Not
2017-01-06@15:00:00,0.023,0.025,-0.002
2017-01-06@14:30:00,0.026,0.026,-0.000
2017-01-06@14:00:00,0.028,0.026,0.002
2017-01-06@13:30:00,0.030,0.025,0.005
2017-01-06@11:30:00,0.030,0.024,0.006
2017-01-06@11:00:00,0.029,0.022,0.007
2017-01-06@10:30:00,0.026,0.021,0.005
2017-01-06@10:00:00,0.018,0.019,-0.001
2017-01-05@15:00:00,0.016,0.020,-0.003
2017-01-05@14:30:00,0.017,0.020,-0.003
2017-01-05@14:00:00,0.019,0.021,-0.002
2017-01-05@13:30:00,0.018,0.022,-0.004
2017-01-05@11:30:00,0.021,0.023,-0.001
2017-01-05@11:00:00,0.023,0.023,0.000
2017-01-05@10:30:00,0.026,0.023,0.003
2017-01-05@10:00:00,0.028,0.022,0.006
2017-01-04@15:00:00,0.032,0.021,0.011
2017-01-04@14:30:00,0.031,0.018,0.013
2017-01-04@14:00:00,0.030,0.014,0.016
2017-01-04@13:30:00,0.027,0.011,0.016
2017-01-04@11:30:00,0.023,0.007,0.016
2017-01-04@11:00:00,0.020,0.002,0.017
2017-01-04@10:30:00,0.016,-0.002,0.017
2017-01-04@10:00:00,0.009,-0.006,0.015
2017-01-03@15:00:00,-0.002,-0.010,0.008
2017-01-03@14:30:00,-0.004,-0.012,0.008
2017-01-03@14:00:00,-0.005,-0.014,0.009
2017-01-03@13:30:00,-0.005,-0.016,0.012
2017-01-03@11:30:00,-0.006,-0.019,0.013
2017-01-03@11:00:00,-0.012,-0.023,0.011
2017-01-03@10:30:00,-0.017,-0.025,0.009
2017-01-03@10:00:00,-0.026,-0.027,0.002
2016-12-30@15:00:00,-0.031,-0.028,-0.003
2016-12-30@14:30:00,-0.032,-0.027,-0.005
2016-12-30@14:00:00,-0.027,-0.026,-0.001
2016-12-30@13:30:00,-0.027,-0.025,-0.002
2016-12-30@11:30:00,-0.027,-0.025,-0.002
2016-12-30@11:00:00,-0.024,-0.024,0.001
2016-12-30@10:30:00,-0.024,-0.025,0.001
2016-12-30@10:00:00,-0.022,-0.025,0.003
2016-12-29@15:00:00,-0.022,-0.025,0.003
2016-12-29@14:30:00,-0.022,-0.026,0.004
2016-12-29@14:00:00,-0.027,-0.027,0.001
2016-12-29@13:30:00,-0.028,-0.028,-0.001
2016-12-29@11:30:00,-0.032,-0.027,-0.004
2016-12-29@11:00:00,-0.039,-0.026,-0.013
2016-12-29@10:30:00,-0.036,-0.023,-0.013
2016-12-29@10:00:00,-0.032,-0.020,-0.012
2016-12-28@15:00:00,-0.031,-0.017,-0.015
2016-12-28@14:30:00,-0.028,-0.013,-0.014
2016-12-28@14:00:00,-0.024,-0.009,-0.015
2016-12-28@13:30:00,-0.020,-0.006,-0.014
2016-12-28@11:30:00,-0.015,-0.002,-0.013
2016-12-28@11:00:00,-0.008,0.001,-0.009
2016-12-28@10:30:00,-0.002,0.004,-0.006
2016-12-28@10:00:00,0.007,0.005,0.002
2016-12-27@15:00:00,0.014,0.005,0.009
2016-12-27@14:30:00,0.016,0.002,0.014
2016-12-27@14:00:00,0.015,-0.001,0.017
2016-12-27@13:30:00,0.015,-0.005,0.021
2016-12-27@11:30:00,0.013,-0.011,0.024
2016-12-27@11:00:00,0.009,-0.017,0.026
2016-12-27@10:30:00,0.003,-0.023,0.026
2016-12-27@10:00:00,-0.008,-0.029,0.022
2016-12-26@15:00:00,-0.027,-0.035,0.008
2016-12-26@14:30:00,-0.044,-0.037,-0.008
2016-12-26@14:00:00,-0.059,-0.035,-0.025
2016-12-26@13:30:00,-0.061,-0.029,-0.033
2016-12-26@11:30:00,-0.058,-0.021,-0.037
2016-12-26@11:00:00,-0.051,-0.011,-0.039
2016-12-26@10:30:00,-0.037,-0.001,-0.036
2016-12-26@10:00:00,-0.021,0.008,-0.029
2016-12-23@15:00:00,-0.002,0.015,-0.017
2016-12-23@14:30:00,0.003,0.019,-0.016
2016-12-23@14:00:00,0.009,0.023,-0.014
2016-12-23@13:30:00,0.016,0.027,-0.011
2016-12-23@11:30:00,0.025,0.029,-0.005
2016-12-23@11:00:00,0.031,0.030,0.001
2016-12-23@10:30:00,0.035,0.030,0.005
2016-12-23@10:00:00,0.038,0.029,0.010
2016-12-22@15:00:00,0.037,0.026,0.011
2016-12-22@14:30:00,0.038,0.024,0.014
2016-12-22@14:00:00,0.035,0.020,0.015
2016-12-22@13:30:00,0.035,0.017,0.018
2016-12-22@11:30:00,0.035,0.012,0.023
2016-12-22@11:00:00,0.033,0.006,0.027
2016-12-22@10:30:00,0.027,-0.001,0.027
2016-12-22@10:00:00,0.016,-0.007,0.024
2016-12-21@15:00:00,0.012,-0.013,0.026
2016-12-21@14:30:00,0.006,-0.020,0.026
2016-12-21@14:00:00,0.003,-0.026,0.029
2016-12-21@13:30:00,-0.005,-0.033,0.028
2016-12-21@11:30:00,-0.019,-0.040,0.022
2016-12-21@11:00:00,-0.034,-0.046,0.011
2016-12-21@10:30:00,-0.040,-0.048,0.009
2016-12-21@10:00:00,-0.047,-0.051,0.004
2016-12-20@15:00:00,-0.056,-0.052,-0.004
2016-12-20@14:30:00,-0.060,-0.051,-0.009
2016-12-20@14:00:00,-0.055,-0.048,-0.006
2016-12-20@13:30:00,-0.053,-0.047,-0.006
2016-12-20@11:30:00,-0.050,-0.045,-0.005
2016-12-20@11:00:00,-0.051,-0.044,-0.007
2016-12-20@10:30:00,-0.044,-0.042,-0.002
2016-12-20@10:00:00,-0.045,-0.042,-0.003
2016-12-19@15:00:00,-0.046,-0.041,-0.005
2016-12-19@14:30:00,-0.043,-0.040,-0.003
2016-12-19@14:00:00,-0.041,-0.039,-0.001
2016-12-19@13:30:00,-0.037,-0.039,0.001
2016-12-19@11:30:00,-0.036,-0.039,0.003
2016-12-19@11:00:00,-0.033,-0.040,0.007
2016-12-19@10:30:00,-0.030,-0.042,0.012
2016-12-19@10:00:00,-0.030,-0.045,0.015
2016-12-16@15:00:00,-0.029,-0.048,0.019
2016-12-16@14:30:00,-0.032,-0.053,0.021
2016-12-16@14:00:00,-0.038,-0.059,0.021
2016-12-16@13:30:00,-0.046,-0.064,0.018
2016-12-16@11:30:00,-0.048,-0.068,0.020
2016-12-16@11:00:00,-0.054,-0.073,0.019
2016-12-16@10:30:00,-0.059,-0.078,0.019
2016-12-16@10:00:00,-0.064,-0.082,0.019
2016-12-15@15:00:00,-0.070,-0.087,0.017
2016-12-15@14:30:00,-0.077,-0.091,0.015
2016-12-15@14:00:00,-0.078,-0.095,0.018
2016-12-15@13:30:00,-0.083,-0.099,0.017
2016-12-15@11:30:00,-0.087,-0.104,0.017
2016-12-15@11:00:00,-0.092,-0.108,0.015
2016-12-15@10:30:00,-0.100,-0.112,0.012
2016-12-15@10:00:00,-0.106,-0.115,0.009
2016-12-14@15:00:00,-0.108,-0.117,0.009
2016-12-14@14:30:00,-0.108,-0.119,0.011
2016-12-14@14:00:00,-0.109,-0.122,0.013
2016-12-14@13:30:00,-0.115,-0.125,0.010
2016-12-14@11:30:00,-0.117,-0.127,0.010
2016-12-14@11:00:00,-0.121,-0.130,0.009
2016-12-14@10:30:00,-0.120,-0.132,0.012
2016-12-14@10:00:00,-0.116,-0.135,0.019
2016-12-13@15:00:00,-0.118,-0.140,0.022
2016-12-13@14:30:00,-0.128,-0.145,0.017
2016-12-13@14:00:00,-0.141,-0.150,0.009
2016-12-13@13:30:00,-0.151,-0.152,0.000
2016-12-13@11:30:00,-0.161,-0.152,-0.009
2016-12-13@11:00:00,-0.168,-0.149,-0.019
2016-12-13@10:30:00,-0.168,-0.145,-0.023
2016-12-13@10:00:00,-0.167,-0.139,-0.028
2016-12-12@15:00:00,-0.166,-0.132,-0.034
2016-12-12@14:30:00,-0.165,-0.124,-0.041
2016-12-12@14:00:00,-0.160,-0.113,-0.047
2016-12-12@13:30:00,-0.149,-0.102,-0.048
2016-12-12@11:30:00,-0.133,-0.090,-0.044
2016-12-12@11:00:00,-0.105,-0.079,-0.027
2016-12-12@10:30:00,-0.088,-0.072,-0.016
2016-12-12@10:00:00,-0.067,-0.068,0.001
2016-12-09@15:00:00,-0.045,-0.068,0.023
2016-12-09@14:30:00,-0.050,-0.074,0.024
2016-12-09@14:00:00,-0.052,-0.080,0.029
2016-12-09@13:30:00,-0.063,-0.088,0.024
2016-12-09@11:30:00,-0.081,-0.094,0.013
2016-12-09@11:00:00,-0.093,-0.097,0.004
2016-12-09@10:30:00,-0.101,-0.098,-0.003
2016-12-09@10:00:00,-0.101,-0.097,-0.004
2016-12-08@15:00:00,-0.101,-0.096,-0.005
2016-12-08@14:30:00,-0.096,-0.095,-0.002
2016-12-08@14:00:00,-0.096,-0.094,-0.001
2016-12-08@13:30:00,-0.095,-0.094,-0.001
2016-12-08@11:30:00,-0.093,-0.094,0.001
2016-12-08@11:00:00,-0.094,-0.094,0.000
2016-12-08@10:30:00,-0.093,-0.094,0.001
2016-12-08@10:00:00,-0.090,-0.094,0.005
2016-12-07@15:00:00,-0.091,-0.096,0.004
2016-12-07@14:30:00,-0.103,-0.097,-0.007
2016-12-07@14:00:00,-0.108,-0.095,-0.013
2016-12-07@13:30:00,-0.112,-0.092,-0.020
2016-12-07@11:30:00,-0.112,-0.087,-0.026
2016-12-07@11:00:00,-0.110,-0.080,-0.029
2016-12-07@10:30:00,-0.104,-0.073,-0.031
2016-12-07@10:00:00,-0.094,-0.065,-0.029
2016-12-06@15:00:00,-0.090,-0.058,-0.032
2016-12-06@14:30:00,-0.087,-0.050,-0.037
2016-12-06@14:00:00,-0.087,-0.040,-0.047
2016-12-06@13:30:00,-0.085,-0.029,-0.057
2016-12-06@11:30:00,-0.079,-0.015,-0.064
2016-12-06@11:00:00,-0.075,0.001,-0.077
2016-12-06@10:30:00,-0.075,0.021,-0.095
2016-12-06@10:00:00,-0.070,0.044,-0.114
2016-12-05@15:00:00,-0.061,0.073,-0.134
2016-12-05@14:30:00,-0.042,0.106,-0.148
2016-12-05@14:00:00,-0.021,0.143,-0.165
2016-12-05@13:30:00,0.017,0.185,-0.167
2016-12-05@11:30:00,0.049,0.226,-0.177
2016-12-05@11:00:00,0.094,0.271,-0.176
2016-12-05@10:30:00,0.142,0.315,-0.172
2016-12-05@10:00:00,0.197,0.358,-0.160
2016-12-02@15:00:00,0.264,0.398,-0.134
2016-12-02@14:30:00,0.296,0.432,-0.136
2016-12-02@14:00:00,0.327,0.465,-0.138
2016-12-02@13:30:00,0.367,0.500,-0.133
2016-12-02@11:30:00,0.406,0.533,-0.127
2016-12-02@11:00:00,0.447,0.565,-0.118
2016-12-02@10:30:00,0.482,0.595,-0.113
2016-12-02@10:00:00,0.526,0.623,-0.097
2016-12-01@15:00:00,0.574,0.647,-0.073
2016-12-01@14:30:00,0.614,0.665,-0.052
2016-12-01@14:00:00,0.657,0.678,-0.021
2016-12-01@13:30:00,0.697,0.683,0.014
2016-12-01@11:30:00,0.741,0.680,0.061
2016-12-01@11:00:00,0.773,0.665,0.108
2016-12-01@10:30:00,0.781,0.638,0.143
2016-12-01@10:00:00,0.795,0.602,0.193
2016-11-30@15:00:00,0.789,0.554,0.235
2016-11-30@14:30:00,0.766,0.495,0.270
2016-11-30@14:00:00,0.735,0.428,0.307
2016-11-30@13:30:00,0.673,0.351,0.322
2016-11-30@11:30:00,0.585,0.271,0.315
2016-11-30@11:00:00,0.492,0.192,0.300
2016-11-30@10:30:00,0.368,0.117,0.251
2016-11-30@10:00:00,0.216,0.054,0.162
2016-10-13@15:00:00,0.018,0.014,0.005
2016-10-13@14:30:00,0.012,0.013,-0.000
2016-10-13@14:00:00,0.011,0.013,-0.002
2016-10-13@13:30:00,0.011,0.013,-0.002
2016-10-13@11:30:00,0.012,0.013,-0.002
2016-10-13@11:00:00,0.012,0.014,-0.002
2016-10-13@10:30:00,0.011,0.014,-0.003
2016-10-13@10:00:00,0.010,0.015,-0.005
2016-10-12@14:30:00,0.009,0.017,-0.008
2016-10-12@14:00:00,0.012,0.018,-0.006
2016-10-12@13:30:00,0.015,0.020,-0.005
2016-10-12@11:30:00,0.017,0.021,-0.005
2016-10-12@11:00:00,0.021,0.022,-0.002
2016-10-12@10:30:00,0.022,0.023,-0.000
2016-10-12@10:00:00,0.023,0.023,0.000
2016-10-11@15:00:00,0.023,0.023,0.000
2016-10-11@14:30:00,0.024,0.023,0.001
2016-10-11@14:00:00,0.025,0.023,0.003
2016-10-11@13:30:00,0.028,0.022,0.006
2016-10-11@11:30:00,0.029,0.020,0.008
2016-10-11@11:00:00,0.028,0.018,0.010
2016-10-11@10:30:00,0.026,0.016,0.010
2016-10-11@10:00:00,0.024,0.013,0.011
2016-10-10@15:00:00,0.022,0.011,0.011
2016-10-10@14:30:00,0.020,0.008,0.012
2016-10-10@14:00:00,0.018,0.005,0.013
2016-10-10@13:30:00,0.015,0.001,0.014
2016-10-10@11:30:00,0.012,-0.002,0.014
2016-10-10@11:00:00,0.005,-0.006,0.011
2016-10-10@10:30:00,-0.000,-0.008,0.008
2016-10-10@10:00:00,-0.004,-0.010,0.006
2016-09-30@14:30:00,-0.010,-0.012,0.002
2016-09-30@14:00:00,-0.010,-0.012,0.002
2016-09-30@13:30:00,-0.010,-0.013,0.003
2016-09-30@11:30:00,-0.010,-0.013,0.003
2016-09-30@11:00:00,-0.011,-0.014,0.003
2016-09-30@10:30:00,-0.011,-0.015,0.004
2016-09-30@10:00:00,-0.012,-0.016,0.004
2016-09-29@15:00:00,-0.013,-0.017,0.004
2016-09-29@14:30:00,-0.012,-0.018,0.006
2016-09-29@14:00:00,-0.013,-0.020,0.007
2016-09-29@13:30:00,-0.013,-0.021,0.009
2016-09-29@11:30:00,-0.014,-0.023,0.009
2016-09-29@11:00:00,-0.017,-0.026,0.009
2016-09-29@10:30:00,-0.021,-0.028,0.007
2016-09-29@10:00:00,-0.025,-0.030,0.004
2016-09-28@15:00:00,-0.028,-0.031,0.003
2016-09-28@14:30:00,-0.029,-0.032,0.003
2016-09-28@14:00:00,-0.030,-0.032,0.002
2016-09-28@13:30:00,-0.032,-0.033,0.001
2016-09-28@11:30:00,-0.033,-0.033,0.001
2016-09-28@11:00:00,-0.033,-0.033,0.000
2016-09-28@10:30:00,-0.034,-0.033,-0.001
2016-09-28@10:00:00,-0.035,-0.033,-0.002
2016-09-27@15:00:00,-0.036,-0.033,-0.003
2016-09-27@14:30:00,-0.038,-0.032,-0.006
2016-09-27@14:00:00,-0.038,-0.030,-0.007
2016-09-27@13:30:00,-0.036,-0.029,-0.008
2016-09-27@11:30:00,-0.034,-0.027,-0.008
2016-09-27@11:00:00,-0.032,-0.025,-0.008
2016-09-27@10:30:00,-0.031,-0.023,-0.008
2016-09-27@10:00:00,-0.029,-0.021,-0.008
2016-09-26@15:00:00,-0.027,-0.019,-0.008
2016-09-26@14:30:00,-0.024,-0.016,-0.008
2016-09-26@14:00:00,-0.022,-0.014,-0.008
2016-09-26@13:30:00,-0.020,-0.013,-0.008
2016-09-26@11:30:00,-0.019,-0.011,-0.008
2016-09-26@11:00:00,-0.016,-0.009,-0.007
2016-09-26@10:30:00,-0.015,-0.007,-0.008
2016-09-26@10:00:00,-0.011,-0.005,-0.006
2016-09-23@15:00:00,-0.007,-0.003,-0.004
2016-09-23@14:30:00,-0.007,-0.002,-0.004
2016-09-23@14:00:00,-0.005,-0.001,-0.004
2016-09-23@13:30:00,-0.004,-0.000,-0.004
2016-09-23@11:30:00,-0.003,0.001,-0.004
2016-09-23@11:00:00,-0.002,0.002,-0.004
2016-09-23@10:30:00,0.000,0.003,-0.003
2016-09-23@10:00:00,0.002,0.004,-0.001
2016-09-22@15:00:00,0.005,0.004,0.001
2016-09-22@14:30:00,0.005,0.004,0.002
2016-09-22@14:00:00,0.007,0.003,0.004
2016-09-22@13:30:00,0.008,0.002,0.005
2016-09-22@11:30:00,0.007,0.001,0.006
2016-09-22@11:00:00,0.007,-0.000,0.007
2016-09-22@10:30:00,0.003,-0.002,0.005
2016-09-22@10:00:00,0.001,-0.004,0.004
2016-09-21@15:00:00,-0.004,-0.005,0.000
2016-09-21@14:30:00,-0.004,-0.005,0.001
2016-09-21@14:00:00,-0.003,-0.005,0.002
2016-09-21@13:30:00,-0.005,-0.005,0.001
2016-09-21@11:30:00,-0.005,-0.006,0.000
2016-09-21@11:00:00,-0.005,-0.006,0.000
2016-09-21@10:30:00,-0.007,-0.006,-0.001
2016-09-21@10:00:00,-0.006,-0.006,-0.001
2016-09-20@15:00:00,-0.008,-0.005,-0.002
2016-09-20@14:30:00,-0.009,-0.005,-0.004
2016-09-20@14:00:00,-0.007,-0.004,-0.003
2016-09-20@13:30:00,-0.005,-0.003,-0.003
2016-09-20@11:30:00,-0.004,-0.002,-0.002
2016-09-20@11:00:00,-0.003,-0.002,-0.002
2016-09-20@10:30:00,-0.002,-0.001,-0.000
2016-09-20@10:00:00,nan,nan,nan
2016-09-19@15:00:00,nan,nan,nan
2016-09-19@14:30:00,nan,nan,nan
2016-09-19@14:00:00,nan,nan,nan
2016-09-19@13:30:00,nan,nan,nan
2016-09-19@11:30:00,nan,nan,nan
2016-09-19@11:00:00,nan,nan,nan
2016-09-19@10:30:00,nan,nan,nan
2016-09-19@10:00:00,nan,nan,nan
2016-09-14@15:00:00,nan,nan,nan
2016-09-14@14:30:00,nan,nan,nan
2016-09-14@14:00:00,nan,nan,nan
2016-09-14@13:30:00,nan,nan,nan
2016-09-14@11:30:00,nan,nan,nan
2016-09-14@11:00:00,nan,nan,nan
2016-09-14@10:30:00,nan,nan,nan
2016-09-14@10:00:00,nan,nan,nan
2016-09-13@15:00:00,nan,nan,nan
2016-09-13@14:30:00,nan,nan,nan
2016-09-13@14:00:00,nan,nan,nan
2016-09-13@13:30:00,nan,nan,nan
2016-09-13@11:30:00,nan,nan,nan
2016-09-13@11:00:00,nan,nan,nan
2016-09-13@10:30:00,nan,nan,nan
2016-09-13@10:00:00,nan,nan,nan
2016-09-12@15:00:00,nan,nan,nan
2016-09-12@14:30:00,nan,nan,nan
2016-09-12@14:00:00,nan,nan,nan
2016-09-12@13:30:00,nan,nan,nan
2016-09-12@11:30:00,nan,nan,nan
2016-09-12@11:00:00,nan,nan,nan
2016-09-12@10:30:00,nan,nan,nan
2016-09-12@10:00:00,nan,nan,nan
