Not
2017-06-30,-0.021,0.029,-0.050
2017-06-23,0.054,0.042,0.012
2017-06-16,0.085,0.039,0.046
2017-06-09,0.078,0.028,0.050
2017-06-02,0.037,0.015,0.022
2017-05-26,0.008,0.010,-0.002
2017-05-19,0.020,0.010,0.010
2017-05-12,0.006,0.008,-0.001
2017-05-05,0.096,0.008,0.087
2017-04-28,0.082,-0.013,0.095
2017-04-21,0.098,-0.037,0.135
2017-04-14,0.106,-0.071,0.177
2017-04-07,-0.002,-0.115,0.114
2017-03-31,-0.129,-0.144,0.015
2017-03-24,-0.160,-0.147,-0.013
2017-03-17,-0.174,-0.144,-0.030
2017-03-10,-0.191,-0.137,-0.054
2017-03-03,-0.194,-0.123,-0.071
2017-02-24,-0.189,-0.105,-0.084
2017-02-17,-0.195,-0.084,-0.110
2017-02-10,-0.168,-0.057,-0.111
2017-02-03,-0.159,-0.029,-0.130
2017-01-26,-0.130,0.003,-0.133
2017-01-20,-0.090,0.037,-0.126
2017-01-13,-0.016,0.068,-0.084
2017-01-06,0.013,0.089,-0.076
2016-12-30,0.062,0.108,-0.046
2016-12-23,0.135,0.120,0.015
2016-12-16,0.203,0.116,0.088
2016-12-09,0.241,0.094,0.147
2016-12-02,0.198,0.057,0.141
2016-11-25,0.160,0.022,0.138
2016-11-18,0.089,-0.013,0.102
2016-11-11,0.060,-0.038,0.099
2016-11-04,-0.004,-0.063,0.059
2016-10-28,-0.037,-0.077,0.040
2016-10-21,-0.057,-0.087,0.030
2016-10-14,-0.062,-0.095,0.033
2016-09-30,-0.066,-0.103,0.037
2016-09-23,-0.064,-0.112,0.049
2016-09-14,-0.071,-0.125,0.054
2016-09-09,-0.072,-0.138,0.066
2016-09-02,-0.103,-0.154,0.052
2016-08-26,-0.124,-0.167,0.043
2016-08-19,-0.148,-0.178,0.030
2016-08-12,-0.189,-0.186,-0.004
2016-08-05,-0.208,-0.185,-0.023
2016-07-29,-0.183,-0.179,-0.004
2016-07-22,-0.162,-0.178,0.016
2016-07-15,-0.213,-0.182,-0.031
2016-07-08,-0.258,-0.174,-0.083
2016-07-01,-0.268,-0.153,-0.115
2016-06-24,-0.237,-0.125,-0.112
2016-06-17,-0.193,-0.097,-0.096
2016-06-08,-0.128,-0.073,-0.056
2016-06-03,-0.126,-0.059,-0.067
2016-05-27,-0.145,-0.042,-0.103
2016-05-20,-0.082,-0.017,-0.065
2016-05-13,0.002,-0.000,0.003
2016-05-06,0.100,-0.001,0.101
2016-04-29,0.139,-0.026,0.165
2016-04-22,0.155,-0.067,0.223
2016-04-15,0.127,-0.123,0.250
2016-04-08,-0.004,-0.186,0.182
2016-04-01,-0.139,-0.231,0.092
2016-03-25,-0.189,-0.254,0.065
2016-03-18,-0.313,-0.270,-0.042
2016-03-11,-0.395,-0.260,-0.136
2016-03-04,-0.357,-0.226,-0.131
2016-02-26,-0.349,-0.193,-0.157
2016-02-19,-0.418,-0.154,-0.264
2016-02-05,-0.386,-0.088,-0.298
2016-01-29,-0.292,-0.013,-0.279
2016-01-22,-0.217,0.057,-0.274
2016-01-15,-0.024,0.125,-0.149
2016-01-08,0.257,0.162,0.095
2015-12-31,0.432,0.139,0.293
2015-12-25,0.466,0.065,0.400
2015-12-18,0.441,-0.035,0.476
2015-12-11,0.284,-0.154,0.437
2015-12-04,0.142,-0.263,0.405
2015-11-27,-0.076,-0.364,0.288
2015-11-20,-0.282,-0.436,0.154
2015-11-13,-0.358,-0.475,0.117
2015-11-06,-0.481,-0.504,0.023
2015-10-30,-0.622,-0.510,-0.113
2015-10-23,-0.753,-0.482,-0.271
2015-10-16,-0.926,-0.414,-0.512
2015-10-09,-0.978,-0.286,-0.692
2015-09-30,-0.923,-0.113,-0.810
2015-09-25,-0.771,0.090,-0.861
2015-09-18,-0.566,0.305,-0.871
2015-09-11,-0.293,0.523,-0.816
2015-09-02,-0.072,0.727,-0.798
2015-08-28,0.256,0.927,-0.670
2015-08-21,0.587,1.094,-0.507
2015-08-14,0.800,1.221,-0.421
2015-08-07,0.802,1.326,-0.524
2015-07-31,0.907,1.457,-0.550
2015-07-24,1.069,1.595,-0.525
2015-07-17,1.033,1.726,-0.693
2015-07-08,1.232,1.899,-0.667
2015-07-03,1.911,2.066,-0.155
2015-06-26,2.470,2.105,0.365
2015-06-19,2.703,2.013,0.689
2015-06-12,2.752,1.841,0.911
2015-06-05,2.427,1.613,0.814
2015-05-29,1.950,1.410,0.540
2015-05-22,1.823,1.275,0.548
2015-05-15,1.462,1.138,0.324
2015-05-08,1.405,1.057,0.348
2015-04-27,1.413,0.970,0.443
2015-04-24,1.325,0.859,0.466
2015-04-17,1.182,0.742,0.440
2015-04-10,1.097,0.632,0.465
2015-04-03,0.875,0.516,0.359
2015-03-27,0.713,0.426,0.286
2015-03-20,0.542,0.355,0.187
2015-03-13,0.373,0.308,0.065
2015-03-06,0.309,0.292,0.018
2015-02-27,0.283,0.287,-0.005
2015-02-17,0.265,0.288,-0.023
2015-02-13,0.259,0.294,-0.035
2015-02-06,0.274,0.303,-0.029
2015-01-30,0.316,0.311,0.006
2015-01-23,0.328,0.309,0.019
2015-01-16,0.360,0.304,0.056
2015-01-09,0.371,0.290,0.081
2014-12-31,0.385,0.270,0.114
2014-12-26,0.400,0.242,0.158
2014-12-19,0.369,0.202,0.167
2014-12-12,0.309,0.160,0.148
2014-12-05,0.241,0.123,0.118
2014-11-28,0.206,0.094,0.112
2014-11-21,0.162,0.066,0.096
2014-11-14,0.152,0.042,0.110
2014-11-07,0.136,0.014,0.121
2014-10-31,0.120,-0.016,0.136
2014-10-24,0.101,-0.050,0.150
2014-10-17,0.111,-0.087,0.198
2014-10-10,0.089,-0.137,0.226
2014-09-30,0.039,-0.194,0.232
2014-09-26,-0.025,-0.252,0.227
2014-09-19,-0.106,-0.308,0.203
2014-09-12,-0.160,-0.359,0.199
2014-09-05,-0.216,-0.409,0.193
2014-08-29,-0.268,-0.457,0.189
2014-08-22,-0.296,-0.504,0.208
2014-08-15,-0.360,-0.556,0.196
2014-08-08,-0.409,-0.605,0.196
2014-08-01,-0.465,-0.654,0.189
2014-07-25,-0.526,-0.701,0.176
2014-07-18,-0.587,-0.745,0.159
2014-07-11,-0.639,-0.785,0.147
2014-07-04,-0.683,-0.822,0.139
2014-06-27,-0.726,-0.856,0.130
2014-06-20,-0.765,-0.889,0.123
2014-06-13,-0.780,-0.920,0.140
2014-06-06,-0.820,-0.955,0.135
2014-05-30,-0.861,-0.989,0.128
2014-05-23,-0.899,-1.020,0.121
2014-05-16,-0.926,-1.051,0.124
2014-05-09,-0.951,-1.082,0.131
2014-04-30,-0.959,-1.115,0.155
2014-04-25,-0.962,-1.153,0.192
2014-04-18,-0.976,-1.201,0.225
2014-04-11,-1.025,-1.258,0.233
2014-04-04,-1.090,-1.316,0.226
2014-03-28,-1.144,-1.372,0.228
2014-03-21,-1.190,-1.429,0.240
2014-03-14,-1.254,-1.489,0.235
2014-03-07,-1.276,-1.548,0.272
2014-02-28,-1.341,-1.616,0.275
2014-02-21,-1.403,-1.684,0.282
2014-02-14,-1.510,-1.755,0.245
2014-02-07,-1.607,-1.816,0.209
2014-01-30,-1.675,-1.868,0.194
2014-01-24,-1.727,-1.917,0.189
2014-01-17,-1.787,-1.964,0.177
2014-01-10,-1.817,-2.008,0.192
2013-12-27,-1.783,-2.056,0.273
2013-12-20,-1.829,-2.124,0.296
2013-12-13,-1.885,-2.198,0.313
2013-12-06,-1.962,-2.276,0.315
2013-11-20,-2.078,-2.355,0.278
2013-11-15,-2.197,-2.425,0.227
2013-11-08,-2.297,-2.481,0.184
2013-11-01,-2.361,-2.527,0.166
2013-10-25,-2.412,-2.569,0.157
2013-10-18,-2.502,-2.608,0.106
2013-10-11,-2.610,-2.634,0.025
2013-09-30,-2.751,-2.641,-0.110
2013-09-27,-2.791,-2.613,-0.178
2013-09-18,-2.784,-2.568,-0.215
2013-09-13,-2.853,-2.515,-0.338
2013-09-06,-2.897,-2.430,-0.467
2013-08-30,-2.898,-2.314,-0.585
2013-08-23,-2.857,-2.167,-0.690
2013-08-16,-2.833,-1.995,-0.838
2013-08-09,-2.754,-1.785,-0.969
2013-08-02,-2.621,-1.543,-1.078
2013-07-26,-2.460,-1.274,-1.186
2013-07-19,-2.143,-0.977,-1.166
2013-06-19,-1.811,-0.686,-1.126
2013-06-14,-1.593,-0.404,-1.189
2013-06-07,-1.309,-0.107,-1.202
2013-05-31,-0.910,0.193,-1.103
2013-05-24,-0.524,0.469,-0.994
2013-05-17,0.075,0.718,-0.643
2013-05-10,0.900,0.878,0.022
2013-05-03,0.767,0.873,-0.106
2013-04-26,0.695,0.900,-0.205
2013-04-19,0.719,0.951,-0.231
2013-04-12,0.657,1.009,-0.351
2013-04-03,0.696,1.096,-0.400
2013-03-29,0.890,1.197,-0.307
2013-03-22,1.030,1.273,-0.243
2013-03-15,1.254,1.334,-0.081
2013-03-08,1.515,1.354,0.161
2013-03-01,1.696,1.314,0.382
2013-02-22,1.655,1.219,0.436
2013-02-08,1.667,1.110,0.557
2013-02-01,1.562,0.970,0.592
2013-01-25,1.419,0.822,0.597
2013-01-18,1.303,0.673,0.630
2013-01-11,0.977,0.516,0.461
2012-12-28,0.760,0.401,0.359
2012-12-21,0.563,0.311,0.252
2012-12-14,0.450,0.248,0.202
2012-12-07,0.308,0.197,0.111
2012-11-30,0.224,0.169,0.055
2012-11-23,0.247,0.156,0.091
2012-11-16,0.210,0.133,0.077
2012-11-09,0.129,0.114,0.015
2012-11-02,0.051,0.110,-0.059
2012-10-26,-0.015,0.125,-0.139
2012-10-19,0.077,0.160,-0.082
2012-10-12,0.077,0.180,-0.103
2012-09-28,0.098,0.206,-0.108
2012-09-21,0.146,0.233,-0.087
2012-09-14,0.260,0.255,0.005
2012-09-07,0.333,0.254,0.079
2012-08-31,0.283,0.234,0.050
2012-08-24,0.398,0.221,0.177
2012-08-17,0.469,0.177,0.292
2012-08-10,0.483,0.104,0.378
2012-08-03,0.364,0.010,0.354
2012-07-27,0.396,-0.079,0.475
2012-07-20,0.413,-0.198,0.611
2012-07-13,0.276,-0.350,0.627
2012-07-06,0.110,-0.507,0.617
2012-06-29,-0.067,-0.661,0.594
2012-06-21,-0.175,-0.810,0.635
2012-06-15,-0.300,-0.969,0.669
2012-06-08,-0.517,-1.136,0.619
2012-06-01,-0.576,-1.291,0.715
2012-05-25,-0.761,-1.469,0.709
2012-05-18,-0.842,-1.647,0.805
2012-05-11,-0.999,-1.848,0.849
2012-05-04,-1.233,-2.060,0.827
2012-04-27,-1.491,-2.267,0.775
2012-04-20,-1.761,-2.461,0.699
2012-04-13,nan,nan,nan
2012-04-06,nan,nan,nan
2012-03-30,nan,nan,nan
2012-03-23,nan,nan,nan
2012-03-16,nan,nan,nan
2012-03-09,nan,nan,nan
2012-03-02,nan,nan,nan
2012-02-24,nan,nan,nan
2012-02-17,nan,nan,nan
2012-02-10,nan,nan,nan
2012-02-03,nan,nan,nan
2012-01-20,nan,nan,nan
2012-01-13,nan,nan,nan
2012-01-06,nan,nan,nan
2011-12-30,nan,nan,nan
2011-12-23,nan,nan,nan
2011-12-16,nan,nan,nan
2011-12-09,nan,nan,nan
2011-12-02,nan,nan,nan
2011-11-25,nan,nan,nan
2011-11-18,nan,nan,nan
2011-11-11,nan,nan,nan
2011-11-04,nan,nan,nan
2011-10-28,nan,nan,nan
2011-10-21,nan,nan,nan
2011-10-14,nan,nan,nan
2011-09-30,nan,nan,nan
2011-09-23,nan,nan,nan
2011-09-16,nan,nan,nan
2011-09-09,nan,nan,nan
2011-09-02,nan,nan,nan
2011-08-26,nan,nan,nan
2011-08-19,nan,nan,nan
