2017-06-30,10.550,10.840,11.110,11.047,11.158
2017-06-29,10.674,10.947,11.167,11.067,11.169
2017-06-28,10.720,11.021,11.186,11.074,11.178
2017-06-27,10.884,11.089,11.217,11.066,11.183
2017-06-26,11.022,11.164,11.232,11.051,11.185
2017-06-23,11.130,11.192,11.235,11.029,11.184
2017-06-22,11.220,11.267,11.230,11.012,11.181
2017-06-21,11.322,11.367,11.210,11.022,11.179
2017-06-20,11.294,11.390,11.168,11.012,11.170
2017-06-19,11.306,11.379,11.164,11.015,11.162
2017-06-16,11.254,11.381,11.150,11.009,11.153
2017-06-15,11.314,11.388,11.126,11.002,11.143
2017-06-14,11.412,11.352,11.101,10.998,11.133
2017-06-13,11.486,11.345,11.054,10.993,11.123
2017-06-12,11.452,11.301,10.994,10.972,11.111
2017-06-09,11.508,11.279,10.948,10.952,11.103
2017-06-08,11.462,11.193,10.884,10.912,11.085
2017-06-07,11.292,11.054,10.849,10.867,11.065
2017-06-06,11.204,10.947,10.822,10.853,11.049
2017-06-05,11.150,10.949,10.833,10.861,11.040
2017-06-02,11.050,10.919,10.823,10.879,11.026
2017-06-01,10.924,10.865,10.808,10.892,11.011
2017-05-31,10.816,10.850,10.821,10.927,11.004
2017-05-26,10.690,10.764,10.817,10.966,10.994
2017-05-25,10.748,10.688,10.808,11.027,10.987
2017-05-24,10.788,10.617,10.788,11.048,10.979
2017-05-23,10.806,10.576,10.772,11.106,10.976
2017-05-22,10.884,10.645,10.774,11.175,10.980
2017-05-19,10.838,10.698,10.806,11.232,10.980
2017-05-18,10.628,10.717,10.817,11.241,10.969
2017-05-17,10.446,10.728,10.859,11.270,10.958
2017-05-16,10.346,10.752,10.905,11.272,10.949
2017-05-15,10.406,10.792,10.966,11.281,10.942
2017-05-12,10.558,10.870,11.067,11.299,10.941
2017-05-11,10.806,10.928,11.197,11.320,10.946
2017-05-10,11.010,10.960,11.263,11.339,10.951
2017-05-09,11.158,10.968,11.371,11.350,10.955
2017-05-08,11.178,10.903,11.440,11.336,10.947
2017-05-05,11.182,10.915,11.498,11.328,10.938
2017-05-04,11.050,10.917,11.503,11.309,10.922
2017-05-03,10.910,10.990,11.540,11.297,10.908
2017-05-02,10.778,11.059,11.532,11.284,10.898
2017-04-28,10.628,11.140,11.525,11.268,10.886
2017-04-27,10.648,11.265,11.513,11.253,10.875
2017-04-26,10.784,11.466,11.515,11.250,10.869
2017-04-25,11.070,11.566,11.528,11.253,10.865
2017-04-24,11.340,11.775,11.541,11.257,10.862
2017-04-21,11.652,11.977,11.552,11.263,10.857
2017-04-20,11.882,12.082,11.534,11.245,10.840
2017-04-19,12.148,12.090,11.505,11.219,10.824
2017-04-18,12.062,12.091,11.450,11.173,10.800
2017-04-17,12.210,12.005,11.396,11.130,10.785
2017-04-14,12.302,11.911,11.332,11.081,10.768
2017-04-13,12.282,11.762,11.247,11.022,10.743
2017-04-12,12.032,11.565,11.142,10.946,10.711
2017-04-11,12.120,11.490,11.097,10.909,10.698
2017-04-10,11.800,11.307,10.998,10.846,10.668
2017-04-07,11.520,11.128,10.906,10.785,10.642
2017-04-06,11.242,10.987,10.826,10.729,10.620
2017-04-05,11.098,10.921,10.783,10.698,10.607
2017-03-31,10.860,10.810,10.713,10.646,10.585
2017-03-30,10.814,10.788,10.692,10.626,10.581
2017-03-29,10.736,10.753,10.666,10.602,10.580
2017-03-28,10.732,10.732,10.651,10.583,10.584
2017-03-27,10.744,10.719,10.636,10.572,10.587
2017-03-24,10.760,10.704,10.619,10.564,10.588
2017-03-23,10.762,10.690,10.616,10.561,10.593
2017-03-22,10.770,10.685,10.613,10.558,10.601
2017-03-21,10.732,10.666,10.599,10.548,10.604
2017-03-20,10.694,10.646,10.586,10.535,10.609
2017-03-17,10.648,10.617,10.564,10.519,10.616
2017-03-16,10.618,10.596,10.545,10.511,10.627
2017-03-15,10.600,10.579,10.527,10.504,10.639
2017-03-14,10.600,10.571,10.508,10.497,10.650
2017-03-13,10.598,10.553,10.498,10.488,10.667
2017-03-10,10.586,10.534,10.494,10.477,10.692
2017-03-09,10.574,10.542,10.496,10.466,10.715
2017-03-08,10.558,10.542,10.494,10.451,10.741
2017-03-07,10.542,10.533,10.488,10.435,10.762
2017-03-06,10.508,10.526,10.479,10.429,10.782
2017-03-03,10.482,10.511,10.470,10.428,10.805
2017-03-02,10.510,10.495,10.468,10.441,10.833
2017-03-01,10.526,10.475,10.466,10.454,10.858
2017-02-28,10.524,10.446,10.460,10.465,10.882
2017-02-27,10.544,10.443,10.455,10.476,10.911
2017-02-24,10.540,10.454,10.448,10.486,10.939
2017-02-23,10.480,10.451,10.428,10.490,10.958
2017-02-22,10.424,10.446,10.406,10.499,10.976
2017-02-21,10.368,10.444,10.386,10.510,10.997
2017-02-20,10.342,10.432,10.380,10.517,11.017
2017-02-17,10.368,10.430,10.386,10.523,11.036
2017-02-16,10.422,10.442,10.413,10.535,11.055
2017-02-15,10.468,10.458,10.444,10.558,11.075
2017-02-14,10.520,10.474,10.474,10.585,11.096
2017-02-13,10.522,10.468,10.493,10.602,11.115
2017-02-10,10.492,10.443,10.502,10.611,11.136
2017-02-09,10.462,10.406,10.509,10.625,11.151
2017-02-08,10.448,10.366,10.526,10.644,11.167
2017-02-07,10.428,10.329,10.544,10.661,11.184
2017-02-06,10.414,10.329,10.560,10.682,11.200
2017-02-03,10.394,10.343,10.570,10.712,11.215
2017-01-26,10.350,10.385,10.582,10.743,11.231
2017-01-25,10.284,10.430,10.609,10.775,11.244
2017-01-24,10.230,10.474,10.641,10.803,11.260
2017-01-23,10.244,10.518,10.669,10.846,11.274
2017-01-20,10.292,10.561,10.695,10.908,11.287
2017-01-19,10.420,10.613,10.735,10.963,11.303
2017-01-18,10.576,10.686,10.783,11.031,11.323
2017-01-17,10.718,10.758,10.827,11.088,11.340
2017-01-16,10.792,10.790,10.859,11.135,11.353
2017-01-13,10.830,10.797,10.896,11.182,11.359
2017-01-12,10.806,10.778,10.923,11.226,11.360
2017-01-11,10.796,10.787,10.947,11.262,11.359
2017-01-10,10.798,10.807,10.968,11.300,11.361
2017-01-09,10.788,10.820,11.010,11.346,11.361
2017-01-06,10.764,10.829,11.081,11.393,11.364
2017-01-05,10.750,10.856,11.139,11.425,11.370
2017-01-04,10.778,10.880,11.203,11.453,11.375
2017-01-03,10.816,10.895,11.254,11.484,11.378
2016-12-30,10.852,10.928,11.308,11.518,11.384
2016-12-29,10.894,10.995,11.375,11.548,11.388
2016-12-28,10.962,11.067,11.450,11.575,11.390
2016-12-27,10.982,11.107,11.500,11.591,11.387
2016-12-26,10.974,11.128,11.546,11.607,11.382
2016-12-23,11.004,11.200,11.609,11.628,11.379
2016-12-22,11.096,11.333,11.675,11.661,11.381
2016-12-21,11.172,11.421,11.710,11.676,11.380
2016-12-20,11.232,11.526,11.740,11.690,11.379
2016-12-19,11.282,11.612,11.779,11.707,11.379
2016-12-16,11.396,11.687,11.813,11.717,11.377
2016-12-15,11.570,11.754,11.825,11.718,11.370
2016-12-14,11.670,11.832,11.829,11.718,11.362
2016-12-13,11.820,11.893,11.833,11.713,11.351
2016-12-12,11.942,11.964,11.847,11.717,11.351
2016-12-09,11.978,12.017,11.843,11.702,11.343
2016-12-08,11.938,12.016,11.825,11.667,11.328
2016-12-07,11.994,11.998,11.804,11.643,11.319
2016-12-06,11.966,11.953,11.772,11.614,11.303
2016-12-05,11.986,11.946,11.755,11.592,11.290
2016-12-02,12.056,11.938,11.732,11.571,11.276
2016-12-01,12.094,11.896,11.700,11.536,11.261
2016-11-30,12.002,11.825,11.662,11.493,11.242
2016-11-29,11.940,11.772,11.623,11.455,11.226
2016-11-28,11.906,11.729,11.594,11.422,11.211
2016-11-25,11.820,11.668,11.544,11.377,11.190
2016-11-24,11.698,11.633,11.492,11.335,11.171
2016-11-23,11.648,11.610,11.466,11.315,11.158
2016-11-22,11.604,11.590,11.445,11.296,11.145
2016-11-21,11.552,11.563,11.416,11.272,11.135
2016-11-18,11.516,11.525,11.387,11.251,11.124
2016-11-17,11.568,11.503,11.356,11.227,11.117
2016-11-16,11.572,11.498,11.328,11.205,11.112
2016-11-15,11.576,11.473,11.297,11.183,11.107
2016-11-14,11.574,11.458,11.269,11.158,11.096
2016-11-11,11.534,11.420,11.231,11.130,11.081
2016-11-10,11.438,11.351,11.186,11.101,11.062
2016-11-09,11.424,11.322,11.167,11.084,11.048
2016-11-08,11.370,11.300,11.149,11.067,11.031
2016-11-07,11.342,11.268,11.127,11.050,11.013
2016-11-04,11.306,11.249,11.114,11.036,10.997
2016-11-03,11.264,11.208,11.089,11.022,10.982
2016-11-02,11.220,11.157,11.059,11.005,10.964
2016-11-01,11.230,11.121,11.038,10.990,10.949
2016-10-31,11.194,11.079,11.008,10.985,10.935
2016-10-28,11.192,11.042,10.985,10.984,10.924
2016-10-27,11.152,11.021,10.976,10.989,10.914
2016-10-26,11.094,11.012,10.965,10.995,10.919
2016-10-25,11.012,10.999,10.951,10.992,10.918
2016-10-24,10.964,10.986,10.942,10.987,10.921
2016-10-21,10.892,10.978,10.930,10.982,10.920
2016-10-20,10.890,10.970,10.929,10.986,10.925
2016-10-19,10.930,10.960,10.930,10.990,10.928
2016-10-18,10.986,10.955,10.925,10.996,10.930
2016-10-17,11.008,10.936,10.938,10.999,10.934
2016-10-14,11.064,10.927,10.955,11.004,10.936
2016-10-13,11.050,10.931,10.973,11.006,10.938
2016-10-12,10.990,10.918,10.987,11.002,10.935
2016-10-11,10.924,10.903,10.988,10.994,10.928
2016-10-10,10.864,10.897,10.988,10.998,10.922
2016-09-30,10.790,10.882,10.985,10.998,10.918
2016-09-29,10.812,10.887,10.994,11.007,10.914
2016-09-28,10.846,10.899,11.005,11.019,10.910
2016-09-27,10.882,10.894,11.017,11.030,10.906
2016-09-26,10.930,10.939,11.031,11.034,10.898
2016-09-23,10.974,10.983,11.043,11.033,10.891
2016-09-22,10.962,11.014,11.044,11.023,10.879
2016-09-21,10.952,11.055,11.045,11.011,10.869
2016-09-20,10.906,11.073,11.040,10.995,10.860
2016-09-19,10.948,11.078,11.048,10.975,10.849
2016-09-14,10.992,11.087,11.057,10.959,10.843
2016-09-13,11.066,11.100,11.067,10.942,10.837
2016-09-12,11.158,11.111,11.079,10.923,10.830
2016-09-09,11.240,11.140,11.098,10.909,10.828
2016-09-08,11.208,11.123,11.081,10.886,10.813
2016-09-07,11.182,11.103,11.059,10.864,10.799
2016-09-06,11.134,11.074,11.027,10.840,10.788
2016-09-05,11.064,11.034,10.990,10.843,10.771
2016-09-02,11.040,11.007,10.957,10.845,10.761
2016-09-01,11.038,11.018,10.924,10.855,10.762
2016-08-31,11.024,11.026,10.895,10.858,10.763
2016-08-30,11.014,11.033,10.863,10.865,10.767
2016-08-29,11.004,11.046,10.830,10.866,10.771
2016-08-26,10.974,11.057,10.793,10.864,10.773
2016-08-25,10.998,11.039,10.768,10.868,10.773
2016-08-24,11.028,11.014,10.745,10.867,10.774
2016-08-23,11.052,10.981,10.724,10.869,10.765
2016-08-22,11.088,10.945,10.748,10.868,10.756
2016-08-19,11.140,10.906,10.765,10.861,10.749
2016-08-18,11.080,10.830,10.773,10.847,10.736
2016-08-17,11.000,10.763,10.774,10.837,10.726
2016-08-16,10.910,10.692,10.781,10.821,10.717
2016-08-15,10.802,10.613,10.776,10.801,10.705
2016-08-12,10.672,10.529,10.768,10.781,10.689
2016-08-11,10.580,10.497,10.783,10.763,10.680
2016-08-10,10.526,10.476,10.794,10.749,10.678
2016-08-09,10.474,10.466,10.813,10.736,10.678
2016-08-08,10.424,10.551,10.829,10.727,10.676
2016-08-05,10.386,10.623,10.839,10.725,10.676
2016-08-04,10.414,10.716,10.856,10.723,10.679
2016-08-03,10.426,10.784,10.874,10.727,10.684
2016-08-02,10.458,10.869,10.885,10.733,10.691
2016-08-01,10.678,10.938,10.895,10.737,10.707
2016-07-29,10.860,11.007,10.907,10.748,10.737
2016-07-28,11.018,11.069,10.897,10.739,10.762
2016-07-27,11.142,11.112,10.885,10.734,10.789
2016-07-26,11.280,11.160,10.871,10.736,10.808
2016-07-25,11.198,11.107,10.815,10.700,10.814
2016-07-22,11.154,11.054,10.777,10.677,10.828
2016-07-21,11.120,10.995,10.727,10.668,10.843
2016-07-20,11.082,10.964,10.699,10.668,10.855
2016-07-19,11.040,10.901,10.666,10.668,10.870
2016-07-18,11.016,10.851,10.637,10.676,10.882
2016-07-15,10.954,10.807,10.619,10.682,10.900
2016-07-14,10.870,10.724,10.575,10.677,10.926
2016-07-13,10.846,10.658,10.545,10.680,10.958
2016-07-12,10.762,10.582,10.524,10.660,10.991
2016-07-11,10.686,10.523,10.496,10.644,11.031
2016-07-08,10.660,10.499,10.488,10.636,11.075
2016-07-07,10.578,10.458,10.505,10.625,11.119
2016-07-06,10.470,10.433,10.520,10.615,11.158
2016-07-05,10.402,10.430,10.552,10.613,11.193
2016-07-04,10.360,10.423,10.589,10.609,11.226
2016-07-01,10.338,10.430,10.619,10.596,11.255
2016-06-30,10.338,10.425,10.654,10.597,11.277
2016-06-29,10.396,10.432,10.691,10.608,11.299
2016-06-28,10.458,10.465,10.700,10.619,11.325
2016-06-27,10.486,10.469,10.705,10.625,11.352
2016-06-24,10.522,10.477,10.705,10.626,11.373
2016-06-23,10.512,10.552,10.709,10.635,11.397
2016-06-22,10.468,10.606,10.706,10.641,11.423
2016-06-21,10.472,10.674,10.705,10.648,11.441
2016-06-20,10.452,10.754,10.702,10.676,11.462
2016-06-17,10.432,10.808,10.680,10.725,11.478
2016-06-16,10.592,10.883,10.683,10.785,11.500
2016-06-15,10.744,10.949,10.696,10.845,11.519
2016-06-14,10.876,10.934,10.696,10.880,11.530
2016-06-13,11.056,10.941,10.703,10.927,11.535
2016-06-08,11.184,10.932,10.701,10.979,11.529
2016-06-07,11.174,10.865,10.676,11.017,11.517
2016-06-06,11.154,10.806,10.658,11.043,11.501
2016-06-03,10.992,10.736,10.635,11.071,11.483
2016-06-02,10.826,10.650,10.638,11.088,11.471
2016-06-01,10.680,10.551,10.684,11.118,11.467
2016-05-31,10.556,10.483,10.737,11.174,11.466
2016-05-30,10.458,10.443,10.793,11.236,11.459
2016-05-27,10.480,10.458,10.854,11.322,11.470
2016-05-26,10.474,10.465,10.921,11.417,11.482
2016-05-25,10.422,10.469,11.003,11.514,11.486
2016-05-24,10.410,10.487,11.093,11.612,11.484
2016-05-23,10.428,10.510,11.161,11.701,11.499
2016-05-20,10.436,10.533,11.239,11.773,11.517
2016-05-19,10.456,10.625,11.307,11.843,11.548
2016-05-18,10.516,10.816,11.402,11.913,11.586
2016-05-17,10.564,10.990,11.520,11.957,11.602
2016-05-16,10.592,11.142,11.633,11.989,11.596
2016-05-13,10.630,11.249,11.755,12.031,11.592
2016-05-12,10.794,11.376,11.894,12.078,11.590
2016-05-11,11.116,11.536,12.036,12.120,11.585
2016-05-10,11.416,11.698,12.175,12.159,11.571
2016-05-09,11.692,11.812,12.297,12.206,11.556
2016-05-06,11.868,11.945,12.393,12.235,11.545
2016-05-05,11.958,11.988,12.453,12.247,11.516
2016-05-04,11.956,11.987,12.462,12.232,11.480
2016-05-03,11.980,12.050,12.441,12.215,11.442
2016-04-29,11.932,12.123,12.413,12.193,11.411
2016-04-28,12.022,12.260,12.422,12.179,11.383
2016-04-27,12.018,12.411,12.430,12.143,11.343
2016-04-26,12.018,12.536,12.412,12.078,11.302
2016-04-25,12.120,12.652,12.389,12.017,11.266
2016-04-22,12.314,12.781,12.403,11.958,11.224
2016-04-21,12.498,12.841,12.381,11.894,11.167
2016-04-20,12.804,12.917,12.377,11.853,11.125
2016-04-19,13.054,12.936,12.354,11.816,11.083
2016-04-18,13.184,12.832,12.297,11.758,11.024
2016-04-15,13.248,12.702,12.228,11.682,10.960
2016-04-14,13.184,12.584,12.138,11.617,10.907
2016-04-13,13.030,12.448,12.009,11.547,10.837
2016-04-12,12.818,12.287,11.849,11.458,10.776
2016-04-11,12.480,12.126,11.700,11.356,10.716
2016-04-08,12.156,12.024,11.547,11.296,10.676
2016-04-07,11.984,11.920,11.420,11.261,10.637
2016-04-06,11.866,11.836,11.322,11.253,10.620
2016-04-05,11.756,11.772,11.256,11.258,10.599
2016-04-01,11.772,11.762,11.222,11.246,10.594
2016-03-31,11.892,11.753,11.172,11.204,10.611
2016-03-30,11.856,11.692,11.134,11.153,10.632
2016-03-29,11.806,11.570,11.096,11.101,10.653
2016-03-28,11.788,11.411,11.043,11.051,10.675
2016-03-25,11.752,11.274,10.971,10.984,10.699
2016-03-24,11.614,11.070,10.932,10.906,10.716
2016-03-23,11.528,10.920,10.932,10.855,10.751
2016-03-22,11.334,10.807,10.961,10.786,10.796
2016-03-21,11.034,10.739,11.002,10.729,10.842
2016-03-18,10.796,10.681,10.989,10.669,10.888
2016-03-17,10.526,10.591,10.929,10.630,10.927
2016-03-16,10.312,10.575,10.884,10.588,10.966
2016-03-15,10.280,10.622,10.866,10.542,11.017
2016-03-14,10.444,10.675,10.871,10.527,11.078
2016-03-11,10.566,10.667,10.839,10.514,11.134
2016-03-10,10.656,10.794,10.824,10.489,11.193
2016-03-09,10.838,10.943,10.822,10.440,11.254
2016-03-08,10.964,11.115,10.775,10.396,11.310
2016-03-07,10.906,11.264,10.724,10.350,11.368
2016-03-04,10.768,11.296,10.664,10.289,11.419
2016-03-03,10.932,11.267,10.650,10.238,11.476
2016-03-02,11.048,11.192,10.595,10.198,11.524
2016-03-01,11.266,11.110,10.503,10.127,11.574
2016-02-29,11.622,11.066,10.453,10.094,11.632
2016-02-26,11.824,11.011,10.438,10.076,11.683
2016-02-25,11.602,10.853,10.337,10.056,11.721
2016-02-24,11.336,10.701,10.189,10.013,11.743
2016-02-23,10.954,10.435,10.037,9.988,11.745
2016-02-22,10.510,10.184,9.893,9.940,11.736
2016-02-19,10.198,10.031,9.786,9.942,11.740
2016-02-18,10.104,10.032,9.724,10.019,11.765
2016-02-17,10.066,9.998,9.701,10.111,11.783
2016-02-16,9.916,9.895,9.636,10.205,11.809
2016-02-15,9.858,9.839,9.609,10.299,11.846
2016-02-05,9.864,9.864,9.609,10.414,11.882
2016-02-04,9.960,9.820,9.658,10.527,11.915
2016-02-03,9.930,9.677,9.670,10.648,11.935
2016-02-02,9.874,9.639,9.765,10.807,11.960
2016-02-01,9.820,9.601,9.818,10.955,11.989
2016-01-29,9.864,9.541,9.898,11.108,12.023
2016-01-28,9.680,9.415,10.013,11.224,12.042
2016-01-27,9.424,9.403,10.168,11.343,12.067
2016-01-26,9.404,9.376,10.360,11.492,12.089
2016-01-25,9.382,9.378,10.529,11.629,12.110
2016-01-22,9.218,9.353,10.689,11.754,12.133
2016-01-21,9.150,9.496,10.880,11.896,12.170
2016-01-20,9.382,9.662,11.134,12.068,12.215
2016-01-19,9.348,9.890,11.391,12.224,12.261
2016-01-18,9.374,10.034,11.632,12.386,12.307
2016-01-15,9.488,10.254,11.891,12.550,12.347
2016-01-14,9.842,10.611,12.129,12.714,12.372
2016-01-13,9.942,10.932,12.314,12.851,12.367
2016-01-12,10.432,11.344,12.550,13.020,12.388
2016-01-11,10.694,11.679,12.755,13.169,12.392
2016-01-08,11.020,12.024,12.955,13.290,12.398
2016-01-07,11.380,12.264,13.097,13.385,12.387
2016-01-06,11.922,12.605,13.271,13.472,12.375
2016-01-05,12.256,12.892,13.391,13.502,12.342
2016-01-04,12.664,13.229,13.561,13.532,12.318
2015-12-31,13.028,13.528,13.697,13.539,12.278
2015-12-30,13.148,13.646,13.765,13.510,12.215
2015-12-29,13.288,13.695,13.811,13.454,12.135
2015-12-28,13.528,13.756,13.858,13.414,12.053
2015-12-25,13.794,13.830,13.914,13.394,11.981
2015-12-24,14.028,13.885,13.923,13.351,11.900
2015-12-23,14.144,13.929,13.946,13.304,11.824
2015-12-22,14.102,13.937,13.905,13.223,11.734
2015-12-21,13.984,13.890,13.806,13.113,11.641
2015-12-18,13.866,13.894,13.683,13.024,11.546
2015-12-17,13.742,13.867,13.544,12.939,11.445
2015-12-16,13.714,13.885,13.442,12.860,11.351
2015-12-15,13.772,13.927,13.334,12.792,11.267
2015-12-14,13.796,13.961,13.243,12.686,11.166
2015-12-11,13.922,13.998,13.175,12.591,11.080
2015-12-10,13.992,13.962,13.084,12.513,11.011
2015-12-09,14.056,13.963,12.992,12.443,10.944
2015-12-08,14.082,13.874,12.866,12.362,10.875
2015-12-07,14.126,13.723,12.724,12.297,10.803
2015-12-04,14.074,13.472,12.589,12.229,10.716
2015-12-03,13.932,13.222,12.475,12.145,10.634
2015-12-02,13.870,12.999,12.348,12.031,10.549
2015-12-01,13.666,12.741,12.224,11.883,10.480
2015-11-30,13.320,12.525,12.049,11.756,10.411
2015-11-27,12.870,12.353,11.887,11.616,10.326
2015-11-26,12.512,12.205,11.789,11.505,10.249
2015-11-25,12.128,12.021,11.684,11.389,10.183
2015-11-24,11.816,11.858,11.606,11.278,10.146
2015-11-23,11.730,11.725,11.585,11.183,10.138
2015-11-20,11.836,11.706,11.607,11.104,10.144
2015-11-19,11.898,11.728,11.607,11.017,10.171
2015-11-18,11.914,11.697,11.547,10.920,10.196
2015-11-17,11.900,11.707,11.454,10.817,10.251
2015-11-16,11.720,11.573,11.372,10.692,10.292
2015-11-13,11.576,11.421,11.248,10.568,10.315
2015-11-12,11.558,11.372,11.156,10.450,10.353
2015-11-11,11.480,11.346,11.073,10.343,10.397
2015-11-10,11.514,11.353,10.988,10.245,10.431
2015-11-09,11.426,11.444,10.913,10.169,10.461
2015-11-06,11.266,11.508,10.803,10.069,10.482
2015-11-05,11.186,11.485,10.662,9.952,10.507
2015-11-04,11.212,11.397,10.531,9.842,10.521
2015-11-03,11.192,11.200,10.372,9.742,10.545
2015-11-02,11.462,11.171,10.251,9.645,10.586
2015-10-30,11.750,11.074,10.142,9.569,10.635
2015-10-29,11.784,10.939,9.989,9.509,10.660
2015-10-28,11.582,10.800,9.842,9.446,10.696
2015-10-27,11.208,10.623,9.691,9.388,10.759
2015-10-26,10.880,10.381,9.532,9.309,10.805
2015-10-23,10.398,10.097,9.350,9.204,10.824
2015-10-22,10.094,9.839,9.186,9.124,10.860
2015-10-21,10.018,9.665,9.064,9.068,10.899
2015-10-20,10.038,9.543,9.013,9.078,10.950
2015-10-19,9.882,9.331,8.883,9.065,10.969
2015-10-16,9.796,9.210,8.817,9.037,10.983
2015-10-15,9.584,9.038,8.794,8.993,10.982
2015-10-14,9.312,8.883,8.769,8.977,10.965
2015-10-13,9.048,8.758,8.770,9.013,10.942
2015-10-12,8.780,8.682,8.774,9.093,10.931
2015-10-09,8.624,8.602,8.758,9.185,10.939
2015-10-08,8.492,8.532,8.766,9.324,10.973
2015-09-30,8.454,8.463,8.770,9.473,11.031
2015-09-29,8.468,8.483,8.845,9.685,11.116
2015-09-28,8.584,8.434,8.932,9.893,11.227
2015-09-25,8.580,8.424,8.951,10.063,11.313
2015-09-24,8.572,8.549,8.970,10.256,11.431
2015-09-23,8.472,8.654,9.024,10.452,11.572
2015-09-22,8.498,8.782,9.141,10.617,11.725
2015-09-21,8.284,8.865,9.298,10.752,11.868
2015-09-18,8.268,8.914,9.477,10.895,12.015
2015-09-17,8.526,9.000,9.720,11.062,12.199
2015-09-16,8.836,9.076,9.978,11.200,12.403
2015-09-15,9.066,9.207,10.287,11.348,12.586
2015-09-14,9.446,9.430,10.623,11.527,12.815
2015-09-11,9.560,9.477,10.882,11.701,13.019
2015-09-10,9.474,9.391,11.110,11.812,13.214
2015-09-09,9.316,9.393,11.351,11.946,13.385
2015-09-08,9.348,9.500,11.535,12.130,13.559
2015-09-07,9.414,9.731,11.696,12.302,13.735
2015-09-02,9.394,10.039,11.886,12.444,13.934
2015-09-01,9.308,10.440,12.094,12.596,14.122
2015-08-31,9.470,10.879,12.262,12.729,14.292
2015-08-28,9.652,11.366,12.418,12.822,14.454
2015-08-27,10.048,11.816,12.576,12.873,14.583
2015-08-26,10.684,12.287,12.813,12.928,14.700
2015-08-25,11.572,12.829,13.022,12.971,14.832
2015-08-24,12.288,13.308,13.222,12.953,14.978
2015-08-21,13.080,13.570,13.445,12.871,15.102
2015-08-20,13.584,13.661,13.587,12.770,15.208
2015-08-19,13.890,13.732,13.646,12.693,15.301
2015-08-18,14.086,13.747,13.674,12.622,15.381
2015-08-17,14.328,13.644,13.654,12.590,15.433
2015-08-14,14.060,13.470,13.550,12.546,15.463
2015-08-12,13.738,13.336,13.401,12.561,15.472
2015-08-11,13.574,13.338,13.249,12.564,15.470
2015-08-10,13.408,13.215,13.042,12.606,15.467
2015-08-07,12.960,13.136,12.775,12.693,15.453
2015-08-06,12.880,13.319,12.521,12.832,15.461
2015-08-05,12.934,13.513,12.325,12.985,15.475
2015-08-04,13.102,13.561,12.174,13.134,15.470
2015-08-03,13.022,13.600,12.060,13.335,15.449
2015-07-31,13.312,13.664,12.062,13.606,15.463
2015-07-30,13.758,13.631,12.085,13.825,15.468
2015-07-29,14.092,13.467,12.174,14.102,15.486
2015-07-28,14.020,13.160,12.177,14.337,15.479
2015-07-27,14.178,12.870,12.301,14.616,15.489
2015-07-24,14.016,12.414,12.472,14.825,15.480
2015-07-23,13.504,11.723,12.589,14.988,15.444
2015-07-22,12.842,11.137,12.720,15.167,15.405
2015-07-21,12.300,10.787,12.921,15.424,15.381
2015-07-20,11.562,10.520,13.202,15.649,15.359
2015-07-17,10.812,10.461,13.576,15.856,15.355
2015-07-16,9.942,10.538,13.922,16.085,15.349
2015-07-15,9.432,10.880,14.419,16.293,15.374
2015-07-14,9.274,11.193,14.926,16.473,15.418
2015-07-13,9.478,11.732,15.490,16.692,15.474
2015-07-08,10.110,12.530,16.030,17.002,15.537
2015-07-07,11.134,13.455,16.620,17.333,15.623
2015-07-06,12.328,14.304,17.182,17.645,15.694
2015-07-03,13.112,15.055,17.742,17.908,15.729
2015-07-02,13.986,15.885,18.213,18.140,15.736
2015-07-01,14.950,16.692,18.553,18.276,15.723
2015-06-30,15.776,17.307,18.858,18.380,15.690
2015-06-29,16.280,17.959,18.999,18.383,15.640
2015-06-26,16.998,18.659,19.112,18.376,15.601
2015-06-25,17.784,19.247,19.171,18.328,15.532
2015-06-24,18.434,19.531,19.238,18.212,15.431
2015-06-23,18.838,19.785,19.272,18.089,15.328
2015-06-19,19.638,20.061,19.316,17.965,15.221
2015-06-18,20.320,20.429,19.334,17.805,15.114
2015-06-17,20.710,20.542,19.267,17.563,14.971
2015-06-16,20.628,20.414,19.068,17.320,14.802
2015-06-15,20.732,20.410,18.916,17.111,14.643
2015-06-12,20.484,20.040,18.595,16.870,14.453
2015-06-11,20.538,19.566,18.234,16.621,14.263
2015-06-10,20.374,19.096,17.868,16.362,14.064
2015-06-09,20.200,18.946,17.553,16.134,13.887
2015-06-08,20.088,18.760,17.241,15.901,13.711
2015-06-05,19.596,18.571,16.917,15.643,13.526
2015-06-04,18.594,18.239,16.492,15.339,13.322
2015-06-03,17.818,17.992,16.074,15.070,13.129
2015-06-02,17.692,17.723,15.773,14.854,12.957
2015-06-01,17.432,17.423,15.462,14.612,12.777
2015-05-29,17.546,17.151,15.284,14.455,12.629
2015-05-28,17.884,16.903,15.149,14.364,12.505
2015-05-27,18.166,16.640,14.996,14.256,12.375
2015-05-26,17.754,16.160,14.728,14.071,12.209
2015-05-25,17.414,15.723,14.472,13.912,12.047
2015-05-22,16.756,15.263,14.178,13.743,11.881
2015-05-21,15.922,14.746,13.889,13.550,11.722
2015-05-20,15.114,14.155,13.609,13.333,11.557
2015-05-19,14.566,13.823,13.419,13.171,11.420
2015-05-18,14.032,13.500,13.207,13.000,11.279
2015-05-15,13.770,13.418,13.108,12.896,11.162
2015-05-14,13.570,13.394,13.095,12.827,11.067
2015-05-13,13.196,13.351,13.065,12.736,10.972
2015-05-12,13.080,13.296,13.027,12.650,10.884
2015-05-11,12.968,13.220,13.006,12.566,10.793
2015-05-08,13.066,13.094,12.983,12.478,10.702
2015-05-07,13.218,13.032,12.952,12.424,10.630
2015-05-06,13.506,13.063,12.922,12.378,10.568
2015-05-05,13.512,13.015,12.844,12.283,10.490
2015-05-04,13.472,12.914,12.750,12.176,10.408
2015-04-27,13.122,12.797,12.635,12.036,10.310
2015-04-24,12.846,12.795,12.543,11.905,10.222
2015-04-23,12.620,12.778,12.428,11.765,10.134
2015-04-22,12.518,12.758,12.327,11.640,10.051
2015-04-21,12.356,12.792,12.238,11.520,9.966
2015-04-20,12.472,12.872,12.169,11.409,9.888
2015-04-17,12.744,12.873,12.119,11.304,9.827
2015-04-16,12.936,12.782,12.035,11.188,9.759
2015-04-15,12.998,12.674,11.917,11.061,9.686
2015-04-14,13.228,12.587,11.806,10.942,9.620
2015-04-13,13.272,12.473,11.655,10.803,9.539
2015-04-10,13.002,12.292,11.459,10.647,9.455
2015-04-09,12.628,12.079,11.258,10.494,9.373
2015-04-08,12.350,11.897,11.081,10.348,9.303
2015-04-07,11.946,11.685,10.884,10.183,9.225
2015-04-03,11.674,11.467,10.677,10.020,9.148
2015-04-02,11.582,11.366,10.520,9.893,9.085
2015-04-01,11.530,11.289,10.391,9.782,9.033
2015-03-31,11.444,11.160,10.254,9.669,8.985
2015-03-30,11.424,11.026,10.120,9.559,8.940
2015-03-27,11.260,10.837,9.968,9.428,8.886
2015-03-26,11.150,10.627,9.824,9.308,8.834
2015-03-25,11.048,10.438,9.701,9.208,8.785
2015-03-24,10.876,10.266,9.573,9.117,8.743
2015-03-23,10.628,10.083,9.432,9.020,8.702
2015-03-20,10.414,9.887,9.296,8.926,8.667
2015-03-19,10.104,9.674,9.156,8.836,8.629
2015-03-18,9.828,9.494,9.028,8.757,8.600
2015-03-17,9.656,9.349,8.923,8.697,8.581
2015-03-16,9.538,9.214,8.825,8.641,8.558
2015-03-13,9.360,9.099,8.724,8.584,8.533
2015-03-12,9.244,9.021,8.648,8.539,8.516
2015-03-11,9.160,8.965,8.593,8.502,8.495
2015-03-10,9.042,8.880,8.543,8.462,8.478
2015-03-09,8.890,8.782,8.488,8.412,8.457
2015-03-06,8.838,8.705,8.445,8.368,8.448
2015-03-05,8.798,8.639,8.417,8.350,8.440
2015-03-04,8.770,8.562,8.389,8.329,8.429
2015-03-03,8.718,8.498,8.371,8.310,8.416
2015-03-02,8.674,8.436,8.354,8.297,8.407
2015-02-27,8.572,8.349,8.327,8.275,8.395
2015-02-26,8.480,8.276,8.298,8.263,8.382
2015-02-25,8.354,8.222,8.270,8.251,8.368
2015-02-17,8.278,8.206,8.253,8.258,8.357
2015-02-16,8.198,8.194,8.226,8.266,8.344
2015-02-13,8.126,8.186,8.199,8.276,8.332
2015-02-12,8.072,8.196,8.205,8.277,8.323
2015-02-11,8.090,8.216,8.213,8.284,8.317
2015-02-10,8.134,8.244,8.216,8.301,8.311
2015-02-09,8.190,8.272,8.228,8.322,8.304
2015-02-06,8.246,8.305,8.238,8.344,8.301
2015-02-05,8.320,8.321,8.256,8.359,8.296
2015-02-04,8.342,8.319,8.265,8.361,8.285
2015-02-03,8.354,8.300,8.284,8.368,8.278
2015-02-02,8.354,8.259,8.302,8.385,8.265
2015-01-30,8.364,8.212,8.320,8.409,8.259
2015-01-29,8.322,8.215,8.318,8.422,8.251
2015-01-28,8.296,8.209,8.317,8.442,8.245
2015-01-27,8.246,8.189,8.329,8.464,8.235
2015-01-26,8.164,8.184,8.346,8.476,8.223
2015-01-23,8.060,8.172,8.363,8.482,8.212
2015-01-22,8.108,8.191,8.378,8.493,8.202
2015-01-21,8.122,8.212,8.381,8.487,8.191
2015-01-20,8.132,8.269,8.402,8.495,8.178
2015-01-19,8.204,8.345,8.448,8.502,8.166
2015-01-16,8.284,8.429,8.507,8.528,8.157
2015-01-15,8.274,8.421,8.526,8.530,8.142
2015-01-14,8.302,8.426,8.559,8.529,8.130
2015-01-13,8.406,8.470,8.602,8.522,8.120
2015-01-12,8.486,8.509,8.622,8.516,8.108
2015-01-09,8.574,8.554,8.637,8.514,8.097
2015-01-08,8.568,8.566,8.645,8.501,8.087
2015-01-07,8.550,8.551,8.625,8.484,8.075
2015-01-06,8.534,8.535,8.607,8.456,8.060
2015-01-05,8.532,8.550,8.581,8.421,8.045
2014-12-31,8.534,8.585,8.577,8.388,8.034
2014-12-30,8.564,8.630,8.584,8.370,8.028
2014-12-29,8.552,8.691,8.580,8.351,8.018
2014-12-26,8.536,8.733,8.547,8.321,8.005
2014-12-25,8.568,8.735,8.520,8.287,7.989
2014-12-24,8.636,8.720,8.495,8.258,7.971
2014-12-23,8.696,8.723,8.469,8.233,7.957
2014-12-22,8.830,8.698,8.451,8.210,7.947
2014-12-19,8.930,8.680,8.416,8.188,7.925
2014-12-18,8.902,8.612,8.357,8.146,7.899
2014-12-17,8.804,8.569,8.290,8.109,7.869
2014-12-16,8.750,8.539,8.240,8.080,7.842
2014-12-15,8.566,8.469,8.181,8.048,7.810
2014-12-12,8.430,8.362,8.115,8.007,7.782
2014-12-11,8.322,8.305,8.063,7.969,7.756
2014-12-10,8.334,8.269,8.027,7.942,7.733
2014-12-09,8.328,8.215,7.988,7.912,7.712
2014-12-08,8.372,8.204,7.966,7.895,7.697
2014-12-05,8.294,8.152,7.942,7.861,7.675
2014-12-04,8.288,8.101,7.914,7.830,7.656
2014-12-03,8.204,8.010,7.879,7.786,7.631
2014-12-02,8.102,7.940,7.851,7.755,7.606
2014-12-01,8.036,7.893,7.837,7.731,7.582
2014-11-28,8.010,7.868,7.830,7.719,7.561
2014-11-27,7.914,7.821,7.802,7.699,7.536
2014-11-26,7.816,7.785,7.778,7.680,7.515
2014-11-25,7.778,7.761,7.760,7.674,7.496
2014-11-24,7.750,7.728,7.740,7.666,7.479
2014-11-21,7.726,7.732,7.716,7.665,7.465
2014-11-20,7.728,7.726,7.694,7.669,7.454
2014-11-19,7.754,7.747,7.673,7.679,7.445
2014-11-18,7.744,7.762,7.662,7.686,7.433
2014-11-17,7.706,7.781,7.650,7.686,7.420
2014-11-14,7.738,7.791,7.644,7.688,7.404
2014-11-13,7.724,7.782,7.638,7.691,7.387
2014-11-12,7.740,7.771,7.627,7.684,7.370
2014-11-11,7.780,7.759,7.630,7.682,7.355
2014-11-10,7.856,7.753,7.635,7.684,7.342
2014-11-07,7.844,7.700,7.632,7.662,7.323
2014-11-06,7.840,7.662,7.640,7.652,7.308
2014-11-05,7.802,7.600,7.646,7.629,7.292
2014-11-04,7.738,7.563,7.648,7.604,7.274
2014-11-03,7.650,7.518,7.638,7.573,7.255
2014-10-31,7.556,7.497,7.637,7.556,7.236
2014-10-30,7.484,7.494,7.645,7.543,7.221
2014-10-29,7.398,7.483,7.640,7.524,7.204
2014-10-28,7.388,7.501,7.643,7.512,7.190
2014-10-27,7.386,7.516,7.649,7.500,7.177
2014-10-24,7.438,7.564,7.643,7.489,7.165
2014-10-23,7.504,7.618,7.646,7.483,7.152
2014-10-22,7.568,7.691,7.643,7.476,7.138
2014-10-21,7.614,7.733,7.624,7.456,7.120
2014-10-20,7.646,7.758,7.601,7.434,7.101
2014-10-17,7.690,7.777,7.586,7.404,7.081
2014-10-16,7.732,7.797,7.567,7.374,7.062
2014-10-15,7.814,7.797,7.544,7.350,7.044
2014-10-14,7.852,7.785,7.517,7.318,7.022
2014-10-13,7.870,7.783,7.492,7.292,7.001
2014-10-10,7.864,7.723,7.452,7.265,6.976
2014-10-09,7.862,7.675,7.415,7.240,6.951
2014-10-08,7.780,7.596,7.368,7.210,6.923
2014-09-30,7.718,7.516,7.318,7.179,6.899
2014-09-29,7.696,7.444,7.272,7.154,6.874
2014-09-26,7.582,7.395,7.217,7.119,6.848
2014-09-25,7.488,7.337,7.162,7.084,6.824
2014-09-24,7.412,7.291,7.126,7.057,6.804
2014-09-23,7.314,7.249,7.084,7.028,-1
2014-09-22,7.192,7.201,7.047,7.000,-1
2014-09-19,7.208,7.181,7.036,6.984,-1
2014-09-18,7.186,7.155,7.022,6.965,-1
2014-09-17,7.170,7.140,7.018,6.954,-1
2014-09-16,7.184,7.120,7.011,6.945,-1
2014-09-15,7.210,7.101,7.010,6.936,-1
2014-09-12,7.154,7.040,6.981,6.916,-1
2014-09-11,7.124,6.987,6.958,6.899,-1
2014-09-10,7.110,6.961,6.940,6.884,-1
2014-09-09,7.056,6.919,6.918,6.868,-1
2014-09-05,6.992,6.893,6.900,6.855,-1
2014-09-04,6.926,6.891,6.885,6.841,-1
2014-09-03,6.850,6.889,6.870,6.822,-1
2014-09-02,6.812,6.895,6.862,6.801,-1
2014-09-01,6.782,6.902,6.858,6.785,-1
2014-08-29,6.794,6.918,6.854,6.767,-1
2014-08-28,6.856,6.922,6.854,6.759,-1
2014-08-27,6.928,6.928,6.854,6.751,-1
2014-08-26,6.978,6.919,6.845,6.738,-1
2014-08-25,7.022,6.917,6.843,6.727,-1
2014-08-22,7.042,6.906,6.836,6.710,-1
2014-08-21,6.988,6.879,6.816,6.687,-1
2014-08-20,6.928,6.851,6.788,6.663,-1
2014-08-19,6.860,6.828,6.754,6.636,-1
2014-08-18,6.812,6.813,6.726,6.618,-1
2014-08-15,6.770,6.789,6.692,6.593,-1
2014-08-14,6.770,6.785,6.677,6.578,-1
2014-08-13,6.774,6.781,6.663,6.564,-1
2014-08-12,6.796,6.772,6.647,6.550,-1
2014-08-11,6.814,6.769,6.631,-1,-1
2014-08-08,6.808,6.766,6.611,-1,-1
2014-08-07,6.800,6.753,6.590,-1,-1
2014-08-06,6.788,6.726,6.568,-1,-1
2014-08-05,6.748,6.680,6.540,-1,-1
2014-08-04,6.724,6.639,6.520,-1,-1
2014-08-01,6.724,6.595,6.495,-1,-1
2014-07-31,6.706,6.569,6.474,-1,-1
2014-07-30,6.664,6.545,6.455,-1,-1
2014-07-29,6.612,6.522,6.439,-1,-1
2014-07-28,6.554,6.494,-1,-1,-1
2014-07-25,6.466,6.457,-1,-1,-1
2014-07-24,6.432,6.428,-1,-1,-1
2014-07-23,6.426,6.411,-1,-1,-1
2014-07-22,6.432,6.401,-1,-1,-1
2014-07-21,6.434,6.402,-1,-1,-1
2014-07-18,6.448,6.395,-1,-1,-1
2014-07-17,6.424,6.379,-1,-1,-1
2014-07-16,6.396,6.366,-1,-1,-1
2014-07-15,6.370,6.357,-1,-1,-1
2014-07-14,6.370,-1,-1,-1,-1
2014-07-11,6.342,-1,-1,-1,-1
2014-07-10,6.334,-1,-1,-1,-1
2014-07-09,6.336,-1,-1,-1,-1
2014-07-08,6.344,-1,-1,-1,-1
2014-07-07,-1,-1,-1,-1,-1
2014-07-04,-1,-1,-1,-1,-1
2014-07-03,-1,-1,-1,-1,-1
2014-07-02,-1,-1,-1,-1,-1
