Not
2017-03-17@15:00:00,0.007,0.033,-0.026
2017-03-17@14:00:00,0.028,0.039,-0.012
2017-03-17@11:30:00,0.047,0.042,0.004
2017-03-17@10:30:00,0.055,0.041,0.014
2017-03-16@15:00:00,0.060,0.038,0.022
2017-03-16@14:00:00,0.057,0.032,0.025
2017-03-16@11:30:00,0.056,0.026,0.030
2017-03-16@10:30:00,0.050,0.019,0.032
2017-03-15@15:00:00,0.038,0.011,0.027
2017-03-15@14:00:00,0.039,0.004,0.035
2017-03-15@11:30:00,0.039,-0.005,0.044
2017-03-15@10:30:00,0.032,-0.016,0.049
2017-03-14@15:00:00,0.026,-0.028,0.055
2017-03-14@14:00:00,0.019,-0.042,0.061
2017-03-14@11:30:00,0.001,-0.057,0.058
2017-03-14@10:30:00,-0.019,-0.072,0.052
2017-03-13@15:00:00,-0.048,-0.085,0.037
2017-03-13@14:00:00,-0.066,-0.094,0.028
2017-03-13@11:30:00,-0.086,-0.101,0.015
2017-03-13@10:30:00,-0.104,-0.105,0.001
2017-03-10@15:00:00,-0.116,-0.105,-0.011
2017-03-10@14:00:00,-0.114,-0.102,-0.012
2017-03-10@11:30:00,-0.119,-0.099,-0.020
2017-03-10@10:30:00,-0.116,-0.094,-0.022
2017-03-09@15:00:00,-0.116,-0.089,-0.027
2017-03-09@14:00:00,-0.109,-0.082,-0.027
2017-03-09@11:30:00,-0.098,-0.075,-0.023
2017-03-09@10:30:00,-0.082,-0.069,-0.013
2017-03-08@15:00:00,-0.069,-0.066,-0.003
2017-03-08@14:00:00,-0.068,-0.065,-0.002
2017-03-08@11:30:00,-0.063,-0.065,0.001
2017-03-08@10:30:00,-0.063,-0.065,0.002
2017-03-07@15:00:00,-0.059,-0.066,0.007
2017-03-07@14:00:00,-0.062,-0.068,0.005
2017-03-07@11:30:00,-0.061,-0.069,0.008
2017-03-07@10:30:00,-0.059,-0.071,0.011
2017-03-06@15:00:00,-0.058,-0.074,0.016
2017-03-06@14:00:00,-0.068,-0.078,0.010
2017-03-06@11:30:00,-0.078,-0.080,0.002
2017-03-06@10:30:00,-0.093,-0.081,-0.013
2017-03-03@15:00:00,-0.097,-0.078,-0.020
2017-03-03@14:00:00,-0.095,-0.073,-0.023
2017-03-03@11:30:00,-0.078,-0.067,-0.011
2017-03-03@10:30:00,-0.068,-0.064,-0.004
2017-03-02@15:00:00,-0.052,-0.063,0.011
2017-03-02@14:00:00,-0.052,-0.066,0.013
2017-03-02@11:30:00,-0.055,-0.069,0.014
2017-03-02@10:30:00,-0.057,-0.073,0.016
2017-03-01@15:00:00,-0.054,-0.077,0.022
2017-03-01@14:00:00,-0.060,-0.082,0.022
2017-03-01@11:30:00,-0.066,-0.088,0.022
2017-03-01@10:30:00,-0.077,-0.093,0.017
2017-02-28@15:00:00,-0.091,-0.098,0.007
2017-02-28@14:00:00,-0.098,-0.099,0.002
2017-02-28@11:30:00,-0.106,-0.100,-0.006
2017-02-28@10:30:00,-0.110,-0.098,-0.012
2017-02-27@15:00:00,-0.116,-0.095,-0.021
2017-02-27@14:00:00,-0.116,-0.090,-0.026
2017-02-27@11:30:00,-0.112,-0.083,-0.029
2017-02-27@10:30:00,-0.111,-0.076,-0.035
2017-02-24@15:00:00,-0.114,-0.068,-0.046
2017-02-24@14:00:00,-0.109,-0.056,-0.053
2017-02-24@11:30:00,-0.095,-0.043,-0.052
2017-02-24@10:30:00,-0.078,-0.030,-0.048
2017-02-23@15:00:00,-0.051,-0.018,-0.034
2017-02-23@14:00:00,-0.039,-0.009,-0.030
2017-02-23@11:30:00,-0.029,-0.002,-0.027
2017-02-23@10:30:00,-0.018,0.005,-0.023
2017-02-22@15:00:00,-0.007,0.011,-0.018
2017-02-22@14:00:00,-0.010,0.015,-0.026
2017-02-22@11:30:00,-0.000,0.022,-0.022
2017-02-22@10:30:00,0.017,0.027,-0.010
2017-02-21@15:00:00,0.031,0.030,0.001
2017-02-21@14:00:00,0.025,0.030,-0.005
2017-02-21@11:30:00,0.020,0.031,-0.011
2017-02-21@10:30:00,0.019,0.034,-0.015
2017-02-20@15:00:00,0.016,0.037,-0.021
2017-02-20@14:00:00,0.006,0.043,-0.037
2017-02-20@11:30:00,0.011,0.052,-0.041
2017-02-20@10:30:00,0.015,0.062,-0.047
2017-02-17@15:00:00,0.020,0.074,-0.054
2017-02-17@14:00:00,0.037,0.087,-0.051
2017-02-17@11:30:00,0.058,0.100,-0.043
2017-02-17@10:30:00,0.083,0.111,-0.028
2017-02-16@15:00:00,0.106,0.118,-0.011
2017-02-16@14:00:00,0.115,0.121,-0.006
2017-02-16@11:30:00,0.117,0.122,-0.006
2017-02-16@10:30:00,0.117,0.124,-0.006
2017-02-15@15:00:00,0.119,0.125,-0.006
2017-02-15@14:00:00,0.129,0.127,0.002
2017-02-15@11:30:00,0.132,0.126,0.006
2017-02-15@10:30:00,0.139,0.125,0.015
2017-02-14@15:00:00,0.144,0.121,0.023
2017-02-14@14:00:00,0.131,0.115,0.016
2017-02-14@11:30:00,0.132,0.111,0.021
2017-02-14@10:30:00,0.130,0.106,0.024
2017-02-13@15:00:00,0.138,0.100,0.038
2017-02-13@14:00:00,0.143,0.090,0.053
2017-02-13@11:30:00,0.142,0.077,0.065
2017-02-13@10:30:00,0.122,0.061,0.061
2017-02-10@15:00:00,0.083,0.045,0.037
2017-02-10@14:00:00,0.063,0.036,0.027
2017-02-10@11:30:00,0.044,0.029,0.015
2017-02-10@10:30:00,0.027,0.026,0.001
2017-02-09@15:00:00,0.023,0.025,-0.003
2017-02-09@14:00:00,0.023,0.026,-0.003
2017-02-09@11:30:00,0.026,0.027,-0.001
2017-02-09@10:30:00,0.025,0.027,-0.002
2017-02-08@15:00:00,0.011,0.027,-0.016
2017-02-08@14:00:00,-0.007,0.031,-0.039
2017-02-08@11:30:00,-0.006,0.041,-0.047
2017-02-08@10:30:00,0.001,0.053,-0.052
2017-02-07@15:00:00,0.014,0.066,-0.052
2017-02-07@14:00:00,0.031,0.079,-0.048
2017-02-07@11:30:00,0.057,0.091,-0.034
2017-02-07@10:30:00,0.070,0.099,-0.029
2017-02-06@15:00:00,0.076,0.106,-0.031
2017-02-06@14:00:00,0.082,0.114,-0.032
2017-02-06@11:30:00,0.096,0.122,-0.027
2017-02-06@10:30:00,0.110,0.129,-0.019
2017-02-03@15:00:00,0.129,0.134,-0.004
2017-02-03@14:00:00,0.135,0.135,0.000
2017-02-03@11:30:00,0.136,0.135,0.001
2017-02-03@10:30:00,0.144,0.134,0.009
2017-01-26@15:00:00,0.142,0.132,0.010
2017-01-26@14:00:00,0.127,0.129,-0.002
2017-01-26@11:30:00,0.125,0.130,-0.005
2017-01-26@10:30:00,0.129,0.131,-0.002
2017-01-25@15:00:00,0.134,0.132,0.002
2017-01-25@14:00:00,0.144,0.131,0.013
2017-01-25@11:30:00,0.153,0.128,0.025
2017-01-25@10:30:00,0.156,0.122,0.034
2017-01-24@15:00:00,0.152,0.113,0.039
2017-01-24@14:00:00,0.146,0.104,0.042
2017-01-24@11:30:00,0.134,0.093,0.041
2017-01-24@10:30:00,0.115,0.083,0.032
2017-01-23@15:00:00,0.089,0.075,0.014
2017-01-23@14:00:00,0.081,0.071,0.010
2017-01-23@11:30:00,0.074,0.069,0.005
2017-01-23@10:30:00,0.064,0.067,-0.003
2017-01-20@15:00:00,0.073,0.068,0.005
2017-01-20@14:00:00,0.075,0.067,0.008
2017-01-20@11:30:00,0.076,0.065,0.011
2017-01-20@10:30:00,0.073,0.062,0.011
2017-01-19@15:00:00,0.068,0.060,0.009
2017-01-19@14:00:00,0.061,0.057,0.003
2017-01-19@11:30:00,0.064,0.057,0.007
2017-01-19@10:30:00,0.067,0.055,0.012
2017-01-18@15:00:00,0.064,0.052,0.012
2017-01-18@14:00:00,0.055,0.049,0.006
2017-01-18@11:30:00,0.053,0.047,0.005
2017-01-18@10:30:00,0.044,0.046,-0.002
2017-01-17@15:00:00,0.032,0.047,-0.014
2017-01-17@14:00:00,0.030,0.050,-0.020
2017-01-17@11:30:00,0.033,0.055,-0.022
2017-01-17@10:30:00,0.040,0.061,-0.021
2017-01-16@15:00:00,0.054,0.066,-0.012
2017-01-16@14:00:00,0.054,0.069,-0.015
2017-01-16@11:30:00,0.053,0.073,-0.020
2017-01-16@10:30:00,0.052,0.078,-0.026
2017-01-13@15:00:00,0.039,0.084,-0.045
2017-01-13@14:00:00,0.055,0.095,-0.040
2017-01-13@11:30:00,0.071,0.105,-0.035
2017-01-13@10:30:00,0.083,0.114,-0.031
2017-01-12@15:00:00,0.107,0.122,-0.014
2017-01-12@14:00:00,0.125,0.125,0.000
2017-01-12@11:30:00,0.136,0.125,0.011
2017-01-12@10:30:00,0.137,0.122,0.014
2017-01-11@15:00:00,0.142,0.119,0.023
2017-01-11@14:00:00,0.141,0.113,0.028
2017-01-11@11:30:00,0.141,0.106,0.035
2017-01-11@10:30:00,0.132,0.098,0.035
2017-01-10@15:00:00,0.112,0.089,0.023
2017-01-10@14:00:00,0.107,0.083,0.024
2017-01-10@11:30:00,0.085,0.077,0.008
2017-01-10@10:30:00,0.080,0.075,0.005
2017-01-09@15:00:00,0.079,0.074,0.005
2017-01-09@14:00:00,0.081,0.073,0.009
2017-01-09@11:30:00,0.086,0.071,0.015
2017-01-09@10:30:00,0.082,0.067,0.015
2017-01-06@15:00:00,0.090,0.063,0.027
2017-01-06@14:00:00,0.096,0.056,0.040
2017-01-06@11:30:00,0.096,0.047,0.049
2017-01-06@10:30:00,0.088,0.034,0.054
2017-01-05@15:00:00,0.079,0.021,0.058
2017-01-05@14:00:00,0.066,0.006,0.060
2017-01-05@11:30:00,0.047,-0.009,0.056
2017-01-05@10:30:00,0.026,-0.023,0.048
2017-01-04@15:00:00,-0.005,-0.035,0.030
2017-01-04@14:00:00,-0.018,-0.042,0.024
2017-01-04@11:30:00,-0.024,-0.048,0.025
2017-01-04@10:30:00,-0.025,-0.055,0.030
2017-01-03@15:00:00,-0.022,-0.062,0.041
2017-01-03@14:00:00,-0.028,-0.072,0.044
2017-01-03@11:30:00,-0.036,-0.083,0.048
2017-01-03@10:30:00,-0.047,-0.095,0.048
2016-12-30@15:00:00,-0.066,-0.107,0.041
2016-12-30@14:00:00,-0.074,-0.117,0.043
2016-12-30@11:30:00,-0.088,-0.128,0.040
2016-12-30@10:30:00,-0.101,-0.138,0.037
2016-12-29@15:00:00,-0.109,-0.147,0.038
2016-12-29@14:00:00,-0.119,-0.157,0.038
2016-12-29@11:30:00,-0.132,-0.166,0.034
2016-12-29@10:30:00,-0.150,-0.175,0.025
2016-12-28@15:00:00,-0.154,-0.181,0.028
2016-12-28@14:00:00,-0.159,-0.188,0.029
2016-12-28@11:30:00,-0.170,-0.195,0.025
2016-12-28@10:30:00,-0.185,-0.202,0.016
2016-12-27@15:00:00,-0.203,-0.206,0.003
2016-12-27@14:00:00,-0.212,-0.206,-0.005
2016-12-27@11:30:00,-0.225,-0.205,-0.020
2016-12-27@10:30:00,-0.238,-0.200,-0.038
2016-12-26@15:00:00,-0.239,-0.191,-0.048
2016-12-26@14:00:00,-0.240,-0.178,-0.062
2016-12-26@11:30:00,-0.225,-0.163,-0.062
2016-12-26@10:30:00,-0.203,-0.148,-0.056
2016-12-23@15:00:00,-0.179,-0.134,-0.045
2016-12-23@14:00:00,-0.165,-0.122,-0.043
2016-12-23@11:30:00,-0.148,-0.112,-0.036
2016-12-23@10:30:00,-0.128,-0.103,-0.026
2016-12-22@15:00:00,-0.104,-0.096,-0.008
2016-12-22@14:00:00,-0.101,-0.094,-0.007
2016-12-22@11:30:00,-0.101,-0.092,-0.008
2016-12-22@10:30:00,-0.093,-0.090,-0.003
2016-12-21@15:00:00,-0.085,-0.090,0.005
2016-12-21@14:00:00,-0.094,-0.091,-0.003
2016-12-21@11:30:00,-0.096,-0.090,-0.006
2016-12-21@10:30:00,-0.094,-0.089,-0.005
2016-12-20@15:00:00,-0.097,-0.087,-0.010
2016-12-20@14:00:00,-0.099,-0.085,-0.014
2016-12-20@11:30:00,-0.089,-0.082,-0.007
2016-12-20@10:30:00,-0.080,-0.080,-0.001
2016-12-19@15:00:00,-0.071,-0.080,0.009
2016-12-19@14:00:00,-0.078,-0.082,0.004
2016-12-19@11:30:00,-0.079,-0.083,0.004
2016-12-19@10:30:00,-0.090,-0.084,-0.006
2016-12-16@15:00:00,-0.093,-0.082,-0.011
2016-12-16@14:00:00,-0.089,-0.080,-0.010
2016-12-16@11:30:00,-0.084,-0.077,-0.007
2016-12-16@10:30:00,-0.077,-0.076,-0.001
2016-12-15@15:00:00,-0.071,-0.075,0.004
2016-12-15@14:00:00,-0.074,-0.076,0.002
2016-12-15@11:30:00,-0.080,-0.077,-0.003
2016-12-15@10:30:00,-0.093,-0.076,-0.017
2016-12-14@15:00:00,-0.110,-0.072,-0.038
2016-12-14@14:00:00,-0.109,-0.063,-0.046
2016-12-14@11:30:00,-0.119,-0.051,-0.068
2016-12-14@10:30:00,-0.117,-0.034,-0.083
2016-12-13@15:00:00,-0.106,-0.013,-0.093
2016-12-13@14:00:00,-0.096,0.010,-0.106
2016-12-13@11:30:00,-0.079,0.036,-0.115
2016-12-13@10:30:00,-0.041,0.065,-0.106
2016-12-12@15:00:00,0.009,0.092,-0.082
2016-12-12@14:00:00,0.048,0.112,-0.065
2016-12-12@11:30:00,0.081,0.129,-0.048
2016-12-12@10:30:00,0.107,0.141,-0.034
2016-12-09@15:00:00,0.117,0.149,-0.032
2016-12-09@14:00:00,0.118,0.157,-0.040
2016-12-09@11:30:00,0.125,0.167,-0.042
2016-12-09@10:30:00,0.141,0.178,-0.037
2016-12-08@15:00:00,0.164,0.187,-0.022
2016-12-08@14:00:00,0.171,0.192,-0.022
2016-12-08@11:30:00,0.178,0.198,-0.020
2016-12-08@10:30:00,0.185,0.203,-0.018
2016-12-07@15:00:00,0.187,0.207,-0.021
2016-12-07@14:00:00,0.179,0.212,-0.033
2016-12-07@11:30:00,0.173,0.221,-0.047
2016-12-07@10:30:00,0.169,0.232,-0.063
2016-12-06@15:00:00,0.186,0.248,-0.062
2016-12-06@14:00:00,0.209,0.264,-0.055
2016-12-06@11:30:00,0.228,0.278,-0.050
2016-12-06@10:30:00,0.243,0.290,-0.048
2016-12-05@15:00:00,0.257,0.302,-0.045
2016-12-05@14:00:00,0.262,0.313,-0.051
2016-12-05@11:30:00,0.278,0.326,-0.048
2016-12-05@10:30:00,0.299,0.338,-0.039
2016-12-02@15:00:00,0.323,0.348,-0.025
2016-12-02@14:00:00,0.353,0.354,-0.001
2016-12-02@11:30:00,0.381,0.354,0.027
2016-12-02@10:30:00,0.411,0.348,0.064
2016-12-01@15:00:00,0.423,0.332,0.091
2016-12-01@14:00:00,0.416,0.309,0.107
2016-12-01@11:30:00,0.402,0.282,0.120
2016-12-01@10:30:00,0.392,0.252,0.140
2016-11-30@15:00:00,0.358,0.217,0.140
2016-11-30@14:00:00,0.320,0.182,0.138
2016-11-30@11:30:00,0.267,0.147,0.119
2016-11-30@10:30:00,0.194,0.118,0.076
2016-10-13@15:00:00,0.084,0.099,-0.015
2016-10-13@14:00:00,0.093,0.102,-0.009
2016-10-13@11:30:00,0.098,0.105,-0.007
2016-10-13@10:30:00,0.102,0.106,-0.005
2016-10-12@15:00:00,0.104,0.108,-0.004
2016-10-12@14:00:00,0.108,0.109,-0.000
2016-10-12@11:30:00,0.114,0.109,0.006
2016-10-12@10:30:00,0.119,0.107,0.012
2016-10-11@15:00:00,0.123,0.104,0.019
2016-10-11@14:00:00,0.114,0.100,0.015
2016-10-11@11:30:00,0.111,0.096,0.015
2016-10-11@10:30:00,0.109,0.092,0.017
2016-10-10@15:00:00,0.104,0.088,0.016
2016-10-10@14:00:00,0.096,0.084,0.012
2016-10-10@11:30:00,0.097,0.081,0.016
2016-10-10@10:30:00,0.093,0.077,0.016
2016-09-30@15:00:00,0.087,0.073,0.014
2016-09-30@14:00:00,0.076,0.070,0.007
2016-09-30@11:30:00,0.079,0.068,0.011
2016-09-30@10:30:00,0.080,0.065,0.015
2016-09-29@15:00:00,0.075,0.062,0.014
2016-09-29@14:00:00,0.065,0.058,0.007
2016-09-29@11:30:00,0.054,0.057,-0.003
2016-09-29@10:30:00,0.038,0.057,-0.019
2016-09-28@15:00:00,0.017,0.062,-0.045
2016-09-28@14:00:00,0.022,0.073,-0.051
2016-09-28@11:30:00,0.029,0.086,-0.057
2016-09-28@10:30:00,0.043,0.100,-0.057
2016-09-27@15:00:00,0.056,0.114,-0.058
2016-09-27@14:00:00,nan,nan,nan
2016-09-27@11:30:00,nan,nan,nan
2016-09-27@10:30:00,nan,nan,nan
2016-09-26@15:00:00,nan,nan,nan
2016-09-26@14:00:00,nan,nan,nan
2016-09-26@11:30:00,nan,nan,nan
2016-09-26@10:30:00,nan,nan,nan
2016-09-23@15:00:00,nan,nan,nan
2016-09-23@14:00:00,nan,nan,nan
2016-09-23@11:30:00,nan,nan,nan
2016-09-23@10:30:00,nan,nan,nan
2016-09-22@15:00:00,nan,nan,nan
2016-09-22@14:00:00,nan,nan,nan
2016-09-22@11:30:00,nan,nan,nan
2016-09-22@10:30:00,nan,nan,nan
2016-09-21@15:00:00,nan,nan,nan
2016-09-21@14:00:00,nan,nan,nan
2016-09-21@11:30:00,nan,nan,nan
2016-09-21@10:30:00,nan,nan,nan
2016-09-20@15:00:00,nan,nan,nan
2016-09-20@14:00:00,nan,nan,nan
2016-09-20@11:30:00,nan,nan,nan
2016-09-20@10:30:00,nan,nan,nan
2016-09-19@15:00:00,nan,nan,nan
2016-09-19@14:00:00,nan,nan,nan
2016-09-19@11:30:00,nan,nan,nan
2016-09-19@10:30:00,nan,nan,nan
2016-09-14@15:00:00,nan,nan,nan
2016-09-14@14:00:00,nan,nan,nan
2016-09-14@11:30:00,nan,nan,nan
2016-09-14@10:30:00,nan,nan,nan
2016-09-13@15:00:00,nan,nan,nan
2016-09-13@14:00:00,nan,nan,nan
