Not
2017-06-30,-0.305,-0.268,-0.037
2017-06-23,-0.348,-0.259,-0.089
2017-06-16,-0.383,-0.237,-0.146
2017-06-09,-0.401,-0.201,-0.200
2017-06-02,-0.387,-0.151,-0.236
2017-05-26,-0.343,-0.092,-0.251
2017-05-19,-0.298,-0.029,-0.270
2017-05-12,-0.229,0.039,-0.267
2017-05-05,-0.112,0.106,-0.217
2017-04-28,0.006,0.160,-0.154
2017-04-21,0.073,0.198,-0.125
2017-04-14,0.146,0.230,-0.083
2017-04-07,0.184,0.250,-0.067
2017-03-31,0.186,0.267,-0.081
2017-03-24,0.199,0.287,-0.088
2017-03-17,0.232,0.310,-0.078
2017-03-10,0.264,0.329,-0.065
2017-03-03,0.316,0.345,-0.029
2017-02-24,0.351,0.352,-0.001
2017-02-17,0.373,0.352,0.021
2017-02-10,0.366,0.347,0.019
2017-02-03,0.332,0.343,-0.011
2017-01-26,0.311,0.345,-0.034
2017-01-20,0.264,0.354,-0.090
2017-01-13,0.262,0.376,-0.114
2017-01-06,0.295,0.405,-0.110
2016-12-30,0.339,0.432,-0.093
2016-12-23,0.422,0.455,-0.034
2016-12-16,0.524,0.464,0.060
2016-12-09,0.585,0.449,0.136
2016-12-02,0.579,0.415,0.164
2016-11-25,0.594,0.374,0.221
2016-11-18,0.470,0.319,0.151
2016-11-11,0.417,0.281,0.136
2016-11-04,0.328,0.247,0.082
2016-10-28,0.314,0.226,0.088
2016-10-21,0.256,0.204,0.051
2016-10-14,0.245,0.191,0.053
2016-09-30,0.234,0.178,0.056
2016-09-23,0.219,0.164,0.055
2016-09-14,0.223,0.150,0.073
2016-09-09,0.273,0.132,0.141
2016-09-02,0.263,0.097,0.166
2016-08-26,0.249,0.055,0.193
2016-08-19,0.206,0.007,0.199
2016-08-12,0.137,-0.043,0.180
2016-08-05,0.057,-0.088,0.145
2016-07-29,0.021,-0.124,0.145
2016-07-22,-0.058,-0.160,0.102
2016-07-15,-0.103,-0.185,0.083
2016-07-08,-0.205,-0.206,0.001
2016-07-01,-0.246,-0.206,-0.040
2016-06-24,-0.263,-0.196,-0.066
2016-06-17,-0.257,-0.180,-0.077
2016-06-08,-0.228,-0.160,-0.068
2016-06-03,-0.206,-0.143,-0.063
2016-05-27,-0.185,-0.128,-0.057
2016-05-20,-0.133,-0.113,-0.019
2016-05-13,-0.068,-0.109,0.040
2016-05-06,-0.000,-0.119,0.118
2016-04-29,0.032,-0.148,0.181
2016-04-22,0.018,-0.193,0.211
2016-04-15,-0.030,-0.246,0.216
2016-03-17,-0.080,-0.300,0.221
2016-03-11,-0.102,-0.355,0.253
2016-03-04,-0.121,-0.418,0.298
2016-02-26,-0.233,-0.493,0.259
2016-02-19,-0.366,-0.558,0.191
2016-02-05,-0.421,-0.606,0.185
2016-01-29,-0.429,-0.652,0.223
2016-01-22,-0.502,-0.707,0.205
2016-01-15,-0.528,-0.759,0.231
2016-01-08,-0.602,-0.817,0.214
2015-12-31,-0.691,-0.870,0.179
2015-12-25,-0.736,-0.915,0.178
2015-12-18,-0.802,-0.959,0.158
2015-12-11,-0.856,-0.999,0.143
2015-12-04,-0.886,-1.035,0.149
2015-11-27,-0.933,-1.072,0.139
2015-11-20,-0.961,-1.107,0.146
2015-11-13,-1.028,-1.143,0.116
2015-11-06,-1.098,-1.172,0.074
2015-10-30,-1.179,-1.191,0.012
2015-10-23,-1.212,-1.194,-0.019
2015-10-16,-1.261,-1.189,-0.072
2015-10-09,-1.326,-1.171,-0.156
2015-09-30,-1.356,-1.132,-0.224
2015-09-25,-1.336,-1.076,-0.260
2015-09-18,-1.313,-1.011,-0.302
2015-09-11,-1.274,-0.935,-0.339
2015-09-02,-1.241,-0.850,-0.391
2015-08-28,-1.203,-0.753,-0.450
2015-08-21,-1.107,-0.640,-0.466
2015-08-14,-1.031,-0.524,-0.507
2015-08-07,-1.030,-0.397,-0.633
2015-07-31,-0.976,-0.238,-0.738
2015-07-24,-0.795,-0.054,-0.741
2015-07-17,-0.645,0.131,-0.776
2015-07-10,-0.422,0.325,-0.747
2015-07-03,-0.115,0.512,-0.627
2015-06-26,0.256,0.669,-0.413
2015-06-19,0.544,0.772,-0.228
2015-06-12,0.829,0.829,-0.000
2015-06-05,0.972,0.829,0.143
2015-05-29,0.822,0.793,0.028
2015-05-22,0.850,0.786,0.063
2015-05-15,0.846,0.770,0.075
2015-05-08,0.930,0.752,0.178
2015-04-30,0.985,0.707,0.278
2015-04-24,0.930,0.637,0.292
2015-04-17,0.791,0.564,0.227
2015-04-10,0.703,0.508,0.195
2015-04-03,0.565,0.459,0.106
2015-03-27,0.456,0.432,0.024
2015-03-20,0.373,0.427,-0.053
2015-03-13,0.336,0.440,-0.104
2015-03-06,0.331,0.466,-0.135
2015-02-27,0.345,0.500,-0.155
2015-02-17,0.381,0.538,-0.157
2015-02-13,0.444,0.578,-0.134
2015-02-06,0.525,0.611,-0.086
2015-01-30,0.650,0.632,0.018
2015-01-23,0.738,0.628,0.110
2015-01-16,0.800,0.600,0.200
2015-01-09,0.798,0.550,0.247
2014-12-31,0.755,0.489,0.267
2014-12-26,0.722,0.422,0.300
2014-12-19,0.639,0.347,0.293
2014-12-12,0.536,0.274,0.262
2014-12-05,0.455,0.208,0.247
2014-11-28,0.290,0.147,0.144
2014-11-21,0.218,0.111,0.107
2014-11-14,0.204,0.084,0.120
2014-11-07,0.151,0.054,0.097
2014-10-31,0.141,0.030,0.112
2014-10-24,0.122,0.002,0.120
2014-10-17,0.152,-0.028,0.180
2014-10-10,0.118,-0.073,0.191
2014-09-30,0.083,-0.121,0.204
2014-09-26,0.040,-0.172,0.212
2014-09-19,0.001,-0.225,0.225
2014-09-12,-0.020,-0.281,0.261
2014-09-05,-0.066,-0.346,0.281
2014-08-29,-0.134,-0.417,0.283
2014-08-22,-0.173,-0.487,0.314
2014-08-15,-0.261,-0.566,0.305
2014-08-08,-0.360,-0.642,0.282
2014-08-01,-0.471,-0.713,0.242
2014-07-25,-0.600,-0.773,0.173
2014-07-18,-0.681,-0.817,0.136
2014-07-11,-0.715,-0.851,0.136
2014-07-04,-0.742,-0.885,0.143
2014-06-27,-0.771,-0.920,0.150
2014-06-20,-0.805,-0.958,0.153
2014-06-13,-0.820,-0.996,0.176
2014-06-06,-0.858,-1.040,0.182
2014-05-30,-0.904,-1.085,0.181
2014-05-23,-0.946,-1.131,0.185
2014-05-16,-1.020,-1.177,0.156
2014-05-09,-1.121,-1.216,0.094
2014-04-30,-1.169,-1.240,0.071
2014-04-25,-1.179,-1.257,0.078
2014-04-18,-1.198,-1.277,0.078
2014-04-11,-1.234,-1.296,0.063
2014-04-04,-1.302,-1.312,0.010
2014-03-28,-1.342,-1.314,-0.028
2014-03-21,-1.371,-1.308,-0.064
2014-03-14,-1.406,-1.292,-0.114
2014-03-07,-1.393,-1.263,-0.129
2014-02-28,-1.362,-1.231,-0.131
2014-02-21,-1.299,-1.198,-0.101
2014-02-14,-1.301,-1.173,-0.128
2014-02-07,-1.313,-1.141,-0.172
2014-01-30,-1.266,-1.098,-0.168
2014-01-24,-1.193,-1.055,-0.138
2014-01-17,-1.141,-1.021,-0.120
2014-01-10,-1.043,-0.991,-0.052
2013-12-27,-0.944,-0.978,0.034
2013-12-20,-0.883,-0.986,0.103
2013-12-13,-0.860,-1.012,0.152
2013-12-06,-0.880,-1.050,0.170
2013-11-29,-0.948,-1.093,0.145
2013-11-22,-1.010,-1.129,0.119
2013-11-15,-1.067,-1.159,0.092
2013-11-08,-1.081,-1.182,0.101
2013-11-01,-1.062,-1.207,0.145
2013-10-25,-1.058,-1.243,0.185
2013-10-18,-1.073,-1.289,0.216
2013-10-11,-1.090,-1.343,0.253
2013-09-30,-1.123,-1.407,0.284
2013-09-27,-1.196,-1.478,0.281
2013-09-18,-1.259,-1.548,0.289
2013-09-13,-1.337,-1.620,0.283
2013-09-06,-1.487,-1.691,0.204
2013-08-30,-1.603,-1.742,0.138
2013-08-23,-1.708,-1.776,0.068
2013-08-16,-1.815,-1.793,-0.022
2013-08-09,-1.976,-1.788,-0.188
2013-08-02,-2.080,-1.741,-0.340
2013-07-26,-2.113,-1.656,-0.457
2013-07-19,-2.040,-1.541,-0.498
2013-07-12,-1.911,-1.417,-0.495
2013-07-05,-1.788,-1.293,-0.495
2013-06-28,-1.592,-1.169,-0.423
2013-06-21,-1.356,-1.064,-0.292
2013-06-14,-1.225,-0.991,-0.235
2013-06-07,-1.132,-0.932,-0.200
2013-05-31,-1.077,-0.882,-0.195
2013-05-24,-1.076,-0.834,-0.243
2013-05-17,-1.075,-0.773,-0.303
2013-05-10,-1.116,-0.697,-0.419
2013-05-03,-1.039,-0.592,-0.446
2013-04-26,-0.908,-0.481,-0.427
2013-04-19,-0.744,-0.374,-0.370
2013-04-12,-0.638,-0.281,-0.357
2013-04-03,-0.484,-0.192,-0.292
2013-03-29,-0.302,-0.119,-0.182
2013-03-22,-0.084,-0.073,-0.011
2013-03-15,0.041,-0.071,0.111
2013-03-08,0.271,-0.099,0.369
2013-03-01,0.410,-0.191,0.601
2013-02-22,0.387,-0.341,0.728
2013-02-08,0.397,-0.523,0.920
2013-02-01,0.104,-0.753,0.857
2013-01-25,-0.157,-0.968,0.811
2013-01-18,-0.283,-1.170,0.888
2013-01-11,-0.611,-1.392,0.781
2012-12-28,-0.870,-1.587,0.717
2012-12-21,-1.252,-1.767,0.515
2012-12-14,-1.577,-1.895,0.318
2012-12-07,-1.832,-1.975,0.143
2012-11-30,-1.954,-2.011,0.056
2012-11-23,-1.955,-2.025,0.070
2012-11-16,-1.990,-2.042,0.052
2012-11-09,-1.987,-2.055,0.069
2012-11-02,-2.016,-2.072,0.056
2012-10-26,-2.073,-2.086,0.013
2012-10-19,-2.053,-2.090,0.037
2012-10-12,-2.143,-2.099,-0.044
2012-09-28,-2.218,-2.088,-0.130
2012-09-21,-2.328,-2.055,-0.273
2012-09-14,-2.269,-1.987,-0.282
2012-09-07,-2.269,-1.916,-0.353
2012-08-31,-2.195,-1.828,-0.367
2012-08-24,-1.975,-1.737,-0.238
2012-08-17,-1.898,-1.677,-0.221
2012-08-10,-1.831,-1.622,-0.209
2012-08-03,-1.861,-1.570,-0.291
2012-07-27,-1.877,-1.497,-0.381
2012-07-20,-1.815,-1.402,-0.414
2012-07-13,-1.746,-1.298,-0.448
2012-07-06,-1.593,-1.186,-0.407
2012-06-29,-1.439,-1.084,-0.355
2012-06-21,-1.171,-0.996,-0.176
2012-06-15,-0.923,-0.952,0.028
2012-06-08,-0.722,-0.959,0.237
2012-06-01,-0.538,-1.018,0.480
2012-05-25,-0.572,-1.138,0.566
2012-05-18,-0.593,-1.280,0.687
2012-05-11,-0.596,-1.452,0.856
2012-05-04,-0.694,-1.666,0.971
2012-04-27,-0.986,-1.908,0.922
2012-04-20,-1.172,-2.139,0.967
2012-04-13,-1.387,-2.380,0.994
2012-04-06,-1.633,-2.629,0.996
2012-03-30,-1.804,-2.878,1.074
2012-03-23,-1.832,-3.147,1.314
2012-03-16,-1.992,-3.475,1.484
2012-03-09,-2.291,-3.846,1.555
2012-03-02,-2.777,-4.235,1.458
2012-02-24,-3.259,-4.599,1.340
2012-02-17,-3.784,-4.934,1.151
2012-02-10,-4.091,-5.222,1.131
2012-02-03,-4.503,-5.505,1.002
2012-01-20,-4.877,-5.755,0.878
2012-01-13,-5.371,-5.975,0.604
2012-01-06,-5.768,-6.126,0.357
2011-12-30,-5.900,-6.215,0.315
2011-12-23,-6.046,-6.294,0.248
2011-12-16,-6.099,-6.356,0.257
2011-12-09,-6.058,-6.420,0.363
2011-12-02,-6.180,-6.511,0.331
2011-11-25,-6.330,-6.594,0.264
2011-11-18,-6.427,-6.660,0.233
2011-11-11,-6.642,-6.718,0.076
2011-11-04,-6.910,-6.737,-0.172
2011-10-28,-7.177,-6.694,-0.483
2011-10-21,-7.338,-6.573,-0.764
2011-10-14,-7.018,-6.382,-0.636
2011-09-30,-6.975,-6.223,-0.751
2011-09-23,-7.083,-6.035,-1.048
2011-09-16,-7.091,-5.773,-1.318
2011-09-09,-7.077,-5.444,-1.633
2011-09-02,-7.012,-5.036,-1.976
2011-08-26,-6.922,-4.542,-2.381
2011-08-19,-6.766,-3.946,-2.820
2011-08-12,-6.372,-3.241,-3.131
2011-08-05,-5.984,-2.459,-3.525
2011-07-29,-5.387,-1.577,-3.810
2011-07-22,-4.516,-0.625,-3.891
2011-07-15,-3.410,0.348,-3.757
2011-07-08,-2.087,1.287,-3.374
2011-07-01,-0.424,2.131,-2.554
2011-06-24,1.718,2.769,-1.052
2011-06-17,1.571,3.032,-1.461
2011-06-10,1.942,3.397,-1.455
2011-06-03,2.406,3.761,-1.355
2011-05-27,2.856,4.100,-1.244
2011-05-20,3.468,4.411,-0.943
2011-05-13,3.939,4.647,-0.707
2011-05-06,4.456,4.824,-0.368
2011-04-29,5.335,4.916,0.419
2011-04-22,5.458,4.811,0.648
2011-04-15,5.383,4.649,0.734
2011-04-08,5.357,4.465,0.892
2011-04-01,4.925,4.243,0.682
2011-03-25,4.366,4.072,0.294
2011-03-18,4.080,3.998,0.082
2011-03-11,4.009,3.978,0.030
2011-03-04,3.923,3.970,-0.047
2011-02-25,3.941,3.982,-0.041
2011-02-18,3.869,3.993,-0.123
2011-02-11,3.747,4.023,-0.277
2011-02-01,4.135,4.093,0.042
2011-01-28,4.207,4.082,0.125
2011-01-21,4.405,4.051,0.354
2011-01-14,4.717,3.962,0.755
2011-01-07,4.946,3.773,1.172
2010-12-31,4.614,3.480,1.134
2010-12-24,4.119,3.197,0.922
2010-12-17,3.922,2.966,0.956
2010-12-10,3.555,2.728,0.827
2010-12-03,3.585,2.521,1.064
2010-11-26,3.630,2.255,1.376
2010-11-19,3.723,1.911,1.813
2010-11-12,3.941,1.458,2.483
2010-11-05,3.543,0.837,2.706
2010-10-29,2.566,0.160,2.406
2010-10-22,1.639,-0.441,2.080
2010-10-15,0.283,-0.961,1.244
2010-10-08,-0.708,-1.272,0.564
2010-09-30,-1.082,-1.413,0.331
2010-09-21,-1.181,-1.496,0.315
2010-09-17,-1.112,-1.575,0.463
2010-09-10,-1.073,-1.690,0.617
2010-09-03,-1.242,-1.845,0.602
2010-08-27,-1.436,-1.995,0.560
2010-08-20,-1.555,-2.135,0.580
2010-08-13,-1.776,-2.280,0.505
2010-08-06,-1.951,-2.406,0.455
2010-07-30,-2.284,-2.520,0.236
2010-07-23,-2.676,-2.579,-0.097
2010-07-16,-3.018,-2.555,-0.463
2010-07-09,-3.040,-2.439,-0.601
2010-07-02,-3.070,-2.289,-0.782
2010-06-25,-2.724,-2.093,-0.631
2010-06-18,-2.692,-1.935,-0.757
2010-06-11,-2.567,-1.746,-0.821
2010-06-04,-2.404,-1.541,-0.862
2010-05-28,-2.231,-1.325,-0.906
2010-05-21,-2.146,-1.099,-1.047
2010-05-14,-1.803,-0.837,-0.966
2010-05-07,-1.450,-0.596,-0.854
2010-04-30,-0.796,-0.382,-0.414
2010-04-23,-0.579,-0.279,-0.300
2010-04-16,-0.567,-0.204,-0.364
2010-04-09,-0.690,-0.113,-0.577
2010-04-02,-0.843,0.032,-0.875
2010-03-26,-1.028,0.250,-1.278
2010-03-19,-0.921,0.570,-1.491
2010-03-12,-0.679,0.943,-1.622
2010-03-05,-0.383,1.348,-1.731
2010-02-26,0.027,1.781,-1.754
2010-02-12,0.456,2.219,-1.763
2010-02-05,0.818,2.660,-1.842
2010-01-29,1.585,3.120,-1.536
2010-01-22,2.425,3.504,-1.079
2010-01-15,3.225,3.774,-0.549
2010-01-08,3.760,3.912,-0.152
2009-12-31,3.972,3.950,0.022
2009-12-25,4.113,3.944,0.169
2009-12-18,4.318,3.902,0.416
2009-12-11,4.368,3.798,0.570
2009-12-04,4.280,3.655,0.625
2009-11-27,3.765,3.499,0.266
2009-11-20,3.522,3.432,0.090
2009-11-13,3.136,3.410,-0.273
2009-11-06,3.231,3.478,-0.247
2009-10-30,3.089,3.540,-0.451
2009-10-23,3.083,3.652,-0.570
2009-10-16,2.801,3.795,-0.994
2009-10-09,2.670,4.043,-1.373
2009-09-30,2.900,4.387,-1.487
2009-09-25,3.534,4.758,-1.225
2009-09-18,4.190,5.065,-0.874
2009-09-11,4.519,5.283,-0.764
2009-09-04,4.735,5.474,-0.740
2009-08-28,5.403,5.659,-0.256
2009-08-21,6.078,5.723,0.355
2009-08-14,6.526,5.634,0.892
2009-08-07,6.757,5.411,1.346
2009-07-31,6.850,5.075,1.776
2009-07-24,6.334,4.631,1.704
2009-07-17,5.445,4.205,1.240
2009-07-10,4.944,3.895,1.050
2009-07-03,4.734,3.632,1.102
2009-06-26,4.368,3.357,1.011
2009-06-19,4.293,3.104,1.189
2009-06-12,4.282,2.807,1.475
2009-06-05,4.337,2.438,1.899
2009-05-27,4.014,1.963,2.050
2009-05-22,3.840,1.451,2.389
2009-05-15,3.353,0.854,2.499
2009-05-08,2.593,0.229,2.364
2009-04-30,2.008,-0.362,2.370
2009-04-24,1.482,-0.955,2.437
2009-04-17,1.023,-1.564,2.588
2009-04-10,0.396,-2.211,2.607
2009-04-03,-0.547,-2.863,2.316
2009-03-27,-1.449,-3.442,1.993
2009-03-20,-2.134,-3.940,1.806
2009-03-13,-2.771,-4.392,1.620
2009-03-06,-3.035,-4.797,1.762
2009-02-27,-3.299,-5.237,1.938
2009-02-20,-3.423,-5.722,2.299
2009-02-13,-3.895,-6.296,2.401
2009-02-06,-4.463,-6.897,2.433
2009-01-23,-5.142,-7.505,2.363
2009-01-16,-5.925,-8.096,2.171
2009-01-09,-6.636,-8.638,2.002
2008-12-25,-7.364,-9.139,1.775
2008-12-19,-7.930,-9.582,1.653
2008-12-12,-8.578,-9.996,1.417
2008-12-05,-9.123,-10.350,1.227
2008-11-28,-9.795,-10.657,0.862
2008-11-21,-10.161,-10.872,0.712
2008-11-14,-10.627,-11.050,0.424
2008-11-07,-11.159,-11.156,-0.003
2008-10-31,-11.375,-11.155,-0.220
2008-10-24,-11.568,-11.100,-0.467
2008-10-17,-11.822,-10.984,-0.838
2008-10-10,-11.783,-10.774,-1.009
2008-09-26,-11.715,-10.522,-1.194
2008-09-19,-12.009,-10.223,-1.785
2008-09-12,-11.999,-9.777,-2.222
2008-09-05,-11.639,-9.222,-2.417
2008-08-29,-11.188,-8.617,-2.571
2008-08-22,-10.825,-7.975,-2.850
2008-08-15,-10.312,-7.262,-3.050
2008-08-08,-9.739,-6.499,-3.240
2008-08-01,-8.872,-5.690,-3.183
2008-07-25,-8.087,-4.894,-3.193
2008-07-18,-7.428,-4.095,-3.333
2008-07-11,-6.582,-3.262,-3.319
2008-07-04,-5.952,-2.432,-3.519
2008-06-27,-4.775,-1.553,-3.222
2008-06-20,-3.750,-0.747,-3.003
2008-06-13,-1.940,0.004,-1.944
2008-06-06,0.260,0.490,-0.229
2008-05-30,2.888,0.547,2.341
2008-05-23,2.182,-0.038,2.221
2008-05-16,0.791,-0.594,1.384
2008-05-09,-0.496,-0.940,0.443
2008-04-30,-1.958,-1.051,-0.907
2008-04-25,-2.700,-0.824,-1.876
2008-04-18,-2.780,-0.355,-2.425
2008-04-11,-2.240,0.251,-2.492
2008-04-03,-2.097,0.874,-2.971
2008-03-28,-1.270,1.617,-2.887
2008-03-21,-0.338,2.339,-2.676
2008-03-14,0.484,3.008,-2.524
2008-03-07,0.798,3.639,-2.841
2008-02-29,1.781,4.349,-2.568
2008-02-22,2.723,4.991,-2.269
2008-02-15,3.396,5.558,-2.163
2008-02-05,4.094,6.099,-2.005
2008-02-01,4.915,6.600,-1.685
2008-01-25,6.011,7.021,-1.010
2008-01-18,6.384,7.274,-0.890
2008-01-11,6.071,7.496,-1.425
2008-01-04,5.549,7.852,-2.304
2007-12-28,5.933,8.428,-2.495
2007-12-21,6.175,9.052,-2.877
2007-12-14,6.858,9.771,-2.913
2007-12-07,7.614,10.499,-2.885
2007-11-30,8.299,11.221,-2.922
2007-11-23,9.286,11.951,-2.665
2007-11-16,10.528,12.617,-2.089
2007-11-09,12.116,13.140,-1.024
2007-11-02,13.761,13.396,0.365
2007-10-26,14.571,13.305,1.267
2007-10-18,15.291,12.988,2.303
2007-10-12,15.629,12.412,3.217
2007-09-28,15.426,11.608,3.818
2007-09-21,14.458,10.653,3.804
2007-09-14,13.127,9.702,3.425
2007-09-07,11.375,8.846,2.529
2007-08-31,10.001,8.214,1.787
2007-08-24,9.360,7.767,1.593
2007-08-17,8.524,7.369,1.155
2007-08-10,8.570,7.080,1.490
2007-08-03,8.161,6.708,1.453
2007-07-27,7.271,6.345,0.927
2007-07-20,6.819,6.113,0.707
2007-07-13,6.907,5.936,0.971
2007-07-06,6.849,5.694,1.155
2007-06-29,6.804,5.405,1.400
2007-06-22,6.734,5.055,1.679
2007-06-15,6.197,4.635,1.562
2007-06-08,5.910,4.245,1.665
2007-06-01,5.530,3.828,1.701
2007-05-25,nan,nan,nan
2007-05-18,nan,nan,nan
2007-05-11,nan,nan,nan
2007-04-27,nan,nan,nan
2007-04-20,nan,nan,nan
2007-04-13,nan,nan,nan
2007-04-06,nan,nan,nan
2007-03-30,nan,nan,nan
2007-03-23,nan,nan,nan
2007-03-16,nan,nan,nan
2007-03-09,nan,nan,nan
2007-03-02,nan,nan,nan
2007-02-16,nan,nan,nan
2007-02-09,nan,nan,nan
2007-02-02,nan,nan,nan
2007-01-26,nan,nan,nan
2007-01-19,nan,nan,nan
2007-01-12,nan,nan,nan
2007-01-05,nan,nan,nan
2006-12-29,nan,nan,nan
2006-12-22,nan,nan,nan
2006-12-15,nan,nan,nan
2006-12-08,nan,nan,nan
2006-12-01,nan,nan,nan
2006-11-24,nan,nan,nan
2006-11-17,nan,nan,nan
2006-11-10,nan,nan,nan
2006-11-03,nan,nan,nan
2006-10-27,nan,nan,nan
2006-10-20,nan,nan,nan
2006-10-13,nan,nan,nan
2006-09-29,nan,nan,nan
2006-09-22,nan,nan,nan
