date,open,high,close,low,volume,price_change,p_change,ma5,ma10,ma20,v_ma5,v_ma10,v_ma20,turnover
2017-03-17 15:00:00,29.8,29.82,29.6,29.56,6080.59,-0.2,-0.67,29.758,29.711,29.469,4301.94,4577.62,5752.78,0.81
2017-03-17 14:00:00,29.81,29.83,29.8,29.66,3319.69,-0.01,-0.03,29.814,29.729,29.419,3693.02,4323.35,5731.88,0.44
2017-03-17 11:30:00,29.77,29.81,29.81,29.63,1908.84,0.04,0.13,29.81,29.687,29.371,3860.67,5080.87,5785.71,0.26
2017-03-17 10:30:00,29.87,29.95,29.77,29.57,4335.0,-0.1,-0.33,29.802,29.716,29.3205,4956.04,6564.73,5926.94,0.58
2017-03-16 15:00:00,29.9,30.0,29.81,29.78,5865.56,-0.09,-0.3,29.722,29.68,29.264,5179.37,6764.27,5973.35,0.79
2017-03-16 14:00:00,29.78,29.97,29.88,29.78,3036.0,0.1,0.34,29.664,29.629,29.1885,4853.29,7011.47,5912.2,0.41
2017-03-16 11:30:00,29.78,29.89,29.78,29.67,4157.94,0.0,0.0,29.644,29.537,29.1075,4953.68,7072.36,5848.1,0.56
2017-03-16 10:30:00,29.3,29.78,29.77,29.3,7385.72,0.47,1.6,29.564,29.446,29.0325,6301.07,7201.98,5768.45,0.99
2017-03-15 15:00:00,29.52,29.55,29.37,29.36,5451.63,-0.15,-0.51,29.63,29.36,28.953,8173.41,6901.6,5551.32,0.73
2017-03-15 14:00:00,29.78,29.79,29.52,29.38,4235.18,-0.26,-0.87,29.638,29.311,28.892,8349.16,6836.8,5506.7,0.57
2017-03-15 11:30:00,29.39,29.8,29.78,29.36,3537.94,0.39,1.33,29.594,29.227,28.82,9169.65,6927.95,5373.95,0.47
2017-03-15 10:30:00,29.75,29.89,29.38,29.19,10894.9,-0.37,-1.24,29.43,29.109,28.729,9191.03,7140.42,5297.88,1.46
2017-03-14 15:00:00,29.41,30.7,30.1,29.29,16747.4,0.69,2.35,29.328,29.055,28.662,8102.87,6490.54,4871.97,2.24
2017-03-14 14:00:00,29.3,29.6,29.41,29.25,6330.4,0.11,0.38,29.09,28.925,28.558,5629.8,5289.16,4261.01,0.85
2017-03-14 11:30:00,28.96,29.3,29.3,28.96,8337.59,0.34,1.17,28.984,28.848,28.4955,5324.44,5182.42,4146.76,1.12
2017-03-14 10:30:00,28.99,28.99,28.96,28.62,3644.86,-0.03,-0.1,28.86,28.748,28.4235,4686.26,4812.92,3824.08,0.49
2017-03-13 15:00:00,28.91,28.97,28.87,28.81,5454.15,-0.04,-0.14,28.788,28.678,28.37,5089.81,4623.84,3827.62,0.73
2017-03-13 14:00:00,28.88,29.0,28.91,28.88,4382.0,0.03,0.1,28.782,28.619,28.326,4878.21,4334.92,3853.24,0.59
2017-03-13 11:30:00,28.6,28.95,28.88,28.6,4803.59,0.28,0.98,28.76,28.546,28.2845,4948.53,4201.03,3846.54,0.64
2017-03-13 10:30:00,28.51,28.89,28.68,28.41,5146.69,0.17,0.6,28.712,28.473,28.2505,5040.41,4176.61,3779.46,0.69
2017-03-10 15:00:00,28.83,28.83,28.6,28.51,5662.62,-0.23,-0.8,28.636,28.413,28.226,4939.58,3819.94,3843.37,0.76
2017-03-10 14:00:00,28.84,28.94,28.84,28.76,4396.17,0.0,0.0,28.568,28.349,28.206,4157.87,3455.33,4008.03,0.59
2017-03-10 11:30:00,28.64,28.95,28.8,28.64,4733.56,0.16,0.56,28.456,28.269,28.159,3791.63,3253.41,3844.52,0.63
2017-03-10 10:30:00,28.3,28.72,28.64,28.2,5263.01,0.34,1.2,28.332,28.191,28.1135,3453.53,3232.85,3694.19,0.7
2017-03-09 15:00:00,28.24,28.32,28.3,28.22,4642.55,0.06,0.21,28.234,28.143,28.064,3312.81,3111.09,3575.99,0.62
2017-03-09 14:00:00,28.25,28.31,28.26,28.17,1754.04,0.01,0.04,28.19,28.099,28.04,2700.3,2835.23,3513.32,0.23
2017-03-09 11:30:00,28.18,28.35,28.28,28.1,2565.0,0.1,0.35,28.13,28.062,28.024,2752.8,3031.4,3519.05,0.34
2017-03-09 10:30:00,28.19,28.19,28.18,27.93,3043.07,-0.01,-0.04,28.082,28.033,28.002,2715.18,3371.56,3593.51,0.41
2017-03-08 15:00:00,28.08,28.2,28.15,27.98,4559.37,0.07,0.25,28.05,28.023,27.985,3012.17,3492.04,3724.53,0.61
2017-03-08 14:00:00,27.96,28.09,28.08,27.91,1580.0,0.12,0.43,28.052,28.028,27.9825,2909.37,3382.31,3932.68,0.21
2017-03-08 11:30:00,28.04,28.04,27.96,27.9,2016.55,-0.08,-0.29,28.008,28.039,27.969,2970.17,3866.81,4079.09,0.27
2017-03-08 10:30:00,27.98,28.18,28.04,27.9,2376.92,0.06,0.21,27.994,28.063,27.9585,3310.01,4560.73,4152.22,0.32
2017-03-07 15:00:00,28.19,28.21,28.02,27.95,4528.0,-0.17,-0.6,27.984,28.049,27.9375,4027.94,4435.62,4253.83,0.61
2017-03-07 14:00:00,27.86,28.21,28.16,27.84,4045.36,0.3,1.08,27.996,28.036,27.919,3971.92,4155.52,4365.47,0.54
2017-03-07 11:30:00,27.89,27.89,27.86,27.83,1884.0,-0.03,-0.11,28.004,27.985,27.877,3855.25,4040.9,4237.85,0.25
2017-03-07 10:30:00,27.92,28.1,27.89,27.7,3715.76,-0.03,-0.11,28.07,27.981,27.853,4763.45,4191.4,4353.96,0.5
2017-03-06 15:00:00,28.08,28.14,27.99,27.91,5966.59,-0.09,-0.32,28.132,27.986,27.823,5811.44,4006.71,4306.73,0.8
2017-03-06 14:00:00,28.2,28.33,28.08,28.08,4247.87,-0.12,-0.43,28.114,27.971,27.7895,4843.3,3815.47,4175.88,0.57
2017-03-06 11:30:00,28.18,28.27,28.2,28.1,3462.01,0.02,0.07,28.076,27.947,27.749,4339.13,3957.01,4065.0,0.46
2017-03-06 10:30:00,28.7,28.75,28.19,28.18,6425.0,-0.51,-1.78,27.966,27.937,27.714,4226.56,4483.06,4121.71,0.86
2017-03-03 15:00:00,27.9,28.21,28.2,27.79,8955.75,0.3,1.08,27.892,27.899,27.678,3619.36,4291.38,4089.74,1.2
2017-03-03 14:00:00,27.89,27.93,27.9,27.76,1125.89,0.01,0.04,27.84,27.854,27.632,2201.97,3743.72,3952.79,0.15
2017-03-03 11:30:00,27.65,27.92,27.89,27.57,1727.02,0.24,0.87,27.828,27.826,27.598,2787.63,4072.03,4107.36,0.23
2017-03-03 10:30:00,27.51,27.96,27.65,27.51,2899.12,0.14,0.51,27.818,27.802,27.5575,3574.89,4575.41,4104.81,0.39
2017-03-02 15:00:00,27.94,27.96,27.82,27.71,3389.0,-0.12,-0.43,27.908,27.769,27.5265,4739.57,4434.79,4162.41,0.45
2017-03-02 14:00:00,27.84,28.19,27.94,27.84,1868.81,0.1,0.36,27.906,27.725,27.5035,4963.41,4516.52,4156.49,0.25
2017-03-02 11:30:00,27.84,28.1,27.84,27.78,4054.2,0.0,0.0,27.868,27.66,27.4755,5285.47,4606.75,4135.65,0.54
2017-03-02 10:30:00,28.3,28.3,27.84,27.78,5663.32,-0.46,-1.63,27.824,27.608,27.4575,5356.44,4536.29,4028.19,0.76
2017-03-01 15:00:00,27.82,28.36,28.1,27.77,8722.51,0.28,1.01,27.786,27.551,27.439,5575.92,4172.99,4126.29,1.17
2017-03-01 14:00:00,27.75,27.94,27.81,27.5,4508.2,0.06,0.22,27.63,27.491,27.395,4130.02,3760.36,3893.39,0.6
2017-03-01 11:30:00,27.62,27.78,27.75,27.39,3479.11,0.13,0.47,27.544,27.457,27.366,4069.63,3888.11,3833.91,0.47
2017-03-01 10:30:00,27.62,27.8,27.62,27.45,4409.05,0.0,0.0,27.452,27.41,27.3345,3928.03,4161.86,3838.38,0.59
2017-02-28 15:00:00,27.32,27.8,27.65,27.31,6760.74,0.33,1.21,27.392,27.37,27.304,3716.15,4142.69,3977.8,0.91
2017-02-28 14:00:00,27.38,27.38,27.32,27.26,1493.0,-0.06,-0.22,27.316,27.313,27.293,2770.06,3634.22,4472.2,0.2
2017-02-28 11:30:00,27.29,27.48,27.38,27.0,4206.27,0.09,0.33,27.352,27.284,27.241,3390.69,3890.02,4480.5,0.56
2017-02-28 10:30:00,27.18,27.46,27.29,27.18,2771.11,0.11,0.4,27.37,27.282,27.1935,3706.58,3796.46,4406.75,0.37
2017-02-27 15:00:00,27.27,27.47,27.32,27.11,3349.62,0.05,0.18,27.368,27.291,27.152,4395.7,3664.55,4477.77,0.45
2017-02-27 14:00:00,27.5,27.54,27.27,27.26,2030.28,-0.23,-0.84,27.348,27.307,27.089,4569.24,3520.08,4456.8,0.27
2017-02-27 11:30:00,27.46,27.55,27.5,27.44,4596.18,0.04,0.15,27.31,27.327,27.0225,4498.38,4079.59,4519.22,0.62
2017-02-27 10:30:00,27.2,27.5,27.47,27.09,5785.71,0.27,0.99,27.216,27.299,26.944,4389.34,4026.42,4410.66,0.77
2017-02-24 15:00:00,27.22,27.28,27.28,27.02,6216.69,0.06,0.22,27.194,27.275,26.8655,3886.34,3779.71,4345.83,0.83
2017-02-24 14:00:00,27.09,27.33,27.22,27.09,4217.32,0.13,0.48,27.214,27.259,26.7965,2933.4,3514.9,4222.1,0.56
2017-02-24 11:30:00,27.03,27.14,27.08,26.96,1676.0,0.05,0.18,27.266,27.238,26.7415,2470.93,3812.9,4147.18,0.22
2017-02-24 10:30:00,27.16,27.3,27.03,26.95,4051.0,-0.13,-0.48,27.344,27.273,26.6845,3660.79,5310.18,4294.34,0.54
2017-02-23 15:00:00,27.38,27.38,27.36,27.1,3270.67,-0.02,-0.07,27.382,27.198,26.648,3663.49,5070.98,4270.42,0.44
2017-02-23 14:00:00,27.48,27.55,27.38,27.37,1452.0,-0.1,-0.36,27.356,27.105,26.6025,3673.08,5017.05,4208.74,0.19
2017-02-23 11:30:00,27.47,27.5,27.48,27.25,1905.0,0.01,0.04,27.304,27.013,26.555,4096.39,5291.0,4219.09,0.26
2017-02-23 10:30:00,27.16,27.77,27.47,27.06,7625.29,0.31,1.14,27.21,26.871,26.5005,5154.87,5393.52,4240.35,1.02
2017-02-22 15:00:00,27.24,27.35,27.22,27.15,4064.47,-0.02,-0.07,27.202,26.718,26.45,6959.57,4958.86,4095.69,0.54
2017-02-22 14:00:00,27.11,27.38,27.23,26.81,3318.62,0.12,0.44,27.014,26.589,26.429,6478.48,4794.91,4100.25,0.44
2017-02-22 11:30:00,27.01,27.18,27.12,26.89,3568.58,0.11,0.41,26.854,26.456,26.4135,6361.02,4911.96,4032.37,0.48
2017-02-22 10:30:00,27.21,27.21,27.01,26.81,7197.39,-0.2,-0.74,26.722,26.334,26.4035,6485.61,4929.3,4003.26,0.96
2017-02-21 15:00:00,26.28,27.96,27.43,26.27,16648.8,1.15,4.38,26.532,26.245,26.4055,5632.17,4481.45,3748.49,2.23
2017-02-21 14:00:00,26.44,26.44,26.28,26.28,1659.0,-0.16,-0.61,26.234,26.096,26.3915,2958.15,3278.51,3075.07,0.22
2017-02-21 11:30:00,26.46,26.46,26.43,26.21,2731.35,-0.03,-0.11,26.164,26.098,26.444,3111.34,3469.86,3061.54,0.37
2017-02-21 10:30:00,26.1,26.46,26.46,25.87,4191.5,0.36,1.38,26.058,26.1,26.492,3462.89,3400.43,3086.0,0.56
2017-02-20 15:00:00,25.94,26.08,26.06,25.8,2930.22,0.12,0.46,25.946,26.097,26.5385,3372.98,3147.18,3002.31,0.39
2017-02-20 14:00:00,25.93,26.07,25.94,25.9,3278.67,0.01,0.04,25.958,26.13,26.604,3330.73,3087.18,2973.7,0.44
2017-02-20 11:30:00,25.9,25.95,25.93,25.83,2424.94,0.03,0.12,25.958,26.182,26.6835,3598.86,3232.52,2927.43,0.32
2017-02-20 10:30:00,25.8,25.95,25.9,25.79,4489.12,0.1,0.39,26.032,26.269,26.7575,3828.39,3405.6,3005.19,0.6
2017-02-17 15:00:00,26.12,26.12,25.9,25.8,3741.97,-0.22,-0.84,26.142,26.371,26.8325,3337.97,3152.79,3100.78,0.5
2017-02-17 14:00:00,25.94,26.33,26.12,25.94,2718.94,0.18,0.69,26.248,26.473,26.9135,2921.37,3077.23,3320.11,0.36
2017-02-17 11:30:00,26.3,26.36,25.94,25.9,4619.35,-0.36,-1.37,26.302,26.566,26.9455,2843.64,3015.53,3236.21,0.62
2017-02-17 10:30:00,26.51,26.51,26.3,26.26,3572.58,-0.21,-0.79,26.406,26.687,26.984,2866.18,2871.64,3144.35,0.48
2017-02-16 15:00:00,26.43,26.52,26.45,26.39,2037.0,0.02,0.08,26.506,26.79,27.0105,2982.81,2653.22,3112.42,0.27
2017-02-16 14:00:00,26.39,26.59,26.43,26.39,1659.0,0.04,0.15,26.6,26.884,27.052,2967.61,2771.56,3178.62,0.22
2017-02-16 11:30:00,26.46,26.64,26.39,26.31,2330.27,-0.07,-0.26,26.698,26.98,27.077,3233.08,2857.44,3147.44,0.31
2017-02-16 10:30:00,26.78,26.79,26.46,26.16,4732.07,-0.32,-1.19,26.83,27.078,27.1025,3187.43,2860.21,3092.18,0.63
2017-02-15 15:00:00,26.92,27.01,26.8,26.75,4155.71,-0.12,-0.45,26.968,27.185,27.127,2877.09,2622.34,3094.41,0.56
2017-02-15 14:00:00,26.93,26.95,26.92,26.88,1961.0,-0.01,-0.04,27.074,27.246,27.131,2323.62,2604.77,3039.36,0.26
2017-02-15 11:30:00,27.05,27.09,26.92,26.8,2986.36,-0.13,-0.48,27.168,27.294,27.1235,2575.52,3048.77,2993.56,0.4
2017-02-15 10:30:00,27.1,27.26,27.05,27.04,2102.0,-0.05,-0.18,27.262,27.354,27.1075,2481.8,3562.98,2879.07,0.28
2017-02-14 15:00:00,27.33,27.33,27.15,27.13,3180.39,-0.18,-0.66,27.326,27.325,27.0895,2533.0,3456.88,2828.07,0.43
2017-02-14 14:00:00,27.4,27.4,27.33,27.27,1388.35,-0.07,-0.26,27.402,27.281,27.0685,2367.59,3417.07,2753.35,0.19
2017-02-14 11:30:00,27.39,27.58,27.39,27.24,3220.5,0.0,0.0,27.418,27.231,27.033,2885.92,3571.63,2748.56,0.43
2017-02-14 10:30:00,27.36,27.39,27.39,27.14,2517.75,0.03,0.11,27.42,27.22,26.9975,3522.02,3585.68,2691.89,0.34
2017-02-13 15:00:00,27.53,27.55,27.37,27.22,2358.0,-0.16,-0.58,27.446,27.174,26.9635,4644.17,3437.44,2653.32,0.32
2017-02-13 14:00:00,27.42,27.61,27.53,27.42,2353.35,0.11,0.4,27.324,27.127,26.9415,4380.77,3324.14,2694.31,0.32
2017-02-13 11:30:00,27.4,27.62,27.41,27.33,3980.0,0.01,0.04,27.16,27.069,26.9115,4466.55,3566.49,2653.4,0.53
2017-02-13 10:30:00,27.37,27.54,27.4,27.02,6400.98,0.03,0.11,27.044,27.016,26.8825,4257.35,3473.94,2578.72,0.86
2017-02-10 15:00:00,26.76,27.58,27.52,26.7,8128.53,0.76,2.84,27.02,26.953,26.8485,3649.34,2938.34,2334.06,1.09
2017-02-10 14:00:00,26.71,26.8,26.76,26.65,1041.0,0.05,0.19,26.902,26.861,26.8035,2230.71,2195.15,1970.29,0.14
2017-02-10 11:30:00,26.83,26.85,26.71,26.62,2782.22,-0.12,-0.45,26.93,26.854,26.801,2267.51,2199.25,1983.82,0.37
2017-02-10 10:30:00,27.2,27.2,26.83,26.78,2934.0,-0.37,-1.36,26.978,26.856,26.793,2666.43,2089.62,1911.88,0.39
2017-02-09 15:00:00,26.93,27.28,27.28,26.92,3360.93,0.35,1.3,26.988,26.835,26.788,2690.54,1925.48,1869.69,0.45
2017-02-09 14:00:00,26.9,27.0,26.93,26.88,1035.4,0.03,0.11,26.886,26.775,26.774,2227.35,1798.11,1781.79,0.14
2017-02-09 11:30:00,26.95,26.98,26.9,26.86,1225.0,-0.05,-0.19,26.82,26.753,26.7835,2159.58,1869.19,1769.54,0.16
2017-02-09 10:30:00,26.93,27.08,26.95,26.82,4776.8,0.02,0.07,26.778,26.756,26.7945,2130.98,2064.48,1772.62,0.64
2017-02-08 15:00:00,26.77,26.9,26.88,26.72,3054.56,0.11,0.41,26.734,26.754,26.793,1512.82,1740.32,1567.63,0.41
2017-02-08 14:00:00,26.6,26.8,26.77,26.59,1045.01,0.17,0.64,26.682,26.749,26.7905,1160.42,1683.49,1484.51,0.14
2017-02-08 11:30:00,26.69,26.7,26.6,26.55,696.54,-0.09,-0.34,26.664,26.744,26.7945,1368.87,1729.77,1482.16,0.09
2017-02-08 10:30:00,26.95,26.95,26.69,26.55,1082.0,-0.26,-0.96,26.686,26.746,26.8145,1578.8,1745.43,1507.75,0.14
2017-02-07 15:00:00,26.62,26.75,26.73,26.58,1686.0,0.11,0.41,26.734,26.748,26.823,1997.98,1768.39,1612.87,0.23
2017-02-07 14:00:00,26.67,26.79,26.62,26.6,1292.57,-0.05,-0.19,26.774,26.73,26.8265,1967.82,1734.13,1661.62,0.17
2017-02-07 11:30:00,26.71,26.84,26.68,26.66,2087.23,-0.03,-0.11,26.816,26.741,26.8285,2206.55,1813.9,1661.52,0.28
2017-02-07 10:30:00,26.97,26.97,26.71,26.65,1746.22,-0.26,-0.96,26.824,26.773,26.8315,2090.67,1765.48,1645.9,0.23
2017-02-06 15:00:00,26.93,26.99,26.93,26.82,3177.88,0.0,0.0,26.806,26.814,26.835,1912.06,1669.9,1690.99,0.43
2017-02-06 14:00:00,26.83,26.99,26.93,26.75,1535.2,0.1,0.37,26.762,26.833,26.8265,1538.8,1480.75,1606.3,0.21
2017-02-06 11:30:00,26.72,26.83,26.83,26.67,2486.24,0.11,0.41,26.686,26.832,26.8185,1500.43,1394.93,1584.89,0.33
2017-02-06 10:30:00,26.6,26.9,26.72,26.6,1507.8,0.12,0.45,26.666,26.832,26.82,1421.25,1285.52,1518.3,0.2
2017-02-03 15:00:00,26.71,26.72,26.62,26.56,853.19,-0.09,-0.34,26.722,26.845,26.828,1440.29,1234.55,1562.52,0.11
2017-02-03 14:00:00,26.66,26.74,26.71,26.5,1311.55,0.05,0.19,26.822,26.883,26.8365,1427.73,1270.06,1677.83,0.18
2017-02-03 11:30:00,26.73,26.78,26.55,26.5,1343.39,-0.18,-0.67,26.904,26.898,26.8195,1422.71,1457.35,1687.58,0.18
2017-02-03 10:30:00,27.26,27.26,26.73,26.66,2090.3,-0.53,-1.94,26.978,26.923,26.808,1289.43,1589.11,1731.48,0.28
2017-01-26 15:00:00,27.12,27.2,27.0,27.0,1603.0,-0.12,-0.44,26.998,26.916,26.791,1149.8,1509.13,1712.24,0.21
2017-01-26 14:00:00,27.12,27.15,27.12,26.99,790.42,0.0,0.0,26.968,26.89,26.7435,1028.81,1526.33,1714.97,0.11
2017-01-26 11:30:00,26.92,27.14,27.12,26.88,1286.44,0.2,0.74,26.944,26.856,26.6935,1112.39,1712.09,1719.86,0.17
2017-01-26 10:30:00,26.81,26.99,26.92,26.75,677.0,0.11,0.41,26.892,26.82,26.6455,1491.99,1731.85,1721.18,0.09
2017-01-25 15:00:00,26.85,26.95,26.83,26.78,1392.15,-0.02,-0.07,26.868,26.805,26.597,1888.79,1774.86,1799.3,0.19
2017-01-25 14:00:00,26.93,27.07,26.85,26.85,998.03,-0.08,-0.3,26.834,26.808,26.564,1868.46,1751.07,1955.38,0.13
2017-01-25 11:30:00,26.85,27.03,27.0,26.85,1208.32,0.15,0.56,26.812,26.811,26.537,2023.86,1890.5,2001.22,0.16
2017-01-25 10:30:00,27.49,27.49,26.86,26.7,3184.43,-0.63,-2.29,26.768,26.79,26.5,2311.79,2085.61,2014.04,0.43
2017-01-24 15:00:00,26.66,26.84,26.8,26.65,2661.0,0.14,0.53,26.748,26.741,26.457,1971.71,1917.82,1988.47,0.36
2017-01-24 14:00:00,26.74,26.75,26.66,26.65,1290.53,-0.08,-0.3,26.742,26.693,26.4395,1660.93,1873.86,2164.37,0.17
2017-01-24 11:30:00,26.78,26.78,26.74,26.62,1775.0,-0.04,-0.15,26.782,26.666,26.399,1633.68,1915.34,2454.0,0.24
2017-01-24 10:30:00,26.7,26.89,26.78,26.6,2648.0,0.08,0.3,26.81,26.597,26.3445,1757.15,1903.6,2523.7,0.35
2017-01-23 15:00:00,26.77,26.8,26.76,26.69,1484.0,-0.01,-0.04,26.812,26.531,26.293,1859.42,1727.62,2558.43,0.2
2017-01-23 14:00:00,26.88,26.89,26.77,26.76,1107.1,-0.11,-0.41,26.734,26.471,26.2555,1863.93,1710.52,3225.0,0.15
2017-01-23 11:30:00,26.88,26.95,26.86,26.82,1154.28,-0.02,-0.07,26.644,26.389,26.239,2086.79,1823.74,3435.49,0.15
2017-01-23 10:30:00,26.7,27.0,26.88,26.61,2392.35,0.18,0.67,26.55,26.32,26.244,2197.01,2159.69,3598.13,0.32
2017-01-20 15:00:00,26.37,26.8,26.79,26.36,3159.37,0.42,1.59,26.384,26.263,26.2655,2050.06,2111.93,3705.41,0.42
2017-01-20 14:00:00,26.33,26.45,26.37,26.3,1506.56,0.04,0.15,26.25,26.21,26.336,1595.82,1942.46,3692.39,0.2
2017-01-20 11:30:00,26.39,26.43,26.32,26.19,2221.4,-0.07,-0.27,26.208,26.173,26.438,1557.11,2059.12,3682.4,0.3
2017-01-20 10:30:00,25.71,26.5,26.39,25.71,1705.35,0.68,2.64,26.134,26.186,26.5595,1560.7,2454.87,3641.43,0.23
2017-01-19 15:00:00,26.12,26.16,26.05,26.0,1657.64,-0.07,-0.27,26.09,26.132,26.6575,2122.37,2992.65,3750.51,0.22
2017-01-19 14:00:00,26.17,26.24,26.12,26.01,888.15,-0.05,-0.19,26.142,26.092,26.7975,2173.8,3143.8,3745.43,0.12
2017-01-19 11:30:00,25.95,26.31,26.16,25.92,1313.0,0.21,0.81,26.17,26.055,26.9315,2289.11,3389.24,3826.38,0.18
2017-01-19 10:30:00,26.08,26.08,25.95,25.7,2239.35,-0.13,-0.5,26.138,26.04,27.069,2561.14,4739.48,3828.45,0.3
2017-01-18 15:00:00,26.31,26.32,26.17,26.09,4513.7,-0.14,-0.53,26.238,26.089,27.213,3349.05,5047.24,3811.01,0.6
2017-01-18 14:00:00,26.26,26.31,26.31,26.13,1914.78,0.05,0.19,26.174,26.168,27.3465,3862.93,5036.57,3682.5,0.26
2017-01-18 11:30:00,26.0,26.37,26.26,26.0,1464.72,0.26,1.0,26.042,26.268,27.4755,4113.8,5298.9,3697.93,0.2
2017-01-18 10:30:00,25.9,26.29,26.0,25.61,2673.15,0.1,0.39,25.94,26.462,27.6135,4489.37,5442.32,3678.41,0.36
2017-01-17 15:00:00,25.85,26.5,26.45,25.85,6178.88,0.6,2.32,25.942,26.703,27.7715,6917.82,5305.68,3630.55,0.83
2017-01-17 14:00:00,25.63,25.85,25.85,24.94,7083.14,0.22,0.86,25.94,26.933,27.917,6745.44,4827.98,3649.66,0.95
2017-01-17 11:30:00,25.75,25.9,25.65,25.63,3169.11,-0.1,-0.39,26.162,27.183,28.1185,6210.21,4508.37,3357.54,0.42
2017-01-17 10:30:00,26.0,26.18,25.75,25.47,3342.56,-0.25,-0.96,26.494,27.503,28.3195,6483.99,4347.06,3251.74,0.45
2017-01-16 15:00:00,26.44,26.45,26.01,25.38,14815.4,-0.43,-1.63,26.984,27.808,28.5155,6395.26,4263.51,3178.52,1.98
2017-01-16 14:00:00,26.95,27.0,26.44,26.36,5317.0,-0.51,-1.89,27.464,28.098,28.704,3693.55,2917.42,2528.13,0.71
2017-01-16 11:30:00,27.31,27.35,26.96,26.94,4407.0,-0.35,-1.28,27.926,28.337,28.8735,2910.52,2574.78,2371.3,0.59
2017-01-16 10:30:00,28.0,28.0,27.31,27.27,4538.0,-0.69,-2.46,28.204,28.525,29.0225,2806.52,2328.42,2435.44,0.61
2017-01-13 15:00:00,28.41,28.45,28.2,28.15,2898.96,-0.21,-0.74,28.512,28.683,29.1515,2210.12,2096.97,2412.28,0.39
2017-01-13 14:00:00,28.75,28.75,28.41,28.4,1306.77,-0.34,-1.18,28.632,28.765,29.235,2131.76,1914.5,2414.77,0.18
2017-01-13 11:30:00,28.35,28.78,28.75,28.33,1401.86,0.4,1.41,28.732,28.84,29.314,2141.3,1955.41,2455.87,0.19
2017-01-13 10:30:00,28.95,28.95,28.35,28.28,3887.0,-0.6,-2.07,28.748,28.901,29.3865,2239.04,2471.34,2458.47,0.52
2017-01-12 15:00:00,28.8,28.94,28.85,28.7,1556.0,0.05,0.17,28.846,29.054,29.483,1850.33,2206.71,2383.86,0.21
2017-01-12 14:00:00,28.95,29.11,28.8,28.75,2507.17,-0.15,-0.52,28.854,29.136,29.5535,1983.82,2156.43,2463.79,0.34
2017-01-12 11:30:00,28.87,28.91,28.91,28.79,1354.47,0.04,0.14,28.898,29.223,29.6375,1697.23,2093.53,2521.94,0.18
2017-01-12 10:30:00,28.94,29.15,28.83,28.7,1890.57,-0.11,-0.38,28.948,29.31,29.725,1769.52,2138.85,2891.73,0.25
2017-01-11 15:00:00,28.89,28.9,28.84,28.8,1943.43,-0.05,-0.17,29.054,29.41,29.819,2703.64,2167.83,3266.12,0.26
2017-01-11 14:00:00,29.02,29.08,28.89,28.81,2223.44,-0.13,-0.45,29.262,29.52,29.872,2563.08,2542.46,3339.6,0.3
2017-01-11 11:30:00,29.16,29.23,29.02,29.01,1074.24,-0.14,-0.48,29.418,29.62,29.9315,2329.04,2727.6,3445.5,0.14
2017-01-11 10:30:00,29.36,29.36,29.16,29.0,1715.93,-0.2,-0.68,29.548,29.705,29.981,2489.83,2915.05,3907.46,0.23
2017-01-10 15:00:00,29.88,29.92,29.36,28.95,6561.18,-0.52,-1.74,29.672,29.788,29.9815,2508.17,2956.34,3904.06,0.88
2017-01-10 14:00:00,29.67,29.88,29.88,29.65,1240.63,0.21,0.71,29.766,29.872,29.969,1632.01,2445.59,3708.1,0.17
2017-01-10 11:30:00,29.67,29.75,29.67,29.62,1053.21,0.0,0.0,29.778,29.912,29.9325,2521.83,2561.02,3743.02,0.14
2017-01-10 10:30:00,29.9,29.9,29.67,29.6,1878.19,-0.23,-0.77,29.822,29.971,29.901,3126.15,2771.16,3867.5,0.25
2017-01-09 15:00:00,29.83,29.87,29.78,29.75,1807.64,-0.05,-0.17,29.862,30.052,29.869,3340.28,2950.34,3957.1,0.24
2017-01-09 14:00:00,29.94,29.94,29.83,29.73,2180.38,-0.11,-0.37,29.904,30.14,29.815,3404.5,3644.62,4342.68,0.29
2017-01-09 11:30:00,29.89,30.05,29.94,29.87,5689.73,0.05,0.17,29.978,30.228,29.7375,3259.17,4364.41,4508.62,0.76
2017-01-09 10:30:00,29.68,30.1,29.89,29.66,4074.82,0.21,0.71,30.046,30.224,29.653,2600.21,4136.74,4514.46,0.55
2017-01-06 15:00:00,29.99,30.06,29.87,29.7,2948.81,-0.12,-0.4,30.12,30.243,29.574,2416.17,4163.4,4681.23,0.39
2017-01-06 14:00:00,30.2,30.21,29.99,29.87,2128.77,-0.21,-0.7,30.242,30.257,29.513,2560.41,4899.87,5021.73,0.29
2017-01-06 11:30:00,30.28,30.3,30.2,30.2,1453.71,-0.08,-0.26,30.376,30.175,29.4595,3884.74,4851.79,5059.84,0.19
2017-01-06 10:30:00,30.51,30.51,30.28,30.02,2394.94,-0.23,-0.75,30.478,30.066,29.407,5469.66,4970.62,5120.31,0.32
2017-01-05 15:00:00,30.48,30.5,30.26,30.25,3154.6,-0.22,-0.72,30.402,29.953,29.352,5673.28,4925.02,5126.11,0.42
2017-01-05 14:00:00,30.65,30.72,30.48,30.27,3670.05,-0.17,-0.55,30.366,29.831,29.2955,5910.63,4963.84,5178.08,0.49
2017-01-05 11:30:00,30.71,31.0,30.66,30.62,8750.38,-0.05,-0.16,30.272,29.686,29.233,7239.32,4963.85,5150.53,1.17
2017-01-05 10:30:00,29.9,30.79,30.71,29.77,9378.32,0.81,2.71,29.974,29.49,29.164,5818.84,5040.75,4880.46,1.26
2017-01-04 15:00:00,30.08,30.09,29.9,29.86,3413.05,-0.18,-0.6,29.654,29.247,29.1,4471.58,4652.82,4604.19,0.46
2017-01-04 14:00:00,30.01,30.14,30.08,29.96,4341.35,0.07,0.23,29.504,29.082,29.0905,4176.75,4892.17,4723.54,0.58
2017-01-04 11:30:00,29.17,30.1,30.01,29.17,10313.5,0.84,2.88,29.296,28.905,29.0795,4017.05,5199.06,5301.37,1.38
2017-01-04 10:30:00,29.19,29.19,29.17,29.06,1648.0,-0.02,-0.07,29.1,28.769,29.0515,2688.38,5143.6,5014.6,0.22
2017-01-03 15:00:00,29.15,29.19,29.11,29.06,2642.0,-0.04,-0.14,29.006,28.744,29.0665,4262.66,5267.9,5169.05,0.35
2017-01-03 14:00:00,29.03,29.17,29.15,28.96,1938.9,0.12,0.41,28.84,28.748,29.091,4834.06,5270.0,5195.1,0.26
2017-01-03 11:30:00,29.01,29.2,29.04,28.8,3542.81,0.03,0.1,28.66,28.751,29.0935,5607.59,5327.21,5185.95,0.47
2017-01-03 10:30:00,28.66,29.04,29.03,28.66,3670.2,0.37,1.29,28.514,28.76,29.1035,6381.07,5392.33,5125.61,0.49
2016-12-30 15:00:00,28.28,28.77,28.7,28.28,9519.37,0.42,1.49,28.438,28.78,29.116,7598.81,5337.2,5359.45,1.28
2016-12-30 14:00:00,28.25,28.32,28.28,28.18,5499.0,0.03,0.11,28.482,28.838,29.1665,6273.14,4720.17,5336.13,0.74
2016-12-30 11:30:00,28.31,28.36,28.25,28.16,5806.58,-0.06,-0.21,28.656,28.953,29.2345,5705.94,4555.57,5209.67,0.78
2016-12-30 10:30:00,28.8,28.83,28.31,28.21,7410.2,-0.49,-1.7,28.842,29.099,29.2975,5046.82,4554.91,4989.94,0.99
2016-12-29 15:00:00,28.92,28.96,28.65,28.41,9758.9,-0.27,-0.93,29.006,29.254,29.362,4403.59,5403.69,4756.98,1.31
2016-12-29 14:00:00,29.19,29.23,28.92,28.92,2891.0,-0.27,-0.92,29.122,29.334,29.4245,3075.6,4885.6,4413.89,0.39
2016-12-29 11:30:00,29.18,29.27,29.15,29.07,2663.0,-0.03,-0.1,29.194,29.389,29.4585,3167.2,5070.2,4380.46,0.36
2016-12-29 10:30:00,29.01,29.38,29.18,29.0,2511.0,0.17,0.59,29.25,29.434,29.486,3405.2,5120.2,4310.39,0.34
2016-12-28 15:00:00,29.2,29.28,29.13,29.0,4194.06,-0.07,-0.24,29.356,29.436,29.509,4063.0,5044.7,4365.99,0.56
2016-12-28 14:00:00,29.33,29.33,29.23,29.18,3118.94,-0.1,-0.34,29.502,29.447,29.5555,6403.79,4858.89,4246.44,0.42
2016-12-28 11:30:00,29.43,29.46,29.28,28.99,3349.0,-0.15,-0.51,29.546,29.452,29.5945,6695.6,5381.7,4196.64,0.45
2016-12-28 10:30:00,29.67,29.67,29.43,29.38,3853.0,-0.24,-0.81,29.584,29.495,29.631,6973.2,5952.1,4227.59,0.52
2016-12-27 15:00:00,29.86,29.94,29.71,29.69,5800.0,-0.15,-0.5,29.618,29.516,29.676,6835.2,5863.77,4319.44,0.78
2016-12-27 14:00:00,29.45,30.0,29.86,29.15,15898.0,0.41,1.39,29.516,29.496,29.6925,6026.4,5424.97,4169.69,2.13
2016-12-27 11:30:00,29.47,29.68,29.45,29.2,4578.0,-0.02,-0.07,29.392,29.47,29.696,3314.0,4110.27,3454.04,0.61
2016-12-27 10:30:00,29.5,29.57,29.47,29.15,4737.0,-0.03,-0.1,29.358,29.515,29.7235,4067.8,3942.18,3321.74,0.63
2016-12-26 15:00:00,29.2,29.6,29.6,29.2,3163.0,0.4,1.37,29.406,29.528,29.748,4930.99,3690.71,3192.48,0.42
2016-12-26 14:00:00,29.24,29.24,29.2,29.1,1756.0,-0.04,-0.14,29.414,29.538,29.774,4892.34,3500.58,3246.2,0.24
2016-12-26 11:30:00,29.28,29.28,29.24,29.03,2335.98,-0.04,-0.14,29.476,29.582,29.8125,4823.54,3687.28,3228.65,0.31
2016-12-26 10:30:00,29.73,29.73,29.28,29.2,8347.0,-0.45,-1.51,29.548,29.664,29.839,4906.55,3633.98,3159.3,1.12
2016-12-23 15:00:00,29.63,30.18,29.71,29.6,9052.98,0.08,0.27,29.672,29.737,29.862,3816.56,3011.58,2847.63,1.21
2016-12-23 14:00:00,29.51,29.71,29.64,29.37,2969.76,0.13,0.44,29.65,29.767,29.8665,2450.43,2503.08,2564.46,0.4
2016-12-23 11:30:00,29.6,29.6,29.51,29.45,1412.0,-0.09,-0.3,29.662,29.836,29.8785,2108.81,2775.1,2480.44,0.19
2016-12-23 10:30:00,29.9,29.9,29.6,29.47,2751.0,-0.3,-1.0,29.688,29.889,29.894,2551.01,2914.41,2477.34,0.37
2016-12-22 15:00:00,29.6,30.0,29.9,29.57,2897.05,0.3,1.01,29.78,29.922,29.914,2361.41,2797.81,2553.22,0.39
2016-12-22 14:00:00,29.7,29.72,29.6,29.55,2222.34,-0.1,-0.34,29.802,29.932,29.909,2206.6,2701.3,2536.88,0.3
2016-12-22 11:30:00,29.64,29.73,29.7,29.59,1261.66,0.06,0.2,29.884,29.968,29.923,2555.73,2694.24,2556.26,0.17
2016-12-22 10:30:00,30.06,30.06,29.64,29.21,3623.0,-0.42,-1.4,30.01,30.01,29.9405,3441.4,2991.83,2713.73,0.49
2016-12-21 15:00:00,30.01,30.09,30.06,29.98,1803.0,0.05,0.17,30.09,30.043,29.947,3277.81,2770.03,2780.53,0.24
2016-12-21 14:00:00,30.02,30.15,30.01,29.96,2123.0,-0.01,-0.03,30.064,30.014,29.9205,3234.21,2684.63,3013.75,0.28
2016-12-21 11:30:00,30.34,30.4,30.01,29.96,3967.98,-0.33,-1.09,30.062,29.987,29.916,3196.01,2683.68,3263.77,0.53
2016-12-21 10:30:00,30.29,30.7,30.33,30.27,5690.0,0.04,0.13,30.052,29.966,29.9105,2832.76,2625.84,3549.13,0.76
2016-12-20 15:00:00,29.93,30.1,30.04,29.86,2805.06,0.11,0.37,30.01,29.921,29.8985,2542.26,2185.78,3472.38,0.38
2016-12-20 14:00:00,30.1,30.1,29.93,29.9,1585.0,-0.17,-0.56,29.996,29.899,29.9515,2262.25,2040.27,3556.88,0.21
2016-12-20 11:30:00,29.96,30.13,30.0,29.6,1932.0,0.04,0.13,29.964,29.906,29.9875,2135.05,2308.64,3588.23,0.26
2016-12-20 10:30:00,30.13,30.13,29.96,29.74,2151.73,-0.17,-0.56,29.912,29.886,29.9965,2171.36,2372.46,3853.38,0.29
2016-12-19 15:00:00,29.97,30.24,30.12,29.92,4237.52,0.15,0.5,29.88,29.878,29.9825,2418.92,2418.28,4224.1,0.57
2016-12-19 14:00:00,29.74,29.99,29.97,29.74,1405.0,0.23,0.77,29.832,29.871,30.009,1829.29,2435.64,4662.24,0.19
2016-12-19 11:30:00,29.74,29.79,29.77,29.61,949.0,0.03,0.1,29.802,29.851,30.0905,1818.29,2791.04,4757.22,0.13
2016-12-19 10:30:00,29.84,29.84,29.74,29.6,2113.55,-0.1,-0.34,29.848,29.827,30.1965,2482.23,3342.87,5200.92,0.28
2016-12-16 15:00:00,29.88,29.9,29.8,29.71,3389.53,-0.08,-0.27,29.86,29.845,30.3395,2573.56,3843.85,5412.43,0.45
2016-12-16 14:00:00,29.82,29.9,29.88,29.75,1289.36,0.06,0.2,29.876,29.855,30.5475,2417.65,4472.42,5338.46,0.17
2016-12-16 11:30:00,30.0,30.05,29.82,29.82,1350.0,-0.18,-0.6,29.91,29.876,30.7575,3041.99,4758.98,5357.94,0.18
2016-12-16 10:30:00,29.8,30.1,30.0,29.41,4268.69,0.2,0.67,29.9,30.004,30.983,3763.79,5073.48,5455.12,0.57
2016-12-15 15:00:00,29.88,29.89,29.8,29.65,2570.2,-0.08,-0.27,29.806,30.069,31.2045,4203.51,4867.81,5349.32,0.34
2016-12-15 14:00:00,30.05,30.3,29.88,29.88,2610.0,-0.17,-0.57,29.83,30.107,31.4385,5114.14,5334.29,5475.31,0.35
2016-12-15 11:30:00,29.77,30.09,30.05,29.66,4411.05,0.28,0.94,29.834,30.087,31.669,6527.19,6029.92,5428.51,0.59
2016-12-15 10:30:00,29.52,29.94,29.77,29.52,4959.0,0.25,0.85,29.842,30.147,31.8905,6475.98,6888.85,5292.41,0.66
2016-12-14 15:00:00,29.92,29.99,29.53,29.38,6467.28,-0.39,-1.3,30.108,30.33,32.122,6383.18,6723.4,5387.16,0.87
2016-12-14 14:00:00,29.93,29.95,29.92,29.71,7123.38,-0.01,-0.03,30.332,30.566,32.353,5532.12,7058.97,5299.76,0.95
2016-12-14 11:30:00,30.09,30.22,29.9,29.82,9675.23,-0.19,-0.63,30.384,30.834,32.559,5554.45,6981.02,5092.24,1.3
2016-12-14 10:30:00,30.69,30.97,30.09,29.94,4155.0,-0.6,-1.96,30.34,31.24,32.768,5532.66,6204.49,4711.28,0.56
2016-12-13 15:00:00,30.65,31.4,31.1,30.65,4495.0,0.45,1.47,30.452,31.639,32.9575,7301.72,5956.89,4585.32,0.6
2016-12-13 14:00:00,30.18,30.85,30.65,30.18,2212.0,0.47,1.56,30.552,31.962,33.104,7063.62,5836.76,4417.62,0.3
2016-12-13 11:30:00,29.68,30.2,30.18,29.6,7235.0,0.5,1.68,30.8,32.34,33.2795,8585.82,5830.83,4345.07,0.97
2016-12-13 10:30:00,30.4,30.4,29.68,29.44,9566.28,-0.72,-2.37,31.284,32.77,33.4765,8407.58,5616.33,4049.44,1.28
2016-12-12 15:00:00,31.6,31.6,30.65,30.56,13000.3,-0.95,-3.01,32.14,33.251,33.697,6876.33,4827.1,3686.14,1.74
2016-12-12 14:00:00,31.89,32.05,31.6,31.6,3304.51,-0.29,-0.91,32.826,33.634,33.862,4612.07,3695.98,3287.58,0.44
2016-12-12 11:30:00,32.6,32.6,31.89,30.95,9823.01,-0.71,-2.18,33.372,33.914,33.9905,4609.91,4050.92,3226.1,1.32
2016-12-12 10:30:00,33.51,34.02,32.6,32.6,6343.82,-0.91,-2.72,33.88,34.14,34.09,3075.85,3540.54,2858.95,0.85
2016-12-09 15:00:00,34.08,34.17,33.96,33.96,1910.0,-0.12,-0.35,34.256,34.284,34.163,2825.08,3203.46,2741.91,0.26
2016-12-09 14:00:00,34.33,34.38,34.08,34.08,1679.0,-0.25,-0.73,34.362,34.296,34.1625,2777.88,3218.06,2778.61,0.22
2016-12-09 11:30:00,34.43,34.47,34.33,34.0,3293.7,-0.1,-0.29,34.442,34.276,34.162,2779.88,3213.74,2842.91,0.44
2016-12-09 10:30:00,34.41,34.56,34.43,34.31,2152.72,0.02,0.06,34.456,34.246,34.136,3491.94,2998.47,2996.22,0.29
2016-12-08 15:00:00,34.49,34.67,34.48,34.4,5090.0,-0.01,-0.03,34.4,34.219,34.1475,4005.24,2859.3,3102.23,0.68
2016-12-08 14:00:00,34.48,34.51,34.49,34.31,1674.0,0.01,0.03,34.312,34.183,34.1785,3581.84,2482.55,3145.83,0.22
2016-12-08 11:30:00,34.4,34.5,34.48,34.21,1689.0,0.08,0.23,34.23,34.143,34.2055,3658.24,2545.18,3230.53,0.23
2016-12-08 10:30:00,34.16,34.75,34.4,34.16,6854.0,0.24,0.7,34.11,34.09,34.221,3647.6,2879.18,3272.83,0.92
2016-12-07 15:00:00,34.04,34.2,34.15,33.9,4719.2,0.11,0.32,34.036,34.067,34.243,2505.0,2401.28,3139.8,0.63
2016-12-07 14:00:00,34.17,34.19,34.04,34.04,2973.0,-0.13,-0.38,34.038,34.04,34.2855,1713.36,2177.36,3166.88,0.4
2016-12-07 11:30:00,33.88,34.17,34.08,33.8,2056.0,0.2,0.59,34.054,34.042,34.3195,1383.27,2280.36,3166.8,0.28
2016-12-07 10:30:00,34.04,34.18,33.88,33.71,1635.8,-0.16,-0.47,34.056,34.029,34.353,1432.12,2339.17,3145.0,0.22
2016-12-06 15:00:00,34.16,34.16,34.03,34.03,1141.0,-0.13,-0.38,34.07,34.048,34.396,2110.76,2472.09,3490.06,0.15
2016-12-06 14:00:00,34.12,34.2,34.16,33.94,761.0,0.04,0.12,34.098,34.026,34.3305,2297.56,2993.96,3568.5,0.1
2016-12-06 11:30:00,34.09,34.12,34.12,33.88,1322.54,0.03,0.09,34.042,34.076,34.2685,2641.36,3345.16,3688.16,0.18
2016-12-06 10:30:00,33.95,34.49,34.09,33.95,2300.27,0.14,0.41,34.03,34.174,34.198,3177.45,3809.11,3709.88,0.31
2016-12-05 15:00:00,34.17,34.24,33.95,33.67,5029.0,-0.22,-0.64,34.002,34.268,34.125,3246.21,3915.88,3792.26,0.67
2016-12-05 14:00:00,33.85,34.4,34.17,33.7,2075.0,0.32,0.95,34.026,34.352,34.0615,2833.41,3666.48,3718.47,0.28
2016-12-05 11:30:00,34.06,34.22,33.88,33.59,2480.0,-0.18,-0.53,33.954,34.419,33.9865,3690.36,3878.32,3721.5,0.33
2016-12-05 10:30:00,33.97,34.29,34.06,33.47,4003.0,0.09,0.26,34.11,34.531,33.9275,4048.96,4156.39,3742.29,0.54
2016-12-02 15:00:00,34.07,34.24,33.95,33.89,2644.06,-0.12,-0.35,34.318,34.597,33.8695,4440.76,4053.23,3971.38,0.35
2016-12-02 14:00:00,33.86,34.09,34.07,33.7,2965.0,0.21,0.62,34.534,34.677,33.821,4585.55,3950.82,4578.73,0.4
2016-12-02 11:30:00,34.66,34.66,33.81,33.81,6359.72,-0.85,-2.45,34.678,34.744,33.7405,4499.55,4508.03,4905.69,0.85
2016-12-02 10:30:00,34.98,34.98,34.66,34.6,4273.0,-0.32,-0.91,34.884,34.635,33.649,4066.28,4143.05,4708.2,0.57
2016-12-01 15:00:00,35.03,35.11,35.1,34.7,5962.03,0.07,0.2,34.952,34.461,33.5125,4263.82,4031.16,4700.99,0.8
2016-12-01 14:00:00,34.79,35.12,35.03,34.79,3368.0,0.24,0.69,34.876,34.222,33.334,3665.7,3610.65,4610.59,0.45
2016-12-01 11:30:00,34.84,34.93,34.79,34.66,2535.0,-0.05,-0.14,34.82,33.982,33.1625,3316.1,3668.64,4621.23,0.34
2016-12-01 10:30:00,35.0,35.68,34.84,34.59,4193.36,-0.16,-0.46,34.81,33.771,32.9985,4516.5,3770.46,4698.74,0.56
2016-11-30 15:00:00,34.72,35.06,35.0,34.68,5260.73,0.28,0.81,34.386,33.554,32.819,4219.81,3564.69,4804.9,0.7
2016-11-30 14:00:00,34.75,34.83,34.72,34.5,2971.4,-0.03,-0.09,33.97,33.324,32.629,3798.49,3328.19,4734.26,0.4
2016-11-30 11:30:00,34.75,34.9,34.75,34.65,1620.0,0.0,0.0,33.568,33.142,32.4405,3555.61,3889.54,4619.04,0.22
2016-11-30 10:30:00,34.56,35.05,34.74,34.56,8537.03,0.18,0.52,33.144,32.965,32.2475,4021.18,5206.63,4621.74,1.14
2016-10-13 15:00:00,32.92,32.97,32.72,32.7,2709.91,-0.2,-0.61,32.732,32.737,32.0575,3024.42,5303.36,4281.05,0.36
2016-10-13 14:00:00,32.71,32.97,32.92,32.63,3154.11,0.21,0.64,32.722,32.663,31.967,2909.57,5273.36,4236.28,0.42
2016-10-13 11:30:00,32.63,32.84,32.71,32.62,1757.0,0.08,0.25,32.678,32.564,31.8715,2857.89,5370.83,4138.67,0.24
2016-10-13 10:30:00,32.7,32.88,32.63,32.5,3947.84,-0.07,-0.21,32.716,32.446,31.7945,4223.47,5610.53,4113.48,0.53
2016-10-12 15:00:00,32.69,32.8,32.68,32.55,3553.26,-0.01,-0.03,32.786,32.343,31.7245,6392.08,5573.82,4025.89,0.48
2016-10-12 14:00:00,32.69,32.79,32.67,32.66,2135.63,-0.02,-0.06,32.742,32.226,31.641,7582.3,5627.02,3996.24,0.29
2016-10-12 11:30:00,32.9,32.97,32.7,32.69,2895.73,-0.2,-0.61,32.604,32.084,31.5575,7637.15,6045.1,4127.56,0.39
2016-10-12 10:30:00,32.9,33.33,32.9,32.58,8584.87,0.0,0.0,32.45,31.934,31.4725,7883.76,6140.32,4062.64,1.15
2016-10-11 15:00:00,32.45,33.09,32.98,32.4,14790.9,0.53,1.63,32.176,31.739,31.3725,6997.58,5348.53,3804.5,1.98
2016-10-11 14:00:00,31.98,32.55,32.46,31.98,9504.35,0.48,1.5,31.9,31.53,31.285,4755.56,4036.86,3199.61,1.27
2016-10-11 11:30:00,31.93,32.04,31.98,31.91,2409.91,0.05,0.16,31.71,31.378,31.2135,3671.74,3258.75,2815.37,0.32
2016-10-11 10:30:00,31.56,32.11,31.93,31.46,4128.78,0.37,1.17,31.564,31.271,31.164,4453.06,3199.21,2882.02,0.55
2016-10-10 15:00:00,31.6,31.6,31.53,31.46,4154.0,-0.07,-0.22,31.418,31.179,31.1325,4396.88,2906.52,2758.18,0.56
2016-10-10 14:00:00,31.51,31.65,31.6,31.4,3580.74,0.09,0.29,31.302,31.143,31.112,3699.48,2616.43,2793.88,0.48
2016-10-10 11:30:00,31.24,31.51,31.51,31.24,4085.25,0.27,0.86,31.16,31.106,31.1025,3318.15,2477.95,2703.7,0.55
2016-10-10 10:30:00,31.19,31.46,31.25,31.12,6316.52,0.06,0.19,31.046,31.056,31.095,2845.76,2365.46,2659.43,0.85
2016-09-30 15:00:00,30.95,31.4,31.2,30.95,3847.91,0.25,0.81,30.978,31.031,31.1005,1945.35,2210.02,2602.21,0.52
2016-09-30 14:00:00,30.89,30.99,30.95,30.88,667.0,0.06,0.19,30.94,31.011,31.1405,1416.15,1984.96,2658.36,0.09
2016-09-30 11:30:00,30.94,30.94,30.89,30.82,1674.09,-0.05,-0.16,30.984,31.006,31.194,1533.37,2260.48,2798.46,0.22
2016-09-30 10:30:00,30.9,30.99,30.94,30.86,1723.27,0.04,0.13,31.052,31.04,31.2505,1637.75,2362.37,2876.55,0.23
2016-09-29 15:00:00,31.01,31.03,30.91,30.88,1814.5,-0.1,-0.32,31.066,31.049,31.294,1885.16,2371.99,2941.04,0.24
2016-09-29 14:00:00,31.17,31.17,31.01,31.01,1201.87,-0.16,-0.51,31.084,31.057,31.3335,2474.69,2564.84,3032.5,0.16
2016-09-29 11:30:00,31.24,31.24,31.17,31.1,1253.13,-0.07,-0.22,31.082,31.086,31.375,2553.78,2609.85,3075.31,0.17
2016-09-29 10:30:00,31.01,31.25,31.23,31.01,2196.0,0.22,0.71,31.028,31.081,31.421,2987.58,2971.34,3169.65,0.29
2016-09-28 15:00:00,31.0,31.03,31.01,30.85,2960.29,0.01,0.03,31.028,31.099,31.4695,3086.98,2929.44,3294.21,0.4
2016-09-28 14:00:00,31.0,31.12,31.0,30.83,4762.18,0.0,0.0,31.032,31.134,31.5015,2858.82,2953.41,3272.6,0.64
2016-09-28 11:30:00,30.9,31.02,31.0,30.89,1597.32,0.1,0.32,31.03,31.17,31.5515,2654.98,2994.39,3110.39,0.21
2016-09-28 10:30:00,31.29,31.4,30.9,30.85,3422.1,-0.39,-1.25,31.09,31.27,31.5945,2665.92,3331.75,3096.37,0.46
2016-09-27 15:00:00,31.04,31.29,31.23,30.92,2693.03,0.19,0.61,31.134,31.382,31.6495,2955.1,3336.44,3000.88,0.36
2016-09-27 14:00:00,30.98,31.22,31.03,30.87,1819.46,0.05,0.16,31.17,31.461,31.6865,2771.89,3390.74,2939.03,0.24
2016-09-27 11:30:00,31.3,31.3,30.99,30.8,3743.0,-0.31,-0.99,31.236,31.539,31.725,3048.0,3510.09,2910.01,0.5
2016-09-27 10:30:00,31.2,31.44,31.3,31.2,1652.0,0.1,0.32,31.31,31.61,31.772,3333.8,3500.16,2796.91,0.22
2016-09-26 15:00:00,31.41,31.57,31.12,31.05,4868.01,-0.29,-0.92,31.45,31.664,31.8045,3997.58,3540.76,2812.4,0.65
2016-09-26 14:00:00,31.36,31.44,31.41,31.25,1777.0,0.05,0.16,31.63,31.761,31.857,3717.78,3367.96,2678.7,0.24
2016-09-26 11:30:00,31.36,31.49,31.36,31.18,3200.0,0.0,0.0,31.752,31.84,31.8955,4009.58,3658.98,2658.41,0.43
2016-09-26 10:30:00,32.03,32.03,31.36,31.31,5172.0,-0.67,-2.09,31.842,31.869,31.9365,3972.18,3591.78,2619.46,0.69
2016-09-23 15:00:00,32.02,32.02,32.0,31.72,4970.88,-0.02,-0.06,31.91,31.933,31.982,3666.52,3226.38,2552.59,0.67
2016-09-23 14:00:00,32.02,32.15,32.02,31.95,3469.0,0.0,0.0,31.878,31.919,31.9805,3083.94,2861.0,2466.73,0.46
2016-09-23 11:30:00,31.81,32.09,32.02,31.76,3236.0,0.21,0.66,31.892,31.917,31.958,3018.14,2665.32,2341.63,0.43
2016-09-23 10:30:00,31.6,31.97,31.81,31.6,3013.0,0.21,0.66,31.928,31.912,31.9335,3308.39,2487.32,2217.48,0.4
2016-09-22 15:00:00,31.82,31.84,31.7,31.68,3643.72,-0.12,-0.38,31.896,31.911,31.928,3211.39,2309.92,2199.2,0.49
2016-09-22 14:00:00,32.09,32.09,31.84,31.8,2058.0,-0.25,-0.78,31.956,31.934,31.927,2786.25,2093.65,2178.08,0.28
2016-09-22 11:30:00,32.2,32.22,32.09,32.0,3139.96,-0.11,-0.34,31.96,31.945,31.941,2638.05,2084.04,2342.31,0.42
2016-09-22 10:30:00,32.0,32.2,32.2,31.78,4687.28,0.2,0.63,31.942,31.953,31.912,2312.51,1989.44,2258.84,0.63
2016-09-21 15:00:00,32.0,32.0,31.65,31.62,2528.0,-0.35,-1.09,31.896,31.951,31.87,1666.26,1657.84,2134.46,0.34
2016-09-21 14:00:00,31.86,32.07,32.0,31.84,1518.0,0.14,0.44,31.926,32.004,31.8485,1408.46,1647.14,2128.64,0.2
2016-09-21 11:30:00,32.0,32.0,31.86,31.83,1317.0,-0.14,-0.44,31.912,32.031,31.8075,1401.06,1878.8,2190.79,0.18
2016-09-21 10:30:00,32.13,32.13,32.0,31.86,1512.28,-0.13,-0.4,31.93,32.042,31.775,1530.03,2072.47,2271.99,0.2
2016-09-20 15:00:00,31.8,31.98,31.97,31.75,1456.0,0.17,0.53,31.964,31.999,31.737,1666.37,2017.94,2368.18,0.2
2016-09-20 14:00:00,31.93,31.98,31.8,31.8,1239.0,-0.13,-0.41,32.006,31.955,31.7235,1649.43,1947.64,2415.78,0.17
2016-09-20 11:30:00,31.92,32.04,31.93,31.9,1481.0,0.01,0.03,32.082,31.945,31.719,1885.83,2088.47,2575.2,0.2
2016-09-20 10:30:00,32.17,32.17,31.95,31.88,1961.87,-0.22,-0.68,32.15,31.92,31.7205,2356.54,2262.51,2590.97,0.26
2016-09-19 15:00:00,32.18,32.18,32.17,32.04,2194.0,-0.01,-0.03,32.154,31.937,31.7235,2614.91,2600.58,2604.55,0.29
2016-09-19 14:00:00,32.18,32.26,32.18,32.08,1371.29,0.0,0.0,32.034,31.871,31.713,2369.51,2528.24,2621.07,0.18
2016-09-19 11:30:00,32.27,32.31,32.18,32.04,2421.0,-0.09,-0.28,31.904,31.789,31.707,2245.85,2611.07,2588.55,0.32
2016-09-19 10:30:00,32.01,32.39,32.27,32.01,3834.53,0.26,0.81,31.808,31.693,31.7055,2291.11,2610.13,2540.1,0.51
2016-09-14 15:00:00,31.57,31.98,31.97,31.5,3253.72,0.4,1.27,31.69,31.584,31.7035,2168.49,2502.78,2526.58,0.44
2016-09-14 14:00:00,31.53,31.72,31.57,31.52,967.0,0.04,0.13,31.72,31.508,31.7025,2586.25,2471.5,2530.63,0.13
2016-09-14 11:30:00,31.7,31.89,31.53,31.5,753.0,-0.17,-0.54,31.708,31.475,31.7305,2686.98,2718.41,2554.86,0.1
2016-09-14 10:30:00,31.6,31.8,31.7,31.19,2647.32,0.1,0.32,31.674,31.492,31.7585,2976.3,2883.91,2598.11,0.35
2016-09-13 15:00:00,32.12,32.14,31.68,31.65,3221.41,-0.44,-1.37,31.578,31.493,31.775,2929.15,3061.92,2648.58,0.43
2016-09-13 14:00:00,31.5,32.35,32.12,31.5,5342.5,0.62,1.97,31.478,31.521,31.802,2837.06,2919.43,2707.36,0.72
