2017-03-17@15:00:00,47.216,46.732,46.248
2017-03-17@14:00:00,47.220,46.725,46.230
2017-03-17@11:30:00,47.203,46.714,46.225
2017-03-17@10:30:00,47.172,46.699,46.226
2017-03-16@15:00:00,47.129,46.666,46.203
2017-03-16@14:00:00,47.125,46.643,46.162
2017-03-16@11:30:00,47.116,46.612,46.109
2017-03-16@10:30:00,47.114,46.600,46.086
2017-03-15@15:00:00,47.093,46.574,46.055
2017-03-15@14:00:00,47.161,46.621,46.082
2017-03-15@11:30:00,47.393,46.690,45.987
2017-03-15@10:30:00,47.561,46.748,45.935
2017-03-14@15:00:00,47.734,46.812,45.891
2017-03-14@14:00:00,47.932,46.878,45.825
2017-03-14@11:30:00,48.165,46.954,45.743
2017-03-14@10:30:00,48.328,47.020,45.713
2017-03-13@15:00:00,48.533,47.090,45.647
2017-03-13@14:00:00,48.574,47.112,45.651
2017-03-13@11:30:00,48.656,47.164,45.672
2017-03-13@10:30:00,48.680,47.197,45.714
2017-03-10@15:00:00,48.680,47.232,45.784
2017-03-10@14:00:00,48.669,47.247,45.825
2017-03-10@11:30:00,48.668,47.248,45.828
2017-03-10@10:30:00,48.667,47.250,45.834
2017-03-09@15:00:00,48.667,47.250,45.834
2017-03-09@14:00:00,48.645,47.270,45.896
2017-03-09@11:30:00,48.608,47.300,45.993
2017-03-09@10:30:00,48.578,47.337,46.096
2017-03-08@15:00:00,48.534,47.365,46.197
2017-03-08@14:00:00,48.539,47.374,46.210
2017-03-08@11:30:00,48.526,47.314,46.103
2017-03-08@10:30:00,48.517,47.250,45.983
2017-03-07@15:00:00,48.463,47.189,45.916
2017-03-07@14:00:00,48.357,47.131,45.905
2017-03-07@11:30:00,48.176,47.052,45.929
2017-03-07@10:30:00,48.004,46.979,45.955
2017-03-06@15:00:00,47.682,46.896,46.111
2017-03-06@14:00:00,47.563,46.847,46.132
2017-03-06@11:30:00,47.335,46.795,46.255
2017-03-06@10:30:00,47.273,46.782,46.291
2017-03-03@15:00:00,47.282,46.722,46.162
2017-03-03@14:00:00,47.414,46.662,45.911
2017-03-03@11:30:00,47.474,46.612,45.750
2017-03-03@10:30:00,47.514,46.558,45.602
2017-03-02@15:00:00,47.567,46.516,45.465
2017-03-02@14:00:00,47.687,46.423,45.160
2017-03-02@11:30:00,47.720,46.333,44.946
2017-03-02@10:30:00,47.683,46.227,44.771
2017-03-01@15:00:00,47.707,46.111,44.515
2017-03-01@14:00:00,47.573,45.988,44.404
2017-03-01@11:30:00,47.519,45.932,44.345
2017-03-01@10:30:00,47.473,45.883,44.294
2017-02-28@15:00:00,47.394,45.831,44.269
2017-02-28@14:00:00,47.272,45.778,44.284
2017-02-28@11:30:00,47.160,45.725,44.290
2017-02-28@10:30:00,47.049,45.638,44.227
2017-02-27@15:00:00,46.901,45.537,44.173
2017-02-27@14:00:00,46.784,45.419,44.055
2017-02-27@11:30:00,46.580,45.294,44.008
2017-02-27@10:30:00,46.192,45.151,44.110
2017-02-24@15:00:00,46.116,45.056,43.997
2017-02-24@14:00:00,46.060,45.004,43.949
2017-02-24@11:30:00,45.969,44.955,43.941
2017-02-24@10:30:00,45.881,44.918,43.955
2017-02-23@15:00:00,45.863,44.913,43.963
2017-02-23@14:00:00,45.970,44.955,43.941
2017-02-23@11:30:00,46.088,44.998,43.908
2017-02-23@10:30:00,46.178,45.037,43.896
2017-02-22@15:00:00,46.301,45.109,43.918
2017-02-22@14:00:00,46.362,45.151,43.940
2017-02-22@11:30:00,46.428,45.177,43.926
2017-02-22@10:30:00,46.657,45.242,43.827
2017-02-21@15:00:00,46.630,45.221,43.812
2017-02-21@14:00:00,46.596,45.204,43.813
2017-02-21@11:30:00,46.578,45.195,43.813
2017-02-21@10:30:00,46.626,45.234,43.843
2017-02-20@15:00:00,46.678,45.286,43.895
2017-02-20@14:00:00,46.703,45.365,44.028
2017-02-20@11:30:00,46.705,45.443,44.182
2017-02-20@10:30:00,46.697,45.530,44.363
2017-02-17@15:00:00,46.595,45.619,44.643
2017-02-17@14:00:00,46.526,45.684,44.842
2017-02-17@11:30:00,46.466,45.704,44.942
2017-02-17@10:30:00,46.411,45.739,45.067
2017-02-16@15:00:00,46.420,45.759,45.099
2017-02-16@14:00:00,46.425,45.764,45.103
2017-02-16@11:30:00,46.426,45.764,45.103
2017-02-16@10:30:00,46.441,45.774,45.107
2017-02-15@15:00:00,46.440,45.773,45.107
2017-02-15@14:00:00,46.519,45.807,45.095
2017-02-15@11:30:00,46.574,45.828,45.082
2017-02-15@10:30:00,46.589,45.712,44.835
2017-02-14@15:00:00,46.699,45.675,44.651
2017-02-14@14:00:00,46.721,45.649,44.578
2017-02-14@11:30:00,46.722,45.639,44.557
2017-02-14@10:30:00,46.719,45.636,44.554
2017-02-13@15:00:00,46.727,45.641,44.556
2017-02-13@14:00:00,47.080,45.496,43.912
2017-02-13@11:30:00,47.363,45.328,43.294
2017-02-13@10:30:00,47.494,45.155,42.816
2017-02-10@15:00:00,47.589,44.977,42.366
2017-02-10@14:00:00,47.646,44.793,41.941
2017-02-10@11:30:00,47.710,44.649,41.588
2017-02-10@10:30:00,47.689,44.475,41.262
2017-02-09@15:00:00,47.594,44.287,40.980
2017-02-09@14:00:00,47.435,44.123,40.812
2017-02-09@11:30:00,47.235,43.954,40.674
2017-02-09@10:30:00,46.985,43.781,40.577
2017-02-08@15:00:00,46.686,43.610,40.535
2017-02-08@14:00:00,46.254,43.417,40.581
2017-02-08@11:30:00,45.756,43.216,40.677
2017-02-08@10:30:00,45.622,43.117,40.612
2017-02-07@15:00:00,45.473,43.008,40.543
2017-02-07@14:00:00,45.198,42.864,40.531
2017-02-07@11:30:00,44.788,42.704,40.621
2017-02-07@10:30:00,44.133,42.529,40.925
2017-02-06@15:00:00,42.810,42.340,41.870
2017-02-06@14:00:00,42.686,42.312,41.939
2017-02-06@11:30:00,42.708,42.318,41.929
2017-02-06@10:30:00,42.686,42.293,41.900
2017-02-03@15:00:00,42.713,42.304,41.895
2017-02-03@14:00:00,42.713,42.304,41.895
2017-02-03@11:30:00,42.714,42.306,41.898
2017-02-03@10:30:00,42.714,42.313,41.912
2017-01-26@15:00:00,42.711,42.322,41.934
2017-01-26@14:00:00,42.921,42.246,41.571
2017-01-26@11:30:00,42.994,42.178,41.363
2017-01-26@10:30:00,42.980,42.130,41.280
2017-01-25@15:00:00,42.993,42.055,41.117
2017-01-25@14:00:00,43.006,41.978,40.950
2017-01-25@11:30:00,42.982,41.930,40.879
2017-01-25@10:30:00,42.937,41.878,40.820
2017-01-24@15:00:00,42.915,41.829,40.743
2017-01-24@14:00:00,42.902,41.820,40.738
2017-01-24@11:30:00,42.877,41.792,40.708
2017-01-24@10:30:00,43.071,41.672,40.274
2017-01-23@15:00:00,43.067,41.591,40.116
2017-01-23@14:00:00,43.041,41.473,39.905
2017-01-23@11:30:00,42.997,41.461,39.925
2017-01-23@10:30:00,43.142,41.503,39.864
2017-01-20@15:00:00,43.327,41.545,39.763
2017-01-20@14:00:00,43.855,41.663,39.471
2017-01-20@11:30:00,44.365,41.790,39.215
2017-01-20@10:30:00,45.207,41.987,38.768
2017-01-19@15:00:00,45.841,42.174,38.507
2017-01-19@14:00:00,46.789,42.497,38.206
2017-01-19@11:30:00,47.961,42.887,37.813
2017-01-19@10:30:00,49.059,43.283,37.508
2017-01-18@15:00:00,49.984,43.705,37.426
2017-01-18@14:00:00,50.752,44.130,37.509
2017-01-18@11:30:00,51.544,44.568,37.592
2017-01-18@10:30:00,52.218,45.007,37.796
2017-01-17@15:00:00,52.855,45.475,38.096
2017-01-17@14:00:00,53.415,45.911,38.407
2017-01-17@11:30:00,53.887,46.377,38.868
2017-01-17@10:30:00,54.033,46.936,39.840
2017-01-16@15:00:00,54.083,47.453,40.823
2017-01-16@14:00:00,53.933,48.024,42.115
2017-01-16@11:30:00,53.948,48.471,42.994
2017-01-16@10:30:00,53.895,48.905,43.915
2017-01-13@15:00:00,53.662,49.286,44.910
2017-01-13@14:00:00,53.464,49.615,45.767
2017-01-13@11:30:00,53.161,49.945,46.729
2017-01-13@10:30:00,53.023,50.216,47.410
2017-01-12@15:00:00,52.642,50.510,48.378
2017-01-12@14:00:00,52.565,50.760,48.955
2017-01-12@11:30:00,52.816,50.963,49.110
2017-01-12@10:30:00,53.059,51.140,49.222
2017-01-11@15:00:00,53.373,51.341,49.310
2017-01-11@14:00:00,53.705,51.565,49.425
2017-01-11@11:30:00,54.036,51.760,49.484
2017-01-11@10:30:00,54.250,51.942,49.634
2017-01-10@15:00:00,54.465,52.105,49.745
2017-01-10@14:00:00,54.730,52.292,49.854
2017-01-10@11:30:00,54.993,52.474,49.956
2017-01-10@10:30:00,55.160,52.640,50.121
2017-01-09@15:00:00,55.256,52.806,50.356
2017-01-09@14:00:00,55.397,52.946,50.496
2017-01-09@11:30:00,55.511,53.099,50.688
2017-01-09@10:30:00,55.567,53.226,50.886
2017-01-06@15:00:00,55.485,53.365,51.246
2017-01-06@14:00:00,55.328,53.480,51.633
2017-01-06@11:30:00,55.190,53.607,52.025
2017-01-06@10:30:00,55.053,53.732,52.412
2017-01-05@15:00:00,54.849,53.836,52.824
2017-01-05@14:00:00,54.704,53.896,53.089
2017-01-05@11:30:00,54.641,53.946,53.251
2017-01-05@10:30:00,54.536,53.989,53.443
2017-01-04@15:00:00,54.658,53.958,53.258
2017-01-04@14:00:00,54.724,53.911,53.099
2017-01-04@11:30:00,54.792,53.852,52.913
2017-01-04@10:30:00,54.828,53.812,52.797
2017-01-03@15:00:00,54.892,53.751,52.611
2017-01-03@14:00:00,54.839,53.685,52.532
2017-01-03@11:30:00,54.796,53.584,52.372
2017-01-03@10:30:00,54.856,53.465,52.075
2016-12-30@15:00:00,54.914,53.339,51.765
2016-12-30@14:00:00,54.822,53.236,51.650
2016-12-30@11:30:00,54.674,53.129,51.585
2016-12-30@10:30:00,54.549,53.053,51.557
2016-12-29@15:00:00,54.472,53.016,51.560
2016-12-29@14:00:00,54.598,53.057,51.516
2016-12-29@11:30:00,54.673,53.077,51.482
2016-12-29@10:30:00,54.747,53.095,51.444
2016-12-28@15:00:00,54.874,53.129,51.384
2016-12-28@14:00:00,54.949,53.155,51.362
2016-12-28@11:30:00,54.973,53.163,51.354
2016-12-28@10:30:00,54.977,53.165,51.353
2016-12-27@15:00:00,55.123,53.239,51.356
2016-12-27@14:00:00,55.265,53.312,51.359
2016-12-27@11:30:00,55.490,53.420,51.351
2016-12-27@10:30:00,55.760,53.539,51.319
2016-12-26@15:00:00,56.001,53.679,51.358
2016-12-26@14:00:00,56.173,53.787,51.402
2016-12-26@11:30:00,56.437,53.961,51.486
2016-12-26@10:30:00,56.725,54.198,51.671
2016-12-23@15:00:00,56.580,54.349,52.118
2016-12-23@14:00:00,56.563,54.512,52.461
2016-12-23@11:30:00,56.398,54.622,52.847
2016-12-23@10:30:00,56.234,54.728,53.223
2016-12-22@15:00:00,56.106,54.807,53.508
2016-12-22@14:00:00,56.100,54.820,53.541
2016-12-22@11:30:00,56.118,54.803,53.488
2016-12-22@10:30:00,56.119,54.804,53.490
2016-12-21@15:00:00,56.119,54.788,53.457
2016-12-21@14:00:00,56.129,54.777,53.426
2016-12-21@11:30:00,56.130,54.809,53.488
2016-12-21@10:30:00,56.440,54.722,53.004
2016-12-20@15:00:00,56.847,54.566,52.286
2016-12-20@14:00:00,57.053,54.421,51.790
2016-12-20@11:30:00,57.182,54.237,51.292
2016-12-20@10:30:00,57.256,54.011,50.767
2016-12-19@15:00:00,57.224,53.788,50.352
2016-12-19@14:00:00,57.238,53.544,49.851
2016-12-19@11:30:00,56.995,53.288,49.581
2016-12-19@10:30:00,56.495,53.030,49.566
2016-12-16@15:00:00,56.317,52.924,49.532
2016-12-16@14:00:00,56.079,52.851,49.623
2016-12-16@11:30:00,55.980,52.812,49.645
2016-12-16@10:30:00,55.846,52.765,49.684
2016-12-15@15:00:00,55.707,52.716,49.725
2016-12-15@14:00:00,55.749,52.728,49.707
2016-12-15@11:30:00,55.987,52.797,49.607
2016-12-15@10:30:00,56.126,52.835,49.545
2016-12-14@15:00:00,56.312,52.890,49.469
2016-12-14@14:00:00,56.710,53.005,49.300
2016-12-14@11:30:00,56.927,53.067,49.207
2016-12-14@10:30:00,57.252,53.246,49.241
2016-12-13@15:00:00,57.494,53.465,49.436
2016-12-13@14:00:00,57.819,53.704,49.589
2016-12-13@11:30:00,58.112,53.968,49.825
2016-12-13@10:30:00,58.240,54.241,50.242
2016-12-12@15:00:00,58.297,54.507,50.717
2016-12-12@14:00:00,58.137,54.807,51.478
2016-12-12@11:30:00,57.930,55.088,52.246
2016-12-12@10:30:00,57.681,55.336,52.992
2016-12-09@15:00:00,57.572,55.548,53.524
2016-12-09@14:00:00,57.570,55.658,53.747
2016-12-09@11:30:00,57.603,55.824,54.046
2016-12-09@10:30:00,57.616,56.002,54.389
2016-12-08@15:00:00,57.589,56.205,54.822
2016-12-08@14:00:00,58.156,56.425,54.695
2016-12-08@11:30:00,58.663,56.618,54.574
2016-12-08@10:30:00,59.287,56.853,54.419
2016-12-07@15:00:00,59.609,57.048,54.488
2016-12-07@14:00:00,59.716,57.139,54.563
2016-12-07@11:30:00,59.775,57.232,54.690
2016-12-07@10:30:00,59.809,57.343,54.877
2016-12-06@15:00:00,59.859,57.480,55.102
2016-12-06@14:00:00,60.284,57.331,54.378
2016-12-06@11:30:00,60.584,57.169,53.755
2016-12-06@10:30:00,60.820,57.018,53.217
2016-12-05@15:00:00,61.003,56.867,52.731
2016-12-05@14:00:00,61.094,56.737,52.380
2016-12-05@11:30:00,61.156,56.600,52.045
2016-12-05@10:30:00,61.182,56.474,51.767
2016-12-02@15:00:00,61.149,56.358,51.567
2016-12-02@14:00:00,61.191,56.209,51.227
2016-12-02@11:30:00,61.165,56.006,50.848
2016-12-02@10:30:00,61.073,55.791,50.510
2016-12-01@15:00:00,60.892,55.558,50.225
2016-12-01@14:00:00,60.419,55.272,50.125
2016-12-01@11:30:00,59.856,54.973,50.091
2016-12-01@10:30:00,58.982,54.641,50.301
2016-11-30@15:00:00,58.178,54.288,50.399
2016-11-30@14:00:00,57.591,53.966,50.342
2016-11-30@11:30:00,56.936,53.654,50.373
2016-11-30@10:30:00,56.075,53.336,50.598
2016-10-13@15:00:00,54.569,53.001,51.434
2016-10-13@14:00:00,54.576,52.919,51.262
2016-10-13@11:30:00,54.560,52.836,51.113
2016-10-13@10:30:00,54.522,52.772,51.022
2016-10-12@15:00:00,54.474,52.719,50.964
2016-10-12@14:00:00,54.367,52.618,50.870
2016-10-12@11:30:00,54.233,52.531,50.830
2016-10-12@10:30:00,54.046,52.418,50.790
2016-10-11@15:00:00,53.656,52.288,50.921
2016-10-11@14:00:00,53.530,52.230,50.931
2016-10-11@11:30:00,53.493,52.129,50.766
2016-10-11@10:30:00,53.451,52.014,50.578
2016-10-10@15:00:00,53.313,51.926,50.539
2016-10-10@14:00:00,53.063,51.813,50.563
2016-10-10@11:30:00,52.815,51.748,50.682
2016-10-10@10:30:00,52.579,51.710,50.842
2016-09-30@15:00:00,52.703,51.738,50.773
2016-09-30@14:00:00,53.144,51.841,50.539
2016-09-30@11:30:00,53.784,51.993,50.203
2016-09-30@10:30:00,54.429,52.173,49.917
2016-09-29@15:00:00,54.934,52.345,49.757
2016-09-29@14:00:00,55.302,52.505,49.709
2016-09-29@11:30:00,55.673,52.677,49.682
2016-09-29@10:30:00,56.059,52.851,49.643
2016-09-28@15:00:00,56.230,52.965,49.699
2016-09-28@14:00:00,56.299,53.069,49.840
2016-09-28@11:30:00,56.403,53.182,49.961
2016-09-28@10:30:00,56.433,53.288,50.142
2016-09-27@15:00:00,56.444,53.372,50.300
2016-09-27@14:00:00,56.500,53.473,50.446
2016-09-27@11:30:00,56.432,53.627,50.822
2016-09-27@10:30:00,56.277,53.805,51.334
2016-09-26@15:00:00,56.146,53.957,51.768
2016-09-26@14:00:00,55.905,54.035,52.165
2016-09-26@11:30:00,55.856,54.050,52.245
2016-09-26@10:30:00,55.901,54.032,52.164
2016-09-23@15:00:00,55.954,54.007,52.060
2016-09-23@14:00:00,56.099,53.903,51.708
2016-09-23@11:30:00,56.195,53.727,51.259
2016-09-23@10:30:00,56.131,53.527,50.924
2016-09-22@15:00:00,55.967,53.352,50.738
2016-09-22@14:00:00,55.804,53.190,50.576
2016-09-22@11:30:00,55.536,53.027,50.518
2016-09-22@10:30:00,nan,nan,nan
2016-09-21@15:00:00,nan,nan,nan
2016-09-21@14:00:00,nan,nan,nan
2016-09-21@11:30:00,nan,nan,nan
2016-09-21@10:30:00,nan,nan,nan
2016-09-20@15:00:00,nan,nan,nan
2016-09-20@14:00:00,nan,nan,nan
2016-09-20@11:30:00,nan,nan,nan
2016-09-20@10:30:00,nan,nan,nan
2016-09-19@15:00:00,nan,nan,nan
2016-09-19@14:00:00,nan,nan,nan
2016-09-19@11:30:00,nan,nan,nan
2016-09-19@10:30:00,nan,nan,nan
2016-09-14@15:00:00,nan,nan,nan
2016-09-14@14:00:00,nan,nan,nan
2016-09-14@11:30:00,nan,nan,nan
2016-09-14@10:30:00,nan,nan,nan
2016-09-13@15:00:00,nan,nan,nan
2016-09-13@14:00:00,nan,nan,nan
