Not
2017-06-30,-4.503,-5.202,0.699
2017-06-23,-4.841,-5.377,0.536
2017-06-16,-5.186,-5.511,0.325
2017-06-09,-5.531,-5.592,0.061
2017-06-02,-5.794,-5.608,-0.186
2017-05-26,-5.968,-5.561,-0.407
2017-05-19,-6.097,-5.459,-0.638
2017-05-12,-6.165,-5.300,-0.866
2017-05-05,-5.954,-5.083,-0.871
2017-04-28,-5.716,-4.866,-0.850
2017-04-21,-5.321,-4.653,-0.668
2017-04-14,-4.899,-4.486,-0.413
2017-04-07,-4.583,-4.383,-0.201
2017-03-31,-4.336,-4.333,-0.004
2017-03-24,-3.921,-4.332,0.410
2017-03-17,-3.944,-4.434,0.491
2017-03-10,-4.208,-4.557,0.349
2017-03-03,-4.463,-4.644,0.181
2017-02-24,-4.760,-4.690,-0.071
2017-02-17,-4.953,-4.672,-0.281
2017-02-10,-5.018,-4.602,-0.416
2017-02-03,-5.161,-4.498,-0.663
2017-01-26,-4.893,-4.332,-0.561
2017-01-20,-4.521,-4.192,-0.329
2017-01-13,-3.940,-4.109,0.169
2017-01-06,-3.380,-4.152,0.772
2016-12-30,-3.287,-4.345,1.057
2016-12-23,-3.443,-4.609,1.166
2016-12-16,-3.383,-4.900,1.518
2016-12-09,-3.588,-5.280,1.692
2016-12-02,-3.649,-5.703,2.054
2016-11-25,-3.898,-6.216,2.318
2016-11-18,nan,nan,nan
2016-11-11,nan,nan,nan
2016-11-04,nan,nan,nan
2016-10-28,nan,nan,nan
2016-10-21,nan,nan,nan
2016-10-14,nan,nan,nan
2016-09-30,nan,nan,nan
2016-09-23,nan,nan,nan
2016-09-14,nan,nan,nan
2016-09-09,nan,nan,nan
2016-09-02,nan,nan,nan
2016-08-26,nan,nan,nan
2016-08-19,nan,nan,nan
2016-08-12,nan,nan,nan
2016-08-05,nan,nan,nan
2016-07-29,nan,nan,nan
2016-07-22,nan,nan,nan
2016-07-15,nan,nan,nan
2016-07-08,nan,nan,nan
2016-07-01,nan,nan,nan
2016-06-24,nan,nan,nan
2016-06-17,nan,nan,nan
2016-06-08,nan,nan,nan
2016-06-03,nan,nan,nan
2016-05-27,nan,nan,nan
2016-05-20,nan,nan,nan
2016-05-13,nan,nan,nan
2016-05-06,nan,nan,nan
2016-04-29,nan,nan,nan
2016-04-22,nan,nan,nan
2016-04-15,nan,nan,nan
2016-04-08,nan,nan,nan
2016-04-01,nan,nan,nan
