2017-06-30,34.548,34.582,34.079,33.286,33.273
2017-06-29,34.516,34.546,33.976,33.202,33.325
2017-06-28,34.454,34.540,33.841,33.079,33.389
2017-06-27,34.562,34.465,33.751,32.963,33.486
2017-06-26,34.544,34.316,33.634,32.815,33.580
2017-06-23,34.616,34.107,33.439,32.686,33.734
2017-06-22,34.576,33.992,33.247,32.597,33.889
2017-06-21,34.626,33.914,33.045,32.503,34.071
2017-06-20,34.368,33.857,32.880,32.382,34.239
2017-06-19,34.088,33.720,32.764,32.274,34.410
2017-06-16,33.598,33.576,32.639,32.157,34.582
2017-06-15,33.408,33.406,32.529,32.063,34.788
2017-06-14,33.202,33.142,32.349,31.961,34.993
2017-06-13,33.346,33.036,32.213,31.904,35.210
2017-06-12,33.352,32.951,32.064,31.848,35.432
2017-06-09,33.554,32.771,31.976,31.802,35.673
2017-06-08,33.404,32.502,31.900,31.719,35.891
2017-06-07,33.082,32.175,31.797,31.643,36.105
2017-06-06,32.726,31.903,31.644,31.615,36.326
2017-06-05,32.550,31.807,31.551,31.606,36.570
2017-06-02,31.988,31.701,31.448,31.609,36.804
2017-06-01,31.600,31.653,31.391,31.648,37.040
2017-05-31,31.268,31.555,31.370,31.729,37.287
2017-05-26,31.080,31.389,31.338,31.857,37.541
2017-05-25,31.064,31.177,31.297,31.999,37.780
2017-05-24,31.414,31.180,31.317,32.199,38.043
2017-05-23,31.706,31.298,31.327,32.426,38.292
2017-05-22,31.842,31.420,31.377,32.651,38.537
2017-05-19,31.698,31.385,31.470,32.882,38.765
2017-05-18,31.290,31.296,31.505,33.079,38.988
2017-05-17,30.946,31.195,31.562,33.261,39.182
2017-05-16,30.890,31.130,31.646,33.449,39.389
2017-05-15,30.998,31.186,31.816,33.699,39.637
2017-05-12,31.072,31.288,32.090,34.008,39.891
2017-05-11,31.302,31.417,32.410,34.346,40.143
2017-05-10,31.444,31.455,32.708,34.783,40.395
2017-05-09,31.370,31.357,32.989,35.180,40.629
2017-05-08,31.374,31.335,33.266,35.638,40.869
2017-05-05,31.504,31.556,33.630,36.097,41.129
2017-05-04,31.532,31.714,33.970,36.545,41.352
2017-05-03,31.466,31.930,34.294,37.008,41.541
2017-05-02,31.344,32.162,34.608,37.513,41.719
2017-04-28,31.296,32.447,34.955,38.025,41.905
2017-04-27,31.608,32.893,35.368,38.516,42.088
2017-04-26,31.896,33.404,35.810,39.016,42.261
2017-04-25,32.394,33.962,36.447,39.544,42.447
2017-04-24,32.980,34.622,37.091,40.063,42.636
2017-04-21,33.598,35.197,37.790,40.567,42.800
2017-04-20,34.178,35.705,38.368,41.037,42.932
2017-04-19,34.912,36.226,38.960,41.534,43.078
2017-04-18,35.530,36.657,39.546,41.999,43.182
2017-04-17,36.264,37.055,40.188,42.432,43.361
2017-04-14,36.796,37.464,40.814,42.846,43.581
2017-04-13,37.232,37.844,41.327,43.226,43.809
2017-04-12,37.540,38.217,41.822,43.561,44.039
2017-04-11,37.784,38.932,42.335,43.886,44.281
2017-04-10,37.846,39.561,42.783,44.159,44.509
2017-04-07,38.132,40.383,43.252,44.424,44.768
2017-04-06,38.456,41.031,43.703,44.649,45.032
2017-04-05,38.894,41.695,44.187,44.897,45.299
2017-03-31,40.080,42.436,44.669,45.103,45.568
2017-03-30,41.276,43.322,45.120,45.329,45.829
2017-03-29,42.634,44.164,45.536,45.575,46.084
2017-03-28,43.606,44.810,45.916,45.773,46.305
2017-03-27,44.496,45.427,46.233,45.939,46.515
2017-03-24,44.792,45.738,46.363,46.007,46.651
2017-03-23,45.368,46.006,46.457,46.078,46.825
2017-03-22,45.694,46.121,46.444,46.099,46.976
2017-03-21,46.014,46.376,46.458,46.161,47.141
2017-03-20,46.358,46.680,46.498,46.159,47.311
2017-03-17,46.684,46.903,46.436,46.074,47.476
2017-03-16,46.644,46.918,46.333,45.926,47.609
2017-03-15,46.548,46.909,46.280,45.784,47.729
2017-03-14,46.738,47.023,46.255,45.661,47.819
2017-03-13,47.002,47.039,46.195,45.506,47.888
2017-03-10,47.122,46.989,46.142,45.351,48.002
2017-03-09,47.192,46.909,46.114,45.210,48.140
2017-03-08,47.270,46.767,46.088,45.033,48.307
2017-03-07,47.308,46.540,46.053,44.827,48.459
2017-03-06,47.076,46.316,45.899,44.622,48.598
2017-03-03,46.856,45.970,45.660,44.365,48.738
2017-03-02,46.626,45.748,45.430,44.290,48.945
2017-03-01,46.264,45.652,45.222,44.316,49.136
2017-02-28,45.772,45.487,44.980,44.392,49.326
2017-02-27,45.556,45.352,44.740,44.517,49.521
2017-02-24,45.084,45.295,44.532,44.677,49.745
2017-02-23,44.870,45.319,44.360,44.860,49.968
2017-02-22,45.040,45.410,44.166,45.113,50.237
2017-02-21,45.202,45.566,43.971,45.416,50.551
2017-02-20,45.148,45.482,43.775,45.701,50.819
2017-02-17,45.506,45.350,43.563,46.033,51.040
2017-02-16,45.768,45.112,43.561,46.329,51.227
2017-02-15,45.780,44.792,43.648,46.593,51.414
2017-02-14,45.930,44.473,43.845,46.837,51.616
2017-02-13,45.816,44.128,44.099,47.090,51.821
2017-02-10,45.194,43.769,44.367,47.294,52.017
2017-02-09,44.456,43.401,44.630,47.573,52.221
2017-02-08,43.804,42.922,44.964,47.853,52.389
2017-02-07,43.016,42.376,45.340,48.121,52.554
2017-02-06,42.440,42.069,45.811,48.462,52.757
2017-02-03,42.344,41.776,46.375,48.878,52.989
2017-01-26,42.346,42.011,46.937,49.293,53.193
2017-01-25,42.040,42.505,47.494,49.675,53.401
2017-01-24,41.736,43.217,48.018,49.977,53.606
2017-01-23,41.698,44.070,48.572,50.269,53.819
2017-01-20,41.208,44.966,49.056,50.652,54.024
2017-01-19,41.676,45.860,49.659,51.071,54.260
2017-01-18,42.970,47.006,50.319,51.580,54.512
2017-01-17,44.698,48.305,50.994,52.092,54.770
2017-01-16,46.442,49.553,51.659,52.573,55.026
2017-01-13,48.724,50.974,52.430,53.112,55.280
2017-01-12,50.044,51.864,52.934,53.600,55.460
2017-01-11,51.042,52.483,53.260,53.956,55.580
2017-01-10,51.912,52.820,53.357,54.259,55.669
2017-01-09,52.664,53.073,53.369,54.525,55.716
2017-01-06,53.224,53.147,53.496,54.813,55.754
2017-01-05,53.684,53.457,53.677,55.076,55.789
2017-01-04,53.924,53.631,53.868,55.361,55.804
2017-01-03,53.728,53.682,53.985,55.686,55.766
2016-12-30,53.482,53.765,54.084,55.937,55.722
2016-12-29,53.070,53.885,54.181,56.047,55.679
2016-12-28,53.230,54.004,54.468,56.125,55.657
2016-12-27,53.338,54.036,54.693,56.235,55.615
2016-12-26,53.636,53.894,54.979,56.395,55.628
2016-12-23,54.048,53.664,55.252,56.551,55.658
2016-12-22,54.700,53.844,55.646,56.740,55.685
2016-12-21,54.778,53.896,55.886,56.870,55.685
2016-12-20,54.734,54.104,56.226,56.926,55.659
2016-12-19,54.152,54.288,56.688,56.987,55.612
2016-12-16,53.280,54.402,57.023,57.051,55.554
2016-12-15,52.988,54.476,57.127,57.099,55.483
2016-12-14,53.014,54.931,57.185,57.093,55.478
2016-12-13,53.474,55.349,57.335,57.127,55.482
2016-12-12,54.424,56.063,57.645,57.236,55.521
2016-12-09,55.524,56.839,57.994,57.369,55.593
2016-12-08,55.964,57.447,58.187,57.395,55.590
2016-12-07,56.848,57.875,58.356,57.450,55.597
2016-12-06,57.224,58.348,58.337,57.443,55.589
2016-12-05,57.702,59.088,58.336,57.449,55.603
2016-12-02,58.154,59.644,58.375,57.480,55.609
2016-12-01,58.930,59.779,58.410,57.449,55.636
2016-11-30,58.902,59.439,58.174,57.320,55.602
2016-11-29,59.472,59.321,58.016,57.204,55.563
2016-11-28,60.474,59.228,57.822,57.080,55.528
2016-11-25,61.134,59.150,57.634,56.906,55.495
2016-11-24,60.628,58.928,57.369,56.695,55.442
2016-11-23,59.976,58.838,57.237,56.502,55.443
2016-11-22,59.170,58.326,56.990,56.247,55.420
2016-11-21,57.982,57.585,56.629,55.846,55.353
2016-11-18,57.166,57.107,56.397,55.507,55.315
2016-11-17,57.228,57.042,56.284,55.312,55.259
2016-11-16,57.700,56.910,56.261,55.190,55.197
2016-11-15,57.482,56.711,56.145,54.995,55.107
2016-11-14,57.188,56.416,56.006,54.862,55.025
2016-11-11,57.048,56.118,55.784,54.766,54.938
2016-11-10,56.856,55.811,55.578,54.630,54.837
2016-11-09,56.120,55.636,55.334,54.500,54.721
2016-11-08,55.940,55.655,55.207,54.393,54.654
2016-11-07,55.644,55.673,54.977,54.238,54.582
2016-11-04,55.188,55.688,54.708,54.057,54.470
2016-11-03,54.766,55.526,54.448,53.868,54.357
2016-11-02,55.152,55.612,54.330,53.862,54.319
2016-10-28,55.370,55.579,54.136,53.838,54.267
2016-10-27,55.702,55.596,54.085,53.806,54.236
2016-10-26,56.188,55.451,54.090,53.818,54.275
2016-10-25,56.286,55.345,54.040,53.784,54.297
2016-10-24,56.072,55.032,53.932,53.745,54.290
2016-10-21,55.788,54.760,53.762,53.735,54.318
2016-10-20,55.490,54.281,53.521,53.758,54.366
2016-10-19,54.714,53.727,53.242,53.739,54.402
2016-10-18,54.404,53.369,53.039,53.822,54.462
2016-10-17,53.992,53.048,52.988,53.883,54.555
2016-10-14,53.732,52.694,52.967,53.923,54.664
2016-10-13,53.072,52.573,52.912,53.976,54.751
2016-10-12,52.740,52.728,53.002,54.084,54.882
2016-10-11,52.334,52.734,53.004,54.190,54.989
2016-10-10,52.104,52.832,53.102,54.385,55.178
2016-09-30,51.656,52.764,53.223,54.594,55.348
2016-09-29,52.074,52.760,53.497,54.860,55.567
2016-09-28,52.716,52.756,53.745,55.124,55.803
2016-09-27,53.134,52.708,54.049,55.206,56.007
2016-09-26,53.560,52.927,54.301,55.205,56.170
2016-09-23,53.872,53.240,54.537,55.219,56.314
2016-09-22,53.446,53.250,54.678,55.189,56.484
2016-09-21,52.796,53.275,54.763,55.110,56.599
2016-09-20,52.282,53.274,54.918,55.045,56.691
2016-09-19,52.294,53.372,55.162,54.942,56.736
2016-09-14,52.608,53.682,55.509,54.915,56.850
2016-09-13,53.054,54.234,55.910,54.925,56.954
2016-09-12,53.754,54.733,56.307,54.883,57.054
2016-09-09,54.266,55.390,56.455,54.846,57.162
2016-09-08,54.450,55.674,56.344,54.777,57.193
2016-09-07,54.756,55.834,56.208,54.697,57.193
2016-09-06,55.414,56.105,56.158,54.665,57.211
2016-09-05,55.712,56.250,56.027,54.733,57.174
2016-09-02,56.514,56.561,55.930,54.810,57.170
2016-09-01,56.898,56.951,55.727,54.834,57.242
2016-08-31,56.912,57.335,55.531,54.901,57.395
2016-08-30,56.796,57.586,55.271,54.974,57.971
2016-08-29,56.788,57.882,54.958,55.066,58.603
2016-08-26,56.608,57.521,54.574,55.101,59.073
2016-08-25,57.004,57.014,54.328,55.228,59.528
2016-08-24,57.758,56.583,54.129,55.406,59.982
2016-08-23,58.376,56.211,53.945,55.526,60.365
2016-08-22,58.976,55.804,53.974,55.679,60.671
2016-08-19,58.434,55.300,53.934,55.788,60.958
2016-08-18,57.024,54.504,53.776,55.972,61.180
2016-08-17,55.408,53.728,53.683,56.103,61.378
2016-08-16,54.046,52.956,53.667,56.274,61.611
2016-08-15,52.632,52.035,53.657,56.483,61.834
2016-08-12,52.166,51.627,53.891,56.807,62.043
2016-08-11,51.984,51.642,54.335,57.135,62.266
2016-08-10,52.048,51.675,54.818,57.410,62.572
2016-08-09,51.866,51.679,55.184,57.779,62.872
2016-08-08,51.438,52.144,55.617,58.088,63.146
2016-08-05,51.088,52.568,56.032,58.336,63.435
2016-08-04,51.300,53.047,56.706,58.529,63.760
2016-08-03,51.302,53.639,57.290,58.785,64.128
2016-08-02,51.492,54.379,57.933,58.983,64.497
2016-08-01,52.850,55.280,58.707,59.225,64.982
2016-07-29,54.048,56.155,59.397,59.477,65.537
2016-07-28,54.794,57.027,59.882,59.609,66.049
2016-07-27,55.976,57.960,60.278,59.690,66.572
2016-07-26,57.266,58.688,60.829,59.757,67.029
2016-07-25,57.710,59.090,61.060,59.616,67.453
2016-07-22,58.262,59.496,61.221,59.531,67.884
2016-07-21,59.260,60.364,61.270,59.651,68.357
2016-07-20,59.944,60.941,61.358,59.889,68.712
2016-07-19,60.110,61.486,61.285,60.968,69.067
2016-07-18,60.470,62.134,61.198,62.141,69.414
2016-07-15,60.730,62.639,61.139,63.046,69.841
2016-07-14,61.468,62.737,60.900,63.828,70.259
2016-07-13,61.938,62.595,60.555,64.557,70.643
2016-07-12,62.862,62.970,60.291,65.205,71.127
2016-07-11,63.798,63.030,59.879,65.662,71.590
2016-07-08,64.548,62.945,59.549,66.127,71.936
2016-07-07,64.006,62.176,59.294,66.388,72.205
2016-07-06,63.252,61.774,59.364,66.653,72.444
2016-07-05,63.078,61.084,60.709,66.949,72.544
2016-07-04,62.262,60.261,62.145,67.185,72.519
2016-07-01,61.342,59.638,63.250,67.278,72.430
2016-06-30,60.346,59.062,64.374,67.398,72.285
2016-06-29,60.296,58.514,65.539,67.734,72.094
2016-06-28,59.090,57.612,66.322,67.965,71.761
2016-06-27,58.260,56.727,66.979,68.205,71.397
2016-06-24,57.934,56.152,67.719,68.534,71.014
2016-06-23,57.778,56.412,68.494,68.991,70.617
2016-06-22,56.732,56.953,69.092,69.471,-1
2016-06-21,56.134,60.333,69.882,70.011,-1
2016-06-20,55.194,64.028,70.647,70.740,-1
2016-06-17,54.370,66.861,71.099,71.596,-1
2016-06-16,55.046,69.685,71.566,72.489,-1
2016-06-15,57.174,72.563,72.344,73.454,-1
2016-06-14,64.532,75.032,73.141,74.301,-1
2016-06-13,72.862,77.230,73.944,75.291,-1
2016-06-08,79.352,79.285,74.725,76.237,-1
2016-06-07,84.324,80.576,75.281,77.064,-1
2016-06-06,87.952,81.231,75.730,77.535,-1
2016-06-03,85.532,79.430,74.850,77.167,-1
2016-06-02,81.598,77.266,74.096,76.687,-1
2016-06-01,79.218,75.336,73.963,76.636,-1
2016-05-31,76.828,73.446,73.891,76.691,-1
2016-05-30,74.510,72.124,73.900,76.728,-1
2016-05-27,73.328,71.251,73.936,77.050,-1
2016-05-26,72.934,70.658,74.322,77.518,-1
2016-05-25,71.454,70.166,74.714,77.744,-1
2016-05-24,70.064,69.986,75.308,78.023,-1
2016-05-23,69.738,70.230,75.687,78.236,-1
2016-05-20,69.174,70.271,76.035,78.140,-1
2016-05-19,68.382,70.926,76.398,77.853,-1
2016-05-18,68.878,72.591,77.285,77.581,-1
2016-05-17,69.908,74.335,78.314,77.172,-1
2016-05-16,70.722,75.675,79.030,76.455,-1
2016-05-13,71.368,76.620,79.950,75.558,-1
2016-05-12,73.470,77.985,80.948,74.590,-1
2016-05-11,76.304,79.261,81.534,73.495,-1
2016-05-10,78.762,80.629,82.042,72.242,-1
2016-05-09,80.628,81.144,82.239,-1,-1
2016-05-06,81.872,81.800,82.074,-1,-1
2016-05-05,82.500,81.869,81.317,-1,-1
2016-05-04,82.218,81.980,80.076,-1,-1
2016-05-03,82.496,82.292,78.591,-1,-1
2016-04-29,81.660,82.385,76.845,-1,-1
2016-04-28,81.728,83.280,75.027,-1,-1
2016-04-27,81.238,83.912,72.892,-1,-1
2016-04-26,81.742,83.806,70.612,-1,-1
2016-04-25,82.088,83.454,68.049,-1,-1
2016-04-22,83.110,83.333,-1,-1,-1
2016-04-21,84.832,82.348,-1,-1,-1
2016-04-20,86.586,80.765,-1,-1,-1
2016-04-19,85.870,78.171,-1,-1,-1
2016-04-18,84.820,74.889,-1,-1,-1
2016-04-15,83.556,71.304,-1,-1,-1
2016-04-14,79.864,66.773,-1,-1,-1
2016-04-13,74.944,61.872,-1,-1,-1
2016-04-12,70.472,57.417,-1,-1,-1
2016-04-11,64.958,52.643,-1,-1,-1
2016-04-08,59.052,-1,-1,-1,-1
2016-04-07,53.682,-1,-1,-1,-1
2016-04-06,48.800,-1,-1,-1,-1
2016-04-05,44.362,-1,-1,-1,-1
2016-04-01,40.328,-1,-1,-1,-1
2016-03-31,-1,-1,-1,-1,-1
2016-03-30,-1,-1,-1,-1,-1
2016-03-29,-1,-1,-1,-1,-1
2016-03-28,-1,-1,-1,-1,-1
