2017-03-17@15:00:00,14.229,14.071,13.913
2017-03-17@14:00:00,14.221,14.077,13.933
2017-03-17@11:30:00,14.215,14.075,13.935
2017-03-17@10:30:00,14.201,14.070,13.940
2017-03-16@15:00:00,14.199,14.069,13.940
2017-03-16@14:00:00,14.185,14.065,13.946
2017-03-16@11:30:00,14.212,14.070,13.929
2017-03-16@10:30:00,14.214,14.071,13.928
2017-03-15@15:00:00,14.277,14.084,13.891
2017-03-15@14:00:00,14.337,14.099,13.862
2017-03-15@11:30:00,14.364,14.117,13.871
2017-03-15@10:30:00,14.384,14.131,13.879
2017-03-14@15:00:00,14.412,14.150,13.888
2017-03-14@14:00:00,14.426,14.169,13.912
2017-03-14@11:30:00,14.454,14.185,13.916
2017-03-14@10:30:00,14.462,14.200,13.938
2017-03-13@15:00:00,14.479,14.213,13.948
2017-03-13@14:00:00,14.494,14.226,13.959
2017-03-13@11:30:00,14.499,14.237,13.975
2017-03-13@10:30:00,14.495,14.251,14.008
2017-03-10@15:00:00,14.487,14.265,14.043
2017-03-10@14:00:00,14.472,14.275,14.078
2017-03-10@11:30:00,14.467,14.278,14.090
2017-03-10@10:30:00,14.457,14.287,14.117
2017-03-09@15:00:00,14.448,14.290,14.132
2017-03-09@14:00:00,14.433,14.300,14.168
2017-03-09@11:30:00,14.456,14.310,14.164
2017-03-09@10:30:00,14.487,14.327,14.167
2017-03-08@15:00:00,14.494,14.329,14.165
2017-03-08@14:00:00,14.543,14.340,14.137
2017-03-08@11:30:00,14.592,14.355,14.118
2017-03-08@10:30:00,14.623,14.369,14.116
2017-03-07@15:00:00,14.646,14.379,14.113
2017-03-07@14:00:00,14.717,14.401,14.086
2017-03-07@11:30:00,14.758,14.417,14.076
2017-03-07@10:30:00,14.791,14.435,14.080
2017-03-06@15:00:00,14.793,14.439,14.086
2017-03-06@14:00:00,14.804,14.449,14.094
2017-03-06@11:30:00,14.815,14.463,14.111
2017-03-06@10:30:00,14.842,14.482,14.123
2017-03-03@15:00:00,14.867,14.503,14.140
2017-03-03@14:00:00,14.906,14.534,14.162
2017-03-03@11:30:00,14.889,14.552,14.216
2017-03-03@10:30:00,14.876,14.562,14.248
2017-03-02@15:00:00,14.837,14.577,14.318
2017-03-02@14:00:00,14.830,14.580,14.330
2017-03-02@11:30:00,14.844,14.573,14.302
2017-03-02@10:30:00,14.853,14.564,14.275
2017-03-01@15:00:00,14.866,14.557,14.248
2017-03-01@14:00:00,14.868,14.558,14.249
2017-03-01@11:30:00,14.869,14.559,14.249
2017-03-01@10:30:00,14.868,14.558,14.248
2017-02-28@15:00:00,14.879,14.564,14.249
2017-02-28@14:00:00,14.879,14.564,14.249
2017-02-28@11:30:00,14.865,14.557,14.249
2017-02-28@10:30:00,14.854,14.551,14.248
2017-02-27@15:00:00,14.854,14.553,14.253
2017-02-27@14:00:00,14.864,14.559,14.255
2017-02-27@11:30:00,14.861,14.553,14.245
2017-02-27@10:30:00,14.860,14.552,14.245
2017-02-24@15:00:00,14.861,14.553,14.245
2017-02-24@14:00:00,14.814,14.529,14.245
2017-02-24@11:30:00,14.813,14.519,14.226
2017-02-24@10:30:00,14.815,14.515,14.216
2017-02-23@15:00:00,14.815,14.517,14.219
2017-02-23@14:00:00,14.820,14.529,14.238
2017-02-23@11:30:00,14.819,14.530,14.241
2017-02-23@10:30:00,14.815,14.533,14.251
2017-02-22@15:00:00,14.850,14.523,14.196
2017-02-22@14:00:00,14.877,14.493,14.109
2017-02-22@11:30:00,14.881,14.466,14.052
2017-02-22@10:30:00,14.876,14.449,14.022
2017-02-21@15:00:00,14.861,14.419,13.977
2017-02-21@14:00:00,14.818,14.385,13.952
2017-02-21@11:30:00,14.810,14.358,13.907
2017-02-21@10:30:00,14.798,14.330,13.863
2017-02-20@15:00:00,14.785,14.308,13.831
2017-02-20@14:00:00,14.736,14.288,13.840
2017-02-20@11:30:00,14.723,14.281,13.840
2017-02-20@10:30:00,14.674,14.268,13.862
2017-02-17@15:00:00,14.592,14.245,13.899
2017-02-17@14:00:00,14.582,14.240,13.899
2017-02-17@11:30:00,14.586,14.242,13.898
2017-02-17@10:30:00,14.577,14.238,13.899
2017-02-16@15:00:00,14.559,14.233,13.907
2017-02-16@14:00:00,14.532,14.227,13.923
2017-02-16@11:30:00,14.547,14.232,13.918
2017-02-16@10:30:00,14.588,14.242,13.897
2017-02-15@15:00:00,14.651,14.271,13.891
2017-02-15@14:00:00,14.646,14.275,13.905
2017-02-15@11:30:00,14.651,14.272,13.893
2017-02-15@10:30:00,14.663,14.258,13.854
2017-02-14@15:00:00,14.677,14.249,13.822
2017-02-14@14:00:00,14.677,14.251,13.825
2017-02-14@11:30:00,14.673,14.257,13.841
2017-02-14@10:30:00,14.673,14.257,13.841
2017-02-13@15:00:00,14.671,14.260,13.849
2017-02-13@14:00:00,14.678,14.264,13.851
2017-02-13@11:30:00,14.673,14.251,13.830
2017-02-13@10:30:00,14.655,14.238,13.821
2017-02-10@15:00:00,14.652,14.236,13.820
2017-02-10@14:00:00,14.647,14.226,13.806
2017-02-10@11:30:00,14.629,14.215,13.801
2017-02-10@10:30:00,14.622,14.201,13.780
2017-02-09@15:00:00,14.601,14.190,13.779
2017-02-09@14:00:00,14.569,14.158,13.748
2017-02-09@11:30:00,14.560,14.121,13.683
2017-02-09@10:30:00,14.491,14.077,13.664
2017-02-08@15:00:00,14.375,14.033,13.692
2017-02-08@14:00:00,14.374,14.033,13.692
2017-02-08@11:30:00,14.380,14.037,13.695
2017-02-08@10:30:00,14.388,14.046,13.705
2017-02-07@15:00:00,14.526,14.009,13.492
2017-02-07@14:00:00,14.665,13.945,13.226
2017-02-07@11:30:00,14.736,13.880,13.025
2017-02-07@10:30:00,14.791,13.821,12.852
2017-02-06@15:00:00,14.812,13.757,12.702
2017-02-06@14:00:00,14.749,13.693,12.638
2017-02-06@11:30:00,14.718,13.644,12.570
2017-02-06@10:30:00,14.665,13.591,12.517
2017-02-03@15:00:00,14.584,13.534,12.485
2017-02-03@14:00:00,14.523,13.479,12.436
2017-02-03@11:30:00,14.433,13.425,12.417
2017-02-03@10:30:00,14.360,13.374,12.388
2017-01-26@15:00:00,14.242,13.312,12.382
2017-01-26@14:00:00,14.179,13.258,12.338
2017-01-26@11:30:00,14.135,13.211,12.288
2017-01-26@10:30:00,14.079,13.160,12.242
2017-01-25@15:00:00,14.002,13.106,12.210
2017-01-25@14:00:00,13.814,13.038,12.263
2017-01-25@11:30:00,13.574,12.971,12.368
2017-01-25@10:30:00,13.203,12.903,12.604
2017-01-24@15:00:00,13.168,12.883,12.599
2017-01-24@14:00:00,13.181,12.871,12.561
2017-01-24@11:30:00,13.199,12.855,12.511
2017-01-24@10:30:00,13.225,12.836,12.447
2017-01-23@15:00:00,13.236,12.820,12.405
2017-01-23@14:00:00,13.221,12.785,12.350
2017-01-23@11:30:00,13.188,12.772,12.356
2017-01-23@10:30:00,13.148,12.758,12.368
2017-01-20@15:00:00,13.113,12.748,12.384
2017-01-20@14:00:00,13.140,12.755,12.370
2017-01-20@11:30:00,13.188,12.764,12.341
2017-01-20@10:30:00,13.282,12.784,12.287
2017-01-19@15:00:00,13.359,12.805,12.252
2017-01-19@14:00:00,13.513,12.848,12.184
2017-01-19@11:30:00,13.650,12.895,12.140
2017-01-19@10:30:00,13.790,12.949,12.108
2017-01-18@15:00:00,13.878,12.996,12.115
2017-01-18@14:00:00,13.950,13.038,12.126
2017-01-18@11:30:00,14.016,13.080,12.144
2017-01-18@10:30:00,14.075,13.122,12.170
2017-01-17@15:00:00,14.152,13.174,12.196
2017-01-17@14:00:00,14.218,13.236,12.254
2017-01-17@11:30:00,14.254,13.299,12.345
2017-01-17@10:30:00,14.272,13.371,12.471
2017-01-16@15:00:00,14.264,13.438,12.612
2017-01-16@14:00:00,14.230,13.519,12.809
2017-01-16@11:30:00,14.215,13.572,12.930
2017-01-16@10:30:00,14.191,13.630,13.070
2017-01-13@15:00:00,14.139,13.676,13.214
2017-01-13@14:00:00,14.145,13.725,13.305
2017-01-13@11:30:00,14.189,13.773,13.357
2017-01-13@10:30:00,14.244,13.815,13.387
2017-01-12@15:00:00,14.237,13.850,13.464
2017-01-12@14:00:00,14.248,13.868,13.488
2017-01-12@11:30:00,14.268,13.888,13.508
2017-01-12@10:30:00,14.297,13.905,13.514
2017-01-11@15:00:00,14.313,13.931,13.549
2017-01-11@14:00:00,14.300,13.938,13.577
2017-01-11@11:30:00,14.283,13.948,13.613
2017-01-11@10:30:00,14.264,13.959,13.654
2017-01-10@15:00:00,14.278,13.952,13.626
2017-01-10@14:00:00,14.285,13.946,13.607
2017-01-10@11:30:00,14.293,13.940,13.587
2017-01-10@10:30:00,14.300,13.930,13.560
2017-01-09@15:00:00,14.300,13.930,13.560
2017-01-09@14:00:00,14.313,13.905,13.497
2017-01-09@11:30:00,14.316,13.895,13.474
2017-01-09@10:30:00,14.316,13.876,13.436
2017-01-06@15:00:00,14.316,13.867,13.419
2017-01-06@14:00:00,14.333,13.826,13.320
2017-01-06@11:30:00,14.295,13.783,13.272
2017-01-06@10:30:00,14.239,13.737,13.235
2017-01-05@15:00:00,14.221,13.695,13.170
2017-01-05@14:00:00,14.185,13.667,13.149
2017-01-05@11:30:00,14.124,13.640,13.157
2017-01-05@10:30:00,14.040,13.610,13.181
2017-01-04@15:00:00,13.937,13.582,13.227
2017-01-04@14:00:00,13.918,13.570,13.223
2017-01-04@11:30:00,13.887,13.553,13.219
2017-01-04@10:30:00,13.843,13.536,13.229
2017-01-03@15:00:00,13.834,13.530,13.227
2017-01-03@14:00:00,13.826,13.528,13.230
2017-01-03@11:30:00,13.808,13.516,13.224
2017-01-03@10:30:00,13.791,13.498,13.206
2016-12-30@15:00:00,13.760,13.462,13.165
2016-12-30@14:00:00,13.782,13.440,13.098
2016-12-30@11:30:00,13.778,13.408,13.039
2016-12-30@10:30:00,13.773,13.381,12.990
2016-12-29@15:00:00,13.745,13.350,12.955
2016-12-29@14:00:00,13.745,13.352,12.959
2016-12-29@11:30:00,13.750,13.355,12.961
2016-12-29@10:30:00,13.750,13.354,12.959
2016-12-28@15:00:00,13.750,13.353,12.957
2016-12-28@14:00:00,13.743,13.341,12.939
2016-12-28@11:30:00,13.723,13.317,12.911
2016-12-28@10:30:00,13.711,13.288,12.866
2016-12-27@15:00:00,13.678,13.261,12.844
2016-12-27@14:00:00,13.657,13.230,12.803
2016-12-27@11:30:00,13.669,13.191,12.714
2016-12-27@10:30:00,13.644,13.155,12.666
2016-12-26@15:00:00,13.609,13.113,12.618
2016-12-26@14:00:00,13.534,13.060,12.586
2016-12-26@11:30:00,13.490,13.022,12.554
2016-12-26@10:30:00,13.450,12.995,12.541
2016-12-23@15:00:00,13.438,12.982,12.525
2016-12-23@14:00:00,13.430,12.966,12.503
2016-12-23@11:30:00,13.433,12.946,12.459
2016-12-23@10:30:00,13.431,12.923,12.415
2016-12-22@15:00:00,13.419,12.907,12.395
2016-12-22@14:00:00,13.377,12.865,12.352
2016-12-22@11:30:00,13.294,12.813,12.332
2016-12-22@10:30:00,13.215,12.775,12.334
2016-12-21@15:00:00,13.151,12.736,12.321
2016-12-21@14:00:00,13.089,12.695,12.300
2016-12-21@11:30:00,13.031,12.664,12.297
2016-12-21@10:30:00,12.989,12.641,12.292
2016-12-20@15:00:00,12.926,12.610,12.293
2016-12-20@14:00:00,12.888,12.582,12.276
2016-12-20@11:30:00,12.884,12.566,12.247
2016-12-20@10:30:00,12.869,12.541,12.212
2016-12-19@15:00:00,12.854,12.522,12.190
2016-12-19@14:00:00,12.850,12.508,12.165
2016-12-19@11:30:00,12.855,12.509,12.163
2016-12-19@10:30:00,12.855,12.509,12.163
2016-12-16@15:00:00,12.926,12.522,12.117
2016-12-16@14:00:00,12.971,12.532,12.093
2016-12-16@11:30:00,13.052,12.555,12.057
2016-12-16@10:30:00,13.124,12.579,12.033
2016-12-15@15:00:00,13.178,12.596,12.013
2016-12-15@14:00:00,13.263,12.632,12.000
2016-12-15@11:30:00,13.293,12.658,12.023
2016-12-15@10:30:00,13.316,12.676,12.036
2016-12-14@15:00:00,13.341,12.701,12.061
2016-12-14@14:00:00,13.358,12.731,12.104
2016-12-14@11:30:00,13.377,12.756,12.134
2016-12-14@10:30:00,13.392,12.778,12.164
2016-12-13@15:00:00,13.390,12.801,12.212
2016-12-13@14:00:00,13.377,12.826,12.274
2016-12-13@11:30:00,13.363,12.855,12.346
2016-12-13@10:30:00,13.321,12.889,12.456
2016-12-12@15:00:00,13.272,12.922,12.572
2016-12-12@14:00:00,13.174,12.960,12.745
2016-12-12@11:30:00,13.168,12.979,12.790
2016-12-12@10:30:00,13.162,12.991,12.819
2016-12-09@15:00:00,13.153,12.987,12.820
2016-12-09@14:00:00,13.155,12.988,12.821
2016-12-09@11:30:00,13.166,12.991,12.816
2016-12-09@10:30:00,13.164,12.991,12.817
2016-12-08@15:00:00,13.221,13.003,12.784
2016-12-08@14:00:00,13.280,13.013,12.746
2016-12-08@11:30:00,13.427,13.049,12.670
2016-12-08@10:30:00,13.536,13.086,12.636
2016-12-07@15:00:00,13.569,13.108,12.646
2016-12-07@14:00:00,13.624,13.136,12.648
2016-12-07@11:30:00,13.631,13.149,12.667
2016-12-07@10:30:00,13.632,13.160,12.688
2016-12-06@15:00:00,13.634,13.181,12.727
2016-12-06@14:00:00,13.638,13.179,12.719
2016-12-06@11:30:00,13.649,13.172,12.695
2016-12-06@10:30:00,13.657,13.166,12.675
2016-12-05@15:00:00,13.686,13.148,12.610
2016-12-05@14:00:00,13.694,13.134,12.574
2016-12-05@11:30:00,13.702,13.116,12.530
2016-12-05@10:30:00,13.707,13.104,12.500
2016-12-02@15:00:00,13.714,13.090,12.465
2016-12-02@14:00:00,13.720,13.075,12.429
2016-12-02@11:30:00,13.720,13.052,12.384
2016-12-02@10:30:00,13.718,13.035,12.352
2016-12-01@15:00:00,13.692,13.005,12.317
2016-12-01@14:00:00,13.646,12.969,12.292
2016-12-01@11:30:00,13.533,12.924,12.315
2016-12-01@10:30:00,13.398,12.875,12.352
2016-11-30@15:00:00,13.317,12.844,12.370
2016-11-30@14:00:00,13.167,12.810,12.452
2016-11-30@11:30:00,13.096,12.790,12.483
2016-11-30@10:30:00,13.029,12.773,12.517
2016-08-25@15:00:00,12.901,12.757,12.612
2016-08-25@14:00:00,12.908,12.759,12.610
2016-08-25@11:30:00,12.920,12.763,12.606
2016-08-25@10:30:00,12.918,12.762,12.606
2016-08-24@15:00:00,12.917,12.771,12.624
2016-08-24@14:00:00,12.923,12.774,12.624
2016-08-24@11:30:00,12.924,12.775,12.626
2016-08-24@10:30:00,12.923,12.774,12.625
2016-08-23@15:00:00,12.923,12.774,12.625
2016-08-23@14:00:00,12.924,12.773,12.621
2016-08-23@11:30:00,12.922,12.777,12.631
2016-08-23@10:30:00,12.922,12.778,12.634
2016-08-22@15:00:00,12.922,12.779,12.635
2016-08-22@14:00:00,12.926,12.777,12.627
2016-08-22@11:30:00,12.934,12.771,12.607
2016-08-22@10:30:00,12.944,12.767,12.589
2016-08-19@15:00:00,12.981,12.751,12.521
2016-08-19@14:00:00,13.007,12.728,12.448
2016-08-19@11:30:00,13.041,12.701,12.360
2016-08-19@10:30:00,13.052,12.674,12.295
2016-08-18@15:00:00,13.031,12.642,12.253
2016-08-18@14:00:00,13.023,12.613,12.202
2016-08-18@11:30:00,12.989,12.590,12.191
2016-08-18@10:30:00,12.964,12.568,12.172
2016-08-17@15:00:00,12.935,12.546,12.156
2016-08-17@14:00:00,12.894,12.529,12.163
2016-08-17@11:30:00,12.864,12.516,12.167
2016-08-17@10:30:00,12.834,12.504,12.174
2016-08-16@15:00:00,12.820,12.500,12.179
2016-08-16@14:00:00,12.805,12.494,12.182
2016-08-16@11:30:00,12.767,12.481,12.194
2016-08-16@10:30:00,12.727,12.468,12.209
2016-08-15@15:00:00,12.697,12.459,12.221
2016-08-15@14:00:00,12.676,12.452,12.228
2016-08-15@11:30:00,12.662,12.448,12.234
2016-08-15@10:30:00,12.646,12.440,12.234
2016-08-12@15:00:00,12.645,12.439,12.234
2016-08-12@14:00:00,12.649,12.436,12.223
2016-08-12@11:30:00,12.643,12.439,12.236
2016-08-12@10:30:00,12.639,12.443,12.247
2016-08-11@15:00:00,12.635,12.447,12.258
2016-08-11@14:00:00,12.625,12.451,12.277
2016-08-11@11:30:00,12.627,12.447,12.267
2016-08-11@10:30:00,nan,nan,nan
2016-08-10@15:00:00,nan,nan,nan
2016-08-10@14:00:00,nan,nan,nan
2016-08-10@11:30:00,nan,nan,nan
2016-08-10@10:30:00,nan,nan,nan
2016-08-09@15:00:00,nan,nan,nan
2016-08-09@14:00:00,nan,nan,nan
2016-08-09@11:30:00,nan,nan,nan
2016-08-09@10:30:00,nan,nan,nan
2016-08-08@15:00:00,nan,nan,nan
2016-08-08@14:00:00,nan,nan,nan
2016-08-08@11:30:00,nan,nan,nan
2016-08-08@10:30:00,nan,nan,nan
2016-08-05@15:00:00,nan,nan,nan
2016-08-05@14:00:00,nan,nan,nan
2016-08-05@11:30:00,nan,nan,nan
2016-08-05@10:30:00,nan,nan,nan
2016-08-04@15:00:00,nan,nan,nan
2016-08-04@14:00:00,nan,nan,nan
