Not
2017-03-17@15:00:00,-0.030,-0.039,0.009
2017-03-17@14:00:00,-0.015,-0.041,0.027
2017-03-17@11:30:00,-0.020,-0.048,0.029
2017-03-17@10:30:00,-0.028,-0.055,0.027
2017-03-16@15:00:00,-0.032,-0.062,0.030
2017-03-16@14:00:00,-0.043,-0.069,0.027
2017-03-16@11:30:00,-0.054,-0.076,0.022
2017-03-16@10:30:00,-0.068,-0.082,0.014
2017-03-15@15:00:00,-0.078,-0.085,0.007
2017-03-15@14:00:00,-0.089,-0.087,-0.002
2017-03-15@11:30:00,-0.088,-0.086,-0.002
2017-03-15@10:30:00,-0.090,-0.086,-0.004
2017-03-14@15:00:00,-0.090,-0.085,-0.005
2017-03-14@14:00:00,-0.084,-0.083,-0.001
2017-03-14@11:30:00,-0.088,-0.083,-0.005
2017-03-14@10:30:00,-0.086,-0.082,-0.004
2017-03-13@15:00:00,-0.089,-0.081,-0.008
2017-03-13@14:00:00,-0.094,-0.079,-0.014
2017-03-13@11:30:00,-0.097,-0.076,-0.021
2017-03-13@10:30:00,-0.092,-0.070,-0.022
2017-03-10@15:00:00,-0.086,-0.065,-0.021
2017-03-10@14:00:00,-0.078,-0.059,-0.019
2017-03-10@11:30:00,-0.075,-0.055,-0.020
2017-03-10@10:30:00,-0.068,-0.050,-0.018
2017-03-09@15:00:00,-0.057,-0.045,-0.012
2017-03-09@14:00:00,-0.044,-0.042,-0.001
2017-03-09@11:30:00,-0.042,-0.042,0.001
2017-03-09@10:30:00,-0.030,-0.042,0.012
2017-03-08@15:00:00,-0.035,-0.045,0.011
2017-03-08@14:00:00,-0.043,-0.048,0.005
2017-03-08@11:30:00,-0.045,-0.049,0.005
2017-03-08@10:30:00,-0.043,-0.050,0.007
2017-03-07@15:00:00,-0.048,-0.052,0.005
2017-03-07@14:00:00,-0.050,-0.053,0.004
2017-03-07@11:30:00,-0.058,-0.054,-0.004
2017-03-07@10:30:00,-0.059,-0.053,-0.006
2017-03-06@15:00:00,-0.065,-0.052,-0.013
2017-03-06@14:00:00,-0.072,-0.049,-0.023
2017-03-06@11:30:00,-0.073,-0.043,-0.030
2017-03-06@10:30:00,-0.075,-0.036,-0.039
2017-03-03@15:00:00,-0.074,-0.026,-0.049
2017-03-03@14:00:00,-0.067,-0.014,-0.053
2017-03-03@11:30:00,-0.052,-0.000,-0.051
2017-03-03@10:30:00,-0.039,0.012,-0.052
2017-03-02@15:00:00,-0.012,0.025,-0.037
2017-03-02@14:00:00,0.008,0.035,-0.027
2017-03-02@11:30:00,0.019,0.041,-0.022
2017-03-02@10:30:00,0.026,0.047,-0.021
2017-03-01@15:00:00,0.044,0.052,-0.008
2017-03-01@14:00:00,0.047,0.054,-0.007
2017-03-01@11:30:00,0.050,0.056,-0.006
2017-03-01@10:30:00,0.057,0.058,-0.001
2017-02-28@15:00:00,0.067,0.058,0.009
2017-02-28@14:00:00,0.057,0.056,0.001
2017-02-28@11:30:00,0.051,0.055,-0.004
2017-02-28@10:30:00,0.044,0.056,-0.012
2017-02-27@15:00:00,0.060,0.060,0.000
2017-02-27@14:00:00,0.067,0.059,0.008
2017-02-27@11:30:00,0.073,0.058,0.015
2017-02-27@10:30:00,0.067,0.054,0.013
2017-02-24@15:00:00,0.056,0.050,0.006
2017-02-24@14:00:00,0.028,0.049,-0.021
2017-02-24@11:30:00,0.022,0.054,-0.032
2017-02-24@10:30:00,0.024,0.062,-0.039
2017-02-23@15:00:00,0.025,0.072,-0.047
2017-02-23@14:00:00,0.037,0.084,-0.047
2017-02-23@11:30:00,0.056,0.095,-0.039
2017-02-23@10:30:00,0.078,0.105,-0.027
2017-02-22@15:00:00,0.110,0.112,-0.002
2017-02-22@14:00:00,0.113,0.113,0.001
2017-02-22@11:30:00,0.116,0.112,0.004
2017-02-22@10:30:00,0.126,0.112,0.014
2017-02-21@15:00:00,0.124,0.108,0.016
2017-02-21@14:00:00,0.111,0.104,0.007
2017-02-21@11:30:00,0.113,0.102,0.011
2017-02-21@10:30:00,0.115,0.099,0.016
2017-02-20@15:00:00,0.123,0.096,0.027
2017-02-20@14:00:00,0.113,0.089,0.024
2017-02-20@11:30:00,0.121,0.083,0.038
2017-02-20@10:30:00,0.104,0.073,0.031
2017-02-17@15:00:00,0.078,0.065,0.012
2017-02-17@14:00:00,0.079,0.062,0.016
2017-02-17@11:30:00,0.081,0.058,0.022
2017-02-17@10:30:00,0.080,0.053,0.027
2017-02-16@15:00:00,0.066,0.046,0.020
2017-02-16@14:00:00,0.036,0.041,-0.004
2017-02-16@11:30:00,0.026,0.042,-0.016
2017-02-16@10:30:00,0.005,0.046,-0.041
2017-02-15@15:00:00,0.011,0.056,-0.045
2017-02-15@14:00:00,0.022,0.068,-0.046
2017-02-15@11:30:00,0.030,0.079,-0.049
2017-02-15@10:30:00,0.029,0.091,-0.062
2017-02-14@15:00:00,0.040,0.107,-0.067
2017-02-14@14:00:00,0.052,0.124,-0.071
2017-02-14@11:30:00,0.074,0.141,-0.068
2017-02-14@10:30:00,0.103,0.158,-0.055
2017-02-13@15:00:00,0.135,0.172,-0.038
2017-02-13@14:00:00,0.150,0.181,-0.032
2017-02-13@11:30:00,0.162,0.189,-0.028
2017-02-13@10:30:00,0.164,0.196,-0.032
2017-02-10@15:00:00,0.180,0.204,-0.025
2017-02-10@14:00:00,0.197,0.211,-0.014
2017-02-10@11:30:00,0.205,0.214,-0.009
2017-02-10@10:30:00,0.221,0.216,0.004
2017-02-09@15:00:00,0.228,0.215,0.013
2017-02-09@14:00:00,0.224,0.212,0.012
2017-02-09@11:30:00,0.223,0.209,0.014
2017-02-09@10:30:00,0.200,0.205,-0.005
2017-02-08@15:00:00,0.164,0.207,-0.043
2017-02-08@14:00:00,0.167,0.218,-0.050
2017-02-08@11:30:00,0.180,0.230,-0.051
2017-02-08@10:30:00,0.202,0.243,-0.041
2017-02-07@15:00:00,0.232,0.253,-0.021
2017-02-07@14:00:00,0.244,0.258,-0.014
2017-02-07@11:30:00,0.253,0.262,-0.009
2017-02-07@10:30:00,0.276,0.264,0.012
2017-02-06@15:00:00,0.291,0.261,0.030
2017-02-06@14:00:00,0.280,0.254,0.026
2017-02-06@11:30:00,0.292,0.247,0.045
2017-02-06@10:30:00,0.294,0.236,0.058
2017-02-03@15:00:00,0.283,0.221,0.061
2017-02-03@14:00:00,0.280,0.206,0.074
2017-02-03@11:30:00,0.265,0.188,0.078
2017-02-03@10:30:00,0.257,0.168,0.089
2017-01-26@15:00:00,0.226,0.146,0.080
2017-01-26@14:00:00,0.216,0.126,0.090
2017-01-26@11:30:00,0.217,0.104,0.113
2017-01-26@10:30:00,0.212,0.075,0.137
2017-01-25@15:00:00,0.198,0.041,0.157
2017-01-25@14:00:00,0.142,0.002,0.140
2017-01-25@11:30:00,0.068,-0.033,0.101
2017-01-25@10:30:00,-0.028,-0.059,0.031
2017-01-24@15:00:00,-0.050,-0.066,0.016
2017-01-24@14:00:00,-0.048,-0.070,0.022
2017-01-24@11:30:00,-0.045,-0.076,0.031
2017-01-24@10:30:00,-0.037,-0.084,0.047
2017-01-23@15:00:00,-0.025,-0.095,0.071
2017-01-23@14:00:00,-0.037,-0.113,0.076
2017-01-23@11:30:00,-0.051,-0.132,0.081
2017-01-23@10:30:00,-0.070,-0.152,0.082
2017-01-20@15:00:00,-0.095,-0.173,0.078
2017-01-20@14:00:00,-0.114,-0.192,0.078
2017-01-20@11:30:00,-0.144,-0.212,0.068
2017-01-20@10:30:00,-0.173,-0.229,0.056
2017-01-19@15:00:00,-0.202,-0.243,0.041
2017-01-19@14:00:00,-0.220,-0.253,0.033
2017-01-19@11:30:00,-0.236,-0.261,0.025
2017-01-19@10:30:00,-0.249,-0.267,0.019
2017-01-18@15:00:00,-0.258,-0.272,0.013
2017-01-18@14:00:00,-0.276,-0.275,-0.001
2017-01-18@11:30:00,-0.295,-0.275,-0.020
2017-01-18@10:30:00,-0.315,-0.270,-0.045
2017-01-17@15:00:00,-0.334,-0.259,-0.075
2017-01-17@14:00:00,-0.337,-0.240,-0.098
2017-01-17@11:30:00,-0.330,-0.215,-0.115
2017-01-17@10:30:00,-0.307,-0.187,-0.120
2017-01-16@15:00:00,-0.279,-0.157,-0.122
2017-01-16@14:00:00,-0.228,-0.126,-0.102
2017-01-16@11:30:00,-0.201,-0.101,-0.100
2017-01-16@10:30:00,-0.165,-0.076,-0.089
2017-01-13@15:00:00,-0.128,-0.053,-0.074
2017-01-13@14:00:00,-0.099,-0.035,-0.064
2017-01-13@11:30:00,-0.075,-0.019,-0.056
2017-01-13@10:30:00,-0.057,-0.005,-0.052
2017-01-12@15:00:00,-0.029,0.008,-0.038
2017-01-12@14:00:00,-0.024,0.018,-0.041
2017-01-12@11:30:00,-0.019,0.028,-0.046
2017-01-12@10:30:00,-0.022,0.039,-0.062
2017-01-11@15:00:00,-0.011,0.055,-0.066
2017-01-11@14:00:00,0.006,0.071,-0.066
2017-01-11@11:30:00,0.026,0.088,-0.061
2017-01-11@10:30:00,0.051,0.103,-0.052
2017-01-10@15:00:00,0.066,0.116,-0.050
2017-01-10@14:00:00,0.079,0.129,-0.050
2017-01-10@11:30:00,0.097,0.141,-0.044
2017-01-10@10:30:00,0.111,0.152,-0.042
2017-01-09@15:00:00,0.132,0.163,-0.031
2017-01-09@14:00:00,0.137,0.170,-0.033
2017-01-09@11:30:00,0.159,0.179,-0.020
2017-01-09@10:30:00,0.173,0.184,-0.011
2017-01-06@15:00:00,0.201,0.186,0.015
2017-01-06@14:00:00,0.209,0.182,0.027
2017-01-06@11:30:00,0.203,0.176,0.028
2017-01-06@10:30:00,0.190,0.169,0.021
2017-01-05@15:00:00,0.189,0.164,0.025
2017-01-05@14:00:00,0.191,0.157,0.033
2017-01-05@11:30:00,0.183,0.149,0.034
2017-01-05@10:30:00,0.164,0.141,0.024
2017-01-04@15:00:00,0.138,0.135,0.003
2017-01-04@14:00:00,0.142,0.134,0.008
2017-01-04@11:30:00,0.139,0.132,0.007
2017-01-04@10:30:00,0.130,0.130,-0.000
2017-01-03@15:00:00,0.137,0.130,0.007
2017-01-03@14:00:00,0.136,0.129,0.007
2017-01-03@11:30:00,0.136,0.127,0.009
2017-01-03@10:30:00,0.135,0.124,0.010
2016-12-30@15:00:00,0.116,0.122,-0.006
2016-12-30@14:00:00,0.121,0.123,-0.002
2016-12-30@11:30:00,0.112,0.124,-0.012
2016-12-30@10:30:00,0.106,0.127,-0.021
2016-12-29@15:00:00,0.089,0.132,-0.043
2016-12-29@14:00:00,0.106,0.143,-0.037
2016-12-29@11:30:00,0.117,0.152,-0.035
2016-12-29@10:30:00,0.134,0.161,-0.027
2016-12-28@15:00:00,0.163,0.168,-0.005
2016-12-28@14:00:00,0.176,0.169,0.007
2016-12-28@11:30:00,0.179,0.167,0.012
2016-12-28@10:30:00,0.182,0.164,0.018
2016-12-27@15:00:00,0.180,0.160,0.020
2016-12-27@14:00:00,0.179,0.155,0.024
2016-12-27@11:30:00,0.182,0.149,0.033
2016-12-27@10:30:00,0.178,0.140,0.038
2016-12-26@15:00:00,0.168,0.131,0.037
2016-12-26@14:00:00,0.138,0.122,0.016
2016-12-26@11:30:00,0.121,0.118,0.003
2016-12-26@10:30:00,0.109,0.117,-0.008
2016-12-23@15:00:00,0.115,0.119,-0.004
2016-12-23@14:00:00,0.124,0.120,0.004
2016-12-23@11:30:00,0.139,0.119,0.020
2016-12-23@10:30:00,0.153,0.114,0.039
2016-12-22@15:00:00,0.170,0.104,0.066
2016-12-22@14:00:00,0.162,0.088,0.074
2016-12-22@11:30:00,0.137,0.069,0.068
2016-12-22@10:30:00,0.117,0.052,0.064
2016-12-21@15:00:00,0.098,0.036,0.062
2016-12-21@14:00:00,0.076,0.021,0.055
2016-12-21@11:30:00,0.057,0.007,0.050
2016-12-21@10:30:00,0.044,-0.005,0.049
2016-12-20@15:00:00,0.021,-0.017,0.038
2016-12-20@14:00:00,0.003,-0.027,0.030
2016-12-20@11:30:00,0.002,-0.034,0.036
2016-12-20@10:30:00,-0.008,-0.043,0.035
2016-12-19@15:00:00,-0.014,-0.052,0.039
2016-12-19@14:00:00,-0.010,-0.062,0.052
2016-12-19@11:30:00,-0.014,-0.075,0.061
2016-12-19@10:30:00,-0.031,-0.090,0.059
2016-12-16@15:00:00,-0.055,-0.105,0.050
2016-12-16@14:00:00,-0.079,-0.117,0.038
2016-12-16@11:30:00,-0.093,-0.127,0.034
2016-12-16@10:30:00,-0.106,-0.135,0.029
2016-12-15@15:00:00,-0.135,-0.143,0.008
2016-12-15@14:00:00,-0.144,-0.145,0.001
2016-12-15@11:30:00,-0.146,-0.145,-0.001
2016-12-15@10:30:00,-0.160,-0.145,-0.016
2016-12-14@15:00:00,-0.167,-0.141,-0.027
2016-12-14@14:00:00,-0.164,-0.134,-0.030
2016-12-14@11:30:00,-0.169,-0.126,-0.043
2016-12-14@10:30:00,-0.177,-0.115,-0.061
2016-12-13@15:00:00,-0.174,-0.100,-0.074
2016-12-13@14:00:00,-0.163,-0.082,-0.081
2016-12-13@11:30:00,-0.146,-0.062,-0.085
2016-12-13@10:30:00,-0.115,-0.040,-0.075
2016-12-12@15:00:00,-0.080,-0.022,-0.058
2016-12-12@14:00:00,-0.031,-0.007,-0.024
2016-12-12@11:30:00,-0.009,-0.001,-0.008
2016-12-12@10:30:00,0.009,0.001,0.008
2016-12-09@15:00:00,0.004,-0.001,0.005
2016-12-09@14:00:00,0.008,-0.002,0.010
2016-12-09@11:30:00,0.003,-0.005,0.008
2016-12-09@10:30:00,-0.002,-0.007,0.005
2016-12-08@15:00:00,-0.009,-0.008,-0.000
2016-12-08@14:00:00,-0.029,-0.008,-0.020
2016-12-08@11:30:00,-0.028,-0.003,-0.025
2016-12-08@10:30:00,-0.024,0.003,-0.027
2016-12-07@15:00:00,-0.022,0.010,-0.032
2016-12-07@14:00:00,-0.021,0.018,-0.039
2016-12-07@11:30:00,-0.019,0.027,-0.047
2016-12-07@10:30:00,-0.016,0.039,-0.055
2016-12-06@15:00:00,-0.003,0.053,-0.056
2016-12-06@14:00:00,0.015,0.067,-0.052
2016-12-06@11:30:00,0.029,0.080,-0.051
2016-12-06@10:30:00,0.045,0.093,-0.048
2016-12-05@15:00:00,0.059,0.105,-0.046
2016-12-05@14:00:00,0.070,0.116,-0.046
2016-12-05@11:30:00,0.079,0.128,-0.049
2016-12-05@10:30:00,0.096,0.140,-0.043
2016-12-02@15:00:00,0.120,0.151,-0.031
2016-12-02@14:00:00,0.148,0.158,-0.010
2016-12-02@11:30:00,0.169,0.161,0.008
2016-12-02@10:30:00,0.200,0.159,0.041
2016-12-01@15:00:00,0.213,0.149,0.064
2016-12-01@14:00:00,0.217,0.133,0.084
2016-12-01@11:30:00,0.193,0.111,0.082
2016-12-01@10:30:00,0.160,0.091,0.069
2016-11-30@15:00:00,0.144,0.074,0.070
2016-11-30@14:00:00,0.105,0.056,0.049
2016-11-30@11:30:00,0.085,0.044,0.041
2016-11-30@10:30:00,0.064,0.034,0.031
2016-08-25@15:00:00,0.026,0.026,-0.000
2016-08-25@14:00:00,0.024,0.026,-0.003
2016-08-25@11:30:00,0.020,0.027,-0.006
2016-08-25@10:30:00,0.013,0.028,-0.015
2016-08-24@15:00:00,0.023,0.032,-0.009
2016-08-24@14:00:00,0.021,0.034,-0.013
2016-08-24@11:30:00,0.023,0.038,-0.015
2016-08-24@10:30:00,0.020,0.042,-0.022
2016-08-23@15:00:00,0.022,0.047,-0.025
2016-08-23@14:00:00,0.026,0.053,-0.028
2016-08-23@11:30:00,0.033,0.060,-0.027
2016-08-23@10:30:00,0.038,0.067,-0.029
2016-08-22@15:00:00,0.047,0.074,-0.028
2016-08-22@14:00:00,0.058,0.081,-0.023
2016-08-22@11:30:00,0.066,0.087,-0.021
2016-08-22@10:30:00,0.082,0.092,-0.010
2016-08-19@15:00:00,0.095,0.095,-0.000
2016-08-19@14:00:00,0.099,0.095,0.004
2016-08-19@11:30:00,0.105,0.094,0.012
2016-08-19@10:30:00,0.110,0.091,0.020
2016-08-18@15:00:00,0.104,0.086,0.018
2016-08-18@14:00:00,0.103,0.081,0.022
2016-08-18@11:30:00,0.098,0.076,0.022
2016-08-18@10:30:00,0.097,0.070,0.027
2016-08-17@15:00:00,0.095,0.064,0.031
2016-08-17@14:00:00,0.087,0.056,0.031
2016-08-17@11:30:00,0.083,0.048,0.035
2016-08-17@10:30:00,0.077,0.040,0.038
2016-08-16@15:00:00,0.073,0.030,0.043
2016-08-16@14:00:00,nan,nan,nan
2016-08-16@11:30:00,nan,nan,nan
2016-08-16@10:30:00,nan,nan,nan
2016-08-15@15:00:00,nan,nan,nan
2016-08-15@14:00:00,nan,nan,nan
2016-08-15@11:30:00,nan,nan,nan
2016-08-15@10:30:00,nan,nan,nan
2016-08-12@15:00:00,nan,nan,nan
2016-08-12@14:00:00,nan,nan,nan
2016-08-12@11:30:00,nan,nan,nan
2016-08-12@10:30:00,nan,nan,nan
2016-08-11@15:00:00,nan,nan,nan
2016-08-11@14:00:00,nan,nan,nan
2016-08-11@11:30:00,nan,nan,nan
2016-08-11@10:30:00,nan,nan,nan
2016-08-10@15:00:00,nan,nan,nan
2016-08-10@14:00:00,nan,nan,nan
2016-08-10@11:30:00,nan,nan,nan
2016-08-10@10:30:00,nan,nan,nan
2016-08-09@15:00:00,nan,nan,nan
2016-08-09@14:00:00,nan,nan,nan
2016-08-09@11:30:00,nan,nan,nan
2016-08-09@10:30:00,nan,nan,nan
2016-08-08@15:00:00,nan,nan,nan
2016-08-08@14:00:00,nan,nan,nan
2016-08-08@11:30:00,nan,nan,nan
2016-08-08@10:30:00,nan,nan,nan
2016-08-05@15:00:00,nan,nan,nan
2016-08-05@14:00:00,nan,nan,nan
2016-08-05@11:30:00,nan,nan,nan
2016-08-05@10:30:00,nan,nan,nan
2016-08-04@15:00:00,nan,nan,nan
2016-08-04@14:00:00,nan,nan,nan
