2017-03-17@15:00:00,34.233,33.346,32.458
2017-03-17@14:00:00,34.231,33.278,32.324
2017-03-17@11:30:00,34.168,33.199,32.229
2017-03-17@10:30:00,34.041,33.116,32.190
2017-03-16@15:00:00,33.915,33.028,32.140
2017-03-16@14:00:00,33.817,32.952,32.087
2017-03-16@11:30:00,33.724,32.888,32.051
2017-03-16@10:30:00,33.625,32.830,32.035
2017-03-15@15:00:00,33.506,32.773,32.040
2017-03-15@14:00:00,33.449,32.749,32.048
2017-03-15@11:30:00,33.462,32.753,32.044
2017-03-15@10:30:00,33.513,32.769,32.024
2017-03-14@15:00:00,33.530,32.775,32.019
2017-03-14@14:00:00,33.483,32.757,32.031
2017-03-14@11:30:00,33.484,32.687,31.890
2017-03-14@10:30:00,33.461,32.614,31.767
2017-03-13@15:00:00,33.376,32.538,31.700
2017-03-13@14:00:00,33.361,32.504,31.647
2017-03-13@11:30:00,33.351,32.464,31.577
2017-03-13@10:30:00,33.312,32.416,31.520
2017-03-10@15:00:00,33.308,32.374,31.440
2017-03-10@14:00:00,33.324,32.335,31.345
2017-03-10@11:30:00,33.328,32.298,31.268
2017-03-10@10:30:00,33.330,32.253,31.176
2017-03-09@15:00:00,33.352,32.206,31.060
2017-03-09@14:00:00,33.348,32.169,30.990
2017-03-09@11:30:00,33.330,32.132,30.934
2017-03-09@10:30:00,33.301,32.091,30.881
2017-03-08@15:00:00,33.265,32.059,30.852
2017-03-08@14:00:00,33.178,32.008,30.837
2017-03-08@11:30:00,32.993,31.939,30.885
2017-03-08@10:30:00,32.703,31.863,31.023
2017-03-07@15:00:00,32.385,31.793,31.201
2017-03-07@14:00:00,32.042,31.736,31.431
2017-03-07@11:30:00,32.033,31.731,31.429
2017-03-07@10:30:00,32.028,31.725,31.422
2017-03-06@15:00:00,32.015,31.715,31.416
2017-03-06@14:00:00,31.953,31.689,31.426
2017-03-06@11:30:00,31.927,31.666,31.405
2017-03-06@10:30:00,31.886,31.652,31.418
2017-03-03@15:00:00,31.896,31.630,31.364
2017-03-03@14:00:00,31.905,31.636,31.366
2017-03-03@11:30:00,31.908,31.638,31.367
2017-03-03@10:30:00,31.919,31.648,31.376
2017-03-02@15:00:00,31.900,31.665,31.429
2017-03-02@14:00:00,31.900,31.669,31.438
2017-03-02@11:30:00,31.900,31.667,31.434
2017-03-02@10:30:00,31.902,31.663,31.424
2017-03-01@15:00:00,31.890,31.649,31.407
2017-03-01@14:00:00,31.923,31.658,31.392
2017-03-01@11:30:00,31.914,31.645,31.375
2017-03-01@10:30:00,31.929,31.616,31.302
2017-02-28@15:00:00,31.918,31.597,31.275
2017-02-28@14:00:00,31.933,31.565,31.197
2017-02-28@11:30:00,31.939,31.537,31.134
2017-02-28@10:30:00,31.946,31.510,31.073
2017-02-27@15:00:00,31.935,31.489,31.043
2017-02-27@14:00:00,31.993,31.451,30.909
2017-02-27@11:30:00,32.057,31.411,30.764
2017-02-27@10:30:00,32.078,31.361,30.644
2017-02-24@15:00:00,32.129,31.320,30.510
2017-02-24@14:00:00,32.131,31.254,30.376
2017-02-24@11:30:00,32.108,31.191,30.273
2017-02-24@10:30:00,32.041,31.138,30.235
2017-02-23@15:00:00,31.971,31.102,30.232
2017-02-23@14:00:00,31.900,31.065,30.230
2017-02-23@11:30:00,31.839,31.040,30.241
2017-02-23@10:30:00,31.781,31.014,30.246
2017-02-22@15:00:00,31.719,30.985,30.251
2017-02-22@14:00:00,31.533,30.932,30.331
2017-02-22@11:30:00,31.447,30.905,30.363
2017-02-22@10:30:00,31.427,30.899,30.370
2017-02-21@15:00:00,31.379,30.886,30.393
2017-02-21@14:00:00,31.395,30.891,30.386
2017-02-21@11:30:00,31.415,30.897,30.378
2017-02-21@10:30:00,31.445,30.906,30.366
2017-02-20@15:00:00,31.440,30.904,30.368
2017-02-20@14:00:00,31.507,30.935,30.362
2017-02-20@11:30:00,31.555,30.971,30.386
2017-02-20@10:30:00,31.600,31.008,30.415
2017-02-17@15:00:00,31.579,31.034,30.489
2017-02-17@14:00:00,31.528,31.063,30.597
2017-02-17@11:30:00,31.464,31.093,30.722
2017-02-17@10:30:00,31.437,31.106,30.775
2017-02-16@15:00:00,31.436,31.112,30.788
2017-02-16@14:00:00,31.440,31.126,30.812
2017-02-16@11:30:00,31.457,31.136,30.815
2017-02-16@10:30:00,31.457,31.141,30.824
2017-02-15@15:00:00,31.452,31.151,30.849
2017-02-15@14:00:00,31.435,31.158,30.881
2017-02-15@11:30:00,31.473,31.146,30.819
2017-02-15@10:30:00,31.541,31.118,30.694
2017-02-14@15:00:00,31.574,31.090,30.606
2017-02-14@14:00:00,31.567,31.066,30.565
2017-02-14@11:30:00,31.545,31.045,30.544
2017-02-14@10:30:00,31.519,31.017,30.515
2017-02-13@15:00:00,31.507,31.012,30.516
2017-02-13@14:00:00,31.461,30.996,30.530
2017-02-13@11:30:00,31.423,30.984,30.544
2017-02-13@10:30:00,31.365,30.966,30.567
2017-02-10@15:00:00,31.361,30.963,30.565
2017-02-10@14:00:00,31.381,30.941,30.500
2017-02-10@11:30:00,31.382,30.916,30.449
2017-02-10@10:30:00,31.389,30.894,30.399
2017-02-09@15:00:00,31.372,30.871,30.369
2017-02-09@14:00:00,31.329,30.848,30.367
2017-02-09@11:30:00,31.258,30.819,30.379
2017-02-09@10:30:00,31.223,30.797,30.371
2017-02-08@15:00:00,31.174,30.773,30.372
2017-02-08@14:00:00,31.154,30.747,30.340
2017-02-08@11:30:00,31.158,30.735,30.312
2017-02-08@10:30:00,31.175,30.725,30.275
2017-02-07@15:00:00,31.230,30.700,30.169
2017-02-07@14:00:00,31.259,30.667,30.074
2017-02-07@11:30:00,31.265,30.630,29.994
2017-02-07@10:30:00,31.259,30.604,29.948
2017-02-06@15:00:00,31.190,30.564,29.937
2017-02-06@14:00:00,31.119,30.521,29.923
2017-02-06@11:30:00,31.019,30.487,29.955
2017-02-06@10:30:00,30.923,30.455,29.987
2017-02-03@15:00:00,30.833,30.429,30.025
2017-02-03@14:00:00,30.847,30.402,29.956
2017-02-03@11:30:00,30.835,30.380,29.925
2017-02-03@10:30:00,30.831,30.354,29.876
2017-01-26@15:00:00,30.825,30.316,29.806
2017-01-26@14:00:00,30.812,30.259,29.706
2017-01-26@11:30:00,30.789,30.204,29.619
2017-01-26@10:30:00,30.728,30.164,29.599
2017-01-25@15:00:00,30.692,30.107,29.522
2017-01-25@14:00:00,30.643,30.077,29.511
2017-01-25@11:30:00,30.590,30.055,29.519
2017-01-25@10:30:00,30.562,30.042,29.522
2017-01-24@15:00:00,30.559,30.039,29.518
2017-01-24@14:00:00,30.567,30.043,29.519
2017-01-24@11:30:00,30.575,30.048,29.520
2017-01-24@10:30:00,30.562,30.021,29.480
2017-01-23@15:00:00,30.529,29.998,29.467
2017-01-23@14:00:00,30.525,29.997,29.468
2017-01-23@11:30:00,30.574,30.007,29.439
2017-01-23@10:30:00,30.660,30.025,29.389
2017-01-20@15:00:00,30.767,30.047,29.327
2017-01-20@14:00:00,31.122,30.129,29.136
2017-01-20@11:30:00,31.453,30.214,28.975
2017-01-20@10:30:00,31.800,30.319,28.838
2017-01-19@15:00:00,31.994,30.412,28.830
2017-01-19@14:00:00,32.365,30.562,28.758
2017-01-19@11:30:00,32.783,30.735,28.686
2017-01-19@10:30:00,33.201,30.908,28.615
2017-01-18@15:00:00,33.509,31.095,28.680
2017-01-18@14:00:00,33.811,31.270,28.728
2017-01-18@11:30:00,34.067,31.437,28.806
2017-01-18@10:30:00,34.230,31.586,28.941
2017-01-17@15:00:00,34.363,31.742,29.121
2017-01-17@14:00:00,34.501,31.899,29.296
2017-01-17@11:30:00,34.616,32.059,29.502
2017-01-17@10:30:00,34.591,32.234,29.876
2017-01-16@15:00:00,34.511,32.398,30.285
2017-01-16@14:00:00,34.453,32.559,30.664
2017-01-16@11:30:00,34.373,32.683,30.993
2017-01-16@10:30:00,34.250,32.802,31.353
2017-01-13@15:00:00,34.067,32.909,31.750
2017-01-13@14:00:00,33.980,32.983,31.985
2017-01-13@11:30:00,33.910,33.057,32.203
2017-01-13@10:30:00,33.895,33.132,32.368
2017-01-12@15:00:00,33.643,33.223,32.802
2017-01-12@14:00:00,33.619,33.272,32.925
2017-01-12@11:30:00,33.689,33.305,32.921
2017-01-12@10:30:00,33.772,33.330,32.887
2017-01-11@15:00:00,33.857,33.360,32.863
2017-01-11@14:00:00,34.009,33.400,32.790
2017-01-11@11:30:00,34.130,33.439,32.747
2017-01-11@10:30:00,34.195,33.486,32.776
2017-01-10@15:00:00,34.260,33.531,32.802
2017-01-10@14:00:00,34.348,33.575,32.801
2017-01-10@11:30:00,34.440,33.617,32.794
2017-01-10@10:30:00,34.499,33.666,32.834
2017-01-09@15:00:00,34.549,33.721,32.893
2017-01-09@14:00:00,34.597,33.760,32.923
2017-01-09@11:30:00,34.633,33.818,33.003
2017-01-09@10:30:00,34.647,33.874,33.102
2017-01-06@15:00:00,34.641,33.942,33.242
2017-01-06@14:00:00,34.588,33.997,33.405
2017-01-06@11:30:00,34.586,34.054,33.521
2017-01-06@10:30:00,34.574,34.082,33.590
2017-01-05@15:00:00,34.531,34.109,33.686
2017-01-05@14:00:00,34.492,34.122,33.752
2017-01-05@11:30:00,34.464,34.135,33.805
2017-01-05@10:30:00,34.452,34.140,33.827
2017-01-04@15:00:00,34.439,34.147,33.854
2017-01-04@14:00:00,34.442,34.148,33.854
2017-01-04@11:30:00,34.447,34.152,33.856
2017-01-04@10:30:00,34.448,34.161,33.874
2017-01-03@15:00:00,34.451,34.159,33.866
2017-01-03@14:00:00,34.560,34.120,33.679
2017-01-03@11:30:00,34.683,34.062,33.441
2017-01-03@10:30:00,34.756,34.008,33.259
2016-12-30@15:00:00,34.864,33.932,32.999
2016-12-30@14:00:00,34.881,33.873,32.864
2016-12-30@11:30:00,34.876,33.803,32.730
2016-12-30@10:30:00,34.838,33.745,32.652
2016-12-29@15:00:00,34.768,33.681,32.594
2016-12-29@14:00:00,34.709,33.646,32.583
2016-12-29@11:30:00,34.594,33.589,32.583
2016-12-29@10:30:00,34.523,33.553,32.583
2016-12-28@15:00:00,34.462,33.515,32.567
2016-12-28@14:00:00,34.523,33.534,32.544
2016-12-28@11:30:00,34.536,33.538,32.540
2016-12-28@10:30:00,34.557,33.546,32.534
2016-12-27@15:00:00,34.651,33.571,32.491
2016-12-27@14:00:00,34.778,33.601,32.424
2016-12-27@11:30:00,35.065,33.662,32.259
2016-12-27@10:30:00,35.393,33.739,32.084
2016-12-26@15:00:00,35.502,33.781,32.060
2016-12-26@14:00:00,35.562,33.831,32.100
2016-12-26@11:30:00,35.656,33.778,31.899
2016-12-26@10:30:00,35.725,33.728,31.731
2016-12-23@15:00:00,35.762,33.703,31.644
2016-12-23@14:00:00,35.796,33.669,31.541
2016-12-23@11:30:00,35.830,33.635,31.439
2016-12-23@10:30:00,35.865,33.588,31.311
2016-12-22@15:00:00,35.885,33.548,31.211
2016-12-22@14:00:00,35.897,33.480,31.063
2016-12-22@11:30:00,35.915,33.416,30.916
2016-12-22@10:30:00,35.902,33.361,30.819
2016-12-21@15:00:00,35.898,33.306,30.713
2016-12-21@14:00:00,35.816,33.183,30.550
2016-12-21@11:30:00,35.731,33.078,30.425
2016-12-21@10:30:00,35.630,32.970,30.310
2016-12-20@15:00:00,35.443,32.834,30.224
2016-12-20@14:00:00,35.162,32.702,30.241
2016-12-20@11:30:00,34.660,32.536,30.412
2016-12-20@10:30:00,33.900,32.349,30.798
2016-12-19@15:00:00,33.260,32.207,31.154
2016-12-19@14:00:00,32.422,32.074,31.725
2016-12-19@11:30:00,32.461,32.091,31.720
2016-12-19@10:30:00,32.498,32.105,31.712
2016-12-16@15:00:00,32.560,32.123,31.685
2016-12-16@14:00:00,33.070,32.200,31.329
2016-12-16@11:30:00,33.492,32.293,31.094
2016-12-16@10:30:00,33.851,32.395,30.938
2016-12-15@15:00:00,34.093,32.480,30.866
2016-12-15@14:00:00,34.535,32.618,30.700
2016-12-15@11:30:00,34.921,32.767,30.612
2016-12-15@10:30:00,35.260,32.901,30.541
2016-12-14@15:00:00,35.570,33.047,30.524
2016-12-14@14:00:00,35.860,33.223,30.585
2016-12-14@11:30:00,36.073,33.380,30.687
2016-12-14@10:30:00,36.225,33.535,30.844
2016-12-13@15:00:00,36.310,33.688,31.066
2016-12-13@14:00:00,36.423,33.834,31.244
2016-12-13@11:30:00,36.507,33.984,31.460
2016-12-13@10:30:00,36.531,34.140,31.748
2016-12-12@15:00:00,36.501,34.293,32.084
2016-12-12@14:00:00,36.346,34.458,32.569
2016-12-12@11:30:00,36.214,34.582,32.949
2016-12-12@10:30:00,35.996,34.707,33.418
2016-12-09@15:00:00,35.666,34.834,34.001
2016-12-09@14:00:00,35.623,34.904,34.185
2016-12-09@11:30:00,35.652,34.979,34.305
2016-12-09@10:30:00,35.656,35.045,34.433
2016-12-08@15:00:00,35.724,35.149,34.574
2016-12-08@14:00:00,36.099,35.237,34.375
2016-12-08@11:30:00,36.392,35.324,34.255
2016-12-08@10:30:00,36.622,35.407,34.191
2016-12-07@15:00:00,36.875,35.498,34.120
2016-12-07@14:00:00,37.075,35.576,34.077
2016-12-07@11:30:00,37.240,35.662,34.084
2016-12-07@10:30:00,37.355,35.748,34.140
2016-12-06@15:00:00,37.465,35.847,34.228
2016-12-06@14:00:00,37.457,35.860,34.262
2016-12-06@11:30:00,37.469,35.848,34.227
2016-12-06@10:30:00,37.523,35.814,34.105
2016-12-05@15:00:00,37.593,35.771,33.949
2016-12-05@14:00:00,37.619,35.747,33.875
2016-12-05@11:30:00,37.656,35.721,33.786
2016-12-05@10:30:00,37.669,35.708,33.746
2016-12-02@15:00:00,37.674,35.696,33.718
2016-12-02@14:00:00,37.682,35.673,33.664
2016-12-02@11:30:00,37.676,35.638,33.600
2016-12-02@10:30:00,37.669,35.623,33.576
2016-12-01@15:00:00,37.622,35.558,33.494
2016-12-01@14:00:00,37.497,35.452,33.406
2016-12-01@11:30:00,37.342,35.337,33.332
2016-12-01@10:30:00,37.158,35.235,33.312
2016-11-30@15:00:00,36.893,35.110,33.327
2016-11-30@14:00:00,36.617,34.964,33.311
2016-11-30@11:30:00,36.292,34.818,33.344
2016-11-30@10:30:00,35.925,34.678,33.431
2016-10-13@15:00:00,35.339,34.536,33.732
2016-10-13@14:00:00,35.222,34.466,33.709
2016-10-13@11:30:00,35.183,34.416,33.648
2016-10-13@10:30:00,35.188,34.390,33.592
2016-10-12@15:00:00,35.205,34.370,33.535
2016-10-12@14:00:00,35.245,34.312,33.379
2016-10-12@11:30:00,35.279,34.265,33.252
2016-10-12@10:30:00,35.275,34.201,33.128
2016-10-11@15:00:00,35.206,34.134,33.062
2016-10-11@14:00:00,35.138,34.062,32.987
2016-10-11@11:30:00,35.082,33.964,32.846
2016-10-11@10:30:00,34.904,33.848,32.792
2016-10-10@15:00:00,34.801,33.749,32.697
2016-10-10@14:00:00,34.705,33.675,32.645
2016-10-10@11:30:00,34.614,33.642,32.671
2016-10-10@10:30:00,34.483,33.611,32.738
2016-09-30@15:00:00,34.396,33.589,32.781
2016-09-30@14:00:00,34.384,33.584,32.784
2016-09-30@11:30:00,34.383,33.584,32.784
2016-09-30@10:30:00,34.387,33.585,32.783
2016-09-29@15:00:00,34.448,33.602,32.755
2016-09-29@14:00:00,34.459,33.605,32.752
2016-09-29@11:30:00,34.462,33.607,32.752
2016-09-29@10:30:00,34.474,33.611,32.749
2016-09-28@15:00:00,34.497,33.622,32.746
2016-09-28@14:00:00,34.498,33.619,32.739
2016-09-28@11:30:00,34.502,33.628,32.754
2016-09-28@10:30:00,34.505,33.641,32.776
2016-09-27@15:00:00,34.504,33.636,32.768
2016-09-27@14:00:00,34.506,33.645,32.784
2016-09-27@11:30:00,34.471,33.676,32.881
2016-09-27@10:30:00,34.422,33.713,33.004
2016-09-26@15:00:00,34.336,33.749,33.162
2016-09-26@14:00:00,34.300,33.760,33.220
2016-09-26@11:30:00,34.324,33.731,33.138
2016-09-26@10:30:00,34.292,33.702,33.111
2016-09-23@15:00:00,34.257,33.678,33.100
2016-09-23@14:00:00,34.326,33.621,32.916
2016-09-23@11:30:00,34.345,33.566,32.786
2016-09-23@10:30:00,34.342,33.507,32.672
2016-09-22@15:00:00,34.233,33.433,32.632
2016-09-22@14:00:00,34.157,33.382,32.607
2016-09-22@11:30:00,34.091,33.330,32.569
2016-09-22@10:30:00,nan,nan,nan
2016-09-21@15:00:00,nan,nan,nan
2016-09-21@14:00:00,nan,nan,nan
2016-09-21@11:30:00,nan,nan,nan
2016-09-21@10:30:00,nan,nan,nan
2016-09-20@15:00:00,nan,nan,nan
2016-09-20@14:00:00,nan,nan,nan
2016-09-20@11:30:00,nan,nan,nan
2016-09-20@10:30:00,nan,nan,nan
2016-09-19@15:00:00,nan,nan,nan
2016-09-19@14:00:00,nan,nan,nan
2016-09-19@11:30:00,nan,nan,nan
2016-09-19@10:30:00,nan,nan,nan
2016-09-14@15:00:00,nan,nan,nan
2016-09-14@14:00:00,nan,nan,nan
2016-09-14@11:30:00,nan,nan,nan
2016-09-14@10:30:00,nan,nan,nan
2016-09-13@15:00:00,nan,nan,nan
2016-09-13@14:00:00,nan,nan,nan
