2017-06-30,29.052,28.821,28.608,28.081,28.712
2017-06-29,28.846,28.777,28.497,28.043,28.743
2017-06-28,28.652,28.836,28.376,28.009,28.779
2017-06-27,28.604,29.000,28.283,27.966,28.845
2017-06-26,28.568,28.914,28.176,27.923,28.926
2017-06-23,28.590,28.813,28.061,27.900,29.002
2017-06-22,28.708,28.794,27.969,27.911,29.101
2017-06-21,29.020,28.797,27.882,27.933,29.214
2017-06-20,29.396,28.737,27.807,27.933,29.311
2017-06-19,29.260,28.576,27.759,27.943,29.403
2017-06-16,29.036,28.395,27.711,27.948,29.486
2017-06-15,28.880,28.217,27.676,27.964,29.567
2017-06-14,28.574,27.917,27.596,27.955,29.638
2017-06-13,28.078,27.567,27.448,27.917,29.684
2017-06-12,27.892,27.439,27.428,27.968,29.769
2017-06-09,27.754,27.309,27.443,27.999,29.849
2017-06-08,27.554,27.145,27.469,28.021,29.921
2017-06-07,27.260,26.967,27.500,28.031,29.991
2017-06-06,27.056,26.877,27.530,28.068,30.069
2017-06-05,26.986,26.943,27.627,28.126,30.163
2017-06-02,26.864,27.028,27.724,28.175,30.243
2017-06-01,26.736,27.136,27.838,28.260,30.318
2017-05-31,26.674,27.275,27.974,28.367,30.401
2017-05-26,26.698,27.330,28.092,28.461,30.479
2017-05-25,26.900,27.417,28.232,28.576,30.560
2017-05-24,27.192,27.578,28.343,28.695,30.641
2017-05-23,27.536,27.793,28.458,28.836,30.729
2017-05-22,27.876,28.034,28.563,28.972,30.818
2017-05-19,27.962,28.184,28.664,29.099,30.897
2017-05-18,27.934,28.311,28.717,29.216,30.951
2017-05-17,27.964,28.420,28.748,29.342,30.995
2017-05-16,28.050,28.540,28.822,29.443,31.034
2017-05-15,28.192,28.673,28.912,29.549,31.083
2017-05-12,28.406,28.855,29.026,29.724,31.137
2017-05-11,28.688,29.047,29.155,29.929,31.194
2017-05-10,28.876,29.109,29.254,30.104,31.246
2017-05-09,29.030,29.124,29.357,30.292,31.285
2017-05-08,29.154,29.093,29.441,30.495,31.326
2017-05-05,29.304,29.144,29.557,30.689,31.365
2017-05-04,29.406,29.124,29.668,30.864,31.390
2017-05-03,29.342,29.076,29.803,31.024,31.422
2017-05-02,29.218,29.105,29.894,31.170,31.442
2017-04-28,29.032,29.152,29.987,31.322,31.466
2017-04-27,28.984,29.198,30.158,31.452,31.488
2017-04-26,28.842,29.264,30.370,31.570,31.501
2017-04-25,28.810,29.399,30.601,31.700,31.521
2017-04-24,28.992,29.590,30.876,31.822,31.546
2017-04-21,29.272,29.789,31.195,31.952,31.572
2017-04-20,29.412,29.970,31.462,32.070,31.578
2017-04-19,29.686,30.213,31.733,32.200,31.592
2017-04-18,29.988,30.530,31.998,32.311,31.616
2017-04-17,30.188,30.683,32.202,32.377,31.625
2017-04-14,30.306,30.822,32.407,32.435,31.661
2017-04-13,30.528,31.118,32.578,32.497,31.710
2017-04-12,30.740,31.477,32.723,32.544,31.758
2017-04-11,31.072,31.804,32.850,32.586,31.808
2017-04-10,31.178,32.163,32.937,32.623,31.853
2017-04-07,31.338,32.602,33.033,32.665,31.905
2017-04-06,31.708,32.954,33.120,32.695,31.948
2017-04-05,32.214,33.254,33.193,32.686,31.994
2017-03-31,32.536,33.466,33.202,32.649,32.032
2017-03-30,33.148,33.721,33.223,32.625,32.083
2017-03-29,33.866,33.992,33.241,32.617,32.133
2017-03-28,34.200,34.039,33.187,32.551,32.149
2017-03-27,34.294,33.970,33.077,32.460,32.153
2017-03-24,34.396,33.897,32.977,32.388,32.151
2017-03-23,34.294,33.712,32.852,32.277,32.136
2017-03-22,34.118,33.464,32.696,32.158,32.117
2017-03-21,33.878,33.287,32.565,32.040,32.113
2017-03-20,33.646,33.132,32.401,31.917,32.119
2017-03-17,33.398,32.938,32.240,31.821,32.126
2017-03-16,33.130,32.726,32.077,31.714,32.102
2017-03-15,32.810,32.490,31.930,31.609,32.070
2017-03-14,32.696,32.335,31.806,31.525,32.044
2017-03-13,32.618,32.185,31.704,31.431,32.026
2017-03-10,32.478,32.057,31.634,31.342,32.013
2017-03-09,32.322,31.993,31.559,31.270,32.036
2017-03-08,32.170,31.928,31.504,31.193,32.078
2017-03-07,31.974,31.844,31.417,31.086,32.120
2017-03-06,31.752,31.671,31.310,30.985,32.156
2017-03-03,31.636,31.543,31.262,30.921,32.205
2017-03-02,31.664,31.428,31.207,30.873,32.270
2017-03-01,31.686,31.370,31.169,30.888,32.359
2017-02-28,31.714,31.278,31.120,30.922,32.444
2017-02-27,31.590,31.224,31.054,30.973,32.529
2017-02-24,31.450,31.211,30.985,31.031,32.625
2017-02-23,31.192,31.126,30.908,31.084,32.731
2017-02-22,31.054,31.081,30.825,31.146,32.840
2017-02-21,30.842,30.990,30.706,31.201,32.951
2017-02-20,30.858,30.949,30.641,31.302,33.087
2017-02-17,30.972,30.981,30.610,31.415,33.231
2017-02-16,31.060,30.987,30.595,31.540,33.345
2017-02-15,31.108,30.968,30.647,31.648,33.440
2017-02-14,31.138,30.963,30.744,31.747,33.538
2017-02-13,31.040,30.885,30.847,31.846,33.630
2017-02-10,30.990,30.759,30.941,31.915,33.717
2017-02-09,30.914,30.690,31.063,31.994,33.813
2017-02-08,30.828,30.569,31.178,32.077,33.898
2017-02-07,30.788,30.423,31.306,32.186,33.974
2017-02-06,30.730,30.334,31.478,32.321,34.059
2017-02-03,30.528,30.239,31.632,32.431,34.135
2017-02-02,30.466,30.203,31.817,32.491,34.233
2017-01-26,30.310,30.326,31.988,32.532,34.316
2017-01-25,30.058,30.526,32.139,32.564,34.399
2017-01-24,29.938,30.809,32.327,32.620,34.475
2017-01-23,29.950,31.123,32.492,32.684,34.566
2017-01-20,29.940,31.436,32.646,32.803,34.655
2017-01-19,30.342,31.787,32.831,32.963,34.759
2017-01-18,30.994,32.189,33.068,33.154,34.870
2017-01-17,31.680,32.623,33.315,33.327,34.962
2017-01-16,32.296,33.026,33.527,33.490,35.056
2017-01-13,32.932,33.431,33.634,33.667,35.154
2017-01-12,33.232,33.651,33.634,33.830,35.215
2017-01-11,33.384,33.753,33.582,33.966,35.258
2017-01-10,33.566,33.845,33.525,34.085,35.292
2017-01-09,33.756,33.862,33.464,34.219,35.328
2017-01-06,33.930,33.857,33.486,34.378,35.348
2017-01-05,34.070,33.875,33.550,34.534,35.369
2017-01-04,34.122,33.947,33.636,34.701,35.386
2017-01-03,34.124,34.007,33.679,34.873,35.382
2016-12-30,33.968,34.029,33.721,35.047,35.377
2016-12-29,33.784,33.838,33.784,35.149,35.364
2016-12-28,33.680,33.618,33.919,35.233,35.350
2016-12-27,33.772,33.412,34.072,35.329,35.337
2016-12-26,33.890,33.206,34.205,35.414,35.332
2016-12-23,34.090,33.066,34.398,35.520,35.342
2016-12-22,33.892,33.115,34.638,35.631,35.342
2016-12-21,33.556,33.226,34.864,35.718,35.340
2016-12-20,33.052,33.326,35.077,35.762,35.324
2016-12-19,32.522,33.351,35.305,35.796,35.289
2016-12-16,32.042,33.414,35.555,35.840,35.267
2016-12-15,32.338,33.731,35.804,35.975,35.273
2016-12-14,32.896,34.220,36.040,36.101,35.306
2016-12-13,33.600,34.732,36.287,36.234,35.359
2016-12-12,34.180,35.205,36.517,36.329,35.400
2016-12-09,34.786,35.730,36.746,36.449,35.435
2016-12-08,35.124,36.161,36.889,36.508,35.438
2016-12-07,35.544,36.502,36.964,36.555,35.405
2016-12-06,35.864,36.829,36.980,36.587,35.375
2016-12-05,36.230,37.260,37.018,36.597,35.341
2016-12-02,36.674,37.697,37.052,36.623,35.309
2016-12-01,37.198,37.878,37.097,36.642,35.252
2016-11-30,37.460,37.860,37.041,36.600,35.184
2016-11-29,37.794,37.843,36.985,36.551,35.116
2016-11-28,38.290,37.830,36.891,36.500,35.051
2016-11-25,38.720,37.763,36.808,36.436,34.977
2016-11-24,38.558,37.617,36.682,36.318,34.869
2016-11-23,38.260,37.427,36.581,36.205,34.762
2016-11-22,37.892,37.132,36.465,36.071,34.646
2016-11-21,37.370,36.777,36.265,35.891,34.526
2016-11-18,36.806,36.408,36.085,35.708,34.399
2016-11-17,36.676,36.317,36.023,35.579,34.309
2016-11-16,36.594,36.222,35.970,35.468,34.216
2016-11-15,36.372,36.127,35.905,35.346,34.121
2016-11-14,36.184,35.953,35.834,35.250,34.028
2016-11-11,36.010,35.854,35.773,35.164,33.944
2016-11-10,35.958,35.747,35.668,35.054,33.851
2016-11-09,35.850,35.735,35.593,34.963,33.757
2016-11-08,35.882,35.799,35.540,34.885,33.672
2016-11-07,35.722,35.754,35.448,34.782,33.580
2016-11-04,35.698,35.763,35.358,34.694,33.494
2016-11-03,35.536,35.730,35.210,34.570,33.392
2016-11-02,35.620,35.718,35.091,34.512,33.311
2016-10-28,35.716,35.683,34.955,34.483,33.232
2016-10-27,35.786,35.716,34.898,34.470,33.168
2016-10-26,35.828,35.692,34.819,34.421,33.112
2016-10-25,35.924,35.590,34.707,34.367,33.047
2016-10-24,35.816,35.452,34.576,34.255,32.972
2016-10-21,35.650,35.281,34.428,34.164,32.900
2016-10-20,35.646,35.142,34.296,34.086,32.862
2016-10-19,35.556,34.953,34.159,33.996,32.803
2016-10-18,35.256,34.691,33.990,33.863,32.739
2016-10-17,35.088,34.465,33.909,33.768,32.681
2016-10-14,34.912,34.227,33.883,33.680,32.624
2016-10-13,34.638,34.081,33.847,33.602,32.595
2016-10-12,34.350,33.947,33.785,33.517,32.549
2016-10-11,34.126,33.825,33.756,33.421,32.511
2016-10-10,33.842,33.701,33.656,33.319,32.477
2016-09-30,33.542,33.575,33.605,33.222,32.443
2016-09-29,33.524,33.451,33.558,33.160,32.434
2016-09-28,33.544,33.365,33.517,33.090,32.428
2016-09-27,33.524,33.289,33.449,33.038,32.434
2016-09-26,33.560,33.353,33.420,32.964,32.436
2016-09-23,33.608,33.540,33.407,32.896,32.446
2016-09-22,33.378,33.614,33.363,32.806,32.443
2016-09-21,33.186,33.624,33.302,32.725,32.434
2016-09-20,33.054,33.687,33.218,32.648,32.435
2016-09-19,33.146,33.611,33.128,32.551,32.409
2016-09-14,33.472,33.636,33.045,32.458,32.386
2016-09-13,33.850,33.665,33.015,32.378,32.384
2016-09-12,34.062,33.670,32.952,32.295,32.367
2016-09-09,34.320,33.610,32.913,32.213,32.366
2016-09-08,34.076,33.487,32.770,32.110,32.313
2016-09-07,33.800,33.274,32.574,31.980,32.251
2016-09-06,33.480,33.112,32.402,31.866,32.176
2016-09-05,33.278,32.981,32.275,31.804,32.083
2016-09-02,32.900,32.750,32.128,31.727,31.989
2016-09-01,32.898,32.646,32.020,31.690,31.942
2016-08-31,32.748,32.454,31.869,31.637,31.876
2016-08-30,32.744,32.365,31.734,31.638,31.825
2016-08-29,32.684,32.235,31.608,31.609,31.765
2016-08-26,32.600,32.216,31.515,31.614,31.717
2016-08-25,32.394,32.053,31.421,31.594,31.656
2016-08-24,32.160,31.874,31.333,31.568,31.588
2016-08-23,31.986,31.693,31.243,31.588,31.504
2016-08-22,31.786,31.569,31.215,31.580,31.423
2016-08-19,31.832,31.506,31.215,31.602,31.349
2016-08-18,31.712,31.395,31.212,31.635,31.279
2016-08-17,31.588,31.285,31.228,31.665,31.229
2016-08-16,31.400,31.103,31.274,31.709,31.184
2016-08-15,31.352,30.981,31.296,31.765,31.146
2016-08-12,31.180,30.814,31.313,31.829,31.102
2016-08-11,31.078,30.790,31.364,31.909,31.070
2016-08-10,30.982,30.792,31.415,31.996,31.048
2016-08-09,30.806,30.794,31.536,32.080,31.038
2016-08-08,30.610,30.862,31.585,32.142,31.016
2016-08-05,30.448,30.925,31.649,32.222,31.003
2016-08-04,30.502,31.029,31.755,32.267,30.990
2016-08-03,30.602,31.171,31.854,32.313,30.965
2016-08-02,30.782,31.445,32.011,32.390,30.932
2016-08-01,31.114,31.611,32.157,32.439,30.900
2016-07-29,31.402,31.812,32.337,32.519,30.885
2016-07-28,31.556,31.938,32.468,32.516,30.858
2016-07-27,31.740,32.038,32.597,32.523,30.811
2016-07-26,32.108,32.278,32.722,32.486,30.742
2016-07-25,32.108,32.308,32.782,32.361,30.659
2016-07-22,32.222,32.374,32.870,32.250,30.585
2016-07-21,32.320,32.481,32.885,32.193,30.509
2016-07-20,32.336,32.538,32.883,32.116,30.429
2016-07-19,32.448,32.578,32.863,32.013,30.325
2016-07-18,32.508,32.704,32.853,31.921,30.237
2016-07-15,32.526,32.862,32.872,31.820,30.142
2016-07-14,32.642,32.998,32.805,31.719,30.080
2016-07-13,32.740,33.157,32.765,31.609,30.020
2016-07-12,32.708,33.167,32.590,31.419,29.949
2016-07-11,32.900,33.257,32.387,31.266,29.906
2016-07-08,33.198,33.367,32.188,31.095,29.844
2016-07-07,33.354,33.290,32.049,30.923,29.775
2016-07-06,33.574,33.229,31.905,30.793,29.711
2016-07-05,33.626,33.148,31.730,30.660,29.617
2016-07-04,33.614,33.003,31.529,30.526,29.532
2016-07-01,33.536,32.883,31.299,30.375,29.442
2016-06-30,33.226,32.613,31.080,30.231,29.356
2016-06-29,32.884,32.373,30.835,30.100,29.259
2016-06-28,32.670,32.013,30.545,29.996,29.171
2016-06-27,32.392,31.518,30.271,29.889,29.088
2016-06-24,32.230,31.009,29.960,29.784,28.999
2016-06-23,32.000,30.808,29.740,29.713,28.932
2016-06-22,31.862,30.581,29.575,29.618,28.883
2016-06-21,31.356,30.312,29.416,29.473,28.805
2016-06-20,30.644,30.055,29.287,29.361,28.738
2016-06-17,29.788,29.715,29.122,29.251,28.657
2016-06-16,29.616,29.546,29.040,29.200,28.619
2016-06-15,29.300,29.296,28.963,29.099,28.573
2016-06-14,29.268,29.076,28.988,28.998,28.538
2016-06-13,29.466,29.023,29.075,28.958,28.494
2016-06-08,29.642,28.910,29.171,28.920,28.465
2016-06-07,29.476,28.672,29.166,28.826,28.410
2016-06-06,29.292,28.569,29.136,28.742,28.354
2016-06-03,28.884,28.520,29.054,28.638,28.306
2016-06-02,28.580,28.519,29.015,28.553,28.296
2016-06-01,28.178,28.528,29.020,28.464,28.308
2016-05-31,27.868,28.533,29.027,28.440,28.308
2016-05-30,27.846,28.630,29.000,28.432,28.321
2016-05-27,28.156,28.900,28.959,28.479,28.352
2016-05-26,28.458,29.126,28.925,28.546,28.387
2016-05-25,28.878,29.432,28.925,28.592,28.423
2016-05-24,29.198,29.660,28.902,28.626,28.428
2016-05-23,29.414,29.703,28.829,28.629,28.429
2016-05-20,29.644,29.587,28.697,28.573,28.415
2016-05-19,29.794,29.510,28.570,28.539,28.422
2016-05-18,29.986,29.511,28.432,28.509,28.414
2016-05-17,30.122,29.521,28.394,28.481,28.411
2016-05-16,29.992,29.370,28.333,28.419,28.374
2016-05-13,29.530,29.018,28.268,28.346,28.317
2016-05-12,29.226,28.724,28.256,28.287,28.265
2016-05-11,29.036,28.419,28.172,28.214,28.214
2016-05-10,28.920,28.145,28.109,28.151,28.150
2016-05-09,28.748,27.955,28.092,28.147,28.108
2016-05-06,28.506,27.807,28.066,28.138,28.070
2016-05-05,28.222,27.630,28.053,28.114,28.015
2016-05-04,27.802,27.353,28.008,28.062,27.956
2016-05-03,27.370,27.267,27.961,28.038,27.868
2016-04-29,27.162,27.296,27.943,28.047,27.806
2016-04-28,27.108,27.518,28.010,28.078,27.755
2016-04-27,27.038,27.788,28.069,28.031,27.741
2016-04-26,26.904,27.926,28.111,28.009,27.754
2016-04-25,27.164,28.073,28.154,27.994,27.798
2016-04-22,27.430,28.229,28.243,27.966,27.840
2016-04-21,27.928,28.325,28.303,27.973,27.888
2016-04-20,28.538,28.477,28.355,28.039,27.939
2016-04-19,28.948,28.664,28.416,28.151,28.004
2016-04-18,28.982,28.655,28.423,28.176,28.016
2016-04-15,29.028,28.591,28.422,28.210,28.030
2016-04-14,28.722,28.503,28.357,28.225,28.055
2016-04-13,28.416,28.350,28.152,28.227,28.037
2016-04-12,28.380,28.297,28.050,28.253,28.052
2016-04-11,28.328,28.236,27.954,28.229,28.074
2016-04-08,28.154,28.258,27.834,28.229,28.104
2016-04-07,28.284,28.281,27.797,28.257,28.133
2016-04-06,28.284,28.234,27.820,28.304,28.192
2016-04-05,28.214,28.168,27.894,28.319,28.248
2016-04-01,28.144,28.192,27.936,28.341,28.291
2016-03-31,28.362,28.254,28.019,28.328,28.399
2016-03-30,28.278,28.212,28.086,28.287,28.527
2016-03-29,28.184,27.954,28.165,28.242,28.650
2016-03-28,28.122,27.804,28.230,28.213,28.772
2016-03-25,28.240,27.673,28.225,28.149,28.902
2016-03-24,28.146,27.410,28.214,28.069,29.015
2016-03-23,28.146,27.314,28.244,28.003,29.141
2016-03-22,27.724,27.407,28.339,27.916,29.290
2016-03-21,27.486,27.621,28.395,27.851,29.459
2016-03-18,27.106,27.680,28.415,27.697,29.599
2016-03-17,26.674,27.784,28.365,27.565,29.748
2016-03-16,26.482,27.960,28.325,27.431,29.848
2016-03-15,27.090,28.377,28.385,27.451,29.973
2016-03-14,27.756,28.657,28.418,27.499,30.083
2016-03-11,28.254,28.778,28.387,27.602,30.170
2016-03-10,28.894,29.019,28.399,27.714,30.257
2016-03-09,29.438,29.175,28.347,27.803,30.311
2016-03-08,29.664,29.271,28.170,27.839,30.349
2016-03-07,29.558,29.169,27.966,27.856,30.387
2016-03-04,29.302,29.151,27.706,27.856,30.430
2016-03-03,29.144,28.946,27.455,27.850,30.468
2016-03-02,28.912,28.690,27.167,27.885,30.484
2016-03-01,28.878,28.394,26.988,27.847,30.520
2016-02-29,28.780,28.179,26.921,27.851,30.562
2016-02-26,29.000,27.996,27.014,27.919,30.619
2016-02-25,28.748,27.779,27.062,27.979,30.707
2016-02-24,28.468,27.519,27.117,28.010,30.817
2016-02-23,27.910,27.070,27.123,28.079,30.911
2016-02-22,27.578,26.763,27.200,28.177,30.998
2016-02-19,26.992,26.261,27.208,28.240,31.079
2016-02-18,26.810,25.964,27.303,28.470,31.172
2016-02-17,26.570,25.644,27.482,28.767,31.242
2016-02-16,26.230,25.582,27.573,29.059,31.348
2016-02-15,25.948,25.662,27.687,29.330,31.450
2016-02-05,25.530,26.031,27.881,29.655,31.563
2016-02-04,25.118,26.344,28.078,29.961,31.696
2016-02-03,24.718,26.714,28.255,30.278,31.810
2016-02-02,24.934,27.175,28.583,30.665,31.901
2016-02-01,25.376,27.636,28.884,31.068,31.997
2016-01-29,26.532,28.155,29.229,31.500,32.113
2016-01-28,27.570,28.641,29.723,31.930,32.211
2016-01-27,28.710,29.320,30.329,32.264,32.315
2016-01-26,29.416,29.564,30.797,32.496,32.347
2016-01-25,29.896,29.713,31.164,32.667,32.346
2016-01-22,29.778,29.731,31.467,32.738,32.320
2016-01-21,29.712,29.813,31.770,32.799,32.293
2016-01-20,29.930,29.796,32.060,32.818,32.253
2016-01-19,29.712,29.992,32.409,32.860,32.230
2016-01-18,29.530,30.132,32.783,32.918,32.200
2016-01-15,29.684,30.304,33.172,33.004,32.206
2016-01-14,29.914,30.805,33.575,33.085,32.207
2016-01-13,29.662,31.338,33.736,33.083,32.160
2016-01-12,30.272,32.031,33.962,33.194,32.160
2016-01-11,30.734,32.615,34.144,33.273,32.131
2016-01-08,30.924,33.203,34.242,33.319,32.070
2016-01-07,31.696,33.726,34.292,33.435,32.002
2016-01-06,33.014,34.325,34.329,33.624,31.943
2016-01-05,33.790,34.827,34.293,33.743,31.829
2016-01-04,34.496,35.435,34.310,33.819,31.717
2015-12-31,35.482,36.040,34.353,33.918,31.649
2015-12-30,35.756,36.345,34.225,33.873,31.511
2015-12-29,35.636,36.134,33.956,33.716,31.392
2015-12-28,35.864,35.892,33.775,33.637,31.280
2015-12-25,36.374,35.672,33.602,33.569,31.132
2015-12-24,36.598,35.281,33.376,33.470,30.936
2015-12-23,36.934,34.858,33.290,33.431,30.710
2015-12-22,36.632,34.334,33.274,33.342,30.500
2015-12-21,35.920,33.760,33.200,33.137,30.269
2015-12-18,34.970,33.186,33.011,32.925,29.987
2015-12-17,33.964,32.667,32.857,32.726,29.760
2015-12-16,32.782,32.105,32.637,32.492,29.570
2015-12-15,32.036,31.778,32.507,32.365,29.448
2015-12-14,31.600,31.658,32.510,32.199,29.358
2015-12-11,31.402,31.533,32.518,32.025,29.265
2015-12-10,31.370,31.472,32.565,31.902,29.200
2015-12-09,31.428,31.722,32.718,31.787,29.184
2015-12-08,31.520,32.214,32.846,31.688,29.206
2015-12-07,31.716,32.641,32.826,31.601,29.164
2015-12-04,31.664,32.837,32.795,31.482,29.131
2015-12-03,31.574,33.047,32.755,31.408,29.088
2015-12-02,32.016,33.169,32.686,31.329,29.092
2015-12-01,32.908,33.235,32.659,31.237,29.099
2015-11-30,33.566,33.361,32.469,31.127,29.139
2015-11-27,34.010,33.503,32.272,30.989,29.241
2015-11-26,34.520,33.658,32.117,30.822,29.361
2015-11-25,34.322,33.713,31.820,30.569,29.428
2015-11-24,33.562,33.477,31.425,30.261,29.471
2015-11-23,33.156,33.010,31.081,29.915,29.579
2015-11-20,32.996,32.753,30.804,29.615,29.709
2015-11-19,32.796,32.463,30.589,29.380,29.841
2015-11-18,33.104,32.203,30.409,29.150,29.996
2015-11-17,33.392,32.082,30.239,29.068,30.206
2015-11-16,32.864,31.577,30.010,28.923,30.374
2015-11-13,32.510,31.040,29.733,28.695,30.508
2015-11-12,32.130,30.575,29.404,28.402,30.644
2015-11-11,31.302,29.927,28.998,27.989,30.730
2015-11-10,30.772,29.373,28.654,27.659,30.876
2015-11-09,30.290,29.151,28.367,27.401,31.050
2015-11-06,29.570,28.855,28.047,27.049,31.258
2015-11-05,29.020,28.714,27.838,26.795,31.447
2015-11-04,28.552,28.614,27.623,26.647,31.724
2015-11-03,27.974,28.395,27.561,26.530,31.938
2015-11-02,28.012,28.443,27.596,26.518,32.117
2015-10-30,28.140,28.425,27.523,26.505,32.304
2015-10-29,28.408,28.232,27.316,26.499,32.427
2015-10-28,28.676,28.068,27.020,26.582,32.499
2015-10-27,28.816,27.934,26.801,26.724,32.534
2015-10-26,28.874,27.583,26.526,26.727,32.503
2015-10-23,28.710,27.238,26.146,26.780,32.432
2015-10-15,28.056,26.962,25.835,26.769,32.308
2015-10-14,27.460,26.632,25.663,26.856,32.154
2015-10-13,27.052,26.727,25.598,26.961,32.059
2015-10-12,26.292,26.749,25.556,27.151,31.991
2015-10-09,25.766,26.621,25.545,27.492,31.987
2015-10-08,25.868,26.400,25.632,27.900,32.060
2015-10-07,25.804,25.972,25.838,28.287,32.187
2015-09-30,26.402,25.669,26.119,28.681,32.385
2015-09-29,27.206,25.468,26.299,29.244,32.560
2015-09-28,27.476,25.055,26.551,29.803,32.800
2015-09-25,26.932,24.709,26.672,30.303,33.087
2015-09-24,26.140,24.694,26.968,30.843,33.391
2015-09-23,24.936,24.469,27.078,31.343,33.625
2015-09-22,23.730,24.363,27.352,31.826,33.830
2015-09-21,22.634,24.470,27.928,32.321,34.144
2015-09-18,22.486,24.864,28.650,32.885,34.508
2015-09-17,23.248,25.705,29.445,33.470,34.839
2015-09-16,24.002,26.569,30.188,34.093,35.208
2015-09-15,24.996,27.130,31.132,34.700,35.604
2015-09-14,26.306,28.047,32.177,35.466,36.042
2015-09-11,27.242,28.635,33.100,36.099,36.407
2015-09-10,28.162,29.242,33.918,36.802,36.695
2015-09-09,29.136,29.686,34.781,37.346,36.990
2015-09-08,29.264,30.340,35.558,37.715,37.341
2015-09-07,29.788,31.385,36.247,38.102,37.698
2015-09-02,30.028,32.436,36.896,38.355,38.053
2015-09-01,30.322,33.185,37.353,38.417,38.292
2015-08-31,30.236,33.806,37.855,38.345,38.519
2015-08-28,31.416,35.134,38.485,38.279,38.812
2015-08-27,32.982,36.306,39.176,38.084,39.079
2015-08-26,34.844,37.566,39.831,37.848,39.361
2015-08-25,36.048,38.594,40.581,37.451,39.527
2015-08-24,37.376,39.875,41.176,37.157,39.643
2015-08-21,38.852,40.775,41.403,36.831,39.675
2015-08-20,39.630,41.108,41.461,36.483,39.615
2015-08-19,40.288,41.356,41.315,36.220,39.534
2015-08-18,41.140,41.521,41.032,36.087,39.468
2015-08-17,42.374,41.903,40.614,36.088,39.423
2015-08-14,42.698,41.835,39.852,35.875,39.256
2015-08-13,42.586,42.045,38.973,35.798,39.067
2015-08-12,42.424,42.095,37.989,35.870,38.852
2015-08-11,41.902,42.569,36.880,35.938,38.637
2015-08-10,41.432,42.478,35.799,35.906,38.362
2015-08-07,40.972,42.031,34.858,35.834,38.068
2015-08-06,41.504,41.814,34.170,35.968,37.803
2015-08-05,41.766,41.274,33.652,36.130,37.565
2015-08-04,43.236,40.544,33.370,36.208,37.339
2015-08-03,43.524,39.325,33.180,36.324,37.081
2015-07-31,43.090,37.869,32.895,36.509,36.946
2015-07-30,42.124,35.902,32.674,36.618,36.758
2015-07-29,40.782,33.882,32.757,36.716,36.582
2015-07-28,37.852,31.191,32.622,36.589,36.348
2015-07-27,35.126,29.119,32.620,36.635,36.165
2015-07-24,32.648,27.686,32.735,36.966,36.048
2015-07-23,29.680,26.527,33.044,37.294,35.924
2015-07-22,26.982,26.030,33.558,37.751,35.849
2015-07-21,24.530,26.197,34.040,38.168,35.808
2015-07-20,23.112,27.036,34.823,38.694,35.847
2015-07-17,22.724,27.922,35.828,39.344,35.920
2015-07-16,23.374,29.447,36.975,40.074,36.031
2015-07-08,25.078,31.633,38.133,40.875,36.215
2015-07-07,27.864,34.054,39.288,41.603,36.444
2015-07-06,30.960,36.122,40.392,42.129,36.618
2015-07-03,33.120,37.784,41.606,42.519,36.751
2015-07-02,35.520,39.562,42.678,42.747,36.862
2015-07-01,38.188,41.086,43.612,42.848,36.893
2015-06-30,40.244,41.883,44.153,42.848,36.846
2015-06-29,41.284,42.610,44.522,42.758,36.734
2015-06-26,42.448,43.735,45.055,42.636,36.654
2015-06-25,43.604,44.504,45.388,42.337,36.491
2015-06-24,43.984,44.634,45.495,41.835,36.260
2015-06-23,43.522,44.523,45.377,41.335,36.037
2015-06-19,43.936,44.663,45.133,40.818,35.825
2015-06-18,45.022,45.428,44.886,40.303,35.661
2015-06-17,45.404,45.794,44.339,39.638,35.454
2015-06-16,45.284,46.138,43.728,39.001,35.189
2015-06-15,45.524,46.423,43.330,38.471,34.976
2015-06-12,45.390,46.435,42.832,37.839,34.716
2015-06-11,45.834,46.375,42.086,37.383,34.436
2015-06-10,46.184,46.271,41.253,36.898,34.153
2015-06-09,46.992,46.357,40.435,36.449,33.868
2015-06-08,47.322,46.231,39.741,36.106,33.599
2015-06-05,47.480,45.603,38.896,35.696,33.312
2015-06-04,46.916,44.344,37.740,35.130,32.931
2015-06-03,46.358,42.884,36.559,34.555,32.559
2015-06-02,45.722,41.319,35.432,33.946,32.170
2015-06-01,45.140,40.238,34.494,33.448,31.861
2015-05-29,43.726,39.230,33.541,33.000,31.571
2015-05-28,41.772,37.797,32.886,32.496,31.279
2015-05-27,39.410,36.235,32.211,31.988,30.944
2015-05-26,36.916,34.513,31.494,31.555,30.614
2015-05-25,35.336,33.251,31.044,31.285,30.342
2015-05-22,34.734,32.189,30.742,31.108,30.128
2015-05-21,33.822,31.136,30.522,30.984,29.930
2015-05-20,33.060,30.235,30.390,30.977,29.776
2015-05-19,32.110,29.545,30.259,30.939,29.632
2015-05-18,31.166,28.751,30.053,30.844,29.480
2015-05-15,29.644,27.852,29.885,30.710,29.313
2015-05-14,28.450,27.976,29.845,30.672,29.195
2015-05-13,27.410,28.187,29.864,30.646,29.109
2015-05-12,26.980,28.476,30.076,30.686,29.039
2015-05-11,26.336,28.837,30.301,30.739,28.957
2015-05-08,26.060,29.296,30.567,30.831,28.950
2015-05-07,27.502,29.909,30.907,31.020,29.017
2015-05-06,28.964,30.545,31.349,31.271,29.049
2015-05-05,29.972,30.974,31.636,31.377,29.016
2015-05-04,31.338,31.355,31.891,31.482,28.956
2015-04-30,32.532,31.918,32.140,31.593,28.862
2015-04-29,32.316,31.714,32.020,31.489,28.620
2015-04-28,32.126,31.542,31.875,31.409,28.357
2015-04-27,31.976,31.677,31.792,31.288,28.084
2015-04-24,31.372,31.766,31.690,31.092,-1
2015-04-23,31.304,31.838,31.599,30.928,-1
2015-04-22,31.112,31.906,31.576,30.733,-1
2015-04-21,30.958,32.152,31.634,30.564,-1
2015-04-20,31.378,32.297,31.579,30.395,-1
2015-04-17,32.160,32.427,31.545,30.275,-1
2015-04-16,32.372,32.361,31.431,30.142,-1
2015-04-15,32.700,32.326,31.376,30.062,-1
2015-04-14,33.346,32.208,31.342,29.901,-1
2015-04-13,33.216,31.906,31.093,29.674,-1
2015-04-10,32.694,31.614,30.754,29.400,-1
2015-04-09,32.350,31.359,30.472,29.148,-1
2015-04-08,31.952,31.246,30.146,28.877,-1
2015-04-07,31.070,31.117,29.770,28.575,-1
2015-04-03,30.596,30.861,29.443,28.326,-1
2015-04-02,30.534,30.664,29.198,28.117,-1
2015-04-01,30.368,30.501,29.032,27.916,-1
2015-03-31,30.540,30.426,28.930,27.719,-1
2015-03-30,31.164,30.476,28.747,27.572,-1
2015-03-27,31.126,30.280,28.557,27.391,-1
2015-03-26,30.794,29.895,28.293,27.175,-1
2015-03-25,30.634,29.586,28.042,27.069,-1
2015-03-24,30.312,29.046,27.693,27.015,-1
2015-03-23,29.788,28.424,27.304,26.826,-1
2015-03-20,29.434,28.026,27.058,26.654,-1
2015-03-19,28.996,27.733,26.843,26.431,-1
2015-03-18,28.538,27.564,26.624,26.132,-1
2015-03-17,27.780,27.435,26.366,25.752,-1
2015-03-16,27.060,27.019,26.121,25.306,-1
2015-03-13,26.618,26.835,25.947,24.880,-1
2015-03-12,26.470,26.691,25.815,-1,-1
2015-03-11,26.590,26.498,25.811,-1,-1
2015-03-10,27.090,26.340,25.999,-1,-1
2015-03-09,26.978,26.185,26.027,-1,-1
2015-03-06,27.052,26.091,25.968,-1,-1
2015-03-05,26.912,25.953,25.780,-1,-1
2015-03-04,26.406,25.684,25.416,-1,-1
2015-03-03,25.590,25.296,24.910,-1,-1
2015-03-02,25.392,25.222,24.450,-1,-1
2015-02-27,25.130,25.059,23.903,-1,-1
2015-02-26,24.994,24.938,-1,-1,-1
2015-02-25,24.962,25.124,-1,-1,-1
2015-02-24,25.002,25.658,-1,-1,-1
2015-02-17,25.052,25.869,-1,-1,-1
2015-02-16,24.988,25.846,-1,-1,-1
2015-02-13,24.882,25.607,-1,-1,-1
2015-02-12,25.286,25.147,-1,-1,-1
2015-02-11,26.314,24.524,-1,-1,-1
2015-02-10,26.686,23.677,-1,-1,-1
2015-02-09,26.704,22.747,-1,-1,-1
2015-02-06,26.332,-1,-1,-1,-1
2015-02-05,25.008,-1,-1,-1,-1
2015-02-04,22.734,-1,-1,-1,-1
2015-02-03,20.668,-1,-1,-1,-1
2015-02-02,18.790,-1,-1,-1,-1
2015-01-30,-1,-1,-1,-1,-1
2015-01-29,-1,-1,-1,-1,-1
2015-01-28,-1,-1,-1,-1,-1
2015-01-27,-1,-1,-1,-1,-1
