2017-03-17@15:00:00,5.276,5.235,5.195
2017-03-17@14:00:00,5.276,5.235,5.195
2017-03-17@11:30:00,5.275,5.235,5.195
2017-03-17@10:30:00,5.274,5.234,5.194
2017-03-16@15:00:00,5.270,5.232,5.195
2017-03-16@14:00:00,5.268,5.232,5.196
2017-03-16@11:30:00,5.265,5.230,5.196
2017-03-16@10:30:00,5.262,5.229,5.197
2017-03-15@15:00:00,5.258,5.228,5.199
2017-03-15@14:00:00,5.272,5.232,5.192
2017-03-15@11:30:00,5.291,5.237,5.184
2017-03-15@10:30:00,5.304,5.241,5.178
2017-03-14@15:00:00,5.308,5.244,5.181
2017-03-14@14:00:00,5.308,5.246,5.184
2017-03-14@11:30:00,5.307,5.247,5.188
2017-03-14@10:30:00,5.308,5.248,5.188
2017-03-13@15:00:00,5.309,5.249,5.189
2017-03-13@14:00:00,5.309,5.249,5.190
2017-03-13@11:30:00,5.309,5.248,5.188
2017-03-13@10:30:00,5.310,5.250,5.190
2017-03-10@15:00:00,5.309,5.251,5.194
2017-03-10@14:00:00,5.308,5.253,5.199
2017-03-10@11:30:00,5.311,5.252,5.193
2017-03-10@10:30:00,5.311,5.252,5.193
2017-03-09@15:00:00,5.313,5.250,5.188
2017-03-09@14:00:00,5.313,5.250,5.188
2017-03-09@11:30:00,5.317,5.254,5.191
2017-03-09@10:30:00,5.322,5.257,5.192
2017-03-08@15:00:00,5.328,5.260,5.192
2017-03-08@14:00:00,5.326,5.259,5.193
2017-03-08@11:30:00,5.322,5.258,5.195
2017-03-08@10:30:00,5.324,5.259,5.194
2017-03-07@15:00:00,5.327,5.260,5.193
2017-03-07@14:00:00,5.330,5.262,5.194
2017-03-07@11:30:00,5.332,5.264,5.196
2017-03-07@10:30:00,5.333,5.266,5.199
2017-03-06@15:00:00,5.334,5.266,5.199
2017-03-06@14:00:00,5.335,5.268,5.201
2017-03-06@11:30:00,5.338,5.272,5.207
2017-03-06@10:30:00,5.344,5.275,5.207
2017-03-03@15:00:00,5.350,5.280,5.210
2017-03-03@14:00:00,5.365,5.286,5.207
2017-03-03@11:30:00,5.359,5.290,5.222
2017-03-03@10:30:00,5.356,5.292,5.228
2017-03-02@15:00:00,5.347,5.294,5.242
2017-03-02@14:00:00,5.348,5.296,5.244
2017-03-02@11:30:00,5.348,5.296,5.244
2017-03-02@10:30:00,5.350,5.297,5.244
2017-03-01@15:00:00,5.355,5.299,5.243
2017-03-01@14:00:00,5.358,5.301,5.245
2017-03-01@11:30:00,5.363,5.303,5.244
2017-03-01@10:30:00,5.363,5.304,5.244
2017-02-28@15:00:00,5.365,5.305,5.245
2017-02-28@14:00:00,5.365,5.306,5.246
2017-02-28@11:30:00,5.365,5.306,5.247
2017-02-28@10:30:00,5.365,5.306,5.247
2017-02-27@15:00:00,5.365,5.306,5.247
2017-02-27@14:00:00,5.365,5.307,5.248
2017-02-27@11:30:00,5.364,5.306,5.247
2017-02-27@10:30:00,5.365,5.302,5.239
2017-02-24@15:00:00,5.363,5.299,5.234
2017-02-24@14:00:00,5.364,5.289,5.214
2017-02-24@11:30:00,5.367,5.285,5.203
2017-02-24@10:30:00,5.368,5.284,5.200
2017-02-23@15:00:00,5.368,5.286,5.203
2017-02-23@14:00:00,5.367,5.285,5.202
2017-02-23@11:30:00,5.366,5.283,5.199
2017-02-23@10:30:00,5.362,5.279,5.196
2017-02-22@15:00:00,5.353,5.275,5.197
2017-02-22@14:00:00,5.346,5.272,5.197
2017-02-22@11:30:00,5.335,5.268,5.200
2017-02-22@10:30:00,5.335,5.268,5.200
2017-02-21@15:00:00,5.325,5.263,5.201
2017-02-21@14:00:00,5.320,5.261,5.202
2017-02-21@11:30:00,5.317,5.259,5.200
2017-02-21@10:30:00,5.315,5.257,5.199
2017-02-20@15:00:00,5.313,5.255,5.197
2017-02-20@14:00:00,5.309,5.253,5.197
2017-02-20@11:30:00,5.304,5.251,5.197
2017-02-20@10:30:00,5.304,5.251,5.197
2017-02-17@15:00:00,5.304,5.250,5.196
2017-02-17@14:00:00,5.297,5.252,5.207
2017-02-17@11:30:00,5.297,5.252,5.207
2017-02-17@10:30:00,5.302,5.250,5.197
2017-02-16@15:00:00,5.303,5.245,5.186
2017-02-16@14:00:00,5.312,5.237,5.162
2017-02-16@11:30:00,5.325,5.229,5.134
2017-02-16@10:30:00,5.329,5.223,5.117
2017-02-15@15:00:00,5.331,5.216,5.100
2017-02-15@14:00:00,5.333,5.207,5.081
2017-02-15@11:30:00,5.334,5.197,5.061
2017-02-15@10:30:00,5.321,5.184,5.048
2017-02-14@15:00:00,5.320,5.176,5.031
2017-02-14@14:00:00,5.311,5.167,5.023
2017-02-14@11:30:00,5.303,5.159,5.015
2017-02-14@10:30:00,5.293,5.150,5.007
2017-02-13@15:00:00,5.285,5.142,4.998
2017-02-13@14:00:00,5.271,5.131,4.991
2017-02-13@11:30:00,5.258,5.121,4.983
2017-02-13@10:30:00,5.238,5.110,4.982
2017-02-10@15:00:00,5.214,5.099,4.984
2017-02-10@14:00:00,5.194,5.090,4.985
2017-02-10@11:30:00,5.172,5.081,4.990
2017-02-10@10:30:00,5.152,5.073,4.993
2017-02-09@15:00:00,5.130,5.065,5.000
2017-02-09@14:00:00,5.119,5.062,5.005
2017-02-09@11:30:00,5.115,5.061,5.006
2017-02-09@10:30:00,5.106,5.058,5.010
2017-02-08@15:00:00,5.098,5.056,5.014
2017-02-08@14:00:00,5.093,5.054,5.015
2017-02-08@11:30:00,5.092,5.053,5.014
2017-02-08@10:30:00,5.093,5.054,5.014
2017-02-07@15:00:00,5.092,5.053,5.013
2017-02-07@14:00:00,5.087,5.051,5.015
2017-02-07@11:30:00,5.087,5.051,5.015
2017-02-07@10:30:00,5.085,5.051,5.016
2017-02-06@15:00:00,5.085,5.051,5.016
2017-02-06@14:00:00,5.089,5.053,5.016
2017-02-06@11:30:00,5.092,5.055,5.018
2017-02-06@10:30:00,5.095,5.057,5.019
2017-02-03@15:00:00,5.098,5.060,5.022
2017-02-03@14:00:00,5.098,5.062,5.026
2017-02-03@11:30:00,5.099,5.064,5.029
2017-02-03@10:30:00,5.096,5.067,5.037
2017-01-26@15:00:00,5.092,5.069,5.045
2017-01-26@14:00:00,5.093,5.067,5.042
2017-01-26@11:30:00,5.098,5.065,5.032
2017-01-26@10:30:00,5.097,5.064,5.032
2017-01-25@15:00:00,5.097,5.063,5.029
2017-01-25@14:00:00,5.097,5.063,5.030
2017-01-25@11:30:00,5.097,5.064,5.031
2017-01-25@10:30:00,5.097,5.064,5.030
2017-01-24@15:00:00,5.096,5.064,5.032
2017-01-24@14:00:00,5.099,5.062,5.025
2017-01-24@11:30:00,5.101,5.059,5.016
2017-01-24@10:30:00,5.105,5.056,5.006
2017-01-23@15:00:00,5.106,5.053,5.000
2017-01-23@14:00:00,5.103,5.051,5.000
2017-01-23@11:30:00,5.104,5.047,4.990
2017-01-23@10:30:00,5.111,5.040,4.969
2017-01-20@15:00:00,5.109,5.033,4.958
2017-01-20@14:00:00,5.105,5.029,4.954
2017-01-20@11:30:00,5.101,5.023,4.946
2017-01-20@10:30:00,5.097,5.018,4.940
2017-01-19@15:00:00,5.093,5.012,4.931
2017-01-19@14:00:00,5.089,5.008,4.927
2017-01-19@11:30:00,5.088,5.007,4.926
2017-01-19@10:30:00,5.084,5.005,4.927
2017-01-18@15:00:00,5.081,5.004,4.927
2017-01-18@14:00:00,5.075,5.002,4.929
2017-01-18@11:30:00,5.070,5.000,4.931
2017-01-18@10:30:00,5.066,4.999,4.933
2017-01-17@15:00:00,5.073,5.001,4.929
2017-01-17@14:00:00,5.098,5.006,4.915
2017-01-17@11:30:00,5.124,5.013,4.903
2017-01-17@10:30:00,5.133,5.018,4.903
2017-01-16@15:00:00,5.136,5.020,4.904
2017-01-16@14:00:00,5.138,5.021,4.904
2017-01-16@11:30:00,5.142,5.024,4.907
2017-01-16@10:30:00,5.143,5.031,4.919
2017-01-13@15:00:00,5.143,5.035,4.927
2017-01-13@14:00:00,5.143,5.038,4.932
2017-01-13@11:30:00,5.142,5.042,4.942
2017-01-13@10:30:00,5.140,5.046,4.952
2017-01-12@15:00:00,5.133,5.053,4.972
2017-01-12@14:00:00,5.128,5.056,4.984
2017-01-12@11:30:00,5.126,5.059,4.991
2017-01-12@10:30:00,5.126,5.058,4.990
2017-01-11@15:00:00,5.125,5.059,4.993
2017-01-11@14:00:00,5.125,5.059,4.993
2017-01-11@11:30:00,5.125,5.059,4.993
2017-01-11@10:30:00,5.127,5.057,4.987
2017-01-10@15:00:00,5.129,5.052,4.975
2017-01-10@14:00:00,5.120,5.044,4.968
2017-01-10@11:30:00,5.101,5.035,4.969
2017-01-10@10:30:00,5.097,5.028,4.960
2017-01-09@15:00:00,5.096,5.025,4.954
2017-01-09@14:00:00,5.094,5.019,4.944
2017-01-09@11:30:00,5.094,5.013,4.931
2017-01-09@10:30:00,5.091,5.005,4.919
2017-01-06@15:00:00,5.091,4.999,4.907
2017-01-06@14:00:00,5.088,4.994,4.900
2017-01-06@11:30:00,5.081,4.988,4.896
2017-01-06@10:30:00,5.073,4.983,4.894
2017-01-05@15:00:00,5.060,4.976,4.893
2017-01-05@14:00:00,5.052,4.974,4.896
2017-01-05@11:30:00,5.041,4.970,4.900
2017-01-05@10:30:00,5.036,4.969,4.902
2017-01-04@15:00:00,5.029,4.967,4.905
2017-01-04@14:00:00,5.031,4.967,4.904
2017-01-04@11:30:00,5.037,4.968,4.900
2017-01-04@10:30:00,5.047,4.971,4.895
2017-01-03@15:00:00,5.063,4.975,4.888
2017-01-03@14:00:00,5.075,4.980,4.885
2017-01-03@11:30:00,5.079,4.982,4.886
2017-01-03@10:30:00,5.080,4.984,4.889
2016-12-30@15:00:00,5.081,4.985,4.889
2016-12-30@14:00:00,5.088,4.990,4.892
2016-12-30@11:30:00,5.092,4.995,4.899
2016-12-30@10:30:00,5.096,5.002,4.909
2016-12-29@15:00:00,5.100,5.010,4.920
2016-12-29@14:00:00,5.101,5.015,4.930
2016-12-29@11:30:00,5.101,5.021,4.941
2016-12-29@10:30:00,5.098,5.025,4.952
2016-12-28@15:00:00,5.090,5.031,4.972
2016-12-28@14:00:00,5.097,5.036,4.975
2016-12-28@11:30:00,5.104,5.042,4.980
2016-12-28@10:30:00,5.103,5.045,4.988
2016-12-27@15:00:00,5.100,5.046,4.993
2016-12-27@14:00:00,5.111,5.042,4.974
2016-12-27@11:30:00,5.118,5.037,4.956
2016-12-27@10:30:00,5.120,5.032,4.945
2016-12-26@15:00:00,5.119,5.026,4.934
2016-12-26@14:00:00,5.120,5.020,4.920
2016-12-26@11:30:00,5.122,5.016,4.910
2016-12-26@10:30:00,5.122,5.015,4.908
2016-12-23@15:00:00,5.125,5.018,4.910
2016-12-23@14:00:00,5.124,5.017,4.910
2016-12-23@11:30:00,5.126,5.018,4.910
2016-12-23@10:30:00,5.125,5.018,4.910
2016-12-22@15:00:00,5.125,5.018,4.910
2016-12-22@14:00:00,5.127,5.019,4.910
2016-12-22@11:30:00,5.130,5.020,4.909
2016-12-22@10:30:00,5.137,5.023,4.908
2016-12-21@15:00:00,5.139,5.024,4.908
2016-12-21@14:00:00,5.138,5.023,4.908
2016-12-21@11:30:00,5.138,5.023,4.908
2016-12-21@10:30:00,5.143,5.025,4.907
2016-12-20@15:00:00,5.154,5.030,4.906
2016-12-20@14:00:00,5.176,5.042,4.907
2016-12-20@11:30:00,5.186,5.052,4.918
2016-12-20@10:30:00,5.195,5.062,4.928
2016-12-19@15:00:00,5.205,5.073,4.941
2016-12-19@14:00:00,5.223,5.089,4.954
2016-12-19@11:30:00,5.233,5.103,4.973
2016-12-19@10:30:00,5.251,5.117,4.983
2016-12-16@15:00:00,5.287,5.131,4.975
2016-12-16@14:00:00,5.361,5.153,4.944
2016-12-16@11:30:00,5.419,5.173,4.927
2016-12-16@10:30:00,5.473,5.196,4.918
2016-12-15@15:00:00,5.513,5.216,4.919
2016-12-15@14:00:00,5.549,5.237,4.925
2016-12-15@11:30:00,5.582,5.259,4.936
2016-12-15@10:30:00,5.606,5.279,4.951
2016-12-14@15:00:00,5.626,5.300,4.974
2016-12-14@14:00:00,5.645,5.322,4.999
2016-12-14@11:30:00,5.657,5.342,5.027
2016-12-14@10:30:00,5.661,5.361,5.061
2016-12-13@15:00:00,5.656,5.378,5.099
2016-12-13@14:00:00,5.656,5.391,5.126
2016-12-13@11:30:00,5.651,5.408,5.165
2016-12-13@10:30:00,5.640,5.425,5.210
2016-12-12@15:00:00,5.627,5.442,5.256
2016-12-12@14:00:00,5.622,5.457,5.291
2016-12-12@11:30:00,5.599,5.470,5.341
2016-12-12@10:30:00,5.572,5.484,5.395
2016-12-09@15:00:00,5.539,5.492,5.444
2016-12-09@14:00:00,5.557,5.497,5.437
2016-12-09@11:30:00,5.577,5.504,5.430
2016-12-09@10:30:00,5.593,5.509,5.424
2016-12-08@15:00:00,5.630,5.519,5.407
2016-12-08@14:00:00,5.665,5.529,5.393
2016-12-08@11:30:00,5.686,5.537,5.388
2016-12-08@10:30:00,5.718,5.550,5.381
2016-12-07@15:00:00,5.733,5.558,5.383
2016-12-07@14:00:00,5.740,5.564,5.387
2016-12-07@11:30:00,5.744,5.569,5.394
2016-12-07@10:30:00,5.747,5.576,5.405
2016-12-06@15:00:00,5.746,5.586,5.425
2016-12-06@14:00:00,5.781,5.577,5.372
2016-12-06@11:30:00,5.809,5.565,5.321
2016-12-06@10:30:00,5.836,5.552,5.268
2016-12-05@15:00:00,5.859,5.537,5.214
2016-12-05@14:00:00,5.875,5.519,5.163
2016-12-05@11:30:00,5.887,5.504,5.120
2016-12-05@10:30:00,5.894,5.487,5.079
2016-12-02@15:00:00,5.898,5.473,5.047
2016-12-02@14:00:00,5.889,5.456,5.023
2016-12-02@11:30:00,5.876,5.438,5.000
2016-12-02@10:30:00,5.859,5.421,4.983
2016-12-01@15:00:00,5.827,5.398,4.969
2016-12-01@14:00:00,5.787,5.373,4.958
2016-12-01@11:30:00,5.747,5.348,4.948
2016-12-01@10:30:00,5.685,5.321,4.957
2016-11-30@15:00:00,5.627,5.297,4.966
2016-11-30@14:00:00,5.574,5.270,4.966
2016-11-30@11:30:00,5.514,5.244,4.974
2016-11-30@10:30:00,5.433,5.218,5.002
2016-10-13@15:00:00,5.301,5.192,5.082
2016-10-13@14:00:00,5.292,5.184,5.075
2016-10-13@11:30:00,5.284,5.176,5.067
2016-10-13@10:30:00,5.278,5.170,5.062
2016-10-12@15:00:00,5.275,5.167,5.058
2016-10-12@14:00:00,5.273,5.163,5.052
2016-10-12@11:30:00,5.271,5.159,5.046
2016-10-12@10:30:00,5.268,5.154,5.040
2016-10-11@15:00:00,5.263,5.151,5.039
2016-10-11@14:00:00,5.248,5.146,5.043
2016-10-11@11:30:00,5.233,5.139,5.045
2016-10-11@10:30:00,5.208,5.132,5.055
2016-10-10@15:00:00,5.191,5.126,5.061
2016-10-10@14:00:00,5.181,5.123,5.065
2016-10-10@11:30:00,5.179,5.123,5.066
2016-10-10@10:30:00,5.173,5.122,5.070
2016-09-30@15:00:00,5.173,5.121,5.070
2016-09-30@14:00:00,5.212,5.130,5.048
2016-09-30@11:30:00,5.242,5.139,5.037
2016-09-30@10:30:00,5.271,5.150,5.029
2016-09-29@15:00:00,5.291,5.158,5.026
2016-09-29@14:00:00,5.297,5.164,5.031
2016-09-29@11:30:00,5.303,5.170,5.038
2016-09-29@10:30:00,5.309,5.176,5.043
2016-09-28@15:00:00,5.315,5.181,5.048
2016-09-28@14:00:00,5.317,5.186,5.056
2016-09-28@11:30:00,5.317,5.191,5.065
2016-09-28@10:30:00,5.314,5.195,5.076
2016-09-27@15:00:00,5.313,5.197,5.082
2016-09-27@14:00:00,5.313,5.197,5.082
2016-09-27@11:30:00,5.311,5.199,5.088
2016-09-27@10:30:00,5.309,5.200,5.092
2016-09-26@15:00:00,5.307,5.201,5.096
2016-09-26@14:00:00,5.305,5.202,5.100
2016-09-26@11:30:00,5.306,5.202,5.097
2016-09-26@10:30:00,5.307,5.200,5.092
2016-09-23@15:00:00,5.308,5.197,5.087
2016-09-23@14:00:00,5.300,5.191,5.081
2016-09-23@11:30:00,5.287,5.183,5.079
2016-09-23@10:30:00,5.265,5.175,5.085
2016-09-22@15:00:00,5.246,5.168,5.091
2016-09-22@14:00:00,5.240,5.167,5.093
2016-09-22@11:30:00,5.231,5.163,5.095
2016-09-22@10:30:00,nan,nan,nan
2016-09-21@15:00:00,nan,nan,nan
2016-09-21@14:00:00,nan,nan,nan
2016-09-21@11:30:00,nan,nan,nan
2016-09-21@10:30:00,nan,nan,nan
2016-09-20@15:00:00,nan,nan,nan
2016-09-20@14:00:00,nan,nan,nan
2016-09-20@11:30:00,nan,nan,nan
2016-09-20@10:30:00,nan,nan,nan
2016-09-19@15:00:00,nan,nan,nan
2016-09-19@14:00:00,nan,nan,nan
2016-09-19@11:30:00,nan,nan,nan
2016-09-19@10:30:00,nan,nan,nan
2016-09-14@15:00:00,nan,nan,nan
2016-09-14@14:00:00,nan,nan,nan
2016-09-14@11:30:00,nan,nan,nan
2016-09-14@10:30:00,nan,nan,nan
2016-09-13@15:00:00,nan,nan,nan
2016-09-13@14:00:00,nan,nan,nan
