2017-06-30,25.662,27.447,23.363,-1,-1
2017-06-29,26.210,27.771,-1,-1,-1
2017-06-28,27.236,27.872,-1,-1,-1
2017-06-27,27.718,27.738,-1,-1,-1
2017-06-26,28.342,27.253,-1,-1,-1
2017-06-23,29.232,26.509,-1,-1,-1
2017-06-22,29.332,25.478,-1,-1,-1
2017-06-21,28.508,24.083,-1,-1,-1
2017-06-20,27.758,22.815,-1,-1,-1
2017-06-19,26.164,21.206,-1,-1,-1
2017-06-16,23.786,19.279,-1,-1,-1
2017-06-15,21.624,-1,-1,-1,-1
2017-06-14,19.658,-1,-1,-1,-1
2017-06-13,17.872,-1,-1,-1,-1
2017-06-12,16.248,-1,-1,-1,-1
2017-06-09,14.772,-1,-1,-1,-1
2017-06-08,-1,-1,-1,-1,-1
2017-06-07,-1,-1,-1,-1,-1
2017-06-06,-1,-1,-1,-1,-1
2017-06-05,-1,-1,-1,-1,-1
