2017-06-30,66.708,66.374,65.890,65.232,71.467
2017-06-29,66.270,66.307,65.711,65.270,71.898
2017-06-28,65.964,66.321,65.461,65.307,72.323
2017-06-27,66.082,66.250,65.358,65.318,72.752
2017-06-26,65.914,66.010,65.187,65.349,73.205
2017-06-23,66.040,65.779,64.975,65.410,73.600
2017-06-22,66.344,65.855,64.778,65.725,73.977
2017-06-21,66.678,65.894,64.578,66.073,74.348
2017-06-20,66.418,65.808,64.547,66.365,74.744
2017-06-19,66.106,65.620,64.596,66.629,75.195
2017-06-16,65.518,65.406,64.660,66.930,75.610
2017-06-15,65.366,65.116,64.752,67.045,76.027
2017-06-14,65.110,64.601,64.800,67.149,76.371
2017-06-13,65.198,64.467,64.851,67.314,76.724
2017-06-12,65.134,64.364,65.019,67.464,77.101
2017-06-09,65.294,64.172,65.225,67.615,77.485
2017-06-08,64.866,63.701,65.660,67.694,77.828
2017-06-07,64.092,63.261,66.162,67.759,78.115
2017-06-06,63.736,63.287,66.643,67.823,78.412
2017-06-05,63.594,63.573,67.133,68.085,78.729
2017-06-02,63.050,63.915,67.691,68.458,79.006
2017-06-01,62.536,64.388,68.009,69.138,79.278
2017-05-31,62.430,65.000,68.423,70.187,79.549
2017-05-26,62.838,65.236,68.737,71.270,79.797
2017-05-25,63.552,65.674,69.014,72.243,80.020
2017-05-24,64.780,66.279,69.336,73.223,80.268
2017-05-23,66.240,67.619,69.690,74.221,80.550
2017-05-22,67.570,69.064,70.008,75.191,80.822
2017-05-19,67.634,69.999,70.091,76.043,81.025
2017-05-18,67.796,70.694,70.341,76.870,81.194
2017-05-17,67.778,71.468,70.730,77.703,81.310
2017-05-16,68.998,71.630,71.513,78.526,81.401
2017-05-15,70.558,71.846,72.780,79.338,81.525
2017-05-12,72.364,72.239,74.287,80.186,81.685
2017-05-11,73.592,72.355,75.527,81.061,81.827
2017-05-10,75.158,72.393,76.695,81.790,81.968
2017-05-09,74.262,71.761,77.522,82.229,81.981
2017-05-08,73.134,70.952,78.255,82.622,81.980
2017-05-05,72.114,70.184,79.065,83.123,81.981
2017-05-04,71.118,69.989,79.957,83.762,81.997
2017-05-03,69.628,69.992,80.820,84.290,82.000
2017-05-02,69.260,71.395,81.974,85.008,82.074
2017-04-28,68.770,73.715,83.083,85.594,82.154
2017-04-27,68.254,76.336,84.159,86.134,82.224
2017-04-26,68.860,78.699,85.414,86.738,82.290
2017-04-25,70.356,80.998,86.489,87.356,82.399
2017-04-24,73.530,83.283,87.463,87.962,82.495
2017-04-21,78.660,85.558,88.457,88.472,82.572
2017-04-20,84.418,87.946,89.593,89.000,82.654
2017-04-19,88.538,89.926,90.648,89.373,82.690
2017-04-18,91.640,91.648,91.439,89.554,82.638
2017-04-17,93.036,92.554,91.815,89.417,82.519
2017-04-14,92.456,92.452,91.533,88.912,82.293
2017-04-13,91.474,91.982,91.033,88.323,82.015
2017-04-12,91.314,92.130,90.757,87.797,81.835
2017-04-11,91.656,91.980,90.535,87.312,81.666
2017-04-10,92.072,91.644,90.301,86.879,81.490
2017-04-07,92.448,91.357,89.928,86.453,81.375
2017-04-06,92.490,91.240,89.527,86.006,81.291
2017-04-05,92.946,91.370,89.096,85.518,81.194
2017-03-31,92.304,91.231,88.507,84.916,81.074
2017-03-30,91.216,91.076,87.849,84.275,80.941
2017-03-29,90.266,90.614,87.141,83.712,80.818
2017-03-28,89.990,90.084,86.493,83.184,80.703
2017-03-27,89.794,89.385,85.630,82.592,80.554
2017-03-24,90.158,89.090,84.978,82.145,80.454
2017-03-23,90.936,88.958,84.497,81.732,80.426
2017-03-22,90.962,88.500,84.000,81.338,80.406
2017-03-21,90.178,87.815,83.389,80.839,80.327
2017-03-20,88.976,86.823,82.592,80.232,80.183
2017-03-17,88.022,85.784,81.759,79.709,80.087
2017-03-16,86.980,84.622,80.874,79.140,79.988
2017-03-15,86.038,83.669,80.261,78.715,79.926
2017-03-14,85.452,82.902,79.733,78.314,79.901
2017-03-13,84.670,81.875,79.196,77.842,79.833
2017-03-10,83.546,80.867,78.672,77.442,79.873
2017-03-09,82.264,80.036,78.119,77.027,79.942
2017-03-08,81.300,79.501,77.757,76.672,80.099
2017-03-07,80.352,78.964,77.351,76.307,80.234
2017-03-06,79.080,78.361,76.937,76.006,80.369
2017-03-03,78.188,77.734,76.672,75.721,80.563
2017-03-02,77.808,77.127,76.399,75.621,80.883
2017-03-01,77.702,76.854,76.238,75.674,81.235
2017-02-28,77.576,76.565,76.020,75.706,81.576
2017-02-27,77.642,76.517,75.825,75.873,81.960
2017-02-24,77.280,76.477,75.729,76.020,82.393
2017-02-23,76.446,76.203,75.523,76.101,82.787
2017-02-22,76.006,76.013,75.258,76.298,83.231
2017-02-21,75.554,75.738,74.978,76.576,83.641
2017-02-20,75.392,75.513,74.829,76.870,84.056
2017-02-17,75.674,75.610,74.715,77.231,84.478
2017-02-16,75.960,75.672,74.867,77.607,84.855
2017-02-15,76.020,75.622,75.084,77.923,85.212
2017-02-14,75.922,75.476,75.277,78.221,85.594
2017-02-13,75.634,75.134,75.551,78.515,85.994
2017-02-10,75.546,74.981,75.791,78.764,86.375
2017-02-09,75.384,74.843,76.049,79.120,86.760
2017-02-08,75.224,74.503,76.440,79.474,87.096
2017-02-07,75.030,74.218,76.995,79.816,87.454
2017-02-06,74.634,74.145,77.548,80.134,87.825
2017-02-03,74.416,73.820,78.041,80.465,88.186
2017-01-26,74.302,74.063,78.574,80.835,88.533
2017-01-25,73.782,74.546,79.074,81.137,88.874
2017-01-24,73.406,75.078,79.594,81.487,89.226
2017-01-23,73.656,75.968,80.205,81.823,89.569
2017-01-20,73.224,76.602,80.655,82.305,89.897
2017-01-19,73.824,77.256,81.259,82.857,90.273
2017-01-18,75.310,78.378,81.959,83.526,90.658
2017-01-17,76.750,79.773,82.614,84.162,91.047
2017-01-16,78.280,80.951,83.128,84.732,91.391
2017-01-13,79.980,82.263,83.787,85.405,91.757
2017-01-12,80.688,83.086,84.221,86.145,92.075
2017-01-11,81.446,83.602,84.432,86.796,92.312
2017-01-10,82.796,84.110,84.692,87.445,92.602
2017-01-09,83.622,84.442,84.751,88.047,92.872
2017-01-06,84.546,84.708,85.156,88.766,93.153
2017-01-05,85.484,85.262,85.657,89.472,93.407
2017-01-04,85.758,85.540,86.100,90.164,93.615
2017-01-03,85.424,85.456,86.356,90.705,93.706
2016-12-30,85.262,85.306,86.622,91.242,93.803
2016-12-29,84.870,85.311,86.976,91.724,93.884
2016-12-28,85.040,85.356,87.674,92.104,93.983
2016-12-27,85.322,85.262,88.392,92.501,94.062
2016-12-26,85.488,85.274,89.112,92.966,94.214
2016-12-23,85.350,85.060,89.850,93.473,94.369
2016-12-22,85.752,85.605,90.795,93.986,94.550
2016-12-21,85.672,86.053,91.578,94.400,94.704
2016-12-20,85.202,86.660,92.477,94.719,94.844
2016-12-19,85.060,87.256,93.329,95.091,94.936
2016-12-16,84.770,87.939,94.210,95.515,95.042
2016-12-15,85.458,88.641,94.930,95.908,95.112
2016-12-14,86.434,89.993,95.477,96.230,95.186
2016-12-13,88.118,91.523,96.120,96.611,95.313
2016-12-12,89.452,92.950,96.811,96.964,95.411
2016-12-09,91.108,94.640,97.680,97.314,95.560
2016-12-08,91.824,95.986,98.177,97.489,95.522
2016-12-07,93.552,97.102,98.573,97.689,95.488
2016-12-06,94.928,98.293,98.748,97.791,95.411
2016-12-05,96.448,99.403,99.009,97.932,95.316
2016-12-02,98.172,100.482,99.303,98.049,95.216
2016-12-01,100.148,101.220,99.541,98.109,95.066
2016-11-30,100.652,100.962,99.349,98.004,94.752
2016-11-29,101.658,100.717,99.155,97.827,94.458
2016-11-28,102.358,100.673,98.971,97.758,94.181
2016-11-25,102.792,100.720,98.650,97.696,93.862
2016-11-24,102.292,100.368,98.240,97.540,93.499
2016-11-23,101.272,100.044,97.982,97.341,93.194
2016-11-22,99.776,99.204,97.539,97.065,92.822
2016-11-21,98.988,98.615,97.196,96.706,92.495
2016-11-18,98.648,98.124,96.832,96.363,92.152
2016-11-17,98.444,97.862,96.553,96.043,91.848
2016-11-16,98.816,97.736,96.525,95.862,91.561
2016-11-15,98.632,97.594,96.382,95.622,91.253
2016-11-14,98.242,97.270,96.301,95.461,90.934
2016-11-11,97.600,96.581,96.184,95.265,90.599
2016-11-10,97.280,96.112,96.125,95.114,90.283
2016-11-09,96.656,95.921,95.990,95.009,89.938
2016-11-08,96.556,95.875,95.996,94.970,89.659
2016-11-07,96.298,95.777,95.752,94.781,89.363
2016-11-04,95.562,95.541,95.482,94.569,89.039
2016-11-03,94.944,95.244,95.134,94.317,88.699
2016-11-02,95.186,95.314,94.925,94.141,88.434
2016-10-28,95.194,95.171,94.636,94.015,88.157
2016-10-27,95.256,95.332,94.557,93.858,87.863
2016-10-26,95.520,95.788,94.606,93.807,87.691
2016-10-25,95.544,96.139,94.615,93.556,87.492
2016-10-24,95.442,96.059,94.553,93.287,87.232
2016-10-21,95.148,96.117,94.517,93.032,87.035
2016-10-20,95.408,95.727,94.282,92.701,86.853
2016-10-19,96.056,95.423,94.082,92.383,86.705
2016-10-18,96.734,95.024,93.854,92.022,86.557
2016-10-17,96.676,94.536,93.555,91.500,86.429
2016-10-14,97.086,94.102,93.436,91.088,86.320
2016-10-13,96.046,93.782,93.120,90.604,86.143
2016-10-12,94.790,93.425,92.816,90.028,85.956
2016-10-11,93.314,93.091,92.264,89.459,85.744
2016-10-10,92.396,93.048,91.901,89.047,85.628
2016-09-30,91.118,92.918,91.489,88.579,85.542
2016-09-29,91.518,92.838,91.189,88.284,85.519
2016-09-28,92.060,92.742,90.862,87.942,85.443
2016-09-27,92.868,92.684,90.521,87.653,85.382
2016-09-26,93.700,92.574,89.982,87.261,85.234
2016-09-23,94.718,92.771,89.581,86.883,85.104
2016-09-22,94.158,92.459,89.014,86.406,84.944
2016-09-21,93.424,92.208,88.330,85.934,84.781
2016-09-20,92.500,91.438,87.642,85.451,84.624
2016-09-19,91.448,90.755,87.046,84.866,84.412
2016-09-14,90.824,90.061,86.410,84.348,84.208
2016-09-13,90.760,89.539,86.006,83.946,84.056
2016-09-12,90.992,88.983,85.542,83.510,83.865
2016-09-09,90.376,88.359,85.138,83.081,83.727
2016-09-08,90.062,87.390,84.604,82.726,83.494
2016-09-07,89.298,86.392,83.939,82.300,83.220
2016-09-06,88.318,85.570,83.380,81.869,82.947
2016-09-05,86.974,84.452,82.797,81.574,82.599
2016-09-02,86.342,83.847,82.458,81.428,82.322
2016-09-01,84.718,83.337,81.922,81.177,82.131
2016-08-31,83.486,82.759,81.492,81.037,81.981
2016-08-30,82.822,82.474,81.150,81.004,81.828
2016-08-29,81.930,82.102,80.773,81.028,81.712
2016-08-26,81.352,81.916,80.443,81.092,81.588
2016-08-25,81.956,81.818,80.395,81.358,81.479
2016-08-24,82.032,81.486,80.255,81.552,81.361
2016-08-23,82.126,81.190,80.018,81.682,81.170
2016-08-22,82.274,81.143,80.136,81.883,81.010
2016-08-19,82.480,81.069,80.218,82.029,80.834
2016-08-18,81.680,80.507,80.096,82.208,80.609
2016-08-17,80.940,80.224,80.176,82.504,80.390
2016-08-16,80.254,79.826,80.269,82.754,80.180
2016-08-15,80.012,79.444,80.492,82.943,79.973
2016-08-12,79.658,78.969,80.680,83.111,79.720
2016-08-11,79.334,78.971,81.128,83.207,79.497
2016-08-10,79.508,79.023,81.585,83.325,79.338
2016-08-09,79.398,78.846,81.928,83.481,79.154
2016-08-08,78.876,79.128,82.253,83.627,78.933
2016-08-05,78.280,79.367,82.509,83.797,78.720
2016-08-04,78.608,79.686,83.059,83.958,78.549
2016-08-03,78.538,80.129,83.644,84.069,78.375
2016-08-02,78.294,80.712,84.218,84.166,78.199
2016-08-01,79.380,81.539,84.692,84.219,78.098
2016-07-29,80.454,82.391,85.181,84.372,78.061
2016-07-28,80.764,83.285,85.325,84.262,77.978
2016-07-27,81.720,84.148,85.476,84.139,77.901
2016-07-26,83.130,85.011,85.798,84.024,77.803
2016-07-25,83.698,85.378,85.876,83.624,77.612
2016-07-22,84.328,85.652,86.013,83.216,77.464
2016-07-21,85.806,86.432,86.094,83.086,77.380
2016-07-20,86.576,87.159,86.039,82.924,77.317
2016-07-19,86.892,87.725,85.894,82.651,77.258
2016-07-18,87.058,87.845,85.559,82.396,77.137
2016-07-15,86.976,87.972,85.363,82.083,77.064
2016-07-14,87.058,87.365,84.751,81.601,77.037
2016-07-13,87.742,86.804,84.134,81.170,77.031
2016-07-12,88.558,86.585,83.531,80.658,77.093
2016-07-11,88.632,86.375,82.746,80.137,77.100
2016-07-08,88.968,86.373,81.998,79.639,77.104
2016-07-07,87.672,85.756,81.412,79.009,77.022
2016-07-06,85.866,84.918,80.806,78.276,76.954
2016-07-05,84.612,84.062,80.114,77.605,76.842
2016-07-04,84.118,83.274,79.671,77.004,76.817
2016-07-01,83.778,82.754,79.139,76.330,76.839
2016-06-30,83.840,82.137,78.718,75.787,76.880
2016-06-29,83.970,81.464,78.353,75.351,76.896
2016-06-28,83.512,80.477,77.695,74.828,76.871
2016-06-27,82.430,79.118,77.018,74.240,76.766
2016-06-24,81.730,77.624,76.271,73.643,76.599
2016-06-23,80.434,77.069,75.635,73.139,76.489
2016-06-22,78.958,76.694,74.955,72.682,76.390
2016-06-21,77.442,76.166,74.376,72.232,76.329
2016-06-20,75.806,76.068,73.869,71.976,76.313
2016-06-17,73.518,75.524,73.117,71.749,76.252
2016-06-16,73.704,75.300,72.612,71.693,76.328
2016-06-15,74.430,75.243,72.294,71.664,76.333
2016-06-14,74.890,74.913,72.003,71.582,76.300
2016-06-13,76.330,74.918,71.800,71.600,76.267
2016-06-08,77.530,74.919,71.653,71.712,76.286
2016-06-07,76.896,74.201,71.174,71.675,76.212
2016-06-06,76.056,73.216,70.676,71.711,76.061
2016-06-03,74.936,72.586,70.265,71.865,75.947
2016-06-02,73.506,71.670,69.930,71.878,75.847
2016-06-01,72.308,70.711,69.861,72.044,75.779
2016-05-31,71.506,69.925,69.889,72.474,75.695
2016-05-30,70.376,69.346,69.874,72.891,75.561
2016-05-27,70.236,69.094,69.916,73.527,75.552
2016-05-26,69.834,68.683,69.940,74.063,75.564
2016-05-25,69.114,68.387,70.108,74.568,75.494
2016-05-24,68.344,68.148,70.411,75.035,75.407
2016-05-23,68.316,68.136,70.958,75.633,75.455
2016-05-20,67.952,67.945,71.505,76.079,75.466
2016-05-19,67.532,68.190,71.982,76.630,75.613
2016-05-18,67.660,69.011,72.711,77.348,75.848
2016-05-17,67.952,69.854,73.749,77.972,76.122
2016-05-16,67.956,70.403,74.663,78.441,76.346
2016-05-13,67.938,70.738,75.743,78.914,76.571
2016-05-12,68.848,71.198,76.754,79.292,76.815
2016-05-11,70.362,71.830,77.659,79.555,77.020
2016-05-10,71.756,72.675,78.478,79.838,77.168
2016-05-09,72.850,73.780,79.381,80.097,77.310
2016-05-06,73.538,75.065,80.147,80.425,77.459
2016-05-05,73.548,75.773,80.850,80.650,77.512
2016-05-04,73.298,76.411,81.517,80.756,77.524
2016-05-03,73.594,77.643,82.031,80.963,77.498
2016-04-29,74.710,78.924,82.459,81.003,77.498
2016-04-28,76.592,80.749,83.002,81.018,77.481
2016-04-27,77.998,82.309,83.339,80.933,77.599
2016-04-26,79.524,83.488,83.417,80.860,77.677
2016-04-25,81.692,84.282,83.420,80.750,77.863
2016-04-22,83.138,84.982,83.255,80.411,77.980
2016-04-21,84.906,85.228,83.104,80.029,78.026
2016-04-20,86.620,85.928,83.089,79.816,78.180
2016-04-19,87.452,86.623,82.928,79.514,78.283
2016-04-18,86.872,86.420,82.623,78.917,78.236
2016-04-15,86.826,85.995,82.042,78.230,78.166
2016-04-14,85.550,85.255,81.153,77.577,78.157
2016-04-13,85.236,84.370,80.245,77.065,78.144
2016-04-12,85.794,83.346,79.545,76.419,78.297
2016-04-11,85.968,82.558,78.984,75.780,78.479
2016-04-08,85.164,81.529,78.125,75.277,78.619
2016-04-07,84.960,80.981,77.429,74.853,78.695
2016-04-06,83.504,80.250,76.760,74.596,78.901
2016-04-05,80.898,79.234,75.959,74.347,78.997
2016-04-01,79.148,78.827,75.165,74.272,79.087
2016-03-31,77.894,78.089,74.347,74.251,79.374
2016-03-30,77.002,77.051,73.738,74.227,79.755
2016-03-29,76.996,76.121,73.413,74.337,80.244
2016-03-28,77.570,75.745,72.955,74.485,80.757
2016-03-25,78.506,75.410,72.390,74.498,81.376
2016-03-24,78.284,74.721,72.150,74.523,82.109
2016-03-23,77.100,73.877,71.789,74.493,82.644
2016-03-22,75.246,73.270,71.768,74.374,83.105
2016-03-21,73.920,72.685,71.904,74.293,83.566
2016-03-18,72.314,71.503,71.994,74.033,83.984
2016-03-17,71.158,70.606,72.331,73.993,84.552
2016-03-16,70.654,70.426,72.815,73.944,85.083
2016-03-15,71.294,70.705,73.445,74.265,85.631
2016-03-14,71.450,70.165,73.855,74.495,86.138
2016-03-11,70.692,69.371,74.042,74.977,86.562
2016-03-10,70.054,69.580,74.425,75.550,87.030
2016-03-09,70.198,69.702,74.801,76.024,87.520
2016-03-08,70.116,70.267,74.926,76.545,88.044
2016-03-07,68.880,71.123,75.097,77.052,88.540
2016-03-04,68.050,72.485,75.298,77.556,89.125
2016-03-03,69.106,74.057,75.687,78.102,89.797
2016-03-02,69.206,75.204,75.704,78.736,90.366
2016-03-01,70.418,76.185,76.046,79.223,90.946
2016-02-29,73.366,77.545,76.661,80.175,91.719
2016-02-26,76.920,78.712,77.780,81.178,92.374
2016-02-25,79.008,79.269,78.536,81.962,92.950
2016-02-24,81.202,79.899,79.186,82.537,93.553
2016-02-23,81.952,79.584,79.684,83.207,94.040
2016-02-22,81.724,79.070,80.017,83.647,94.320
2016-02-19,80.504,78.111,80.092,83.903,94.613
2016-02-18,79.530,77.316,80.125,84.498,94.863
2016-02-17,78.596,76.203,80.503,85.284,94.969
2016-02-16,77.216,75.906,80.743,86.151,95.179
2016-02-15,76.416,75.776,81.490,87.030,95.487
2016-02-05,75.718,76.847,82.412,88.255,95.774
2016-02-04,75.102,77.802,83.308,89.695,96.217
2016-02-03,73.810,78.472,83.857,90.795,96.584
2016-02-02,74.596,79.784,85.019,91.837,96.843
2016-02-01,75.136,80.963,85.936,92.840,97.108
2016-01-29,77.976,82.072,86.800,93.935,97.308
2016-01-28,80.502,82.933,88.090,95.112,97.368
2016-01-27,83.134,84.802,89.825,96.223,97.484
2016-01-26,84.972,85.579,91.273,96.997,97.442
2016-01-25,86.790,87.203,92.657,97.780,97.384
2016-01-22,86.168,87.976,93.959,98.148,97.147
2016-01-21,85.364,88.814,95.641,98.509,96.866
2016-01-20,86.470,89.241,96.956,99.016,96.526
2016-01-19,86.186,90.254,97.864,99.544,96.093
2016-01-18,87.616,90.908,98.778,100.028,95.668
2016-01-15,89.784,91.527,99.867,100.693,95.288
2016-01-14,92.264,93.246,101.202,101.493,94.894
2016-01-13,92.012,94.847,101.933,101.995,94.340
2016-01-12,94.322,96.967,102.706,102.668,93.897
2016-01-11,94.200,98.110,103.069,103.264,93.299
2016-01-08,93.270,99.941,103.234,103.570,92.734
2016-01-07,94.228,102.468,103.357,103.939,92.153
2016-01-06,97.682,104.671,103.903,104.569,91.658
2016-01-05,99.612,105.474,104.189,104.873,91.021
2016-01-04,102.020,106.648,104.588,104.992,90.422
2015-12-31,106.612,108.206,105.277,105.323,89.836
2015-12-30,110.708,109.157,105.617,105.228,89.074
2015-12-29,111.660,109.019,105.569,104.654,88.197
2015-12-28,111.336,108.445,105.519,104.207,87.281
2015-12-25,111.276,108.027,105.842,103.945,86.382
2015-12-24,109.800,106.527,105.384,103.294,85.369
2015-12-23,107.606,104.245,104.675,102.739,84.201
2015-12-22,106.378,103.135,104.518,102.374,83.241
2015-12-21,105.554,102.904,104.573,101.848,82.335
2015-12-18,104.778,102.527,104.165,101.377,81.450
2015-12-17,103.254,102.347,103.881,100.681,80.534
2015-12-16,100.884,102.076,103.264,99.624,79.517
2015-12-15,99.892,102.119,102.471,98.746,78.577
2015-12-14,100.254,102.593,102.088,97.887,77.701
2015-12-11,100.276,103.656,101.904,96.988,76.757
2015-12-10,101.440,104.241,101.678,96.146,75.924
2015-12-09,103.268,105.104,101.987,95.224,75.185
2015-12-08,104.346,105.901,101.994,94.037,74.410
2015-12-07,104.932,106.241,101.320,92.641,73.583
2015-12-04,107.036,105.802,100.802,91.308,72.758
2015-12-03,107.042,105.416,99.848,89.882,71.851
2015-12-02,106.940,104.452,98.397,88.295,70.870
2015-12-01,107.456,102.824,97.059,86.685,69.918
2015-11-30,107.550,101.584,95.534,85.125,69.020
2015-11-27,104.568,100.152,93.654,83.334,68.119
2015-11-26,103.790,99.115,92.099,81.898,67.292
2015-11-25,101.964,98.869,90.284,80.368,66.424
2015-11-24,98.192,98.087,88.105,78.747,65.639
2015-11-23,95.618,96.400,85.841,77.169,64.967
2015-11-20,95.736,95.802,84.061,75.853,64.556
2015-11-19,94.440,94.281,82.116,74.350,64.213
2015-11-18,95.774,92.343,80.217,72.920,63.988
2015-11-17,97.982,91.295,78.616,71.741,63.912
2015-11-16,97.182,89.485,76.896,70.354,63.804
2015-11-13,95.868,87.156,74.926,68.819,63.544
2015-11-12,94.122,85.083,73.289,67.443,63.284
2015-11-11,88.912,81.698,71.118,65.662,62.841
2015-11-10,84.608,78.123,69.078,64.107,62.530
2015-11-09,81.788,75.283,67.553,62.822,62.385
2015-11-06,78.444,72.320,65.878,61.523,62.126
2015-11-05,76.044,69.950,64.385,60.386,61.945
2015-11-04,74.484,68.091,63.208,59.409,61.924
2015-11-03,71.638,65.936,61.964,58.408,61.913
2015-11-02,68.778,64.306,60.789,57.515,61.849
2015-10-30,66.196,62.695,59.651,56.526,61.884
2015-10-29,63.856,61.495,58.624,55.701,61.895
2015-10-28,61.698,60.537,57.645,55.145,62.016
2015-10-27,60.234,60.032,57.100,54.783,62.144
2015-10-26,59.834,59.823,56.592,54.524,62.394
2015-10-23,59.194,59.436,56.124,54.209,62.787
2015-10-22,59.134,58.819,55.604,53.819,63.250
2015-10-21,59.376,58.325,55.069,53.444,63.654
2015-10-20,59.830,57.991,54.644,53.151,64.120
2015-10-19,59.812,57.272,54.120,52.915,64.538
2015-10-16,59.678,56.607,53.442,52.903,65.025
2015-10-15,58.504,55.752,52.805,52.686,65.393
2015-10-14,57.274,54.752,52.450,52.480,65.776
2015-10-13,56.152,54.167,52.158,52.531,66.345
2015-10-12,54.732,53.361,51.874,52.764,66.898
2015-10-09,53.536,52.812,51.595,53.260,67.340
2015-10-08,53.000,52.389,51.320,54.076,67.707
2015-10-07,52.230,51.812,51.004,55.055,67.966
2015-09-30,52.182,51.297,50.732,56.083,68.231
2015-09-29,51.990,50.967,50.736,57.253,68.627
2015-09-28,52.088,50.277,51.051,58.269,69.158
2015-09-25,51.778,49.857,51.154,59.125,69.569
2015-09-24,51.394,50.147,51.344,60.020,70.051
2015-09-23,50.412,50.149,51.714,60.953,70.570
2015-09-22,49.944,50.387,52.466,61.948,71.015
2015-09-21,48.466,50.378,53.484,62.730,71.594
2015-09-18,47.936,50.250,54.919,63.504,72.366
2015-09-17,48.900,50.195,56.677,64.438,73.259
2015-09-16,49.886,50.166,58.477,65.418,74.139
2015-09-15,50.830,50.505,60.396,66.183,74.905
2015-09-14,52.290,51.825,62.266,67.241,75.918
2015-09-11,52.564,52.450,63.759,68.088,76.958
2015-09-10,51.490,52.540,64.957,68.887,77.866
2015-09-09,50.446,53.278,66.356,69.506,78.818
2015-09-08,50.180,54.545,67.728,70.264,79.874
2015-09-07,51.360,56.590,68.906,71.366,81.011
2015-09-02,52.336,59.588,70.131,72.681,82.128
2015-09-01,53.590,63.159,71.560,73.865,83.192
2015-08-31,56.110,66.787,73.044,75.088,84.331
2015-08-28,58.910,70.286,74.023,76.162,85.447
2015-08-27,61.820,72.706,74.950,77.146,86.546
2015-08-26,66.840,75.068,75.907,78.100,87.622
2015-08-25,72.728,77.373,77.060,79.073,88.766
2015-08-24,77.464,79.433,77.620,80.159,89.643
2015-08-21,81.662,80.911,78.123,81.031,90.443
2015-08-20,83.592,81.221,78.754,81.421,91.145
2015-08-19,83.296,80.674,79.228,81.338,91.836
2015-08-18,82.018,79.960,79.218,80.876,92.271
2015-08-17,81.402,79.300,79.238,80.378,92.623
2015-08-14,80.160,77.759,79.100,80.002,92.847
2015-08-13,78.850,77.193,79.367,80.047,93.106
2015-08-12,78.052,76.745,79.615,80.013,93.429
2015-08-11,77.902,76.747,79.922,80.081,93.792
2015-08-10,77.198,75.807,80.521,80.186,94.154
2015-08-07,75.358,75.335,81.091,80.082,94.391
2015-08-06,75.536,76.287,81.521,80.459,94.708
2015-08-05,75.438,77.782,81.669,81.229,94.917
2015-08-04,75.592,78.476,81.335,82.081,95.023
2015-08-03,74.416,79.176,80.917,82.861,95.116
2015-07-31,75.312,80.441,81.123,83.627,95.198
2015-07-30,77.038,81.540,81.474,84.594,95.146
2015-07-29,80.126,82.486,81.647,85.828,95.212
2015-07-28,81.360,83.098,81.749,86.846,95.215
2015-07-27,83.936,85.236,82.375,88.129,95.312
2015-07-24,85.570,86.847,82.456,89.483,95.353
2015-07-23,86.042,86.755,82.545,90.657,95.305
2015-07-22,84.846,85.557,82.952,91.574,95.127
2015-07-21,84.836,84.193,83.883,92.520,95.017
2015-07-20,86.536,82.658,84.703,93.574,94.893
2015-07-17,88.124,81.805,85.220,94.733,94.673
2015-07-16,87.468,81.407,86.121,95.945,94.412
2015-07-15,86.268,80.807,87.499,97.145,94.223
2015-07-14,83.550,80.399,88.720,98.458,93.950
2015-07-13,78.780,79.514,89.576,99.126,93.592
2015-07-10,75.486,78.064,90.802,99.855,93.231
2015-07-09,75.346,78.335,92.607,100.868,93.032
2015-07-08,75.346,80.347,94.583,102.334,93.032
2015-07-07,77.248,83.574,96.683,103.666,93.116
2015-07-06,80.248,86.748,99.031,104.868,93.180
2015-07-03,80.642,88.634,101.196,105.693,93.127
2015-07-02,81.324,90.834,103.214,106.166,92.873
2015-07-01,85.348,94.192,105.313,106.846,92.751
2015-06-30,89.900,97.041,107.488,107.502,92.533
2015-06-29,93.248,99.638,108.932,108.122,92.212
2015-06-26,96.626,103.539,110.750,108.701,91.942
2015-06-25,100.344,106.880,112.135,108.956,91.513
2015-06-24,103.036,108.819,113.327,108.606,90.899
2015-06-23,104.182,109.792,113.712,107.964,90.235
2015-06-19,106.028,111.315,113.927,107.372,89.502
2015-06-18,110.452,113.759,114.222,106.768,88.769
2015-06-17,113.416,115.594,113.832,105.698,87.784
2015-06-16,114.602,116.435,113.173,104.596,86.651
2015-06-15,115.402,117.935,112.733,103.583,85.497
2015-06-12,116.602,118.227,112.363,102.495,-1
2015-06-11,117.066,117.961,111.281,101.223,-1
2015-06-10,117.772,117.390,109.994,99.954,-1
2015-06-09,118.268,117.836,108.499,98.680,-1
2015-06-08,120.468,117.633,107.050,97.514,-1
2015-06-05,119.852,116.540,105.400,96.212,-1
2015-06-04,118.856,114.685,103.273,94.612,-1
2015-06-03,117.008,112.070,100.750,92.879,-1
2015-06-02,117.404,109.911,98.676,91.302,-1
2015-06-01,114.798,107.531,96.407,89.441,-1
2015-05-29,113.228,106.500,94.628,88.058,-1
2015-05-28,110.514,104.602,92.854,86.607,-1
2015-05-27,107.132,102.598,91.236,85.196,-1
2015-05-26,102.418,99.162,89.102,83.730,-1
2015-05-25,100.264,96.468,87.454,82.565,-1
2015-05-22,99.772,94.261,86.048,81.493,-1
2015-05-21,98.690,91.861,84.576,80.561,-1
2015-05-20,98.064,89.431,83.283,79.579,-1
2015-05-19,95.906,87.441,81.997,78.657,-1
2015-05-18,92.672,85.284,80.396,77.564,-1
2015-05-15,88.750,82.757,78.836,76.302,-1
2015-05-14,85.032,81.106,77.609,75.183,-1
2015-05-13,80.798,79.874,76.495,74.070,-1
2015-05-12,78.976,79.043,76.014,73.193,-1
2015-05-11,77.896,78.440,75.614,72.506,-1
2015-05-08,76.764,77.836,75.109,71.631,-1
2015-05-07,77.180,77.291,74.911,70.769,-1
2015-05-06,78.950,77.136,74.653,69.869,-1
2015-05-05,79.110,76.554,74.264,68.707,-1
2015-05-04,78.984,75.509,73.704,67.411,-1
2015-04-30,78.908,74.916,73.074,-1,-1
2015-04-29,77.402,74.113,72.221,-1,-1
2015-04-28,75.322,73.116,71.168,-1,-1
2015-04-27,73.998,72.986,70.267,-1,-1
2015-04-24,72.034,72.788,69.539,-1,-1
2015-04-23,70.924,72.382,68.528,-1,-1
2015-04-22,70.824,72.532,67.508,-1,-1
2015-04-21,70.910,72.170,66.236,-1,-1
2015-04-20,71.974,71.975,64.784,-1,-1
2015-04-17,73.542,71.900,63.362,-1,-1
2015-04-16,73.840,71.232,-1,-1,-1
2015-04-15,74.240,70.330,-1,-1,-1
2015-04-14,73.430,69.221,-1,-1,-1
2015-04-13,71.976,67.549,-1,-1,-1
2015-04-10,70.258,66.290,-1,-1,-1
2015-04-09,68.624,64.675,-1,-1,-1
2015-04-08,66.420,62.484,-1,-1,-1
2015-04-07,65.012,60.301,-1,-1,-1
2015-04-03,63.122,57.592,-1,-1,-1
2015-04-02,62.322,54.825,-1,-1,-1
2015-04-01,60.726,-1,-1,-1,-1
2015-03-31,58.548,-1,-1,-1,-1
2015-03-30,55.590,-1,-1,-1,-1
2015-03-27,52.062,-1,-1,-1,-1
2015-03-26,47.328,-1,-1,-1,-1
2015-03-25,-1,-1,-1,-1,-1
2015-03-24,-1,-1,-1,-1,-1
2015-03-23,-1,-1,-1,-1,-1
2015-03-20,-1,-1,-1,-1,-1
