Not
2017-06-30,-0.806,-0.931,0.125
2017-06-29,-0.865,-0.962,0.097
2017-06-28,-0.910,-0.986,0.076
2017-06-27,-0.948,-1.005,0.057
2017-06-26,-1.009,-1.020,0.010
2017-06-23,-1.082,-1.022,-0.060
2017-06-22,-1.112,-1.007,-0.105
2017-06-21,-1.145,-0.981,-0.164
2017-06-20,-1.195,-0.940,-0.255
2017-06-19,-1.176,-0.876,-0.300
2017-06-16,-1.165,-0.801,-0.364
2017-06-15,-1.123,-0.710,-0.413
2017-06-14,-1.040,-0.607,-0.433
2017-06-13,-0.911,-0.499,-0.413
2017-06-12,-0.766,-0.395,-0.370
2017-06-09,-0.522,-0.303,-0.219
2017-06-08,-0.195,-0.248,0.053
2017-06-07,-0.266,-0.261,-0.005
2017-06-06,-0.354,-0.260,-0.094
2017-06-05,-0.375,-0.237,-0.138
2017-06-02,-0.372,-0.202,-0.170
2017-06-01,-0.324,-0.160,-0.164
2017-05-31,-0.246,-0.118,-0.127
2017-05-26,-0.219,-0.087,-0.132
2017-05-25,-0.190,-0.054,-0.136
2017-05-24,-0.153,-0.019,-0.133
2017-05-23,-0.107,0.014,-0.121
2017-05-22,-0.056,0.044,-0.100
2017-05-19,-0.011,0.069,-0.080
2017-05-18,0.028,0.089,-0.061
2017-05-17,0.071,0.104,-0.033
2017-05-16,0.079,0.112,-0.033
2017-05-15,0.048,0.121,-0.072
2017-05-12,0.024,0.139,-0.114
2017-05-11,0.061,0.167,-0.106
2017-05-10,0.092,0.194,-0.102
2017-05-09,0.162,0.219,-0.058
2017-05-08,0.217,0.234,-0.016
2017-05-05,0.286,0.238,0.048
2017-05-04,0.291,0.226,0.065
2017-05-03,0.289,0.209,0.079
2017-05-02,0.288,0.190,0.098
2017-04-28,0.221,0.165,0.056
2017-04-27,0.161,0.151,0.009
2017-04-26,0.124,0.149,-0.025
2017-04-25,0.062,0.155,-0.093
2017-04-24,0.079,0.178,-0.099
2017-04-21,0.141,0.203,-0.062
2017-04-20,0.157,0.218,-0.061
2017-04-19,0.136,0.234,-0.098
2017-04-18,0.145,0.258,-0.113
2017-04-17,0.158,0.287,-0.128
2017-04-14,0.210,0.319,-0.109
2017-04-13,0.293,0.346,-0.053
2017-04-12,0.317,0.359,-0.042
2017-04-11,0.332,0.370,-0.037
2017-04-10,0.373,0.379,-0.006
2017-04-07,0.400,0.380,0.020
2017-04-06,0.403,0.376,0.028
2017-04-05,0.380,0.369,0.012
2017-03-31,0.312,0.366,-0.054
2017-03-30,0.271,0.379,-0.109
2017-03-29,0.310,0.406,-0.096
2017-03-28,0.361,0.430,-0.070
2017-03-27,0.418,0.448,-0.030
2017-03-24,0.465,0.455,0.010
2017-03-23,0.483,0.453,0.030
2017-03-22,0.514,0.445,0.068
2017-03-21,0.502,0.428,0.074
2017-03-20,0.466,0.410,0.056
2017-03-17,0.483,0.396,0.088
2017-03-16,0.495,0.374,0.121
2017-03-15,0.441,0.343,0.098
2017-03-14,0.373,0.319,0.054
2017-03-13,0.348,0.305,0.043
2017-03-10,0.285,0.295,-0.010
2017-03-09,0.258,0.297,-0.039
2017-03-08,0.293,0.307,-0.014
2017-03-07,0.308,0.310,-0.002
2017-03-06,0.303,0.311,-0.008
2017-03-03,0.295,0.313,-0.018
2017-03-02,0.325,0.317,0.007
2017-03-01,0.357,0.315,0.042
2017-02-28,0.368,0.305,0.063
2017-02-27,0.379,0.289,0.090
2017-02-24,0.389,0.266,0.122
2017-02-23,0.366,0.236,0.130
2017-02-22,0.343,0.203,0.140
2017-02-21,0.333,0.168,0.164
2017-02-20,0.288,0.127,0.160
2017-02-17,0.225,0.087,0.138
2017-02-16,0.220,0.053,0.168
2017-02-15,0.173,0.011,0.163
2017-02-14,0.130,-0.030,0.160
2017-02-13,0.088,-0.070,0.158
2017-02-10,0.039,-0.109,0.149
2017-02-09,-0.015,-0.147,0.131
2017-02-08,-0.057,-0.179,0.123
2017-02-07,-0.111,-0.210,0.099
2017-02-06,-0.159,-0.235,0.076
2017-02-03,-0.225,-0.254,0.029
2017-01-26,-0.240,-0.261,0.021
2017-01-25,-0.259,-0.266,0.007
2017-01-24,-0.282,-0.268,-0.014
2017-01-23,-0.297,-0.264,-0.032
2017-01-20,-0.301,-0.256,-0.045
2017-01-19,-0.316,-0.245,-0.071
2017-01-18,-0.306,-0.227,-0.079
2017-01-17,-0.294,-0.208,-0.086
2017-01-16,-0.297,-0.186,-0.111
2017-01-13,-0.245,-0.158,-0.087
2017-01-12,-0.176,-0.137,-0.039
2017-01-11,-0.124,-0.127,0.003
2017-01-10,-0.070,-0.127,0.057
2017-01-09,-0.076,-0.142,0.066
2017-01-06,-0.080,-0.158,0.078
2017-01-05,-0.100,-0.178,0.078
2017-01-04,-0.118,-0.197,0.079
2017-01-03,-0.176,-0.217,0.041
2016-12-30,-0.209,-0.227,0.018
2016-12-29,-0.231,-0.232,0.000
2016-12-28,-0.246,-0.232,-0.015
2016-12-27,-0.261,-0.228,-0.033
2016-12-26,-0.275,-0.220,-0.055
2016-12-23,-0.292,-0.206,-0.087
2016-12-22,-0.278,-0.184,-0.094
2016-12-21,-0.267,-0.160,-0.107
2016-12-20,-0.265,-0.134,-0.131
2016-12-19,-0.235,-0.101,-0.134
2016-12-16,-0.226,-0.068,-0.158
2016-12-15,-0.212,-0.028,-0.184
2016-12-14,-0.172,0.018,-0.190
2016-12-13,-0.113,0.065,-0.179
2016-12-12,-0.054,0.110,-0.163
2016-12-09,0.033,0.151,-0.118
2016-12-08,0.051,0.180,-0.129
2016-12-07,0.077,0.212,-0.136
2016-12-06,0.122,0.246,-0.124
2016-12-05,0.165,0.277,-0.113
2016-12-02,0.225,0.305,-0.080
2016-12-01,0.298,0.325,-0.028
2016-11-30,0.306,0.332,-0.026
2016-11-29,0.311,0.339,-0.028
2016-11-28,0.313,0.346,-0.033
2016-11-25,0.347,0.354,-0.007
2016-11-24,0.362,0.356,0.006
2016-11-23,0.373,0.355,0.018
2016-11-22,0.374,0.350,0.023
2016-11-21,0.335,0.344,-0.009
2016-11-18,0.313,0.347,-0.034
2016-11-17,0.340,0.355,-0.015
2016-11-16,0.358,0.359,-0.001
2016-11-15,0.372,0.359,0.013
2016-11-14,0.367,0.356,0.011
2016-11-11,0.392,0.353,0.038
2016-11-10,0.369,0.344,0.025
2016-11-09,0.341,0.338,0.003
2016-11-08,0.353,0.337,0.016
2016-11-07,0.345,0.333,0.013
2016-11-04,0.346,0.330,0.017
2016-11-03,0.340,0.325,0.015
2016-11-02,0.378,0.322,0.056
2016-10-28,0.412,0.308,0.105
2016-10-27,0.396,0.282,0.114
2016-10-26,0.377,0.253,0.124
2016-10-25,0.317,0.222,0.095
2016-10-24,0.299,0.198,0.101
2016-10-21,0.297,0.173,0.125
2016-10-20,0.276,0.142,0.134
2016-10-19,0.253,0.108,0.145
2016-10-18,0.214,0.072,0.142
2016-10-17,0.151,0.037,0.114
2016-10-14,0.124,0.008,0.116
2016-10-13,0.084,-0.021,0.105
2016-10-12,0.060,-0.047,0.107
2016-10-11,0.025,-0.074,0.099
2016-10-10,-0.025,-0.098,0.073
2016-09-30,-0.074,-0.117,0.043
2016-09-29,-0.108,-0.128,0.020
2016-09-28,-0.129,-0.133,0.004
2016-09-27,-0.158,-0.134,-0.024
2016-09-26,-0.175,-0.128,-0.047
2016-09-23,-0.161,-0.116,-0.045
2016-09-22,-0.156,-0.105,-0.052
2016-09-21,-0.163,-0.092,-0.071
2016-09-20,-0.158,-0.074,-0.084
2016-09-19,-0.127,-0.053,-0.074
2016-09-14,-0.113,-0.034,-0.078
2016-09-13,-0.084,-0.015,-0.069
2016-09-12,-0.049,0.003,-0.052
2016-09-09,0.001,0.015,-0.014
2016-09-08,0.017,0.019,-0.002
2016-09-07,0.028,0.020,0.009
2016-09-06,0.033,0.017,0.015
2016-09-05,0.036,0.014,0.022
2016-09-02,0.056,0.008,0.048
2016-09-01,0.062,-0.004,0.066
2016-08-31,0.047,-0.020,0.068
2016-08-30,0.015,-0.037,0.052
2016-08-29,0.009,-0.050,0.059
2016-08-26,-0.004,-0.065,0.061
2016-08-25,-0.015,-0.080,0.065
2016-08-24,-0.021,-0.097,0.076
2016-08-23,-0.025,-0.116,0.090
2016-08-22,-0.045,-0.138,0.093
2016-08-19,-0.079,-0.162,0.083
2016-08-18,-0.094,-0.182,0.089
2016-08-17,-0.124,-0.205,0.081
2016-08-16,-0.177,-0.225,0.047
2016-08-15,-0.258,-0.237,-0.021
2016-08-12,-0.306,-0.231,-0.075
2016-08-11,-0.306,-0.212,-0.093
2016-08-10,-0.278,-0.189,-0.089
2016-08-09,-0.286,-0.167,-0.119
2016-08-08,-0.293,-0.137,-0.155
2016-08-05,-0.270,-0.098,-0.172
2016-08-04,-0.229,-0.055,-0.173
2016-08-03,-0.176,-0.012,-0.164
2016-08-02,-0.103,0.029,-0.132
2016-08-01,-0.042,0.062,-0.104
2016-07-29,0.053,0.088,-0.035
2016-07-28,0.127,0.097,0.030
2016-07-27,0.128,0.089,0.039
2016-07-26,0.160,0.080,0.080
2016-07-25,0.114,0.059,0.055
2016-07-22,0.103,0.046,0.057
2016-07-21,0.133,0.031,0.101
2016-07-20,0.132,0.006,0.126
2016-07-19,0.136,-0.025,0.161
2016-07-18,0.136,-0.066,0.202
2016-07-15,0.129,-0.116,0.245
2016-07-14,0.081,-0.177,0.258
2016-07-13,0.020,-0.242,0.262
2016-07-12,-0.053,-0.307,0.254
2016-07-11,-0.176,-0.371,0.195
2016-07-08,-0.233,-0.420,0.186
2016-07-07,-0.260,-0.466,0.206
2016-07-06,-0.307,-0.518,0.210
2016-07-05,-0.379,-0.570,0.191
2016-07-04,-0.436,-0.618,0.182
2016-07-01,-0.515,-0.664,0.148
2016-06-30,-0.584,-0.701,0.116
2016-06-29,-0.615,-0.730,0.115
2016-06-28,-0.655,-0.759,0.103
2016-06-27,-0.699,-0.784,0.085
2016-06-24,-0.747,-0.806,0.059
2016-06-23,-0.743,-0.821,0.077
2016-06-22,-0.760,-0.840,0.079
2016-06-21,-0.819,-0.860,0.041
2016-06-20,-0.868,-0.870,0.002
2016-06-17,-0.906,-0.870,-0.036
2016-06-16,-0.963,-0.862,-0.101
2016-06-15,-1.006,-0.836,-0.169
2016-06-14,-1.063,-0.794,-0.269
2016-06-13,-1.053,-0.727,-0.326
2016-06-08,-0.986,-0.645,-0.341
2016-06-07,-0.973,-0.560,-0.413
2016-06-06,-0.909,-0.457,-0.452
2016-06-03,-0.834,-0.344,-0.490
2016-06-02,-0.696,-0.221,-0.475
2016-06-01,-0.482,-0.102,-0.380
2016-05-31,-0.216,-0.008,-0.209
2016-05-30,0.105,0.045,0.060
2016-05-27,0.057,0.029,0.028
2016-05-26,-0.006,0.023,-0.028
2016-05-25,-0.028,0.030,-0.058
2016-05-24,-0.037,0.044,-0.081
2016-05-23,-0.037,0.064,-0.102
2016-05-20,-0.048,0.090,-0.138
2016-05-19,-0.024,0.124,-0.148
2016-05-18,0.015,0.161,-0.147
2016-05-17,0.077,0.198,-0.121
2016-05-16,0.064,0.228,-0.164
2016-05-13,0.054,0.269,-0.215
2016-05-12,0.087,0.323,-0.236
2016-05-11,0.105,0.382,-0.277
2016-05-10,0.143,0.451,-0.309
2016-05-09,0.269,0.529,-0.259
2016-05-06,0.462,0.593,-0.131
2016-05-05,0.550,0.626,-0.076
2016-05-04,0.550,0.645,-0.095
2016-05-03,0.538,0.669,-0.131
2016-04-29,0.550,0.702,-0.151
2016-04-28,0.646,0.739,-0.093
2016-04-27,0.754,0.763,-0.009
2016-04-26,0.822,0.765,0.057
2016-04-25,0.880,0.751,0.129
2016-04-22,0.814,0.719,0.095
2016-04-21,0.768,0.695,0.074
2016-04-20,0.804,0.677,0.127
2016-04-19,0.852,0.645,0.207
2016-04-18,0.754,0.593,0.161
2016-04-15,0.690,0.553,0.138
2016-04-14,0.627,0.518,0.109
2016-04-13,0.592,0.491,0.101
2016-04-12,0.520,0.466,0.054
2016-04-11,0.469,0.452,0.017
2016-04-08,0.480,0.448,0.031
2016-04-07,0.531,0.441,0.090
2016-04-06,0.545,0.418,0.127
2016-04-05,0.532,0.386,0.146
2016-04-01,0.513,0.350,0.163
2016-03-31,0.530,0.309,0.221
2016-03-30,0.502,0.254,0.248
2016-03-29,0.432,0.192,0.240
2016-03-28,0.384,0.132,0.252
2016-03-25,0.364,0.069,0.295
2016-03-24,0.301,-0.005,0.306
2016-03-23,0.264,-0.081,0.346
2016-03-22,0.163,-0.168,0.331
2016-03-21,0.069,-0.251,0.320
2016-03-18,-0.076,-0.331,0.255
2016-03-17,-0.237,-0.394,0.157
2016-03-16,-0.327,-0.433,0.106
2016-03-15,-0.351,-0.460,0.109
2016-03-14,-0.421,-0.487,0.066
2016-03-11,-0.475,-0.504,0.029
2016-03-10,-0.482,-0.511,0.029
2016-03-09,-0.477,-0.518,0.041
2016-03-08,-0.492,-0.528,0.036
2016-03-07,-0.547,-0.537,-0.010
2016-03-04,-0.567,-0.535,-0.033
2016-03-03,-0.550,-0.526,-0.024
2016-03-02,-0.563,-0.520,-0.043
2016-03-01,-0.587,-0.510,-0.077
2016-02-29,-0.538,-0.490,-0.047
2016-02-26,-0.427,-0.479,0.051
2016-02-25,-0.392,-0.491,0.099
2016-02-24,-0.300,-0.516,0.217
2016-02-23,-0.352,-0.570,0.218
2016-02-22,-0.413,-0.625,0.212
2016-02-19,-0.507,-0.678,0.171
2016-02-18,-0.567,-0.721,0.154
2016-02-17,-0.626,-0.759,0.133
2016-02-16,-0.694,-0.792,0.099
2016-02-15,-0.766,-0.817,0.050
2016-02-05,-0.783,-0.829,0.046
2016-02-04,-0.834,-0.841,0.007
2016-02-03,-0.888,-0.843,-0.045
2016-02-02,-0.918,-0.831,-0.086
2016-02-01,-0.956,-0.810,-0.146
2016-01-29,-0.942,-0.773,-0.169
2016-01-28,-0.931,-0.731,-0.200
2016-01-27,-0.859,-0.681,-0.178
2016-01-26,-0.793,-0.636,-0.157
2016-01-25,-0.699,-0.597,-0.102
2016-01-22,-0.691,-0.572,-0.119
2016-01-21,-0.667,-0.542,-0.125
2016-01-20,-0.631,-0.511,-0.121
2016-01-19,-0.649,-0.481,-0.169
2016-01-18,-0.696,-0.438,-0.258
2016-01-15,-0.700,-0.374,-0.326
2016-01-14,-0.666,-0.293,-0.374
2016-01-13,-0.623,-0.199,-0.424
2016-01-12,-0.501,-0.093,-0.408
2016-01-11,-0.478,0.009,-0.486
2016-01-08,-0.368,0.130,-0.498
2016-01-07,-0.251,0.255,-0.506
2016-01-06,-0.020,0.381,-0.401
2016-01-05,0.094,0.482,-0.388
2016-01-04,0.289,0.579,-0.290
2015-12-31,0.516,0.651,-0.135
2015-12-30,0.590,0.685,-0.095
2015-12-29,0.590,0.709,-0.119
2015-12-28,0.639,0.738,-0.099
2015-12-25,0.728,0.763,-0.035
2015-12-24,0.767,0.772,-0.005
2015-12-23,0.824,0.773,0.051
2015-12-22,0.853,0.760,0.093
2015-12-21,0.875,0.737,0.138
2015-12-18,0.858,0.703,0.155
2015-12-17,0.838,0.664,0.174
2015-12-16,0.765,0.621,0.144
2015-12-15,0.665,0.585,0.081
2015-12-14,0.640,0.564,0.075
2015-12-11,0.580,0.546,0.034
2015-12-10,0.497,0.537,-0.040
2015-12-09,0.505,0.547,-0.042
2015-12-08,0.511,0.558,-0.047
2015-12-07,0.479,0.569,-0.090
2015-12-04,0.442,0.592,-0.149
2015-12-03,0.422,0.629,-0.207
2015-12-02,0.450,0.681,-0.230
2015-12-01,0.537,0.738,-0.201
2015-11-30,0.620,0.788,-0.168
2015-11-27,0.694,0.830,-0.137
2015-11-26,0.793,0.865,-0.071
2015-11-25,0.834,0.882,-0.048
2015-11-24,0.816,0.894,-0.078
2015-11-23,0.789,0.914,-0.126
2015-11-20,0.825,0.945,-0.120
2015-11-19,0.881,0.976,-0.095
2015-11-18,0.922,0.999,-0.077
2015-11-17,1.016,1.019,-0.002
2015-11-16,1.064,1.019,0.045
2015-11-13,1.094,1.008,0.086
2015-11-12,1.157,0.986,0.171
2015-11-11,1.125,0.944,0.181
2015-11-10,1.090,0.898,0.192
2015-11-09,1.092,0.850,0.241
2015-11-06,1.062,0.790,0.272
2015-11-05,1.017,0.722,0.294
2015-11-04,0.981,0.649,0.332
2015-11-03,0.864,0.566,0.299
2015-11-02,0.793,0.491,0.302
2015-10-30,0.670,0.415,0.255
2015-10-29,0.631,0.352,0.279
2015-10-28,0.574,0.282,0.292
2015-10-27,0.542,0.209,0.332
2015-10-26,0.440,0.126,0.314
2015-10-23,0.286,0.047,0.239
2015-10-22,0.150,-0.012,0.162
2015-10-21,0.132,-0.053,0.184
2015-10-20,0.169,-0.099,0.268
2015-10-19,0.092,-0.166,0.257
2015-10-16,0.036,-0.230,0.266
2015-10-15,-0.035,-0.297,0.262
2015-10-14,-0.112,-0.362,0.250
2015-10-13,-0.160,-0.425,0.265
2015-10-12,-0.249,-0.491,0.241
2015-10-09,-0.370,-0.551,0.181
2015-10-08,-0.449,-0.596,0.147
2015-10-07,-0.520,-0.633,0.113
2015-09-30,-0.554,-0.661,0.108
2015-09-29,-0.582,-0.688,0.106
2015-09-28,-0.598,-0.715,0.117
2015-09-25,-0.637,-0.744,0.107
2015-09-24,-0.640,-0.771,0.131
2015-09-23,-0.694,-0.804,0.110
2015-09-22,-0.723,-0.831,0.109
2015-09-21,-0.784,-0.859,0.075
2015-09-18,-0.847,-0.877,0.030
2015-09-17,-0.875,-0.885,0.009
2015-09-16,-0.891,-0.887,-0.004
2015-09-15,-0.939,-0.886,-0.053
2015-09-14,-0.868,-0.873,0.005
2015-09-11,-0.796,-0.874,0.078
2015-09-10,-0.845,-0.893,0.049
2015-09-09,-0.896,-0.905,0.010
2015-09-08,-1.001,-0.908,-0.093
2015-09-07,-1.085,-0.885,-0.201
2015-09-02,-1.104,-0.834,-0.270
2015-09-01,-1.111,-0.767,-0.344
2015-08-31,-1.018,-0.681,-0.337
2015-08-28,-0.996,-0.597,-0.399
2015-08-27,-1.002,-0.497,-0.505
2015-08-26,-0.912,-0.371,-0.541
2015-08-25,-0.697,-0.235,-0.461
2015-08-24,-0.389,-0.120,-0.269
2015-08-21,-0.141,-0.053,-0.088
2015-08-20,0.010,-0.031,0.041
2015-08-19,0.071,-0.041,0.112
2015-08-18,0.116,-0.069,0.185
2015-08-17,0.230,-0.115,0.345
2015-08-14,0.174,-0.202,0.376
2015-08-13,0.108,-0.296,0.404
2015-08-12,-0.028,-0.397,0.369
2015-08-11,-0.146,-0.489,0.343
2015-08-10,-0.301,-0.575,0.274
2015-08-07,-0.439,-0.643,0.204
2015-08-06,-0.516,-0.695,0.178
2015-08-05,-0.563,-0.739,0.176
2015-08-04,-0.613,-0.783,0.171
2015-08-03,-0.730,-0.826,0.096
2015-07-31,-0.774,-0.850,0.076
2015-07-30,-0.778,-0.869,0.091
2015-07-29,-0.757,-0.891,0.135
2015-07-28,-0.829,-0.925,0.096
2015-07-27,-0.814,-0.949,0.135
2015-07-24,-0.706,-0.983,0.277
2015-07-23,-0.737,-1.052,0.315
2015-07-22,-0.868,-1.131,0.263
2015-07-21,-0.938,-1.197,0.259
2015-07-20,-1.031,-1.261,0.230
2015-07-17,-1.126,-1.319,0.193
2015-07-16,-1.263,-1.367,0.104
2015-07-15,-1.315,-1.393,0.078
2015-07-14,-1.277,-1.413,0.136
2015-07-13,-1.394,-1.447,0.052
2015-07-10,-1.691,-1.460,-0.231
2015-07-09,-1.882,-1.402,-0.479
2015-07-08,-1.928,-1.282,-0.646
2015-07-07,-1.805,-1.121,-0.685
2015-07-06,-1.614,-0.950,-0.664
2015-07-03,-1.516,-0.783,-0.732
2015-07-02,-1.332,-0.600,-0.731
2015-07-01,-1.186,-0.418,-0.769
2015-06-30,-1.043,-0.226,-0.817
2015-06-29,-0.931,-0.021,-0.909
2015-06-26,-0.600,0.206,-0.806
2015-06-25,-0.267,0.408,-0.675
2015-06-24,-0.039,0.576,-0.615
2015-06-23,0.111,0.730,-0.619
2015-06-19,0.343,0.885,-0.542
2015-06-18,0.665,1.020,-0.355
2015-06-17,0.832,1.109,-0.278
2015-06-16,0.943,1.179,-0.236
2015-06-15,1.142,1.237,-0.096
2015-06-12,1.214,1.261,-0.048
2015-06-11,1.181,1.273,-0.093
2015-06-10,1.184,1.296,-0.113
2015-06-09,1.223,1.325,-0.102
2015-06-08,1.321,1.350,-0.030
2015-06-05,1.433,1.358,0.076
2015-06-04,1.469,1.339,0.131
2015-06-03,1.483,1.306,0.177
2015-06-02,1.420,1.262,0.158
2015-06-01,1.328,1.222,0.106
2015-05-29,1.325,1.195,0.129
2015-05-28,1.412,1.163,0.249
2015-05-27,1.444,1.101,0.343
2015-05-26,1.260,1.015,0.245
2015-05-25,1.169,0.954,0.215
2015-05-22,1.072,0.900,0.172
2015-05-21,0.974,0.857,0.117
2015-05-20,0.920,0.828,0.092
2015-05-19,0.920,0.805,0.115
2015-05-18,0.895,0.777,0.119
2015-05-15,0.894,0.747,0.147
2015-05-14,0.921,0.710,0.210
2015-05-13,0.835,0.658,0.177
2015-05-12,0.779,0.613,0.165
2015-05-11,0.708,0.572,0.136
2015-05-08,0.581,0.538,0.043
2015-05-07,0.459,0.527,-0.068
2015-05-06,0.484,0.545,-0.061
2015-05-05,0.526,0.560,-0.033
2015-05-04,0.616,0.568,0.048
2015-04-30,0.604,0.556,0.048
2015-04-29,0.553,0.544,0.009
2015-04-28,0.502,0.542,-0.040
2015-04-27,0.530,0.552,-0.022
2015-04-24,0.514,0.557,-0.044
2015-04-23,0.497,0.568,-0.072
2015-04-22,0.479,0.586,-0.108
2015-04-21,0.478,0.613,-0.135
2015-04-20,0.506,0.647,-0.141
2015-04-17,0.599,0.682,-0.083
2015-04-16,0.654,0.703,-0.049
2015-04-15,0.715,0.715,0.000
2015-04-14,0.788,0.715,0.073
2015-04-13,0.795,0.697,0.098
2015-04-10,0.762,0.672,0.090
2015-04-09,0.759,0.650,0.109
2015-04-08,0.786,0.623,0.164
2015-04-07,0.772,0.582,0.191
2015-04-03,0.712,0.534,0.178
2015-04-02,0.640,0.489,0.150
2015-04-01,0.535,0.452,0.083
2015-03-31,0.467,0.431,0.036
2015-03-30,0.480,0.422,0.058
2015-03-27,0.482,0.408,0.074
2015-03-26,0.472,0.389,0.083
2015-03-25,0.443,0.369,0.074
2015-03-24,0.438,0.350,0.088
2015-03-23,0.442,0.328,0.113
2015-03-20,0.412,0.300,0.112
2015-03-19,0.391,0.272,0.120
2015-03-18,0.364,0.242,0.122
2015-03-17,0.327,0.211,0.115
2015-03-16,0.293,0.183,0.110
2015-03-13,0.249,0.155,0.094
2015-03-12,0.223,0.132,0.091
2015-03-11,0.196,0.109,0.088
2015-03-10,0.175,0.087,0.088
2015-03-09,0.148,0.065,0.083
2015-03-06,0.118,0.044,0.074
2015-03-05,0.108,0.026,0.082
2015-03-04,0.082,0.005,0.077
2015-03-03,0.049,-0.014,0.064
2015-03-02,0.043,-0.030,0.073
2015-02-27,0.009,-0.048,0.057
2015-02-26,-0.006,-0.062,0.057
2015-02-25,-0.020,-0.077,0.056
2015-02-24,-0.026,-0.091,0.065
2015-02-17,-0.049,-0.107,0.057
2015-02-16,-0.076,-0.121,0.045
2015-02-13,-0.109,-0.132,0.024
2015-02-12,-0.136,-0.138,0.002
2015-02-11,-0.154,-0.139,-0.015
2015-02-10,-0.172,-0.135,-0.037
2015-02-09,-0.177,-0.126,-0.051
2015-02-06,-0.161,-0.113,-0.048
2015-02-05,-0.131,-0.101,-0.030
2015-02-04,-0.118,-0.094,-0.024
2015-02-03,-0.094,-0.087,-0.007
2015-02-02,-0.079,-0.086,0.007
2015-01-30,-0.035,-0.088,0.053
2015-01-29,-0.003,-0.101,0.098
2015-01-28,0.004,-0.125,0.130
2015-01-27,-0.023,-0.158,0.134
2015-01-26,-0.056,-0.191,0.135
2015-01-23,-0.093,-0.225,0.132
2015-01-22,-0.118,-0.258,0.140
2015-01-21,-0.169,-0.293,0.124
2015-01-20,-0.232,-0.324,0.093
2015-01-19,-0.294,-0.347,0.053
2015-01-16,-0.309,-0.361,0.052
2015-01-15,-0.343,-0.374,0.030
2015-01-14,-0.359,-0.381,0.022
2015-01-13,-0.368,-0.387,0.019
2015-01-12,-0.391,-0.391,0.001
2015-01-09,-0.385,-0.392,0.007
2015-01-08,-0.383,-0.393,0.011
2015-01-07,-0.402,-0.396,-0.006
2015-01-06,-0.422,-0.395,-0.027
2015-01-05,-0.457,-0.388,-0.069
2014-12-31,-0.468,-0.371,-0.097
2014-12-30,-0.459,-0.346,-0.113
2014-12-29,-0.422,-0.318,-0.104
2014-12-26,-0.399,-0.292,-0.107
2014-12-25,-0.392,-0.265,-0.126
2014-12-24,-0.386,-0.234,-0.152
2014-12-23,-0.370,-0.196,-0.174
2014-12-22,-0.304,-0.152,-0.152
2014-12-19,-0.212,-0.114,-0.098
2014-12-18,-0.167,-0.089,-0.078
2014-12-17,-0.148,-0.070,-0.078
2014-12-16,-0.120,-0.051,-0.069
2014-12-15,-0.117,-0.033,-0.084
2014-12-12,-0.139,-0.012,-0.127
2014-12-11,-0.127,0.019,-0.147
2014-12-10,-0.116,0.056,-0.172
2014-12-09,-0.064,0.099,-0.163
2014-12-08,0.041,0.140,-0.099
2014-12-05,0.108,0.165,-0.056
2014-12-04,0.174,0.179,-0.005
2014-12-03,0.170,0.180,-0.010
2014-12-02,0.177,0.182,-0.005
2014-12-01,0.190,0.184,0.007
2014-11-28,0.211,0.182,0.029
2014-11-27,0.193,0.175,0.018
2014-11-26,0.202,0.170,0.032
2014-11-25,0.206,0.162,0.043
2014-11-24,0.187,0.151,0.036
2014-11-21,0.165,0.142,0.023
2014-11-20,0.149,0.137,0.012
2014-11-19,0.144,0.133,0.011
2014-11-18,0.124,0.131,-0.007
2014-11-17,0.137,0.132,0.005
2014-11-14,0.151,0.131,0.019
2014-11-13,0.178,0.126,0.052
2014-11-12,0.136,0.114,0.023
2014-11-11,0.101,0.108,-0.007
2014-11-10,0.136,0.109,0.026
2014-11-07,0.099,0.103,-0.004
2014-11-06,0.068,0.104,-0.036
2014-11-05,0.036,0.113,-0.077
2014-11-04,0.046,0.132,-0.086
2014-11-03,0.066,0.154,-0.088
2014-10-31,0.056,0.176,-0.119
2014-10-30,0.076,0.205,-0.130
2014-10-29,0.097,0.238,-0.140
2014-10-28,0.115,0.273,-0.158
2014-10-27,0.135,0.313,-0.178
2014-10-24,0.189,0.357,-0.168
2014-10-23,0.293,0.399,-0.106
2014-10-22,0.410,0.426,-0.015
2014-10-21,0.460,0.429,0.030
2014-10-20,0.459,0.422,0.037
2014-10-17,0.422,0.412,0.010
2014-10-16,0.407,0.410,-0.003
2014-10-15,0.443,0.411,0.032
2014-10-14,0.460,0.403,0.057
2014-10-13,0.470,0.389,0.082
2014-10-10,0.479,0.368,0.111
2014-10-09,0.471,0.340,0.131
2014-10-08,0.457,0.308,0.149
2014-09-30,0.400,0.270,0.130
2014-09-29,0.314,0.238,0.076
2014-09-26,0.239,0.219,0.020
2014-09-25,0.228,0.214,0.014
2014-09-24,0.207,0.210,-0.003
2014-09-23,0.206,0.211,-0.006
2014-09-22,0.212,0.213,-0.000
2014-09-19,0.231,0.213,0.018
2014-09-18,0.225,0.208,0.017
2014-09-17,0.240,0.204,0.036
2014-09-16,0.248,0.195,0.053
2014-09-15,0.271,0.181,0.090
2014-09-12,0.232,0.159,0.073
2014-09-11,0.200,0.141,0.059
2014-09-10,0.190,0.126,0.064
2014-09-09,0.161,0.110,0.051
2014-09-05,0.144,0.097,0.047
2014-09-04,0.125,0.085,0.040
2014-09-03,0.090,0.075,0.015
2014-09-02,0.075,0.071,0.003
2014-09-01,0.057,0.071,-0.013
2014-08-29,0.054,0.074,-0.020
2014-08-28,0.067,0.079,-0.012
2014-08-27,0.096,0.082,0.015
2014-08-26,0.116,0.078,0.038
2014-08-25,0.130,0.069,0.061
2014-08-22,0.106,0.053,0.053
2014-08-21,0.097,0.040,0.057
2014-08-20,0.100,0.026,0.074
2014-08-19,0.078,0.007,0.070
2014-08-18,0.058,-0.010,0.069
2014-08-15,nan,nan,nan
2014-08-14,nan,nan,nan
2014-08-13,nan,nan,nan
2014-08-12,nan,nan,nan
2014-08-11,nan,nan,nan
2014-08-08,nan,nan,nan
2014-08-07,nan,nan,nan
2014-08-06,nan,nan,nan
2014-08-05,nan,nan,nan
2014-08-04,nan,nan,nan
2014-08-01,nan,nan,nan
2014-07-31,nan,nan,nan
2014-07-30,nan,nan,nan
2014-07-29,nan,nan,nan
2014-07-28,nan,nan,nan
2014-07-25,nan,nan,nan
2014-07-24,nan,nan,nan
2014-07-23,nan,nan,nan
2014-07-22,nan,nan,nan
2014-07-21,nan,nan,nan
2014-07-18,nan,nan,nan
2014-07-17,nan,nan,nan
2014-07-16,nan,nan,nan
2014-07-15,nan,nan,nan
2014-07-14,nan,nan,nan
2014-07-11,nan,nan,nan
2014-07-10,nan,nan,nan
2014-07-09,nan,nan,nan
2014-07-08,nan,nan,nan
2014-07-07,nan,nan,nan
2014-07-04,nan,nan,nan
2014-07-03,nan,nan,nan
2014-07-02,nan,nan,nan
