date,open,high,close,low,volume,price_change,p_change,ma5,ma10,ma20,v_ma5,v_ma10,v_ma20,turnover
2017-01-06 15:00:00,55.93,56.01,55.39,55.26,6860.03,-0.54,-0.97,56.178,57.167,58.5265,5095.47,5170.35,4213.5,1.56
2017-01-06 14:30:00,55.9,56.33,55.88,55.8,3765.82,-0.02,-0.04,56.54,57.604,58.7595,4751.4,4600.64,3946.97,0.86
2017-01-06 14:00:00,56.53,56.53,55.9,55.68,7982.0,-0.63,-1.11,56.822,57.982,58.9605,5354.72,4489.22,3850.93,1.81
2017-01-06 13:30:00,57.15,57.24,56.55,56.55,4266.0,-0.6,-1.05,57.288,58.328,59.151,4728.83,3925.12,3602.81,0.97
2017-01-06 11:30:00,57.22,57.48,57.17,57.01,2603.51,-0.05,-0.09,57.722,58.631,59.2945,5072.43,3845.6,3713.91,0.59
2017-01-06 11:00:00,57.29,57.35,57.2,57.01,5139.66,-0.09,-0.16,58.156,58.886,59.45,5245.22,3942.77,3783.08,1.17
2017-01-06 10:30:00,58.18,58.2,57.29,57.29,6782.41,-0.89,-1.53,58.668,59.15,59.61,4449.89,3847.04,3746.05,1.54
2017-01-06 10:00:00,58.75,58.75,58.23,58.02,4852.59,-0.52,-0.89,59.142,59.45,59.7775,3623.71,3860.8,4084.97,1.1
2017-01-05 15:00:00,59.34,59.5,58.72,58.67,5984.0,-0.62,-1.04,59.368,59.657,59.806,3121.4,3721.13,3907.3,1.36
2017-01-05 14:30:00,59.76,59.81,59.34,59.24,3467.44,-0.42,-0.7,59.54,59.795,59.8045,2618.76,3330.85,3673.2,0.79
2017-01-05 14:00:00,59.62,59.95,59.76,59.61,1163.0,0.14,0.23,59.616,59.886,59.7815,2640.32,3256.65,3595.24,0.26
2017-01-05 13:30:00,59.43,59.98,59.66,59.37,2651.54,0.23,0.39,59.632,59.915,59.737,3244.19,3293.3,3682.58,0.6
2017-01-05 11:30:00,59.55,59.65,59.36,59.32,2341.0,-0.19,-0.32,59.758,59.939,59.6905,4097.88,3212.64,3775.16,0.53
2017-01-05 11:00:00,59.72,59.72,59.58,59.43,3470.82,-0.14,-0.23,59.946,59.974,59.6545,4320.87,3280.5,3876.44,0.79
2017-01-05 10:30:00,59.85,59.96,59.72,59.66,3575.22,-0.13,-0.22,60.05,59.958,59.6185,4042.95,3582.22,3982.67,0.81
2017-01-05 10:00:00,60.28,60.28,59.84,59.8,4182.38,-0.44,-0.73,60.156,60.014,59.5775,3872.99,3623.4,4170.97,0.95
2017-01-04 15:00:00,60.3,60.71,60.29,60.26,6919.99,-0.01,-0.02,60.198,60.07,59.4955,3342.41,3645.05,4054.24,1.57
2017-01-04 14:30:00,60.1,60.57,60.3,60.08,3455.94,0.2,0.33,60.12,60.105,59.364,2327.41,4309.13,3812.29,0.79
2017-01-04 14:00:00,60.25,60.25,60.1,60.0,2081.2,-0.15,-0.25,60.002,59.955,59.234,2240.14,4093.47,3739.84,0.47
2017-01-04 13:30:00,60.1,60.29,60.25,59.9,2725.43,0.15,0.25,59.866,59.814,59.124,3121.49,4015.55,3743.54,0.62
2017-01-04 11:30:00,59.9,60.05,60.05,59.81,1529.47,0.15,0.25,59.872,59.677,59.007,3373.81,3933.82,3767.89,0.35
2017-01-04 11:00:00,59.71,60.08,59.9,59.71,1845.0,0.19,0.32,59.942,59.559,58.9,3947.7,4071.86,3951.72,0.42
2017-01-04 10:30:00,59.43,60.12,59.71,59.38,3019.58,0.28,0.47,60.09,59.442,58.822,6290.86,4337.68,3976.43,0.69
2017-01-04 10:00:00,59.98,60.0,59.42,59.35,6487.97,-0.56,-0.93,59.908,59.335,58.7565,5946.8,4472.38,3898.55,1.47
2017-01-03 15:00:00,60.41,60.6,60.28,60.1,3987.03,-0.13,-0.22,59.762,59.279,58.717,4909.61,4383.13,3655.75,0.91
2017-01-03 14:30:00,60.65,60.8,60.4,60.22,4398.92,-0.25,-0.41,59.482,59.141,58.648,4493.83,4718.54,3586.81,1.0
2017-01-03 14:00:00,58.78,61.39,60.64,58.68,13560.8,1.86,3.16,59.176,58.921,58.5455,4196.03,4463.42,3528.38,3.08
2017-01-03 13:30:00,58.69,58.88,58.8,58.65,1299.29,0.11,0.19,58.794,58.623,58.4095,2384.5,3315.44,2962.74,0.3
2017-01-03 11:30:00,58.88,58.91,58.69,58.67,1302.0,-0.19,-0.32,58.762,58.513,58.3975,2997.95,3386.22,3212.58,0.3
2017-01-03 11:00:00,58.87,59.12,58.88,58.78,1908.14,0.01,0.02,58.796,58.434,58.3955,3856.65,3471.53,3388.63,0.43
2017-01-03 10:30:00,58.73,58.87,58.87,58.6,2909.91,0.14,0.24,58.8,58.337,58.4195,4943.26,3601.95,3403.9,0.66
2017-01-03 10:00:00,58.99,59.18,58.73,58.62,4503.16,-0.26,-0.44,58.666,58.241,58.45,4730.81,3831.58,3339.85,1.02
2016-12-30 15:00:00,58.86,58.86,58.64,58.41,4366.55,-0.22,-0.37,58.452,58.202,58.4915,4246.38,3615.18,3175.57,0.99
2016-12-30 14:30:00,58.92,59.5,58.86,58.7,5595.51,-0.06,-0.1,58.264,58.178,58.543,3774.49,3324.72,3018.97,1.27
2016-12-30 14:00:00,58.2,58.95,58.9,58.11,7341.17,0.7,1.2,58.072,58.155,58.5885,3086.41,2928.37,2834.35,1.67
2016-12-30 13:30:00,57.65,58.2,58.2,57.63,1847.65,0.55,0.95,57.874,58.155,58.6185,2260.65,2455.08,2600.24,0.42
2016-12-30 11:30:00,57.7,57.9,57.66,57.45,2081.0,-0.04,-0.07,57.816,58.17,58.6935,2932.36,2593.33,2737.91,0.47
2016-12-30 11:00:00,57.85,57.94,57.7,57.62,2007.11,-0.15,-0.26,57.952,58.196,58.7755,2983.98,2610.03,2802.2,0.46
2016-12-30 10:30:00,57.91,58.06,57.9,57.7,2155.1,-0.01,-0.02,58.092,58.282,58.8855,2874.96,3038.94,2828.83,0.49
2016-12-30 10:00:00,57.89,58.28,57.91,57.8,3212.38,0.02,0.03,58.238,58.357,58.9715,2770.34,3305.72,2818.1,0.73
2016-12-29 15:00:00,58.34,58.34,57.91,57.86,5206.2,-0.43,-0.74,58.436,58.502,59.073,2649.52,3205.84,2706.31,1.18
2016-12-29 14:30:00,58.4,58.49,58.34,58.13,2339.13,-0.06,-0.1,58.524,58.659,59.178,2254.31,2848.11,2528.67,0.53
2016-12-29 14:00:00,58.63,58.64,58.4,58.33,1462.0,-0.23,-0.39,58.44,58.781,59.247,2236.08,2735.96,2491.86,0.33
2016-12-29 13:30:00,58.91,59.0,58.63,58.58,1632.0,-0.28,-0.48,58.472,58.908,59.312,3202.92,2713.22,2648.48,0.37
2016-12-29 11:30:00,58.38,59.03,58.9,58.2,2608.26,0.52,0.89,58.476,59.022,59.383,3841.11,2740.32,2822.97,0.59
2016-12-29 11:00:00,57.92,58.41,58.35,57.81,3230.15,0.43,0.74,58.568,59.082,59.4505,3762.16,2745.41,2920.05,0.73
2016-12-29 10:30:00,58.55,58.57,57.92,57.92,2248.0,-0.63,-1.08,58.794,59.217,59.548,3441.91,2882.49,2949.79,0.51
2016-12-29 10:00:00,58.4,58.58,58.56,57.78,6296.19,0.16,0.27,59.122,59.355,59.6355,3235.84,2994.37,2917.96,1.43
2016-12-28 15:00:00,59.35,59.35,58.65,58.6,4822.94,-0.7,-1.18,59.344,59.489,59.695,2223.52,2618.71,2712.16,1.1
2016-12-28 14:30:00,59.41,59.52,59.36,59.18,2213.51,-0.05,-0.08,59.568,59.586,59.721,1639.53,2330.47,2630.12,0.5
2016-12-28 14:00:00,59.56,59.58,59.48,59.3,1628.93,-0.08,-0.13,59.596,59.644,59.677,1728.65,2206.78,2644.13,0.37
2016-12-28 13:30:00,59.68,59.78,59.56,59.56,1217.62,-0.12,-0.2,59.64,59.697,59.621,2323.07,2209.24,2749.31,0.28
2016-12-28 11:30:00,59.77,59.77,59.67,59.54,1234.59,-0.1,-0.17,59.588,59.713,59.549,2752.9,2247.76,3266.21,0.28
2016-12-28 11:00:00,59.5,59.82,59.77,59.49,1903.01,0.27,0.45,59.634,59.716,59.5765,3013.9,2583.74,3554.99,0.43
2016-12-28 10:30:00,59.72,59.85,59.5,59.32,2659.12,-0.22,-0.37,59.604,59.744,59.6235,3021.4,2905.62,3809.52,0.6
2016-12-28 10:00:00,59.41,59.99,59.7,59.18,4601.01,0.29,0.49,59.692,59.819,59.6995,2684.91,3094.7,4010.88,1.05
2016-12-27 15:00:00,59.89,59.95,59.3,59.28,3366.78,-0.59,-0.99,59.754,59.879,59.8095,2095.4,3017.09,4092.09,0.77
2016-12-27 14:30:00,59.63,59.99,59.9,59.52,2539.59,0.27,0.45,59.838,59.916,59.997,1742.62,2841.55,4052.24,0.58
2016-12-27 14:00:00,59.94,59.94,59.62,59.6,1940.5,-0.32,-0.53,59.798,59.901,60.168,2153.58,2805.6,4078.92,0.44
2016-12-27 13:30:00,60.1,60.14,59.94,59.8,976.68,-0.16,-0.27,59.884,59.856,60.368,2789.85,2929.77,4210.55,0.22
2016-12-27 11:30:00,59.72,60.25,60.01,59.72,1653.47,0.29,0.49,59.946,59.71,60.5765,3504.49,3081.48,4444.66,0.38
2016-12-27 11:00:00,59.7,59.78,59.72,59.59,1602.86,0.02,0.03,60.004,59.545,60.766,3938.77,3289.39,4630.63,0.36
2016-12-27 10:30:00,60.05,60.09,59.7,59.5,4594.41,-0.35,-0.58,59.994,59.385,60.9965,3940.48,4284.66,4698.41,1.04
2016-12-27 10:00:00,60.0,60.45,60.05,59.82,5121.83,0.05,0.08,60.004,59.437,61.2095,3457.63,4526.23,4571.03,1.16
2016-12-26 15:00:00,60.3,60.47,60.25,60.15,4549.89,-0.05,-0.08,59.828,59.503,61.404,3069.7,4713.42,4388.62,1.03
2016-12-26 14:30:00,59.67,60.46,60.3,59.58,3824.87,0.63,1.06,59.474,59.58,61.5845,2658.47,4927.07,4231.82,0.87
2016-12-26 14:00:00,59.71,59.83,59.67,59.38,1611.39,-0.04,-0.07,59.086,59.74,61.7695,2640.0,5167.09,4188.29,0.37
2016-12-26 13:30:00,59.17,59.9,59.75,58.94,2180.15,0.58,0.98,58.776,60.078,61.956,4628.84,5262.93,4237.32,0.5
2016-12-26 11:30:00,58.48,59.49,59.17,58.47,3182.19,0.69,1.18,58.87,60.435,62.144,5594.84,5352.24,4391.9,0.72
2016-12-26 11:00:00,58.36,58.8,58.48,58.01,2493.76,0.12,0.21,59.178,60.88,62.39,6357.15,5491.32,4421.84,0.57
2016-12-26 10:30:00,58.12,58.55,58.36,57.92,3732.51,0.24,0.41,59.686,61.443,62.649,7195.66,5807.83,4411.65,0.85
2016-12-26 10:00:00,59.4,59.4,58.12,57.36,11555.6,-1.28,-2.15,60.394,61.987,62.9385,7694.19,5971.89,4406.33,2.63
2016-12-23 15:00:00,60.7,61.09,60.22,60.17,7010.13,-0.48,-0.79,61.38,62.608,63.215,5897.02,5112.17,3942.98,1.59
2016-12-23 14:30:00,61.02,61.29,60.71,60.06,6993.73,-0.31,-0.51,62.0,62.982,63.3675,5109.65,4615.84,3832.76,1.59
2016-12-23 14:00:00,61.86,62.19,61.02,60.63,6686.33,-0.84,-1.36,62.582,63.305,63.512,4625.5,4063.81,3761.71,1.52
2016-12-23 13:30:00,63.03,63.08,61.9,61.65,6225.1,-1.13,-1.79,63.2,63.589,63.682,4420.01,3536.57,3588.07,1.41
2016-12-23 11:30:00,63.32,63.59,63.05,63.02,2569.83,-0.27,-0.43,63.58,63.799,63.827,4249.59,3209.48,3568.87,0.58
2016-12-23 11:00:00,63.62,63.91,63.32,63.16,3073.26,-0.3,-0.47,63.836,63.834,63.8785,4327.31,3211.71,3710.08,0.7
2016-12-23 10:30:00,64.11,64.25,63.62,63.31,4572.97,-0.49,-0.76,63.964,63.853,63.9145,4122.02,3431.55,3707.41,1.04
2016-12-23 10:00:00,63.64,64.44,64.11,63.52,5658.88,0.47,0.74,64.028,63.9,63.9535,3502.12,3352.36,3658.38,1.29
2016-12-22 15:00:00,64.34,64.47,63.8,63.8,5373.0,-0.54,-0.84,63.978,63.855,63.977,2653.13,3015.47,3486.12,1.22
2016-12-22 14:30:00,63.96,64.33,64.33,63.81,2958.46,0.37,0.58,64.018,63.89,64.041,2169.38,2840.77,3309.92,0.67
2016-12-22 14:00:00,63.94,64.07,63.96,63.83,2046.79,0.02,0.03,63.832,63.822,64.076,2096.11,2773.79,3316.18,0.47
2016-12-22 13:30:00,63.85,64.17,63.94,63.73,1473.48,0.09,0.14,63.742,63.753,64.132,2741.08,3049.68,3388.58,0.33
2016-12-22 11:30:00,64.0,64.07,63.86,63.75,1413.91,-0.14,-0.22,63.772,63.719,64.1865,3202.59,3459.62,3575.42,0.32
2016-12-22 11:00:00,63.4,64.21,64.0,63.3,2954.27,0.6,0.95,63.732,63.775,64.2395,3377.81,3639.56,3740.77,0.67
2016-12-22 10:30:00,63.51,63.68,63.4,63.3,2592.08,-0.11,-0.17,63.762,63.855,64.292,3512.16,3928.25,3756.78,0.59
2016-12-22 10:00:00,64.1,64.18,63.51,63.21,5271.64,-0.59,-0.92,63.812,63.923,64.3855,3451.47,4208.44,3753.78,1.2
2016-12-21 15:00:00,63.65,64.19,64.09,63.58,3781.06,0.44,0.69,63.764,63.976,64.4785,3358.28,3983.28,3586.92,0.86
2016-12-21 14:30:00,64.15,64.29,63.66,63.6,2290.0,-0.49,-0.76,63.666,64.007,64.552,3716.64,3964.39,3619.85,0.52
2016-12-21 14:00:00,63.65,64.5,64.15,63.6,3626.0,0.5,0.79,63.818,64.099,64.6335,3901.32,3956.77,3727.95,0.82
2016-12-21 13:30:00,63.27,63.82,63.65,63.25,2288.65,0.38,0.6,63.948,64.192,64.69,4344.35,3779.07,1473.74,0.52
2016-12-21 11:30:00,63.6,63.8,63.27,63.0,4805.69,-0.33,-0.52,64.034,64.33,64.8165,4965.42,3858.56,4171.23,1.09
2016-12-21 11:00:00,64.41,64.41,63.6,63.33,5572.87,-0.81,-1.26,64.188,64.511,64.9625,4608.28,3727.48,4566.52,1.27
2016-12-21 10:30:00,64.8,64.8,64.42,64.3,3213.38,-0.38,-0.59,64.348,64.654,65.14,4212.14,3691.23,5184.38,0.73
2016-12-21 10:00:00,64.15,64.99,64.8,64.15,5841.17,0.65,1.01,64.38,64.704,65.091,4012.23,3841.98,5129.08,1.33
2016-12-20 15:00:00,64.04,64.3,64.08,63.76,5393.99,0.04,0.06,64.436,64.729,65.0135,3213.79,3585.31,4963.49,1.23
2016-12-20 14:30:00,64.4,64.46,64.04,64.04,3020.0,-0.36,-0.56,64.626,64.848,64.9845,2751.71,3299.11,4833.5,0.69
2016-12-20 14:00:00,64.58,64.76,64.4,64.11,3592.18,-0.18,-0.28,64.834,64.981,64.981,2846.68,3190.56,4885.39,0.82
2016-12-20 13:30:00,65.08,65.12,64.58,64.55,2213.8,-0.5,-0.77,64.96,65.097,64.9455,3170.32,3275.31,4972.81,0.5
2016-12-20 11:30:00,65.0,65.28,65.08,64.91,1849.0,0.08,0.12,65.028,65.168,64.914,3671.73,3499.12,5262.98,0.42
2016-12-20 11:00:00,65.08,65.2,65.03,64.7,3083.55,-0.05,-0.08,65.022,65.188,64.845,3956.82,-831.59,5458.51,0.7
2016-12-20 10:30:00,65.01,65.39,65.08,64.82,3494.86,0.07,0.11,65.07,65.303,64.7585,3846.52,4483.89,5532.87,0.79
2016-12-20 10:00:00,64.3,65.45,65.03,64.3,5210.38,0.73,1.14,65.128,65.414,64.6875,3534.43,5405.55,5538.44,1.18
2016-12-19 15:00:00,65.05,65.2,64.92,64.56,4720.87,-0.13,-0.2,65.234,65.626,64.6085,3380.31,6677.54,5427.74,1.07
2016-12-19 14:30:00,65.27,65.28,65.05,64.62,3274.43,-0.22,-0.34,65.308,65.478,64.5595,3326.52,6416.18,5409.17,0.74
2016-12-19 14:00:00,65.33,65.33,65.27,64.82,2532.04,-0.06,-0.09,65.354,65.298,64.519,-5619.99,6341.67,5600.19,0.58
2016-12-19 13:30:00,65.6,65.8,65.37,65.16,1934.44,-0.23,-0.35,65.536,65.121,64.433,5121.26,6367.89,5723.44,0.44
2016-12-19 11:30:00,65.29,66.2,65.56,65.29,4439.76,0.27,0.41,65.7,64.981,64.317,7276.67,6580.22,6195.03,1.01
2016-12-19 11:00:00,65.25,65.48,65.29,64.6,4451.91,0.04,0.06,66.018,64.794,64.1495,9974.76,6670.3,6288.12,1.01
2016-12-19 10:30:00,66.18,66.18,65.28,64.33,-41458.1,-0.9,-1.36,65.648,64.66,64.0105,9505.86,7026.85,6275.58,-9.42
2016-12-19 10:00:00,66.18,66.18,66.18,66.18,56238.3,0.0,0.0,65.242,64.502,63.9265,18303.3,11748.6,8593.16,12.78
2016-12-16 15:00:00,67.15,67.15,66.19,66.02,12711.5,-0.96,-1.43,64.706,64.214,63.7985,7614.52,6581.86,5928.5,2.89
2016-12-16 14:30:00,63.44,67.71,67.15,63.35,17930.2,3.71,5.85,64.262,63.961,63.655,5883.79,5671.34,5432.04,4.08
2016-12-16 14:00:00,63.26,63.6,63.44,63.25,2107.35,0.18,0.28,63.57,63.591,63.456,3365.85,4177.94,4737.76,0.48
2016-12-16 13:30:00,63.5,63.73,63.25,63.25,2529.3,-0.25,-0.39,63.672,63.641,63.4025,4547.84,4402.15,5061.96,0.57
2016-12-16 11:30:00,63.97,63.99,63.5,63.48,2794.22,-0.47,-0.73,63.762,63.74,63.403,5193.88,4858.7,5359.35,0.64
2016-12-16 11:00:00,63.67,64.03,63.97,63.67,4057.81,0.3,0.47,63.722,63.745,63.4255,5549.19,5079.0,5498.7,0.92
2016-12-16 10:30:00,63.97,64.07,63.69,63.6,5340.55,-0.28,-0.44,63.66,63.653,63.441,5458.89,5809.83,5506.0,1.21
2016-12-16 10:00:00,63.5,64.18,63.95,63.25,8017.31,0.45,0.71,63.612,63.505,63.4755,4990.03,5905.94,5458.76,1.82
2016-12-15 15:00:00,63.3,63.7,63.7,63.27,5759.53,0.4,0.63,63.61,63.361,63.5175,4256.46,5524.31,5362.56,1.31
2016-12-15 14:30:00,63.66,63.66,63.3,63.03,4570.76,-0.36,-0.57,63.718,63.351,63.551,4523.52,5437.71,5296.95,1.04
2016-12-15 14:00:00,63.45,63.81,63.66,63.26,3606.32,0.21,0.33,63.768,63.383,63.561,4608.8,5275.14,5185.59,0.82
2016-12-15 13:30:00,63.92,64.21,63.45,63.3,2996.22,-0.47,-0.74,63.646,63.349,63.578,6160.76,5192.74,5357.76,0.68
2016-12-15 11:30:00,64.23,64.24,63.94,63.88,4349.48,-0.29,-0.45,63.398,63.321,63.556,6821.85,5297.58,6031.94,0.99
2016-12-15 11:00:00,63.52,64.47,64.24,63.26,7094.82,0.72,1.13,63.112,63.164,63.549,6792.16,5721.76,6476.79,1.61
2016-12-15 10:30:00,63.05,63.7,63.55,63.02,4997.17,0.5,0.79,62.984,63.066,63.5775,6351.89,5860.0,6514.6,1.14
2016-12-15 10:00:00,62.39,63.8,63.05,62.39,11366.1,0.66,1.06,62.998,63.106,63.655,5941.47,5918.4,6773.09,2.58
2016-12-14 15:00:00,62.51,62.96,62.21,62.13,6301.7,-0.3,-0.48,63.052,63.229,63.8675,4224.73,5202.18,6362.76,1.43
2016-12-14 14:30:00,63.59,63.6,62.51,62.4,4201.0,-1.08,-1.7,63.244,63.446,64.1195,3773.3,5011.57,6267.52,0.95
2016-12-14 14:00:00,63.64,64.25,63.6,63.53,4893.5,-0.04,-0.06,63.216,63.674,64.3965,4651.37,5200.81,6228.1,1.11
2016-12-14 13:30:00,63.3,63.62,63.62,63.14,2945.08,0.32,0.51,63.148,63.751,64.616,5368.11,5156.19,6604.04,0.67
2016-12-14 11:30:00,63.19,63.5,63.32,63.0,2782.37,0.13,0.21,63.214,63.739,64.822,5895.33,5096.04,7290.4,0.63
2016-12-14 11:00:00,62.4,63.17,63.17,62.1,4044.57,0.77,1.23,63.406,63.807,65.199,6179.63,5522.77,7486.88,0.92
2016-12-14 10:30:00,63.27,63.27,62.37,62.09,8591.32,-0.9,-1.42,63.648,63.791,65.5765,6249.84,6766.3,7908.78,1.95
2016-12-14 10:00:00,63.58,64.4,63.26,62.8,8477.23,-0.32,-0.5,64.132,63.934,66.0405,5750.25,7231.82,7657.42,1.93
2016-12-13 15:00:00,64.23,64.28,63.95,63.8,5581.14,-0.28,-0.44,64.354,64.089,66.4745,4944.26,7169.21,7345.35,1.27
2016-12-13 14:30:00,64.38,64.86,64.28,64.28,4203.91,-0.1,-0.16,64.264,64.204,66.879,4296.76,7627.78,7227.54,0.96
2016-12-13 14:00:00,64.79,65.27,64.38,64.28,4395.6,-0.41,-0.63,64.208,64.506,67.259,4865.91,7523.35,7252.56,1.0
2016-12-13 13:30:00,64.37,65.15,64.79,64.1,6093.36,0.42,0.65,63.934,64.793,67.625,7282.75,7523.46,7316.56,1.38
2016-12-13 11:30:00,63.5,64.37,64.37,62.8,4447.31,0.87,1.37,63.736,65.119,67.9755,8713.4,7255.39,7837.65,1.01
2016-12-13 11:00:00,63.9,63.99,63.5,63.16,2343.62,-0.4,-0.63,63.824,65.481,68.405,9394.15,8051.9,8170.52,0.53
2016-12-13 10:30:00,63.05,64.4,64.0,62.99,7049.68,0.95,1.51,64.144,65.905,68.923,10958.8,9484.75,8360.2,1.6
2016-12-13 10:00:00,62.58,63.5,63.01,61.7,16479.8,0.43,0.69,64.804,66.591,69.4215,10180.8,9451.0,8225.05,3.75
2016-12-12 15:00:00,64.81,64.92,63.8,63.77,13246.6,-1.01,-1.56,65.652,67.362,69.9745,7764.17,9051.26,7547.28,3.01
2016-12-12 14:30:00,65.08,65.24,64.81,64.12,7851.04,-0.27,-0.41,66.502,68.147,70.5065,5797.38,8083.02,7206.18,1.78
2016-12-12 14:00:00,67.31,67.31,65.1,65.1,10166.9,-2.21,-3.28,67.138,68.86,70.9745,6709.65,7521.49,7277.38,2.31
2016-12-12 13:30:00,67.25,67.45,67.3,67.01,3159.57,0.05,0.07,67.666,69.554,71.485,8010.69,6827.3,7409.92,0.72
2016-12-12 11:30:00,68.06,68.08,67.25,67.06,4396.74,-0.81,-1.19,68.378,70.012,71.9075,8721.21,6981.77,8126.53,1.0
2016-12-12 11:00:00,68.1,68.18,68.05,67.6,3412.65,-0.05,-0.07,69.072,70.457,72.2955,10338.3,7109.66,8428.73,0.78
2016-12-12 10:30:00,67.88,68.47,67.99,67.19,12412.4,0.11,0.16,69.792,70.832,72.641,10368.7,8419.9,8929.18,2.82
2016-12-12 10:00:00,71.2,71.29,67.74,67.74,16672.1,-3.46,-4.86,70.582,71.329,72.9635,8333.33,8289.13,8642.12,3.79
2016-12-09 15:00:00,70.72,71.2,70.86,70.62,6712.16,0.14,0.2,71.442,71.941,73.3005,5643.92,7235.66,8241.43,1.53
2016-12-09 14:30:00,71.65,71.65,70.72,70.54,12482.4,-0.93,-1.3,71.646,72.252,73.413,5242.33,6999.1,8045.34,2.84
2016-12-09 14:00:00,71.94,72.0,71.65,71.55,3564.23,-0.29,-0.4,71.842,72.587,73.538,3880.98,6043.3,7651.13,0.81
2016-12-09 13:30:00,72.04,72.24,71.94,71.85,2235.76,-0.1,-0.14,71.872,72.866,73.5665,6471.15,6329.35,7749.08,0.51
2016-12-09 11:30:00,71.88,72.25,72.04,71.64,3225.03,0.16,0.22,72.076,73.089,73.5895,8244.94,7033.26,8412.36,0.73
2016-12-09 11:00:00,71.71,72.55,71.88,71.71,4704.24,0.17,0.24,72.44,73.416,73.6635,8827.4,7992.53,8624.88,1.07
2016-12-09 10:30:00,71.8,72.42,71.7,71.6,5675.63,-0.1,-0.14,72.858,73.803,73.746,8755.87,9271.28,8625.88,1.29
2016-12-09 10:00:00,72.61,72.8,71.8,71.5,16515.1,-0.81,-1.12,73.332,74.134,73.875,8205.6,9747.79,8499.39,3.75
2016-12-08 15:00:00,73.85,73.85,72.96,72.8,11104.7,-0.89,-1.21,73.86,74.45,73.9825,6187.55,9438.46,7889.33,2.52
2016-12-08 14:30:00,73.95,74.04,73.86,73.51,6137.35,-0.09,-0.12,74.102,74.598,74.034,5821.58,8995.11,7500.02,1.39
2016-12-08 14:00:00,74.07,74.5,73.97,73.85,4346.58,-0.1,-0.14,74.392,74.66,74.026,7157.65,9247.19,7612.9,0.99
2016-12-08 13:30:00,74.44,74.79,74.07,74.01,2924.33,-0.37,-0.5,74.748,74.574,74.047,9786.7,9091.59,8635.1,0.66
2016-12-08 11:30:00,74.1,74.62,74.44,73.83,6424.74,0.34,0.46,74.936,74.489,74.0175,11290.0,9258.96,9274.2,1.46
2016-12-08 11:00:00,75.31,75.45,74.17,74.01,9274.92,-1.14,-1.51,75.04,74.267,73.867,12689.4,9168.81,9350.02,2.11
2016-12-08 10:30:00,75.7,76.37,75.31,75.31,12817.7,-0.39,-0.52,75.094,74.09,73.709,12168.6,9791.47,9213.07,2.91
2016-12-08 10:00:00,74.5,76.3,75.75,74.15,17491.8,1.25,1.68,74.928,73.911,73.537,11336.7,9257.24,8763.36,3.98
2016-12-07 15:00:00,74.95,75.12,75.01,74.62,10440.7,0.06,0.08,74.4,73.689,73.388,8396.47,7980.48,8090.91,2.37
2016-12-07 14:30:00,74.44,75.75,74.96,74.32,13421.7,0.52,0.7,74.042,73.616,73.2505,7227.94,7250.98,7715.21,3.05
2016-12-07 14:00:00,74.48,74.66,74.44,74.06,6671.32,-0.04,-0.05,73.494,73.515,73.117,5648.25,6340.21,7226.35,1.52
2016-12-07 13:30:00,73.25,74.99,74.48,73.11,8658.13,1.23,1.68,73.086,73.47,73.0035,7414.29,6004.93,7128.78,1.97
2016-12-07 11:30:00,73.22,73.29,73.11,72.81,2790.52,-0.11,-0.15,72.894,73.392,72.885,7177.75,5978.6,7614.3,0.63
2016-12-07 11:00:00,72.21,73.44,73.22,72.11,4598.03,1.01,1.4,72.978,73.52,72.8945,7564.48,8178.62,8255.87,1.05
2016-12-07 10:30:00,72.4,72.8,72.22,72.08,5523.26,-0.18,-0.25,73.19,73.546,72.942,7274.03,9289.45,8335.74,1.26
2016-12-07 10:00:00,72.61,73.24,72.4,72.02,15501.5,-0.21,-0.29,73.536,73.467,73.073,7032.17,9531.23,8315.35,3.52
2016-12-06 15:00:00,73.6,73.8,73.52,73.2,7475.45,-0.08,-0.11,73.854,73.328,73.2005,4595.56,8634.67,7858.67,1.7
2016-12-06 14:30:00,74.31,74.31,73.53,73.4,4724.18,-0.78,-1.05,73.89,73.163,73.2555,4779.45,8269.48,7817.31,1.07
2016-12-06 14:00:00,73.91,74.43,74.28,73.8,3145.75,0.37,0.5,74.062,73.087,73.3285,8792.75,8201.34,7880.23,0.71
2016-12-06 13:30:00,73.99,74.65,73.95,73.89,4314.0,-0.04,-0.05,73.902,72.885,73.3585,11304.9,8179.44,8333.34,0.98
2016-12-06 11:30:00,73.64,74.08,73.99,73.64,3318.44,0.35,0.48,73.398,72.719,73.403,12030.3,8112.49,9473.68,0.75
2016-12-06 11:00:00,74.39,74.7,73.7,73.66,8394.86,-0.69,-0.93,72.802,72.537,73.5885,12673.8,8252.64,9968.74,1.91
2016-12-06 10:30:00,73.5,75.97,74.39,73.41,24790.7,0.89,1.21,72.436,72.378,73.802,11759.5,9250.01,10566.0,5.63
2016-12-06 10:00:00,71.9,73.5,73.48,71.9,15706.4,1.58,2.2,72.112,72.269,73.9325,7609.94,8333.12,10290.7,3.57
2016-12-05 15:00:00,71.01,71.76,71.43,71.01,7941.01,0.42,0.59,71.868,72.338,74.095,5054.01,7382.03,10491.6,1.8
2016-12-05 14:30:00,71.87,71.92,71.01,71.01,6535.9,-0.86,-1.2,72.04,72.679,74.2265,4194.7,7099.47,10261.7,1.49
2016-12-05 14:00:00,72.67,72.73,71.87,71.55,3823.57,-0.8,-1.1,72.272,73.073,74.399,3831.5,7082.67,10421.4,0.87
2016-12-05 13:30:00,72.29,72.99,72.77,72.2,4042.79,0.48,0.66,72.32,73.348,74.4825,6740.51,7365.14,10828.4,0.92
2016-12-05 11:30:00,72.29,72.59,72.26,72.06,2926.77,-0.03,-0.04,72.426,73.57,74.5395,9056.31,7559.12,11324.6,0.67
2016-12-05 11:00:00,72.17,72.79,72.29,72.0,3644.49,0.12,0.17,72.808,73.832,74.644,9710.06,8487.25,12023.9,0.83
2016-12-05 10:30:00,72.11,72.87,72.17,72.04,4719.88,0.06,0.08,73.318,74.087,74.759,10004.2,10834.9,12129.4,1.07
2016-12-05 10:00:00,71.16,73.0,72.11,70.58,18368.6,0.95,1.34,73.874,74.64,74.8995,10333.8,11684.8,12119.7,4.17
2016-12-02 15:00:00,74.16,74.49,73.3,73.25,15621.8,-0.86,-1.16,74.376,75.226,75.059,7989.77,11882.1,11430.7,3.55
2016-12-02 14:30:00,74.84,75.08,74.17,74.03,6195.51,-0.67,-0.9,74.714,75.596,75.1425,6061.94,12248.3,11163.1,1.41
2016-12-02 14:00:00,75.0,75.4,74.84,74.18,5115.43,-0.16,-0.21,74.856,75.852,75.194,7264.44,13601.2,11228.4,1.16
2016-12-02 13:30:00,74.59,75.15,74.95,74.01,6367.87,0.36,0.48,74.856,75.774,75.287,11665.5,13424.0,11472.9,1.45
2016-12-02 11:30:00,75.24,75.91,74.62,74.56,6648.27,-0.62,-0.82,75.406,75.725,75.4065,13035.8,13760.1,12238.5,1.51
2016-12-02 11:00:00,74.88,75.0,74.99,74.51,5982.61,0.11,0.15,76.076,75.617,75.4479,15774.3,14291.7,12532.7,1.36
2016-12-02 10:30:00,74.84,75.33,74.88,74.45,12208.0,0.04,0.05,76.478,75.509,75.4733,18434.6,15090.1,12896.6,2.77
2016-12-02 10:00:00,76.39,76.48,74.84,74.44,27120.6,-1.55,-2.03,76.848,75.456,75.5082,19938.0,15560.6,12937.1,6.16
2016-12-01 15:00:00,77.95,77.99,77.7,77.29,13219.7,-0.25,-0.32,76.692,75.431,75.55,15182.5,13424.0,12050.7,3.0
2016-12-01 14:30:00,77.0,78.5,77.97,76.8,20340.8,0.97,1.26,76.044,75.159,75.4067,14484.4,12554.6,11972.7,4.62
2016-12-01 14:00:00,76.8,77.48,77.0,76.0,19284.1,0.2,0.26,75.158,74.892,75.2236,12809.1,10979.3,11375.0,4.38
2016-12-01 13:30:00,74.08,76.99,76.73,73.92,19724.7,2.65,3.58,74.54,74.689,75.0869,11745.6,10077.8,10766.6,4.48
2016-12-01 11:30:00,74.46,74.6,74.06,73.96,3342.92,-0.4,-0.54,74.064,74.536,74.95,11183.3,8855.6,10020.1,0.76
2016-12-01 11:00:00,73.54,75.13,74.46,73.54,9729.22,0.92,1.25,74.17,74.8,75.0309,11665.5,9521.79,10627.1,2.21
2016-12-01 10:30:00,73.91,73.98,73.54,73.24,11964.4,-0.37,-0.5,74.274,75.088,75.088,10624.8,10716.9,10716.9,2.72
2016-12-01 10:00:00,75.0,75.48,73.91,73.75,13966.6,-1.09,-1.45,74.626,75.26,75.26,9149.6,10578.3,10578.3,3.17
2016-11-30 15:00:00,74.61,74.98,74.35,73.96,16913.3,-0.26,-0.35,74.838,75.4287,75.4287,8410.11,10154.8,10154.8,3.84
2016-11-30 14:30:00,74.98,75.08,74.59,74.57,5754.1,-0.39,-0.52,75.008,75.5829,75.5829,6527.91,9189.25,9189.25,1.31
2016-11-30 14:00:00,75.25,75.28,74.98,74.77,4525.6,-0.27,-0.36,75.43,75.7483,75.7483,7378.05,9761.78,9761.78,1.03
2016-11-30 13:30:00,74.93,75.43,75.3,74.61,4588.41,0.37,0.49,75.902,75.902,75.902,10809.0,10809.0,10809.0,1.04
2016-11-30 11:30:00,75.2,75.52,74.97,74.46,10269.1,-0.23,-0.31,76.0525,76.0525,76.0525,12364.2,12364.2,12364.2,2.33
2016-11-30 11:00:00,76.66,76.66,75.2,75.2,7502.36,-1.46,-1.9,76.4133,76.4133,76.4133,13062.5,13062.5,13062.5,1.71
2016-11-30 10:30:00,77.34,77.36,76.7,76.3,10004.8,-0.64,-0.83,77.02,77.02,77.02,15842.6,15842.6,15842.6,2.27
2016-11-30 10:00:00,75.35,77.34,77.34,74.82,21680.4,1.99,2.64,77.34,77.34,77.34,21680.4,21680.4,21680.4,4.93
