Not
2017-03-17@15:00:00,0.387,0.463,-0.076
2017-03-17@14:00:00,0.503,0.482,0.022
2017-03-17@11:30:00,0.559,0.476,0.082
2017-03-17@10:30:00,0.621,0.456,0.165
2017-03-16@15:00:00,0.629,0.415,0.215
2017-03-16@14:00:00,0.571,0.361,0.210
2017-03-16@11:30:00,0.475,0.309,0.167
2017-03-16@10:30:00,0.389,0.267,0.122
2017-03-15@15:00:00,0.373,0.237,0.136
2017-03-15@14:00:00,0.338,0.203,0.136
2017-03-15@11:30:00,0.311,0.169,0.142
2017-03-15@10:30:00,0.254,0.133,0.121
2017-03-14@15:00:00,0.198,0.103,0.095
2017-03-14@14:00:00,0.167,0.079,0.088
2017-03-14@11:30:00,0.101,0.057,0.043
2017-03-14@10:30:00,0.051,0.046,0.005
2017-03-13@15:00:00,-0.046,0.045,-0.091
2017-03-13@14:00:00,-0.095,0.068,-0.163
2017-03-13@11:30:00,-0.101,0.108,-0.210
2017-03-13@10:30:00,-0.064,0.161,-0.225
2017-03-10@15:00:00,0.028,0.217,-0.189
2017-03-10@14:00:00,0.061,0.264,-0.204
2017-03-10@11:30:00,0.078,0.315,-0.237
2017-03-10@10:30:00,0.126,0.375,-0.249
2017-03-09@15:00:00,0.215,0.437,-0.222
2017-03-09@14:00:00,0.311,0.492,-0.181
2017-03-09@11:30:00,0.423,0.538,-0.115
2017-03-09@10:30:00,0.555,0.567,-0.011
2017-03-08@15:00:00,0.685,0.569,0.116
2017-03-08@14:00:00,0.709,0.540,0.169
2017-03-08@11:30:00,0.713,0.498,0.215
2017-03-08@10:30:00,0.708,0.444,0.264
2017-03-07@15:00:00,0.717,0.379,0.339
2017-03-07@14:00:00,0.634,0.294,0.341
2017-03-07@11:30:00,0.507,0.209,0.298
2017-03-07@10:30:00,0.385,0.134,0.251
2017-03-06@15:00:00,0.201,0.071,0.130
2017-03-06@14:00:00,0.137,0.039,0.098
2017-03-06@11:30:00,0.079,0.014,0.065
2017-03-06@10:30:00,0.002,-0.002,0.004
2017-03-03@15:00:00,-0.073,-0.003,-0.070
2017-03-03@14:00:00,-0.119,0.014,-0.133
2017-03-03@11:30:00,-0.110,0.048,-0.158
2017-03-03@10:30:00,-0.102,0.087,-0.189
2017-03-02@15:00:00,-0.047,0.135,-0.181
2017-03-02@14:00:00,-0.022,0.180,-0.202
2017-03-02@11:30:00,-0.018,0.231,-0.248
2017-03-02@10:30:00,0.008,0.293,-0.284
2017-03-01@15:00:00,0.116,0.364,-0.248
2017-03-01@14:00:00,0.194,0.426,-0.231
2017-03-01@11:30:00,0.244,0.483,-0.239
2017-03-01@10:30:00,0.279,0.543,-0.264
2017-02-28@15:00:00,0.298,0.609,-0.311
2017-02-28@14:00:00,0.335,0.687,-0.352
2017-02-28@11:30:00,0.425,0.775,-0.350
2017-02-28@10:30:00,0.498,0.862,-0.365
2017-02-27@15:00:00,0.598,0.954,-0.355
2017-02-27@14:00:00,0.750,1.042,-0.292
2017-02-27@11:30:00,0.896,1.115,-0.219
2017-02-27@10:30:00,1.010,1.170,-0.160
2017-02-24@15:00:00,1.177,1.210,-0.034
2017-02-24@14:00:00,1.261,1.219,0.042
2017-02-24@11:30:00,1.281,1.208,0.073
2017-02-24@10:30:00,1.286,1.190,0.096
2017-02-23@15:00:00,1.296,1.166,0.130
2017-02-23@14:00:00,1.290,1.133,0.157
2017-02-23@11:30:00,1.299,1.094,0.205
2017-02-23@10:30:00,1.295,1.043,0.252
2017-02-22@15:00:00,1.246,0.980,0.266
2017-02-22@14:00:00,1.101,0.913,0.188
2017-02-22@11:30:00,1.017,0.866,0.151
2017-02-22@10:30:00,0.895,0.828,0.067
2017-02-21@15:00:00,0.847,0.812,0.035
2017-02-21@14:00:00,0.829,0.803,0.026
2017-02-21@11:30:00,0.855,0.796,0.058
2017-02-21@10:30:00,0.885,0.782,0.103
2017-02-20@15:00:00,0.909,0.756,0.153
2017-02-20@14:00:00,0.878,0.718,0.161
2017-02-20@11:30:00,0.891,0.677,0.214
2017-02-20@10:30:00,0.862,0.624,0.238
2017-02-17@15:00:00,0.798,0.565,0.233
2017-02-17@14:00:00,0.780,0.506,0.274
2017-02-17@11:30:00,0.694,0.438,0.256
2017-02-17@10:30:00,0.578,0.374,0.204
2017-02-16@15:00:00,0.322,0.323,-0.001
2017-02-16@14:00:00,0.279,0.323,-0.044
2017-02-16@11:30:00,0.299,0.334,-0.035
2017-02-16@10:30:00,0.342,0.343,-0.001
2017-02-15@15:00:00,0.392,0.343,0.049
2017-02-15@14:00:00,0.417,0.331,0.086
2017-02-15@11:30:00,0.360,0.310,0.050
2017-02-15@10:30:00,0.266,0.297,-0.031
2017-02-14@15:00:00,0.259,0.305,-0.045
2017-02-14@14:00:00,0.266,0.316,-0.050
2017-02-14@11:30:00,0.285,0.329,-0.043
2017-02-14@10:30:00,0.297,0.339,-0.043
2017-02-13@15:00:00,0.310,0.350,-0.040
2017-02-13@14:00:00,0.312,0.360,-0.048
2017-02-13@11:30:00,0.319,0.372,-0.053
2017-02-13@10:30:00,0.296,0.385,-0.089
2017-02-10@15:00:00,0.311,0.407,-0.096
2017-02-10@14:00:00,0.386,0.431,-0.046
2017-02-10@11:30:00,0.443,0.443,0.001
2017-02-10@10:30:00,0.523,0.443,0.080
2017-02-09@15:00:00,0.578,0.423,0.156
2017-02-09@14:00:00,0.583,0.384,0.199
2017-02-09@11:30:00,0.538,0.334,0.203
2017-02-09@10:30:00,0.463,0.283,0.180
2017-02-08@15:00:00,0.366,0.238,0.127
2017-02-08@14:00:00,0.321,0.206,0.115
2017-02-08@11:30:00,0.284,0.178,0.106
2017-02-08@10:30:00,0.263,0.151,0.112
2017-02-07@15:00:00,0.246,0.123,0.122
2017-02-07@14:00:00,0.239,0.093,0.146
2017-02-07@11:30:00,0.248,0.056,0.191
2017-02-07@10:30:00,0.258,0.008,0.250
2017-02-06@15:00:00,0.218,-0.054,0.272
2017-02-06@14:00:00,0.135,-0.122,0.257
2017-02-06@11:30:00,0.042,-0.186,0.229
2017-02-06@10:30:00,-0.044,-0.243,0.200
2017-02-03@15:00:00,-0.131,-0.293,0.162
2017-02-03@14:00:00,-0.158,-0.334,0.176
2017-02-03@11:30:00,-0.221,-0.378,0.157
2017-02-03@10:30:00,-0.231,-0.417,0.187
2017-01-26@15:00:00,-0.252,-0.464,0.212
2017-01-26@14:00:00,-0.317,-0.517,0.200
2017-01-26@11:30:00,-0.379,-0.567,0.188
2017-01-26@10:30:00,-0.433,-0.613,0.181
2017-01-25@15:00:00,-0.486,-0.659,0.173
2017-01-25@14:00:00,-0.555,-0.702,0.147
2017-01-25@11:30:00,-0.585,-0.739,0.154
2017-01-25@10:30:00,-0.639,-0.777,0.138
2017-01-24@15:00:00,-0.670,-0.811,0.142
2017-01-24@14:00:00,-0.641,-0.847,0.206
2017-01-24@11:30:00,-0.631,-0.898,0.267
2017-01-24@10:30:00,-0.611,-0.965,0.354
2017-01-23@15:00:00,-0.621,-1.054,0.433
2017-01-23@14:00:00,-0.668,-1.162,0.495
2017-01-23@11:30:00,-0.758,-1.286,0.528
2017-01-23@10:30:00,-0.877,-1.418,0.541
2017-01-20@15:00:00,-1.050,-1.553,0.503
2017-01-20@14:00:00,-1.180,-1.678,0.498
2017-01-20@11:30:00,-1.356,-1.803,0.447
2017-01-20@10:30:00,-1.521,-1.915,0.394
2017-01-19@15:00:00,-1.679,-2.013,0.335
2017-01-19@14:00:00,-1.767,-2.097,0.330
2017-01-19@11:30:00,-1.857,-2.179,0.322
2017-01-19@10:30:00,-2.004,-2.260,0.256
2017-01-18@15:00:00,-2.132,-2.324,0.192
2017-01-18@14:00:00,-2.177,-2.372,0.195
2017-01-18@11:30:00,-2.279,-2.420,0.142
2017-01-18@10:30:00,-2.386,-2.456,0.070
2017-01-17@15:00:00,-2.443,-2.473,0.030
2017-01-17@14:00:00,-2.615,-2.481,-0.134
2017-01-17@11:30:00,-2.801,-2.447,-0.354
2017-01-17@10:30:00,-2.696,-2.359,-0.337
2017-01-16@15:00:00,-2.620,-2.275,-0.346
2017-01-16@14:00:00,-2.497,-2.188,-0.309
2017-01-16@11:30:00,-2.461,-2.111,-0.351
2017-01-16@10:30:00,-2.367,-2.023,-0.344
2017-01-13@15:00:00,-2.244,-1.937,-0.307
2017-01-13@14:00:00,-2.178,-1.861,-0.317
2017-01-13@11:30:00,-2.090,-1.781,-0.309
2017-01-13@10:30:00,-2.051,-1.704,-0.347
2017-01-12@15:00:00,-1.903,-1.617,-0.286
2017-01-12@14:00:00,-1.809,-1.546,-0.263
2017-01-12@11:30:00,-1.701,-1.480,-0.221
2017-01-12@10:30:00,-1.693,-1.425,-0.269
2017-01-11@15:00:00,-1.636,-1.358,-0.278
2017-01-11@14:00:00,-1.533,-1.288,-0.245
2017-01-11@11:30:00,-1.445,-1.227,-0.218
2017-01-11@10:30:00,-1.321,-1.172,-0.149
2017-01-10@15:00:00,-1.266,-1.135,-0.131
2017-01-10@14:00:00,-1.263,-1.103,-0.161
2017-01-10@11:30:00,-1.261,-1.062,-0.199
2017-01-10@10:30:00,-1.291,-1.013,-0.279
2017-01-09@15:00:00,-1.296,-0.943,-0.352
2017-01-09@14:00:00,-1.229,-0.855,-0.374
2017-01-09@11:30:00,-1.124,-0.761,-0.362
2017-01-09@10:30:00,-1.042,-0.671,-0.371
2017-01-06@15:00:00,-0.925,-0.578,-0.347
2017-01-06@14:00:00,-0.740,-0.491,-0.248
2017-01-06@11:30:00,-0.545,-0.429,-0.116
2017-01-06@10:30:00,-0.418,-0.400,-0.018
2017-01-05@15:00:00,-0.262,-0.396,0.134
2017-01-05@14:00:00,-0.204,-0.429,0.225
2017-01-05@11:30:00,-0.234,-0.486,0.252
2017-01-05@10:30:00,-0.228,-0.549,0.321
2017-01-04@15:00:00,-0.253,-0.629,0.376
2017-01-04@14:00:00,-0.339,-0.723,0.384
2017-01-04@11:30:00,-0.425,-0.819,0.393
2017-01-04@10:30:00,-0.524,-0.917,0.393
2017-01-03@15:00:00,-0.608,-1.015,0.407
2017-01-03@14:00:00,-0.764,-1.117,0.353
2017-01-03@11:30:00,-0.989,-1.205,0.217
2017-01-03@10:30:00,-1.062,-1.260,0.197
2016-12-30@15:00:00,-1.160,-1.309,0.149
2016-12-30@14:00:00,-1.243,-1.346,0.103
2016-12-30@11:30:00,-1.359,-1.372,0.013
2016-12-30@10:30:00,-1.360,-1.375,0.015
2016-12-29@15:00:00,-1.366,-1.379,0.013
2016-12-29@14:00:00,-1.355,-1.382,0.027
2016-12-29@11:30:00,-1.371,-1.389,0.018
2016-12-29@10:30:00,-1.423,-1.394,-0.029
2016-12-28@15:00:00,-1.368,-1.386,0.018
2016-12-28@14:00:00,-1.353,-1.391,0.038
2016-12-28@11:30:00,-1.398,-1.400,0.003
2016-12-28@10:30:00,-1.454,-1.401,-0.053
2016-12-27@15:00:00,-1.488,-1.388,-0.101
2016-12-27@14:00:00,-1.490,-1.363,-0.127
2016-12-27@11:30:00,-1.502,-1.331,-0.171
2016-12-27@10:30:00,-1.536,-1.288,-0.248
2016-12-26@15:00:00,-1.525,-1.226,-0.299
2016-12-26@14:00:00,-1.545,-1.151,-0.394
2016-12-26@11:30:00,-1.490,-1.053,-0.437
2016-12-26@10:30:00,-1.346,-0.944,-0.402
2016-12-23@15:00:00,-1.060,-0.843,-0.217
2016-12-23@14:00:00,-0.870,-0.789,-0.081
2016-12-23@11:30:00,-0.695,-0.769,0.074
2016-12-23@10:30:00,-0.669,-0.787,0.118
2016-12-22@15:00:00,-0.684,-0.817,0.133
2016-12-22@14:00:00,-0.712,-0.850,0.138
2016-12-22@11:30:00,-0.753,-0.885,0.132
2016-12-22@10:30:00,-0.784,-0.918,0.134
2016-12-21@15:00:00,-0.766,-0.951,0.185
2016-12-21@14:00:00,-0.802,-0.997,0.196
2016-12-21@11:30:00,-0.842,-1.046,0.205
2016-12-21@10:30:00,-0.791,-1.098,0.306
2016-12-20@15:00:00,-0.832,-1.174,0.342
2016-12-20@14:00:00,-0.838,-1.260,0.422
2016-12-20@11:30:00,-0.865,-1.365,0.500
2016-12-20@10:30:00,-0.957,-1.490,0.533
2016-12-19@15:00:00,-1.060,-1.623,0.563
2016-12-19@14:00:00,-1.160,-1.764,0.604
2016-12-19@11:30:00,-1.307,-1.915,0.608
2016-12-19@10:30:00,-1.504,-2.067,0.563
2016-12-16@15:00:00,-1.706,-2.208,0.502
2016-12-16@14:00:00,-2.031,-2.333,0.302
2016-12-16@11:30:00,-2.137,-2.409,0.272
2016-12-16@10:30:00,-2.247,-2.477,0.230
2016-12-15@15:00:00,-2.373,-2.535,0.161
2016-12-15@14:00:00,-2.502,-2.575,0.073
2016-12-15@11:30:00,-2.625,-2.593,-0.032
2016-12-15@10:30:00,-2.773,-2.585,-0.188
2016-12-14@15:00:00,-2.882,-2.538,-0.343
2016-12-14@14:00:00,-2.842,-2.452,-0.389
2016-12-14@11:30:00,-2.891,-2.355,-0.536
2016-12-14@10:30:00,-2.884,-2.221,-0.663
2016-12-13@15:00:00,-2.736,-2.055,-0.680
2016-12-13@14:00:00,-2.668,-1.885,-0.782
2016-12-13@11:30:00,-2.586,-1.690,-0.896
2016-12-13@10:30:00,-2.443,-1.466,-0.977
2016-12-12@15:00:00,-2.187,-1.222,-0.965
2016-12-12@14:00:00,-1.808,-0.980,-0.828
2016-12-12@11:30:00,-1.431,-0.773,-0.658
2016-12-12@10:30:00,nan,nan,nan
2016-12-09@15:00:00,nan,nan,nan
2016-12-09@14:00:00,nan,nan,nan
2016-12-09@11:30:00,nan,nan,nan
2016-12-09@10:30:00,nan,nan,nan
2016-12-08@15:00:00,nan,nan,nan
2016-12-08@14:00:00,nan,nan,nan
2016-12-08@11:30:00,nan,nan,nan
2016-12-08@10:30:00,nan,nan,nan
2016-12-07@15:00:00,nan,nan,nan
2016-12-07@14:00:00,nan,nan,nan
2016-12-07@11:30:00,nan,nan,nan
2016-12-07@10:30:00,nan,nan,nan
2016-12-06@15:00:00,nan,nan,nan
2016-12-06@14:00:00,nan,nan,nan
2016-12-06@11:30:00,nan,nan,nan
2016-12-06@10:30:00,nan,nan,nan
2016-12-05@15:00:00,nan,nan,nan
2016-12-05@14:00:00,nan,nan,nan
2016-12-05@11:30:00,nan,nan,nan
2016-12-05@10:30:00,nan,nan,nan
2016-12-02@15:00:00,nan,nan,nan
2016-12-02@14:00:00,nan,nan,nan
2016-12-02@11:30:00,nan,nan,nan
2016-12-02@10:30:00,nan,nan,nan
2016-12-01@15:00:00,nan,nan,nan
2016-12-01@14:00:00,nan,nan,nan
2016-12-01@11:30:00,nan,nan,nan
2016-12-01@10:30:00,nan,nan,nan
2016-11-30@15:00:00,nan,nan,nan
2016-11-30@14:00:00,nan,nan,nan
2016-11-30@11:30:00,nan,nan,nan
2016-11-30@10:30:00,nan,nan,nan
