2017-06-30,13.554,13.414,13.191,12.905,13.316
2017-06-29,13.462,13.370,13.114,12.891,13.323
2017-06-28,13.356,13.324,13.029,12.879,13.327
2017-06-27,13.340,13.275,12.962,12.866,13.336
2017-06-26,13.316,13.212,12.896,12.854,13.347
2017-06-23,13.274,13.154,12.838,12.847,13.360
2017-06-22,13.278,13.125,12.784,12.849,13.377
2017-06-21,13.292,13.119,12.736,12.863,13.395
2017-06-20,13.210,13.091,12.686,12.868,13.408
2017-06-19,13.108,13.041,12.657,12.871,13.422
2017-06-16,13.034,12.967,12.651,12.883,13.443
2017-06-15,12.972,12.858,12.651,12.906,13.463
2017-06-14,12.946,12.734,12.657,12.928,13.486
2017-06-13,12.972,12.648,12.662,12.958,13.508
2017-06-12,12.974,12.579,12.675,12.986,13.532
2017-06-09,12.900,12.521,12.694,13.003,13.561
2017-06-08,12.744,12.442,12.711,13.017,13.587
2017-06-07,12.522,12.353,12.736,13.017,13.609
2017-06-06,12.324,12.281,12.756,13.033,13.635
2017-06-05,12.184,12.273,12.787,13.054,13.668
2017-06-02,12.142,12.334,12.841,13.092,13.703
2017-06-01,12.140,12.444,12.931,13.142,13.743
2017-05-31,12.184,12.579,13.025,13.205,13.786
2017-05-26,12.238,12.676,13.113,13.270,13.829
2017-05-25,12.362,12.771,13.190,13.338,13.867
2017-05-24,12.526,12.867,13.245,13.404,13.904
2017-05-23,12.748,12.980,13.305,13.484,13.950
2017-05-22,12.974,13.118,13.350,13.558,13.996
2017-05-19,13.114,13.231,13.409,13.632,14.037
2017-05-18,13.180,13.300,13.445,13.687,14.068
2017-05-17,13.208,13.347,13.471,13.727,14.093
2017-05-16,13.212,13.417,13.491,13.755,14.110
2017-05-15,13.262,13.471,13.518,13.775,14.135
2017-05-12,13.348,13.549,13.567,13.806,14.170
2017-05-11,13.420,13.609,13.621,13.839,14.209
2017-05-10,13.486,13.622,13.673,13.873,14.241
2017-05-09,13.622,13.630,13.737,13.906,14.271
2017-05-08,13.680,13.581,13.779,13.927,14.296
2017-05-05,13.750,13.587,13.833,13.948,14.318
2017-05-04,13.798,13.590,13.881,13.972,14.338
2017-05-03,13.758,13.594,13.917,14.003,14.361
2017-05-02,13.638,13.564,13.924,14.019,14.377
2017-04-28,13.482,13.564,13.927,14.044,14.395
2017-04-27,13.424,13.584,13.935,14.058,14.403
2017-04-26,13.382,13.633,13.955,14.078,14.413
2017-04-25,13.430,13.724,13.999,14.118,14.426
2017-04-24,13.490,13.843,14.044,14.156,14.431
2017-04-21,13.646,13.976,14.100,14.201,14.437
2017-04-20,13.744,14.079,14.129,14.238,14.435
2017-04-19,13.884,14.172,14.163,14.281,14.434
2017-04-18,14.018,14.240,14.208,14.313,14.430
2017-04-17,14.196,14.283,14.247,14.344,14.448
2017-04-14,14.306,14.290,14.284,14.368,14.470
2017-04-13,14.414,14.285,14.296,14.388,14.485
2017-04-12,14.460,14.276,14.300,14.395,14.498
2017-04-11,14.462,14.274,14.315,14.403,14.514
2017-04-10,14.370,14.244,14.313,14.415,14.526
2017-04-07,14.274,14.223,14.314,14.433,14.542
2017-04-06,14.156,14.178,14.317,14.442,14.550
2017-04-05,14.092,14.154,14.335,14.448,14.560
2017-03-31,14.086,14.175,14.350,14.459,14.569
2017-03-30,14.118,14.210,14.375,14.466,14.578
2017-03-29,14.172,14.277,14.407,14.495,14.589
2017-03-28,14.200,14.306,14.439,14.534,14.597
2017-03-27,14.216,14.324,14.455,14.578,14.600
2017-03-24,14.264,14.356,14.468,14.609,14.598
2017-03-23,14.302,14.381,14.501,14.637,14.602
2017-03-22,14.382,14.405,14.539,14.664,14.608
2017-03-21,14.412,14.456,14.574,14.688,14.614
2017-03-20,14.432,14.516,14.596,14.705,14.623
2017-03-17,14.448,14.525,14.601,14.719,14.624
2017-03-16,14.460,14.539,14.594,14.735,14.624
2017-03-15,14.428,14.536,14.605,14.746,14.617
2017-03-14,14.500,14.572,14.649,14.748,14.617
2017-03-13,14.600,14.586,14.706,14.747,14.622
2017-03-10,14.602,14.580,14.735,14.734,14.629
2017-03-09,14.618,14.621,14.765,14.706,14.638
2017-03-08,14.644,14.672,14.794,14.673,14.652
2017-03-07,14.644,14.692,14.804,14.632,14.658
2017-03-06,14.572,14.675,14.799,14.586,14.654
2017-03-03,14.558,14.676,14.816,14.546,14.674
2017-03-02,14.624,14.648,14.834,14.551,14.709
2017-03-01,14.700,14.673,14.851,14.572,14.746
2017-02-28,14.740,14.725,14.836,14.582,14.777
2017-02-27,14.778,14.825,14.828,14.600,14.817
2017-02-24,14.794,14.890,14.811,14.625,14.857
2017-02-23,14.672,14.909,14.748,14.637,14.890
2017-02-22,14.646,14.916,14.674,14.651,14.926
2017-02-21,14.710,14.915,14.603,14.658,14.965
2017-02-20,14.872,14.923,14.542,14.671,15.007
2017-02-17,14.986,14.955,14.481,14.678,15.047
2017-02-16,15.146,15.019,14.503,14.691,15.092
2017-02-15,15.186,15.029,14.521,14.683,15.128
2017-02-14,15.120,14.947,14.510,14.659,15.162
2017-02-13,14.974,14.831,14.488,14.622,15.200
2017-02-10,14.924,14.731,14.492,14.588,15.253
2017-02-09,14.892,14.587,14.502,14.566,15.290
2017-02-08,14.872,14.431,14.519,14.552,15.326
2017-02-07,14.774,14.290,14.529,14.540,15.360
2017-02-06,14.688,14.161,14.546,14.542,15.402
2017-02-03,14.538,14.007,14.540,14.529,15.441
2017-01-26,14.282,13.986,14.527,14.512,15.479
2017-01-25,13.990,14.013,14.511,14.489,15.508
2017-01-24,13.806,14.073,14.516,14.486,15.548
2017-01-23,13.634,14.144,14.518,14.496,15.583
2017-01-20,13.476,14.253,14.516,14.525,15.614
2017-01-19,13.690,14.416,14.556,14.571,15.657
2017-01-18,14.036,14.606,14.613,14.630,15.702
2017-01-17,14.340,14.768,14.665,14.683,15.756
2017-01-16,14.654,14.930,14.732,14.722,15.805
2017-01-13,15.030,15.073,14.790,14.801,15.853
2017-01-12,15.142,15.068,14.776,14.867,15.880
2017-01-11,15.176,15.008,14.727,14.921,15.896
2017-01-10,15.196,14.958,14.693,14.971,15.914
2017-01-09,15.206,14.892,14.673,15.034,15.926
2017-01-06,15.116,14.779,14.661,15.089,15.935
2017-01-05,14.994,14.696,14.649,15.143,15.945
2017-01-04,14.840,14.620,14.642,15.202,15.951
2017-01-03,14.720,14.562,14.641,15.272,15.967
2016-12-30,14.578,14.534,14.619,15.342,15.981
2016-12-29,14.442,14.506,14.666,15.415,16.002
2016-12-28,14.398,14.483,14.767,15.492,16.028
2016-12-27,14.400,14.445,14.877,15.573,16.056
2016-12-26,14.404,14.428,14.978,15.665,16.089
2016-12-23,14.490,14.453,15.105,15.778,16.118
2016-12-22,14.570,14.542,15.244,15.917,16.151
2016-12-21,14.568,14.601,15.367,16.014,16.187
2016-12-20,14.490,14.664,15.493,16.100,16.221
2016-12-19,14.452,14.719,15.628,16.179,16.248
2016-12-16,14.416,14.703,15.746,16.263,16.274
2016-12-15,14.514,14.825,15.869,16.353,16.305
2016-12-14,14.634,15.050,15.997,16.446,16.328
2016-12-13,14.838,15.309,16.137,16.527,16.350
2016-12-12,14.986,15.528,16.284,16.609,16.380
2016-12-09,14.990,15.757,16.441,16.670,16.415
2016-12-08,15.136,15.946,16.605,16.704,16.440
2016-12-07,15.466,16.132,16.720,16.743,16.471
2016-12-06,15.780,16.321,16.818,16.775,16.484
2016-12-05,16.070,16.536,16.909,16.829,16.492
2016-12-02,16.524,16.788,17.043,16.888,16.508
2016-12-01,16.756,16.913,17.118,16.905,16.502
2016-11-30,16.798,16.943,17.144,16.893,16.476
2016-11-29,16.862,16.964,17.136,16.871,16.456
2016-11-28,17.002,17.040,17.150,16.856,16.440
2016-11-25,17.052,17.124,17.126,16.817,16.414
2016-11-24,17.070,17.264,17.083,16.781,16.389
2016-11-23,17.088,17.308,17.049,16.746,16.362
2016-11-22,17.066,17.315,17.002,16.701,16.335
2016-11-21,17.078,17.282,16.976,16.661,16.315
2016-11-18,17.196,17.297,16.939,16.621,16.295
2016-11-17,17.458,17.322,16.901,16.590,16.280
2016-11-16,17.528,17.345,16.868,16.564,16.266
2016-11-15,17.564,17.308,16.825,16.539,16.253
2016-11-14,17.486,17.259,16.764,16.512,16.224
2016-11-11,17.398,17.128,16.664,16.458,16.189
2016-11-10,17.186,16.901,16.539,16.385,16.151
2016-11-09,17.162,16.789,16.466,16.360,16.122
2016-11-08,17.052,16.688,16.395,16.341,16.094
2016-11-07,17.032,16.669,16.351,16.317,16.062
2016-11-04,16.858,16.580,16.284,16.285,16.026
2016-11-03,16.616,16.480,16.225,16.257,15.992
2016-11-02,16.416,16.390,16.174,16.209,15.959
2016-11-01,16.324,16.341,16.154,16.174,15.935
2016-10-31,16.306,16.269,16.139,16.152,15.903
2016-10-28,16.302,16.200,16.124,16.160,15.878
2016-10-27,16.344,16.177,16.128,16.177,15.860
2016-10-26,16.364,16.142,16.146,16.200,15.859
2016-10-25,16.358,16.101,16.168,16.193,15.854
2016-10-24,16.232,16.032,16.141,16.156,15.839
2016-10-21,16.098,15.987,16.138,16.128,15.835
2016-10-20,16.010,15.969,16.145,16.100,15.835
2016-10-19,15.920,15.958,16.119,16.060,15.833
2016-10-18,15.844,15.967,16.090,16.041,15.835
2016-10-17,15.832,16.008,16.093,16.025,15.851
2016-10-14,15.876,16.047,16.141,16.011,15.863
2016-10-13,15.928,16.078,16.178,15.997,15.874
2016-10-12,15.996,16.150,16.229,15.978,15.890
2016-10-11,16.090,16.235,16.239,15.969,15.904
2016-10-10,16.184,16.250,16.218,15.970,15.920
2016-09-30,16.218,16.288,16.199,15.969,15.947
2016-09-29,16.228,16.321,16.165,15.971,15.952
2016-09-28,16.304,16.280,16.112,15.968,15.947
2016-09-27,16.380,16.213,16.079,15.967,15.924
2016-09-26,16.316,16.178,16.033,15.937,15.875
2016-09-23,16.358,16.234,15.994,15.920,15.828
2016-09-22,16.414,16.277,15.957,15.916,15.782
2016-09-21,16.256,16.307,15.893,15.884,15.730
2016-09-20,16.046,16.242,15.837,15.846,15.677
2016-09-19,16.040,16.185,15.830,15.807,15.626
2016-09-14,16.110,16.109,15.809,15.767,15.575
2016-09-13,16.140,16.009,15.796,15.728,15.523
2016-09-12,16.358,15.943,15.813,15.708,15.475
2016-09-09,16.438,15.944,15.845,15.695,15.428
2016-09-08,16.330,15.888,15.816,15.653,15.371
2016-09-07,16.108,15.753,15.764,15.596,15.305
2016-09-06,15.878,15.637,15.736,15.542,15.238
2016-09-05,15.528,15.478,15.673,15.519,15.161
2016-09-02,15.450,15.431,15.648,15.516,15.099
2016-09-01,15.446,15.474,15.618,15.521,15.052
2016-08-31,15.398,15.509,15.597,15.542,15.008
2016-08-30,15.396,15.582,15.587,15.571,14.965
2016-08-29,15.428,15.682,15.591,15.606,14.930
2016-08-26,15.412,15.745,15.571,15.629,14.892
2016-08-25,15.502,15.744,15.536,15.678,14.851
2016-08-24,15.620,15.774,15.518,15.715,14.814
2016-08-23,15.768,15.835,15.495,15.750,14.769
2016-08-22,15.936,15.867,15.540,15.801,14.731
2016-08-19,16.078,15.865,15.558,15.838,14.697
2016-08-18,15.986,15.761,15.545,15.871,14.633
2016-08-17,15.928,15.684,15.559,15.925,14.564
2016-08-16,15.902,15.592,15.566,15.933,14.495
2016-08-15,15.798,15.499,15.569,15.925,14.423
2016-08-12,15.652,15.397,15.572,15.881,14.348
2016-08-11,15.536,15.328,15.645,15.813,14.283
2016-08-10,15.440,15.262,15.685,15.736,14.225
2016-08-09,15.282,15.155,15.708,15.648,14.160
2016-08-08,15.200,15.212,15.769,15.576,14.098
2016-08-05,15.142,15.251,15.825,15.508,14.042
2016-08-04,15.120,15.329,15.926,15.446,13.991
2016-08-03,15.084,15.433,16.046,15.383,13.942
2016-08-02,15.028,15.539,16.103,15.317,13.900
2016-08-01,15.224,15.638,16.138,15.242,13.864
2016-07-29,15.360,15.746,16.123,15.161,13.837
2016-07-28,15.538,15.962,16.055,15.088,13.812
2016-07-27,15.782,16.108,15.973,15.013,13.784
2016-07-26,16.050,16.261,15.895,14.934,13.751
2016-07-25,16.052,16.325,15.758,14.804,13.698
2016-07-22,16.132,16.399,15.636,14.683,13.651
2016-07-21,16.386,16.523,15.505,14.583,13.608
2016-07-20,16.434,16.658,15.359,14.473,13.555
2016-07-19,16.472,16.667,15.207,14.358,13.499
2016-07-18,16.598,16.637,15.044,14.254,13.445
2016-07-15,16.666,16.499,14.868,14.155,13.388
2016-07-14,16.660,16.148,14.651,14.023,13.330
2016-07-13,16.882,15.838,14.465,13.913,13.282
2016-07-12,16.862,15.528,14.271,13.788,13.238
2016-07-11,16.676,15.191,14.043,13.661,13.185
2016-07-08,16.332,14.873,13.825,13.555,13.134
2016-07-07,15.636,14.486,13.614,13.395,13.069
2016-07-06,14.794,14.059,13.381,13.203,12.999
2016-07-05,14.194,13.746,13.204,13.057,12.944
2016-07-04,13.706,13.450,13.063,12.921,12.901
2016-07-01,13.414,13.237,12.983,12.815,12.876
2016-06-30,13.336,13.154,12.961,12.754,12.877
2016-06-29,13.324,13.092,12.950,12.713,12.879
2016-06-28,13.298,13.014,12.919,12.671,12.878
2016-06-27,13.194,12.895,12.897,12.620,12.879
2016-06-24,13.060,12.777,12.896,12.575,12.873
2016-06-23,12.972,12.741,12.850,12.536,12.870
2016-06-22,12.860,12.702,12.776,12.501,12.865
2016-06-21,12.730,12.662,12.713,12.482,12.859
2016-06-20,12.596,12.676,12.657,12.486,12.862
2016-06-17,12.494,12.729,12.604,12.513,12.865
2016-06-16,12.510,12.768,12.554,12.536,12.873
2016-06-15,12.544,12.808,12.524,12.556,12.874
2016-06-14,12.594,12.823,12.500,12.568,12.871
2016-06-13,12.756,12.898,12.483,12.593,12.870
2016-06-08,12.964,13.014,12.475,12.618,12.872
2016-06-07,13.026,12.959,12.434,12.632,12.865
2016-06-06,13.072,12.849,12.401,12.637,12.851
2016-06-03,13.052,12.764,12.392,12.639,12.839
2016-06-02,13.040,12.637,12.391,12.635,12.828
2016-06-01,13.064,12.478,12.406,12.621,12.825
2016-05-31,12.892,12.339,12.421,12.636,12.827
2016-05-30,12.626,12.239,12.430,12.652,12.824
2016-05-27,12.476,12.177,12.441,12.688,12.835
2016-05-26,12.234,12.067,12.440,12.708,12.844
2016-05-25,11.892,11.935,12.420,12.712,12.836
2016-05-24,11.786,11.908,12.468,12.743,12.843
2016-05-23,11.852,11.953,12.532,12.794,12.851
2016-05-20,11.878,12.019,12.576,12.831,12.851
2016-05-19,11.900,12.144,12.635,12.880,12.876
2016-05-18,11.978,12.333,12.693,12.937,12.903
2016-05-17,12.030,12.502,12.785,13.000,12.930
2016-05-16,12.054,12.620,12.859,13.046,12.946
2016-05-13,12.160,12.705,12.944,13.085,12.963
2016-05-12,12.388,12.813,13.028,13.139,12.983
2016-05-11,12.688,12.905,13.101,13.170,13.001
2016-05-10,12.974,13.028,13.161,13.203,13.016
2016-05-09,13.186,13.110,13.214,13.229,13.023
2016-05-06,13.250,13.133,13.237,13.237,13.027
2016-05-05,13.238,13.125,13.249,13.238,13.016
2016-05-04,13.122,13.052,13.239,13.216,12.996
2016-05-03,13.082,13.067,13.250,13.210,12.972
2016-04-29,13.034,13.097,13.259,13.193,12.949
2016-04-28,13.016,13.182,13.276,13.174,12.926
2016-04-27,13.012,13.243,13.302,13.147,12.913
2016-04-26,12.982,13.297,13.303,13.126,12.893
2016-04-25,13.052,13.293,13.291,13.099,12.888
2016-04-22,13.160,13.318,13.289,13.065,12.883
2016-04-21,13.348,13.341,13.289,13.038,12.875
2016-04-20,13.474,13.372,13.294,13.020,12.873
2016-04-19,13.612,13.426,13.298,13.028,12.871
2016-04-18,13.534,13.432,13.281,13.019,12.848
2016-04-15,13.476,13.420,13.241,12.996,12.823
2016-04-14,13.334,13.369,13.170,12.981,12.807
2016-04-13,13.270,13.360,13.098,12.981,12.791
2016-04-12,13.240,13.308,13.040,12.960,12.796
2016-04-11,13.330,13.288,13.002,12.943,12.818
2016-04-08,13.364,13.259,12.939,12.907,12.846
2016-04-07,13.404,13.236,12.887,12.872,12.861
2016-04-06,13.450,13.216,12.844,12.871,12.899
2016-04-05,13.376,13.170,12.829,12.868,12.921
2016-04-01,13.246,13.130,12.812,12.860,12.935
2016-03-31,13.154,13.062,12.784,12.847,12.977
2016-03-30,13.068,12.971,12.787,12.840,13.022
2016-03-29,12.982,12.837,12.791,12.827,13.049
2016-03-28,12.964,12.772,12.786,12.832,13.081
2016-03-25,13.014,12.716,12.771,12.829,13.120
2016-03-24,12.970,12.619,12.732,12.816,13.155
2016-03-23,12.874,12.538,12.690,12.818,13.193
2016-03-22,12.692,12.472,12.698,12.795,13.232
2016-03-21,12.580,12.489,12.717,12.776,13.270
2016-03-18,12.418,12.494,12.725,12.734,13.293
2016-03-17,12.268,12.507,12.739,12.705,13.329
2016-03-16,12.202,12.604,12.775,12.678,13.368
2016-03-15,12.252,12.745,12.822,12.678,13.410
2016-03-14,12.398,12.800,12.862,12.659,13.443
2016-03-11,12.570,12.826,12.885,12.676,13.469
2016-03-10,12.746,12.844,12.915,12.700,13.506
2016-03-09,13.006,12.841,12.958,12.712,13.548
2016-03-08,13.238,12.924,12.956,12.726,13.582
2016-03-07,13.202,12.945,12.920,12.714,13.612
2016-03-04,13.082,12.955,12.855,12.678,13.633
2016-03-03,12.942,12.972,12.804,12.649,13.659
2016-03-02,12.676,12.946,12.715,12.633,13.676
2016-03-01,12.610,12.899,12.645,12.601,13.691
2016-02-29,12.688,12.924,12.589,12.633,13.713
2016-02-26,12.828,12.944,12.602,12.692,13.743
2016-02-25,13.002,12.985,12.629,12.785,13.795
2016-02-24,13.216,13.074,12.648,12.851,13.844
2016-02-23,13.188,12.988,12.627,12.928,13.869
2016-02-22,13.160,12.894,12.599,12.974,13.896
2016-02-19,13.060,12.754,12.539,13.010,13.918
2016-02-18,12.968,12.636,12.488,13.107,13.941
2016-02-17,12.932,12.483,12.476,13.204,13.958
2016-02-16,12.788,12.391,12.451,13.270,13.980
2016-02-15,12.628,12.254,12.487,13.330,14.000
2016-02-05,12.448,12.259,12.566,13.411,14.015
2016-02-04,12.304,12.272,12.685,13.494,14.041
2016-02-03,12.034,12.222,12.740,13.568,14.061
2016-02-02,11.994,12.266,12.898,13.669,14.086
2016-02-01,11.880,12.303,13.014,13.764,14.103
2016-01-29,12.070,12.324,13.139,13.853,14.126
2016-01-28,12.240,12.340,13.342,13.952,14.149
2016-01-27,12.410,12.469,13.565,14.058,14.181
2016-01-26,12.538,12.512,13.710,14.142,14.188
2016-01-25,12.726,12.720,13.869,14.227,14.200
2016-01-22,12.578,12.873,13.987,14.261,14.198
2016-01-21,12.440,13.097,14.105,14.311,14.203
2016-01-20,12.528,13.257,14.242,14.384,14.218
2016-01-19,12.486,13.530,14.371,14.437,14.229
2016-01-18,12.714,13.724,14.495,14.510,14.230
2016-01-15,13.168,13.953,14.617,14.589,14.233
2016-01-14,13.754,14.344,14.759,14.669,14.225
2016-01-13,13.986,14.661,14.852,14.719,14.194
2016-01-12,14.574,14.908,14.957,14.781,14.184
2016-01-11,14.734,15.017,14.981,14.794,14.150
2016-01-08,14.738,15.101,14.956,14.795,14.109
2016-01-07,14.934,15.112,14.919,14.806,14.054
2016-01-06,15.336,15.226,14.947,14.837,14.010
2016-01-05,15.242,15.211,14.891,14.811,13.943
2016-01-04,15.300,15.265,14.903,14.818,13.887
2015-12-31,15.464,15.281,14.907,14.826,13.828
2015-12-30,15.290,15.173,14.832,14.774,13.738
2015-12-29,15.116,15.043,14.748,14.712,13.642
2015-12-28,15.180,15.005,14.718,14.690,13.561
2015-12-25,15.230,14.944,14.683,14.670,13.483
2015-12-24,15.098,14.810,14.642,14.618,13.397
2015-12-23,15.056,14.725,14.653,14.589,13.319
2015-12-22,14.970,14.668,14.643,14.554,13.237
2015-12-21,14.830,14.571,14.611,14.502,13.157
2015-12-18,14.658,14.540,14.594,14.441,13.077
2015-12-17,14.522,14.533,14.599,14.400,13.003
2015-12-16,14.394,14.490,14.575,14.346,12.921
2015-12-15,14.366,14.453,14.547,14.304,12.845
2015-12-14,14.312,14.431,14.533,14.235,12.756
2015-12-11,14.422,14.421,14.533,14.174,12.681
2015-12-10,14.544,14.473,14.523,14.135,12.631
2015-12-09,14.586,14.580,14.521,14.095,12.575
2015-12-08,14.540,14.618,14.497,14.052,12.517
2015-12-07,14.550,14.650,14.468,14.020,12.456
2015-12-04,14.420,14.648,14.392,13.950,12.380
2015-12-03,14.402,14.664,14.333,13.877,12.306
2015-12-02,14.574,14.660,14.274,13.782,12.236
2015-12-01,14.696,14.640,14.229,13.669,12.179
2015-11-30,14.750,14.634,14.137,13.587,12.127
2015-11-27,14.876,14.645,14.050,13.505,12.067
2015-11-26,14.926,14.572,13.966,13.424,11.997
2015-11-25,14.746,14.462,13.852,13.302,11.910
2015-11-24,14.584,14.376,13.770,13.183,11.849
2015-11-23,14.518,14.285,13.705,13.074,11.813
2015-11-20,14.414,14.136,13.602,12.956,11.784
2015-11-19,14.218,14.002,13.483,12.831,11.761
2015-11-18,14.178,13.887,13.343,12.702,11.737
2015-11-17,14.168,13.818,13.184,12.572,11.742
2015-11-16,14.052,13.640,13.063,12.431,11.743
2015-11-13,13.858,13.455,12.935,12.296,11.744
2015-11-12,13.786,13.359,12.850,12.176,11.748
2015-11-11,13.596,13.242,12.722,12.048,11.744
2015-11-10,13.468,13.163,12.587,11.919,11.743
2015-11-09,13.228,13.124,12.469,11.812,11.736
2015-11-06,13.052,13.067,12.366,11.712,11.724
2015-11-05,12.932,12.964,12.245,11.606,11.713
2015-11-04,12.888,12.798,12.109,11.497,11.706
2015-11-03,12.858,12.549,11.949,11.387,11.679
2015-11-02,13.020,12.486,11.827,11.278,11.678
2015-10-30,13.082,12.415,11.717,11.188,11.686
2015-10-29,12.996,12.340,11.584,11.127,11.699
2015-10-28,12.708,12.202,11.451,11.056,11.695
2015-10-27,12.240,12.011,11.297,10.981,11.690
2015-10-26,11.952,11.814,11.156,10.892,11.707
2015-10-23,11.748,11.665,11.035,10.809,11.742
2015-10-22,11.684,11.526,10.927,10.734,11.777
2015-10-21,11.696,11.421,10.846,10.691,11.814
2015-10-20,11.782,11.350,10.806,10.688,11.863
2015-10-19,11.676,11.168,10.673,10.667,11.891
2015-10-16,11.582,11.019,10.575,10.629,11.907
2015-10-15,11.368,10.829,10.521,10.570,11.915
2015-10-14,11.146,10.701,10.482,10.519,11.950
2015-10-13,10.918,10.584,10.466,10.515,11.993
2015-10-12,10.660,10.498,10.430,10.551,12.013
2015-10-09,10.456,10.405,10.381,10.612,12.016
2015-10-08,10.290,10.328,10.338,10.690,12.008
2015-09-30,10.256,10.272,10.325,10.771,12.025
2015-09-29,10.250,10.262,10.357,10.912,12.069
2015-09-28,10.336,10.179,10.417,11.054,12.121
2015-09-25,10.354,10.131,10.434,11.192,12.181
2015-09-24,10.366,10.213,10.440,11.320,12.267
2015-09-23,10.288,10.264,10.427,11.440,12.367
2015-09-22,10.274,10.349,10.480,11.567,12.451
2015-09-21,10.022,10.363,10.577,11.659,12.554
2015-09-18,9.908,10.358,10.715,11.736,12.691
2015-09-17,10.060,10.349,10.871,11.819,12.852
2015-09-16,10.240,10.379,11.021,11.914,12.999
2015-09-15,10.424,10.453,11.236,11.971,13.128
2015-09-14,10.704,10.655,11.491,12.079,13.296
2015-09-11,10.808,10.738,11.722,12.183,13.469
2015-09-10,10.638,10.668,11.873,12.271,13.619
2015-09-09,10.518,10.591,12.028,12.334,13.797
2015-09-08,10.482,10.612,12.176,12.398,13.973
2015-09-07,10.606,10.792,12.307,12.522,14.160
2015-09-02,10.668,11.073,12.424,12.674,14.336
2015-09-01,10.698,11.394,12.554,12.819,14.510
2015-08-31,10.664,11.663,12.681,12.937,14.681
2015-08-28,10.742,12.020,12.729,13.037,14.860
2015-08-27,10.978,12.328,12.790,13.115,15.011
2015-08-26,11.478,12.706,12.905,13.185,15.178
2015-08-25,12.090,13.078,13.072,13.259,15.360
2015-08-24,12.662,13.466,13.205,13.382,15.519
2015-08-21,13.298,13.740,13.291,13.470,15.629
2015-08-20,13.678,13.822,13.387,13.475,15.715
2015-08-19,13.934,13.776,13.475,13.420,15.814
2015-08-18,14.066,13.715,13.531,13.326,15.901
2015-08-17,14.270,13.700,13.574,13.279,15.988
2015-08-14,14.182,13.439,13.546,13.227,16.042
2015-08-13,13.966,13.253,13.509,13.188,16.096
2015-08-12,13.618,13.104,13.424,13.170,16.140
2015-08-11,13.364,13.067,13.349,13.215,16.190
2015-08-10,13.130,12.944,13.340,13.293,16.229
2015-08-07,12.696,12.842,13.335,13.334,16.273
2015-08-06,12.540,12.952,13.301,13.448,16.332
2015-08-05,12.590,13.174,13.241,13.646,16.396
2015-08-04,12.770,13.347,13.131,13.885,16.459
2015-08-03,12.758,13.448,13.069,14.083,16.518
2015-07-31,12.988,13.653,13.121,14.286,16.587
2015-07-30,13.364,13.765,13.155,14.513,16.636
2015-07-29,13.758,13.744,13.203,14.755,16.681
2015-07-28,13.924,13.632,13.289,14.968,16.725
2015-07-27,14.138,13.736,13.467,15.260,16.798
2015-07-24,14.318,13.829,13.580,15.547,16.865
2015-07-23,14.166,13.650,13.696,15.797,16.915
2015-07-22,13.730,13.309,13.881,15.998,16.954
2015-07-21,13.340,12.915,14.154,16.201,17.019
2015-07-20,13.334,12.690,14.400,16.426,17.087
2015-07-17,13.340,12.589,14.602,16.682,17.160
2015-07-16,13.134,12.545,14.886,16.906,17.226
2015-07-15,12.888,12.663,15.261,17.171,17.299
2015-07-14,12.490,12.946,15.635,17.461,17.371
2015-07-13,12.046,13.198,16.022,17.655,17.434
2015-07-10,11.838,13.332,16.406,17.787,17.492
2015-07-09,11.956,13.742,16.870,17.956,17.571
2015-07-08,12.438,14.454,17.342,18.207,17.656
2015-07-07,13.402,15.394,17.844,18.475,17.765
2015-07-06,14.350,16.111,18.293,18.697,17.849
2015-07-03,14.826,16.616,18.728,18.858,17.906
2015-07-02,15.528,17.228,19.087,19.005,17.965
2015-07-01,16.470,17.859,19.425,19.110,18.022
2015-06-30,17.386,18.325,19.718,19.164,18.040
2015-06-29,17.872,18.846,19.884,19.166,18.042
2015-06-26,18.406,19.481,20.014,19.211,18.058
2015-06-25,18.928,19.999,20.062,19.216,18.042
2015-06-24,19.248,20.230,20.084,19.146,17.995
2015-06-23,19.264,20.294,20.016,19.032,17.926
2015-06-19,19.820,20.476,19.990,18.954,17.870
2015-06-18,20.556,20.840,19.978,18.887,17.831
2015-06-17,21.070,20.946,19.893,18.759,17.779
2015-06-16,21.212,20.992,19.735,18.607,17.716
2015-06-15,21.324,21.112,19.584,18.482,17.648
2015-06-12,21.132,20.922,19.326,18.337,17.555
2015-06-11,21.124,20.548,19.075,18.182,17.460
2015-06-10,20.822,20.126,18.824,18.034,17.347
2015-06-09,20.772,19.938,18.604,17.910,17.252
2015-06-08,20.900,19.738,18.401,17.837,17.157
2015-06-05,20.712,19.504,18.192,17.749,17.058
2015-06-04,19.972,19.117,17.910,17.639,16.949
2015-06-03,19.430,18.841,17.665,17.545,16.863
2015-06-02,19.104,18.479,17.415,17.426,16.775
2015-06-01,18.576,18.056,17.167,17.280,16.674
2015-05-29,18.296,17.730,17.044,17.213,16.574
2015-05-28,18.262,17.603,16.998,17.197,16.504
2015-05-27,18.252,17.523,16.987,17.187,16.435
2015-05-26,17.854,17.270,16.895,17.104,16.336
2015-05-25,17.536,17.065,16.887,17.054,16.245
2015-05-22,17.164,16.881,16.871,17.001,16.157
2015-05-21,16.944,16.704,16.899,16.953,16.074
2015-05-20,16.794,16.490,16.896,16.924,15.995
2015-05-19,16.686,16.351,16.899,16.934,15.924
2015-05-18,16.594,16.279,16.892,16.916,15.850
2015-05-15,16.598,16.358,16.954,16.918,15.784
2015-05-14,16.464,16.394,16.994,16.906,15.712
2015-05-13,16.186,16.452,17.018,16.868,15.633
2015-05-12,16.016,16.521,17.021,16.844,15.561
2015-05-11,15.964,16.709,17.049,16.820,15.490
2015-05-08,16.118,16.862,17.061,16.786,15.426
2015-05-07,16.324,17.095,17.078,16.775,15.374
2015-05-06,16.718,17.303,17.141,16.799,15.335
2015-05-05,17.026,17.448,17.225,16.824,15.291
2015-05-04,17.454,17.506,17.235,16.813,15.238
2015-04-30,17.606,17.550,17.198,16.772,15.164
2015-04-29,17.866,17.594,17.161,16.737,15.098
2015-04-28,17.888,17.585,17.076,16.661,15.017
2015-04-27,17.870,17.521,17.005,16.593,14.941
2015-04-24,17.558,17.389,16.875,16.476,14.842
2015-04-23,17.494,17.261,16.748,16.367,14.755
2015-04-22,17.322,17.061,16.614,16.258,14.657
2015-04-21,17.282,16.979,16.547,16.182,14.565
2015-04-20,17.172,17.002,16.512,16.124,14.472
2015-04-17,17.220,16.964,16.466,16.067,14.401
2015-04-16,17.028,16.847,16.384,15.935,14.313
2015-04-15,16.800,16.729,16.309,15.812,14.224
2015-04-14,16.676,16.567,16.199,15.683,14.136
2015-04-13,16.832,16.490,16.130,15.568,14.061
2015-04-10,16.708,16.361,16.019,15.435,13.984
2015-04-09,16.666,16.235,15.920,15.312,13.913
2015-04-08,16.658,16.168,15.857,15.194,13.855
2015-04-07,16.458,16.116,15.783,15.065,13.790
2015-04-03,16.148,16.023,15.686,14.915,13.719
2015-04-02,16.014,15.968,15.619,14.784,13.659
2015-04-01,15.804,15.920,15.479,14.650,13.592
2015-03-31,15.678,15.889,15.353,14.518,13.522
2015-03-30,15.774,15.831,15.242,14.397,13.467
2015-03-27,15.898,15.769,15.107,14.278,13.414
2015-03-26,15.922,15.677,14.973,14.161,13.358
2015-03-25,16.036,15.605,14.850,14.066,13.305
2015-03-24,16.100,15.546,14.707,13.973,13.259
2015-03-23,15.888,15.450,14.540,13.870,13.203
2015-03-20,15.640,15.348,14.361,13.758,13.139
2015-03-19,15.432,15.269,14.193,13.664,13.083
2015-03-18,15.174,15.038,14.016,13.555,13.032
2015-03-17,14.992,14.817,13.833,13.458,12.974
2015-03-16,15.012,14.652,13.680,13.374,12.931
2015-03-13,15.056,14.444,13.533,13.289,12.887
2015-03-12,15.106,14.268,13.403,13.209,12.852
2015-03-11,14.902,14.095,13.297,13.142,12.812
2015-03-10,14.642,13.867,13.187,13.056,12.780
2015-03-09,14.292,13.629,13.081,12.948,12.743
2015-03-06,13.832,13.373,12.964,12.820,12.720
2015-03-05,13.430,13.116,12.861,12.734,12.699
2015-03-04,13.288,12.993,12.814,12.691,12.691
2015-03-03,13.092,12.849,12.779,12.636,12.680
2015-03-02,12.966,12.708,12.735,12.589,12.670
2015-02-27,12.914,12.621,12.711,12.554,12.668
2015-02-26,12.802,12.537,12.679,12.533,12.673
2015-02-25,12.698,12.498,12.666,12.514,12.678
2015-02-17,12.606,12.507,12.651,12.516,12.683
2015-02-16,12.450,12.532,12.608,12.515,12.680
2015-02-13,12.328,12.554,12.544,12.523,12.677
2015-02-12,12.272,12.606,12.543,12.534,12.679
2015-02-11,12.298,12.635,12.541,12.534,12.682
2015-02-10,12.408,12.708,12.529,12.525,12.689
2015-02-09,12.614,12.761,12.530,12.536,12.700
2015-02-06,12.780,12.801,12.521,12.550,12.716
2015-02-05,12.940,12.821,12.531,12.556,12.726
2015-02-04,12.972,12.833,12.522,12.545,12.724
2015-02-03,13.008,12.795,12.521,12.545,12.736
2015-02-02,12.908,12.683,12.506,12.535,12.743
2015-01-30,12.822,12.534,12.508,12.519,12.741
2015-01-29,12.702,12.480,12.498,12.503,12.732
2015-01-28,12.694,12.446,12.483,12.508,12.734
2015-01-27,12.582,12.350,12.434,12.490,12.736
2015-01-26,12.458,12.299,12.424,12.488,12.731
2015-01-23,12.246,12.241,12.425,12.486,12.728
2015-01-22,12.258,12.240,12.424,12.496,12.728
2015-01-21,12.198,12.210,12.401,12.481,12.721
2015-01-20,12.118,12.247,12.420,12.504,12.708
2015-01-19,12.140,12.329,12.462,12.539,12.698
2015-01-16,12.236,12.481,12.512,12.619,12.699
2015-01-15,12.222,12.516,12.514,12.664,12.694
2015-01-14,12.222,12.520,12.539,12.691,12.691
2015-01-13,12.376,12.518,12.560,12.724,12.690
2015-01-12,12.518,12.549,12.582,12.750,12.679
2015-01-09,12.726,12.608,12.608,12.782,12.677
2015-01-08,12.810,12.607,12.624,12.812,12.677
2015-01-07,12.818,12.591,12.617,12.842,12.675
2015-01-06,12.660,12.592,12.633,12.850,12.668
2015-01-05,12.580,12.594,12.643,12.845,12.656
2014-12-31,12.490,12.543,12.688,12.830,12.645
2014-12-30,12.404,12.512,12.738,12.825,12.633
2014-12-29,12.364,12.558,12.777,12.830,12.624
2014-12-26,12.524,12.601,12.828,12.852,12.620
2014-12-25,12.608,12.615,12.851,12.863,12.608
2014-12-24,12.596,12.608,12.869,12.881,12.594
2014-12-23,12.620,12.640,12.915,12.896,12.585
2014-12-22,12.752,12.643,12.968,12.902,12.575
2014-12-19,12.678,12.674,12.979,12.928,12.556
2014-12-18,12.622,12.693,12.971,12.950,12.543
2014-12-17,12.620,12.832,12.974,12.963,12.532
2014-12-16,12.660,12.963,12.981,12.961,12.524
2014-12-15,12.534,12.996,12.966,12.960,12.510
2014-12-12,12.670,13.054,12.978,12.981,12.513
2014-12-11,12.764,13.086,12.988,12.974,12.510
2014-12-10,13.044,13.130,13.018,12.970,12.502
2014-12-09,13.266,13.190,13.024,12.961,12.493
2014-12-08,13.458,13.292,13.032,12.960,12.494
2014-12-05,13.438,13.283,13.055,12.911,12.484
2014-12-04,13.408,13.249,13.079,12.858,12.472
2014-12-03,13.216,13.116,13.028,12.780,12.445
2014-12-02,13.114,12.999,12.960,12.724,12.424
2014-12-01,13.126,12.936,12.943,12.690,12.406
2014-11-28,13.128,12.901,12.945,12.656,12.385
2014-11-27,13.090,12.889,12.918,12.608,12.362
2014-11-26,13.016,12.905,12.890,12.572,12.342
2014-11-25,12.884,12.858,12.846,12.542,12.316
2014-11-24,12.746,12.772,12.794,12.507,12.297
2014-11-21,12.674,12.826,12.726,12.485,12.290
2014-11-20,12.688,12.909,12.663,12.467,12.290
2014-11-19,12.794,12.940,12.612,12.459,12.286
2014-11-18,12.832,12.921,12.586,12.442,12.282
2014-11-17,12.798,12.949,12.568,12.418,12.278
2014-11-14,12.978,12.989,12.534,12.387,12.269
2014-11-13,13.130,12.947,12.468,12.353,12.259
2014-11-12,13.086,12.876,12.406,12.306,12.253
2014-11-11,13.010,12.834,12.384,12.273,12.253
2014-11-10,13.100,12.815,12.375,12.248,12.258
2014-11-07,13.000,12.625,12.315,12.185,12.240
2014-11-06,12.764,12.416,12.245,12.135,12.223
2014-11-05,12.666,12.284,12.218,12.101,12.229
2014-11-04,12.658,12.251,12.202,12.088,12.239
2014-11-03,12.530,12.186,12.152,12.060,12.231
2014-10-31,12.250,12.078,12.086,12.044,12.200
2014-10-30,12.068,11.989,12.055,12.046,12.183
2014-10-29,11.902,11.936,12.021,12.033,12.161
2014-10-28,11.844,11.933,11.992,12.025,12.141
2014-10-27,11.842,11.935,11.964,12.029,12.127
2014-10-24,11.906,12.005,11.965,12.056,12.120
2014-10-23,11.910,12.075,11.995,12.086,12.111
2014-10-22,11.970,12.152,12.010,12.111,12.106
2014-10-21,12.022,12.153,12.006,12.125,12.086
2014-10-20,12.028,12.118,11.997,12.122,12.048
2014-10-17,12.104,12.095,12.026,12.114,12.018
2014-10-16,12.240,12.122,12.075,12.116,11.996
2014-10-15,12.334,12.107,12.082,12.111,11.965
2014-10-14,12.284,12.052,12.072,12.089,11.930
2014-10-13,12.208,11.994,12.075,12.086,11.898
2014-10-10,12.086,11.925,12.082,12.095,11.858
2014-10-09,12.004,11.915,12.091,12.114,11.822
2014-10-08,11.880,11.868,12.090,12.114,11.784
2014-09-30,11.820,11.859,12.111,12.123,11.762
2014-09-29,11.780,11.876,12.125,12.138,11.740
2014-09-26,11.764,11.958,12.123,12.151,11.728
2014-09-25,11.826,12.028,12.113,12.165,11.722
2014-09-24,11.856,12.057,12.114,12.199,11.713
2014-09-23,11.898,12.091,12.108,12.234,-1
2014-09-22,11.972,12.157,12.131,12.268,-1
2014-09-19,12.152,12.239,12.180,12.295,-1
2014-09-18,12.230,12.268,12.213,12.310,-1
2014-09-17,12.258,12.312,12.237,12.358,-1
2014-09-16,12.284,12.362,12.255,12.391,-1
2014-09-15,12.342,12.373,12.269,12.402,-1
2014-09-12,12.326,12.289,12.248,12.357,-1
2014-09-11,12.306,12.198,12.233,12.321,-1
2014-09-10,12.366,12.170,12.271,12.288,-1
2014-09-09,12.440,12.125,12.305,12.257,-1
2014-09-05,12.404,12.106,12.324,12.225,-1
2014-09-04,12.252,12.120,12.322,12.183,-1
2014-09-03,12.090,12.158,12.332,12.137,-1
2014-09-02,11.974,12.161,12.380,12.101,-1
2014-09-01,11.810,12.148,12.405,12.048,-1
2014-08-29,11.808,12.165,12.416,11.974,-1
2014-08-28,11.988,12.207,12.390,11.922,-1
2014-08-27,12.226,12.269,12.382,11.876,-1
2014-08-26,12.348,12.371,12.347,11.819,-1
2014-08-25,12.486,12.485,12.323,11.771,-1
2014-08-22,12.522,12.542,12.285,11.711,-1
2014-08-21,12.426,12.525,12.215,11.622,-1
2014-08-20,12.312,12.505,12.126,11.530,-1
2014-08-19,12.394,12.600,12.072,11.455,-1
2014-08-18,12.484,12.663,11.998,11.400,-1
2014-08-15,12.562,12.667,11.879,11.341,-1
2014-08-14,12.624,12.574,11.780,11.304,-1
2014-08-13,12.698,12.495,11.680,11.278,-1
2014-08-12,12.806,12.323,11.543,11.226,-1
2014-08-11,12.842,12.161,11.414,-1,-1
2014-08-08,12.772,12.027,11.295,-1,-1
2014-08-07,12.524,11.904,11.171,-1,-1
2014-08-06,12.292,11.747,11.043,-1,-1
2014-08-05,11.840,11.543,10.882,-1,-1
2014-08-04,11.480,11.333,10.769,-1,-1
2014-08-01,11.282,11.090,10.678,-1,-1
2014-07-31,11.284,10.986,10.668,-1,-1
2014-07-30,11.202,10.864,10.670,-1,-1
2014-07-29,11.246,10.763,10.678,-1,-1
2014-07-28,11.186,10.667,-1,-1,-1
2014-07-25,10.898,10.563,-1,-1,-1
2014-07-24,10.688,10.437,-1,-1,-1
2014-07-23,10.526,10.338,-1,-1,-1
2014-07-22,10.280,10.222,-1,-1,-1
2014-07-21,10.148,10.205,-1,-1,-1
2014-07-18,10.228,10.267,-1,-1,-1
2014-07-17,10.186,10.351,-1,-1,-1
2014-07-16,10.150,10.476,-1,-1,-1
2014-07-15,10.164,10.593,-1,-1,-1
2014-07-14,10.262,-1,-1,-1,-1
2014-07-11,10.306,-1,-1,-1,-1
2014-07-10,10.516,-1,-1,-1,-1
2014-07-09,10.802,-1,-1,-1,-1
2014-07-08,11.022,-1,-1,-1,-1
2014-07-07,-1,-1,-1,-1,-1
2014-07-04,-1,-1,-1,-1,-1
2014-07-03,-1,-1,-1,-1,-1
2014-07-02,-1,-1,-1,-1,-1
