2017-06-30,25.612,25.121,24.631
2017-06-29,25.614,25.070,24.527
2017-06-28,25.728,24.998,24.268
2017-06-27,25.711,24.975,24.240
2017-06-26,25.680,24.955,24.230
2017-06-23,25.646,24.927,24.209
2017-06-22,25.633,24.918,24.203
2017-06-21,25.639,24.926,24.214
2017-06-20,25.675,24.939,24.203
2017-06-19,25.966,25.000,24.035
2017-06-16,26.271,25.077,23.883
2017-06-15,26.573,25.165,23.758
2017-06-14,26.840,25.243,23.646
2017-06-13,27.007,25.321,23.636
2017-06-12,27.151,25.387,23.624
2017-06-09,27.303,25.480,23.658
2017-06-08,27.364,25.512,23.660
2017-06-07,27.464,25.575,23.687
2017-06-06,27.488,25.604,23.720
2017-06-05,27.591,25.700,23.810
2017-06-02,27.708,25.816,23.924
2017-06-01,27.782,25.940,24.098
2017-05-31,27.671,26.071,24.471
2017-05-26,27.648,26.162,24.677
2017-05-25,27.581,26.218,24.855
2017-05-24,27.528,26.235,24.943
2017-05-23,27.563,26.225,24.887
2017-05-22,27.636,26.202,24.769
2017-05-19,27.657,26.189,24.722
2017-05-18,27.643,26.142,24.641
2017-05-17,27.628,26.059,24.491
2017-05-16,27.654,25.930,24.207
2017-05-15,27.568,25.818,24.068
2017-05-12,27.532,25.802,24.073
2017-05-11,27.570,25.815,24.061
2017-05-10,27.577,25.818,24.059
2017-05-09,27.739,25.871,24.003
2017-05-08,27.756,25.878,24.001
2017-05-05,28.338,26.036,23.734
2017-05-04,29.021,26.194,23.368
2017-05-03,29.558,26.337,23.117
2017-05-02,29.870,26.444,23.018
2017-04-28,30.132,26.557,22.982
2017-04-27,30.522,26.709,22.897
2017-04-26,31.216,26.967,22.719
2017-04-25,32.079,27.331,22.583
2017-04-24,32.748,27.708,22.669
2017-04-21,33.277,28.094,22.911
2017-04-20,33.881,28.483,23.085
2017-04-19,34.394,28.857,23.321
2017-04-18,34.553,29.192,23.832
2017-04-17,34.390,29.514,24.638
2017-04-14,34.218,29.840,25.462
2017-04-13,34.080,30.030,25.980
2017-04-12,33.990,30.220,26.451
2017-04-11,33.802,30.395,26.988
2017-04-10,33.637,30.531,27.425
2017-04-07,33.250,30.701,28.152
2017-04-06,33.283,30.836,28.390
2017-04-05,33.279,30.873,28.468
2017-03-31,33.270,30.910,28.550
2017-03-30,33.267,30.911,28.556
2017-03-29,33.254,30.916,28.579
2017-03-28,33.366,30.861,28.357
2017-03-27,33.356,30.775,28.195
2017-03-24,33.184,30.618,28.052
2017-03-23,33.001,30.456,27.911
2017-03-22,32.927,30.222,27.517
2017-03-21,32.733,29.912,27.091
2017-03-20,32.281,29.645,27.009
2017-03-17,32.102,29.418,26.734
2017-03-16,31.993,29.271,26.550
2017-03-15,31.746,29.168,26.590
2017-03-14,31.980,29.239,26.498
2017-03-13,32.098,29.273,26.449
2017-03-10,32.000,29.186,26.372
2017-03-09,32.113,28.977,25.842
2017-03-08,32.166,28.762,25.359
2017-03-07,31.885,28.449,25.014
2017-03-06,31.827,28.152,24.477
2017-03-03,31.652,27.865,24.079
2017-03-02,31.931,27.537,23.144
2017-03-01,31.824,27.343,22.863
2017-02-28,31.870,27.078,22.287
2017-02-27,31.817,26.723,21.630
2017-02-24,31.649,26.399,21.150
2017-02-23,31.466,26.061,20.657
2017-02-22,31.616,25.695,19.774
2017-02-21,31.976,25.278,18.581
2017-02-20,32.305,24.735,17.165
2017-02-17,32.680,24.138,15.597
2017-02-16,32.920,23.443,13.967
2017-02-15,32.834,22.616,12.398
2017-02-14,32.100,21.614,11.129
2017-02-13,31.160,20.569,9.978
2017-02-10,30.618,19.618,8.619
2017-02-09,nan,nan,nan
2017-02-08,nan,nan,nan
2017-02-07,nan,nan,nan
2017-02-06,nan,nan,nan
2017-02-03,nan,nan,nan
2017-02-02,nan,nan,nan
2017-01-26,nan,nan,nan
2017-01-25,nan,nan,nan
2017-01-24,nan,nan,nan
2017-01-23,nan,nan,nan
2017-01-20,nan,nan,nan
2017-01-19,nan,nan,nan
2017-01-18,nan,nan,nan
2017-01-17,nan,nan,nan
2017-01-16,nan,nan,nan
2017-01-13,nan,nan,nan
2017-01-12,nan,nan,nan
2017-01-11,nan,nan,nan
2017-01-10,nan,nan,nan
