Not
2017-03-17@15:00:00,-0.119,-0.141,0.022
2017-03-17@14:00:00,-0.102,-0.147,0.045
2017-03-17@11:30:00,-0.119,-0.158,0.039
2017-03-17@10:30:00,-0.142,-0.168,0.025
2017-03-16@15:00:00,-0.171,-0.174,0.003
2017-03-16@14:00:00,-0.175,-0.175,-0.001
2017-03-16@11:30:00,-0.183,-0.175,-0.008
2017-03-16@10:30:00,-0.189,-0.173,-0.016
2017-03-15@15:00:00,-0.205,-0.169,-0.036
2017-03-15@14:00:00,-0.189,-0.160,-0.030
2017-03-15@11:30:00,-0.177,-0.152,-0.025
2017-03-15@10:30:00,-0.161,-0.146,-0.015
2017-03-14@15:00:00,-0.130,-0.142,0.012
2017-03-14@14:00:00,-0.125,-0.145,0.021
2017-03-14@11:30:00,-0.134,-0.150,0.017
2017-03-14@10:30:00,-0.154,-0.154,0.000
2017-03-13@15:00:00,-0.169,-0.155,-0.015
2017-03-13@14:00:00,-0.186,-0.151,-0.035
2017-03-13@11:30:00,-0.199,-0.142,-0.056
2017-03-13@10:30:00,-0.185,-0.128,-0.057
2017-03-10@15:00:00,-0.165,-0.114,-0.052
2017-03-10@14:00:00,-0.159,-0.101,-0.058
2017-03-10@11:30:00,-0.156,-0.086,-0.070
2017-03-10@10:30:00,-0.140,-0.069,-0.071
2017-03-09@15:00:00,-0.124,-0.051,-0.073
2017-03-09@14:00:00,-0.099,-0.033,-0.067
2017-03-09@11:30:00,-0.072,-0.016,-0.056
2017-03-09@10:30:00,-0.046,-0.002,-0.043
2017-03-08@15:00:00,-0.010,0.009,-0.019
2017-03-08@14:00:00,0.004,0.013,-0.009
2017-03-08@11:30:00,0.011,0.016,-0.005
2017-03-08@10:30:00,0.021,0.017,0.004
2017-03-07@15:00:00,0.019,0.016,0.003
2017-03-07@14:00:00,0.019,0.015,0.004
2017-03-07@11:30:00,0.016,0.014,0.002
2017-03-07@10:30:00,0.012,0.014,-0.002
2017-03-06@15:00:00,-0.003,0.014,-0.017
2017-03-06@14:00:00,-0.035,0.018,-0.053
2017-03-06@11:30:00,-0.047,0.032,-0.079
2017-03-06@10:30:00,-0.051,0.051,-0.102
2017-03-03@15:00:00,-0.056,0.077,-0.133
2017-03-03@14:00:00,-0.032,0.110,-0.142
2017-03-03@11:30:00,0.001,0.146,-0.145
2017-03-03@10:30:00,0.033,0.182,-0.148
2017-03-02@15:00:00,0.091,0.219,-0.128
2017-03-02@14:00:00,0.130,0.251,-0.121
2017-03-02@11:30:00,0.164,0.281,-0.117
2017-03-02@10:30:00,0.220,0.310,-0.091
2017-03-01@15:00:00,0.275,0.333,-0.058
2017-03-01@14:00:00,0.326,0.347,-0.021
2017-03-01@11:30:00,0.354,0.353,0.001
2017-03-01@10:30:00,0.378,0.352,0.026
2017-02-28@15:00:00,0.399,0.346,0.053
2017-02-28@14:00:00,0.400,0.333,0.068
2017-02-28@11:30:00,0.419,0.316,0.103
2017-02-28@10:30:00,0.400,0.290,0.110
2017-02-27@15:00:00,0.368,0.262,0.106
2017-02-27@14:00:00,0.352,0.236,0.116
2017-02-27@11:30:00,0.314,0.207,0.107
2017-02-27@10:30:00,0.251,0.180,0.071
2017-02-24@15:00:00,0.197,0.162,0.035
2017-02-24@14:00:00,0.147,0.154,-0.006
2017-02-24@11:30:00,0.123,0.155,-0.033
2017-02-24@10:30:00,0.116,0.163,-0.048
2017-02-23@15:00:00,0.126,0.175,-0.050
2017-02-23@14:00:00,0.142,0.188,-0.046
2017-02-23@11:30:00,0.167,0.199,-0.032
2017-02-23@10:30:00,0.198,0.207,-0.009
2017-02-22@15:00:00,0.235,0.210,0.026
2017-02-22@14:00:00,0.242,0.203,0.039
2017-02-22@11:30:00,0.233,0.193,0.040
2017-02-22@10:30:00,0.213,0.183,0.030
2017-02-21@15:00:00,0.192,0.176,0.016
2017-02-21@14:00:00,0.178,0.172,0.006
2017-02-21@11:30:00,0.159,0.170,-0.011
2017-02-21@10:30:00,0.160,0.173,-0.014
2017-02-20@15:00:00,0.159,0.176,-0.017
2017-02-20@14:00:00,0.159,0.181,-0.022
2017-02-20@11:30:00,0.164,0.186,-0.022
2017-02-20@10:30:00,0.166,0.192,-0.026
2017-02-17@15:00:00,0.159,0.198,-0.040
2017-02-17@14:00:00,0.188,0.208,-0.020
2017-02-17@11:30:00,0.210,0.213,-0.003
2017-02-17@10:30:00,0.218,0.214,0.004
2017-02-16@15:00:00,0.208,0.213,-0.004
2017-02-16@14:00:00,0.176,0.214,-0.038
2017-02-16@11:30:00,0.118,0.223,-0.105
2017-02-16@10:30:00,0.140,0.250,-0.110
2017-02-15@15:00:00,0.167,0.277,-0.110
2017-02-15@14:00:00,0.202,0.305,-0.103
2017-02-15@11:30:00,0.230,0.330,-0.101
2017-02-15@10:30:00,0.249,0.356,-0.106
2017-02-14@15:00:00,0.286,0.382,-0.096
2017-02-14@14:00:00,0.312,0.406,-0.094
2017-02-14@11:30:00,0.347,0.430,-0.083
2017-02-14@10:30:00,0.390,0.451,-0.060
2017-02-13@15:00:00,0.433,0.466,-0.032
2017-02-13@14:00:00,0.462,0.474,-0.012
2017-02-13@11:30:00,0.482,0.477,0.005
2017-02-13@10:30:00,0.493,0.476,0.017
2017-02-10@15:00:00,0.503,0.471,0.031
2017-02-10@14:00:00,0.545,0.463,0.082
2017-02-10@11:30:00,0.568,0.443,0.125
2017-02-10@10:30:00,0.591,0.412,0.179
2017-02-09@15:00:00,0.593,0.367,0.226
2017-02-09@14:00:00,0.555,0.310,0.244
2017-02-09@11:30:00,0.504,0.249,0.255
2017-02-09@10:30:00,0.437,0.186,0.252
2017-02-08@15:00:00,0.333,0.123,0.210
2017-02-08@14:00:00,0.215,0.070,0.145
2017-02-08@11:30:00,0.063,0.034,0.029
2017-02-08@10:30:00,0.054,0.027,0.028
2017-02-07@15:00:00,0.050,0.020,0.030
2017-02-07@14:00:00,0.045,0.012,0.033
2017-02-07@11:30:00,0.039,0.004,0.035
2017-02-07@10:30:00,0.038,-0.005,0.042
2017-02-06@15:00:00,0.026,-0.015,0.041
2017-02-06@14:00:00,0.018,-0.026,0.044
2017-02-06@11:30:00,0.006,-0.037,0.043
2017-02-06@10:30:00,-0.021,-0.047,0.027
2017-02-03@15:00:00,-0.028,-0.054,0.026
2017-02-03@14:00:00,-0.030,-0.060,0.031
2017-02-03@11:30:00,-0.039,-0.068,0.029
2017-02-03@10:30:00,-0.036,-0.075,0.039
2017-01-26@15:00:00,-0.038,-0.085,0.047
2017-01-26@14:00:00,-0.053,-0.097,0.044
2017-01-26@11:30:00,-0.066,-0.108,0.042
2017-01-26@10:30:00,-0.075,-0.118,0.043
2017-01-25@15:00:00,-0.091,-0.129,0.038
2017-01-25@14:00:00,-0.099,-0.139,0.039
2017-01-25@11:30:00,-0.102,-0.148,0.046
2017-01-25@10:30:00,-0.113,-0.160,0.047
2017-01-24@15:00:00,-0.114,-0.172,0.057
2017-01-24@14:00:00,-0.112,-0.186,0.074
2017-01-24@11:30:00,-0.116,-0.205,0.089
2017-01-24@10:30:00,-0.121,-0.227,0.106
2017-01-23@15:00:00,-0.128,-0.253,0.126
2017-01-23@14:00:00,-0.151,-0.285,0.133
2017-01-23@11:30:00,-0.179,-0.318,0.139
2017-01-23@10:30:00,-0.222,-0.353,0.131
2017-01-20@15:00:00,-0.261,-0.386,0.125
2017-01-20@14:00:00,-0.301,-0.417,0.116
2017-01-20@11:30:00,-0.347,-0.446,0.099
2017-01-20@10:30:00,-0.410,-0.471,0.061
2017-01-19@15:00:00,-0.458,-0.486,0.028
2017-01-19@14:00:00,-0.482,-0.493,0.011
2017-01-19@11:30:00,-0.500,-0.496,-0.004
2017-01-19@10:30:00,-0.526,-0.495,-0.031
2017-01-18@15:00:00,-0.525,-0.487,-0.038
2017-01-18@14:00:00,-0.532,-0.477,-0.054
2017-01-18@11:30:00,-0.548,-0.464,-0.084
2017-01-18@10:30:00,-0.557,-0.443,-0.114
2017-01-17@15:00:00,-0.554,-0.414,-0.140
2017-01-17@14:00:00,-0.569,-0.379,-0.190
2017-01-17@11:30:00,-0.569,-0.331,-0.237
2017-01-17@10:30:00,-0.485,-0.272,-0.213
2017-01-16@15:00:00,-0.392,-0.219,-0.173
2017-01-16@14:00:00,-0.270,-0.176,-0.094
2017-01-16@11:30:00,-0.226,-0.152,-0.074
2017-01-16@10:30:00,-0.195,-0.134,-0.062
2017-01-13@15:00:00,-0.165,-0.118,-0.047
2017-01-13@14:00:00,-0.141,-0.106,-0.035
2017-01-13@11:30:00,-0.133,-0.098,-0.036
2017-01-13@10:30:00,-0.133,-0.089,-0.044
2017-01-12@15:00:00,-0.125,-0.078,-0.047
2017-01-12@14:00:00,-0.108,-0.066,-0.042
2017-01-12@11:30:00,-0.086,-0.055,-0.031
2017-01-12@10:30:00,-0.074,-0.048,-0.026
2017-01-11@15:00:00,-0.058,-0.041,-0.017
2017-01-11@14:00:00,-0.047,-0.037,-0.010
2017-01-11@11:30:00,-0.038,-0.035,-0.003
2017-01-11@10:30:00,-0.026,-0.034,0.008
2017-01-10@15:00:00,-0.027,-0.036,0.009
2017-01-10@14:00:00,-0.024,-0.038,0.014
2017-01-10@11:30:00,-0.038,-0.042,0.004
2017-01-10@10:30:00,-0.047,-0.043,-0.004
2017-01-09@15:00:00,-0.047,-0.041,-0.005
2017-01-09@14:00:00,-0.049,-0.040,-0.009
2017-01-09@11:30:00,-0.048,-0.038,-0.010
2017-01-09@10:30:00,-0.050,-0.035,-0.014
2017-01-06@15:00:00,-0.044,-0.032,-0.013
2017-01-06@14:00:00,-0.030,-0.028,-0.002
2017-01-06@11:30:00,-0.010,-0.028,0.018
2017-01-06@10:30:00,0.001,-0.033,0.034
2017-01-05@15:00:00,0.026,-0.041,0.067
2017-01-05@14:00:00,0.020,-0.058,0.078
2017-01-05@11:30:00,0.001,-0.077,0.078
2017-01-05@10:30:00,-0.025,-0.097,0.072
2017-01-04@15:00:00,-0.038,-0.115,0.076
2017-01-04@14:00:00,-0.057,-0.134,0.077
2017-01-04@11:30:00,-0.080,-0.153,0.073
2017-01-04@10:30:00,-0.114,-0.171,0.057
2017-01-03@15:00:00,-0.127,-0.185,0.058
2017-01-03@14:00:00,-0.143,-0.200,0.056
2017-01-03@11:30:00,-0.167,-0.214,0.047
2017-01-03@10:30:00,-0.199,-0.226,0.027
2016-12-30@15:00:00,-0.233,-0.232,-0.001
2016-12-30@14:00:00,-0.240,-0.232,-0.008
2016-12-30@11:30:00,-0.251,-0.230,-0.020
2016-12-30@10:30:00,-0.248,-0.225,-0.022
2016-12-29@15:00:00,-0.249,-0.220,-0.030
2016-12-29@14:00:00,-0.228,-0.212,-0.016
2016-12-29@11:30:00,-0.218,-0.208,-0.010
2016-12-29@10:30:00,-0.215,-0.206,-0.009
2016-12-28@15:00:00,-0.199,-0.203,0.004
2016-12-28@14:00:00,-0.191,-0.204,0.013
2016-12-28@11:30:00,-0.196,-0.208,0.011
2016-12-28@10:30:00,-0.200,-0.211,0.011
2016-12-27@15:00:00,-0.200,-0.213,0.013
2016-12-27@14:00:00,-0.202,-0.217,0.015
2016-12-27@11:30:00,-0.210,-0.220,0.010
2016-12-27@10:30:00,-0.217,-0.223,0.006
2016-12-26@15:00:00,-0.229,-0.225,-0.004
2016-12-26@14:00:00,-0.253,-0.223,-0.029
2016-12-26@11:30:00,-0.247,-0.216,-0.031
2016-12-26@10:30:00,-0.218,-0.209,-0.010
2016-12-23@15:00:00,-0.169,-0.206,0.037
2016-12-23@14:00:00,-0.158,-0.215,0.058
2016-12-23@11:30:00,-0.158,-0.230,0.071
2016-12-23@10:30:00,-0.170,-0.248,0.078
2016-12-22@15:00:00,-0.188,-0.267,0.079
2016-12-22@14:00:00,-0.203,-0.287,0.084
2016-12-22@11:30:00,-0.219,-0.308,0.089
2016-12-22@10:30:00,-0.227,-0.330,0.103
2016-12-21@15:00:00,-0.230,-0.356,0.125
2016-12-21@14:00:00,-0.265,-0.387,0.122
2016-12-21@11:30:00,-0.294,-0.417,0.124
2016-12-21@10:30:00,-0.323,-0.448,0.125
2016-12-20@15:00:00,-0.367,-0.479,0.112
2016-12-20@14:00:00,-0.397,-0.507,0.111
2016-12-20@11:30:00,-0.423,-0.535,0.112
2016-12-20@10:30:00,-0.452,-0.563,0.111
2016-12-19@15:00:00,-0.474,-0.591,0.117
2016-12-19@14:00:00,-0.495,-0.620,0.126
2016-12-19@11:30:00,-0.519,-0.652,0.133
2016-12-19@10:30:00,-0.540,-0.685,0.145
2016-12-16@15:00:00,-0.565,-0.721,0.156
2016-12-16@14:00:00,-0.608,-0.760,0.152
2016-12-16@11:30:00,-0.656,-0.798,0.142
2016-12-16@10:30:00,-0.705,-0.834,0.129
2016-12-15@15:00:00,-0.767,-0.866,0.099
2016-12-15@14:00:00,-0.820,-0.891,0.070
2016-12-15@11:30:00,-0.866,-0.908,0.042
2016-12-15@10:30:00,-0.925,-0.919,-0.006
2016-12-14@15:00:00,-0.972,-0.917,-0.055
2016-12-14@14:00:00,-0.994,-0.903,-0.091
2016-12-14@11:30:00,-1.013,-0.881,-0.133
2016-12-14@10:30:00,-1.029,-0.847,-0.182
2016-12-13@15:00:00,-1.029,-0.802,-0.227
2016-12-13@14:00:00,-1.004,-0.745,-0.259
2016-12-13@11:30:00,-0.961,-0.680,-0.280
2016-12-13@10:30:00,-0.881,-0.610,-0.271
2016-12-12@15:00:00,-0.775,-0.543,-0.233
2016-12-12@14:00:00,-0.665,-0.484,-0.180
2016-12-12@11:30:00,-0.578,-0.439,-0.139
2016-12-12@10:30:00,-0.484,-0.405,-0.079
2016-12-09@15:00:00,-0.410,-0.385,-0.026
2016-12-09@14:00:00,-0.410,-0.378,-0.032
2016-12-09@11:30:00,-0.403,-0.370,-0.033
2016-12-09@10:30:00,-0.405,-0.362,-0.043
2016-12-08@15:00:00,-0.385,-0.351,-0.034
2016-12-08@14:00:00,-0.368,-0.343,-0.026
2016-12-08@11:30:00,-0.357,-0.336,-0.020
2016-12-08@10:30:00,-0.351,-0.331,-0.020
2016-12-07@15:00:00,-0.349,-0.326,-0.023
2016-12-07@14:00:00,-0.368,-0.320,-0.048
2016-12-07@11:30:00,-0.390,-0.308,-0.081
2016-12-07@10:30:00,-0.392,-0.288,-0.104
2016-12-06@15:00:00,-0.373,-0.262,-0.111
2016-12-06@14:00:00,-0.365,-0.234,-0.130
2016-12-06@11:30:00,-0.355,-0.202,-0.153
2016-12-06@10:30:00,-0.330,-0.164,-0.166
2016-12-05@15:00:00,-0.302,-0.122,-0.180
2016-12-05@14:00:00,-0.258,-0.077,-0.181
2016-12-05@11:30:00,-0.202,-0.032,-0.171
2016-12-05@10:30:00,-0.146,0.011,-0.157
2016-12-02@15:00:00,-0.059,0.050,-0.109
2016-12-02@14:00:00,0.007,0.077,-0.070
2016-12-02@11:30:00,0.037,0.095,-0.057
2016-12-02@10:30:00,0.078,0.109,-0.031
2016-12-01@15:00:00,0.094,0.117,-0.023
2016-12-01@14:00:00,0.103,0.122,-0.020
2016-12-01@11:30:00,0.129,0.127,0.001
2016-12-01@10:30:00,0.150,0.127,0.023
2016-11-30@15:00:00,0.153,0.121,0.032
2016-11-30@14:00:00,0.159,0.113,0.045
2016-11-30@11:30:00,0.155,0.102,0.053
2016-11-30@10:30:00,0.147,0.089,0.058
2016-10-13@15:00:00,0.123,0.074,0.049
2016-10-13@14:00:00,0.134,0.062,0.072
2016-10-13@11:30:00,0.140,0.044,0.096
2016-10-13@10:30:00,0.149,0.020,0.129
2016-10-12@15:00:00,0.147,-0.012,0.159
2016-10-12@14:00:00,0.128,-0.052,0.180
2016-10-12@11:30:00,0.111,-0.097,0.208
2016-10-12@10:30:00,0.079,-0.149,0.229
2016-10-11@15:00:00,0.041,-0.206,0.247
2016-10-11@14:00:00,-0.092,-0.268,0.176
2016-10-11@11:30:00,-0.191,-0.312,0.121
2016-10-11@10:30:00,-0.216,-0.342,0.127
2016-10-10@15:00:00,-0.235,-0.374,0.139
2016-10-10@14:00:00,-0.279,-0.409,0.130
2016-10-10@11:30:00,-0.325,-0.441,0.116
2016-10-10@10:30:00,-0.402,-0.470,0.069
2016-09-30@15:00:00,-0.438,-0.488,0.050
2016-09-30@14:00:00,-0.455,-0.500,0.045
2016-09-30@11:30:00,-0.475,-0.511,0.037
2016-09-30@10:30:00,-0.490,-0.521,0.031
2016-09-29@15:00:00,-0.510,-0.528,0.019
2016-09-29@14:00:00,-0.523,-0.533,0.010
2016-09-29@11:30:00,-0.536,-0.535,-0.000
2016-09-29@10:30:00,-0.548,-0.535,-0.012
2016-09-28@15:00:00,-0.557,-0.532,-0.025
2016-09-28@14:00:00,-0.570,-0.526,-0.044
2016-09-28@11:30:00,-0.585,-0.515,-0.070
2016-09-28@10:30:00,-0.603,-0.498,-0.105
2016-09-27@15:00:00,-0.633,-0.471,-0.162
2016-09-27@14:00:00,nan,nan,nan
2016-09-27@11:30:00,nan,nan,nan
2016-09-27@10:30:00,nan,nan,nan
2016-09-26@15:00:00,nan,nan,nan
2016-09-26@14:00:00,nan,nan,nan
2016-09-26@11:30:00,nan,nan,nan
2016-09-26@10:30:00,nan,nan,nan
2016-09-23@15:00:00,nan,nan,nan
2016-09-23@14:00:00,nan,nan,nan
2016-09-23@11:30:00,nan,nan,nan
2016-09-23@10:30:00,nan,nan,nan
2016-09-22@15:00:00,nan,nan,nan
2016-09-22@14:00:00,nan,nan,nan
2016-09-22@11:30:00,nan,nan,nan
2016-09-22@10:30:00,nan,nan,nan
2016-09-21@15:00:00,nan,nan,nan
2016-09-21@14:00:00,nan,nan,nan
2016-09-21@11:30:00,nan,nan,nan
2016-09-21@10:30:00,nan,nan,nan
2016-09-20@15:00:00,nan,nan,nan
2016-09-20@14:00:00,nan,nan,nan
2016-09-20@11:30:00,nan,nan,nan
2016-09-20@10:30:00,nan,nan,nan
2016-09-19@15:00:00,nan,nan,nan
2016-09-19@14:00:00,nan,nan,nan
2016-09-19@11:30:00,nan,nan,nan
2016-09-19@10:30:00,nan,nan,nan
2016-09-14@15:00:00,nan,nan,nan
2016-09-14@14:00:00,nan,nan,nan
2016-09-14@11:30:00,nan,nan,nan
2016-09-14@10:30:00,nan,nan,nan
2016-09-13@15:00:00,nan,nan,nan
2016-09-13@14:00:00,nan,nan,nan
