Not
2017-06-30,-0.341,-0.599,0.258
2017-06-29,-0.451,-0.663,0.212
2017-06-28,-0.491,-0.716,0.226
2017-06-27,-0.507,-0.773,0.266
2017-06-26,-0.555,-0.839,0.284
2017-06-23,-0.632,-0.910,0.279
2017-06-22,-0.688,-0.980,0.292
2017-06-21,-0.678,-1.053,0.375
2017-06-20,-0.737,-1.147,0.410
2017-06-19,-0.845,-1.250,0.404
2017-06-16,-0.996,-1.351,0.355
2017-06-15,-1.099,-1.439,0.341
2017-06-14,-1.250,-1.524,0.274
2017-06-13,-1.357,-1.593,0.236
2017-06-12,-1.455,-1.652,0.197
2017-06-09,-1.468,-1.701,0.233
2017-06-08,-1.599,-1.760,0.160
2017-06-07,-1.732,-1.800,0.067
2017-06-06,-1.881,-1.817,-0.065
2017-06-05,-1.961,-1.800,-0.160
2017-06-02,-2.019,-1.760,-0.258
2017-06-01,-2.021,-1.696,-0.325
2017-05-31,-1.927,-1.615,-0.313
2017-05-26,-1.903,-1.536,-0.366
2017-05-25,-1.842,-1.445,-0.397
2017-05-24,-1.720,-1.345,-0.374
2017-05-23,-1.561,-1.252,-0.309
2017-05-22,-1.308,-1.175,-0.134
2017-05-19,-1.151,-1.141,-0.010
2017-05-18,-1.101,-1.139,0.037
2017-05-17,-1.100,-1.148,0.048
2017-05-16,-1.118,-1.160,0.042
2017-05-15,-1.117,-1.171,0.054
2017-05-12,-1.066,-1.184,0.118
2017-05-11,-1.053,-1.213,0.161
2017-05-10,-1.109,-1.254,0.144
2017-05-09,-1.131,-1.290,0.159
2017-05-08,-1.201,-1.329,0.129
2017-05-05,-1.173,-1.362,0.189
2017-05-04,-1.191,-1.409,0.218
2017-05-03,-1.217,-1.463,0.247
2017-05-02,-1.309,-1.525,0.216
2017-04-28,-1.413,-1.579,0.166
2017-04-27,-1.529,-1.620,0.092
2017-04-26,-1.662,-1.643,-0.018
2017-04-25,-1.742,-1.639,-0.103
2017-04-24,-1.830,-1.613,-0.217
2017-04-21,-1.846,-1.559,-0.288
2017-04-20,-1.880,-1.487,-0.393
2017-04-19,-1.875,-1.389,-0.486
2017-04-18,-1.886,-1.267,-0.618
2017-04-17,-1.768,-1.112,-0.656
2017-04-14,-1.586,-0.949,-0.637
2017-04-13,-1.466,-0.789,-0.677
2017-04-12,-1.366,-0.620,-0.746
2017-04-11,-1.208,-0.434,-0.774
2017-04-10,-1.055,-0.240,-0.815
2017-04-07,-0.766,-0.036,-0.729
2017-04-06,-0.597,0.146,-0.743
2017-04-05,-0.456,0.332,-0.788
2017-03-31,-0.258,0.529,-0.786
2017-03-30,0.087,0.725,-0.638
2017-03-29,0.550,0.885,-0.335
2017-03-28,0.948,0.969,-0.021
2017-03-27,1.034,0.974,0.060
2017-03-24,1.092,0.959,0.133
2017-03-23,1.069,0.926,0.143
2017-03-22,0.984,0.890,0.093
2017-03-21,0.964,0.867,0.098
2017-03-20,0.944,0.842,0.102
2017-03-17,0.930,0.817,0.113
2017-03-16,0.983,0.789,0.194
2017-03-15,0.903,0.740,0.162
2017-03-14,0.963,0.700,0.263
2017-03-13,0.960,0.634,0.326
2017-03-10,0.951,0.552,0.399
2017-03-09,1.047,0.453,0.595
2017-03-08,1.002,0.304,0.698
2017-03-07,0.846,0.130,0.716
2017-03-06,0.631,-0.050,0.680
2017-03-03,0.271,-0.220,0.490
2017-03-02,0.088,-0.342,0.430
2017-03-01,0.009,-0.450,0.458
2017-02-28,-0.046,-0.564,0.518
2017-02-27,-0.156,-0.694,0.538
2017-02-24,-0.236,-0.828,0.592
2017-02-23,-0.402,-0.976,0.574
2017-02-22,-0.533,-1.120,0.587
2017-02-21,-0.688,-1.267,0.578
2017-02-20,-0.826,-1.411,0.585
2017-02-17,-0.910,-1.557,0.647
2017-02-16,-1.080,-1.719,0.639
2017-02-15,-1.274,-1.879,0.605
2017-02-14,-1.445,-2.030,0.585
2017-02-13,-1.605,-2.177,0.572
2017-02-10,-1.787,-2.320,0.533
2017-02-09,-1.897,-2.453,0.556
2017-02-08,-2.099,-2.592,0.493
2017-02-07,-2.312,-2.715,0.403
2017-02-06,-2.487,-2.816,0.329
2017-02-03,-2.741,-2.898,0.157
2017-01-26,-2.861,-2.937,0.076
2017-01-25,-3.011,-2.956,-0.055
2017-01-24,-3.134,-2.942,-0.192
2017-01-23,-3.170,-2.894,-0.276
2017-01-20,-3.278,-2.825,-0.453
2017-01-19,-3.342,-2.712,-0.630
2017-01-18,-3.270,-2.554,-0.715
2017-01-17,-3.072,-2.376,-0.696
2017-01-16,-2.932,-2.202,-0.730
2017-01-13,-2.516,-2.019,-0.497
2017-01-12,-2.221,-1.895,-0.326
2017-01-11,-1.997,-1.813,-0.184
2017-01-10,-1.827,-1.767,-0.059
2017-01-09,-1.791,-1.753,-0.038
2017-01-06,-1.765,-1.743,-0.022
2017-01-05,-1.705,-1.737,0.032
2017-01-04,-1.797,-1.745,-0.051
2017-01-03,-1.969,-1.733,-0.236
2016-12-30,-2.141,-1.674,-0.468
2016-12-29,-2.104,-1.557,-0.548
2016-12-28,-2.022,-1.420,-0.603
2016-12-27,-1.920,-1.269,-0.651
2016-12-26,-1.832,-1.106,-0.726
2016-12-23,-1.748,-0.925,-0.824
2016-12-22,-1.610,-0.719,-0.891
2016-12-21,-1.616,-0.496,-1.119
2016-12-20,-1.563,-0.216,-1.347
2016-12-19,-1.441,0.120,-1.561
2016-12-16,-1.260,0.511,-1.770
2016-12-15,-1.088,0.953,-2.041
2016-12-14,-0.771,1.463,-2.234
2016-12-13,-0.231,2.022,-2.253
2016-12-12,0.340,2.585,-2.245
2016-12-09,1.105,3.146,-2.042
2016-12-08,1.562,3.657,-2.095
2016-12-07,1.915,4.181,-2.266
2016-12-06,2.262,4.747,-2.485
2016-12-05,2.736,5.368,-2.632
2016-12-02,3.357,6.026,-2.669
2016-12-01,3.942,6.694,-2.752
2016-11-30,4.401,7.382,-2.981
2016-11-29,nan,nan,nan
2016-11-28,nan,nan,nan
2016-11-25,nan,nan,nan
2016-11-24,nan,nan,nan
2016-11-23,nan,nan,nan
2016-11-22,nan,nan,nan
2016-11-21,nan,nan,nan
2016-11-18,nan,nan,nan
2016-11-17,nan,nan,nan
2016-11-16,nan,nan,nan
2016-11-15,nan,nan,nan
2016-11-14,nan,nan,nan
2016-11-11,nan,nan,nan
2016-11-10,nan,nan,nan
2016-11-09,nan,nan,nan
2016-11-08,nan,nan,nan
2016-11-07,nan,nan,nan
2016-11-04,nan,nan,nan
2016-11-03,nan,nan,nan
2016-11-02,nan,nan,nan
2016-10-28,nan,nan,nan
2016-10-27,nan,nan,nan
2016-10-26,nan,nan,nan
2016-10-25,nan,nan,nan
2016-10-24,nan,nan,nan
2016-10-21,nan,nan,nan
2016-10-20,nan,nan,nan
2016-10-19,nan,nan,nan
2016-10-18,nan,nan,nan
2016-10-17,nan,nan,nan
2016-10-14,nan,nan,nan
2016-10-13,nan,nan,nan
2016-10-12,nan,nan,nan
