2017-03-17@15:00:00,27.543,26.839,26.136
2017-03-17@14:00:00,27.504,26.806,26.109
2017-03-17@11:30:00,27.378,26.760,26.142
2017-03-17@10:30:00,27.271,26.716,26.160
2017-03-16@15:00:00,27.165,26.684,26.203
2017-03-16@14:00:00,27.097,26.635,26.172
2017-03-16@11:30:00,27.024,26.585,26.145
2017-03-16@10:30:00,26.937,26.525,26.113
2017-03-15@15:00:00,26.915,26.479,26.042
2017-03-15@14:00:00,26.903,26.448,25.993
2017-03-15@11:30:00,26.885,26.419,25.953
2017-03-15@10:30:00,26.850,26.393,25.935
2017-03-14@15:00:00,26.831,26.379,25.927
2017-03-14@14:00:00,26.841,26.385,25.928
2017-03-14@11:30:00,26.852,26.391,25.929
2017-03-14@10:30:00,26.859,26.394,25.929
2017-03-13@15:00:00,26.866,26.397,25.928
2017-03-13@14:00:00,26.849,26.371,25.893
2017-03-13@11:30:00,26.806,26.341,25.875
2017-03-13@10:30:00,26.772,26.316,25.860
2017-03-10@15:00:00,26.756,26.293,25.829
2017-03-10@14:00:00,26.757,26.256,25.754
2017-03-10@11:30:00,26.719,26.220,25.722
2017-03-10@10:30:00,26.693,26.188,25.684
2017-03-09@15:00:00,26.646,26.134,25.622
2017-03-09@14:00:00,26.637,26.124,25.611
2017-03-09@11:30:00,26.632,26.117,25.603
2017-03-09@10:30:00,26.632,26.114,25.596
2017-03-08@15:00:00,26.632,26.115,25.599
2017-03-08@14:00:00,26.630,26.108,25.587
2017-03-08@11:30:00,26.628,26.105,25.583
2017-03-08@10:30:00,26.621,26.099,25.578
2017-03-07@15:00:00,26.603,26.088,25.574
2017-03-07@14:00:00,26.539,26.066,25.593
2017-03-07@11:30:00,26.461,26.029,25.598
2017-03-07@10:30:00,26.370,25.997,25.625
2017-03-06@15:00:00,26.220,25.963,25.707
2017-03-06@14:00:00,26.209,25.949,25.690
2017-03-06@11:30:00,26.203,25.947,25.692
2017-03-06@10:30:00,26.233,25.954,25.675
2017-03-03@15:00:00,26.312,25.972,25.633
2017-03-03@14:00:00,26.386,26.005,25.624
2017-03-03@11:30:00,26.494,26.039,25.585
2017-03-03@10:30:00,26.541,26.067,25.593
2017-03-02@15:00:00,26.663,26.129,25.595
2017-03-02@14:00:00,26.671,26.138,25.606
2017-03-02@11:30:00,26.681,26.149,25.617
2017-03-02@10:30:00,26.680,26.157,25.634
2017-03-01@15:00:00,26.681,26.154,25.628
2017-03-01@14:00:00,26.699,26.174,25.650
2017-03-01@11:30:00,26.705,26.183,25.662
2017-03-01@10:30:00,26.712,26.193,25.674
2017-02-28@15:00:00,26.719,26.202,25.686
2017-02-28@14:00:00,26.733,26.216,25.699
2017-02-28@11:30:00,26.721,26.239,25.757
2017-02-28@10:30:00,26.709,26.255,25.801
2017-02-27@15:00:00,26.699,26.273,25.848
2017-02-27@14:00:00,26.834,26.245,25.657
2017-02-27@11:30:00,26.932,26.205,25.479
2017-02-27@10:30:00,26.996,26.153,25.311
2017-02-24@15:00:00,27.072,26.079,25.086
2017-02-24@14:00:00,27.230,25.970,24.709
2017-02-24@11:30:00,27.286,25.852,24.418
2017-02-24@10:30:00,27.317,25.742,24.168
2017-02-23@15:00:00,27.219,25.618,24.017
2017-02-23@14:00:00,27.204,25.520,23.836
2017-02-23@11:30:00,27.162,25.418,23.673
2017-02-23@10:30:00,27.115,25.322,23.530
2017-02-22@15:00:00,27.065,25.235,23.404
2017-02-22@14:00:00,26.943,25.120,23.298
2017-02-22@11:30:00,26.812,25.017,23.223
2017-02-22@10:30:00,26.647,24.921,23.195
2017-02-21@15:00:00,26.453,24.823,23.193
2017-02-21@14:00:00,26.206,24.716,23.226
2017-02-21@11:30:00,25.934,24.616,23.298
2017-02-21@10:30:00,25.626,24.522,23.418
2017-02-20@15:00:00,25.179,24.423,23.667
2017-02-20@14:00:00,25.040,24.383,23.727
2017-02-20@11:30:00,24.859,24.339,23.819
2017-02-20@10:30:00,24.617,24.290,23.962
2017-02-17@15:00:00,24.430,24.247,24.064
2017-02-17@14:00:00,24.436,24.239,24.042
2017-02-17@11:30:00,24.436,24.234,24.032
2017-02-17@10:30:00,24.440,24.227,24.014
2017-02-16@15:00:00,24.425,24.216,24.008
2017-02-16@14:00:00,24.457,24.197,23.938
2017-02-16@11:30:00,24.479,24.181,23.883
2017-02-16@10:30:00,24.505,24.160,23.815
2017-02-15@15:00:00,24.508,24.145,23.781
2017-02-15@14:00:00,24.524,24.131,23.738
2017-02-15@11:30:00,24.530,24.113,23.697
2017-02-15@10:30:00,24.517,24.086,23.655
2017-02-14@15:00:00,24.505,24.056,23.608
2017-02-14@14:00:00,24.489,24.042,23.596
2017-02-14@11:30:00,24.462,24.022,23.582
2017-02-14@10:30:00,24.424,23.996,23.568
2017-02-13@15:00:00,24.382,23.976,23.570
2017-02-13@14:00:00,24.294,23.942,23.590
2017-02-13@11:30:00,24.216,23.908,23.600
2017-02-13@10:30:00,24.163,23.892,23.622
2017-02-10@15:00:00,24.146,23.886,23.625
2017-02-10@14:00:00,24.131,23.863,23.594
2017-02-10@11:30:00,24.091,23.837,23.584
2017-02-10@10:30:00,24.057,23.816,23.574
2017-02-09@15:00:00,23.994,23.790,23.586
2017-02-09@14:00:00,24.010,23.795,23.580
2017-02-09@11:30:00,24.065,23.808,23.551
2017-02-09@10:30:00,24.115,23.825,23.535
2017-02-08@15:00:00,24.160,23.838,23.516
2017-02-08@14:00:00,24.202,23.855,23.508
2017-02-08@11:30:00,24.247,23.873,23.500
2017-02-08@10:30:00,24.285,23.893,23.502
2017-02-07@15:00:00,24.299,23.910,23.522
2017-02-07@14:00:00,24.328,23.923,23.518
2017-02-07@11:30:00,24.348,23.935,23.523
2017-02-07@10:30:00,24.348,23.938,23.528
2017-02-06@15:00:00,24.347,23.933,23.518
2017-02-06@14:00:00,24.348,23.932,23.515
2017-02-06@11:30:00,24.343,23.937,23.530
2017-02-06@10:30:00,24.345,23.926,23.506
2017-02-03@15:00:00,24.343,23.922,23.500
2017-02-03@14:00:00,24.333,23.932,23.532
2017-02-03@11:30:00,24.323,23.944,23.566
2017-02-03@10:30:00,24.311,23.951,23.592
2017-01-26@15:00:00,24.298,23.958,23.619
2017-01-26@14:00:00,24.316,23.940,23.564
2017-01-26@11:30:00,24.311,23.912,23.514
2017-01-26@10:30:00,24.293,23.888,23.483
2017-01-25@15:00:00,24.264,23.861,23.458
2017-01-25@14:00:00,24.261,23.822,23.382
2017-01-25@11:30:00,24.217,23.787,23.357
2017-01-25@10:30:00,24.168,23.750,23.333
2017-01-24@15:00:00,24.145,23.715,23.285
2017-01-24@14:00:00,24.135,23.656,23.177
2017-01-24@11:30:00,24.122,23.598,23.074
2017-01-24@10:30:00,24.150,23.548,22.947
2017-01-23@15:00:00,24.155,23.504,22.854
2017-01-23@14:00:00,24.153,23.462,22.771
2017-01-23@11:30:00,24.115,23.432,22.750
2017-01-23@10:30:00,24.088,23.402,22.717
2017-01-20@15:00:00,24.032,23.367,22.702
2017-01-20@14:00:00,23.966,23.332,22.698
2017-01-20@11:30:00,23.886,23.303,22.721
2017-01-20@10:30:00,23.837,23.289,22.741
2017-01-19@15:00:00,23.787,23.275,22.764
2017-01-19@14:00:00,23.752,23.261,22.770
2017-01-19@11:30:00,23.738,23.256,22.775
2017-01-19@10:30:00,23.714,23.250,22.786
2017-01-18@15:00:00,23.694,23.244,22.795
2017-01-18@14:00:00,23.716,23.253,22.790
2017-01-18@11:30:00,23.721,23.254,22.788
2017-01-18@10:30:00,23.763,23.266,22.770
2017-01-17@15:00:00,23.849,23.292,22.735
2017-01-17@14:00:00,23.918,23.333,22.748
2017-01-17@11:30:00,23.971,23.377,22.782
2017-01-17@10:30:00,23.979,23.418,22.858
2017-01-16@15:00:00,23.964,23.451,22.939
2017-01-16@14:00:00,23.924,23.479,23.034
2017-01-16@11:30:00,23.923,23.496,23.069
2017-01-16@10:30:00,23.909,23.521,23.133
2017-01-13@15:00:00,23.884,23.536,23.188
2017-01-13@14:00:00,23.867,23.564,23.261
2017-01-13@11:30:00,23.856,23.576,23.296
2017-01-13@10:30:00,23.857,23.580,23.303
2017-01-12@15:00:00,23.861,23.586,23.311
2017-01-12@14:00:00,23.850,23.605,23.361
2017-01-12@11:30:00,23.865,23.619,23.373
2017-01-12@10:30:00,23.869,23.628,23.387
2017-01-11@15:00:00,23.877,23.639,23.402
2017-01-11@14:00:00,23.879,23.648,23.417
2017-01-11@11:30:00,23.880,23.656,23.432
2017-01-11@10:30:00,23.880,23.656,23.432
2017-01-10@15:00:00,23.851,23.641,23.431
2017-01-10@14:00:00,23.852,23.616,23.380
2017-01-10@11:30:00,23.829,23.595,23.361
2017-01-10@10:30:00,23.825,23.593,23.361
2017-01-09@15:00:00,23.829,23.596,23.364
2017-01-09@14:00:00,23.851,23.588,23.325
2017-01-09@11:30:00,23.857,23.581,23.304
2017-01-09@10:30:00,23.879,23.561,23.244
2017-01-06@15:00:00,23.888,23.555,23.222
2017-01-06@14:00:00,23.904,23.526,23.147
2017-01-06@11:30:00,23.955,23.494,23.033
2017-01-06@10:30:00,23.984,23.462,22.939
2017-01-05@15:00:00,24.005,23.422,22.840
2017-01-05@14:00:00,24.009,23.377,22.745
2017-01-05@11:30:00,23.982,23.330,22.679
2017-01-05@10:30:00,23.948,23.291,22.635
2017-01-04@15:00:00,23.897,23.248,22.600
2017-01-04@14:00:00,23.845,23.228,22.612
2017-01-04@11:30:00,23.808,23.217,22.626
2017-01-04@10:30:00,23.774,23.207,22.641
2017-01-03@15:00:00,23.783,23.210,22.637
2017-01-03@14:00:00,23.825,23.225,22.626
2017-01-03@11:30:00,23.838,23.230,22.623
2017-01-03@10:30:00,23.811,23.222,22.634
2016-12-30@15:00:00,23.784,23.214,22.645
2016-12-30@14:00:00,23.876,23.243,22.610
2016-12-30@11:30:00,23.955,23.267,22.579
2016-12-30@10:30:00,24.045,23.302,22.559
2016-12-29@15:00:00,24.134,23.336,22.537
2016-12-29@14:00:00,24.231,23.383,22.534
2016-12-29@11:30:00,24.313,23.441,22.568
2016-12-29@10:30:00,24.354,23.491,22.628
2016-12-28@15:00:00,24.369,23.544,22.718
2016-12-28@14:00:00,24.397,23.611,22.826
2016-12-28@11:30:00,24.417,23.680,22.944
2016-12-28@10:30:00,24.442,23.750,23.059
2016-12-27@15:00:00,24.453,23.828,23.204
2016-12-27@14:00:00,24.433,23.859,23.285
2016-12-27@11:30:00,24.425,23.882,23.339
2016-12-27@10:30:00,24.454,23.920,23.386
2016-12-26@15:00:00,24.491,23.954,23.418
2016-12-26@14:00:00,24.581,24.002,23.423
2016-12-26@11:30:00,24.659,24.060,23.461
2016-12-26@10:30:00,24.691,24.113,23.535
2016-12-23@15:00:00,24.709,24.169,23.630
2016-12-23@14:00:00,24.762,24.208,23.655
2016-12-23@11:30:00,24.814,24.248,23.683
2016-12-23@10:30:00,24.869,24.288,23.708
2016-12-22@15:00:00,24.889,24.318,23.746
2016-12-22@14:00:00,24.898,24.337,23.777
2016-12-22@11:30:00,24.911,24.359,23.807
2016-12-22@10:30:00,24.923,24.395,23.866
2016-12-21@15:00:00,24.902,24.425,23.949
2016-12-21@14:00:00,24.899,24.441,23.983
2016-12-21@11:30:00,24.912,24.462,24.012
2016-12-21@10:30:00,24.926,24.477,24.029
2016-12-20@15:00:00,24.945,24.489,24.034
2016-12-20@14:00:00,24.933,24.538,24.142
2016-12-20@11:30:00,24.861,24.580,24.298
2016-12-20@10:30:00,24.837,24.599,24.361
2016-12-19@15:00:00,24.826,24.623,24.420
2016-12-19@14:00:00,24.827,24.625,24.423
2016-12-19@11:30:00,24.827,24.624,24.422
2016-12-19@10:30:00,24.828,24.628,24.428
2016-12-16@15:00:00,24.875,24.642,24.410
2016-12-16@14:00:00,24.968,24.665,24.363
2016-12-16@11:30:00,25.044,24.687,24.330
2016-12-16@10:30:00,25.097,24.704,24.311
2016-12-15@15:00:00,25.138,24.728,24.318
2016-12-15@14:00:00,25.199,24.764,24.330
2016-12-15@11:30:00,25.247,24.797,24.347
2016-12-15@10:30:00,25.306,24.826,24.346
2016-12-14@15:00:00,25.328,24.856,24.384
2016-12-14@14:00:00,25.330,24.887,24.445
2016-12-14@11:30:00,25.339,24.909,24.479
2016-12-14@10:30:00,25.342,24.931,24.520
2016-12-13@15:00:00,25.342,24.948,24.554
2016-12-13@14:00:00,25.342,24.946,24.551
2016-12-13@11:30:00,25.340,24.951,24.563
2016-12-13@10:30:00,25.327,24.961,24.595
2016-12-12@15:00:00,25.325,24.963,24.602
2016-12-12@14:00:00,25.311,24.969,24.628
2016-12-12@11:30:00,25.296,24.977,24.658
2016-12-12@10:30:00,25.272,24.988,24.704
2016-12-09@15:00:00,25.274,24.985,24.696
2016-12-09@14:00:00,25.275,24.965,24.656
2016-12-09@11:30:00,25.264,24.948,24.633
2016-12-09@10:30:00,25.256,24.932,24.609
2016-12-08@15:00:00,25.246,24.921,24.595
2016-12-08@14:00:00,25.233,24.917,24.601
2016-12-08@11:30:00,25.219,24.913,24.607
2016-12-08@10:30:00,25.204,24.910,24.616
2016-12-07@15:00:00,25.206,24.911,24.615
2016-12-07@14:00:00,25.202,24.909,24.616
2016-12-07@11:30:00,25.230,24.917,24.603
2016-12-07@10:30:00,25.248,24.922,24.596
2016-12-06@15:00:00,25.268,24.929,24.590
2016-12-06@14:00:00,25.269,24.933,24.596
2016-12-06@11:30:00,25.272,24.928,24.583
2016-12-06@10:30:00,25.275,24.923,24.570
2016-12-05@15:00:00,25.277,24.919,24.560
2016-12-05@14:00:00,25.282,24.932,24.581
2016-12-05@11:30:00,25.286,24.940,24.594
2016-12-05@10:30:00,25.286,24.941,24.595
2016-12-02@15:00:00,25.294,24.950,24.606
2016-12-02@14:00:00,25.351,24.983,24.615
2016-12-02@11:30:00,25.378,25.008,24.637
2016-12-02@10:30:00,25.400,25.034,24.668
2016-12-01@15:00:00,25.427,25.060,24.693
2016-12-01@14:00:00,25.423,25.057,24.690
2016-12-01@11:30:00,25.425,25.058,24.691
2016-12-01@10:30:00,25.417,25.043,24.668
2016-11-30@15:00:00,25.414,25.026,24.638
2016-11-30@14:00:00,25.460,24.996,24.531
2016-11-30@11:30:00,25.502,24.949,24.395
2016-11-30@10:30:00,25.528,24.902,24.276
2016-10-13@15:00:00,25.530,24.858,24.186
2016-10-13@14:00:00,25.551,24.824,24.097
2016-10-13@11:30:00,25.566,24.800,24.034
2016-10-13@10:30:00,25.574,24.779,23.983
2016-10-12@15:00:00,25.577,24.759,23.940
2016-10-12@14:00:00,25.559,24.722,23.885
2016-10-12@11:30:00,25.533,24.695,23.857
2016-10-12@10:30:00,25.523,24.663,23.802
2016-10-11@15:00:00,25.489,24.618,23.748
2016-10-11@14:00:00,25.381,24.557,23.734
2016-10-11@11:30:00,25.285,24.497,23.709
2016-10-11@10:30:00,25.167,24.432,23.698
2016-10-10@15:00:00,25.000,24.370,23.740
2016-10-10@14:00:00,24.884,24.321,23.758
2016-10-10@11:30:00,24.712,24.280,23.849
2016-10-10@10:30:00,24.609,24.258,23.908
2016-09-30@15:00:00,24.510,24.241,23.973
2016-09-30@14:00:00,24.603,24.258,23.913
2016-09-30@11:30:00,24.709,24.286,23.863
2016-09-30@10:30:00,24.792,24.314,23.837
2016-09-29@15:00:00,24.865,24.341,23.818
2016-09-29@14:00:00,24.984,24.383,23.781
2016-09-29@11:30:00,25.104,24.425,23.746
2016-09-29@10:30:00,25.178,24.459,23.741
2016-09-28@15:00:00,25.256,24.495,23.734
2016-09-28@14:00:00,25.307,24.529,23.751
2016-09-28@11:30:00,25.357,24.557,23.756
2016-09-28@10:30:00,25.399,24.595,23.791
2016-09-27@15:00:00,25.442,24.641,23.839
2016-09-27@14:00:00,25.464,24.683,23.902
2016-09-27@11:30:00,25.468,24.733,23.997
2016-09-27@10:30:00,25.451,24.788,24.124
2016-09-26@15:00:00,25.423,24.839,24.255
2016-09-26@14:00:00,25.414,24.905,24.395
2016-09-26@11:30:00,25.362,24.935,24.508
2016-09-26@10:30:00,25.314,24.956,24.598
2016-09-23@15:00:00,25.257,24.974,24.690
2016-09-23@14:00:00,25.274,24.967,24.660
2016-09-23@11:30:00,25.284,24.961,24.638
2016-09-23@10:30:00,25.287,24.959,24.630
2016-09-22@15:00:00,25.288,24.958,24.627
2016-09-22@14:00:00,25.279,24.949,24.618
2016-09-22@11:30:00,25.259,24.938,24.616
2016-09-22@10:30:00,nan,nan,nan
2016-09-21@15:00:00,nan,nan,nan
2016-09-21@14:00:00,nan,nan,nan
2016-09-21@11:30:00,nan,nan,nan
2016-09-21@10:30:00,nan,nan,nan
2016-09-20@15:00:00,nan,nan,nan
2016-09-20@14:00:00,nan,nan,nan
2016-09-20@11:30:00,nan,nan,nan
2016-09-20@10:30:00,nan,nan,nan
2016-09-19@15:00:00,nan,nan,nan
2016-09-19@14:00:00,nan,nan,nan
2016-09-19@11:30:00,nan,nan,nan
2016-09-19@10:30:00,nan,nan,nan
2016-09-14@15:00:00,nan,nan,nan
2016-09-14@14:00:00,nan,nan,nan
2016-09-14@11:30:00,nan,nan,nan
2016-09-14@10:30:00,nan,nan,nan
2016-09-13@15:00:00,nan,nan,nan
2016-09-13@14:00:00,nan,nan,nan
