Not
2017-01-06@15:00:00,0.032,0.052,-0.020
2017-01-06@14:30:00,0.028,0.057,-0.029
2017-01-06@14:00:00,0.030,0.064,-0.034
2017-01-06@13:30:00,0.040,0.072,-0.033
2017-01-06@11:30:00,0.054,0.081,-0.026
2017-01-06@11:00:00,0.067,0.087,-0.020
2017-01-06@10:30:00,0.077,0.092,-0.015
2017-01-06@10:00:00,0.088,0.096,-0.007
2017-01-05@15:00:00,0.091,0.098,-0.007
2017-01-05@14:30:00,0.097,0.099,-0.002
2017-01-05@14:00:00,0.099,0.100,-0.001
2017-01-05@13:30:00,0.098,0.100,-0.003
2017-01-05@11:30:00,0.103,0.101,0.003
2017-01-05@11:00:00,0.108,0.100,0.008
2017-01-05@10:30:00,0.111,0.098,0.012
2017-01-05@10:00:00,0.109,0.095,0.014
2017-01-04@15:00:00,0.106,0.092,0.014
2017-01-04@14:30:00,0.104,0.088,0.015
2017-01-04@14:00:00,0.102,0.084,0.017
2017-01-04@13:30:00,0.096,0.080,0.016
2017-01-04@11:30:00,0.093,0.076,0.017
2017-01-04@11:00:00,0.082,0.072,0.011
2017-01-04@10:30:00,0.077,0.069,0.008
2017-01-04@10:00:00,0.074,0.067,0.007
2017-01-03@15:00:00,0.071,0.065,0.006
2017-01-03@14:30:00,0.087,0.064,0.023
2017-01-03@14:00:00,0.105,0.058,0.047
2017-01-03@13:30:00,0.120,0.046,0.074
2017-01-03@11:30:00,0.109,0.028,0.081
2017-01-03@11:00:00,0.095,0.007,0.088
2017-01-03@10:30:00,0.069,-0.015,0.084
2017-01-03@10:00:00,0.044,-0.035,0.079
2016-12-30@15:00:00,0.009,-0.055,0.065
2016-12-30@14:30:00,0.003,-0.071,0.074
2016-12-30@14:00:00,-0.008,-0.090,0.082
2016-12-30@13:30:00,-0.030,-0.110,0.080
2016-12-30@11:30:00,-0.051,-0.130,0.079
2016-12-30@11:00:00,-0.067,-0.150,0.084
2016-12-30@10:30:00,-0.096,-0.171,0.075
2016-12-30@10:00:00,-0.130,-0.190,0.060
2016-12-29@15:00:00,-0.149,-0.205,0.056
2016-12-29@14:30:00,-0.175,-0.219,0.044
2016-12-29@14:00:00,-0.203,-0.230,0.027
2016-12-29@13:30:00,-0.218,-0.237,0.019
2016-12-29@11:30:00,-0.230,-0.242,0.011
2016-12-29@11:00:00,-0.247,-0.244,-0.002
2016-12-29@10:30:00,-0.260,-0.244,-0.016
2016-12-29@10:00:00,-0.268,-0.240,-0.029
2016-12-28@15:00:00,-0.263,-0.233,-0.031
2016-12-28@14:30:00,-0.259,-0.225,-0.034
2016-12-28@14:00:00,-0.264,-0.216,-0.047
2016-12-28@13:30:00,-0.256,-0.204,-0.052
2016-12-28@11:30:00,-0.242,-0.192,-0.050
2016-12-28@11:00:00,-0.229,-0.179,-0.050
2016-12-28@10:30:00,-0.212,-0.167,-0.045
2016-12-28@10:00:00,-0.181,-0.155,-0.026
2016-12-27@15:00:00,-0.154,-0.149,-0.005
2016-12-27@14:30:00,-0.145,-0.147,0.002
2016-12-27@14:00:00,-0.141,-0.148,0.006
2016-12-27@13:30:00,-0.142,-0.150,0.008
2016-12-27@11:30:00,-0.143,-0.152,0.009
2016-12-27@11:00:00,-0.143,-0.154,0.010
2016-12-27@10:30:00,-0.145,-0.156,0.012
2016-12-27@10:00:00,-0.153,-0.159,0.006
2016-12-26@15:00:00,-0.168,-0.161,-0.007
2016-12-26@14:30:00,-0.181,-0.159,-0.022
2016-12-26@14:00:00,-0.183,-0.154,-0.030
2016-12-26@13:30:00,-0.182,-0.146,-0.036
2016-12-26@11:30:00,-0.175,-0.137,-0.038
2016-12-26@11:00:00,-0.166,-0.128,-0.038
2016-12-26@10:30:00,-0.150,-0.118,-0.031
2016-12-26@10:00:00,-0.127,-0.111,-0.016
2016-12-23@15:00:00,-0.105,-0.106,0.001
2016-12-23@14:30:00,-0.105,-0.107,0.002
2016-12-23@14:00:00,-0.106,-0.107,0.001
2016-12-23@13:30:00,-0.105,-0.107,0.002
2016-12-23@11:30:00,-0.102,-0.108,0.006
2016-12-23@11:00:00,-0.101,-0.110,0.008
2016-12-23@10:30:00,-0.105,-0.112,0.007
2016-12-23@10:00:00,-0.107,-0.113,0.006
2016-12-22@15:00:00,-0.103,-0.115,0.012
2016-12-22@14:30:00,-0.110,-0.118,0.008
2016-12-22@14:00:00,-0.121,-0.120,-0.001
2016-12-22@13:30:00,-0.132,-0.120,-0.013
2016-12-22@11:30:00,-0.138,-0.116,-0.022
2016-12-22@11:00:00,-0.135,-0.111,-0.024
2016-12-22@10:30:00,-0.124,-0.105,-0.019
2016-12-22@10:00:00,-0.109,-0.100,-0.009
2016-12-21@15:00:00,-0.094,-0.098,0.004
2016-12-21@14:30:00,-0.094,-0.099,0.005
2016-12-21@14:00:00,-0.085,-0.100,0.015
2016-12-21@13:30:00,-0.085,-0.104,0.018
2016-12-21@11:30:00,-0.089,-0.108,0.019
2016-12-21@11:00:00,-0.099,-0.113,0.015
2016-12-21@10:30:00,-0.113,-0.117,0.004
2016-12-21@10:00:00,-0.140,-0.118,-0.022
2016-12-20@15:00:00,-0.180,-0.112,-0.068
2016-12-20@14:30:00,-0.167,-0.095,-0.071
2016-12-20@14:00:00,-0.145,-0.078,-0.068
2016-12-20@13:30:00,-0.119,-0.061,-0.058
2016-12-20@11:30:00,-0.084,-0.046,-0.038
2016-12-20@11:00:00,-0.072,-0.037,-0.036
2016-12-20@10:30:00,-0.050,-0.028,-0.022
2016-12-20@10:00:00,-0.030,-0.022,-0.008
2016-12-19@15:00:00,-0.009,-0.020,0.011
2016-12-19@14:30:00,-0.007,-0.023,0.015
2016-12-19@14:00:00,-0.011,-0.026,0.015
2016-12-19@13:30:00,-0.018,-0.030,0.012
2016-12-19@11:30:00,-0.024,-0.033,0.009
2016-12-19@11:00:00,-0.024,-0.036,0.012
2016-12-19@10:30:00,-0.018,-0.038,0.020
2016-12-19@10:00:00,-0.020,-0.043,0.023
2016-12-16@15:00:00,-0.025,-0.049,0.024
2016-12-16@14:30:00,-0.031,-0.055,0.025
2016-12-16@14:00:00,-0.031,-0.062,0.030
2016-12-16@13:30:00,-0.042,-0.069,0.027
2016-12-16@11:30:00,-0.051,-0.076,0.025
2016-12-16@11:00:00,-0.070,-0.082,0.012
2016-12-16@10:30:00,-0.077,-0.085,0.008
2016-12-16@10:00:00,-0.084,-0.087,0.003
2016-12-15@15:00:00,-0.091,-0.088,-0.003
2016-12-15@14:30:00,-0.089,-0.087,-0.002
2016-12-15@14:00:00,-0.083,-0.087,0.004
2016-12-15@13:30:00,-0.083,-0.088,0.005
2016-12-15@11:30:00,-0.086,-0.089,0.003
2016-12-15@11:00:00,-0.097,-0.090,-0.007
2016-12-15@10:30:00,-0.105,-0.088,-0.017
2016-12-15@10:00:00,-0.106,-0.084,-0.022
2016-12-14@15:00:00,-0.095,-0.078,-0.017
2016-12-14@14:30:00,-0.084,-0.074,-0.010
2016-12-14@14:00:00,-0.074,-0.071,-0.003
2016-12-14@13:30:00,-0.072,-0.071,-0.001
2016-12-14@11:30:00,-0.074,-0.070,-0.003
2016-12-14@11:00:00,-0.068,-0.070,0.001
2016-12-14@10:30:00,-0.062,-0.070,0.008
2016-12-14@10:00:00,-0.058,-0.072,0.014
2016-12-13@15:00:00,-0.059,-0.076,0.017
2016-12-13@14:30:00,-0.071,-0.080,0.009
2016-12-13@14:00:00,-0.089,-0.082,-0.007
2016-12-13@13:30:00,-0.097,-0.080,-0.017
2016-12-13@11:30:00,-0.102,-0.076,-0.026
2016-12-13@11:00:00,-0.099,-0.069,-0.030
2016-12-13@10:30:00,-0.098,-0.062,-0.036
2016-12-13@10:00:00,-0.104,-0.053,-0.051
2016-12-12@15:00:00,-0.090,-0.040,-0.049
2016-12-12@14:30:00,-0.075,-0.028,-0.047
2016-12-12@14:00:00,-0.077,-0.016,-0.060
2016-12-12@13:30:00,-0.060,-0.001,-0.058
2016-12-12@11:30:00,-0.038,0.013,-0.051
2016-12-12@11:00:00,-0.007,0.026,-0.033
2016-12-12@10:30:00,0.004,0.034,-0.030
2016-12-12@10:00:00,0.019,0.042,-0.023
2016-12-09@15:00:00,0.037,0.048,-0.010
2016-12-09@14:30:00,0.042,0.050,-0.009
2016-12-09@14:00:00,0.038,0.052,-0.015
2016-12-09@13:30:00,0.040,0.056,-0.017
2016-12-09@11:30:00,0.045,0.060,-0.015
2016-12-09@11:00:00,0.052,0.064,-0.012
2016-12-09@10:30:00,0.062,0.067,-0.005
2016-12-09@10:00:00,0.075,0.068,0.007
2016-12-08@15:00:00,0.082,0.067,0.015
2016-12-08@14:30:00,0.083,0.063,0.020
2016-12-08@14:00:00,0.081,0.058,0.023
2016-12-08@13:30:00,0.081,0.052,0.029
2016-12-08@11:30:00,0.075,0.045,0.030
2016-12-08@11:00:00,0.066,0.037,0.028
2016-12-08@10:30:00,0.055,0.030,0.024
2016-12-08@10:00:00,0.049,0.024,0.025
2016-12-07@15:00:00,0.045,0.018,0.027
2016-12-07@14:30:00,0.038,0.011,0.027
2016-12-07@14:00:00,0.036,0.005,0.032
2016-12-07@13:30:00,0.029,-0.003,0.032
2016-12-07@11:30:00,0.022,-0.011,0.033
2016-12-07@11:00:00,0.010,-0.020,0.029
2016-12-07@10:30:00,-0.007,-0.027,0.020
2016-12-07@10:00:00,-0.022,-0.032,0.010
2016-12-06@15:00:00,-0.025,-0.034,0.010
2016-12-06@14:30:00,-0.027,-0.037,0.010
2016-12-06@14:00:00,-0.029,-0.039,0.010
2016-12-06@13:30:00,-0.034,-0.042,0.008
2016-12-06@11:30:00,-0.036,-0.044,0.008
2016-12-06@11:00:00,-0.039,-0.046,0.006
2016-12-06@10:30:00,-0.044,-0.047,0.004
2016-12-06@10:00:00,-0.046,-0.048,0.002
2016-12-05@15:00:00,-0.055,-0.049,-0.006
2016-12-05@14:30:00,-0.051,-0.047,-0.003
2016-12-05@14:00:00,-0.050,-0.046,-0.004
2016-12-05@13:30:00,-0.050,-0.046,-0.004
2016-12-05@11:30:00,-0.049,-0.044,-0.004
2016-12-05@11:00:00,-0.052,-0.043,-0.008
2016-12-05@10:30:00,-0.060,-0.041,-0.019
2016-12-05@10:00:00,-0.063,-0.037,-0.027
2016-12-02@15:00:00,-0.075,-0.030,-0.045
2016-12-02@14:30:00,-0.066,-0.019,-0.047
2016-12-02@14:00:00,-0.055,-0.007,-0.048
2016-12-02@13:30:00,-0.045,0.005,-0.050
2016-12-02@11:30:00,-0.032,0.018,-0.049
2016-12-02@11:00:00,-0.012,0.030,-0.042
2016-12-02@10:30:00,0.005,0.040,-0.035
2016-12-02@10:00:00,0.030,0.049,-0.019
2016-12-01@15:00:00,0.044,0.054,-0.010
2016-12-01@14:30:00,0.046,0.056,-0.010
2016-12-01@14:00:00,0.054,0.059,-0.005
2016-12-01@13:30:00,0.060,0.060,-0.000
2016-12-01@11:30:00,0.063,0.060,0.003
2016-12-01@11:00:00,0.062,0.060,0.002
2016-12-01@10:30:00,0.065,0.059,0.006
2016-12-01@10:00:00,0.067,0.057,0.009
2016-11-30@15:00:00,0.066,0.055,0.010
2016-11-30@14:30:00,0.072,0.053,0.020
2016-11-30@14:00:00,0.081,0.048,0.033
2016-11-30@13:30:00,0.075,0.039,0.035
2016-11-30@11:30:00,0.058,0.031,0.028
2016-11-30@11:00:00,0.047,0.024,0.024
2016-11-30@10:30:00,0.024,0.018,0.006
2016-11-30@10:00:00,0.004,0.016,-0.012
2016-10-13@15:00:00,-0.020,0.019,-0.039
2016-10-13@14:30:00,-0.026,0.029,-0.055
2016-10-13@14:00:00,-0.023,0.043,-0.065
2016-10-13@13:30:00,-0.014,0.059,-0.073
2016-10-13@11:30:00,0.001,0.077,-0.076
2016-10-13@11:00:00,0.018,0.096,-0.078
2016-10-13@10:30:00,0.040,0.116,-0.076
2016-10-13@10:00:00,0.066,0.135,-0.068
2016-10-12@14:30:00,0.090,0.152,-0.062
2016-10-12@14:00:00,0.107,0.167,-0.060
2016-10-12@13:30:00,0.125,0.182,-0.057
2016-10-12@11:30:00,0.135,0.196,-0.061
2016-10-12@11:00:00,0.167,0.211,-0.044
2016-10-12@10:30:00,0.198,0.223,-0.025
2016-10-12@10:00:00,0.225,0.229,-0.004
2016-10-11@15:00:00,0.251,0.230,0.021
2016-10-11@14:30:00,0.252,0.224,0.028
2016-10-11@14:00:00,0.250,0.217,0.033
2016-10-11@13:30:00,0.255,0.209,0.046
2016-10-11@11:30:00,0.260,0.198,0.063
2016-10-11@11:00:00,0.259,0.182,0.077
2016-10-11@10:30:00,0.242,0.163,0.080
2016-10-11@10:00:00,0.225,0.143,0.082
2016-10-10@15:00:00,0.205,0.122,0.083
2016-10-10@14:30:00,0.198,0.102,0.097
2016-10-10@14:00:00,0.171,0.077,0.093
2016-10-10@13:30:00,0.142,0.054,0.088
2016-10-10@11:30:00,0.105,0.032,0.073
2016-10-10@11:00:00,0.081,0.014,0.068
2016-10-10@10:30:00,0.056,-0.003,0.059
2016-10-10@10:00:00,0.022,-0.018,0.040
2016-09-30@15:00:00,-0.003,-0.028,0.025
2016-09-30@14:30:00,-0.017,-0.034,0.017
2016-09-30@14:00:00,-0.029,-0.038,0.009
2016-09-30@13:30:00,-0.032,-0.041,0.009
2016-09-30@11:30:00,-0.033,-0.043,0.010
2016-09-30@11:00:00,-0.033,-0.045,0.012
2016-09-30@10:30:00,-0.034,-0.048,0.014
2016-09-30@10:00:00,-0.038,-0.052,0.014
2016-09-29@15:00:00,-0.036,-0.055,0.019
2016-09-29@14:30:00,-0.033,-0.060,0.027
2016-09-29@14:00:00,-0.037,-0.067,0.030
2016-09-29@13:30:00,-0.038,-0.075,0.036
2016-09-29@11:30:00,-0.042,-0.084,0.042
2016-09-29@11:00:00,-0.047,-0.094,0.047
2016-09-29@10:30:00,-0.054,-0.106,0.052
2016-09-29@10:00:00,-0.065,-0.119,0.054
2016-09-28@15:00:00,-0.076,-0.132,0.057
2016-09-28@14:30:00,-0.083,-0.146,0.063
2016-09-28@14:00:00,-0.104,-0.162,0.058
2016-09-28@13:30:00,-0.134,-0.177,0.043
2016-09-28@11:30:00,-0.153,-0.187,0.034
2016-09-28@11:00:00,-0.169,-0.196,0.027
2016-09-28@10:30:00,-0.182,-0.203,0.021
2016-09-28@10:00:00,-0.195,-0.208,0.013
2016-09-27@15:00:00,-0.211,-0.211,0.000
2016-09-27@14:30:00,-0.225,-0.211,-0.013
2016-09-27@14:00:00,-0.235,-0.208,-0.027
2016-09-27@13:30:00,-0.239,-0.201,-0.038
2016-09-27@11:30:00,-0.238,-0.191,-0.047
2016-09-27@11:00:00,-0.230,-0.180,-0.050
2016-09-27@10:30:00,-0.222,-0.167,-0.055
2016-09-27@10:00:00,-0.211,-0.153,-0.058
2016-09-26@15:00:00,-0.202,-0.139,-0.063
2016-09-26@14:30:00,-0.179,-0.123,-0.056
2016-09-26@14:00:00,-0.164,-0.109,-0.054
2016-09-26@13:30:00,-0.150,-0.096,-0.054
2016-09-26@11:30:00,-0.136,-0.082,-0.054
2016-09-26@11:00:00,-0.121,-0.069,-0.052
2016-09-26@10:30:00,-0.105,-0.056,-0.049
2016-09-26@10:00:00,-0.083,-0.043,-0.039
2016-09-23@15:00:00,-0.060,-0.033,-0.026
2016-09-23@14:30:00,-0.056,-0.027,-0.029
2016-09-23@14:00:00,-0.048,-0.020,-0.029
2016-09-23@13:30:00,-0.044,-0.012,-0.032
2016-09-23@11:30:00,-0.035,-0.004,-0.030
2016-09-23@11:00:00,-0.024,0.003,-0.027
2016-09-23@10:30:00,-0.008,0.010,-0.018
2016-09-23@10:00:00,0.010,0.014,-0.004
2016-09-22@15:00:00,0.017,0.015,0.002
2016-09-22@14:30:00,0.018,0.015,0.003
2016-09-22@14:00:00,0.019,0.014,0.005
2016-09-22@13:30:00,0.011,0.013,-0.002
2016-09-22@11:30:00,0.009,0.014,-0.005
2016-09-22@11:00:00,0.012,0.015,-0.003
2016-09-22@10:30:00,0.010,0.015,-0.005
2016-09-22@10:00:00,0.007,0.017,-0.010
2016-09-21@15:00:00,0.005,0.019,-0.014
2016-09-21@14:30:00,0.011,0.023,-0.012
2016-09-21@14:00:00,0.021,0.026,-0.005
2016-09-21@13:30:00,0.027,0.027,-0.000
2016-09-21@11:30:00,0.028,0.027,0.001
2016-09-21@11:00:00,0.035,0.027,0.008
2016-09-21@10:30:00,0.035,0.025,0.010
2016-09-21@10:00:00,0.035,0.022,0.013
2016-09-20@15:00:00,0.032,0.019,0.013
2016-09-20@14:30:00,0.038,0.016,0.022
2016-09-20@14:00:00,0.042,0.010,0.031
2016-09-20@13:30:00,0.044,0.002,0.042
2016-09-20@11:30:00,0.043,-0.008,0.051
2016-09-20@11:00:00,0.040,-0.021,0.061
2016-09-20@10:30:00,nan,nan,nan
2016-09-20@10:00:00,nan,nan,nan
2016-09-19@15:00:00,nan,nan,nan
2016-09-19@14:30:00,nan,nan,nan
2016-09-19@14:00:00,nan,nan,nan
2016-09-19@13:30:00,nan,nan,nan
2016-09-19@11:30:00,nan,nan,nan
2016-09-19@11:00:00,nan,nan,nan
2016-09-19@10:30:00,nan,nan,nan
2016-09-19@10:00:00,nan,nan,nan
2016-09-14@15:00:00,nan,nan,nan
2016-09-14@14:30:00,nan,nan,nan
2016-09-14@14:00:00,nan,nan,nan
2016-09-14@13:30:00,nan,nan,nan
2016-09-14@11:30:00,nan,nan,nan
2016-09-14@11:00:00,nan,nan,nan
2016-09-14@10:30:00,nan,nan,nan
2016-09-14@10:00:00,nan,nan,nan
2016-09-13@15:00:00,nan,nan,nan
2016-09-13@14:30:00,nan,nan,nan
2016-09-13@14:00:00,nan,nan,nan
2016-09-13@13:30:00,nan,nan,nan
2016-09-13@11:30:00,nan,nan,nan
2016-09-13@11:00:00,nan,nan,nan
2016-09-13@10:30:00,nan,nan,nan
2016-09-13@10:00:00,nan,nan,nan
2016-09-12@15:00:00,nan,nan,nan
2016-09-12@14:30:00,nan,nan,nan
2016-09-12@14:00:00,nan,nan,nan
2016-09-12@13:30:00,nan,nan,nan
2016-09-12@11:30:00,nan,nan,nan
2016-09-12@11:00:00,nan,nan,nan
2016-09-12@10:30:00,nan,nan,nan
