2017-03-17@15:00:00,50.923,49.844,48.764
2017-03-17@14:00:00,51.214,49.929,48.643
2017-03-17@11:30:00,51.353,49.989,48.624
2017-03-17@10:30:00,51.512,50.061,48.609
2017-03-16@15:00:00,51.690,50.137,48.584
2017-03-16@14:00:00,51.861,50.231,48.600
2017-03-16@11:30:00,51.978,50.317,48.655
2017-03-16@10:30:00,52.159,50.428,48.696
2017-03-15@15:00:00,52.230,50.505,48.779
2017-03-15@14:00:00,52.265,50.584,48.902
2017-03-15@11:30:00,52.252,50.683,49.113
2017-03-15@10:30:00,52.302,50.793,49.283
2017-03-14@15:00:00,52.262,50.890,49.517
2017-03-14@14:00:00,52.226,50.927,49.627
2017-03-14@11:30:00,52.195,50.947,49.699
2017-03-14@10:30:00,52.106,50.982,49.857
2017-03-13@15:00:00,52.015,51.011,50.007
2017-03-13@14:00:00,52.073,50.996,49.919
2017-03-13@11:30:00,52.166,50.949,49.731
2017-03-13@10:30:00,52.208,50.881,49.553
2017-03-10@15:00:00,52.185,50.870,49.555
2017-03-10@14:00:00,52.125,50.807,49.489
2017-03-10@11:30:00,52.114,50.760,49.405
2017-03-10@10:30:00,52.086,50.697,49.307
2017-03-09@15:00:00,52.114,50.579,49.044
2017-03-09@14:00:00,52.037,50.478,48.918
2017-03-09@11:30:00,51.944,50.404,48.864
2017-03-09@10:30:00,51.760,50.283,48.806
2017-03-08@15:00:00,51.653,50.194,48.735
2017-03-08@14:00:00,51.592,50.081,48.569
2017-03-08@11:30:00,51.470,49.972,48.474
2017-03-08@10:30:00,51.168,49.874,48.579
2017-03-07@15:00:00,50.977,49.829,48.681
2017-03-07@14:00:00,50.879,49.756,48.632
2017-03-07@11:30:00,50.819,49.693,48.566
2017-03-07@10:30:00,50.773,49.624,48.475
2017-03-06@15:00:00,50.707,49.568,48.428
2017-03-06@14:00:00,50.698,49.553,48.407
2017-03-06@11:30:00,50.701,49.509,48.317
2017-03-06@10:30:00,50.681,49.491,48.300
2017-03-03@15:00:00,50.340,49.419,48.497
2017-03-03@14:00:00,50.629,49.254,47.879
2017-03-03@11:30:00,50.759,49.097,47.435
2017-03-03@10:30:00,50.826,48.945,47.063
2017-03-02@15:00:00,50.941,48.832,46.722
2017-03-02@14:00:00,50.957,48.705,46.453
2017-03-02@11:30:00,50.867,48.568,46.269
2017-03-02@10:30:00,50.814,48.456,46.097
2017-03-01@15:00:00,50.730,48.335,45.940
2017-03-01@14:00:00,50.755,48.206,45.656
2017-03-01@11:30:00,50.722,48.071,45.420
2017-03-01@10:30:00,50.552,47.906,45.259
2017-02-28@15:00:00,50.170,47.700,45.230
2017-02-28@14:00:00,50.003,47.560,45.116
2017-02-28@11:30:00,49.814,47.426,45.037
2017-02-28@10:30:00,49.645,47.285,44.924
2017-02-27@15:00:00,49.392,47.146,44.900
2017-02-27@14:00:00,49.055,46.973,44.891
2017-02-27@11:30:00,48.796,46.820,44.844
2017-02-27@10:30:00,48.315,46.624,44.932
2017-02-24@15:00:00,47.426,46.411,45.395
2017-02-24@14:00:00,47.467,46.318,45.169
2017-02-24@11:30:00,47.486,46.218,44.950
2017-02-24@10:30:00,47.468,46.123,44.777
2017-02-23@15:00:00,47.432,46.035,44.638
2017-02-23@14:00:00,47.351,45.940,44.528
2017-02-23@11:30:00,47.212,45.831,44.449
2017-02-23@10:30:00,47.032,45.723,44.413
2017-02-22@15:00:00,46.836,45.614,44.392
2017-02-22@14:00:00,46.774,45.545,44.315
2017-02-22@11:30:00,46.680,45.480,44.279
2017-02-22@10:30:00,46.559,45.412,44.265
2017-02-21@15:00:00,46.433,45.343,44.253
2017-02-21@14:00:00,46.273,45.278,44.283
2017-02-21@11:30:00,46.065,45.206,44.346
2017-02-21@10:30:00,45.921,45.153,44.384
2017-02-20@15:00:00,45.645,45.089,44.533
2017-02-20@14:00:00,45.512,45.062,44.612
2017-02-20@11:30:00,45.360,45.026,44.692
2017-02-20@10:30:00,45.284,45.003,44.721
2017-02-17@15:00:00,45.188,44.965,44.741
2017-02-17@14:00:00,45.179,44.956,44.732
2017-02-17@11:30:00,45.183,44.960,44.737
2017-02-17@10:30:00,45.186,44.963,44.739
2017-02-16@15:00:00,45.199,44.968,44.736
2017-02-16@14:00:00,45.209,44.973,44.736
2017-02-16@11:30:00,45.209,44.976,44.742
2017-02-16@10:30:00,45.210,44.973,44.735
2017-02-15@15:00:00,45.209,44.979,44.748
2017-02-15@14:00:00,45.213,44.989,44.764
2017-02-15@11:30:00,45.231,44.996,44.761
2017-02-15@10:30:00,45.234,44.998,44.762
2017-02-14@15:00:00,45.236,45.003,44.770
2017-02-14@14:00:00,45.238,44.992,44.746
2017-02-14@11:30:00,45.249,45.000,44.750
2017-02-14@10:30:00,45.363,45.026,44.688
2017-02-13@15:00:00,45.396,45.039,44.681
2017-02-13@14:00:00,45.368,45.029,44.690
2017-02-13@11:30:00,45.378,45.036,44.694
2017-02-13@10:30:00,45.389,45.046,44.703
2017-02-10@15:00:00,45.368,45.064,44.759
2017-02-10@14:00:00,45.392,45.085,44.778
2017-02-10@11:30:00,45.567,45.126,44.685
2017-02-10@10:30:00,45.620,45.152,44.684
2017-02-09@15:00:00,45.662,45.172,44.681
2017-02-09@14:00:00,45.766,45.207,44.649
2017-02-09@11:30:00,45.836,45.246,44.657
2017-02-09@10:30:00,45.922,45.298,44.674
2017-02-08@15:00:00,45.924,45.318,44.713
2017-02-08@14:00:00,45.932,45.337,44.743
2017-02-08@11:30:00,45.942,45.352,44.763
2017-02-08@10:30:00,45.950,45.376,44.801
2017-02-07@15:00:00,45.947,45.396,44.845
2017-02-07@14:00:00,45.918,45.407,44.897
2017-02-07@11:30:00,45.917,45.409,44.901
2017-02-07@10:30:00,45.912,45.386,44.861
2017-02-06@15:00:00,45.929,45.368,44.807
2017-02-06@14:00:00,46.063,45.325,44.587
2017-02-06@11:30:00,46.172,45.275,44.379
2017-02-06@10:30:00,46.225,45.233,44.241
2017-02-03@15:00:00,46.246,45.205,44.164
2017-02-03@14:00:00,46.254,45.162,44.070
2017-02-03@11:30:00,46.173,45.103,44.034
2017-02-03@10:30:00,46.130,45.058,43.987
2017-01-26@15:00:00,46.086,45.011,43.937
2017-01-26@14:00:00,45.975,44.952,43.929
2017-01-26@11:30:00,45.870,44.885,43.901
2017-01-26@10:30:00,45.701,44.811,43.921
2017-01-25@15:00:00,45.630,44.776,43.923
2017-01-25@14:00:00,45.539,44.739,43.940
2017-01-25@11:30:00,45.428,44.690,43.952
2017-01-25@10:30:00,45.281,44.642,44.004
2017-01-24@15:00:00,45.125,44.597,44.069
2017-01-24@14:00:00,45.057,44.562,44.068
2017-01-24@11:30:00,44.967,44.513,44.059
2017-01-24@10:30:00,44.856,44.478,44.101
2017-01-23@15:00:00,44.793,44.435,44.078
2017-01-23@14:00:00,44.793,44.445,44.098
2017-01-23@11:30:00,44.835,44.433,44.031
2017-01-23@10:30:00,44.964,44.393,43.822
2017-01-20@15:00:00,45.000,44.352,43.705
2017-01-20@14:00:00,44.993,44.332,43.672
2017-01-20@11:30:00,45.080,44.257,43.434
2017-01-20@10:30:00,45.110,44.186,43.262
2017-01-19@15:00:00,45.109,44.123,43.137
2017-01-19@14:00:00,45.091,44.052,43.013
2017-01-19@11:30:00,45.072,43.997,42.922
2017-01-19@10:30:00,45.050,43.936,42.822
2017-01-18@15:00:00,44.977,43.855,42.733
2017-01-18@14:00:00,44.871,43.778,42.685
2017-01-18@11:30:00,44.789,43.714,42.639
2017-01-18@10:30:00,44.677,43.641,42.605
2017-01-17@15:00:00,44.543,43.583,42.623
2017-01-17@14:00:00,44.431,43.539,42.648
2017-01-17@11:30:00,44.367,43.516,42.665
2017-01-17@10:30:00,44.238,43.480,42.723
2017-01-16@15:00:00,44.173,43.459,42.746
2017-01-16@14:00:00,43.969,43.415,42.861
2017-01-16@11:30:00,43.922,43.402,42.883
2017-01-16@10:30:00,43.958,43.416,42.874
2017-01-13@15:00:00,43.949,43.412,42.876
2017-01-13@14:00:00,43.856,43.391,42.927
2017-01-13@11:30:00,43.874,43.415,42.956
2017-01-13@10:30:00,43.893,43.436,42.980
2017-01-12@15:00:00,43.936,43.461,42.986
2017-01-12@14:00:00,43.971,43.491,43.012
2017-01-12@11:30:00,43.985,43.509,43.033
2017-01-12@10:30:00,43.998,43.537,43.076
2017-01-11@15:00:00,43.971,43.564,43.158
2017-01-11@14:00:00,43.946,43.587,43.228
2017-01-11@11:30:00,43.914,43.607,43.300
2017-01-11@10:30:00,43.831,43.627,43.424
2017-01-10@15:00:00,43.840,43.625,43.411
2017-01-10@14:00:00,43.847,43.622,43.397
2017-01-10@11:30:00,43.842,43.615,43.388
2017-01-10@10:30:00,43.858,43.597,43.336
2017-01-09@15:00:00,43.874,43.578,43.282
2017-01-09@14:00:00,43.876,43.570,43.264
2017-01-09@11:30:00,44.090,43.509,42.928
2017-01-09@10:30:00,44.221,43.432,42.644
2017-01-06@15:00:00,44.281,43.370,42.459
2017-01-06@14:00:00,44.309,43.307,42.306
2017-01-06@11:30:00,44.322,43.242,42.163
2017-01-06@10:30:00,44.305,43.181,42.057
2017-01-05@15:00:00,44.260,43.106,41.952
2017-01-05@14:00:00,44.174,43.046,41.918
2017-01-05@11:30:00,44.125,42.973,41.820
2017-01-05@10:30:00,44.037,42.896,41.755
2017-01-04@15:00:00,43.947,42.836,41.724
2017-01-04@14:00:00,43.843,42.785,41.727
2017-01-04@11:30:00,43.730,42.733,41.737
2017-01-04@10:30:00,43.622,42.688,41.754
2017-01-03@15:00:00,43.542,42.654,41.766
2017-01-03@14:00:00,43.447,42.626,41.804
2017-01-03@11:30:00,43.288,42.559,41.829
2017-01-03@10:30:00,43.168,42.497,41.825
2016-12-30@15:00:00,43.030,42.437,41.844
2016-12-30@14:00:00,42.793,42.393,41.993
2016-12-30@11:30:00,42.792,42.379,41.966
2016-12-30@10:30:00,42.792,42.381,41.970
2016-12-29@15:00:00,42.791,42.381,41.970
2016-12-29@14:00:00,42.871,42.406,41.941
2016-12-29@11:30:00,42.919,42.430,41.940
2016-12-29@10:30:00,42.948,42.445,41.941
2016-12-28@15:00:00,42.972,42.465,41.957
2016-12-28@14:00:00,42.975,42.466,41.957
2016-12-28@11:30:00,42.975,42.483,41.990
2016-12-28@10:30:00,42.970,42.491,42.011
2016-12-27@15:00:00,42.970,42.491,42.012
2016-12-27@14:00:00,42.960,42.480,42.000
2016-12-27@11:30:00,42.962,42.458,41.954
2016-12-27@10:30:00,42.964,42.430,41.895
2016-12-26@15:00:00,42.944,42.406,41.867
2016-12-26@14:00:00,42.877,42.373,41.868
2016-12-26@11:30:00,42.879,42.381,41.883
2016-12-26@10:30:00,42.874,42.385,41.897
2016-12-23@15:00:00,42.874,42.385,41.897
2016-12-23@14:00:00,42.860,42.374,41.889
2016-12-23@11:30:00,42.858,42.378,41.899
2016-12-23@10:30:00,42.859,42.382,41.904
2016-12-22@15:00:00,42.857,42.377,41.897
2016-12-22@14:00:00,42.793,42.328,41.863
2016-12-22@11:30:00,42.741,42.282,41.823
2016-12-22@10:30:00,42.678,42.247,41.817
2016-12-21@15:00:00,42.641,42.200,41.758
2016-12-21@14:00:00,42.575,42.163,41.751
2016-12-21@11:30:00,42.523,42.138,41.753
2016-12-21@10:30:00,42.494,42.117,41.741
2016-12-20@15:00:00,42.453,42.094,41.735
2016-12-20@14:00:00,42.428,42.087,41.745
2016-12-20@11:30:00,42.452,42.097,41.741
2016-12-20@10:30:00,42.452,42.096,41.739
2016-12-19@15:00:00,42.466,42.102,41.737
2016-12-19@14:00:00,42.641,42.137,41.633
2016-12-19@11:30:00,42.615,42.120,41.624
2016-12-19@10:30:00,42.650,42.087,41.523
2016-12-16@15:00:00,42.660,42.094,41.527
2016-12-16@14:00:00,42.946,42.148,41.350
2016-12-16@11:30:00,43.226,42.215,41.204
2016-12-16@10:30:00,43.424,42.272,41.120
2016-12-15@15:00:00,43.588,42.331,41.073
2016-12-15@14:00:00,43.755,42.412,41.069
2016-12-15@11:30:00,43.906,42.498,41.089
2016-12-15@10:30:00,44.017,42.570,41.122
2016-12-14@15:00:00,44.104,42.658,41.212
2016-12-14@14:00:00,44.204,42.744,41.284
2016-12-14@11:30:00,44.289,42.824,41.359
2016-12-14@10:30:00,44.344,42.903,41.462
2016-12-13@15:00:00,44.369,42.980,41.590
2016-12-13@14:00:00,44.431,43.054,41.676
2016-12-13@11:30:00,44.518,43.135,41.751
2016-12-13@10:30:00,44.546,43.229,41.912
2016-12-12@15:00:00,44.574,43.307,42.040
2016-12-12@14:00:00,44.671,43.369,42.067
2016-12-12@11:30:00,44.643,43.471,42.298
2016-12-12@10:30:00,44.396,43.605,42.813
2016-12-09@15:00:00,44.246,43.707,43.168
2016-12-09@14:00:00,44.288,43.743,43.198
2016-12-09@11:30:00,44.316,43.765,43.214
2016-12-09@10:30:00,44.361,43.800,43.238
2016-12-08@15:00:00,44.460,43.852,43.244
2016-12-08@14:00:00,44.656,43.920,43.183
2016-12-08@11:30:00,44.756,43.974,43.191
2016-12-08@10:30:00,44.821,44.031,43.241
2016-12-07@15:00:00,44.895,44.093,43.290
2016-12-07@14:00:00,44.929,44.137,43.345
2016-12-07@11:30:00,44.976,44.190,43.404
2016-12-07@10:30:00,44.991,44.244,43.497
2016-12-06@15:00:00,44.999,44.309,43.619
2016-12-06@14:00:00,45.058,44.372,43.686
2016-12-06@11:30:00,45.139,44.427,43.715
2016-12-06@10:30:00,45.197,44.484,43.771
2016-12-05@15:00:00,45.203,44.535,43.868
2016-12-05@14:00:00,45.285,44.587,43.890
2016-12-05@11:30:00,45.315,44.638,43.961
2016-12-05@10:30:00,45.341,44.679,44.018
2016-12-02@15:00:00,45.384,44.722,44.061
2016-12-02@14:00:00,45.408,44.777,44.147
2016-12-02@11:30:00,45.377,44.834,44.292
2016-12-02@10:30:00,45.356,44.885,44.415
2016-12-01@15:00:00,45.404,44.929,44.455
2016-12-01@14:00:00,45.428,44.943,44.459
2016-12-01@11:30:00,45.435,44.966,44.497
2016-12-01@10:30:00,45.452,44.998,44.545
2016-11-30@15:00:00,45.446,45.011,44.576
2016-11-30@14:00:00,45.412,45.041,44.670
2016-11-30@11:30:00,45.388,45.056,44.725
2016-11-30@10:30:00,45.350,45.084,44.817
2016-10-13@15:00:00,45.338,45.106,44.875
2016-10-13@14:00:00,45.366,45.125,44.884
2016-10-13@11:30:00,45.370,45.133,44.895
2016-10-13@10:30:00,45.453,45.158,44.864
2016-10-12@15:00:00,45.491,45.191,44.890
2016-10-12@14:00:00,45.500,45.196,44.892
2016-10-12@11:30:00,45.559,45.222,44.885
2016-10-12@10:30:00,45.621,45.254,44.886
2016-10-11@15:00:00,45.706,45.285,44.863
2016-10-11@14:00:00,45.859,45.326,44.793
2016-10-11@11:30:00,45.892,45.350,44.808
2016-10-11@10:30:00,45.933,45.376,44.818
2016-10-10@15:00:00,45.963,45.391,44.819
2016-10-10@14:00:00,46.052,45.433,44.814
2016-10-10@11:30:00,46.303,45.510,44.717
2016-10-10@10:30:00,46.516,45.582,44.648
2016-09-30@15:00:00,46.754,45.683,44.611
2016-09-30@14:00:00,47.126,45.806,44.486
2016-09-30@11:30:00,47.387,45.932,44.477
2016-09-30@10:30:00,47.651,46.058,44.464
2016-09-29@15:00:00,47.847,46.174,44.501
2016-09-29@14:00:00,48.048,46.294,44.539
2016-09-29@11:30:00,48.203,46.421,44.639
2016-09-29@10:30:00,48.409,46.545,44.680
2016-09-28@15:00:00,48.565,46.667,44.769
2016-09-28@14:00:00,48.633,46.790,44.947
2016-09-28@11:30:00,48.744,46.914,45.083
2016-09-28@10:30:00,48.838,47.037,45.235
2016-09-27@15:00:00,48.853,47.133,45.412
2016-09-27@14:00:00,48.894,47.223,45.552
2016-09-27@11:30:00,48.854,47.334,45.813
2016-09-27@10:30:00,48.780,47.443,46.105
2016-09-26@15:00:00,48.657,47.565,46.473
2016-09-26@14:00:00,48.529,47.674,46.819
2016-09-26@11:30:00,48.445,47.733,47.021
2016-09-26@10:30:00,48.313,47.784,47.254
2016-09-23@15:00:00,48.209,47.813,47.416
2016-09-23@14:00:00,48.205,47.818,47.430
2016-09-23@11:30:00,48.192,47.826,47.459
2016-09-23@10:30:00,48.236,47.807,47.378
2016-09-22@15:00:00,48.244,47.802,47.360
2016-09-22@14:00:00,48.264,47.816,47.368
2016-09-22@11:30:00,48.299,47.794,47.288
2016-09-22@10:30:00,nan,nan,nan
2016-09-21@15:00:00,nan,nan,nan
2016-09-21@14:00:00,nan,nan,nan
2016-09-21@11:30:00,nan,nan,nan
2016-09-21@10:30:00,nan,nan,nan
2016-09-20@15:00:00,nan,nan,nan
2016-09-20@14:00:00,nan,nan,nan
2016-09-20@11:30:00,nan,nan,nan
2016-09-20@10:30:00,nan,nan,nan
2016-09-19@15:00:00,nan,nan,nan
2016-09-19@14:00:00,nan,nan,nan
2016-09-19@11:30:00,nan,nan,nan
2016-09-19@10:30:00,nan,nan,nan
2016-09-14@15:00:00,nan,nan,nan
2016-09-14@14:00:00,nan,nan,nan
2016-09-14@11:30:00,nan,nan,nan
2016-09-14@10:30:00,nan,nan,nan
2016-09-13@15:00:00,nan,nan,nan
2016-09-13@14:00:00,nan,nan,nan
