macd_Golden
2017-03-17@15:00:00,-0.169,-0.174,0.005
2017-03-17@14:00:00,-0.183,-0.176,-0.007
2017-03-17@11:30:00,-0.202,-0.174,-0.028
2017-03-17@10:30:00,-0.217,-0.167,-0.050
2017-03-16@15:00:00,-0.243,-0.154,-0.089
2017-03-16@14:00:00,-0.247,-0.132,-0.115
2017-03-16@11:30:00,-0.247,-0.103,-0.143
2017-03-16@10:30:00,-0.240,-0.068,-0.172
2017-03-15@15:00:00,-0.240,-0.025,-0.216
2017-03-15@14:00:00,-0.224,0.029,-0.253
2017-03-15@11:30:00,-0.164,0.093,-0.257
2017-03-15@10:30:00,-0.112,0.157,-0.268
2017-03-14@15:00:00,-0.036,0.224,-0.259
2017-03-14@14:00:00,0.009,0.289,-0.280
2017-03-14@11:30:00,0.060,0.359,-0.298
2017-03-14@10:30:00,0.163,0.433,-0.270
2017-03-13@15:00:00,0.286,0.501,-0.215
2017-03-13@14:00:00,0.409,0.554,-0.145
2017-03-13@11:30:00,0.490,0.591,-0.101
2017-03-13@10:30:00,0.537,0.616,-0.079
2017-03-10@15:00:00,0.560,0.635,-0.076
2017-03-10@14:00:00,0.572,0.654,-0.082
2017-03-10@11:30:00,0.626,0.675,-0.049
2017-03-10@10:30:00,0.668,0.687,-0.019
2017-03-09@15:00:00,0.693,0.692,0.001
2017-03-09@14:00:00,0.705,0.692,0.013
2017-03-09@11:30:00,0.727,0.689,0.039
2017-03-09@10:30:00,0.698,0.679,0.019
2017-03-08@15:00:00,0.705,0.674,0.031
2017-03-08@14:00:00,0.716,0.666,0.049
2017-03-08@11:30:00,0.712,0.654,0.058
2017-03-08@10:30:00,0.649,0.640,0.009
2017-03-07@15:00:00,0.593,0.637,-0.044
2017-03-07@14:00:00,0.582,0.649,-0.067
2017-03-07@11:30:00,0.588,0.665,-0.077
2017-03-07@10:30:00,0.596,0.684,-0.088
2017-03-06@15:00:00,0.602,0.707,-0.104
2017-03-06@14:00:00,0.663,0.733,-0.069
2017-03-06@11:30:00,0.726,0.750,-0.024
2017-03-06@10:30:00,0.789,0.756,0.033
2017-03-03@15:00:00,0.711,0.748,-0.036
2017-03-03@14:00:00,0.700,0.757,-0.056
2017-03-03@11:30:00,0.690,0.771,-0.080
2017-03-03@10:30:00,0.682,0.791,-0.109
2017-03-02@15:00:00,0.753,0.818,-0.065
2017-03-02@14:00:00,0.791,0.835,-0.044
2017-03-02@11:30:00,0.788,0.846,-0.058
2017-03-02@10:30:00,0.821,0.860,-0.039
2017-03-01@15:00:00,0.843,0.870,-0.027
2017-03-01@14:00:00,0.919,0.877,0.042
2017-03-01@11:30:00,0.986,0.866,0.120
2017-03-01@10:30:00,0.988,0.836,0.152
2017-02-28@15:00:00,0.901,0.798,0.103
2017-02-28@14:00:00,0.905,0.772,0.133
2017-02-28@11:30:00,0.904,0.739,0.166
2017-02-28@10:30:00,0.911,0.697,0.213
2017-02-27@15:00:00,0.885,0.644,0.241
2017-02-27@14:00:00,0.816,0.584,0.232
2017-02-27@11:30:00,0.770,0.526,0.244
2017-02-27@10:30:00,0.642,0.465,0.177
2017-02-24@15:00:00,0.431,0.421,0.011
2017-02-24@14:00:00,0.444,0.418,0.026
2017-02-24@11:30:00,0.452,0.411,0.040
2017-02-24@10:30:00,0.460,0.401,0.059
2017-02-23@15:00:00,0.476,0.387,0.089
2017-02-23@14:00:00,0.475,0.364,0.110
2017-02-23@11:30:00,0.448,0.337,0.111
2017-02-23@10:30:00,0.406,0.309,0.097
2017-02-22@15:00:00,0.354,0.285,0.069
2017-02-22@14:00:00,0.361,0.267,0.093
2017-02-22@11:30:00,0.358,0.244,0.114
2017-02-22@10:30:00,0.344,0.215,0.129
2017-02-21@15:00:00,0.327,0.183,0.144
2017-02-21@14:00:00,0.296,0.147,0.148
2017-02-21@11:30:00,0.246,0.110,0.135
2017-02-21@10:30:00,0.213,0.076,0.136
2017-02-20@15:00:00,0.142,0.042,0.100
2017-02-20@14:00:00,0.098,0.017,0.081
2017-02-20@11:30:00,0.052,-0.003,0.055
2017-02-20@10:30:00,0.023,-0.017,0.040
2017-02-17@15:00:00,-0.017,-0.027,0.009
2017-02-17@14:00:00,-0.028,-0.029,0.001
2017-02-17@11:30:00,-0.026,-0.030,0.003
2017-02-17@10:30:00,-0.028,-0.030,0.003
2017-02-16@15:00:00,-0.034,-0.031,-0.003
2017-02-16@14:00:00,-0.041,-0.030,-0.010
2017-02-16@11:30:00,-0.039,-0.028,-0.011
2017-02-16@10:30:00,-0.039,-0.025,-0.014
2017-02-15@15:00:00,-0.030,-0.022,-0.008
2017-02-15@14:00:00,-0.019,-0.020,0.000
2017-02-15@11:30:00,-0.021,-0.020,-0.001
2017-02-15@10:30:00,-0.022,-0.019,-0.003
2017-02-14@15:00:00,-0.016,-0.019,0.003
2017-02-14@14:00:00,-0.020,-0.019,-0.000
2017-02-14@11:30:00,-0.015,-0.019,0.004
2017-02-14@10:30:00,-0.014,-0.020,0.006
2017-02-13@15:00:00,-0.017,-0.022,0.006
2017-02-13@14:00:00,-0.046,-0.023,-0.023
2017-02-13@11:30:00,-0.052,-0.018,-0.035
2017-02-13@10:30:00,-0.055,-0.009,-0.046
2017-02-10@15:00:00,-0.032,0.002,-0.034
2017-02-10@14:00:00,-0.019,0.011,-0.029
2017-02-10@11:30:00,-0.015,0.018,-0.033
2017-02-10@10:30:00,-0.011,0.027,-0.037
2017-02-09@15:00:00,-0.015,0.036,-0.051
2017-02-09@14:00:00,-0.018,0.049,-0.067
2017-02-09@11:30:00,-0.008,0.065,-0.074
2017-02-09@10:30:00,0.013,0.084,-0.071
2017-02-08@15:00:00,0.030,0.101,-0.071
2017-02-08@14:00:00,0.042,0.119,-0.077
2017-02-08@11:30:00,0.047,0.138,-0.091
2017-02-08@10:30:00,0.063,0.161,-0.098
2017-02-07@15:00:00,0.086,0.186,-0.100
2017-02-07@14:00:00,0.133,0.211,-0.078
2017-02-07@11:30:00,0.163,0.230,-0.067
2017-02-07@10:30:00,0.156,0.247,-0.090
2017-02-06@15:00:00,0.168,0.269,-0.101
2017-02-06@14:00:00,0.200,0.295,-0.095
2017-02-06@11:30:00,0.234,0.318,-0.084
2017-02-06@10:30:00,0.273,0.340,-0.066
2017-02-03@15:00:00,0.330,0.356,-0.026
2017-02-03@14:00:00,0.372,0.363,0.010
2017-02-03@11:30:00,0.368,0.360,0.007
2017-02-03@10:30:00,0.387,0.358,0.029
2017-01-26@15:00:00,0.409,0.351,0.058
2017-01-26@14:00:00,0.399,0.337,0.063
2017-01-26@11:30:00,0.389,0.321,0.068
2017-01-26@10:30:00,0.353,0.304,0.049
2017-01-25@15:00:00,0.355,0.292,0.063
2017-01-25@14:00:00,0.347,0.276,0.071
2017-01-25@11:30:00,0.329,0.258,0.071
2017-01-25@10:30:00,0.297,0.241,0.056
2017-01-24@15:00:00,0.258,0.227,0.032
2017-01-24@14:00:00,0.244,0.219,0.025
2017-01-24@11:30:00,0.214,0.212,0.001
2017-01-24@10:30:00,0.178,0.212,-0.034
2017-01-23@15:00:00,0.145,0.221,-0.076
2017-01-23@14:00:00,0.169,0.239,-0.070
2017-01-23@11:30:00,0.208,0.257,-0.049
2017-01-23@10:30:00,0.239,0.269,-0.030
2017-01-20@15:00:00,0.256,0.277,-0.020
2017-01-20@14:00:00,0.280,0.282,-0.002
2017-01-20@11:30:00,0.284,0.282,0.002
2017-01-20@10:30:00,0.288,0.282,0.006
2017-01-19@15:00:00,0.297,0.280,0.016
2017-01-19@14:00:00,0.297,0.276,0.021
2017-01-19@11:30:00,0.314,0.271,0.043
2017-01-19@10:30:00,0.332,0.260,0.072
2017-01-18@15:00:00,0.321,0.242,0.079
2017-01-18@14:00:00,0.302,0.223,0.079
2017-01-18@11:30:00,0.296,0.203,0.093
2017-01-18@10:30:00,0.275,0.180,0.095
2017-01-17@15:00:00,0.247,0.156,0.091
2017-01-17@14:00:00,0.225,0.133,0.092
2017-01-17@11:30:00,0.215,0.110,0.105
2017-01-17@10:30:00,0.175,0.084,0.092
2017-01-16@15:00:00,0.154,0.061,0.093
2017-01-16@14:00:00,0.085,0.038,0.047
2017-01-16@11:30:00,0.052,0.026,0.026
2017-01-16@10:30:00,0.050,0.020,0.030
2017-01-13@15:00:00,0.028,0.012,0.015
2017-01-13@14:00:00,-0.037,0.008,-0.046
2017-01-13@11:30:00,-0.028,0.020,-0.048
2017-01-13@10:30:00,-0.022,0.032,-0.054
2017-01-12@15:00:00,-0.023,0.045,-0.068
2017-01-12@14:00:00,-0.014,0.062,-0.076
2017-01-12@11:30:00,-0.013,0.082,-0.095
2017-01-12@10:30:00,0.000,0.105,-0.105
2017-01-11@15:00:00,0.029,0.131,-0.102
2017-01-11@14:00:00,0.057,0.157,-0.100
2017-01-11@11:30:00,0.089,0.182,-0.093
2017-01-11@10:30:00,0.137,0.205,-0.069
2017-01-10@15:00:00,0.169,0.222,-0.054
2017-01-10@14:00:00,0.194,0.236,-0.042
2017-01-10@11:30:00,0.204,0.246,-0.042
2017-01-10@10:30:00,0.215,0.257,-0.042
2017-01-09@15:00:00,0.228,0.267,-0.040
2017-01-09@14:00:00,0.249,0.277,-0.028
2017-01-09@11:30:00,0.265,0.284,-0.020
2017-01-09@10:30:00,0.268,0.289,-0.021
2017-01-06@15:00:00,0.285,0.294,-0.010
2017-01-06@14:00:00,0.301,0.297,0.004
2017-01-06@11:30:00,0.318,0.296,0.022
2017-01-06@10:30:00,0.333,0.290,0.043
2017-01-05@15:00:00,0.332,0.280,0.053
2017-01-05@14:00:00,0.325,0.267,0.058
2017-01-05@11:30:00,0.325,0.252,0.073
2017-01-05@10:30:00,0.312,0.234,0.079
2017-01-04@15:00:00,0.304,0.214,0.090
2017-01-04@14:00:00,0.291,0.192,0.099
2017-01-04@11:30:00,0.271,0.167,0.105
2017-01-04@10:30:00,0.251,0.141,0.110
2017-01-03@15:00:00,0.239,0.113,0.126
2017-01-03@14:00:00,0.211,0.082,0.129
2017-01-03@11:30:00,0.160,0.049,0.111
2017-01-03@10:30:00,0.115,0.022,0.094
2016-12-30@15:00:00,0.061,-0.002,0.063
2016-12-30@14:00:00,-0.023,-0.017,-0.005
2016-12-30@11:30:00,-0.031,-0.016,-0.015
2016-12-30@10:30:00,-0.021,-0.012,-0.008
2016-12-29@15:00:00,-0.020,-0.010,-0.010
2016-12-29@14:00:00,-0.020,-0.008,-0.012
2016-12-29@11:30:00,-0.014,-0.005,-0.009
2016-12-29@10:30:00,-0.014,-0.003,-0.012
2016-12-28@15:00:00,-0.003,0.000,-0.003
2016-12-28@14:00:00,-0.020,0.001,-0.021
2016-12-28@11:30:00,0.000,0.006,-0.006
2016-12-28@10:30:00,0.023,0.008,0.015
2016-12-27@15:00:00,0.033,0.004,0.029
2016-12-27@14:00:00,0.026,-0.003,0.029
2016-12-27@11:30:00,0.020,-0.011,0.030
2016-12-27@10:30:00,0.008,-0.018,0.026
2016-12-26@15:00:00,-0.012,-0.025,0.013
2016-12-26@14:00:00,-0.059,-0.028,-0.031
2016-12-26@11:30:00,-0.051,-0.020,-0.030
2016-12-26@10:30:00,-0.027,-0.013,-0.014
2016-12-23@15:00:00,0.002,-0.009,0.011
2016-12-23@14:00:00,-0.005,-0.012,0.007
2016-12-23@11:30:00,0.023,-0.014,0.037
2016-12-23@10:30:00,0.045,-0.023,0.068
2016-12-22@15:00:00,0.066,-0.040,0.106
2016-12-22@14:00:00,0.038,-0.066,0.105
2016-12-22@11:30:00,0.012,-0.093,0.104
2016-12-22@10:30:00,-0.014,-0.119,0.105
2016-12-21@15:00:00,-0.045,-0.145,0.100
2016-12-21@14:00:00,-0.078,-0.170,0.092
2016-12-21@11:30:00,-0.107,-0.193,0.086
2016-12-21@10:30:00,-0.128,-0.215,0.086
2016-12-20@15:00:00,-0.158,-0.236,0.078
2016-12-20@14:00:00,-0.189,-0.256,0.067
2016-12-20@11:30:00,-0.200,-0.272,0.073
2016-12-20@10:30:00,-0.201,-0.291,0.089
2016-12-19@15:00:00,-0.215,-0.313,0.098
2016-12-19@14:00:00,-0.231,-0.337,0.106
2016-12-19@11:30:00,-0.267,-0.364,0.097
2016-12-19@10:30:00,-0.288,-0.388,0.100
2016-12-16@15:00:00,-0.303,-0.413,0.110
2016-12-16@14:00:00,-0.339,-0.441,0.101
2016-12-16@11:30:00,-0.374,-0.466,0.092
2016-12-16@10:30:00,-0.424,-0.489,0.065
2016-12-15@15:00:00,-0.474,-0.505,0.031
2016-12-15@14:00:00,-0.494,-0.513,0.020
2016-12-15@11:30:00,-0.507,-0.518,0.011
2016-12-15@10:30:00,-0.533,-0.521,-0.012
2016-12-14@15:00:00,-0.529,-0.518,-0.011
2016-12-14@14:00:00,-0.534,-0.515,-0.019
2016-12-14@11:30:00,-0.543,-0.510,-0.033
2016-12-14@10:30:00,-0.543,-0.502,-0.041
2016-12-13@15:00:00,-0.532,-0.491,-0.041
2016-12-13@14:00:00,-0.539,-0.481,-0.058
2016-12-13@11:30:00,-0.550,-0.467,-0.083
2016-12-13@10:30:00,-0.523,-0.446,-0.077
2016-12-12@15:00:00,-0.511,-0.427,-0.084
2016-12-12@14:00:00,-0.550,-0.406,-0.144
2016-12-12@11:30:00,-0.502,-0.370,-0.132
2016-12-12@10:30:00,-0.382,-0.337,-0.045
2016-12-09@15:00:00,-0.295,-0.326,0.030
2016-12-09@14:00:00,-0.300,-0.333,0.033
2016-12-09@11:30:00,-0.320,-0.342,0.021
2016-12-09@10:30:00,-0.332,-0.347,0.015
2016-12-08@15:00:00,-0.337,-0.350,0.013
2016-12-08@14:00:00,-0.349,-0.354,0.004
2016-12-08@11:30:00,-0.364,-0.355,-0.009
2016-12-08@10:30:00,-0.364,-0.353,-0.011
2016-12-07@15:00:00,-0.364,-0.350,-0.014
2016-12-07@14:00:00,-0.371,-0.346,-0.025
2016-12-07@11:30:00,-0.374,-0.340,-0.034
2016-12-07@10:30:00,-0.365,-0.332,-0.034
2016-12-06@15:00:00,-0.342,-0.323,-0.019
2016-12-06@14:00:00,-0.330,-0.318,-0.012
2016-12-06@11:30:00,-0.334,-0.316,-0.018
2016-12-06@10:30:00,-0.330,-0.311,-0.019
2016-12-05@15:00:00,-0.315,-0.306,-0.009
2016-12-05@14:00:00,-0.321,-0.304,-0.017
2016-12-05@11:30:00,-0.315,-0.300,-0.015
2016-12-05@10:30:00,-0.317,-0.296,-0.021
2016-12-02@15:00:00,-0.323,-0.291,-0.032
2016-12-02@14:00:00,-0.310,-0.283,-0.028
2016-12-02@11:30:00,-0.279,-0.276,-0.004
2016-12-02@10:30:00,-0.252,-0.275,0.022
2016-12-01@15:00:00,-0.245,-0.280,0.035
2016-12-01@14:00:00,-0.274,-0.289,0.015
2016-12-01@11:30:00,-0.283,-0.293,0.010
2016-12-01@10:30:00,-0.285,-0.295,0.010
2016-11-30@15:00:00,-0.296,-0.298,0.002
2016-11-30@14:00:00,-0.284,-0.298,0.014
2016-11-30@11:30:00,-0.281,-0.302,0.021
2016-11-30@10:30:00,-0.268,-0.307,0.039
2016-10-13@15:00:00,-0.263,-0.316,0.053
2016-10-13@14:00:00,-0.272,-0.330,0.058
2016-10-13@11:30:00,-0.287,-0.344,0.057
2016-10-13@10:30:00,-0.301,-0.359,0.057
2016-10-12@15:00:00,-0.299,-0.373,0.073
2016-10-12@14:00:00,-0.324,-0.391,0.067
2016-10-12@11:30:00,-0.337,-0.408,0.071
2016-10-12@10:30:00,-0.345,-0.426,0.080
2016-10-11@15:00:00,-0.363,-0.446,0.083
2016-10-11@14:00:00,-0.388,-0.467,0.079
2016-10-11@11:30:00,-0.408,-0.486,0.078
2016-10-11@10:30:00,-0.433,-0.506,0.073
2016-10-10@15:00:00,-0.475,-0.524,0.049
2016-10-10@14:00:00,-0.501,-0.536,0.035
2016-10-10@11:30:00,-0.521,-0.545,0.024
2016-10-10@10:30:00,-0.554,-0.551,-0.003
2016-09-30@15:00:00,-0.560,-0.550,-0.010
2016-09-30@14:00:00,-0.574,-0.548,-0.026
2016-09-30@11:30:00,-0.570,-0.541,-0.028
2016-09-30@10:30:00,-0.574,-0.534,-0.040
2016-09-29@15:00:00,-0.579,-0.524,-0.055
2016-09-29@14:00:00,-0.587,-0.510,-0.077
2016-09-29@11:30:00,-0.574,-0.491,-0.083
2016-09-29@10:30:00,-0.586,-0.470,-0.116
2016-09-28@15:00:00,-0.588,-0.441,-0.147
2016-09-28@14:00:00,-0.561,-0.405,-0.156
2016-09-28@11:30:00,-0.546,-0.365,-0.181
2016-09-28@10:30:00,-0.527,-0.320,-0.206
2016-09-27@15:00:00,-0.505,-0.269,-0.236
2016-09-27@14:00:00,nan,nan,nan
2016-09-27@11:30:00,nan,nan,nan
2016-09-27@10:30:00,nan,nan,nan
2016-09-26@15:00:00,nan,nan,nan
2016-09-26@14:00:00,nan,nan,nan
2016-09-26@11:30:00,nan,nan,nan
2016-09-26@10:30:00,nan,nan,nan
2016-09-23@15:00:00,nan,nan,nan
2016-09-23@14:00:00,nan,nan,nan
2016-09-23@11:30:00,nan,nan,nan
2016-09-23@10:30:00,nan,nan,nan
2016-09-22@15:00:00,nan,nan,nan
2016-09-22@14:00:00,nan,nan,nan
2016-09-22@11:30:00,nan,nan,nan
2016-09-22@10:30:00,nan,nan,nan
2016-09-21@15:00:00,nan,nan,nan
2016-09-21@14:00:00,nan,nan,nan
2016-09-21@11:30:00,nan,nan,nan
2016-09-21@10:30:00,nan,nan,nan
2016-09-20@15:00:00,nan,nan,nan
2016-09-20@14:00:00,nan,nan,nan
2016-09-20@11:30:00,nan,nan,nan
2016-09-20@10:30:00,nan,nan,nan
2016-09-19@15:00:00,nan,nan,nan
2016-09-19@14:00:00,nan,nan,nan
2016-09-19@11:30:00,nan,nan,nan
2016-09-19@10:30:00,nan,nan,nan
2016-09-14@15:00:00,nan,nan,nan
2016-09-14@14:00:00,nan,nan,nan
2016-09-14@11:30:00,nan,nan,nan
2016-09-14@10:30:00,nan,nan,nan
2016-09-13@15:00:00,nan,nan,nan
2016-09-13@14:00:00,nan,nan,nan
