date,open,high,close,low,volume,price_change,p_change,ma5,ma10,ma20,v_ma5,v_ma10,v_ma20,turnover
2017-01-06 15:00:00,46.28,46.3,46.29,45.33,3516.41,0.01,0.02,46.502,47.272,48.618,1871.47,2297.44,1606.45,1.47
2017-01-06 14:30:00,46.55,46.59,46.28,46.26,1515.57,-0.27,-0.58,46.646,47.627,48.8045,1772.99,1997.51,1495.24,0.63
2017-01-06 14:00:00,46.69,46.7,46.54,46.23,1856.23,-0.15,-0.32,46.626,47.994,48.9955,2430.28,1889.86,1493.86,0.77
2017-01-06 13:30:00,46.72,46.88,46.7,46.4,1062.16,-0.02,-0.04,46.99,48.341,49.162,2514.23,1781.03,1451.85,0.44
2017-01-06 11:30:00,47.01,47.18,46.7,46.7,1407.0,-0.31,-0.66,47.468,48.65,49.3095,2739.63,1752.68,1461.52,0.59
2017-01-06 11:00:00,46.16,47.26,47.01,46.16,3024.0,0.85,1.84,48.042,48.968,49.4595,2723.4,1706.19,1461.97,1.26
2017-01-06 10:30:00,48.36,48.4,46.18,44.2,4802.0,-2.18,-4.51,48.608,49.258,49.5955,2222.03,1525.49,1369.62,2.0
2017-01-06 10:00:00,49.23,49.23,48.36,48.3,2276.0,-0.87,-1.77,49.362,49.644,49.7675,1349.43,1181.36,1217.62,0.95
2017-01-05 15:00:00,49.57,49.57,49.09,49.01,2189.16,-0.48,-0.97,49.692,49.805,49.814,1047.83,1098.46,1128.82,0.91
2017-01-05 14:30:00,49.84,49.99,49.57,49.56,1325.84,-0.27,-0.54,49.832,49.904,49.8225,765.72,944.45,1041.05,0.55
2017-01-05 14:00:00,49.95,49.95,49.84,49.73,517.16,-0.11,-0.22,49.894,49.964,49.8085,688.99,915.46,999.92,0.22
2017-01-05 13:30:00,50.0,50.07,49.95,49.73,439.0,-0.05,-0.1,49.908,49.982,49.7815,828.96,992.96,1012.02,0.18
2017-01-05 11:30:00,49.79,50.09,50.01,49.79,768.0,0.22,0.44,49.926,49.997,49.7535,1013.29,1097.86,1063.47,0.32
2017-01-05 11:00:00,49.85,49.91,49.79,49.7,778.59,-0.06,-0.12,49.918,49.983,49.689,1149.09,1122.68,1075.15,0.32
2017-01-05 10:30:00,49.91,50.08,49.88,49.88,942.19,-0.03,-0.06,49.976,49.969,49.6345,1123.17,1170.36,1074.92,0.39
2017-01-05 10:00:00,50.08,50.3,49.91,49.84,1217.0,-0.17,-0.34,50.034,49.951,49.59,1141.94,1217.75,1075.21,0.51
2017-01-04 15:00:00,49.97,50.13,50.04,49.81,1360.68,0.07,0.14,50.056,49.933,49.5295,1156.96,1213.75,1100.06,0.57
2017-01-04 14:30:00,50.08,50.17,49.97,49.89,1447.0,-0.11,-0.22,50.068,49.891,49.4645,1182.43,1253.89,1092.77,0.6
2017-01-04 14:00:00,50.17,50.18,50.08,50.02,649.0,-0.09,-0.18,50.048,49.823,49.41,1096.26,1159.19,1096.42,0.27
2017-01-04 13:30:00,50.08,50.2,50.17,49.96,1036.0,0.09,0.18,49.962,49.741,49.3715,1217.54,1137.64,1117.34,0.43
2017-01-04 11:30:00,50.09,50.1,50.02,49.8,1292.14,-0.07,-0.14,49.868,49.653,49.3475,1293.57,1084.39,1124.29,0.54
2017-01-04 11:00:00,49.87,50.26,50.1,49.87,1488.0,0.23,0.46,49.81,49.581,49.32,1270.54,1031.07,1140.89,0.62
2017-01-04 10:30:00,49.65,49.89,49.87,49.57,1016.16,0.22,0.44,49.714,49.51,49.306,1325.34,1029.07,1105.29,0.42
2017-01-04 10:00:00,49.71,49.9,49.65,49.5,1255.42,-0.06,-0.12,49.598,49.395,49.3025,1222.11,1027.62,1076.63,0.52
2017-01-03 15:00:00,49.73,49.79,49.7,49.6,1416.14,-0.03,-0.06,49.52,49.3,49.3225,1057.75,979.47,1032.63,0.59
2017-01-03 14:30:00,49.62,49.8,49.73,49.52,1177.0,0.11,0.22,49.438,49.229,49.3375,875.2,932.66,985.22,0.49
2017-01-03 14:00:00,49.29,49.95,49.62,49.22,1762.0,0.33,0.67,49.352,49.126,49.349,791.6,986.36,951.05,0.73
2017-01-03 13:30:00,49.29,49.4,49.29,49.19,500.0,0.0,0.0,49.306,49.038,49.351,732.8,931.66,897.56,0.21
2017-01-03 11:30:00,49.29,49.37,49.26,49.14,433.59,-0.03,-0.06,49.192,48.997,49.3885,833.12,1033.66,920.56,0.18
2017-01-03 11:00:00,49.3,49.43,49.29,49.21,503.41,-0.01,-0.02,49.08,49.002,49.408,901.2,1097.04,967.85,0.21
2017-01-03 10:30:00,49.39,49.39,49.3,49.0,759.0,-0.09,-0.18,49.02,49.042,49.4405,990.12,1164.2,960.28,0.32
2017-01-03 10:00:00,49.24,49.49,49.39,48.8,1468.01,0.15,0.3,48.9,49.059,49.4815,1181.12,1250.7,957.89,0.61
2016-12-30 15:00:00,48.7,48.8,48.72,48.4,1001.59,0.02,0.04,48.77,49.102,49.514,1130.52,1181.5,908.2,0.42
2016-12-30 14:30:00,48.99,48.99,48.7,48.7,774.0,-0.29,-0.59,48.802,49.21,49.5855,1234.2,1125.64,878.26,0.32
2016-12-30 14:00:00,48.7,49.0,48.99,48.43,948.0,0.29,0.6,48.924,49.345,49.6605,1292.89,1085.78,863.98,0.4
2016-12-30 13:30:00,48.68,48.84,48.7,48.32,1714.0,0.02,0.04,49.064,49.446,49.718,1338.28,1037.78,852.63,0.71
2016-12-30 11:30:00,48.98,48.98,48.74,48.65,1215.0,-0.24,-0.49,49.218,49.572,49.7905,1320.29,915.74,838.59,0.51
2016-12-30 11:00:00,49.31,49.4,48.88,48.76,1520.0,-0.43,-0.87,49.434,49.664,49.863,1232.49,863.46,817.84,0.63
2016-12-30 10:30:00,49.69,49.71,49.31,49.18,1067.43,-0.38,-0.76,49.618,49.78,49.9315,1017.09,807.46,781.59,0.45
2016-12-30 10:00:00,49.45,49.9,49.69,49.45,1174.99,0.24,0.49,49.766,49.814,49.9825,878.68,838.66,801.97,0.49
2016-12-29 15:00:00,49.82,49.82,49.47,49.4,1624.01,-0.35,-0.7,49.828,49.839,50.0305,737.28,756.36,766.67,0.68
2016-12-29 14:30:00,49.8,49.98,49.82,49.65,776.0,0.02,0.04,49.926,49.904,50.0885,511.2,665.08,727.42,0.32
2016-12-29 14:00:00,50.05,50.05,49.8,49.8,443.0,-0.25,-0.5,49.894,49.926,50.12,494.44,634.9,713.57,0.18
2016-12-29 13:30:00,50.06,50.08,50.05,49.84,375.4,-0.01,-0.02,49.942,49.961,50.15,597.84,630.87,736.32,0.16
2016-12-29 11:30:00,49.96,50.08,50.0,49.79,468.0,0.04,0.08,49.862,49.976,50.172,798.64,642.19,798.94,0.2
2016-12-29 11:00:00,49.66,49.99,49.96,49.57,493.59,0.3,0.6,49.85,49.99,50.1905,775.44,667.49,826.34,0.21
2016-12-29 10:30:00,50.04,50.04,49.66,49.66,692.19,-0.38,-0.76,49.882,50.009,50.211,818.95,761.45,857.36,0.29
2016-12-29 10:00:00,49.55,50.24,50.04,49.51,960.0,0.49,0.99,49.958,50.062,50.24,775.36,772.23,896.59,0.4
2016-12-28 15:00:00,49.94,50.0,49.65,49.55,1379.43,-0.29,-0.58,49.98,50.083,50.237,663.9,755.73,888.49,0.58
2016-12-28 14:30:00,50.12,50.12,49.94,49.91,352.0,-0.18,-0.36,50.09,50.151,50.242,485.73,765.28,855.47,0.15
2016-12-28 14:00:00,50.04,50.2,50.12,49.88,711.14,0.08,0.16,50.13,50.222,50.196,559.53,776.98,872.57,0.3
2016-12-28 13:30:00,50.1,50.15,50.04,50.03,474.25,-0.06,-0.12,50.136,50.273,50.1445,703.94,789.77,893.69,0.2
2016-12-28 11:30:00,50.2,50.25,50.15,50.1,402.68,-0.05,-0.1,50.166,50.314,50.075,769.09,792.24,994.78,0.17
2016-12-28 11:00:00,50.14,50.25,50.2,50.1,488.57,0.06,0.12,50.186,50.339,50.043,847.55,841.77,1046.39,0.2
2016-12-28 10:30:00,50.15,50.25,50.14,50.0,721.0,-0.01,-0.02,50.212,50.368,50.015,1044.84,955.7,1120.96,0.3
2016-12-28 10:00:00,49.9,50.36,50.15,49.86,1433.19,0.25,0.5,50.314,50.391,49.9845,994.44,985.19,1152.22,0.6
2016-12-27 15:00:00,50.25,50.45,50.19,50.19,800.0,-0.06,-0.12,50.41,50.413,49.972,875.6,953.28,1186.78,0.33
2016-12-27 14:30:00,50.33,50.42,50.25,50.17,795.0,-0.08,-0.16,50.462,50.418,49.983,815.39,1020.96,1189.46,0.33
2016-12-27 14:00:00,50.65,50.65,50.33,50.28,1475.0,-0.32,-0.63,50.492,50.391,50.0015,835.99,1021.26,1223.31,0.62
2016-12-27 13:30:00,50.63,50.79,50.65,50.55,469.0,0.02,0.04,50.524,50.333,50.0275,866.56,945.66,1285.38,0.2
2016-12-27 11:30:00,50.45,50.9,50.63,50.45,839.0,0.18,0.36,50.468,50.17,50.061,975.95,968.16,1430.34,0.35
2016-12-27 11:00:00,50.4,50.5,50.45,50.32,498.95,0.05,0.1,50.416,50.016,50.1425,1030.95,997.61,1498.53,0.21
2016-12-27 10:30:00,50.49,50.49,50.4,50.2,898.0,-0.09,-0.18,50.374,49.836,50.247,1226.53,1197.32,1569.23,0.37
2016-12-27 10:00:00,50.43,50.58,50.49,50.1,1627.85,0.06,0.12,50.29,49.747,50.36,1206.53,1251.02,1617.09,0.68
2016-12-26 15:00:00,50.37,50.55,50.37,50.22,1015.95,0.0,0.0,50.142,49.662,50.4805,1024.76,1286.23,1609.64,0.42
2016-12-26 14:30:00,50.24,50.5,50.37,50.15,1114.0,0.13,0.26,49.872,49.578,50.6325,960.37,1319.24,1622.02,0.46
2016-12-26 14:00:00,49.98,50.48,50.24,49.86,1476.86,0.26,0.52,49.616,49.531,50.783,964.27,1420.28,1764.6,0.62
2016-12-26 13:30:00,49.73,50.19,49.98,49.43,798.0,0.25,0.5,49.298,49.548,50.9235,1168.1,1357.95,1850.04,0.33
2016-12-26 11:30:00,49.02,49.96,49.75,49.02,719.0,0.73,1.49,49.204,49.612,51.0245,1295.5,1425.35,1934.44,0.3
2016-12-26 11:00:00,49.09,49.09,49.02,48.7,694.0,-0.07,-0.14,49.182,49.722,51.1555,1547.7,1625.1,2088.05,0.29
2016-12-26 10:30:00,48.65,49.15,49.09,48.5,1133.5,0.44,0.9,49.284,49.952,51.3145,1678.1,1892.52,2355.3,0.47
2016-12-26 10:00:00,48.91,48.91,48.65,48.2,2496.0,-0.26,-0.53,49.446,50.269,51.4315,1876.29,1999.46,2551.69,1.04
2016-12-23 15:00:00,49.64,50.04,49.51,49.42,1435.0,-0.13,-0.26,49.798,50.658,51.537,1547.8,1941.14,2476.64,0.6
2016-12-23 14:30:00,49.51,50.0,49.64,49.38,1980.0,0.13,0.26,50.02,50.973,51.5875,1555.2,1983.16,2439.39,0.83
2016-12-23 14:00:00,49.9,50.27,49.53,49.53,1346.0,-0.37,-0.74,50.262,51.299,51.63,1702.5,1933.04,2424.79,0.56
2016-12-23 13:30:00,50.4,50.41,49.9,49.73,2124.43,-0.5,-0.99,50.62,51.687,51.6875,2106.94,1924.8,2432.37,0.89
2016-12-23 11:30:00,50.62,50.69,50.41,50.4,853.57,-0.21,-0.41,51.092,52.035,51.7265,2122.63,2108.92,2426.23,0.36
2016-12-23 11:00:00,50.85,50.97,50.62,50.35,1472.0,-0.23,-0.45,51.518,52.299,51.7135,2334.49,2342.13,2438.2,0.61
2016-12-23 10:30:00,51.33,51.44,50.85,50.63,2716.49,-0.48,-0.94,51.926,52.437,51.69,2411.12,2443.53,2395.63,1.13
2016-12-23 10:00:00,51.3,51.95,51.32,51.11,3368.19,0.02,0.04,52.336,52.589,51.655,2163.59,2551.0,2321.26,1.4
2016-12-22 15:00:00,52.54,52.59,52.26,52.18,2202.9,-0.28,-0.53,52.754,52.677,51.599,1742.67,2818.07,2220.91,0.92
2016-12-22 14:30:00,52.66,52.99,52.54,52.41,1912.86,-0.12,-0.23,52.978,52.594,51.5135,2095.2,3103.93,2157.62,0.8
2016-12-22 14:00:00,52.9,52.93,52.66,52.46,1855.14,-0.24,-0.45,53.08,52.416,51.4105,2349.77,3012.14,2108.01,0.77
2016-12-22 13:30:00,53.4,53.4,52.9,52.83,1478.86,-0.5,-0.94,52.948,52.202,51.3005,2475.95,2895.63,2114.81,0.62
2016-12-22 11:30:00,53.38,53.5,53.41,53.04,1263.61,0.03,0.06,52.842,51.961,51.1705,2938.41,2916.54,2118.24,0.53
2016-12-22 11:00:00,53.06,53.83,53.38,52.73,3965.53,0.32,0.6,52.6,51.688,51.012,3893.47,2939.94,2137.56,1.65
2016-12-22 10:30:00,52.0,53.18,53.05,51.93,3185.73,1.05,2.02,52.21,51.418,50.853,4112.65,2743.55,2018.37,1.33
2016-12-22 10:00:00,52.0,52.29,52.0,51.73,2486.0,0.0,0.0,51.752,51.128,50.7155,3674.51,2534.28,1917.0,1.04
2016-12-21 15:00:00,52.25,52.93,52.37,52.03,3791.19,0.12,0.23,51.456,50.943,50.6405,3315.31,2347.74,1854.76,1.58
2016-12-21 14:30:00,51.54,52.47,52.2,51.3,6038.91,0.66,1.28,51.08,50.721,50.542,2894.66,2091.52,1708.13,2.52
2016-12-21 14:00:00,50.78,51.76,51.43,50.76,5061.43,0.65,1.28,50.776,50.521,50.433,1986.42,1623.75,1484.3,2.11
2016-12-21 13:30:00,50.6,50.76,50.76,50.5,995.0,0.16,0.32,50.626,50.433,50.366,1374.45,1211.31,738.75,0.41
2016-12-21 11:30:00,50.47,50.6,50.52,50.45,690.0,0.05,0.1,50.504,50.405,50.3375,1394.05,1203.89,1333.25,0.29
2016-12-21 11:00:00,50.68,50.75,50.49,50.45,1687.95,-0.19,-0.37,50.43,50.399,50.32,1380.17,1333.99,1392.11,0.7
2016-12-21 10:30:00,50.68,50.69,50.68,50.45,1497.7,0.0,0.0,50.362,50.38,50.297,1288.38,1319.95,1417.31,0.62
2016-12-21 10:00:00,50.39,50.79,50.68,50.27,2001.59,0.29,0.58,50.266,50.336,50.255,1261.09,1335.18,1387.76,0.83
2016-12-20 15:00:00,50.15,50.21,50.15,50.1,1093.0,0.0,0.0,50.24,50.288,50.2055,1048.17,1293.2,1335.2,0.46
2016-12-20 14:30:00,50.15,50.18,50.15,50.01,620.59,0.0,0.0,50.306,50.303,50.188,1013.72,1299.73,1334.33,0.26
2016-12-20 14:00:00,50.2,50.33,50.15,49.98,1229.03,-0.05,-0.1,50.368,50.338,50.173,1287.81,1361.79,1370.78,0.51
2016-12-20 13:30:00,50.64,50.67,50.2,50.2,1361.23,-0.44,-0.87,50.398,50.363,50.1755,1351.52,1324.74,1420.51,0.57
2016-12-20 11:30:00,50.48,50.72,50.55,50.45,937.0,0.07,0.14,50.406,50.345,50.1655,1409.27,1344.84,1457.25,0.39
2016-12-20 11:00:00,50.45,50.56,50.48,50.32,920.77,0.03,0.06,50.336,50.299,50.1235,1538.22,266.2,1504.4,0.38
2016-12-20 10:30:00,50.3,50.75,50.46,50.02,1991.0,0.16,0.32,50.3,50.27,50.0715,1585.74,1462.62,1524.54,0.83
2016-12-20 10:00:00,49.88,50.39,50.3,49.88,1547.58,0.42,0.84,50.308,50.241,50.0415,1435.77,1450.23,1474.49,0.65
2016-12-19 15:00:00,50.2,50.36,50.24,50.03,1650.0,0.04,0.08,50.328,50.214,50.0185,1297.97,1514.67,1487.21,0.69
2016-12-19 14:30:00,50.3,50.33,50.2,50.03,1581.75,-0.1,-0.2,50.284,50.174,50.031,1280.41,1440.33,1484.36,0.66
2016-12-19 14:00:00,50.5,50.58,50.3,50.28,1158.36,-0.2,-0.4,50.262,50.123,50.045,-1005.82,1377.2,1488.45,0.48
2016-12-19 13:30:00,50.4,50.51,50.5,50.25,1241.16,0.1,0.2,50.24,50.073,50.03,1339.5,1368.94,1529.48,0.52
2016-12-19 11:30:00,50.02,50.43,50.4,50.0,858.59,0.38,0.76,50.174,50.008,49.9845,1464.69,1379.76,1681.02,0.36
2016-12-19 11:00:00,50.09,50.49,50.02,50.0,1562.19,-0.07,-0.14,50.1,49.988,49.923,1731.37,1516.27,1790.14,0.65
2016-12-19 10:30:00,50.19,50.19,50.09,49.73,-9849.42,-0.1,-0.2,50.064,49.986,49.901,1600.26,1569.66,1782.76,-4.11
2016-12-19 10:00:00,50.19,50.19,50.19,50.19,12885.0,0.0,0.0,49.984,49.948,49.9115,3760.22,2742.6,2501.84,5.37
2016-12-16 15:00:00,50.03,50.23,50.17,50.02,1867.1,0.14,0.28,49.906,49.873,49.915,1398.37,1586.45,1997.56,0.78
2016-12-16 14:30:00,49.84,50.28,50.03,49.55,2192.0,0.19,0.38,49.842,49.842,49.8815,1294.84,1498.74,1981.87,0.91
2016-12-16 14:00:00,49.54,49.9,49.84,49.51,906.61,0.3,0.61,49.876,49.823,49.819,1301.16,1459.74,1922.62,0.38
2016-12-16 13:30:00,49.8,49.91,49.69,49.51,950.38,-0.11,-0.22,49.908,49.888,49.752,1539.05,1528.38,2027.19,0.4
2016-12-16 11:30:00,49.85,49.99,49.8,49.68,1075.76,-0.05,-0.1,49.912,49.967,49.72,1724.98,1599.7,2099.72,0.45
2016-12-16 11:00:00,50.24,50.27,49.85,49.82,1349.43,-0.39,-0.78,49.84,49.987,49.6995,1774.53,1690.02,2116.28,0.56
2016-12-16 10:30:00,50.0,50.35,50.2,49.95,2223.64,0.2,0.4,49.842,49.961,49.6825,1702.65,1982.28,2119.04,0.93
2016-12-16 10:00:00,49.45,50.0,50.0,49.45,2096.06,0.55,1.11,49.77,49.858,49.65,1618.32,2064.0,2146.81,0.87
2016-12-15 15:00:00,49.44,49.75,49.71,49.3,1880.0,0.27,0.55,49.868,49.816,49.6275,1517.71,1995.87,2156.9,0.78
2016-12-15 14:30:00,49.86,49.86,49.44,49.21,1323.54,-0.42,-0.84,50.022,49.875,49.587,1474.42,2261.08,2131.33,0.55
2016-12-15 14:00:00,49.84,49.9,49.86,49.57,990.0,0.02,0.04,50.134,49.957,49.5525,1605.51,2408.68,2098.29,0.41
2016-12-15 13:30:00,50.48,50.51,49.84,49.76,1802.0,-0.64,-1.27,50.08,49.921,49.522,2261.92,2464.99,2155.4,0.75
2016-12-15 11:30:00,50.48,50.58,50.49,50.24,1593.0,0.01,0.02,49.946,49.815,49.4735,2509.68,2385.49,2263.89,0.66
2016-12-15 11:00:00,50.0,50.48,50.48,50.0,1663.57,0.48,0.96,49.764,49.616,49.404,2474.03,2525.99,2335.49,0.69
2016-12-15 10:30:00,49.59,50.24,50.0,49.59,1979.0,0.41,0.83,49.728,49.473,49.3425,3047.73,2599.74,2452.66,0.83
2016-12-15 10:00:00,49.01,50.0,49.59,48.66,4272.01,0.58,1.18,49.78,49.412,49.3225,3211.84,2542.54,2504.46,1.78
2016-12-14 15:00:00,49.58,49.8,49.17,49.1,3040.84,-0.41,-0.83,49.762,49.404,49.4025,2668.07,2255.79,2362.11,1.27
2016-12-14 14:30:00,50.3,50.3,49.58,49.53,1414.75,-0.72,-1.43,49.684,49.442,49.519,2261.3,2229.61,2276.57,0.59
2016-12-14 14:00:00,50.26,50.82,50.3,50.02,4532.04,0.04,0.08,49.468,49.439,49.6405,2577.95,2317.93,2287.26,1.89
2016-12-14 13:30:00,49.5,50.3,50.26,49.0,2799.57,0.76,1.54,49.218,49.299,49.7205,2151.75,2001.58,2270.42,1.17
2016-12-14 11:30:00,48.78,49.5,49.5,48.77,1553.16,0.72,1.48,49.044,49.148,49.8075,1873.23,1787.91,2313.44,0.65
2016-12-14 11:00:00,48.5,48.9,48.78,48.45,1007.0,0.28,0.58,49.046,49.123,50.0625,1843.51,1845.81,2389.88,0.42
2016-12-14 10:30:00,49.05,49.05,48.5,48.4,2998.0,-0.55,-1.12,49.2,49.132,50.326,2197.91,2142.28,2398.73,1.25
2016-12-14 10:00:00,49.43,49.43,49.05,48.61,2401.0,-0.38,-0.77,49.41,49.192,50.6225,2057.9,2144.98,2297.93,1.0
2016-12-13 15:00:00,49.6,49.6,49.39,49.3,1407.0,-0.21,-0.42,49.38,49.212,50.903,1851.42,2305.58,2224.48,0.59
2016-12-13 14:30:00,49.55,49.7,49.51,49.45,1404.57,-0.04,-0.08,49.252,49.233,51.157,1702.58,2466.38,2297.13,0.59
2016-12-13 14:00:00,49.55,49.92,49.55,49.41,2779.0,0.0,0.0,49.2,49.401,51.389,1848.11,2468.43,2293.7,1.16
2016-12-13 13:30:00,48.9,49.55,49.55,48.42,2297.92,0.65,1.33,49.064,49.596,51.6315,2086.65,2323.53,2267.5,0.96
2016-12-13 11:30:00,48.75,48.96,48.9,48.35,1368.59,0.15,0.31,48.974,49.842,51.874,2232.07,2256.59,2302.53,0.57
2016-12-13 11:00:00,49.23,49.23,48.75,48.7,662.82,-0.48,-0.98,49.044,50.142,52.1865,2759.75,2539.25,2393.9,0.28
2016-12-13 10:30:00,48.87,49.46,49.25,48.57,2132.2,0.38,0.78,49.214,50.467,52.5375,3230.19,2838.97,2408.89,0.89
2016-12-13 10:00:00,48.51,48.99,48.87,47.91,3971.73,0.36,0.74,49.602,51.002,52.8615,3088.75,2933.95,2370.03,1.66
2016-12-12 15:00:00,49.25,49.41,49.1,49.1,3025.0,-0.15,-0.3,50.128,51.52,53.198,2560.4,2655.18,2224.14,1.26
2016-12-12 14:30:00,49.65,49.9,49.25,49.1,4007.0,-0.4,-0.81,50.71,52.053,53.5375,2281.12,2450.88,2166.39,1.67
2016-12-12 14:00:00,51.19,51.19,49.6,49.5,3015.0,-1.59,-3.11,51.24,52.594,53.885,2318.75,2143.38,2026.59,1.26
2016-12-12 13:30:00,51.43,51.47,51.19,51.01,1425.0,-0.24,-0.47,51.72,53.081,54.225,2447.75,2127.88,1957.34,0.59
2016-12-12 11:30:00,52.01,52.28,51.5,51.47,1330.0,-0.51,-0.98,52.402,53.377,54.4955,2779.15,2118.98,2010.79,0.55
2016-12-12 11:00:00,51.9,52.4,52.01,51.84,1628.59,0.11,0.21,52.912,53.667,54.7515,2749.96,2211.48,2094.69,0.68
2016-12-12 10:30:00,51.85,52.39,51.9,51.66,4195.16,0.05,0.1,53.396,53.906,54.96,2620.63,2348.47,2081.04,1.75
2016-12-12 10:00:00,54.5,54.5,52.0,51.55,3660.0,-2.5,-4.59,53.948,54.231,55.164,1968.0,2248.56,1941.54,1.53
2016-12-09 15:00:00,54.1,54.7,54.6,53.7,3082.0,0.5,0.92,54.442,54.608,55.368,1808.0,1978.82,1813.49,1.29
2016-12-09 14:30:00,54.43,54.5,54.05,53.86,1184.05,-0.38,-0.7,54.352,54.721,55.433,1458.8,1806.11,1693.04,0.49
2016-12-09 14:00:00,54.66,54.66,54.43,54.29,981.95,-0.23,-0.42,54.422,54.876,55.515,1672.99,1793.1,1689.33,0.41
2016-12-09 13:30:00,54.47,54.69,54.66,54.3,932.0,0.19,0.35,54.416,55.022,55.55,2076.31,1881.91,1756.53,0.39
2016-12-09 11:30:00,54.15,54.5,54.47,53.5,2860.0,0.32,0.59,54.514,55.176,55.586,2529.12,1909.81,1847.1,1.19
2016-12-09 11:00:00,54.31,54.74,54.15,54.12,1336.0,-0.16,-0.29,54.774,55.369,55.661,2149.63,1786.81,1769.24,0.56
2016-12-09 10:30:00,54.4,54.79,54.4,54.31,2255.0,0.0,0.0,55.09,55.614,55.7635,2153.41,1902.61,1759.3,0.94
2016-12-09 10:00:00,55.23,55.23,54.4,54.23,2998.57,-0.83,-1.5,55.33,55.836,55.8635,1913.21,1977.9,1674.49,1.25
2016-12-08 15:00:00,55.77,55.79,55.15,54.9,3196.01,-0.62,-1.11,55.628,56.014,55.9675,1687.5,1813.61,1589.87,1.33
2016-12-08 14:30:00,55.73,55.85,55.77,55.48,962.59,0.04,0.07,55.838,56.097,56.016,1290.5,1634.52,1476.51,0.4
2016-12-08 14:00:00,55.6,55.89,55.73,55.46,1354.89,0.13,0.23,55.964,56.128,56.029,1423.98,1648.16,1502.07,0.57
2016-12-08 13:30:00,55.89,55.89,55.6,55.55,1054.0,-0.29,-0.52,56.138,56.145,56.054,1651.82,1579.98,1527.53,0.44
2016-12-08 11:30:00,56.19,56.19,55.89,55.6,1870.0,-0.3,-0.53,56.342,56.154,56.086,2042.6,1585.55,1614.48,0.78
2016-12-08 11:00:00,56.4,56.5,56.2,56.14,1211.0,-0.2,-0.35,56.4,56.078,56.073,1939.71,1631.15,1638.07,0.51
2016-12-08 10:30:00,56.41,56.87,56.4,56.4,1630.0,-0.01,-0.02,56.356,55.996,56.051,1978.55,1784.4,1638.47,0.68
2016-12-08 10:00:00,56.61,56.61,56.6,56.1,2494.08,-0.01,-0.02,56.292,55.953,56.0215,1872.35,1751.67,1622.97,1.04
2016-12-07 15:00:00,56.18,56.64,56.62,56.18,3007.9,0.44,0.78,56.152,55.913,56.0055,1508.13,1615.99,1526.22,1.25
2016-12-07 14:30:00,56.0,56.28,56.18,55.97,1355.59,0.18,0.32,55.966,55.891,55.988,1128.5,1371.08,1436.33,0.57
2016-12-07 14:00:00,56.04,56.29,55.98,55.91,1405.18,-0.06,-0.11,55.756,55.921,56.0055,1322.59,1366.13,1430.7,0.59
2016-12-07 13:30:00,56.09,56.1,56.08,55.8,1099.0,-0.01,-0.02,55.636,55.935,56.0445,1590.24,1318.49,1446.94,0.46
2016-12-07 11:30:00,55.69,55.9,55.9,55.46,673.0,0.21,0.38,55.614,55.93,56.0605,1630.99,1355.98,1575.77,0.28
2016-12-07 11:00:00,55.13,55.84,55.69,55.1,1109.75,0.56,1.02,55.674,55.963,56.1085,1723.84,1475.09,1723.27,0.46
2016-12-07 10:30:00,55.38,55.5,55.13,55.05,2326.0,-0.25,-0.45,55.816,56.018,56.1835,1613.67,1643.42,1781.74,0.97
2016-12-07 10:00:00,55.91,56.4,55.38,55.18,2743.45,-0.53,-0.95,56.086,56.068,56.308,1409.67,1644.99,1763.58,1.14
2016-12-06 15:00:00,56.2,56.3,55.97,55.91,1302.74,-0.23,-0.41,56.234,56.106,56.427,1046.75,1492.55,1768.5,0.54
2016-12-06 14:30:00,56.42,56.64,56.2,56.15,1137.25,-0.22,-0.39,56.246,56.09,56.506,1080.98,1494.28,1884.06,0.47
2016-12-06 14:00:00,56.48,56.48,56.4,56.31,558.89,-0.08,-0.14,56.252,56.098,56.6135,1226.35,1436.45,1964.31,0.23
2016-12-06 13:30:00,56.4,56.72,56.48,56.14,1306.0,0.08,0.14,56.22,56.085,56.729,1673.17,1501.58,2135.26,0.54
2016-12-06 11:30:00,56.03,56.28,56.12,56.01,928.85,0.09,0.16,56.05,56.09,56.8665,1880.32,1495.28,2269.11,0.39
2016-12-06 11:00:00,56.23,56.23,56.03,55.92,1473.92,-0.2,-0.36,55.978,56.154,57.065,1938.35,1575.39,2328.42,0.61
2016-12-06 10:30:00,56.24,56.43,56.23,56.07,1864.08,-0.01,-0.02,55.934,56.191,57.261,1907.57,1795.56,2353.76,0.78
2016-12-06 10:00:00,55.75,56.56,56.24,55.75,2793.0,0.49,0.88,55.944,56.254,57.461,1646.55,1971.45,2392.76,1.16
2016-12-05 15:00:00,55.76,55.97,55.63,55.4,2341.75,-0.13,-0.23,55.95,56.349,57.6605,1329.99,1920.05,2385.58,0.98
2016-12-05 14:30:00,55.81,56.1,55.76,55.65,1219.01,-0.05,-0.09,56.13,56.548,57.874,1110.24,1882.16,2348.09,0.51
2016-12-05 14:00:00,56.28,56.42,55.81,55.8,1320.0,-0.47,-0.84,56.33,56.748,58.087,1212.43,2044.46,2406.83,0.55
2016-12-05 13:30:00,56.27,56.43,56.28,56.2,559.0,0.01,0.02,56.448,56.922,58.293,1683.55,2273.86,2479.77,0.23
2016-12-05 11:30:00,56.53,56.53,56.27,56.07,1210.17,-0.26,-0.46,56.564,57.129,58.449,2296.35,2492.16,2616.74,0.5
2016-12-05 11:00:00,56.76,57.08,56.53,56.53,1243.0,-0.23,-0.41,56.748,57.373,58.5805,2510.12,2768.95,2728.93,0.52
2016-12-05 10:30:00,56.4,57.38,56.76,56.35,1730.0,0.36,0.64,56.966,57.643,58.693,2654.08,3042.95,2784.83,0.72
2016-12-05 10:00:00,55.0,56.96,56.4,54.99,3675.59,1.4,2.55,57.166,57.976,58.815,2876.48,3081.45,2792.05,1.53
2016-12-02 15:00:00,57.15,57.63,56.86,56.86,3623.0,-0.29,-0.51,57.396,58.331,58.952,2864.16,2911.97,2680.75,1.51
2016-12-02 14:30:00,57.62,57.68,57.19,57.18,2279.0,-0.43,-0.75,57.694,58.668,59.036,2687.98,2814.07,2598.7,0.95
2016-12-02 14:00:00,57.76,57.99,57.62,57.3,1962.81,-0.14,-0.24,57.998,58.972,59.1275,3027.78,2851.11,2591.49,0.82
2016-12-02 13:30:00,57.6,57.79,57.76,57.05,2842.0,0.16,0.28,58.32,59.2,59.218,3431.81,2814.03,2623.05,1.19
2016-12-02 11:30:00,58.32,58.5,57.55,57.5,3613.98,-0.77,-1.32,58.786,59.426,59.2645,3286.41,2769.2,2859.64,1.51
2016-12-02 11:00:00,58.71,58.71,58.35,58.09,2742.09,-0.36,-0.61,59.266,59.664,59.0315,2959.78,2685.68,2955.5,1.14
2016-12-02 10:30:00,59.23,59.55,58.71,58.3,3978.02,-0.52,-0.88,59.642,59.769,58.774,2940.16,2741.31,3018.88,1.66
2016-12-02 10:00:00,59.99,60.18,59.23,59.0,3982.98,-0.76,-1.27,59.946,59.788,58.488,2674.44,2688.91,3022.65,1.66
2016-12-01 15:00:00,59.95,60.29,60.09,59.88,2115.0,0.14,0.23,60.08,59.743,58.1855,2196.24,2526.71,3060.83,0.88
2016-12-01 14:30:00,60.23,60.3,59.95,59.75,1980.79,-0.28,-0.46,60.066,59.654,57.8585,2252.0,2502.65,3142.32,0.83
2016-12-01 14:00:00,60.24,60.78,60.23,60.16,2644.0,-0.01,-0.02,60.062,59.573,57.5695,2411.59,2449.53,3197.15,1.1
2016-12-01 13:30:00,59.9,60.45,60.23,59.75,2649.42,0.33,0.55,59.896,59.404,57.257,2542.47,2383.33,3414.71,1.1
2016-12-01 11:30:00,60.02,60.13,59.9,59.7,1592.0,-0.12,-0.2,59.63,59.283,56.9915,2703.38,2331.87,3972.47,0.66
2016-12-01 11:00:00,59.93,60.22,60.02,59.7,2393.77,0.09,0.15,59.406,59.236,56.628,2857.18,2432.06,4153.01,1.0
2016-12-01 10:30:00,59.4,60.27,59.93,59.4,2778.77,0.53,0.89,59.242,59.103,56.2635,2753.31,2950.08,4291.71,1.16
2016-12-01 10:00:00,59.01,59.88,59.4,59.0,3298.38,0.39,0.66,59.084,58.399,55.9305,2487.47,3225.31,4319.62,1.38
2016-11-30 15:00:00,58.78,58.99,58.9,58.51,3454.0,0.12,0.2,58.912,57.779,55.646,2224.19,3296.46,4343.07,1.44
2016-11-30 14:30:00,59.2,59.29,58.78,58.65,2361.0,-0.42,-0.71,58.936,57.188,55.3765,1960.36,3356.39,4387.27,0.98
2016-11-30 14:00:00,59.16,59.39,59.2,58.92,1874.38,0.04,0.07,59.066,56.628,55.0925,2006.94,3594.94,4580.19,0.78
2016-11-30 13:30:00,58.55,59.28,59.14,58.38,1449.57,0.59,1.01,58.964,56.063,54.7725,3146.86,3781.98,5108.2,0.6
2016-11-30 11:30:00,59.03,59.3,58.54,58.33,1982.0,-0.49,-0.83,57.714,55.566,54.5165,3963.15,3944.77,5458.65,0.83
2016-11-30 11:00:00,59.4,59.4,59.02,58.9,2134.83,-0.38,-0.64,56.646,55.11,54.287,4368.72,4446.1,5688.82,0.89
2016-11-30 10:30:00,58.69,59.78,59.43,58.69,2593.93,0.74,1.26,55.44,54.7,54.036,4752.42,5613.08,5842.01,1.08
2016-11-30 10:00:00,59.17,59.17,58.69,57.9,7573.97,-0.48,-0.81,54.19,54.02,53.753,5182.95,5873.95,6218.1,3.16
2016-10-13 15:00:00,53.2,53.2,52.89,52.58,5531.01,-0.31,-0.58,53.162,53.424,53.514,4417.1,5633.33,6292.24,2.31
2016-10-13 14:30:00,52.97,53.74,53.2,52.95,4009.86,0.23,0.43,53.418,53.462,53.5195,3926.39,5413.93,6357.53,1.67
2016-10-13 14:00:00,53.0,53.58,52.99,52.83,4053.32,-0.01,-0.02,53.574,53.513,53.492,4523.48,5389.68,6793.36,1.69
2016-10-13 13:30:00,53.6,53.75,53.18,52.81,4746.58,-0.42,-0.78,53.96,53.565,53.4275,6473.73,5418.16,7089.94,1.98
2016-10-13 11:30:00,54.17,54.2,53.55,53.46,3744.73,-0.62,-1.14,53.85,53.557,53.3625,6564.95,5565.44,7165.26,1.56
2016-10-13 11:00:00,53.91,54.26,54.17,53.88,3077.44,0.26,0.48,53.686,53.482,53.2775,6849.56,6434.43,7249.16,1.28
2016-10-13 10:30:00,54.97,54.97,53.98,53.84,6995.31,-0.99,-1.8,53.506,53.467,53.1425,6901.48,6972.54,7259.34,2.92
2016-10-13 10:00:00,53.11,54.92,54.92,53.05,13804.6,1.81,3.41,53.452,53.464,53.0035,6255.88,6931.54,7165.71,5.76
2016-10-12 14:30:00,52.73,52.78,52.63,52.36,5202.66,-0.1,-0.19,53.17,53.372,52.8325,4362.58,6070.94,6741.23,2.17
2016-10-12 14:00:00,53.3,53.38,52.73,52.55,5167.81,-0.57,-1.07,53.264,53.486,52.741,4565.93,6562.25,6669.44,2.16
2016-10-12 13:30:00,53.77,53.85,53.27,53.22,3337.0,-0.5,-0.93,53.278,53.604,52.62,6019.29,6951.14,6591.82,1.39
2016-10-12 11:30:00,53.51,53.8,53.71,53.37,3767.38,0.2,0.37,53.428,53.577,52.485,7043.6,7301.12,6952.26,1.57
2016-10-12 11:00:00,53.1,53.7,53.51,53.1,4338.05,0.41,0.77,53.476,53.471,52.2595,7607.21,8197.04,7086.85,1.81
2016-10-12 10:30:00,52.8,53.38,53.1,52.76,6219.41,0.3,0.57,53.574,53.29,52.0385,7779.29,8761.72,7127.55,2.59
2016-10-12 10:00:00,53.2,53.63,52.8,52.25,12434.6,-0.4,-0.75,53.708,53.168,51.8445,8558.58,8765.08,6945.38,5.19
2016-10-11 15:00:00,53.81,54.66,54.02,53.81,8458.55,0.21,0.39,53.93,53.073,51.683,7882.99,8063.9,6429.58,3.53
2016-10-11 14:30:00,54.0,54.7,53.95,53.86,6585.44,-0.05,-0.09,53.726,52.818,51.4495,7558.64,7546.14,6265.79,2.75
2016-10-11 14:00:00,53.8,54.39,54.0,53.6,5198.47,0.2,0.37,53.466,52.543,51.228,8786.88,7399.88,6176.17,2.17
2016-10-11 13:30:00,53.93,54.69,53.77,53.6,10115.8,-0.16,-0.3,53.006,52.293,51.0085,9744.16,7411.53,6187.54,4.22
2016-10-11 11:30:00,53.0,53.91,53.91,52.91,9056.7,0.91,1.72,52.628,51.996,50.8235,8971.59,6776.63,6622.46,3.78
2016-10-11 11:00:00,52.65,53.18,53.0,52.37,6836.81,0.35,0.66,52.216,51.636,50.706,8244.81,6232.5,6640.72,2.85
2016-10-11 10:30:00,51.72,52.76,52.65,51.68,12726.6,0.93,1.8,51.91,51.393,50.658,7533.64,6603.4,6481.44,5.31
2016-10-11 10:00:00,51.79,52.28,51.7,51.35,9984.86,-0.09,-0.17,51.62,51.048,50.649,6012.88,5976.66,6028.36,4.16
2016-10-10 15:00:00,51.8,52.05,51.88,51.3,6253.0,0.08,0.15,51.58,50.787,50.674,5078.9,5493.38,5754.97,2.61
2016-10-10 14:30:00,51.47,52.19,51.85,51.36,5422.78,0.38,0.74,51.364,50.521,50.6855,4581.66,5125.68,5771.19,2.26
2016-10-10 14:00:00,51.23,51.58,51.47,51.16,3280.98,0.24,0.47,51.056,50.293,50.7155,4220.19,4795.25,6181.5,1.37
2016-10-10 13:30:00,51.5,51.79,51.2,51.0,5122.79,-0.3,-0.58,50.876,50.081,50.738,5673.15,4985.44,6303.69,2.14
2016-10-10 11:30:00,50.75,51.5,51.5,50.6,5314.96,0.75,1.48,50.476,49.913,50.7615,5940.44,4952.46,7430.66,2.22
2016-10-10 11:00:00,50.31,50.8,50.8,50.31,3766.78,0.49,0.97,49.994,49.724,50.786,5907.85,4963.54,7881.96,1.57
2016-10-10 10:30:00,50.58,50.58,50.31,50.06,3615.43,-0.27,-0.53,49.678,49.651,50.845,5669.69,6468.3,7954.75,1.51
2016-10-10 10:00:00,49.99,50.77,50.57,49.5,10545.8,0.58,1.16,49.53,49.776,50.9405,5370.32,7048.94,8009.21,4.4
2016-09-30 15:00:00,49.11,49.47,49.2,48.8,6459.25,0.09,0.18,49.286,49.923,51.022,4297.73,6359.48,7905.17,2.69
2016-09-30 14:30:00,49.23,49.6,49.09,49.01,5151.98,-0.14,-0.28,49.35,50.25,51.152,3964.47,6080.06,7853.81,2.15
2016-09-30 14:00:00,49.57,49.75,49.22,49.2,2576.0,-0.35,-0.71,49.454,50.561,51.2795,4019.23,6016.57,8209.15,1.07
2016-09-30 13:30:00,49.37,49.78,49.57,49.18,2118.56,0.2,0.41,49.624,50.85,51.3865,7266.91,6416.71,9051.27,0.88
2016-09-30 11:30:00,49.5,49.68,49.35,49.2,5182.85,-0.15,-0.3,50.022,51.138,51.42,8727.57,7567.74,9620.45,2.16
2016-09-30 11:00:00,49.61,49.99,49.52,49.4,4792.94,-0.09,-0.18,50.56,51.395,51.4225,8421.23,7621.93,9802.5,2.0
2016-09-30 10:30:00,50.07,50.3,49.61,49.4,5425.78,-0.46,-0.92,51.15,51.61,51.401,8195.66,9908.86,9841.2,2.26
2016-09-30 10:00:00,50.0,50.27,50.07,49.13,18814.4,0.07,0.14,51.668,51.848,51.351,8013.91,10800.4,9703.98,7.85
2016-09-29 15:00:00,52.03,52.13,51.56,51.46,9421.87,-0.47,-0.9,52.076,52.039,51.2715,5566.51,9441.19,8906.33,3.93
2016-09-29 14:30:00,52.47,52.51,52.04,52.02,3651.14,-0.43,-0.82,52.254,52.105,51.099,6407.91,8969.48,8590.63,1.52
2016-09-29 14:00:00,52.2,52.68,52.47,52.16,3665.09,0.27,0.52,52.23,52.121,50.9325,6822.64,9450.86,8579.67,1.53
2016-09-29 13:30:00,52.11,52.75,52.2,52.11,4517.08,0.09,0.17,52.07,52.054,50.7355,11622.1,9627.56,8588.75,1.88
2016-09-29 11:30:00,52.64,52.64,52.11,51.9,6577.35,-0.53,-1.01,52.028,51.998,50.568,13586.8,10401.7,8878.72,2.74
2016-09-29 11:00:00,51.95,53.28,52.45,51.8,13628.9,0.5,0.96,52.002,51.923,50.381,13315.9,11685.8,9149.63,5.68
2016-09-29 10:30:00,51.67,52.27,51.92,51.65,5724.78,0.25,0.48,51.956,51.702,50.219,11531.0,11673.2,8744.65,2.39
2016-09-29 10:00:00,52.4,53.86,51.67,51.5,27662.2,-0.73,-1.39,52.012,51.45,50.1185,12079.1,11983.1,8771.43,11.54
2016-09-28 15:00:00,51.98,53.09,51.99,51.74,14341.0,0.01,0.02,52.038,51.192,50.0175,7633.05,9773.54,7734.19,5.98
2016-09-28 14:30:00,52.25,52.53,51.98,51.79,5222.52,-0.27,-0.52,51.968,50.854,49.92,7216.63,8607.57,7275.0,2.18
2016-09-28 14:00:00,52.2,52.62,52.22,51.7,4704.72,0.02,0.04,51.844,50.504,49.864,10055.8,8371.46,7225.84,1.96
2016-09-28 13:30:00,51.8,52.73,52.2,51.73,8464.91,0.4,0.77,51.448,50.093,49.7785,11815.3,8211.78,7382.94,3.53
2016-09-28 11:30:00,51.64,51.8,51.8,51.01,5432.1,0.16,0.31,50.888,49.744,49.6735,11887.1,7708.49,7962.0,2.27
2016-09-28 11:00:00,51.36,52.25,51.64,51.13,12258.9,0.28,0.55,50.346,49.417,49.741,11914.0,7549.95,8325.09,5.11
2016-09-28 10:30:00,50.24,51.36,51.36,49.9,19418.3,1.12,2.23,49.74,49.138,49.872,9998.5,7355.69,7896.28,8.1
2016-09-28 10:00:00,49.35,50.3,50.24,48.11,13502.1,0.89,1.8,49.164,48.839,50.039,6687.13,6613.44,7127.22,5.63
2016-09-27 15:00:00,49.09,49.54,49.4,48.8,8823.9,0.31,0.63,48.738,48.736,50.2305,4608.29,5816.14,6593.71,3.68
2016-09-27 14:30:00,48.61,49.14,49.09,48.36,5566.93,0.48,0.99,48.6,48.787,50.49,3529.92,5559.79,6391.88,2.32
2016-09-27 14:00:00,48.54,48.75,48.61,48.35,2681.32,0.07,0.14,48.488,48.843,50.776,3185.88,5694.84,6690.96,1.12
2016-09-27 13:30:00,48.11,48.86,48.48,48.11,2861.4,0.37,0.77,48.536,48.986,51.065,4712.88,5942.42,6891.63,1.19
2016-09-27 11:30:00,48.71,48.8,48.11,48.05,3107.92,-0.6,-1.23,48.514,49.224,51.346,6539.74,6080.23,7522.37,1.3
2016-09-27 11:00:00,48.53,49.1,48.71,48.53,3432.02,0.18,0.37,48.734,49.464,51.7105,7023.99,6554.09,8017.52,1.43
2016-09-27 10:30:00,48.85,49.09,48.53,48.36,3846.74,-0.32,-0.66,48.974,49.603,51.97,7589.66,8215.5,8444.94,1.6
2016-09-27 10:00:00,47.88,49.28,48.85,47.88,10316.3,0.97,2.03,49.198,50.065,52.228,8203.8,9100.23,8758.83,4.3
2016-09-26 15:00:00,49.24,49.5,48.37,48.05,11995.7,-0.87,-1.77,49.436,50.606,52.52,7171.97,8436.86,8438.17,5.0
2016-09-26 14:30:00,49.91,49.95,49.21,49.19,5529.19,-0.7,-1.4,49.934,51.239,52.824,5620.72,7641.0,8323.67,2.31
2016-09-26 14:00:00,49.66,50.55,49.91,49.66,6260.38,0.25,0.5,50.194,51.725,53.1005,6084.2,7371.27,8641.07,2.61
2016-09-26 13:30:00,50.05,50.14,49.65,49.49,6917.42,-0.4,-0.8,50.232,52.193,53.409,8841.34,7223.98,8775.4,2.88
2016-09-26 11:30:00,50.86,50.99,50.04,50.03,5157.16,-0.82,-1.61,50.932,52.709,53.724,9996.66,7687.09,9818.12,2.15
2016-09-26 11:00:00,50.48,50.97,50.86,50.48,4239.43,0.38,0.75,51.776,53.144,54.018,9701.76,7840.85,10342.5,1.77
2016-09-26 10:30:00,50.18,50.62,50.51,50.11,7846.59,0.33,0.66,52.544,53.468,54.316,9661.28,8964.51,10581.5,3.27
2016-09-26 10:00:00,51.85,52.19,50.1,50.04,20046.1,-1.75,-3.38,53.256,53.957,54.6605,8658.34,9480.94,10486.2,8.36
2016-09-23 15:00:00,54.24,54.68,53.15,53.05,12694.0,-1.09,-2.01,54.154,54.337,55.072,5606.63,8674.39,9717.6,5.29
2016-09-23 14:30:00,54.71,54.81,54.26,54.1,3682.69,-0.45,-0.82,54.486,54.391,55.314,5377.52,8417.43,9330.49,1.54
2016-09-23 14:00:00,54.07,54.99,54.7,54.05,4037.04,0.63,1.17,54.512,54.434,55.5235,5979.93,8439.47,9798.34,1.68
2016-09-23 13:30:00,54.59,54.67,54.07,54.06,2831.91,-0.52,-0.95,54.392,54.409,55.6985,8267.74,9006.34,10489.5,1.18
2016-09-23 11:30:00,54.81,55.13,54.59,54.45,4787.46,-0.22,-0.4,54.658,54.476,55.842,10303.5,9910.87,13352.6,2.0
2016-09-23 11:00:00,54.5,55.77,54.81,54.5,11548.5,0.31,0.57,54.52,54.625,56.094,11742.1,10326.8,13136.8,4.82
2016-09-23 10:30:00,54.1,54.51,54.39,53.87,6694.74,0.29,0.54,54.296,54.739,56.335,11457.3,11949.2,12568.4,2.79
2016-09-23 10:00:00,54.95,55.0,54.1,53.7,15476.1,-0.85,-1.55,54.356,54.892,56.597,10899.0,12844.1,12238.7,6.45
2016-09-22 15:00:00,54.0,55.46,55.4,54.0,13010.9,1.4,2.59,54.426,55.164,56.8735,9744.93,12198.5,11472.0,5.43
2016-09-22 14:30:00,53.71,53.9,53.9,53.16,11980.5,0.19,0.35,54.294,55.364,57.085,9518.19,11491.4,10826.2,5.0
2016-09-22 14:00:00,54.7,54.79,53.69,53.61,10124.5,-1.01,-1.85,54.73,55.807,57.3715,8911.5,10760.8,10235.4,4.22
2016-09-22 13:30:00,54.48,54.97,54.69,54.33,3903.07,0.21,0.39,55.182,56.237,57.6685,12441.0,10243.5,9756.61,1.63
2016-09-22 11:30:00,54.71,54.9,54.45,54.3,9705.72,-0.26,-0.48,55.428,56.613,57.9155,14789.3,11157.2,10105.0,4.05
2016-09-22 11:00:00,56.13,56.13,54.74,54.53,11877.2,-1.39,-2.48,55.902,56.988,57.9035,14652.0,11972.6,9625.23,4.95
2016-09-22 10:30:00,55.94,56.28,56.08,55.45,8946.99,0.14,0.25,56.434,57.208,57.877,13464.6,16794.4,9034.32,3.73
2016-09-22 10:00:00,55.0,56.41,55.95,54.4,27771.8,0.95,1.73,56.884,57.563,57.7835,12610.1,15946.8,8595.94,11.58
2016-09-21 15:00:00,56.84,56.84,55.92,55.81,15644.7,-0.92,-1.62,57.292,57.931,57.6965,8046.13,13187.7,7208.8,6.52
2016-09-21 14:30:00,57.42,57.42,56.82,56.66,9019.34,-0.6,-1.04,57.798,58.302,57.611,7525.12,11633.3,6428.36,3.76
2016-09-21 14:00:00,58.33,58.36,57.4,57.21,5940.36,-0.93,-1.59,58.074,58.583,57.4805,9293.25,10745.5,5979.44,2.48
2016-09-21 13:30:00,58.0,58.4,58.33,57.68,4674.41,0.33,0.57,57.982,58.806,57.321,20124.2,10161.0,5687.22,1.95
2016-09-21 11:30:00,58.46,58.7,57.99,57.84,4951.89,-0.47,-0.8,58.242,58.936,57.115,19283.6,9710.03,5490.28,2.07
2016-09-21 11:00:00,58.22,59.65,58.45,57.92,13039.6,0.23,0.4,58.57,59.1,56.6795,18329.2,9269.67,5243.54,5.44
2016-09-21 10:30:00,56.95,58.2,58.2,56.8,17860.0,1.25,2.19,58.806,59.218,56.221,15741.4,9052.74,4591.81,7.45
2016-09-21 10:00:00,59.01,59.01,56.94,56.4,60095.2,-2.07,-3.51,59.092,58.819,55.775,12197.8,7277.84,3699.25,25.06
2016-09-20 15:00:00,59.63,59.63,59.63,59.63,471.13,0.0,0.0,59.63,58.546,55.392,197.88,1274.22,695.4,0.2
2016-09-20 14:30:00,59.63,59.63,59.63,59.63,180.12,0.0,0.0,59.63,58.004,54.8745,136.49,1245.04,671.94,0.08
2016-09-20 14:00:00,59.63,59.63,59.63,59.63,100.59,0.0,0.0,59.63,57.462,54.357,210.13,1229.93,663.63,0.04
2016-09-20 13:30:00,59.63,59.63,59.63,59.63,142.18,0.0,0.0,59.63,56.92,53.8395,2364.07,1223.45,660.05,0.06
2016-09-20 11:30:00,59.63,59.63,59.63,59.63,95.36,0.0,0.0,58.546,56.378,53.322,2357.83,1213.33,680.03,0.04
2016-09-20 11:00:00,59.63,59.63,59.63,59.63,164.2,0.0,0.0,57.462,55.836,52.5805,2350.56,1213.4,676.66,0.07
2016-09-20 10:30:00,59.63,59.63,59.63,59.63,548.31,0.0,0.0,56.378,55.294,51.839,2353.59,1270.53,669.95,0.23
2016-09-20 10:00:00,59.63,59.63,59.63,59.63,10870.3,0.0,0.0,55.294,54.259,51.0975,2249.73,1217.4,643.18,4.53
2016-09-19 15:00:00,54.21,54.21,54.21,54.21,111.0,0.0,0.0,54.21,53.224,50.356,82.83,130.87,101.32,0.05
2016-09-19 14:30:00,54.21,54.21,54.21,54.21,59.0,0.0,0.0,54.21,52.731,49.8855,68.83,120.67,97.02,0.02
2016-09-19 14:00:00,54.21,54.21,54.21,54.21,179.32,0.0,0.0,54.21,52.238,49.415,76.23,116.57,94.32,0.07
2016-09-19 13:30:00,54.21,54.21,54.21,54.21,29.0,0.0,0.0,54.21,51.745,48.9445,187.48,98.84,86.55,0.01
2016-09-19 11:30:00,54.21,54.21,54.21,54.21,35.83,0.0,0.0,53.224,51.252,48.474,185.08,97.34,101.16,0.01
2016-09-19 11:00:00,54.21,54.21,54.21,54.21,41.0,0.0,0.0,52.238,50.759,47.8,178.91,96.66,101.97,0.02
2016-09-19 10:30:00,54.21,54.21,54.21,54.21,96.0,0.0,0.0,51.252,50.266,47.126,172.51,146.72,100.47,0.04
2016-09-19 10:00:00,54.21,54.21,54.21,54.21,735.57,0.0,0.0,50.266,49.325,46.452,156.91,139.92,97.4,0.31
2016-09-14 15:00:00,49.28,49.28,49.28,49.28,17.0,0.0,0.0,49.28,48.384,45.778,10.2,69.36,61.92,0.01
2016-09-14 14:30:00,49.28,49.28,49.28,49.28,5.0,0.0,0.0,49.28,47.936,45.3505,9.6,68.96,62.37,0.0
2016-09-14 14:00:00,49.28,49.28,49.28,49.28,9.0,0.0,0.0,49.28,47.488,44.923,14.4,71.76,63.87,0.0
2016-09-14 13:30:00,49.28,49.28,49.28,49.28,18.0,0.0,0.0,49.28,47.04,44.4955,120.92,73.36,66.02,0.01
2016-09-14 11:30:00,49.28,49.28,49.28,49.28,2.0,0.0,0.0,48.384,46.592,44.068,122.92,72.06,88.9,0.0
2016-09-14 11:00:00,49.28,49.28,49.28,49.28,14.0,0.0,0.0,47.488,46.144,43.4555,128.52,74.26,89.1,0.01
2016-09-14 10:30:00,49.28,49.28,49.28,49.28,29.0,0.0,0.0,46.592,45.696,42.843,128.32,104.98,88.6,0.01
2016-09-14 10:00:00,49.28,49.28,49.28,49.28,541.6,0.0,0.0,45.696,44.841,42.2305,129.12,107.28,87.8,0.23
2016-09-13 15:00:00,44.8,44.8,44.8,44.8,28.0,0.0,0.0,44.8,43.986,41.618,25.8,54.22,60.77,0.01
2016-09-13 14:30:00,44.8,44.8,44.8,44.8,30.0,0.0,0.0,44.8,43.579,41.2295,21.2,54.87,59.67,0.01
2016-09-13 14:00:00,44.8,44.8,44.8,44.8,13.0,0.0,0.0,44.8,43.172,40.841,20.0,54.47,59.72,0.01
2016-09-13 13:30:00,44.8,44.8,44.8,44.8,33.0,0.0,0.0,44.8,42.765,40.4525,81.63,55.77,60.52,0.01
2016-09-13 11:30:00,44.8,44.8,44.8,44.8,25.0,0.0,0.0,43.986,42.358,40.064,85.43,55.97,67.42,0.01
2016-09-13 11:00:00,44.8,44.8,44.8,44.8,5.0,0.0,0.0,43.172,41.951,39.507,82.63,58.67,66.67,0.0
2016-09-13 10:30:00,44.8,44.8,44.8,44.8,24.0,0.0,0.0,42.358,41.544,38.95,88.55,105.73,66.92,0.01
2016-09-13 10:00:00,44.8,44.8,44.8,44.8,321.16,0.0,0.0,41.544,40.767,38.393,88.95,103.93,65.92,0.13
2016-09-12 15:00:00,40.73,40.73,40.73,40.73,52.0,0.0,0.0,40.73,39.99,37.836,29.91,72.21,50.16,0.02
2016-09-12 14:30:00,40.73,40.73,40.73,40.73,11.0,0.0,0.0,40.73,39.62,37.4825,26.51,68.31,48.36,0.0
2016-09-12 14:00:00,40.73,40.73,40.73,40.73,34.57,0.0,0.0,40.73,39.25,37.129,34.71,67.31,48.41,0.01
2016-09-12 13:30:00,40.73,40.73,40.73,40.73,26.0,0.0,0.0,40.73,38.88,36.7755,122.91,64.46,47.18,0.01
2016-09-12 11:30:00,40.73,40.73,40.73,40.73,26.0,0.0,0.0,39.99,38.51,36.422,118.91,64.96,52.5,0.01
2016-09-12 11:00:00,40.73,40.73,40.73,40.73,35.0,0.0,0.0,39.25,38.14,35.9155,114.51,65.26,52.0,0.01
2016-09-12 10:30:00,40.73,40.73,40.73,40.73,52.0,0.0,0.0,38.51,37.77,35.409,110.11,78.86,50.3,0.02
