2017-03-16@15:00:00,6.962,6.853,6.744
2017-03-16@14:00:00,6.963,6.846,6.728
2017-03-16@11:30:00,6.961,6.839,6.716
2017-03-16@10:30:00,6.960,6.834,6.708
2017-03-15@15:00:00,6.957,6.829,6.701
2017-03-15@14:00:00,6.954,6.827,6.699
2017-03-15@11:30:00,6.954,6.827,6.699
2017-03-15@10:30:00,6.954,6.827,6.700
2017-03-14@15:00:00,6.955,6.828,6.700
2017-03-14@14:00:00,6.960,6.829,6.698
2017-03-14@11:30:00,6.961,6.830,6.699
2017-03-14@10:30:00,6.963,6.831,6.699
2017-03-13@15:00:00,6.963,6.831,6.699
2017-03-13@14:00:00,6.958,6.830,6.701
2017-03-13@11:30:00,6.954,6.828,6.702
2017-03-13@10:30:00,6.950,6.827,6.704
2017-03-10@15:00:00,6.947,6.826,6.705
2017-03-10@14:00:00,6.946,6.831,6.715
2017-03-10@11:30:00,6.945,6.834,6.723
2017-03-10@10:30:00,6.945,6.836,6.727
2017-03-09@15:00:00,6.941,6.839,6.736
2017-03-09@14:00:00,6.936,6.844,6.752
2017-03-09@11:30:00,6.938,6.852,6.766
2017-03-09@10:30:00,6.943,6.860,6.777
2017-03-08@15:00:00,6.948,6.869,6.789
2017-03-08@14:00:00,6.958,6.876,6.793
2017-03-08@11:30:00,6.961,6.881,6.800
2017-03-08@10:30:00,6.972,6.886,6.800
2017-03-07@15:00:00,6.980,6.891,6.801
2017-03-07@14:00:00,6.988,6.894,6.799
2017-03-07@11:30:00,6.988,6.895,6.801
2017-03-07@10:30:00,6.989,6.896,6.802
2017-03-06@15:00:00,6.988,6.895,6.802
2017-03-06@14:00:00,6.992,6.897,6.802
2017-03-06@11:30:00,7.010,6.904,6.798
2017-03-06@10:30:00,7.038,6.912,6.786
2017-03-03@15:00:00,7.061,6.921,6.780
2017-03-03@14:00:00,7.072,6.930,6.787
2017-03-03@11:30:00,7.076,6.938,6.800
2017-03-03@10:30:00,7.079,6.948,6.817
2017-03-02@15:00:00,7.073,6.959,6.844
2017-03-02@14:00:00,7.082,6.970,6.857
2017-03-02@11:30:00,7.093,6.977,6.861
2017-03-02@10:30:00,7.104,6.984,6.864
2017-03-01@15:00:00,7.121,6.992,6.863
2017-03-01@14:00:00,7.160,7.005,6.849
2017-03-01@11:30:00,7.169,7.014,6.858
2017-03-01@10:30:00,7.182,7.022,6.861
2017-02-28@15:00:00,7.183,7.026,6.868
2017-02-28@14:00:00,7.187,7.023,6.858
2017-02-28@11:30:00,7.192,7.021,6.849
2017-02-28@10:30:00,7.195,7.019,6.843
2017-02-27@15:00:00,7.198,7.018,6.837
2017-02-27@14:00:00,7.200,7.016,6.832
2017-02-27@11:30:00,7.204,7.009,6.814
2017-02-27@10:30:00,7.203,6.999,6.794
2017-02-24@15:00:00,7.204,6.986,6.768
2017-02-24@14:00:00,7.202,6.979,6.755
2017-02-24@11:30:00,7.206,6.968,6.730
2017-02-24@10:30:00,7.204,6.957,6.710
2017-02-23@15:00:00,7.199,6.953,6.706
2017-02-23@14:00:00,7.185,6.943,6.701
2017-02-23@11:30:00,7.171,6.934,6.697
2017-02-23@10:30:00,7.154,6.924,6.694
2017-02-22@15:00:00,7.129,6.913,6.696
2017-02-22@14:00:00,7.068,6.895,6.721
2017-02-22@11:30:00,7.029,6.884,6.738
2017-02-22@10:30:00,6.970,6.872,6.774
2017-02-21@15:00:00,6.935,6.866,6.797
2017-02-21@14:00:00,6.964,6.872,6.779
2017-02-21@11:30:00,6.968,6.875,6.781
2017-02-21@10:30:00,6.970,6.877,6.783
2017-02-20@15:00:00,6.970,6.875,6.779
2017-02-20@14:00:00,6.970,6.875,6.779
2017-02-20@11:30:00,6.974,6.877,6.779
2017-02-20@10:30:00,6.985,6.882,6.779
2017-02-17@15:00:00,6.998,6.891,6.784
2017-02-17@14:00:00,7.010,6.897,6.783
2017-02-17@11:30:00,7.031,6.910,6.788
2017-02-17@10:30:00,7.042,6.921,6.800
2017-02-16@15:00:00,7.045,6.923,6.801
2017-02-16@14:00:00,7.047,6.926,6.805
2017-02-16@11:30:00,7.047,6.928,6.808
2017-02-16@10:30:00,7.047,6.931,6.814
2017-02-15@15:00:00,7.046,6.933,6.820
2017-02-15@14:00:00,7.057,6.930,6.802
2017-02-15@11:30:00,7.075,6.922,6.769
2017-02-15@10:30:00,7.094,6.913,6.731
2017-02-14@15:00:00,7.107,6.902,6.696
2017-02-14@14:00:00,7.102,6.887,6.671
2017-02-14@11:30:00,7.102,6.878,6.654
2017-02-14@10:30:00,7.101,6.871,6.640
2017-02-13@15:00:00,7.101,6.869,6.637
2017-02-13@14:00:00,7.097,6.862,6.626
2017-02-13@11:30:00,7.093,6.854,6.614
2017-02-13@10:30:00,7.081,6.844,6.606
2017-02-10@15:00:00,7.064,6.830,6.595
2017-02-10@14:00:00,7.048,6.814,6.579
2017-02-10@11:30:00,7.009,6.796,6.583
2017-02-10@10:30:00,6.970,6.777,6.584
2017-02-09@15:00:00,6.943,6.762,6.580
2017-02-09@14:00:00,6.923,6.743,6.563
2017-02-09@11:30:00,6.905,6.726,6.546
2017-02-09@10:30:00,6.873,6.708,6.542
2017-02-08@15:00:00,6.835,6.690,6.545
2017-02-08@14:00:00,6.835,6.678,6.520
2017-02-08@11:30:00,6.846,6.664,6.482
2017-02-08@10:30:00,6.844,6.657,6.469
2017-02-07@15:00:00,6.840,6.652,6.463
2017-02-07@14:00:00,6.835,6.648,6.460
2017-02-07@11:30:00,6.824,6.641,6.458
2017-02-07@10:30:00,6.811,6.635,6.459
2017-02-06@15:00:00,6.786,6.627,6.468
2017-02-06@14:00:00,6.767,6.616,6.465
2017-02-06@11:30:00,6.746,6.607,6.467
2017-02-06@10:30:00,6.718,6.596,6.473
2017-02-03@15:00:00,6.700,6.589,6.477
2017-02-03@14:00:00,6.692,6.581,6.470
2017-02-03@11:30:00,6.674,6.571,6.467
2017-02-03@10:30:00,6.666,6.562,6.458
2017-01-26@15:00:00,6.659,6.552,6.445
2017-01-26@14:00:00,6.664,6.545,6.426
2017-01-26@11:30:00,6.673,6.537,6.400
2017-01-26@10:30:00,6.675,6.529,6.382
2017-01-25@15:00:00,6.671,6.523,6.374
2017-01-25@14:00:00,6.675,6.516,6.357
2017-01-25@11:30:00,6.675,6.517,6.359
2017-01-25@10:30:00,6.672,6.514,6.356
2017-01-24@15:00:00,6.665,6.511,6.356
2017-01-24@14:00:00,6.652,6.498,6.344
2017-01-24@11:30:00,6.640,6.486,6.332
2017-01-24@10:30:00,6.631,6.469,6.307
2017-01-23@15:00:00,6.611,6.452,6.292
2017-01-23@14:00:00,6.609,6.439,6.268
2017-01-23@11:30:00,6.601,6.436,6.271
2017-01-23@10:30:00,6.594,6.434,6.273
2017-01-20@15:00:00,6.596,6.434,6.272
2017-01-20@14:00:00,6.629,6.442,6.254
2017-01-20@11:30:00,6.704,6.458,6.211
2017-01-20@10:30:00,6.767,6.475,6.182
2017-01-19@15:00:00,6.824,6.494,6.163
2017-01-19@14:00:00,6.885,6.516,6.147
2017-01-19@11:30:00,6.933,6.540,6.146
2017-01-19@10:30:00,6.991,6.566,6.141
2017-01-18@15:00:00,7.038,6.590,6.141
2017-01-18@14:00:00,7.108,6.624,6.139
2017-01-18@11:30:00,7.165,6.652,6.139
2017-01-18@10:30:00,7.215,6.680,6.145
2017-01-17@15:00:00,7.237,6.699,6.161
2017-01-17@14:00:00,7.250,6.726,6.201
2017-01-17@11:30:00,7.256,6.752,6.248
2017-01-17@10:30:00,7.247,6.785,6.322
2017-01-16@15:00:00,7.221,6.816,6.410
2017-01-16@14:00:00,7.173,6.849,6.524
2017-01-16@11:30:00,7.150,6.863,6.576
2017-01-16@10:30:00,7.111,6.880,6.648
2017-01-13@15:00:00,7.081,6.891,6.701
2017-01-13@14:00:00,7.065,6.897,6.728
2017-01-13@11:30:00,7.064,6.898,6.731
2017-01-13@10:30:00,7.064,6.898,6.732
2017-01-12@15:00:00,7.069,6.895,6.720
2017-01-12@14:00:00,7.069,6.891,6.712
2017-01-12@11:30:00,7.070,6.888,6.705
2017-01-12@10:30:00,7.066,6.880,6.693
2017-01-11@15:00:00,7.062,6.875,6.687
2017-01-11@14:00:00,7.028,6.864,6.699
2017-01-11@11:30:00,6.995,6.854,6.713
2017-01-11@10:30:00,6.952,6.842,6.731
2017-01-10@15:00:00,6.945,6.836,6.726
2017-01-10@14:00:00,6.935,6.830,6.724
2017-01-10@11:30:00,6.927,6.823,6.719
2017-01-10@10:30:00,6.907,6.814,6.720
2017-01-09@15:00:00,6.890,6.807,6.724
2017-01-09@14:00:00,6.871,6.794,6.717
2017-01-09@11:30:00,6.880,6.788,6.696
2017-01-09@10:30:00,6.884,6.781,6.677
2017-01-06@15:00:00,6.881,6.777,6.672
2017-01-06@14:00:00,6.881,6.776,6.670
2017-01-06@11:30:00,6.876,6.773,6.670
2017-01-06@10:30:00,6.888,6.776,6.664
2017-01-05@15:00:00,6.894,6.780,6.665
2017-01-05@14:00:00,6.910,6.785,6.659
2017-01-05@11:30:00,6.940,6.793,6.645
2017-01-05@10:30:00,6.959,6.800,6.641
2017-01-04@15:00:00,6.974,6.806,6.637
2017-01-04@14:00:00,6.972,6.805,6.637
2017-01-04@11:30:00,6.973,6.805,6.637
2017-01-04@10:30:00,6.983,6.810,6.637
2017-01-03@15:00:00,6.988,6.814,6.640
2017-01-03@14:00:00,6.997,6.820,6.642
2017-01-03@11:30:00,6.999,6.823,6.647
2017-01-03@10:30:00,7.003,6.829,6.655
2016-12-30@15:00:00,7.003,6.830,6.657
2016-12-30@14:00:00,6.996,6.837,6.678
2016-12-30@11:30:00,6.987,6.846,6.704
2016-12-30@10:30:00,6.971,6.854,6.737
2016-12-29@15:00:00,7.037,6.875,6.713
2016-12-29@14:00:00,7.128,6.901,6.674
2016-12-29@11:30:00,7.206,6.927,6.648
2016-12-29@10:30:00,7.252,6.944,6.636
2016-12-28@15:00:00,7.278,6.961,6.643
2016-12-28@14:00:00,7.322,6.979,6.636
2016-12-28@11:30:00,7.358,6.994,6.630
2016-12-28@10:30:00,7.395,7.012,6.628
2016-12-27@15:00:00,7.433,7.031,6.628
2016-12-27@14:00:00,7.451,7.051,6.650
2016-12-27@11:30:00,7.474,7.071,6.668
2016-12-27@10:30:00,7.501,7.092,6.683
2016-12-26@15:00:00,7.518,7.114,6.710
2016-12-26@14:00:00,7.552,7.140,6.728
2016-12-26@11:30:00,7.557,7.163,6.769
2016-12-26@10:30:00,7.555,7.183,6.811
2016-12-23@15:00:00,7.529,7.200,6.870
2016-12-23@14:00:00,7.516,7.228,6.939
2016-12-23@11:30:00,7.501,7.257,7.012
2016-12-23@10:30:00,7.440,7.283,7.126
2016-12-22@15:00:00,7.450,7.296,7.142
2016-12-22@14:00:00,7.518,7.313,7.108
2016-12-22@11:30:00,7.560,7.327,7.093
2016-12-22@10:30:00,7.566,7.335,7.104
2016-12-21@15:00:00,7.561,7.339,7.117
2016-12-21@14:00:00,7.562,7.337,7.111
2016-12-21@11:30:00,7.564,7.335,7.105
2016-12-21@10:30:00,7.565,7.332,7.098
2016-12-20@15:00:00,7.573,7.322,7.071
2016-12-20@14:00:00,7.704,7.289,6.873
2016-12-20@11:30:00,7.767,7.255,6.742
2016-12-20@10:30:00,7.806,7.218,6.630
2016-12-19@15:00:00,7.831,7.182,6.532
2016-12-19@14:00:00,7.836,7.137,6.438
2016-12-19@11:30:00,7.844,7.097,6.350
2016-12-19@10:30:00,7.834,7.065,6.296
2016-12-16@15:00:00,7.827,7.045,6.262
2016-12-16@14:00:00,7.790,7.021,6.252
2016-12-16@11:30:00,7.741,6.994,6.246
2016-12-16@10:30:00,7.698,6.971,6.243
2016-12-15@15:00:00,7.644,6.944,6.243
2016-12-15@14:00:00,7.538,6.909,6.279
2016-12-15@11:30:00,7.431,6.878,6.325
2016-12-15@10:30:00,7.360,6.858,6.355
2016-12-14@15:00:00,7.324,6.847,6.369
2016-12-14@14:00:00,7.282,6.833,6.384
2016-12-14@11:30:00,7.232,6.818,6.403
2016-12-14@10:30:00,7.173,6.801,6.428
2016-12-13@15:00:00,7.128,6.785,6.442
2016-12-13@14:00:00,7.134,6.803,6.472
2016-12-13@11:30:00,7.138,6.818,6.498
2016-12-13@10:30:00,7.137,6.834,6.530
2016-12-12@15:00:00,7.124,6.843,6.562
2016-12-12@14:00:00,7.107,6.850,6.592
2016-12-12@11:30:00,7.068,6.866,6.664
2016-12-12@10:30:00,7.048,6.877,6.705
2016-12-09@15:00:00,7.049,6.889,6.729
2016-12-09@14:00:00,7.062,6.894,6.726
2016-12-09@11:30:00,7.093,6.905,6.716
2016-12-09@10:30:00,7.121,6.914,6.707
2016-12-08@15:00:00,7.148,6.926,6.704
2016-12-08@14:00:00,7.181,6.938,6.695
2016-12-08@11:30:00,7.201,6.946,6.691
2016-12-08@10:30:00,7.224,6.954,6.684
2016-12-07@15:00:00,7.254,6.964,6.673
2016-12-07@14:00:00,7.291,6.978,6.664
2016-12-07@11:30:00,7.314,6.991,6.668
2016-12-07@10:30:00,7.335,7.006,6.677
2016-12-06@15:00:00,7.345,7.023,6.701
2016-12-06@14:00:00,7.485,6.984,6.483
2016-12-06@11:30:00,7.556,6.949,6.342
2016-12-06@10:30:00,7.597,6.916,6.235
2016-12-05@15:00:00,7.647,6.884,6.121
2016-12-05@14:00:00,7.694,6.854,6.013
2016-12-05@11:30:00,7.724,6.815,5.906
2016-12-05@10:30:00,7.746,6.775,5.803
2016-12-02@15:00:00,7.745,6.728,5.711
2016-12-02@14:00:00,7.730,6.680,5.630
2016-12-02@11:30:00,7.688,6.634,5.580
2016-12-02@10:30:00,7.650,6.575,5.500
2016-12-01@15:00:00,7.601,6.513,5.424
2016-12-01@14:00:00,7.531,6.448,5.365
2016-12-01@11:30:00,7.451,6.385,5.319
2016-12-01@10:30:00,7.350,6.320,5.289
2016-11-30@15:00:00,7.216,6.250,5.284
2016-11-30@14:00:00,7.050,6.181,5.311
2016-11-30@11:30:00,6.862,6.116,5.369
2016-11-30@10:30:00,6.621,6.048,5.474
2016-07-08@15:00:00,6.269,5.977,5.684
2016-07-08@14:00:00,6.257,5.957,5.656
2016-07-08@11:30:00,6.223,5.936,5.648
2016-07-08@10:30:00,6.171,5.913,5.655
2016-07-07@15:00:00,6.141,5.896,5.651
2016-07-07@14:00:00,6.121,5.885,5.649
2016-07-07@11:30:00,6.097,5.871,5.645
2016-07-07@10:30:00,6.075,5.861,5.647
2016-07-06@15:00:00,6.050,5.852,5.654
2016-07-06@11:30:00,6.022,5.845,5.667
2016-07-06@10:30:00,5.927,5.823,5.719
2016-07-05@15:00:00,5.912,5.815,5.718
2016-07-05@14:00:00,5.910,5.809,5.707
2016-07-05@11:30:00,5.905,5.803,5.701
2016-07-05@10:30:00,5.977,5.781,5.584
2016-07-04@15:00:00,6.011,5.759,5.507
2016-07-04@14:00:00,6.032,5.738,5.444
2016-07-04@11:30:00,6.044,5.715,5.386
2016-07-04@10:30:00,6.043,5.689,5.335
2016-07-01@15:00:00,6.049,5.663,5.277
2016-07-01@14:00:00,6.050,5.645,5.240
2016-07-01@11:30:00,6.047,5.626,5.205
2016-07-01@10:30:00,6.036,5.605,5.173
2016-06-30@15:00:00,6.015,5.587,5.159
2016-06-30@14:00:00,8.244,5.848,3.451
2016-06-30@11:30:00,9.404,6.108,2.812
2016-06-30@10:30:00,10.293,6.370,2.447
2016-06-29@15:00:00,11.073,6.638,2.202
2016-06-29@14:00:00,11.712,6.897,2.082
2016-06-29@11:30:00,12.244,7.148,2.052
2016-06-29@10:30:00,12.711,7.407,2.102
2016-06-28@15:00:00,13.111,7.661,2.211
2016-06-28@14:00:00,13.479,7.923,2.367
2016-06-28@11:30:00,13.793,8.183,2.572
2016-06-28@10:30:00,14.041,8.459,2.877
2016-06-27@15:00:00,14.237,8.737,3.237
2016-06-27@14:00:00,14.374,9.016,3.657
2016-06-27@11:30:00,14.430,9.289,4.147
2016-06-27@10:30:00,14.430,9.571,4.711
2016-06-24@15:00:00,14.341,9.859,5.377
2016-06-24@14:00:00,14.144,10.143,6.141
2016-06-24@11:30:00,13.773,10.420,7.066
2016-06-24@10:30:00,13.125,10.705,8.284
2016-06-23@15:00:00,11.154,10.988,10.822
2016-06-23@14:00:00,11.186,10.973,10.759
2016-06-23@11:30:00,11.202,10.954,10.706
2016-06-23@10:30:00,11.201,10.941,10.681
2016-06-22@15:00:00,nan,nan,nan
2016-06-22@14:00:00,nan,nan,nan
2016-06-22@11:30:00,nan,nan,nan
2016-06-22@10:30:00,nan,nan,nan
2016-06-21@15:00:00,nan,nan,nan
2016-06-21@14:00:00,nan,nan,nan
2016-06-21@11:30:00,nan,nan,nan
2016-06-21@10:30:00,nan,nan,nan
2016-06-20@15:00:00,nan,nan,nan
2016-06-20@14:00:00,nan,nan,nan
2016-06-20@11:30:00,nan,nan,nan
2016-06-20@10:30:00,nan,nan,nan
2016-06-17@15:00:00,nan,nan,nan
2016-06-17@14:00:00,nan,nan,nan
2016-06-17@11:30:00,nan,nan,nan
2016-06-17@10:30:00,nan,nan,nan
2016-06-16@15:00:00,nan,nan,nan
2016-06-16@14:00:00,nan,nan,nan
2016-06-16@11:30:00,nan,nan,nan
