Not
2017-01-06@15:00:00,-0.047,0.007,-0.054
2017-01-06@14:30:00,-0.030,0.020,-0.050
2017-01-06@14:00:00,-0.016,0.033,-0.049
2017-01-06@13:30:00,-0.001,0.045,-0.046
2017-01-06@11:30:00,0.017,0.057,-0.040
2017-01-06@11:00:00,0.030,0.067,-0.036
2017-01-06@10:30:00,0.047,0.076,-0.029
2017-01-06@10:00:00,0.068,0.083,-0.015
2017-01-05@15:00:00,0.090,0.087,0.004
2017-01-05@14:30:00,0.102,0.086,0.016
2017-01-05@14:00:00,0.109,0.082,0.028
2017-01-05@13:30:00,0.107,0.075,0.032
2017-01-05@11:30:00,0.104,0.067,0.037
2017-01-05@11:00:00,0.101,0.057,0.043
2017-01-05@10:30:00,0.096,0.046,0.049
2017-01-05@10:00:00,0.080,0.034,0.046
2017-01-04@15:00:00,0.057,0.023,0.034
2017-01-04@14:30:00,0.048,0.014,0.034
2017-01-04@14:00:00,0.033,0.005,0.028
2017-01-04@13:30:00,0.022,-0.002,0.023
2017-01-04@11:30:00,0.010,-0.007,0.017
2017-01-04@11:00:00,-0.003,-0.012,0.008
2017-01-04@10:30:00,-0.008,-0.014,0.006
2017-01-04@10:00:00,-0.008,-0.015,0.007
2017-01-03@15:00:00,-0.006,-0.017,0.011
2017-01-03@14:30:00,-0.013,-0.020,0.006
2017-01-03@14:00:00,-0.015,-0.021,0.006
2017-01-03@13:30:00,-0.017,-0.023,0.006
2017-01-03@11:30:00,-0.024,-0.024,0.000
2017-01-03@11:00:00,-0.027,-0.024,-0.003
2017-01-03@10:30:00,-0.034,-0.023,-0.010
2017-01-03@10:00:00,-0.047,-0.021,-0.026
2016-12-30@15:00:00,-0.058,-0.014,-0.044
2016-12-30@14:30:00,-0.049,-0.003,-0.045
2016-12-30@14:00:00,-0.039,0.008,-0.047
2016-12-30@13:30:00,-0.037,0.020,-0.057
2016-12-30@11:30:00,-0.020,0.034,-0.054
2016-12-30@11:00:00,0.007,0.047,-0.041
2016-12-30@10:30:00,0.035,0.058,-0.022
2016-12-30@10:00:00,0.052,0.063,-0.012
2016-12-29@15:00:00,0.068,0.066,0.002
2016-12-29@14:30:00,0.080,0.066,0.015
2016-12-29@14:00:00,0.071,0.062,0.009
2016-12-29@13:30:00,0.069,0.060,0.009
2016-12-29@11:30:00,0.062,0.057,0.004
2016-12-29@11:00:00,0.057,0.056,0.001
2016-12-29@10:30:00,0.060,0.056,0.004
2016-12-29@10:00:00,0.067,0.055,0.012
2016-12-28@15:00:00,0.074,0.052,0.021
2016-12-28@14:30:00,0.068,0.047,0.021
2016-12-28@14:00:00,0.060,0.041,0.019
2016-12-28@13:30:00,0.057,0.037,0.021
2016-12-28@11:30:00,0.054,0.031,0.022
2016-12-28@11:00:00,0.049,0.026,0.023
2016-12-28@10:30:00,0.041,0.020,0.021
2016-12-28@10:00:00,0.037,0.015,0.022
2016-12-27@15:00:00,0.033,0.009,0.024
2016-12-27@14:30:00,0.036,0.003,0.033
2016-12-27@14:00:00,0.032,-0.005,0.037
2016-12-27@13:30:00,0.032,-0.014,0.046
2016-12-27@11:30:00,0.020,-0.026,0.046
2016-12-27@11:00:00,0.003,-0.037,0.040
2016-12-27@10:30:00,-0.014,-0.047,0.033
2016-12-27@10:00:00,-0.036,-0.055,0.019
2016-12-26@15:00:00,-0.078,-0.060,-0.018
2016-12-26@14:30:00,-0.091,-0.056,-0.036
2016-12-26@14:00:00,-0.109,-0.047,-0.062
2016-12-26@13:30:00,-0.107,-0.031,-0.075
2016-12-26@11:30:00,-0.095,-0.013,-0.082
2016-12-26@11:00:00,-0.071,0.008,-0.079
2016-12-26@10:30:00,-0.042,0.028,-0.070
2016-12-26@10:00:00,0.002,0.045,-0.043
2016-12-23@15:00:00,0.049,0.056,-0.007
2016-12-23@14:30:00,0.052,0.058,-0.005
2016-12-23@14:00:00,0.067,0.059,0.008
2016-12-23@13:30:00,0.078,0.057,0.021
2016-12-23@11:30:00,0.078,0.051,0.027
2016-12-23@11:00:00,0.071,0.045,0.027
2016-12-23@10:30:00,0.072,0.038,0.034
2016-12-23@10:00:00,0.063,0.029,0.033
2016-12-22@15:00:00,0.039,0.021,0.018
2016-12-22@14:30:00,0.029,0.017,0.012
2016-12-22@14:00:00,0.018,0.014,0.004
2016-12-22@13:30:00,0.017,0.013,0.005
2016-12-22@11:30:00,0.013,0.012,0.002
2016-12-22@11:00:00,0.019,0.011,0.008
2016-12-22@10:30:00,0.026,0.009,0.017
2016-12-22@10:00:00,0.036,0.005,0.032
2016-12-21@15:00:00,0.038,-0.003,0.041
2016-12-21@14:30:00,0.033,-0.014,0.046
2016-12-21@14:00:00,0.028,-0.025,0.053
2016-12-21@13:30:00,0.017,-0.038,0.055
2016-12-21@11:30:00,0.004,-0.052,0.056
2016-12-21@11:00:00,-0.010,-0.066,0.057
2016-12-21@10:30:00,-0.022,-0.080,0.058
2016-12-21@10:00:00,-0.048,-0.095,0.047
2016-12-20@15:00:00,-0.086,-0.107,0.021
2016-12-20@14:30:00,-0.097,-0.112,0.015
2016-12-20@14:00:00,-0.100,-0.116,0.015
2016-12-20@13:30:00,-0.107,-0.119,0.012
2016-12-20@11:30:00,-0.121,-0.122,0.002
2016-12-20@11:00:00,-0.129,-0.123,-0.006
2016-12-20@10:30:00,-0.124,-0.121,-0.003
2016-12-20@10:00:00,-0.123,-0.121,-0.002
2016-12-19@15:00:00,-0.110,-0.120,0.011
2016-12-19@14:30:00,-0.109,-0.123,0.014
2016-12-19@14:00:00,-0.107,-0.126,0.019
2016-12-19@13:30:00,-0.106,-0.131,0.025
2016-12-19@11:30:00,-0.106,-0.137,0.032
2016-12-19@11:00:00,-0.110,-0.145,0.036
2016-12-19@10:30:00,-0.107,-0.154,0.047
2016-12-19@10:00:00,-0.110,-0.166,0.056
2016-12-16@15:00:00,-0.120,-0.180,0.060
2016-12-16@14:30:00,-0.130,-0.195,0.065
2016-12-16@14:00:00,-0.151,-0.211,0.060
2016-12-16@13:30:00,-0.168,-0.226,0.058
2016-12-16@11:30:00,-0.180,-0.241,0.061
2016-12-16@11:00:00,-0.192,-0.256,0.065
2016-12-16@10:30:00,-0.209,-0.272,0.063
2016-12-16@10:00:00,-0.229,-0.288,0.059
2016-12-15@15:00:00,-0.242,-0.303,0.061
2016-12-15@14:30:00,-0.246,-0.318,0.073
2016-12-15@14:00:00,-0.254,-0.336,0.082
2016-12-15@13:30:00,-0.273,-0.357,0.084
2016-12-15@11:30:00,-0.298,-0.378,0.080
2016-12-15@11:00:00,-0.342,-0.398,0.056
2016-12-15@10:30:00,-0.385,-0.412,0.027
2016-12-15@10:00:00,-0.403,-0.419,0.015
2016-12-14@15:00:00,-0.408,-0.422,0.015
2016-12-14@14:30:00,-0.403,-0.426,0.023
2016-12-14@14:00:00,-0.408,-0.432,0.023
2016-12-14@13:30:00,-0.426,-0.438,0.011
2016-12-14@11:30:00,-0.439,-0.441,0.002
2016-12-14@11:00:00,-0.446,-0.441,-0.005
2016-12-14@10:30:00,-0.438,-0.440,0.002
2016-12-14@10:00:00,-0.436,-0.440,0.004
2016-12-13@15:00:00,-0.444,-0.441,-0.003
2016-12-13@14:30:00,-0.464,-0.441,-0.023
2016-12-13@14:00:00,-0.491,-0.435,-0.056
2016-12-13@13:30:00,-0.505,-0.421,-0.085
2016-12-13@11:30:00,-0.502,-0.400,-0.102
2016-12-13@11:00:00,-0.488,-0.374,-0.113
2016-12-13@10:30:00,-0.475,-0.346,-0.129
2016-12-13@10:00:00,-0.449,-0.314,-0.136
2016-12-12@15:00:00,-0.412,-0.280,-0.133
2016-12-12@14:30:00,-0.349,-0.247,-0.102
2016-12-12@14:00:00,-0.332,-0.221,-0.110
2016-12-12@13:30:00,-0.309,-0.194,-0.116
2016-12-12@11:30:00,-0.281,-0.165,-0.116
2016-12-12@11:00:00,-0.239,-0.136,-0.103
2016-12-12@10:30:00,-0.195,-0.110,-0.085
2016-12-12@10:00:00,-0.128,-0.088,-0.039
2016-12-09@15:00:00,-0.091,-0.079,-0.013
2016-12-09@14:30:00,-0.085,-0.076,-0.010
2016-12-09@14:00:00,-0.082,-0.073,-0.009
2016-12-09@13:30:00,-0.076,-0.071,-0.005
2016-12-09@11:30:00,-0.073,-0.070,-0.004
2016-12-09@11:00:00,-0.071,-0.069,-0.003
2016-12-09@10:30:00,-0.068,-0.068,0.000
2016-12-09@10:00:00,-0.060,-0.068,0.008
2016-12-08@15:00:00,-0.056,-0.070,0.014
2016-12-08@14:30:00,-0.053,-0.074,0.020
2016-12-08@14:00:00,-0.053,-0.079,0.025
2016-12-08@13:30:00,-0.057,-0.085,0.028
2016-12-08@11:30:00,-0.056,-0.092,0.036
2016-12-08@11:00:00,-0.060,-0.101,0.041
2016-12-08@10:30:00,-0.067,-0.111,0.044
2016-12-08@10:00:00,-0.074,-0.122,0.048
2016-12-07@15:00:00,-0.086,-0.134,0.049
2016-12-07@14:30:00,-0.100,-0.147,0.046
2016-12-07@14:00:00,-0.112,-0.158,0.046
2016-12-07@13:30:00,-0.128,-0.170,0.042
2016-12-07@11:30:00,-0.145,-0.180,0.035
2016-12-07@11:00:00,-0.156,-0.189,0.033
2016-12-07@10:30:00,-0.163,-0.197,0.034
2016-12-07@10:00:00,-0.168,-0.205,0.037
2016-12-06@15:00:00,-0.170,-0.215,0.044
2016-12-06@14:30:00,-0.182,-0.226,0.043
2016-12-06@14:00:00,-0.194,-0.237,0.042
2016-12-06@13:30:00,-0.209,-0.247,0.039
2016-12-06@11:30:00,-0.221,-0.257,0.036
2016-12-06@11:00:00,-0.238,-0.266,0.027
2016-12-06@10:30:00,-0.246,-0.273,0.027
2016-12-06@10:00:00,-0.252,-0.279,0.027
2016-12-05@15:00:00,-0.272,-0.286,0.014
2016-12-05@14:30:00,-0.281,-0.290,0.008
2016-12-05@14:00:00,-0.290,-0.292,0.002
2016-12-05@13:30:00,-0.297,-0.292,-0.005
2016-12-05@11:30:00,-0.310,-0.291,-0.019
2016-12-05@11:00:00,-0.320,-0.286,-0.033
2016-12-05@10:30:00,-0.332,-0.278,-0.054
2016-12-05@10:00:00,-0.324,-0.264,-0.060
2016-12-02@15:00:00,-0.319,-0.249,-0.070
2016-12-02@14:30:00,-0.301,-0.232,-0.069
2016-12-02@14:00:00,-0.277,-0.214,-0.062
2016-12-02@13:30:00,-0.262,-0.199,-0.063
2016-12-02@11:30:00,-0.236,-0.183,-0.053
2016-12-02@11:00:00,-0.209,-0.170,-0.039
2016-12-02@10:30:00,-0.197,-0.160,-0.037
2016-12-02@10:00:00,-0.191,-0.151,-0.040
2016-12-01@15:00:00,-0.193,-0.141,-0.052
2016-12-01@14:30:00,-0.187,-0.128,-0.059
2016-12-01@14:00:00,-0.175,-0.114,-0.061
2016-12-01@13:30:00,-0.163,-0.098,-0.064
2016-12-01@11:30:00,-0.153,-0.082,-0.071
2016-12-01@11:00:00,-0.143,-0.065,-0.079
2016-12-01@10:30:00,-0.136,-0.045,-0.091
2016-12-01@10:00:00,-0.133,-0.022,-0.111
2016-11-30@15:00:00,-0.124,0.006,-0.129
2016-11-30@14:30:00,-0.088,0.038,-0.126
2016-11-30@14:00:00,-0.058,0.070,-0.128
2016-11-30@13:30:00,-0.024,0.102,-0.126
2016-11-30@11:30:00,0.012,0.133,-0.121
2016-11-30@11:00:00,0.054,0.164,-0.110
2016-11-30@10:30:00,0.088,0.191,-0.103
2016-11-30@10:00:00,0.137,0.217,-0.080
2016-10-13@15:00:00,0.213,0.237,-0.024
2016-10-13@14:30:00,0.236,0.243,-0.007
2016-10-13@14:00:00,0.251,0.245,0.007
2016-10-13@13:30:00,0.258,0.243,0.015
2016-10-13@11:30:00,0.256,0.239,0.017
2016-10-13@11:00:00,0.244,0.235,0.010
2016-10-13@10:30:00,0.240,0.233,0.007
2016-10-13@10:00:00,0.245,0.231,0.015
2016-10-12@14:30:00,0.251,0.227,0.024
2016-10-12@14:00:00,0.241,0.221,0.020
2016-10-12@13:30:00,0.233,0.216,0.017
2016-10-12@11:30:00,0.237,0.212,0.025
2016-10-12@11:00:00,0.235,0.206,0.029
2016-10-12@10:30:00,0.223,0.198,0.025
2016-10-12@10:00:00,0.195,0.192,0.003
2016-10-11@15:00:00,0.158,0.192,-0.034
2016-10-11@14:30:00,0.140,0.200,-0.060
2016-10-11@14:00:00,0.145,0.215,-0.070
2016-10-11@13:30:00,0.166,0.232,-0.067
2016-10-11@11:30:00,0.191,0.249,-0.058
2016-10-11@11:00:00,0.217,0.263,-0.046
2016-10-11@10:30:00,0.251,0.275,-0.024
2016-10-11@10:00:00,0.287,0.281,0.006
2016-10-10@15:00:00,0.326,0.279,0.047
2016-10-10@14:30:00,0.329,0.268,0.062
2016-10-10@14:00:00,0.334,0.252,0.082
2016-10-10@13:30:00,0.333,0.232,0.102
2016-10-10@11:30:00,0.327,0.206,0.121
2016-10-10@11:00:00,0.303,0.176,0.127
2016-10-10@10:30:00,0.268,0.144,0.124
2016-10-10@10:00:00,0.233,0.113,0.120
2016-09-30@15:00:00,0.199,0.083,0.116
2016-09-30@14:30:00,0.188,0.054,0.133
2016-09-30@14:00:00,0.153,0.021,0.132
2016-09-30@13:30:00,0.115,-0.012,0.127
2016-09-30@11:30:00,0.061,-0.044,0.105
2016-09-30@11:00:00,0.033,-0.070,0.103
2016-09-30@10:30:00,-0.001,-0.096,0.095
2016-09-30@10:00:00,-0.046,-0.119,0.073
2016-09-29@15:00:00,-0.083,-0.138,0.055
2016-09-29@14:30:00,-0.084,-0.151,0.067
2016-09-29@14:00:00,-0.094,-0.168,0.074
2016-09-29@13:30:00,-0.104,-0.187,0.083
2016-09-29@11:30:00,-0.115,-0.207,0.092
2016-09-29@11:00:00,-0.134,-0.230,0.096
2016-09-29@10:30:00,-0.158,-0.255,0.096
2016-09-29@10:00:00,-0.185,-0.279,0.094
2016-09-28@15:00:00,-0.212,-0.302,0.090
2016-09-28@14:30:00,-0.245,-0.324,0.079
2016-09-28@14:00:00,-0.273,-0.344,0.071
2016-09-28@13:30:00,-0.312,-0.362,0.050
2016-09-28@11:30:00,-0.353,-0.375,0.021
2016-09-28@11:00:00,-0.372,-0.380,0.007
2016-09-28@10:30:00,-0.395,-0.382,-0.014
2016-09-28@10:00:00,-0.418,-0.378,-0.040
2016-09-27@15:00:00,-0.430,-0.368,-0.062
2016-09-27@14:30:00,-0.457,-0.353,-0.104
2016-09-27@14:00:00,-0.460,-0.327,-0.133
2016-09-27@13:30:00,-0.438,-0.294,-0.144
2016-09-27@11:30:00,-0.407,-0.257,-0.149
2016-09-27@11:00:00,-0.356,-0.220,-0.136
2016-09-27@10:30:00,-0.321,-0.186,-0.135
2016-09-27@10:00:00,-0.272,-0.152,-0.120
2016-09-26@15:00:00,-0.227,-0.122,-0.104
2016-09-26@14:30:00,-0.191,-0.096,-0.095
2016-09-26@14:00:00,-0.168,-0.072,-0.095
2016-09-26@13:30:00,-0.154,-0.049,-0.105
2016-09-26@11:30:00,-0.123,-0.022,-0.101
2016-09-26@11:00:00,-0.088,0.003,-0.090
2016-09-26@10:30:00,-0.054,0.025,-0.079
2016-09-26@10:00:00,0.005,0.045,-0.041
2016-09-23@15:00:00,0.045,0.055,-0.010
2016-09-23@14:30:00,0.051,0.058,-0.007
2016-09-23@14:00:00,0.053,0.060,-0.006
2016-09-23@13:30:00,0.049,0.061,-0.012
2016-09-23@11:30:00,0.069,0.064,0.005
2016-09-23@11:00:00,0.073,0.063,0.010
2016-09-23@10:30:00,0.078,0.061,0.018
2016-09-23@10:00:00,0.082,0.056,0.026
2016-09-22@15:00:00,0.053,0.050,0.003
2016-09-22@14:30:00,0.068,0.049,0.019
2016-09-22@14:00:00,0.077,0.044,0.033
2016-09-22@13:30:00,0.078,0.036,0.042
2016-09-22@11:30:00,0.067,0.026,0.041
2016-09-22@11:00:00,0.053,0.015,0.038
2016-09-22@10:30:00,0.050,0.006,0.044
2016-09-22@10:00:00,0.043,-0.005,0.048
2016-09-21@15:00:00,0.042,-0.017,0.059
2016-09-21@14:30:00,0.041,-0.032,0.073
2016-09-21@14:00:00,0.029,-0.050,0.079
2016-09-21@13:30:00,0.009,-0.070,0.079
2016-09-21@11:30:00,-0.001,-0.089,0.088
2016-09-21@11:00:00,-0.004,-0.112,0.108
2016-09-21@10:30:00,-0.017,-0.138,0.121
2016-09-21@10:00:00,-0.031,-0.169,0.138
2016-09-20@15:00:00,-0.050,-0.203,0.153
2016-09-20@14:30:00,-0.119,-0.242,0.123
2016-09-20@14:00:00,-0.148,-0.272,0.124
2016-09-20@13:30:00,-0.179,-0.303,0.125
2016-09-20@11:30:00,-0.214,-0.335,0.120
2016-09-20@11:00:00,-0.249,-0.365,0.116
2016-09-20@10:30:00,nan,nan,nan
2016-09-20@10:00:00,nan,nan,nan
2016-09-19@15:00:00,nan,nan,nan
2016-09-19@14:30:00,nan,nan,nan
2016-09-19@14:00:00,nan,nan,nan
2016-09-19@13:30:00,nan,nan,nan
2016-09-19@11:30:00,nan,nan,nan
2016-09-19@11:00:00,nan,nan,nan
2016-09-19@10:30:00,nan,nan,nan
2016-09-19@10:00:00,nan,nan,nan
2016-09-14@15:00:00,nan,nan,nan
2016-09-14@14:30:00,nan,nan,nan
2016-09-14@14:00:00,nan,nan,nan
2016-09-14@13:30:00,nan,nan,nan
2016-09-14@11:30:00,nan,nan,nan
2016-09-14@11:00:00,nan,nan,nan
2016-09-14@10:30:00,nan,nan,nan
2016-09-14@10:00:00,nan,nan,nan
2016-09-13@15:00:00,nan,nan,nan
2016-09-13@14:30:00,nan,nan,nan
2016-09-13@14:00:00,nan,nan,nan
2016-09-13@13:30:00,nan,nan,nan
2016-09-13@11:30:00,nan,nan,nan
2016-09-13@11:00:00,nan,nan,nan
2016-09-13@10:30:00,nan,nan,nan
2016-09-13@10:00:00,nan,nan,nan
2016-09-12@15:00:00,nan,nan,nan
2016-09-12@14:30:00,nan,nan,nan
2016-09-12@14:00:00,nan,nan,nan
2016-09-12@13:30:00,nan,nan,nan
2016-09-12@11:30:00,nan,nan,nan
2016-09-12@11:00:00,nan,nan,nan
2016-09-12@10:30:00,nan,nan,nan
