2017-06-30,33.280,33.145,33.206,32.458,40.419
2017-06-29,33.132,33.225,33.091,32.539,41.336
2017-06-28,32.854,33.301,32.895,32.587,42.244
2017-06-27,32.774,33.242,32.735,32.590,43.207
2017-06-26,32.878,33.281,32.620,32.597,44.257
2017-06-23,33.010,33.229,32.510,32.623,45.350
2017-06-22,33.318,33.372,32.398,32.668,46.448
2017-06-21,33.748,33.588,32.300,32.798,47.580
2017-06-20,33.710,33.615,32.124,32.864,48.703
2017-06-19,33.684,33.441,32.073,32.993,49.749
2017-06-16,33.448,33.268,32.115,33.180,50.802
2017-06-15,33.426,32.958,32.195,33.400,51.771
2017-06-14,33.428,32.490,32.230,33.553,52.710
2017-06-13,33.520,32.229,32.264,33.762,53.641
2017-06-12,33.198,31.960,32.254,33.928,54.603
2017-06-09,33.088,31.792,32.320,34.093,55.569
2017-06-08,32.490,31.424,32.317,34.220,56.436
2017-06-07,31.552,31.012,32.403,34.315,57.291
2017-06-06,30.938,30.633,32.488,34.400,58.148
2017-06-05,30.722,30.705,32.769,34.571,59.026
2017-06-02,30.496,30.962,33.136,34.800,59.934
2017-06-01,30.358,31.433,33.621,35.041,60.739
2017-05-31,30.472,31.970,34.085,35.428,61.505
2017-05-26,30.328,32.299,34.529,35.867,62.233
2017-05-25,30.688,32.549,34.912,36.257,62.982
2017-05-24,31.428,32.849,35.243,38.234,63.707
2017-05-23,32.508,33.209,35.618,40.361,64.470
2017-05-22,33.468,33.793,35.967,42.308,65.173
2017-05-19,34.270,34.343,36.284,44.444,65.864
2017-05-18,34.410,34.833,36.505,46.446,66.529
2017-05-17,34.270,35.309,36.720,48.379,67.131
2017-05-16,33.910,35.809,36.845,50.134,67.732
2017-05-15,34.118,36.200,37.157,51.902,68.391
2017-05-12,34.416,36.759,37.651,53.824,69.121
2017-05-11,35.256,37.274,38.111,55.918,69.878
2017-05-10,36.348,37.637,40.926,58.078,70.630
2017-05-09,37.708,38.028,43.937,60.227,71.368
2017-05-08,38.282,38.140,46.565,62.363,72.103
2017-05-05,39.102,38.225,49.494,64.542,72.840
2017-05-04,39.292,38.176,52.252,66.505,73.481
2017-05-03,38.926,38.130,54.914,68.424,74.125
2017-05-02,38.348,37.880,57.296,70.141,74.717
2017-04-28,37.998,38.113,59.752,71.867,75.387
2017-04-27,37.348,38.543,62.356,73.520,76.042
2017-04-26,37.060,38.948,65.240,75.278,76.716
2017-04-25,37.334,44.215,68.298,77.045,77.355
2017-04-24,37.412,49.845,71.327,78.651,78.018
2017-04-21,38.228,54.990,74.475,80.267,78.653
2017-04-20,39.738,60.763,77.700,81.895,79.235
2017-04-19,40.836,66.328,80.669,83.480,79.833
2017-04-18,51.096,71.698,83.571,85.069,80.430
2017-04-17,62.278,76.713,86.272,86.438,80.959
2017-04-14,71.752,81.392,88.744,87.583,81.402
2017-04-13,81.788,86.169,91.009,88.600,81.875
2017-04-12,91.820,91.532,93.442,89.707,82.318
2017-04-11,92.300,92.381,93.460,89.180,82.036
2017-04-10,91.148,92.809,93.054,88.580,81.579
2017-04-07,91.032,93.960,92.905,88.039,81.198
2017-04-06,90.550,94.637,92.461,87.284,80.794
2017-04-05,91.244,95.011,92.056,86.613,80.435
2017-03-31,92.462,95.445,91.754,85.883,80.060
2017-03-30,94.470,95.831,91.300,85.331,79.725
2017-03-29,96.888,96.096,90.679,84.881,79.490
2017-03-28,98.724,95.849,89.815,84.418,79.169
2017-03-27,98.778,95.353,88.794,83.837,78.666
2017-03-24,98.428,94.539,87.579,83.183,78.023
2017-03-23,97.192,93.300,86.465,82.510,77.296
2017-03-22,95.304,91.850,85.078,81.843,76.456
2017-03-21,92.974,90.285,83.607,81.138,75.524
2017-03-20,91.928,89.101,82.413,80.458,74.600
2017-03-17,90.650,88.063,81.101,79.826,73.608
2017-03-16,89.408,86.769,80.081,79.292,72.640
2017-03-15,88.396,85.262,79.274,78.908,71.644
2017-03-14,87.596,83.782,78.703,78.565,70.621
2017-03-13,86.274,82.235,78.079,78.154,69.526
2017-03-10,85.476,80.620,77.504,77.665,-1
2017-03-09,84.130,79.630,77.114,77.385,-1
2017-03-08,82.128,78.306,76.839,77.039,-1
2017-03-07,79.968,76.930,76.564,76.575,-1
2017-03-06,78.196,75.726,76.136,76.187,-1
2017-03-03,75.764,74.140,75.707,75.792,-1
2017-03-02,75.130,73.393,75.553,75.480,-1
2017-03-01,74.484,73.286,75.731,75.222,-1
2017-02-28,73.892,73.624,75.956,75.150,-1
2017-02-27,73.256,73.924,76.113,74.930,-1
2017-02-24,72.516,74.389,76.187,74.892,-1
2017-02-23,71.656,74.599,76.262,74.579,-1
2017-02-22,72.088,75.372,76.405,74.358,-1
2017-02-21,73.356,76.198,76.398,74.304,-1
2017-02-20,74.592,76.546,76.417,74.258,-1
2017-02-17,76.262,77.274,76.618,74.237,-1
2017-02-16,77.542,77.714,76.523,74.119,-1
2017-02-15,78.656,78.176,76.189,74.100,-1
2017-02-14,79.040,78.288,75.913,73.921,-1
2017-02-13,78.500,78.303,75.433,73.495,-1
2017-02-10,78.286,77.986,75.143,72.864,-1
2017-02-09,77.886,77.926,74.569,72.083,-1
2017-02-08,77.696,77.439,73.851,71.069,-1
2017-02-07,77.536,76.598,73.356,69.910,-1
2017-02-06,78.106,76.288,73.114,68.742,-1
2017-02-03,77.686,75.963,72.719,67.390,-1
2017-02-02,77.966,75.333,72.321,65.988,-1
2017-01-26,77.182,74.203,72.061,64.380,-1
2017-01-25,75.660,73.538,71.737,62.678,-1
2017-01-24,74.470,72.563,71.090,60.897,-1
2017-01-23,74.240,72.301,70.303,-1,-1
2017-01-20,72.700,71.213,69.162,-1,-1
2017-01-19,71.224,70.264,67.884,-1,-1
2017-01-18,71.416,70.115,66.566,-1,-1
2017-01-17,70.656,69.940,64.968,-1,-1
2017-01-16,70.362,69.475,63.103,-1,-1
2017-01-13,69.726,69.310,61.315,-1,-1
2017-01-12,69.304,69.920,59.468,-1,-1
2017-01-11,68.814,69.936,57.248,-1,-1
2017-01-10,69.224,69.618,55.064,-1,-1
2017-01-09,68.588,68.305,-1,-1,-1
2017-01-06,68.894,67.111,-1,-1,-1
2017-01-05,70.536,65.505,-1,-1,-1
2017-01-04,71.058,63.018,-1,-1,-1
2017-01-03,70.012,59.997,-1,-1,-1
2016-12-30,68.022,56.731,-1,-1,-1
2016-12-29,65.328,53.320,-1,-1,-1
2016-12-28,60.474,49.016,-1,-1,-1
2016-12-27,54.978,44.561,-1,-1,-1
2016-12-26,49.982,40.511,-1,-1,-1
2016-12-23,45.440,-1,-1,-1,-1
2016-12-22,41.312,-1,-1,-1,-1
2016-12-21,37.558,-1,-1,-1,-1
2016-12-20,34.144,-1,-1,-1,-1
2016-12-19,31.040,-1,-1,-1,-1
2016-12-16,-1,-1,-1,-1,-1
2016-12-15,-1,-1,-1,-1,-1
2016-12-14,-1,-1,-1,-1,-1
2016-12-13,-1,-1,-1,-1,-1
