date,open,high,close,low,volume,price_change,p_change,ma5,ma10,ma20,v_ma5,v_ma10,v_ma20,turnover
2017-03-17 15:00:00,27.8,27.94,27.72,27.59,10945.3,-0.08,-0.29,27.826,27.69,27.9745,7303.13,8559.88,11048.4,1.25
2017-03-17 14:00:00,27.68,27.9,27.8,27.68,3237.18,0.12,0.43,27.822,27.71,27.979,6320.27,7917.26,11300.8,0.37
2017-03-17 11:30:00,27.93,27.95,27.68,27.68,5205.99,-0.25,-0.9,27.788,27.735,27.9965,6517.93,9011.3,11536.4,0.59
2017-03-17 10:30:00,27.89,28.15,27.94,27.61,8212.2,0.05,0.18,27.772,27.753,28.012,9211.11,9691.92,12692.0,0.93
2017-03-16 15:00:00,27.7,28.05,27.99,27.7,8915.0,0.29,1.05,27.704,27.762,27.959,9188.47,9729.51,13506.0,1.01
2017-03-16 14:00:00,27.63,27.72,27.7,27.45,6030.97,0.07,0.25,27.554,27.782,27.917,9816.63,9694.03,14161.7,0.69
2017-03-16 11:30:00,27.6,27.81,27.63,27.6,4225.47,0.03,0.11,27.598,27.828,27.877,9514.24,12116.5,14791.1,0.48
2017-03-16 10:30:00,27.6,28.23,27.6,27.57,18671.9,0.0,0.0,27.682,27.942,27.8295,11504.7,13209.0,15201.1,2.12
2017-03-15 15:00:00,27.25,27.95,27.6,27.21,8099.02,0.35,1.28,27.734,28.056,27.7525,10172.7,12194.9,14776.0,0.92
2017-03-15 14:00:00,27.9,27.9,27.24,27.12,12055.8,-0.66,-2.37,27.82,28.14,27.6985,10270.5,12395.0,15159.1,1.37
2017-03-15 11:30:00,28.06,28.07,27.92,27.85,4519.02,-0.14,-0.5,28.01,28.259,27.645,9571.42,13537.0,14798.7,0.51
2017-03-15 10:30:00,27.84,28.4,28.05,27.81,14177.6,0.21,0.75,28.058,28.248,27.558,14718.7,14684.3,14950.6,1.61
2017-03-14 15:00:00,28.03,28.03,27.86,27.74,12012.2,-0.17,-0.61,28.202,28.258,27.4755,14913.3,14061.6,15225.0,1.37
2017-03-14 14:00:00,28.18,28.18,28.03,27.96,8588.13,-0.15,-0.53,28.378,28.271,27.397,14217.0,15692.0,15317.4,0.98
2017-03-14 11:30:00,28.16,28.54,28.19,28.1,8560.16,0.03,0.11,28.46,28.156,27.302,14519.4,17282.5,15573.9,0.97
2017-03-14 10:30:00,28.5,28.76,28.16,27.91,30255.3,-0.34,-1.19,28.508,28.052,27.1835,17502.6,18629.3,15748.8,3.44
2017-03-13 15:00:00,28.74,28.98,28.77,28.65,15150.8,0.03,0.1,28.438,27.926,27.07,14650.0,17465.8,15494.6,1.72
2017-03-13 14:00:00,28.45,28.78,28.74,28.45,8530.71,0.29,1.02,28.314,27.717,26.897,13209.8,17193.1,15094.4,0.97
2017-03-13 11:30:00,28.37,28.84,28.44,28.37,10099.8,0.07,0.25,28.164,27.449,26.7245,17166.9,17357.0,14994.7,1.15
2017-03-13 10:30:00,27.87,28.57,28.43,27.37,23476.3,0.56,2.01,27.852,27.257,26.5725,20045.6,17923.2,14906.4,2.67
2017-03-10 15:00:00,28.17,28.44,27.81,27.8,15992.3,-0.36,-1.28,27.596,27.031,26.422,19756.0,16060.4,14346.0,1.82
2017-03-10 14:00:00,27.96,28.15,28.15,27.51,7949.95,0.19,0.68,27.414,26.868,26.2815,20281.6,15216.8,13812.0,0.9
2017-03-10 11:30:00,26.88,28.51,27.99,26.84,28316.4,1.11,4.13,27.12,26.693,26.127,21176.4,16388.4,13663.5,3.22
2017-03-10 10:30:00,26.36,26.98,26.88,26.36,24493.1,0.52,1.97,26.734,26.523,25.973,17547.1,14942.8,12436.2,2.79
2017-03-09 15:00:00,26.91,27.85,27.15,26.81,22028.3,0.24,0.89,26.662,26.448,25.869,15800.8,13865.3,11507.8,2.51
2017-03-09 14:00:00,26.68,27.1,26.9,26.52,18620.1,0.22,0.82,26.466,26.315,25.757,12364.8,12868.3,10892.0,2.12
2017-03-09 11:30:00,26.05,26.75,26.68,26.05,12424.2,0.63,2.42,26.322,26.214,25.66,10152.1,13523.5,10093.8,1.41
2017-03-09 10:30:00,26.58,26.58,26.06,25.88,10169.8,-0.52,-1.96,26.266,26.077,25.5845,11600.3,12995.6,9738.05,1.16
2017-03-08 15:00:00,26.17,26.7,26.52,26.06,15761.7,0.35,1.34,26.312,26.0,25.5245,12338.5,12632.3,9849.34,1.79
2017-03-08 14:00:00,26.18,26.21,26.17,26.05,4848.24,-0.01,-0.04,26.234,25.888,25.4405,11929.8,11889.5,9377.33,0.55
2017-03-08 11:30:00,26.4,26.44,26.18,26.1,7556.64,-0.22,-0.83,26.164,25.813,25.3785,13371.8,12631.6,9351.63,0.86
2017-03-08 10:30:00,26.33,26.7,26.4,26.21,19665.2,0.07,0.27,26.106,25.695,25.3195,16894.9,12407.1,9253.1,2.24
2017-03-07 15:00:00,26.13,26.5,26.29,26.07,13860.6,0.16,0.61,25.888,25.561,25.2495,14390.9,10938.7,8932.31,1.58
2017-03-07 14:00:00,25.82,26.3,26.13,25.82,13718.5,0.31,1.2,25.688,25.423,25.1865,12926.2,9929.7,8806.85,1.56
2017-03-07 11:30:00,25.89,25.98,25.82,25.68,12058.1,-0.07,-0.27,25.542,25.29,25.133,11849.2,9150.36,8422.47,1.37
2017-03-07 10:30:00,25.3,26.17,25.89,25.3,25172.2,0.59,2.33,25.462,25.199,25.092,11891.4,8915.78,8125.33,2.86
2017-03-06 15:00:00,25.29,25.32,25.31,25.16,7145.0,0.02,0.08,25.284,25.106,25.0475,7919.31,6664.0,8089.73,0.81
2017-03-06 14:00:00,25.4,25.44,25.29,25.25,6537.14,-0.11,-0.43,25.234,25.092,24.989,7486.45,6480.5,8093.12,0.74
2017-03-06 11:30:00,25.42,25.48,25.4,25.31,8333.37,-0.02,-0.08,25.158,25.049,24.9305,6933.23,7066.35,7956.08,0.95
2017-03-06 10:30:00,25.11,25.43,25.42,24.98,12269.2,0.31,1.23,25.038,24.993,24.872,6451.57,6865.16,7744.98,1.4
2017-03-03 15:00:00,25.05,25.16,25.0,25.0,5311.85,-0.05,-0.2,24.936,24.944,24.817,5940.19,6071.67,7769.99,0.6
2017-03-03 14:00:00,24.91,25.25,25.06,24.9,4980.69,0.15,0.6,24.928,24.944,24.7985,5408.69,6099.09,7788.41,0.57
2017-03-03 11:30:00,24.8,25.03,24.91,24.72,3771.02,0.11,0.44,24.95,24.938,24.786,5474.56,6925.96,7676.22,0.43
2017-03-03 10:30:00,24.97,25.05,24.8,24.71,5925.04,-0.17,-0.68,24.94,24.95,24.7685,7199.48,7684.0,7707.07,0.67
2017-03-02 15:00:00,24.95,25.13,24.91,24.85,9712.35,-0.04,-0.16,24.948,24.976,24.7755,7278.75,7694.58,8570.67,1.11
2017-03-02 14:00:00,25.17,25.18,24.96,24.94,2654.36,-0.21,-0.83,24.952,24.985,24.721,6203.16,7334.87,8531.66,0.3
2017-03-02 11:30:00,24.86,25.21,25.17,24.86,5310.03,0.31,1.25,24.96,24.989,24.662,6789.48,9515.47,8784.8,0.6
2017-03-02 10:30:00,25.3,25.3,24.86,24.81,12395.6,-0.44,-1.74,24.926,24.886,24.598,8377.35,9705.73,8833.73,1.41
2017-03-01 15:00:00,24.93,24.96,24.84,24.72,6321.43,-0.09,-0.36,24.96,24.812,24.56,8168.52,8845.82,8696.0,0.72
2017-03-01 14:00:00,25.06,25.06,24.93,24.87,4334.36,-0.13,-0.52,25.004,24.751,24.543,8110.41,8624.8,8874.36,0.49
2017-03-01 11:30:00,25.0,25.16,25.0,24.9,5586.0,0.0,0.0,25.018,24.69,24.5305,8466.59,9468.31,8756.71,0.64
2017-03-01 10:30:00,25.13,25.43,25.0,24.87,13249.4,-0.13,-0.52,25.018,24.653,24.5145,12241.4,9477.73,8616.26,1.51
2017-02-28 15:00:00,25.06,25.08,25.03,24.66,11351.4,-0.03,-0.12,24.846,24.634,24.4985,11034.1,8426.48,8481.44,1.29
2017-02-28 14:00:00,25.0,25.2,25.06,24.97,6030.87,0.06,0.24,24.664,24.587,24.504,9523.11,7730.14,8462.72,0.69
2017-02-28 11:30:00,25.0,25.1,25.0,24.82,6115.27,0.0,0.0,24.498,24.575,24.5305,9139.2,9446.76,8813.82,0.7
2017-02-28 10:30:00,24.49,25.3,25.0,24.49,24460.3,0.51,2.08,24.362,24.457,24.5415,10470.0,9728.45,8852.85,2.78
2017-02-27 15:00:00,24.12,24.18,24.14,23.9,7212.72,0.02,0.08,24.288,24.335,24.5715,6714.01,8054.13,8648.51,0.82
2017-02-27 14:00:00,24.21,24.28,24.12,24.03,3796.41,-0.09,-0.37,24.422,24.31,24.639,5818.84,7961.73,9271.91,0.43
2017-02-27 11:30:00,24.32,24.34,24.23,24.11,4111.29,-0.09,-0.37,24.51,24.308,24.6145,5937.16,8546.18,9373.62,0.47
2017-02-27 10:30:00,24.75,24.91,24.32,24.2,12769.4,-0.43,-1.74,24.652,24.335,24.5735,9754.32,9123.92,9357.17,1.45
2017-02-24 15:00:00,24.8,24.84,24.63,24.58,5680.21,-0.17,-0.69,24.552,24.371,24.5175,8986.86,8045.11,8921.37,0.65
2017-02-24 14:00:00,24.56,24.81,24.81,24.56,2736.91,0.25,1.02,24.382,24.376,24.4435,9394.25,7754.79,9007.4,0.31
2017-02-24 11:30:00,24.94,24.95,24.56,24.54,4387.98,-0.38,-1.52,24.198,24.363,24.3605,10104.6,8536.41,9035.8,0.5
2017-02-24 10:30:00,23.97,25.5,24.94,23.87,23197.1,0.97,4.05,24.106,24.421,24.291,11155.2,9195.3,9042.39,2.64
2017-02-23 15:00:00,23.78,23.99,23.82,23.6,8932.12,0.04,0.17,24.018,24.486,24.211,8493.53,8180.89,8122.73,1.02
2017-02-23 14:00:00,23.89,23.9,23.78,23.75,7717.14,-0.11,-0.46,24.19,24.626,24.2,7103.36,7977.26,7970.17,0.88
2017-02-23 11:30:00,24.09,24.09,23.89,23.86,6288.77,-0.2,-0.83,24.37,24.808,24.2005,6115.32,9242.89,7741.56,0.72
2017-02-23 10:30:00,24.52,24.67,24.1,24.02,9640.91,-0.42,-1.71,24.528,24.968,24.193,6968.19,10582.1,7610.02,1.1
2017-02-22 15:00:00,24.68,24.71,24.5,24.5,9888.69,-0.18,-0.73,24.736,24.921,24.1825,7235.41,10201.0,7256.94,1.13
2017-02-22 14:00:00,24.69,24.76,24.68,24.63,1981.29,-0.01,-0.04,24.954,24.812,24.147,7868.25,9590.42,7104.82,0.23
2017-02-22 11:30:00,24.68,24.76,24.68,24.65,2776.96,0.0,0.0,25.062,24.664,24.124,8851.15,9797.62,7133.59,0.32
2017-02-22 10:30:00,25.0,25.02,24.68,24.66,10553.1,-0.32,-1.28,25.246,24.511,24.1095,12370.5,10260.0,7090.87,1.2
2017-02-21 15:00:00,25.59,25.6,25.14,25.07,10977.0,-0.45,-1.76,25.408,24.358,24.0995,14196.0,9535.2,6812.46,1.25
2017-02-21 14:00:00,25.22,25.59,25.59,24.93,13052.9,0.37,1.47,25.106,24.161,24.0515,13166.7,8889.46,6540.71,1.49
2017-02-21 11:30:00,25.6,25.63,25.22,25.05,6895.8,-0.38,-1.48,24.67,23.936,23.981,11312.6,8064.58,6035.96,0.78
2017-02-21 10:30:00,25.35,25.87,25.6,24.81,20373.5,0.25,0.99,24.266,23.774,23.938,10744.1,7963.08,5837.73,2.32
2017-02-20 15:00:00,23.63,25.49,25.49,23.62,19680.7,1.86,7.87,23.776,23.593,23.888,8149.59,6240.23,5015.37,2.24
2017-02-20 14:00:00,23.43,23.85,23.63,23.42,5830.55,0.2,0.85,23.308,23.418,23.8485,4874.4,4637.96,4241.36,0.66
2017-02-20 11:30:00,23.2,23.45,23.41,23.16,3782.39,0.21,0.91,23.216,23.444,23.8865,4612.24,4312.84,4052.35,0.43
2017-02-20 10:30:00,23.16,23.3,23.2,23.06,4053.33,0.04,0.17,23.202,23.482,23.9425,4816.57,4619.22,3966.21,0.46
2017-02-17 15:00:00,23.15,23.24,23.15,22.97,7400.96,0.0,0.0,23.282,23.584,23.996,5182.07,4469.56,4038.41,0.84
2017-02-17 14:00:00,23.17,23.25,23.15,23.11,3304.79,-0.02,-0.09,23.41,23.708,24.07,4330.87,3921.73,3880.38,0.38
2017-02-17 11:30:00,23.34,23.39,23.17,23.16,4519.75,-0.17,-0.73,23.528,23.841,24.1555,4401.51,4089.72,3797.24,0.51
2017-02-17 10:30:00,23.63,23.79,23.34,23.3,4804.04,-0.29,-1.23,23.672,23.942,24.243,4013.43,4191.96,3690.67,0.55
2017-02-16 15:00:00,23.79,23.79,23.6,23.48,5880.79,-0.19,-0.8,23.762,24.026,24.32,4421.86,4007.35,3693.06,0.94
2017-02-16 14:00:00,23.81,23.97,23.79,23.74,3145.0,-0.02,-0.08,23.886,24.102,24.407,3757.05,3712.37,3628.16,0.5
2017-02-16 11:30:00,23.9,24.03,23.74,23.6,3657.97,-0.16,-0.67,24.006,24.183,24.484,3512.58,3790.5,3595.47,0.59
2017-02-16 10:30:00,23.85,23.99,23.89,23.61,2579.37,0.04,0.17,24.154,24.279,24.5745,3777.94,3844.76,3551.76,0.41
2017-02-15 15:00:00,24.22,24.23,23.79,23.7,6846.19,-0.43,-1.78,24.212,24.329,24.6545,4370.5,3791.87,3781.32,1.1
2017-02-15 14:00:00,24.39,24.44,24.22,24.2,2556.72,-0.17,-0.7,24.29,24.403,24.753,3592.83,3313.2,4101.47,0.41
2017-02-15 11:30:00,24.48,24.48,24.39,24.31,1922.65,-0.09,-0.37,24.318,24.408,24.801,3667.69,3607.25,4110.69,0.31
2017-02-15 10:30:00,24.18,24.66,24.48,24.15,4984.77,0.3,1.24,24.36,24.432,24.8375,4068.42,3839.03,4235.29,0.8
2017-02-14 15:00:00,24.18,24.34,24.18,24.11,5542.15,0.0,0.0,24.404,24.47,24.8595,3911.57,3504.75,4473.6,0.89
2017-02-14 14:00:00,24.36,24.38,24.18,24.16,2957.88,-0.18,-0.74,24.446,24.544,24.9405,3213.24,3189.38,4555.69,0.47
2017-02-14 11:30:00,24.6,24.6,24.36,24.31,2931.01,-0.24,-0.98,24.516,24.614,25.0215,3033.57,3378.77,5238.01,0.47
2017-02-14 10:30:00,24.69,24.82,24.6,24.49,3926.3,-0.09,-0.36,24.498,24.712,25.005,3546.82,3543.94,5339.64,0.63
2017-02-13 15:00:00,24.39,24.78,24.7,24.37,4200.52,0.31,1.27,24.504,24.785,25.001,3609.64,3400.44,5444.67,0.67
2017-02-13 14:00:00,24.5,24.58,24.39,24.39,2050.51,-0.11,-0.45,24.536,24.87,24.9925,3097.94,3258.76,5521.41,0.33
2017-02-13 11:30:00,24.27,24.6,24.53,24.25,2059.5,0.26,1.07,24.642,24.98,24.998,3165.52,3770.76,5602.3,0.33
2017-02-13 10:30:00,24.6,24.6,24.27,24.15,5497.25,-0.33,-1.34,24.712,25.103,24.989,3723.98,4889.74,5733.97,0.88
2017-02-10 15:00:00,24.86,24.87,24.63,24.63,4240.42,-0.23,-0.93,24.926,25.194,24.988,3541.07,4614.12,5984.45,0.68
2017-02-10 14:00:00,24.92,25.0,24.86,24.85,1642.0,-0.06,-0.24,25.066,25.243,24.9145,3191.25,4631.54,5927.46,0.26
2017-02-10 11:30:00,24.89,25.03,24.92,24.82,2388.43,0.03,0.12,25.204,25.249,24.823,3419.58,5442.45,5929.09,0.38
2017-02-10 10:30:00,25.2,25.37,24.88,24.81,4851.79,-0.32,-1.27,25.318,25.337,24.721,4376.0,5922.0,5951.12,0.78
2017-02-09 15:00:00,25.33,25.45,25.34,25.25,4582.7,0.01,0.04,25.494,25.429,24.622,6055.51,7097.25,5871.7,0.73
2017-02-09 14:00:00,25.57,25.72,25.33,25.33,2491.32,-0.24,-0.94,25.462,25.298,24.5085,5687.17,7135.33,5794.05,0.4
2017-02-09 11:30:00,25.49,25.59,25.55,25.36,2783.67,0.06,0.24,25.42,25.217,24.4015,6071.84,7488.9,5825.02,0.45
2017-02-09 10:30:00,25.21,26.03,25.49,25.21,7170.54,0.28,1.11,25.294,25.115,24.2725,7465.31,7784.06,5892.73,1.15
2017-02-08 15:00:00,25.18,26.45,25.76,25.12,13249.3,0.58,2.3,25.356,25.016,24.169,7468.0,7433.84,5759.8,2.12
2017-02-08 14:00:00,25.15,25.23,25.18,24.96,2741.0,0.03,0.12,25.364,24.875,24.0685,8139.0,6578.19,5241.39,0.44
2017-02-08 11:30:00,24.93,25.14,25.12,24.76,4414.68,0.19,0.76,25.134,24.782,24.0005,8583.5,7354.77,5217.53,0.71
2017-02-08 10:30:00,25.3,25.47,24.92,24.82,9751.03,-0.38,-1.5,25.014,24.586,23.9485,8905.97,7223.38,5152.13,1.56
2017-02-07 15:00:00,25.8,26.33,25.8,25.77,7183.97,0.0,0.0,24.936,24.397,23.9025,8102.82,6415.74,4760.13,1.15
2017-02-07 14:00:00,24.74,26.98,25.8,24.74,16604.3,1.06,4.28,24.676,24.105,23.793,7399.67,5980.25,4518.03,2.66
2017-02-07 11:30:00,24.52,24.52,24.03,24.0,4963.52,-0.49,-2.0,24.386,23.815,23.689,5017.39,4646.14,3744.47,0.8
2017-02-07 10:30:00,24.53,24.74,24.52,24.08,6027.01,-0.01,-0.04,24.43,23.719,23.6795,6126.05,4452.76,3562.04,0.97
2017-02-06 15:00:00,24.5,24.59,24.53,24.3,5735.28,0.03,0.12,24.158,23.586,23.6575,5540.8,4161.14,3372.39,0.92
2017-02-06 14:00:00,24.2,24.6,24.5,24.19,3668.29,0.3,1.24,23.858,23.43,23.6215,4728.66,4001.4,3226.36,0.59
2017-02-06 11:30:00,24.24,24.52,24.35,24.19,4692.86,0.11,0.45,23.534,23.322,23.5925,4560.82,4085.76,3216.21,0.75
2017-02-06 10:30:00,22.95,24.53,24.25,22.89,10506.8,1.3,5.66,23.244,23.262,23.5785,4274.89,3904.58,3054.64,1.68
2017-02-03 15:00:00,23.03,23.3,23.16,22.86,3100.75,0.13,0.56,23.008,23.219,23.578,2779.47,3080.29,2714.26,0.5
2017-02-03 14:00:00,22.9,23.04,23.03,22.85,1674.6,0.13,0.57,23.014,23.311,23.6275,2781.48,3080.88,2641.22,0.27
2017-02-03 11:30:00,22.9,22.9,22.88,22.7,2829.09,-0.02,-0.09,23.002,23.408,23.697,3274.15,3104.52,2624.84,0.45
2017-02-03 10:30:00,23.15,23.15,22.9,22.66,3263.23,-0.25,-1.08,23.11,23.481,23.768,3610.69,3055.82,2588.87,0.52
2017-01-26 15:00:00,23.19,23.19,23.07,22.98,3029.7,-0.12,-0.52,23.28,23.563,23.8315,3534.28,2842.8,2502.96,0.49
2017-01-26 14:00:00,23.02,23.19,23.19,23.0,3110.77,0.17,0.74,23.43,23.64,23.8755,3381.1,2671.33,2555.28,0.5
2017-01-26 11:30:00,23.42,23.42,22.97,22.85,4137.95,-0.45,-1.92,23.608,23.729,23.9145,3380.29,2583.65,2499.73,0.66
2017-01-26 10:30:00,23.7,23.88,23.42,23.38,4511.8,-0.28,-1.18,23.814,23.813,23.9495,2934.88,2451.31,2338.19,0.72
2017-01-25 15:00:00,23.82,23.9,23.75,23.49,2881.17,-0.07,-0.29,23.852,23.863,23.962,2500.95,2346.66,2209.82,0.46
2017-01-25 14:00:00,24.18,24.19,23.82,23.43,2263.82,-0.36,-1.49,23.846,23.895,23.957,2151.32,2204.7,2144.08,0.36
2017-01-25 11:30:00,24.02,24.33,24.08,24.0,3106.72,0.06,0.25,23.85,23.937,23.945,1961.55,2348.23,2078.94,0.5
2017-01-25 10:30:00,23.5,24.0,24.0,23.5,1910.9,0.5,2.13,23.85,23.944,23.9225,1787.01,2201.55,1958.76,0.31
2017-01-24 15:00:00,23.72,23.85,23.61,23.59,2342.15,-0.11,-0.46,23.812,23.986,23.899,1967.73,2145.16,1953.22,0.38
2017-01-24 14:00:00,23.84,23.85,23.72,23.72,1133.0,-0.12,-0.5,23.874,24.055,23.897,2192.36,2121.92,1929.01,0.18
2017-01-24 11:30:00,24.08,24.09,23.84,23.75,1315.0,-0.24,-1.0,23.944,24.1,23.8925,2258.07,2163.13,1963.09,0.21
2017-01-24 10:30:00,23.99,24.18,24.08,23.74,2234.0,0.09,0.38,24.024,24.111,23.882,2734.9,2439.23,1977.69,0.36
2017-01-23 15:00:00,23.92,23.97,23.81,23.65,2814.52,-0.11,-0.46,24.038,24.1,23.865,2616.08,2415.82,2028.48,0.45
2017-01-23 14:00:00,24.1,24.16,23.92,23.88,3465.29,-0.18,-0.75,24.16,24.086,23.8335,2322.59,2225.06,2161.74,0.56
2017-01-23 11:30:00,24.3,24.3,24.07,24.05,1461.55,-0.23,-0.95,24.236,24.061,23.8375,2051.47,2072.98,2061.42,0.23
2017-01-23 10:30:00,24.18,24.5,24.24,24.1,3699.14,0.06,0.25,24.256,24.019,23.8275,2068.18,2083.47,2112.2,0.59
2017-01-20 15:00:00,24.42,24.44,24.15,24.15,1639.92,-0.27,-1.11,24.198,23.953,23.842,2143.55,1809.66,2124.83,0.26
2017-01-20 14:00:00,24.3,24.56,24.42,24.25,1347.06,0.12,0.49,24.162,23.901,23.852,2215.55,1715.96,2218.46,0.22
2017-01-20 11:30:00,24.17,24.4,24.3,24.15,2109.7,0.13,0.54,24.012,23.812,23.8705,2127.53,1761.27,2244.91,0.34
2017-01-20 10:30:00,23.95,24.2,24.17,23.83,1545.09,0.22,0.92,23.886,23.739,23.9035,2094.49,1736.1,2217.48,0.25
2017-01-19 15:00:00,23.97,24.33,23.95,23.86,4076.0,-0.02,-0.08,23.782,23.685,23.94,2098.76,1763.05,2284.64,0.65
2017-01-19 14:00:00,23.68,23.99,23.97,23.65,1999.88,0.29,1.22,23.708,23.653,23.991,1475.76,1516.15,2262.09,0.32
2017-01-19 11:30:00,23.67,23.7,23.67,23.53,907.0,0.0,0.0,23.64,23.63,24.0705,1216.38,1641.14,2208.35,0.15
2017-01-19 10:30:00,24.12,24.12,23.67,23.3,1944.49,-0.45,-1.87,23.612,23.581,24.1705,1395.01,2098.42,2207.25,0.31
2017-01-18 15:00:00,23.58,23.66,23.65,23.53,1566.41,0.07,0.3,23.592,23.614,24.2665,1377.72,2049.86,2219.83,0.25
2017-01-18 14:00:00,23.6,23.63,23.58,23.53,961.0,-0.02,-0.08,23.588,23.636,24.365,1427.34,2140.93,2260.0,0.15
2017-01-18 11:30:00,23.53,23.7,23.63,23.53,703.0,0.1,0.42,23.598,23.731,24.474,1556.54,2440.0,2293.46,0.11
2017-01-18 10:30:00,23.88,23.88,23.53,23.52,1800.17,-0.35,-1.47,23.62,23.803,24.582,2065.89,2720.97,2312.96,0.29
2017-01-17 15:00:00,23.63,23.69,23.57,23.48,1858.0,-0.06,-0.25,23.55,23.929,24.7075,2801.83,2728.55,2343.71,0.3
2017-01-17 14:00:00,23.62,23.68,23.63,23.2,1814.55,0.01,0.04,23.636,24.068,24.824,2722.01,2698.86,2389.8,0.29
2017-01-17 11:30:00,23.74,23.75,23.63,23.42,1607.0,-0.11,-0.46,23.684,24.195,24.9395,2854.51,2806.22,2422.66,0.26
2017-01-17 10:30:00,23.38,23.94,23.74,23.01,3249.75,0.36,1.54,23.864,24.329,25.065,3323.45,3008.03,2396.28,0.52
2017-01-16 15:00:00,24.0,24.0,23.18,21.99,5479.85,-0.82,-3.42,23.986,24.511,25.1885,3376.04,2775.56,2330.36,0.88
2017-01-16 14:00:00,23.86,24.26,24.0,23.81,1458.88,0.14,0.59,24.308,24.76,25.3325,2655.27,2316.07,2203.01,0.23
2017-01-16 11:30:00,24.55,24.55,23.87,23.87,2477.06,-0.68,-2.77,24.5,24.919,25.4305,2675.71,2389.81,2199.0,0.4
2017-01-16 10:30:00,24.4,24.65,24.53,23.8,3951.73,0.13,0.53,24.706,25.094,25.5395,2757.93,2379.08,2161.29,0.63
2017-01-13 15:00:00,24.79,24.8,24.35,24.3,3512.68,-0.44,-1.77,24.794,25.217,25.6065,2692.61,2146.93,2159.15,0.56
2017-01-13 14:00:00,24.96,25.02,24.79,24.79,1876.0,-0.17,-0.68,25.036,25.361,25.7,2175.07,1904.94,2081.41,0.3
2017-01-13 11:30:00,24.9,25.05,24.96,24.8,1561.06,0.06,0.24,25.212,25.486,25.78,1976.87,1958.87,2126.49,0.25
2017-01-13 10:30:00,25.18,25.18,24.9,24.79,2888.19,-0.28,-1.11,25.338,25.58,25.864,2103.91,2080.75,2181.97,0.46
2017-01-12 15:00:00,25.55,25.55,24.97,24.97,3625.11,-0.58,-2.27,25.482,25.684,25.944,2000.23,2039.09,2149.0,0.58
2017-01-12 14:00:00,25.67,25.67,25.56,25.54,925.0,-0.11,-0.43,25.64,25.801,26.016,1601.25,1784.52,2269.94,0.15
2017-01-12 11:30:00,25.59,25.68,25.67,25.51,885.0,0.08,0.31,25.686,25.866,26.054,1634.82,1885.16,2309.86,0.14
2017-01-12 10:30:00,25.62,25.89,25.59,25.55,2196.24,-0.03,-0.12,25.76,25.905,26.0815,1940.87,2089.96,2369.51,0.35
2017-01-11 15:00:00,25.74,25.78,25.62,25.6,2369.79,-0.12,-0.47,25.822,25.942,26.1155,2057.59,2008.2,2409.83,0.38
2017-01-11 14:00:00,25.75,25.83,25.76,25.6,1630.21,0.01,0.04,25.886,25.985,26.144,2077.96,1943.5,2444.14,0.26
2017-01-11 11:30:00,26.04,26.06,25.79,25.79,1092.84,-0.25,-0.96,25.962,25.996,26.164,1967.79,2171.38,2477.01,0.18
2017-01-11 10:30:00,26.0,26.2,26.04,25.9,2415.27,0.04,0.15,26.046,26.039,26.1845,2135.5,2257.88,2500.97,0.39
2017-01-10 15:00:00,25.94,26.07,25.9,25.86,2779.84,-0.04,-0.15,26.05,26.074,26.1905,2239.04,2294.11,2479.04,0.45
2017-01-10 14:00:00,26.14,26.19,25.94,25.91,2471.63,-0.2,-0.77,26.062,26.148,26.203,1958.82,2283.19,2570.23,0.4
2017-01-10 11:30:00,26.21,26.21,26.14,26.1,1079.38,-0.07,-0.27,26.084,26.204,26.2065,1809.05,2258.91,2524.2,0.17
2017-01-10 10:30:00,26.25,26.29,26.21,26.07,1931.36,-0.04,-0.15,26.03,26.231,26.2035,2374.96,2755.37,2598.23,0.31
2017-01-09 15:00:00,25.96,26.22,26.06,25.9,2933.0,0.1,0.39,26.032,26.242,26.2045,2380.27,2734.57,2757.4,0.47
2017-01-09 14:00:00,26.05,26.06,25.96,25.93,1378.71,-0.09,-0.35,26.098,26.258,26.1845,2349.17,2649.07,2722.79,0.22
2017-01-09 11:30:00,25.87,26.24,26.05,25.86,1722.79,0.18,0.7,26.234,26.289,26.1715,2607.57,2811.45,2752.24,0.28
2017-01-09 10:30:00,26.05,26.4,25.87,25.82,3908.94,-0.18,-0.69,26.324,26.303,26.155,2708.77,2944.77,2747.26,0.63
2017-01-06 15:00:00,26.39,26.42,26.22,26.19,1957.92,-0.17,-0.64,26.432,26.332,26.1565,3135.78,2782.65,2756.05,0.31
2017-01-06 14:00:00,26.64,26.71,26.39,26.25,2777.51,-0.25,-0.94,26.452,26.33,26.141,3088.87,2744.06,2831.31,0.44
2017-01-06 11:30:00,26.49,26.77,26.64,26.42,2670.69,0.15,0.57,26.418,26.307,26.1225,2948.97,2663.98,2819.28,0.43
2017-01-06 10:30:00,26.3,26.53,26.5,26.2,2228.8,0.2,0.76,26.344,26.258,26.081,3015.33,2857.27,2811.97,0.36
2017-01-05 15:00:00,26.32,26.52,26.41,26.23,6043.96,0.09,0.34,26.282,26.209,26.044,3180.77,2789.49,2802.39,0.97
2017-01-05 14:00:00,26.23,26.32,26.32,26.2,1723.39,0.09,0.34,26.232,26.176,26.0085,2429.53,2441.09,2631.06,0.28
2017-01-05 11:30:00,26.27,26.32,26.22,26.22,2078.0,-0.05,-0.19,26.208,26.167,25.9785,2399.25,2780.23,2636.68,0.33
2017-01-05 10:30:00,26.21,26.38,26.27,26.1,3002.51,0.06,0.23,26.196,26.111,25.949,2379.0,2796.5,2626.66,0.48
2017-01-04 15:00:00,26.16,26.27,26.19,26.13,3056.0,0.03,0.11,26.172,26.054,25.918,2699.2,2693.02,2635.28,0.49
2017-01-04 14:00:00,26.2,26.22,26.16,26.14,2287.75,-0.04,-0.15,26.136,26.007,25.889,2398.2,2549.75,2786.36,0.37
2017-01-04 11:30:00,26.16,26.28,26.2,26.13,1572.0,0.04,0.15,26.12,25.981,25.876,2452.65,2729.45,2784.89,0.25
2017-01-04 10:30:00,26.16,26.23,26.16,25.92,1976.72,0.0,0.0,26.126,25.952,25.8615,3161.21,2918.55,2823.62,0.32
2017-01-03 15:00:00,26.01,26.28,26.15,25.96,4603.53,0.14,0.54,26.026,25.938,25.847,3214.01,2974.58,2961.03,0.74
2017-01-03 14:00:00,26.15,26.18,26.01,25.97,1551.0,-0.14,-0.54,25.936,25.904,25.8585,2686.85,2766.68,2916.9,0.25
2017-01-03 11:30:00,26.25,26.34,26.08,26.07,2560.0,-0.17,-0.65,25.878,25.879,25.8615,2701.29,2815.3,2925.15,0.41
2017-01-03 10:30:00,25.41,26.25,26.23,25.41,5114.8,0.82,3.23,25.842,25.841,25.8525,3006.25,2821.03,2936.1,0.82
2016-12-30 15:00:00,25.7,25.8,25.66,25.63,2240.71,-0.04,-0.16,25.778,25.79,25.825,2675.89,2493.13,3092.3,0.36
2016-12-30 14:00:00,25.8,25.8,25.7,25.63,1967.73,-0.1,-0.39,25.85,25.787,25.857,2735.15,2456.81,3492.76,0.32
2016-12-30 11:30:00,25.9,26.0,25.72,25.65,1623.23,-0.18,-0.69,25.872,25.782,25.8955,2846.51,2577.54,3696.28,0.26
2016-12-30 10:30:00,26.15,26.25,25.9,25.74,4084.79,-0.25,-0.96,25.88,25.771,25.9735,2929.31,3022.97,3734.91,0.65
2016-12-29 15:00:00,26.02,26.2,25.91,25.87,3463.0,-0.11,-0.42,25.84,25.771,26.0395,2635.81,2840.33,4034.67,0.55
2016-12-29 14:00:00,25.85,26.08,26.02,25.85,2537.01,0.17,0.66,25.802,25.771,26.154,2310.37,2728.69,5043.85,0.41
2016-12-29 11:30:00,25.76,25.81,25.81,25.75,2524.51,0.05,0.19,25.724,25.756,26.2265,2178.47,2947.49,5466.98,0.4
2016-12-29 10:30:00,25.6,25.85,25.76,25.6,2037.22,0.16,0.63,25.692,25.813,26.31,2308.57,3067.12,5589.16,0.33
2016-12-28 15:00:00,25.72,25.82,25.7,25.61,2617.32,-0.02,-0.08,25.662,25.844,26.4005,3116.64,3034.99,6376.14,0.42
2016-12-28 14:00:00,25.63,25.74,25.72,25.62,1835.81,0.09,0.35,25.702,25.864,26.48,3044.84,3051.16,6495.42,0.29
2016-12-28 11:30:00,25.65,25.74,25.63,25.59,1877.49,-0.02,-0.08,25.74,25.86,26.557,3147.01,3691.47,6625.62,0.3
2016-12-28 10:30:00,25.61,25.85,25.65,25.6,3175.0,0.04,0.16,25.788,25.927,26.6375,3716.51,4528.71,6675.55,0.51
2016-12-27 15:00:00,25.9,25.95,25.61,25.52,6077.59,-0.29,-1.12,25.934,26.009,26.707,3825.66,4815.02,6731.95,0.97
2016-12-27 14:00:00,25.94,26.09,25.9,25.88,2258.32,-0.04,-0.15,26.026,26.176,26.7895,2953.34,4446.85,6573.76,0.36
2016-12-27 11:30:00,25.87,26.16,25.91,25.86,2346.63,0.04,0.15,26.026,26.308,26.8415,3057.49,5229.02,6533.16,0.38
2016-12-27 10:30:00,26.01,26.25,25.87,25.71,4725.0,-0.14,-0.54,25.98,26.537,26.8985,4235.93,7359.0,6560.83,0.76
2016-12-26 15:00:00,26.07,26.59,26.38,26.07,3720.77,0.31,1.19,26.066,26.697,26.96,5340.91,7986.46,6484.02,0.6
2016-12-26 14:00:00,25.9,26.1,26.07,25.82,1716.0,0.17,0.66,26.084,26.807,26.998,5804.38,8111.21,6498.84,0.27
2016-12-26 11:30:00,25.68,26.02,25.9,25.43,2779.03,0.22,0.86,26.326,26.957,27.041,5940.35,9717.29,6516.76,0.45
2016-12-26 10:30:00,25.89,25.89,25.68,25.0,8238.86,-0.21,-0.81,26.59,27.096,27.084,7400.55,9939.67,6507.79,1.32
2016-12-23 15:00:00,26.48,26.79,26.3,25.82,10249.9,-0.18,-0.68,27.094,27.254,27.14,10482.1,9559.77,6354.17,1.64
2016-12-23 14:00:00,27.3,27.31,26.47,26.24,6038.11,-0.83,-3.04,27.328,27.348,27.1875,10632.0,8822.4,6884.66,0.97
2016-12-23 11:30:00,27.22,27.44,27.28,27.2,2395.86,0.06,0.22,27.53,27.405,27.205,10418.0,8648.88,6882.13,0.38
2016-12-23 10:30:00,27.71,27.88,27.22,27.1,10080.0,-0.49,-1.77,27.588,27.403,27.1595,13494.2,8700.68,6986.7,1.61
2016-12-22 15:00:00,27.47,28.2,28.2,27.45,23646.5,0.73,2.66,27.602,27.375,27.0985,12478.8,7837.3,6661.49,3.79
2016-12-22 14:00:00,27.55,27.68,27.47,27.38,10999.6,-0.08,-0.29,27.414,27.26,26.9805,8637.46,5762.65,5622.56,1.76
2016-12-22 11:30:00,27.56,27.58,27.48,27.36,4968.24,-0.08,-0.29,27.368,27.223,26.902,7012.78,4981.58,5171.5,0.8
2016-12-22 10:30:00,27.55,28.0,27.57,27.53,17776.8,0.02,0.07,27.28,27.189,26.8365,6879.71,4886.48,5048.0,2.85
2016-12-21 15:00:00,27.26,27.36,27.29,27.11,5002.84,0.03,0.11,27.218,27.125,26.7555,3907.11,3316.22,4371.83,0.8
2016-12-21 14:00:00,27.31,27.32,27.26,26.93,4439.85,-0.05,-0.18,27.148,27.072,26.678,3195.81,3075.91,4360.82,0.71
2016-12-21 11:30:00,26.95,27.33,27.24,26.93,2876.15,0.29,1.08,27.106,27.026,26.622,2887.84,3148.57,4315.16,0.46
2016-12-21 10:30:00,27.37,27.6,27.04,26.88,4302.91,-0.33,-1.21,27.078,27.027,26.58,2950.39,4946.93,4369.36,0.69
2016-12-20 15:00:00,26.94,27.26,27.26,26.85,2913.82,0.32,1.19,27.098,27.005,26.5355,2893.24,5115.39,4567.74,0.47
2016-12-20 14:00:00,27.05,27.2,26.94,26.92,1446.31,-0.11,-0.41,27.032,26.916,26.4445,2725.33,5272.72,4607.77,0.23
2016-12-20 11:30:00,27.1,27.22,27.05,26.92,2900.0,-0.05,-0.18,26.996,26.822,26.3595,2956.02,5485.69,4739.87,0.46
2016-12-20 10:30:00,27.26,27.42,27.1,26.81,3188.93,-0.16,-0.59,26.946,26.701,26.257,3409.3,5482.47,4887.53,0.51
2016-12-19 15:00:00,26.93,27.29,27.14,26.8,4017.15,0.21,0.78,26.976,26.581,26.1645,6943.47,5361.41,4986.12,0.64
2016-12-19 14:00:00,26.76,27.16,26.93,26.71,2074.27,0.17,0.64,26.912,26.484,26.0915,7337.53,5209.52,5082.23,0.33
2016-12-19 11:30:00,26.8,26.84,26.76,26.7,2599.75,-0.04,-0.15,26.8,26.386,26.0595,7820.11,5427.43,5333.77,0.42
2016-12-19 10:30:00,27.22,27.22,26.8,26.73,5166.4,-0.42,-1.54,26.648,26.284,26.0345,8015.36,5645.73,5581.58,0.83
2016-12-16 15:00:00,26.82,27.4,27.25,26.67,20859.8,0.43,1.6,26.456,26.218,26.072,7555.65,5481.76,5650.0,3.34
2016-12-16 14:00:00,26.37,26.94,26.82,26.2,5987.43,0.45,1.71,26.186,26.133,26.1195,3779.35,3791.78,4983.8,0.96
2016-12-16 11:30:00,26.05,26.43,26.37,26.0,4487.16,0.32,1.23,26.056,26.066,26.1835,3081.52,4020.09,5012.65,0.72
2016-12-16 10:30:00,26.0,26.09,26.0,25.82,3576.0,0.0,0.0,25.972,25.973,26.2865,3034.75,3942.82,5055.08,0.57
2016-12-15 15:00:00,25.9,25.95,25.84,25.73,2867.79,-0.06,-0.23,25.92,25.897,26.408,3276.1,3994.05,5369.85,0.46
2016-12-15 14:00:00,26.17,26.17,25.9,25.83,1978.38,-0.27,-1.03,25.98,25.813,26.571,3407.88,4292.6,5648.33,0.32
2016-12-15 11:30:00,25.95,26.3,26.17,25.85,2498.26,0.22,0.85,26.08,25.748,26.767,3804.2,4610.82,5730.36,0.4
2016-12-15 10:30:00,25.98,26.19,25.95,25.73,4253.31,-0.03,-0.12,26.076,25.699,26.946,4958.66,4954.94,5961.67,0.68
2016-12-14 15:00:00,26.14,26.35,25.74,25.73,4782.74,-0.4,-1.53,25.974,25.733,27.1225,4850.88,5240.11,6386.15,0.77
2016-12-14 14:00:00,26.43,26.5,26.14,26.01,3526.69,-0.29,-1.1,25.874,25.785,27.3455,4712.01,5517.43,7204.12,0.56
2016-12-14 11:30:00,26.15,26.4,26.4,26.07,3960.01,0.25,0.96,25.646,25.926,27.548,5177.31,5818.24,7309.03,0.63
2016-12-14 10:30:00,25.67,26.42,26.15,25.61,8270.56,0.48,1.87,25.416,26.106,27.742,5417.44,6175.83,7454.45,1.32
2016-12-13 15:00:00,25.24,25.59,25.44,25.22,3714.42,0.2,0.79,25.322,26.301,27.927,4951.22,6005.2,7457.94,0.6
2016-12-13 14:00:00,25.0,25.46,25.24,24.97,4088.37,0.24,0.96,25.492,26.6,28.1775,5629.34,6167.35,7744.42,0.65
2016-12-13 11:30:00,25.25,25.3,25.0,24.71,5853.21,-0.25,-0.99,25.696,26.919,28.425,6322.85,6745.65,7688.19,0.94
2016-12-13 10:30:00,25.7,25.7,25.25,25.01,5160.63,-0.45,-1.75,26.206,27.329,28.6795,6459.16,7004.07,7641.62,0.83
2016-12-12 15:00:00,26.29,26.29,25.68,25.58,5939.49,-0.61,-2.32,26.796,27.786,28.913,6934.22,6849.91,7928.4,0.95
2016-12-12 14:00:00,26.21,26.8,26.29,25.72,7105.0,0.08,0.31,27.28,28.193,29.16,7059.18,6968.4,8341.99,1.14
2016-12-12 11:30:00,27.56,27.7,26.26,26.26,7555.9,-1.3,-4.72,27.708,28.512,29.3605,6705.36,7532.19,8216.78,1.21
2016-12-12 10:30:00,28.15,28.39,27.55,27.55,6534.79,-0.6,-2.13,28.142,28.906,29.5675,7168.45,8890.81,8489.82,1.05
2016-12-09 15:00:00,28.1,28.4,28.2,27.96,7535.9,0.1,0.36,28.452,29.17,29.72,7548.98,8799.83,9069.62,1.21
2016-12-09 14:00:00,28.44,28.44,28.1,27.9,6564.31,-0.34,-1.2,28.776,29.378,29.823,6765.6,8733.07,9313.98,1.05
2016-12-09 11:30:00,28.43,28.51,28.43,28.3,5335.91,0.0,0.0,29.106,29.553,29.889,6877.61,8910.68,9317.27,0.85
2016-12-09 10:30:00,28.9,29.0,28.43,28.35,9871.33,-0.47,-1.63,29.316,29.755,29.9175,8359.01,9321.49,9291.09,1.58
2016-12-08 15:00:00,29.82,29.82,29.1,29.02,8437.44,-0.72,-2.41,29.67,29.931,29.9515,10613.2,8630.73,9140.56,1.35
2016-12-08 14:00:00,29.75,29.88,29.82,29.69,3619.0,0.07,0.24,29.888,30.03,29.9725,10050.7,8279.18,9239.56,0.58
2016-12-08 11:30:00,29.48,29.88,29.75,29.38,7124.38,0.27,0.92,29.98,30.04,29.948,10700.5,9006.9,9204.99,1.14
2016-12-08 10:30:00,30.16,30.2,29.48,29.41,12742.9,-0.68,-2.25,30.0,30.127,29.932,10943.7,9715.58,9227.63,2.04
2016-12-07 15:00:00,30.19,30.53,30.2,29.99,21142.1,0.01,0.03,30.194,30.209,29.9445,10284.0,8901.38,9521.14,3.39
2016-12-07 14:00:00,30.31,30.39,30.19,29.95,5625.0,-0.12,-0.4,30.192,30.229,29.824,6648.29,8088.84,8551.94,0.9
2016-12-07 11:30:00,29.84,30.28,30.28,29.78,6868.3,0.44,1.47,30.172,30.27,29.7095,6507.68,9339.42,8356.12,1.1
2016-12-07 10:30:00,30.45,30.45,29.85,29.71,8340.45,-0.6,-1.97,30.1,30.268,29.59,7313.26,9894.89,8158.46,1.34
2016-12-06 15:00:00,30.18,30.6,30.45,30.17,9444.01,0.27,0.89,30.254,30.225,29.5025,8487.41,9723.85,8073.74,1.51
2016-12-06 14:00:00,30.2,30.29,30.19,29.93,2963.69,-0.01,-0.03,30.224,30.08,29.261,7518.77,9260.69,7790.82,0.47
2016-12-06 11:30:00,29.92,30.22,30.09,29.9,4921.96,0.17,0.57,30.266,29.972,29.035,9529.4,9650.4,7737.62,0.79
2016-12-06 10:30:00,30.28,30.6,29.92,29.88,10896.2,-0.36,-1.19,30.368,29.915,28.8145,12171.2,10199.9,7591.92,1.75
2016-12-05 15:00:00,30.3,30.79,30.62,30.1,14211.2,0.32,1.06,30.436,29.856,28.604,12476.5,9403.07,7234.89,2.28
2016-12-05 14:00:00,30.39,30.41,30.3,29.9,4600.82,-0.09,-0.3,30.196,29.737,28.3715,10960.3,8739.68,6691.96,0.74
2016-12-05 11:30:00,30.6,31.19,30.4,30.33,13016.8,-0.2,-0.65,29.936,29.68,28.1575,11002.6,10140.9,6608.61,2.09
2016-12-05 10:30:00,29.92,30.6,30.6,29.26,18130.8,0.68,2.27,29.678,29.419,27.931,9771.4,9015.03,6062.44,2.9
2016-12-02 15:00:00,29.42,30.26,30.26,29.37,12423.0,0.84,2.86,29.462,29.149,27.695,8228.72,7372.82,5357.7,1.99
2016-12-02 14:00:00,29.0,29.57,29.42,28.76,6630.04,0.42,1.45,29.276,28.912,27.4825,6329.62,6422.03,5022.32,1.06
2016-12-02 11:30:00,29.11,29.12,29.0,28.72,4812.35,-0.11,-0.38,29.278,28.78,27.3065,6519.07,6423.63,4900.78,0.77
2016-12-02 10:30:00,29.58,29.58,29.11,28.92,6860.84,-0.47,-1.59,29.424,28.442,27.152,9279.2,6320.95,5151.52,1.1
2016-12-01 15:00:00,29.33,29.55,29.52,29.21,10417.4,0.19,0.65,29.16,28.098,26.973,8258.65,5824.84,5101.93,1.67
2016-12-01 14:00:00,29.43,29.58,29.33,29.32,2927.49,-0.1,-0.34,28.836,27.714,26.765,6516.93,4983.9,4833.22,0.47
2016-12-01 11:30:00,29.73,29.88,29.43,29.23,7577.26,-0.3,-1.01,28.548,27.352,26.5585,6514.43,5066.72,4956.17,1.21
2016-12-01 10:30:00,28.2,30.57,29.73,28.01,18613.0,1.53,5.43,28.282,27.006,26.354,6328.19,4644.23,4822.7,2.98
2016-11-30 15:00:00,27.9,27.91,27.79,27.7,1758.12,-0.11,-0.39,27.46,26.635,26.11,3362.7,3076.33,4101.2,0.28
2016-11-30 14:00:00,27.88,27.95,27.9,27.7,1708.76,0.02,0.07,27.036,26.443,25.938,3391.03,3109.84,4161.0,0.27
2016-11-30 11:30:00,28.1,28.19,27.89,27.88,2915.0,-0.21,-0.75,26.592,26.241,25.7585,3450.88,3342.58,4201.39,0.47
2016-11-30 10:30:00,27.76,28.2,28.1,27.51,6646.04,0.34,1.22,26.156,26.053,25.5815,3619.0,3622.62,4170.59,1.06
2016-10-13 15:00:00,25.67,25.87,25.62,25.56,3785.6,-0.05,-0.19,25.73,25.833,25.395,2960.28,3377.93,3944.35,0.61
2016-10-13 14:00:00,25.68,25.75,25.67,25.62,1899.76,-0.01,-0.04,25.81,25.862,25.3345,2789.96,3982.09,3911.4,0.3
2016-10-13 11:30:00,25.71,25.75,25.68,25.65,2008.02,-0.03,-0.12,25.85,25.848,25.2825,2828.65,4379.01,3924.81,0.32
2016-10-13 10:30:00,26.0,26.0,25.71,25.57,3755.6,-0.29,-1.12,25.89,25.816,25.2335,3234.27,4682.54,3926.75,0.6
2016-10-12 15:00:00,26.02,26.05,25.97,25.89,3352.4,-0.05,-0.19,25.95,25.765,25.1855,3626.23,4845.62,3802.22,0.54
2016-10-12 14:00:00,25.87,26.14,26.02,25.79,2934.0,0.15,0.58,25.936,25.702,25.117,3795.59,5001.16,3861.45,0.47
2016-10-12 11:30:00,25.88,25.97,25.87,25.8,2093.25,-0.01,-0.04,25.914,25.585,25.0525,5174.22,5126.06,3791.71,0.34
2016-10-12 10:30:00,25.93,25.93,25.88,25.62,4036.12,-0.05,-0.19,25.846,25.433,24.999,5929.37,5212.17,3761.65,0.65
2016-10-11 15:00:00,25.9,26.04,26.01,25.85,5715.38,0.11,0.42,25.742,25.276,24.9445,6130.8,5060.2,3672.64,0.92
2016-10-11 14:00:00,25.91,25.99,25.9,25.8,4199.18,-0.01,-0.04,25.58,25.11,24.878,6065.02,4718.57,3658.37,0.67
2016-10-11 11:30:00,25.53,26.1,25.91,25.48,9827.18,0.38,1.49,25.468,24.957,24.8105,6206.74,4510.76,3532.16,1.57
2016-10-11 10:30:00,25.6,25.66,25.53,25.37,5869.0,-0.07,-0.27,25.256,24.807,24.742,5077.91,3840.7,3174.29,0.94
2016-10-10 15:00:00,25.2,25.44,25.36,25.1,5043.26,0.16,0.63,25.02,24.717,24.6955,4494.96,3470.6,3105.26,0.81
2016-10-10 14:00:00,25.34,25.37,25.2,24.92,5386.46,-0.14,-0.55,24.81,24.651,24.678,3989.61,3170.96,3072.99,0.86
2016-10-10 11:30:00,24.85,25.55,25.34,24.85,4907.82,0.49,1.97,24.64,24.606,24.6805,3372.12,2758.82,2903.77,0.79
2016-10-10 10:30:00,24.7,24.99,24.85,24.58,4182.99,0.15,0.61,24.446,24.532,24.682,2814.78,2721.74,2807.52,0.67
2016-09-30 15:00:00,24.31,24.4,24.35,24.29,2954.27,0.04,0.16,24.358,24.52,24.703,2603.5,2457.36,2870.72,0.47
2016-09-30 14:00:00,24.35,24.55,24.31,24.3,2516.51,-0.04,-0.16,24.414,24.565,24.7745,2446.25,2311.13,2982.56,0.4
2016-09-30 11:30:00,24.38,24.43,24.35,24.29,2299.0,-0.03,-0.12,24.492,24.613,24.861,2352.32,2285.08,3085.91,0.37
2016-09-30 10:30:00,24.65,24.66,24.37,24.37,2121.13,-0.28,-1.14,24.572,24.646,24.9345,2145.52,2598.16,3144.19,0.34
2016-09-29 15:00:00,24.63,24.66,24.41,24.39,3126.6,-0.22,-0.89,24.618,24.664,25.0055,2628.69,2553.56,3404.12,0.5
2016-09-29 14:00:00,24.7,24.75,24.63,24.53,2168.01,-0.07,-0.28,24.682,24.677,25.061,2311.22,2507.88,3467.61,0.35
2016-09-29 11:30:00,24.75,24.84,24.7,24.66,2046.85,-0.05,-0.2,24.716,24.674,25.109,2176.01,2739.91,3595.41,0.33
2016-09-29 10:30:00,24.67,24.76,24.75,24.61,1265.0,0.08,0.32,24.734,24.705,25.15,2217.83,2975.02,3610.71,0.2
2016-09-28 15:00:00,24.73,24.79,24.6,24.59,4537.0,-0.13,-0.53,24.72,24.755,25.194,3050.81,3048.72,3702.26,0.73
2016-09-28 14:00:00,24.8,24.86,24.73,24.72,1539.22,-0.07,-0.28,24.71,24.832,25.2425,2478.44,2893.3,3893.11,0.25
2016-09-28 11:30:00,24.79,24.86,24.8,24.74,1491.97,0.01,0.04,24.672,24.886,25.286,2704.55,3284.08,3943.16,0.24
2016-09-28 10:30:00,24.58,24.92,24.79,24.58,2255.97,0.21,0.85,24.632,24.984,25.3185,3303.8,3653.98,4069.13,0.36
2016-09-27 15:00:00,24.55,24.87,24.68,24.28,5429.89,0.13,0.53,24.676,25.109,25.3515,3732.21,3886.75,4227.11,0.87
2016-09-27 14:00:00,24.54,24.67,24.55,24.52,1675.13,0.01,0.04,24.79,25.223,25.377,3046.64,3690.22,4090.96,0.27
2016-09-27 11:30:00,24.6,24.8,24.54,24.54,2669.79,-0.06,-0.24,24.954,25.347,25.414,3308.17,4254.67,4161.82,0.43
2016-09-27 10:30:00,25.01,25.25,24.6,24.53,4488.24,-0.41,-1.64,25.1,25.445,25.447,3863.61,4427.33,4143.52,0.72
2016-09-26 15:00:00,25.25,25.32,25.01,25.01,4398.0,-0.24,-0.95,25.336,25.544,25.48,4004.16,4450.9,4029.68,0.7
2016-09-26 14:00:00,25.39,25.44,25.25,25.2,2002.03,-0.14,-0.55,25.542,25.595,25.489,4041.3,4246.41,3980.5,0.32
2016-09-26 11:30:00,25.27,25.5,25.37,25.16,2982.78,0.1,0.4,25.656,25.633,25.483,4333.8,4355.8,3978.6,0.48
2016-09-26 10:30:00,25.42,25.69,25.27,25.26,5446.99,-0.15,-0.59,25.74,25.653,25.476,5201.17,4892.91,3912.54,0.87
2016-09-23 15:00:00,26.04,26.09,25.78,25.76,5191.0,-0.26,-1.0,25.79,25.686,25.475,4991.05,4602.24,3850.74,0.83
2016-09-23 14:00:00,25.82,26.1,26.04,25.75,4583.68,0.22,0.85,25.752,25.653,25.4385,4897.65,4484.28,4168.54,0.73
2016-09-23 11:30:00,25.79,25.85,25.82,25.71,3464.56,0.03,0.12,25.648,25.594,25.4155,4451.52,4567.46,4095.52,0.56
2016-09-23 10:30:00,25.53,25.87,25.79,25.51,7319.63,0.26,1.02,25.61,25.531,25.4085,4377.81,4491.7,4136.09,1.17
2016-09-22 15:00:00,25.62,25.67,25.52,25.52,4396.38,-0.1,-0.39,25.566,25.481,25.419,4584.65,4068.96,3899.56,0.7
2016-09-22 14:00:00,25.52,25.84,25.59,25.52,4724.0,0.07,0.27,25.582,25.449,25.4335,4213.43,3859.71,3862.35,0.76
2016-09-22 11:30:00,25.63,25.66,25.52,25.41,2353.03,-0.11,-0.43,25.554,25.416,25.4445,4070.9,3608.45,3754.21,0.38
2016-09-22 10:30:00,25.9,25.9,25.63,25.59,3096.0,-0.27,-1.04,25.54,25.383,25.467,4683.4,3714.6,3721.06,0.5
2016-09-21 15:00:00,25.61,25.95,25.57,25.55,8353.84,-0.04,-0.16,25.452,25.333,25.482,4605.6,3601.39,3760.13,1.34
2016-09-21 14:00:00,25.46,25.6,25.6,25.44,2540.26,0.14,0.55,25.396,25.299,25.4945,3553.27,2932.16,3689.64,0.41
2016-09-21 11:30:00,25.45,25.58,25.45,25.35,4011.38,0.0,0.0,25.316,25.264,25.523,3506.0,3099.25,3714.1,0.64
2016-09-21 10:30:00,25.19,25.55,25.45,25.19,5415.5,0.26,1.03,25.278,25.224,25.57,3145.99,3852.81,3661.27,0.87
2016-09-20 15:00:00,25.3,25.3,25.19,25.18,2707.0,-0.11,-0.43,25.226,25.237,25.6175,2745.81,3623.58,3716.02,0.43
2016-09-20 14:00:00,25.2,25.37,25.29,25.13,3092.22,0.09,0.36,25.214,25.286,25.718,2597.18,3780.47,4736.02,0.5
2016-09-20 11:30:00,25.26,25.26,25.2,25.1,2303.89,-0.06,-0.24,25.202,25.357,25.7825,2311.05,3730.16,4653.56,0.37
2016-09-20 10:30:00,25.18,25.28,25.26,25.11,2211.35,0.08,0.32,25.212,25.418,25.855,2692.49,3864.99,4691.65,0.35
2016-09-19 15:00:00,25.13,25.23,25.19,25.06,3414.57,0.06,0.24,25.17,25.473,25.925,4559.62,3899.98,4824.69,0.55
2016-09-19 14:00:00,25.2,25.24,25.13,25.11,1963.89,-0.07,-0.28,25.248,25.551,26.011,4501.35,3727.51,4852.89,0.31
2016-09-19 11:30:00,25.25,25.29,25.23,25.16,1661.56,-0.02,-0.08,25.358,25.631,26.0955,4963.76,3918.88,4874.85,0.27
2016-09-19 10:30:00,25.2,25.4,25.25,25.2,4211.1,0.05,0.2,25.512,25.69,26.1715,5149.27,4447.12,4900.56,0.67
2016-09-14 15:00:00,25.58,25.61,25.05,25.0,11547.0,-0.53,-2.07,25.624,25.782,26.253,5037.49,4328.95,4959.81,1.85
2016-09-14 14:00:00,25.68,25.83,25.58,25.55,3123.2,-0.1,-0.39,25.776,25.916,26.3325,3240.33,3469.74,4744.71,0.5
2016-09-14 11:30:00,26.0,26.0,25.68,25.6,4275.95,-0.32,-1.23,25.854,25.998,26.388,2953.67,3808.46,4705.13,0.69
2016-09-14 10:30:00,25.8,26.0,26.0,25.7,2589.08,0.2,0.78,25.904,26.15,26.44,2873.99,5691.56,4669.72,0.41
2016-09-13 15:00:00,25.81,25.95,25.81,25.73,3652.19,0.0,0.0,25.868,26.208,26.478,3744.98,5576.96,4786.3,0.59
2016-09-13 14:00:00,25.97,25.97,25.81,25.71,2561.24,-0.16,-0.62,25.94,26.292,26.517,3620.41,5518.32,4962.64,0.41
