2017-03-17@15:00:00,28.742,27.975,27.207
2017-03-17@14:00:00,28.742,27.979,27.216
2017-03-17@11:30:00,28.758,27.997,27.235
2017-03-17@10:30:00,28.760,28.012,27.264
2017-03-16@15:00:00,28.855,27.959,27.063
2017-03-16@14:00:00,28.880,27.917,26.954
2017-03-16@11:30:00,28.934,27.877,26.820
2017-03-16@10:30:00,29.005,27.830,26.654
2017-03-15@15:00:00,29.158,27.753,26.347
2017-03-15@14:00:00,29.203,27.699,26.194
2017-03-15@11:30:00,29.281,27.645,26.009
2017-03-15@10:30:00,29.307,27.558,25.809
2017-03-14@15:00:00,29.279,27.476,25.672
2017-03-14@14:00:00,29.262,27.397,25.532
2017-03-14@11:30:00,29.221,27.302,25.383
2017-03-14@10:30:00,29.161,27.184,25.206
2017-03-13@15:00:00,29.070,27.070,25.070
2017-03-13@14:00:00,28.878,26.897,24.916
2017-03-13@11:30:00,28.633,26.725,24.816
2017-03-13@10:30:00,28.392,26.573,24.753
2017-03-10@15:00:00,28.094,26.422,24.750
2017-03-10@14:00:00,27.936,26.282,24.627
2017-03-10@11:30:00,27.624,26.127,24.630
2017-03-10@10:30:00,27.295,25.973,24.651
2017-03-09@15:00:00,27.217,25.869,24.521
2017-03-09@14:00:00,27.030,25.757,24.484
2017-03-09@11:30:00,26.864,25.660,24.456
2017-03-09@10:30:00,26.710,25.585,24.459
2017-03-08@15:00:00,26.670,25.525,24.379
2017-03-08@14:00:00,26.527,25.441,24.354
2017-03-08@11:30:00,26.432,25.379,24.325
2017-03-08@10:30:00,26.318,25.320,24.321
2017-03-07@15:00:00,26.123,25.250,24.376
2017-03-07@14:00:00,25.922,25.187,24.451
2017-03-07@11:30:00,25.728,25.133,24.538
2017-03-07@10:30:00,25.599,25.092,24.585
2017-03-06@15:00:00,25.399,25.048,24.696
2017-03-06@14:00:00,25.499,24.989,24.479
2017-03-06@11:30:00,25.547,24.931,24.314
2017-03-06@10:30:00,25.520,24.872,24.224
2017-03-03@15:00:00,25.456,24.817,24.178
2017-03-03@14:00:00,25.437,24.799,24.160
2017-03-03@11:30:00,25.413,24.786,24.159
2017-03-03@10:30:00,25.401,24.769,24.136
2017-03-02@15:00:00,25.412,24.776,24.139
2017-03-02@14:00:00,25.477,24.721,23.965
2017-03-02@11:30:00,25.513,24.662,23.811
2017-03-02@10:30:00,25.478,24.598,23.718
2017-03-01@15:00:00,25.457,24.560,23.663
2017-03-01@14:00:00,25.431,24.543,23.655
2017-03-01@11:30:00,25.404,24.531,23.657
2017-03-01@10:30:00,25.364,24.515,23.665
2017-02-28@15:00:00,25.322,24.499,23.675
2017-02-28@14:00:00,25.343,24.504,23.665
2017-02-28@11:30:00,25.466,24.531,23.595
2017-02-28@10:30:00,25.504,24.542,23.579
2017-02-27@15:00:00,25.623,24.572,23.520
2017-02-27@14:00:00,25.743,24.639,23.535
2017-02-27@11:30:00,25.783,24.615,23.446
2017-02-27@10:30:00,25.846,24.574,23.301
2017-02-24@15:00:00,25.921,24.518,23.114
2017-02-24@14:00:00,25.967,24.444,22.920
2017-02-24@11:30:00,25.973,24.361,22.748
2017-02-24@10:30:00,25.981,24.291,22.601
2017-02-23@15:00:00,25.922,24.211,22.500
2017-02-23@14:00:00,25.924,24.200,22.476
2017-02-23@11:30:00,25.924,24.201,22.477
2017-02-23@10:30:00,25.923,24.193,22.463
2017-02-22@15:00:00,25.917,24.183,22.448
2017-02-22@14:00:00,25.883,24.147,22.411
2017-02-22@11:30:00,25.844,24.124,22.404
2017-02-22@10:30:00,25.815,24.110,22.404
2017-02-21@15:00:00,25.794,24.100,22.405
2017-02-21@14:00:00,25.678,24.052,22.425
2017-02-21@11:30:00,25.449,23.981,22.513
2017-02-21@10:30:00,25.306,23.938,22.570
2017-02-20@15:00:00,25.069,23.888,22.707
2017-02-20@14:00:00,24.852,23.849,22.845
2017-02-20@11:30:00,24.912,23.887,22.861
2017-02-20@10:30:00,24.980,23.943,22.905
2017-02-17@15:00:00,24.984,23.996,23.008
2017-02-17@14:00:00,25.014,24.070,23.126
2017-02-17@11:30:00,25.060,24.156,23.251
2017-02-17@10:30:00,25.085,24.243,23.401
2017-02-16@15:00:00,25.097,24.320,23.543
2017-02-16@14:00:00,25.230,24.407,23.584
2017-02-16@11:30:00,25.349,24.484,23.619
2017-02-16@10:30:00,25.487,24.575,23.662
2017-02-15@15:00:00,25.593,24.655,23.716
2017-02-15@14:00:00,25.721,24.753,23.785
2017-02-15@11:30:00,25.753,24.801,23.849
2017-02-15@10:30:00,25.780,24.838,23.895
2017-02-14@15:00:00,25.788,24.860,23.931
2017-02-14@14:00:00,25.900,24.941,23.981
2017-02-14@11:30:00,25.984,25.022,24.059
2017-02-14@10:30:00,26.022,25.005,23.988
2017-02-13@15:00:00,26.025,25.001,23.977
2017-02-13@14:00:00,26.029,24.993,23.956
2017-02-13@11:30:00,26.023,24.998,23.973
2017-02-13@10:30:00,26.033,24.989,23.945
2017-02-10@15:00:00,26.035,24.988,23.941
2017-02-10@14:00:00,26.225,24.915,23.604
2017-02-10@11:30:00,26.370,24.823,23.276
2017-02-10@10:30:00,26.483,24.721,22.959
2017-02-09@15:00:00,26.552,24.622,22.692
2017-02-09@14:00:00,26.521,24.509,22.496
2017-02-09@11:30:00,26.455,24.402,22.348
2017-02-09@10:30:00,26.345,24.273,22.200
2017-02-08@15:00:00,26.195,24.169,22.143
2017-02-08@14:00:00,25.964,24.069,22.173
2017-02-08@11:30:00,25.828,24.001,22.173
2017-02-08@10:30:00,25.703,23.949,22.194
2017-02-07@15:00:00,25.600,23.903,22.205
2017-02-07@14:00:00,25.253,23.793,22.333
2017-02-07@11:30:00,24.822,23.689,22.556
2017-02-07@10:30:00,24.804,23.680,22.555
2017-02-06@15:00:00,24.731,23.658,22.584
2017-02-06@14:00:00,24.621,23.622,22.622
2017-02-06@11:30:00,24.520,23.593,22.665
2017-02-06@10:30:00,24.467,23.579,22.690
2017-02-03@15:00:00,24.465,23.578,22.691
2017-02-03@14:00:00,24.526,23.628,22.729
2017-02-03@11:30:00,24.615,23.697,22.779
2017-02-03@10:30:00,24.641,23.768,22.895
2017-01-26@15:00:00,24.624,23.832,23.039
2017-01-26@14:00:00,24.587,23.876,23.164
2017-01-26@11:30:00,24.553,23.915,23.276
2017-01-26@10:30:00,24.436,23.950,23.463
2017-01-25@15:00:00,24.404,23.962,23.520
2017-01-25@14:00:00,24.411,23.957,23.503
2017-01-25@11:30:00,24.425,23.945,23.465
2017-01-25@10:30:00,24.417,23.923,23.428
2017-01-24@15:00:00,24.420,23.899,23.378
2017-01-24@14:00:00,24.423,23.897,23.371
2017-01-24@11:30:00,24.426,23.893,23.359
2017-01-24@10:30:00,24.427,23.882,23.337
2017-01-23@15:00:00,24.406,23.865,23.324
2017-01-23@14:00:00,24.451,23.834,23.216
2017-01-23@11:30:00,24.459,23.838,23.216
2017-01-23@10:30:00,24.440,23.828,23.215
2017-01-20@15:00:00,24.504,23.842,23.180
2017-01-20@14:00:00,24.538,23.852,23.166
2017-01-20@11:30:00,24.633,23.871,23.108
2017-01-20@10:30:00,24.785,23.904,23.022
2017-01-19@15:00:00,24.918,23.940,22.962
2017-01-19@14:00:00,25.067,23.991,22.915
2017-01-19@11:30:00,25.345,24.071,22.796
2017-01-19@10:30:00,25.607,24.171,22.734
2017-01-18@15:00:00,25.809,24.267,22.724
2017-01-18@14:00:00,25.987,24.365,22.743
2017-01-18@11:30:00,26.162,24.474,22.786
2017-01-18@10:30:00,26.316,24.582,22.848
2017-01-17@15:00:00,26.482,24.708,22.933
2017-01-17@14:00:00,26.590,24.824,23.058
2017-01-17@11:30:00,26.680,24.940,23.199
2017-01-17@10:30:00,26.772,25.065,23.358
2017-01-16@15:00:00,26.851,25.189,23.526
2017-01-16@14:00:00,26.756,25.333,23.909
2017-01-16@11:30:00,26.738,25.431,24.123
2017-01-16@10:30:00,26.659,25.540,24.420
2017-01-13@15:00:00,26.632,25.607,24.581
2017-01-13@14:00:00,26.581,25.700,24.819
2017-01-13@11:30:00,26.605,25.780,24.955
2017-01-13@10:30:00,26.680,25.864,25.048
2017-01-12@15:00:00,26.676,25.944,25.212
2017-01-12@14:00:00,26.623,26.016,25.409
2017-01-12@11:30:00,26.637,26.054,25.471
2017-01-12@10:30:00,26.641,26.082,25.522
2017-01-11@15:00:00,26.632,26.116,25.599
2017-01-11@14:00:00,26.608,26.144,25.680
2017-01-11@11:30:00,26.594,26.164,25.734
2017-01-11@10:30:00,26.579,26.185,25.790
2017-01-10@15:00:00,26.579,26.191,25.802
2017-01-10@14:00:00,26.569,26.203,25.837
2017-01-10@11:30:00,26.564,26.207,25.849
2017-01-10@10:30:00,26.564,26.204,25.843
2017-01-09@15:00:00,26.565,26.205,25.844
2017-01-09@14:00:00,26.613,26.185,25.756
2017-01-09@11:30:00,26.640,26.172,25.703
2017-01-09@10:30:00,26.661,26.155,25.649
2017-01-06@15:00:00,26.660,26.157,25.653
2017-01-06@14:00:00,26.654,26.141,25.628
2017-01-06@11:30:00,26.625,26.123,25.620
2017-01-06@10:30:00,26.541,26.081,25.621
2017-01-05@15:00:00,26.482,26.044,25.606
2017-01-05@14:00:00,26.437,26.009,25.580
2017-01-05@11:30:00,26.399,25.979,25.558
2017-01-05@10:30:00,26.381,25.949,25.517
2017-01-04@15:00:00,26.342,25.918,25.494
2017-01-04@14:00:00,26.314,25.889,25.464
2017-01-04@11:30:00,26.282,25.876,25.470
2017-01-04@10:30:00,26.240,25.862,25.483
2017-01-03@15:00:00,26.201,25.847,25.493
2017-01-03@14:00:00,26.262,25.859,25.455
2017-01-03@11:30:00,26.270,25.862,25.453
2017-01-03@10:30:00,26.250,25.853,25.455
2016-12-30@15:00:00,26.188,25.825,25.462
2016-12-30@14:00:00,26.266,25.857,25.448
2016-12-30@11:30:00,26.377,25.896,25.414
2016-12-30@10:30:00,26.738,25.974,25.209
2016-12-29@15:00:00,26.976,26.040,25.103
2016-12-29@14:00:00,27.479,26.154,24.829
2016-12-29@11:30:00,27.668,26.227,24.785
2016-12-29@10:30:00,27.836,26.310,24.784
2016-12-28@15:00:00,27.998,26.401,24.803
2016-12-28@14:00:00,28.089,26.480,24.871
2016-12-28@11:30:00,28.160,26.557,24.954
2016-12-28@10:30:00,28.208,26.638,25.067
2016-12-27@15:00:00,28.218,26.707,25.196
2016-12-27@14:00:00,28.231,26.790,25.348
2016-12-27@11:30:00,28.224,26.842,25.459
2016-12-27@10:30:00,28.215,26.899,25.582
2016-12-26@15:00:00,28.191,26.960,25.729
2016-12-26@14:00:00,28.202,26.998,25.794
2016-12-26@11:30:00,28.168,27.041,25.914
2016-12-26@10:30:00,28.093,27.084,26.075
2016-12-23@15:00:00,27.932,27.140,26.348
2016-12-23@14:00:00,27.880,27.188,26.495
2016-12-23@11:30:00,27.840,27.205,26.570
2016-12-23@10:30:00,27.889,27.160,26.430
2016-12-22@15:00:00,27.985,27.099,26.212
2016-12-22@14:00:00,27.877,26.981,26.084
2016-12-22@11:30:00,27.885,26.902,25.919
2016-12-22@10:30:00,27.831,26.837,25.842
2016-12-21@15:00:00,27.761,26.756,25.750
2016-12-21@14:00:00,27.744,26.678,25.612
2016-12-21@11:30:00,27.678,26.622,25.566
2016-12-21@10:30:00,27.600,26.580,25.560
2016-12-20@15:00:00,27.549,26.536,25.522
2016-12-20@14:00:00,27.507,26.445,25.382
2016-12-20@11:30:00,27.518,26.360,25.201
2016-12-20@10:30:00,27.512,26.257,25.002
2016-12-19@15:00:00,27.430,26.165,24.899
2016-12-19@14:00:00,27.290,26.092,24.893
2016-12-19@11:30:00,27.199,26.060,24.920
2016-12-19@10:30:00,27.133,26.035,24.936
2016-12-16@15:00:00,27.314,26.072,24.830
2016-12-16@14:00:00,27.590,26.120,24.649
2016-12-16@11:30:00,27.866,26.184,24.501
2016-12-16@10:30:00,28.234,26.287,24.339
2016-12-15@15:00:00,28.561,26.408,24.255
2016-12-15@14:00:00,29.003,26.571,24.139
2016-12-15@11:30:00,29.557,26.767,23.977
2016-12-15@10:30:00,30.006,26.946,23.886
2016-12-14@15:00:00,30.335,27.123,23.910
2016-12-14@14:00:00,30.757,27.346,23.934
2016-12-14@11:30:00,31.126,27.548,23.970
2016-12-14@10:30:00,31.467,27.742,24.017
2016-12-13@15:00:00,31.685,27.927,24.169
2016-12-13@14:00:00,31.907,28.178,24.448
2016-12-13@11:30:00,31.995,28.425,24.855
2016-12-13@10:30:00,31.950,28.680,25.409
2016-12-12@15:00:00,31.817,28.913,26.009
2016-12-12@14:00:00,31.745,29.160,26.575
2016-12-12@11:30:00,31.626,29.361,27.095
2016-12-12@10:30:00,31.372,29.568,27.763
2016-12-09@15:00:00,31.321,29.720,28.119
2016-12-09@14:00:00,31.278,29.823,28.368
2016-12-09@11:30:00,31.129,29.889,28.649
2016-12-09@10:30:00,31.043,29.918,28.792
2016-12-08@15:00:00,30.926,29.952,28.977
2016-12-08@14:00:00,30.889,29.973,29.056
2016-12-08@11:30:00,30.905,29.948,28.991
2016-12-08@10:30:00,30.912,29.932,28.952
2016-12-07@15:00:00,30.907,29.945,28.982
2016-12-07@14:00:00,31.160,29.824,28.488
2016-12-07@11:30:00,31.273,29.710,28.146
2016-12-07@10:30:00,31.318,29.590,27.862
2016-12-06@15:00:00,31.342,29.503,27.663
2016-12-06@14:00:00,31.708,29.261,26.814
2016-12-06@11:30:00,31.897,29.035,26.173
2016-12-06@10:30:00,31.980,28.814,25.649
2016-12-05@15:00:00,32.000,28.604,25.208
2016-12-05@14:00:00,31.819,28.372,24.924
2016-12-05@11:30:00,31.631,28.158,24.684
2016-12-05@10:30:00,31.381,27.931,24.481
2016-12-02@15:00:00,31.026,27.695,24.364
2016-12-02@14:00:00,30.671,27.483,24.294
2016-12-02@11:30:00,30.436,27.307,24.177
2016-12-02@10:30:00,30.237,27.152,24.067
2016-12-01@15:00:00,29.997,26.973,23.949
2016-12-01@14:00:00,29.628,26.765,23.902
2016-12-01@11:30:00,29.242,26.559,23.875
2016-12-01@10:30:00,28.737,26.354,23.971
2016-11-30@15:00:00,28.011,26.110,24.209
2016-11-30@14:00:00,27.823,25.938,24.053
2016-11-30@11:30:00,27.543,25.759,23.974
2016-11-30@10:30:00,27.177,25.582,23.986
2016-10-13@15:00:00,26.591,25.395,24.199
2016-10-13@14:00:00,26.600,25.335,24.069
2016-10-13@11:30:00,26.573,25.283,23.992
2016-10-13@10:30:00,26.535,25.233,23.932
2016-10-12@15:00:00,26.484,25.186,23.887
2016-10-12@14:00:00,26.387,25.117,23.847
2016-10-12@11:30:00,26.262,25.053,23.843
2016-10-12@10:30:00,26.152,24.999,23.846
2016-10-11@15:00:00,26.027,24.945,23.862
2016-10-11@14:00:00,25.848,24.878,23.908
2016-10-11@11:30:00,25.668,24.811,23.953
2016-10-11@10:30:00,25.441,24.742,24.043
2016-10-10@15:00:00,25.296,24.696,24.095
2016-10-10@14:00:00,25.217,24.678,24.139
2016-10-10@11:30:00,25.230,24.681,24.131
2016-10-10@10:30:00,25.239,24.682,24.125
2016-09-30@15:00:00,25.312,24.703,24.094
2016-09-30@14:00:00,25.522,24.775,24.027
2016-09-30@11:30:00,25.758,24.861,23.964
2016-09-30@10:30:00,25.891,24.935,23.978
2016-09-29@15:00:00,25.994,25.006,24.017
2016-09-29@14:00:00,26.034,25.061,24.088
2016-09-29@11:30:00,26.087,25.109,24.131
2016-09-29@10:30:00,26.125,25.150,24.175
2016-09-28@15:00:00,26.172,25.194,24.216
2016-09-28@14:00:00,26.194,25.243,24.291
2016-09-28@11:30:00,26.219,25.286,24.353
2016-09-28@10:30:00,26.227,25.319,24.410
2016-09-27@15:00:00,26.228,25.352,24.475
2016-09-27@14:00:00,26.202,25.377,24.552
2016-09-27@11:30:00,26.149,25.414,24.679
2016-09-27@10:30:00,26.073,25.447,24.821
2016-09-26@15:00:00,25.981,25.480,24.979
2016-09-26@14:00:00,25.961,25.489,25.017
2016-09-26@11:30:00,25.970,25.483,24.996
2016-09-26@10:30:00,25.973,25.476,24.979
2016-09-23@15:00:00,25.974,25.475,24.976
2016-09-23@14:00:00,25.950,25.438,24.927
2016-09-23@11:30:00,25.852,25.415,24.979
2016-09-23@10:30:00,25.823,25.408,24.994
2016-09-22@15:00:00,25.880,25.419,24.958
2016-09-22@14:00:00,25.923,25.433,24.944
2016-09-22@11:30:00,25.957,25.444,24.932
2016-09-22@10:30:00,nan,nan,nan
2016-09-21@15:00:00,nan,nan,nan
2016-09-21@14:00:00,nan,nan,nan
2016-09-21@11:30:00,nan,nan,nan
2016-09-21@10:30:00,nan,nan,nan
2016-09-20@15:00:00,nan,nan,nan
2016-09-20@14:00:00,nan,nan,nan
2016-09-20@11:30:00,nan,nan,nan
2016-09-20@10:30:00,nan,nan,nan
2016-09-19@15:00:00,nan,nan,nan
2016-09-19@14:00:00,nan,nan,nan
2016-09-19@11:30:00,nan,nan,nan
2016-09-19@10:30:00,nan,nan,nan
2016-09-14@15:00:00,nan,nan,nan
2016-09-14@14:00:00,nan,nan,nan
2016-09-14@11:30:00,nan,nan,nan
2016-09-14@10:30:00,nan,nan,nan
2016-09-13@15:00:00,nan,nan,nan
2016-09-13@14:00:00,nan,nan,nan
