Not
2017-06-30,-1.656,-1.252,-0.404
2017-06-23,-1.634,-1.151,-0.483
2017-06-16,-1.554,-1.030,-0.524
2017-06-09,-1.479,-0.899,-0.580
2017-06-02,-1.303,-0.754,-0.549
2017-05-26,-1.020,-0.617,-0.403
2017-05-19,-0.781,-0.516,-0.265
2017-05-12,-0.664,-0.450,-0.214
2017-05-05,-0.534,-0.397,-0.138
2017-04-28,-0.397,-0.362,-0.035
2017-04-21,-0.206,-0.354,0.148
2017-04-14,-0.120,-0.390,0.271
2017-04-07,-0.075,-0.458,0.383
2017-03-31,-0.199,-0.554,0.355
2017-03-24,-0.208,-0.643,0.435
2017-03-17,-0.443,-0.751,0.308
2017-03-10,-0.679,-0.828,0.149
2017-03-03,-0.981,-0.865,-0.116
2017-02-24,-1.071,-0.836,-0.234
2017-02-17,-1.127,-0.778,-0.349
2017-02-10,-1.034,-0.691,-0.343
2017-02-03,-1.049,-0.605,-0.444
2017-01-26,-0.901,-0.494,-0.408
2017-01-20,-0.692,-0.392,-0.300
2017-01-13,-0.528,-0.317,-0.211
2017-01-06,-0.328,-0.264,-0.064
2016-12-30,-0.259,-0.248,-0.011
2016-12-23,-0.108,-0.245,0.137
2016-12-16,0.019,-0.279,0.298
2016-12-09,0.088,-0.354,0.441
2016-12-02,0.072,-0.464,0.536
2016-11-25,-0.156,-0.598,0.443
2016-11-18,-0.336,-0.709,0.373
2016-11-11,-0.581,-0.802,0.221
2016-11-04,-0.784,-0.858,0.074
2016-10-28,-0.926,-0.876,-0.050
2016-10-21,-1.007,-0.864,-0.144
2016-10-14,-1.064,-0.828,-0.236
2016-09-30,-1.097,-0.769,-0.328
2016-09-23,-0.960,-0.687,-0.274
2016-09-14,-0.916,-0.618,-0.298
2016-09-09,-0.774,-0.544,-0.230
2016-09-02,-0.799,-0.486,-0.313
2016-08-26,-0.726,-0.408,-0.318
2016-08-19,-0.785,-0.328,-0.457
2016-08-12,-0.708,-0.214,-0.494
2016-08-05,-0.534,-0.090,-0.444
2016-07-29,-0.353,0.021,-0.373
2016-07-22,-0.149,0.114,-0.263
2016-06-28,-0.198,0.180,-0.378
2016-06-24,-0.189,0.274,-0.463
2016-06-17,-0.062,0.390,-0.452
2016-06-08,0.113,0.503,-0.390
2016-06-03,0.203,0.601,-0.398
2016-05-27,0.250,0.700,-0.450
2016-05-20,0.330,0.812,-0.483
2016-05-13,0.712,0.933,-0.221
2016-05-06,1.065,0.988,0.077
2016-04-29,1.320,0.969,0.351
2016-04-22,1.579,0.881,0.698
2016-04-15,1.831,0.707,1.124
2016-04-08,1.658,0.426,1.232
2016-04-01,1.544,0.118,1.425
2016-03-25,1.310,-0.238,1.548
2016-03-18,0.704,-0.625,1.329
2016-03-11,-0.205,-0.958,0.753
2016-03-04,-0.338,-1.146,0.808
2016-02-26,-0.714,-1.348,0.634
2016-02-19,-0.650,-1.506,0.856
2016-02-05,-0.891,-1.720,0.830
2016-01-29,-0.778,-1.928,1.150
2016-01-22,-0.865,-2.215,1.350
2016-01-15,-1.248,-2.553,1.305
2016-01-08,-1.242,-2.879,1.637
2015-12-31,-1.298,-3.288,1.990
2015-12-25,-1.955,-3.786,1.831
2015-12-18,-2.475,-4.243,1.769
2015-12-11,-2.894,-4.686,1.791
2015-12-04,-3.184,-5.133,1.950
2015-11-27,-3.640,-5.621,1.980
2015-11-20,-4.140,-6.116,1.976
2015-11-13,-5.194,-6.610,1.416
2015-11-06,-6.032,-6.964,0.932
2015-10-30,-6.703,-7.197,0.494
2015-10-23,-7.181,-7.321,0.140
2015-10-16,-7.760,-7.355,-0.404
2015-10-09,-8.194,-7.254,-0.940
2015-09-30,-8.445,-7.019,-1.425
2015-09-25,-8.480,-6.663,-1.817
2015-09-18,-8.385,-6.209,-2.177
2015-09-11,-8.084,-5.665,-2.419
2015-09-02,-7.767,-5.060,-2.708
2015-08-28,-7.003,-4.383,-2.620
2015-08-21,-6.310,-3.728,-2.582
2015-08-14,-5.867,-3.083,-2.784
2015-08-07,-5.823,-2.387,-3.437
2015-07-24,-5.254,-1.527,-3.727
2015-07-17,-4.630,-0.596,-4.034
2015-07-10,-3.707,0.413,-4.120
2015-07-03,-2.237,1.443,-3.680
2015-06-26,-0.336,2.363,-2.699
2015-06-19,0.974,3.038,-2.064
2015-06-12,2.278,3.554,-1.276
2015-06-05,2.908,3.872,-0.964
2015-05-29,3.607,4.114,-0.507
2015-05-22,4.357,4.240,0.117
2015-05-15,5.283,4.211,1.072
2015-05-08,4.401,3.943,0.458
2015-04-30,4.047,3.829,0.218
2015-04-24,4.424,3.774,0.650
2015-04-17,4.618,3.612,1.006
2015-04-10,4.625,3.360,1.264
2015-04-03,4.367,3.044,1.322
2015-03-27,3.915,2.714,1.201
2015-03-20,3.418,2.413,1.004
2015-03-13,3.221,2.162,1.059
2015-03-06,3.247,1.898,1.349
2015-02-27,2.989,1.560,1.429
2015-02-17,2.665,1.203,1.461
2015-02-13,1.728,0.838,0.890
2015-02-06,0.939,0.615,0.323
2015-01-30,0.140,0.534,-0.394
2015-01-23,-0.230,0.633,-0.863
2015-01-16,-0.226,0.849,-1.074
2015-01-09,0.014,1.117,-1.103
2014-12-31,0.312,1.393,-1.081
2014-12-26,0.662,1.663,-1.001
2014-12-19,1.216,1.914,-0.698
2014-12-12,1.761,2.088,-0.327
2014-12-05,2.276,2.170,0.106
2014-11-28,2.418,2.143,0.275
2014-11-21,2.524,2.075,0.449
2014-11-14,2.601,1.962,0.638
2014-11-07,2.773,1.803,0.971
2014-10-31,2.518,1.560,0.957
2014-10-24,2.191,1.321,0.870
2014-10-17,2.013,1.103,0.910
2014-10-10,1.840,0.876,0.964
2014-09-30,nan,nan,nan
2014-09-26,nan,nan,nan
2014-09-19,nan,nan,nan
2014-09-12,nan,nan,nan
2014-09-05,nan,nan,nan
2014-08-29,nan,nan,nan
2014-08-22,nan,nan,nan
2014-08-15,nan,nan,nan
2014-08-08,nan,nan,nan
2014-08-01,nan,nan,nan
2014-07-25,nan,nan,nan
2014-07-18,nan,nan,nan
2014-07-11,nan,nan,nan
2014-07-04,nan,nan,nan
2014-06-27,nan,nan,nan
2014-06-20,nan,nan,nan
2014-06-13,nan,nan,nan
2014-06-06,nan,nan,nan
2014-05-30,nan,nan,nan
2014-05-23,nan,nan,nan
2014-05-16,nan,nan,nan
2014-05-09,nan,nan,nan
2014-04-30,nan,nan,nan
2014-04-25,nan,nan,nan
2014-04-18,nan,nan,nan
2014-04-11,nan,nan,nan
2014-04-04,nan,nan,nan
2014-03-28,nan,nan,nan
2014-03-21,nan,nan,nan
2014-03-14,nan,nan,nan
2014-03-07,nan,nan,nan
2014-02-28,nan,nan,nan
2014-02-21,nan,nan,nan
