macd_Golden
2017-06-30,0.236,0.213,0.023
2017-06-29,0.099,0.207,-0.108
2017-06-28,0.048,0.234,-0.186
2017-06-27,-0.044,0.281,-0.325
2017-06-26,-0.079,0.362,-0.441
2017-06-23,-0.042,0.472,-0.514
2017-06-22,0.063,0.600,-0.537
2017-06-21,0.117,0.734,-0.617
2017-06-20,0.200,0.889,-0.689
2017-06-19,0.262,1.061,-0.799
2017-06-16,0.306,1.261,-0.955
2017-06-15,0.341,1.500,-1.159
2017-06-14,0.322,1.789,-1.467
2017-06-13,nan,nan,nan
2017-06-12,nan,nan,nan
2017-06-09,nan,nan,nan
2017-06-08,nan,nan,nan
2017-06-07,nan,nan,nan
2017-06-06,nan,nan,nan
2017-06-05,nan,nan,nan
2017-06-02,nan,nan,nan
2017-06-01,nan,nan,nan
2017-05-31,nan,nan,nan
2017-05-26,nan,nan,nan
2017-05-25,nan,nan,nan
2017-05-24,nan,nan,nan
2017-05-23,nan,nan,nan
2017-05-22,nan,nan,nan
2017-05-19,nan,nan,nan
2017-05-18,nan,nan,nan
2017-05-17,nan,nan,nan
2017-05-16,nan,nan,nan
2017-05-15,nan,nan,nan
2017-05-12,nan,nan,nan
2017-05-11,nan,nan,nan
2017-05-10,nan,nan,nan
2017-05-09,nan,nan,nan
2017-05-08,nan,nan,nan
2017-05-05,nan,nan,nan
2017-05-04,nan,nan,nan
2017-05-03,nan,nan,nan
2017-05-02,nan,nan,nan
2017-04-28,nan,nan,nan
2017-04-27,nan,nan,nan
2017-04-26,nan,nan,nan
2017-04-25,nan,nan,nan
