2017-06-30,16.255,15.719,15.183
2017-06-29,16.237,15.705,15.172
2017-06-28,16.189,15.690,15.190
2017-06-27,16.122,15.665,15.208
2017-06-26,16.102,15.643,15.184
2017-06-23,16.089,15.648,15.207
2017-06-22,16.122,15.637,15.152
2017-06-21,16.156,15.610,15.063
2017-06-20,16.215,15.574,14.933
2017-06-19,16.246,15.549,14.852
2017-06-16,16.238,15.540,14.841
2017-06-15,16.266,15.557,14.848
2017-06-14,16.294,15.568,14.842
2017-06-13,16.366,15.594,14.822
2017-06-12,16.531,15.636,14.740
2017-06-09,16.693,15.675,14.657
2017-06-08,16.762,15.694,14.626
2017-06-07,16.920,15.743,14.566
2017-06-06,17.165,15.815,14.465
2017-06-05,17.465,15.914,14.363
2017-06-02,17.712,16.015,14.317
2017-06-01,17.872,16.099,14.326
2017-05-31,18.048,16.182,14.315
2017-05-26,18.179,16.266,14.353
2017-05-25,18.263,16.353,14.443
2017-05-24,18.269,16.421,14.573
2017-05-23,18.272,16.518,14.763
2017-05-22,18.296,16.635,14.974
2017-05-19,18.583,16.842,15.100
2017-05-18,18.841,17.052,15.263
2017-05-17,18.940,17.208,15.476
2017-05-16,19.041,17.342,15.643
2017-05-15,19.085,17.461,15.837
2017-05-12,19.080,17.553,16.026
2017-05-11,19.131,17.634,16.136
2017-05-10,19.199,17.716,16.232
2017-05-09,19.301,17.832,16.362
2017-05-08,19.375,17.928,16.481
2017-05-05,19.501,18.016,16.530
2017-05-04,19.652,18.096,16.539
2017-05-03,19.705,18.151,16.596
2017-05-02,19.690,18.182,16.673
2017-04-28,19.685,18.209,16.732
2017-04-27,19.672,18.252,16.831
2017-04-26,19.631,18.299,16.967
2017-04-25,19.474,18.379,17.284
2017-04-24,19.388,18.474,17.559
2017-04-21,19.335,18.547,17.759
2017-04-20,19.326,18.544,17.762
2017-04-19,19.257,18.522,17.786
2017-04-18,19.263,18.496,17.729
2017-04-17,19.319,18.448,17.577
2017-04-14,19.369,18.407,17.445
2017-04-13,19.412,18.380,17.348
2017-04-12,19.455,18.337,17.218
2017-04-11,19.477,18.284,17.090
2017-04-10,19.460,18.194,16.927
2017-04-07,19.414,18.122,16.830
2017-04-06,19.308,18.037,16.765
2017-04-05,19.145,17.935,16.725
2017-03-31,19.068,17.859,16.650
2017-03-30,19.059,17.832,16.605
2017-03-29,19.041,17.816,16.591
2017-03-28,19.022,17.806,16.590
2017-03-27,19.010,17.800,16.589
2017-03-24,18.965,17.770,16.574
2017-03-23,18.804,17.721,16.638
2017-03-22,18.606,17.663,16.719
2017-03-21,18.370,17.611,16.851
2017-03-20,18.148,17.566,16.983
2017-03-17,18.170,17.571,16.971
2017-03-16,18.199,17.587,16.974
2017-03-15,18.261,17.615,16.968
2017-03-14,18.326,17.647,16.968
2017-03-13,18.520,17.713,16.905
2017-03-10,18.555,17.748,16.941
2017-03-09,18.537,17.788,17.039
2017-03-08,18.578,17.770,16.962
2017-03-07,18.719,17.724,16.728
2017-03-06,18.815,17.685,16.555
2017-03-03,18.895,17.646,16.398
2017-03-02,19.038,17.572,16.105
2017-03-01,19.126,17.479,15.831
2017-02-28,19.139,17.374,15.609
2017-02-27,19.109,17.277,15.446
2017-02-24,19.098,17.197,15.296
2017-02-23,19.034,17.106,15.178
2017-02-22,18.988,17.018,15.048
2017-02-21,18.914,16.913,14.911
2017-02-20,18.865,16.786,14.708
2017-02-17,18.711,16.656,14.601
2017-02-16,18.576,16.534,14.492
2017-02-15,18.370,16.401,14.432
2017-02-14,18.111,16.267,14.422
2017-02-13,17.609,16.097,14.585
2017-02-10,17.193,15.981,14.768
2017-02-09,16.713,15.867,15.020
2017-02-08,16.488,15.789,15.090
2017-02-07,16.403,15.743,15.083
2017-02-06,16.305,15.688,15.071
2017-02-03,16.198,15.629,15.060
2017-01-26,16.182,15.622,15.061
2017-01-25,16.176,15.619,15.062
2017-01-24,16.196,15.625,15.054
2017-01-23,16.229,15.633,15.036
2017-01-20,16.207,15.582,14.956
2017-01-19,16.155,15.526,14.897
2017-01-18,16.190,15.455,14.719
2017-01-17,16.328,15.366,14.403
2017-01-16,16.440,15.300,14.159
2017-01-13,16.467,15.234,14.000
2017-01-12,16.488,15.169,13.849
2017-01-11,16.493,15.105,13.716
2017-01-10,16.459,15.069,13.678
2017-01-09,16.433,15.037,13.641
2017-01-06,16.348,14.986,13.623
2017-01-05,16.283,14.918,13.553
2017-01-04,16.229,14.874,13.518
2017-01-03,16.165,14.818,13.471
2016-12-30,16.115,14.768,13.422
2016-12-29,16.222,14.803,13.383
2016-12-28,16.249,14.809,13.370
2016-12-27,16.297,14.821,13.346
2016-12-26,16.517,14.864,13.212
2016-12-23,16.606,14.884,13.162
2016-12-22,16.662,14.913,13.164
2016-12-21,16.688,14.930,13.172
2016-12-20,16.725,14.969,13.214
2016-12-19,16.778,15.056,13.334
2016-12-16,16.821,15.147,13.474
2016-12-15,16.839,15.216,13.594
2016-12-14,16.886,15.310,13.734
2016-12-13,16.885,15.393,13.902
2016-12-12,16.935,15.457,13.979
2016-12-09,16.967,15.520,14.073
2016-12-08,16.959,15.558,14.158
2016-12-07,16.888,15.601,14.314
2016-12-06,16.943,15.582,14.220
2016-12-05,17.021,15.557,14.093
2016-12-02,17.050,15.546,14.042
2016-12-01,17.082,15.456,13.830
2016-11-30,17.055,15.387,13.719
2016-11-29,17.140,15.244,13.349
2016-11-28,16.956,15.078,13.199
2016-11-25,16.792,14.921,13.049
2016-11-24,16.767,14.811,12.855
2016-11-23,16.717,14.742,12.766
2016-11-22,16.659,14.675,12.691
2016-11-21,16.535,14.593,12.651
2016-11-18,16.402,14.539,12.675
2016-11-17,16.282,14.478,12.674
2016-11-16,16.067,14.348,12.628
2016-11-15,15.861,14.225,12.588
2016-11-14,15.573,14.082,12.590
2016-11-11,15.344,13.894,12.445
2016-11-10,15.185,13.724,12.263
2016-11-09,15.133,13.550,11.967
2016-11-08,15.264,13.402,11.541
2016-11-07,15.341,13.273,11.205
2016-11-04,15.341,13.131,10.922
2016-11-03,15.323,12.980,10.637
2016-11-02,15.189,12.808,10.428
2016-11-01,15.196,12.701,10.206
2016-10-31,15.135,12.580,10.025
2016-10-28,15.067,12.458,9.850
2016-10-27,14.967,12.360,9.753
2016-10-26,14.766,12.236,9.707
2016-10-25,14.529,12.106,9.683
2016-10-24,14.237,11.975,9.713
2016-10-21,13.704,11.807,9.910
2016-10-20,13.156,11.648,10.141
2016-10-19,12.828,11.548,10.269
2016-10-18,12.438,11.457,10.476
2016-10-17,12.026,11.388,10.750
2016-10-14,11.916,11.366,10.817
2016-10-13,11.857,11.356,10.855
2016-10-12,11.862,11.357,10.853
2016-10-11,11.890,11.379,10.868
2016-10-10,11.983,11.415,10.846
2016-09-30,12.049,11.447,10.846
2016-09-29,12.110,11.495,10.880
2016-09-28,12.166,11.544,10.922
2016-09-27,12.222,11.598,10.975
2016-09-26,12.224,11.634,11.044
2016-09-23,12.222,11.683,11.144
2016-09-22,12.315,11.726,11.138
2016-09-21,12.371,11.762,11.154
2016-09-20,12.445,11.812,11.179
2016-09-19,12.577,11.872,11.166
2016-09-14,12.577,11.910,11.242
2016-09-13,12.537,11.954,11.371
2016-09-12,12.507,11.970,11.432
2016-09-09,12.486,11.983,11.479
2016-09-08,12.549,11.958,11.366
2016-09-07,12.640,11.919,11.198
2016-09-06,12.684,11.881,11.078
2016-09-05,12.720,11.854,10.987
2016-09-02,12.798,11.810,10.822
2016-09-01,12.856,11.742,10.628
2016-08-31,12.892,11.677,10.461
2016-08-30,12.895,11.610,10.324
2016-08-29,12.870,11.543,10.217
2016-08-26,12.824,11.470,10.115
2016-08-25,12.790,11.420,10.051
2016-08-24,12.728,11.362,9.997
2016-08-23,12.605,11.283,9.962
2016-08-22,12.482,11.214,9.947
2016-08-19,12.302,11.132,9.962
2016-08-18,11.990,11.035,10.080
2016-08-17,11.796,10.973,10.150
2016-08-16,11.559,10.911,10.263
2016-08-15,11.409,10.871,10.334
2016-08-12,11.175,10.828,10.481
2016-08-11,11.115,10.815,10.515
2016-08-10,11.106,10.812,10.518
2016-08-09,11.092,10.809,10.526
2016-08-08,11.066,10.803,10.541
2016-08-05,11.067,10.801,10.535
2016-08-04,11.063,10.803,10.544
2016-08-03,11.055,10.811,10.568
2016-08-02,11.050,10.816,10.582
2016-08-01,11.059,10.826,10.594
2016-07-29,11.054,10.829,10.605
2016-07-28,11.082,10.811,10.540
2016-07-27,11.091,10.796,10.501
2016-07-26,11.100,10.804,10.509
2016-07-25,11.110,10.790,10.470
2016-07-22,11.135,10.775,10.415
2016-07-21,11.166,10.756,10.346
2016-07-20,11.156,10.742,10.329
2016-07-19,11.147,10.728,10.310
2016-07-18,11.130,10.707,10.284
2016-07-15,11.108,10.689,10.270
2016-07-14,11.069,10.665,10.262
2016-07-13,11.033,10.643,10.253
2016-07-12,10.962,10.620,10.278
2016-07-11,10.894,10.593,10.292
2016-07-08,10.887,10.577,10.267
2016-07-07,10.951,10.593,10.236
2016-07-06,10.992,10.604,10.216
2016-07-05,11.040,10.617,10.195
2016-07-04,11.057,10.621,10.186
2016-07-01,11.104,10.637,10.170
2016-06-30,11.155,10.664,10.174
2016-06-29,11.195,10.687,10.180
2016-06-28,11.175,10.675,10.175
2016-06-27,11.174,10.676,10.179
2016-06-24,11.170,10.685,10.200
2016-06-23,11.157,10.700,10.244
2016-06-22,11.160,10.707,10.253
2016-06-21,11.176,10.722,10.268
2016-06-20,11.179,10.738,10.297
2016-06-17,11.179,10.748,10.317
2016-06-16,11.179,10.762,10.345
2016-06-15,11.196,10.787,10.378
2016-06-14,11.235,10.813,10.391
2016-06-13,11.255,10.846,10.437
2016-06-08,11.245,10.882,10.519
2016-06-07,11.307,10.899,10.490
2016-06-06,11.302,10.896,10.489
2016-06-03,11.290,10.884,10.477
2016-06-02,11.302,10.888,10.474
2016-06-01,11.440,10.919,10.397
2016-05-31,11.554,10.949,10.343
2016-05-30,11.677,10.985,10.292
2016-05-27,11.721,11.023,10.325
2016-05-26,11.766,11.072,10.377
2016-05-25,11.822,11.125,10.427
2016-05-24,11.892,11.181,10.470
2016-05-23,11.920,11.224,10.528
2016-05-20,11.961,11.263,10.564
2016-05-19,11.989,11.305,10.621
2016-05-18,12.023,11.358,10.693
2016-05-17,12.107,11.423,10.739
2016-05-16,12.195,11.479,10.763
2016-05-13,12.337,11.543,10.748
2016-05-12,12.491,11.613,10.735
2016-05-11,12.588,11.679,10.769
2016-05-10,12.641,11.722,10.802
2016-05-09,12.672,11.794,10.915
2016-05-06,12.615,11.862,11.109
2016-05-05,12.596,11.918,11.240
2016-05-04,12.663,11.960,11.257
2016-05-03,12.749,12.009,11.269
2016-04-29,12.770,12.036,11.301
2016-04-28,12.754,12.076,11.397
2016-04-27,12.735,12.106,11.476
2016-04-26,12.721,12.115,11.509
2016-04-25,12.714,12.129,11.543
2016-04-22,12.690,12.162,11.634
2016-04-21,12.656,12.183,11.709
2016-04-20,12.624,12.216,11.807
2016-04-19,12.603,12.241,11.878
2016-04-18,12.672,12.270,11.868
2016-04-15,12.687,12.260,11.833
2016-04-14,12.702,12.230,11.757
2016-04-13,12.691,12.189,11.686
2016-04-12,12.701,12.148,11.595
2016-04-11,12.720,12.120,11.519
2016-04-08,12.738,12.072,11.406
2016-04-07,12.778,12.029,11.280
2016-04-06,12.762,12.003,11.243
2016-04-05,12.703,11.967,11.230
2016-04-01,12.603,11.923,11.243
2016-03-31,12.567,11.903,11.239
2016-03-30,12.536,11.870,11.203
2016-03-29,12.515,11.837,11.159
2016-03-28,12.606,11.784,10.962
2016-03-25,12.679,11.711,10.743
2016-03-24,12.649,11.641,10.632
2016-03-23,12.641,11.573,10.505
2016-03-22,12.573,11.550,10.527
2016-03-21,12.480,11.516,10.552
2016-03-18,12.299,11.476,10.652
2016-03-17,12.262,11.461,10.659
2016-03-16,12.245,11.453,10.661
2016-03-15,12.258,11.458,10.658
2016-03-14,12.252,11.426,10.600
2016-03-11,12.277,11.373,10.469
2016-03-10,12.281,11.343,10.404
2016-03-09,12.283,11.322,10.361
2016-03-08,12.254,11.274,10.294
2016-03-07,12.205,11.225,10.245
2016-03-04,12.162,11.163,10.164
2016-03-03,12.069,11.110,10.151
2016-03-02,12.039,11.053,10.066
2016-03-01,11.996,11.028,10.059
2016-02-29,11.996,11.028,10.059
2016-02-26,12.111,11.095,10.078
2016-02-25,12.249,11.157,10.064
2016-02-24,12.314,11.211,10.107
2016-02-23,12.536,11.258,9.980
2016-02-22,12.559,11.268,9.976
2016-02-19,12.490,11.212,9.933
2016-02-18,12.451,11.163,9.875
2016-02-17,12.415,11.144,9.872
2016-02-16,12.338,11.102,9.866
2016-02-15,12.394,11.137,9.880
2016-02-05,12.404,11.175,9.945
2016-02-04,12.433,11.210,9.986
2016-02-03,12.447,11.233,10.019
2016-02-02,12.626,11.321,10.016
2016-02-01,12.710,11.389,10.067
2016-01-29,12.782,11.476,10.170
2016-01-28,13.121,11.607,10.093
2016-01-27,13.374,11.762,10.149
2016-01-26,13.618,11.887,10.155
2016-01-25,13.793,12.019,10.245
2016-01-22,14.085,12.122,10.158
2016-01-21,14.281,12.203,10.124
2016-01-20,14.501,12.308,10.115
2016-01-19,14.673,12.368,10.062
2016-01-18,14.900,12.485,10.069
2016-01-15,14.988,12.640,10.292
2016-01-14,15.015,12.801,10.586
2016-01-13,15.044,12.923,10.801
2016-01-12,14.998,13.055,11.112
2016-01-11,15.027,13.165,11.303
2016-01-08,14.919,13.265,11.610
2016-01-07,14.796,13.356,11.915
2016-01-06,14.566,13.463,12.359
2016-01-05,14.519,13.510,12.502
2016-01-04,14.419,13.610,12.801
2015-12-31,14.256,13.704,13.153
2015-12-30,14.419,13.763,13.108
2015-12-29,14.588,13.825,13.063
2015-12-28,14.613,13.858,13.103
2015-12-25,14.604,13.873,13.142
2015-12-24,14.619,13.881,13.143
2015-12-23,15.021,13.976,12.932
2015-12-22,15.402,14.075,12.748
2015-12-21,15.741,14.175,12.609
2015-12-18,16.096,14.281,12.467
2015-12-17,16.311,14.382,12.453
2015-12-16,16.509,14.485,12.462
2015-12-15,16.639,14.586,12.534
2015-12-14,16.825,14.713,12.601
2015-12-11,17.015,14.835,12.654
2015-12-10,17.046,14.955,12.865
2015-12-09,17.098,15.095,13.092
2015-12-08,17.160,15.236,13.312
2015-12-07,17.155,15.374,13.594
2015-12-04,17.250,15.498,13.746
2015-12-03,17.318,15.620,13.923
2015-12-02,17.413,15.725,14.037
2015-12-01,17.391,15.753,14.116
2015-11-30,17.334,15.776,14.218
2015-11-27,17.201,15.812,14.424
2015-11-26,17.145,15.828,14.511
2015-11-25,17.238,15.763,14.288
2015-11-24,17.275,15.691,14.108
2015-11-23,17.243,15.652,14.061
2015-11-20,17.175,15.590,14.005
2015-11-19,17.145,15.549,13.953
2015-11-18,17.112,15.524,13.937
2015-11-17,17.093,15.503,13.914
2015-11-16,17.059,15.407,13.755
2015-11-13,17.157,15.239,13.322
2015-11-12,17.211,15.114,13.018
2015-11-11,17.201,14.957,12.713
2015-11-10,17.134,14.778,12.422
2015-11-09,17.015,14.608,12.202
2015-11-06,16.762,14.426,12.091
2015-11-05,16.497,14.213,11.930
2015-11-04,16.130,13.992,11.854
2015-11-03,16.063,13.820,11.578
2015-11-02,16.059,13.682,11.306
2015-10-30,15.997,13.574,11.152
2015-10-29,15.917,13.469,11.022
2015-10-28,15.828,13.386,10.944
2015-10-27,15.712,13.288,10.864
2015-10-26,15.435,13.171,10.908
2015-10-23,15.162,13.065,10.969
2015-10-22,14.840,12.949,11.058
2015-10-21,14.319,12.800,11.282
2015-10-20,13.675,12.655,11.636
2015-10-19,13.366,12.522,11.678
2015-10-16,13.352,12.517,11.682
2015-10-15,13.250,12.478,11.706
2015-10-14,13.204,12.460,11.716
2015-10-13,13.220,12.466,11.712
2015-10-12,13.197,12.456,11.716
2015-10-09,13.157,12.442,11.728
2015-10-08,13.460,12.519,11.578
2015-09-30,13.478,12.542,11.606
2015-09-29,13.456,12.560,11.664
2015-09-28,13.436,12.570,11.704
2015-09-25,13.622,12.502,11.382
2015-09-24,13.947,12.386,10.825
2015-09-23,13.981,12.300,10.620
2015-09-22,13.964,12.283,10.603
2015-09-21,14.043,12.310,10.577
2015-09-18,14.220,12.361,10.503
2015-09-17,14.515,12.448,10.381
2015-09-16,14.725,12.531,10.338
2015-09-15,15.298,12.700,10.102
2015-09-14,15.822,12.920,10.018
2015-09-11,16.300,13.083,9.867
2015-09-10,16.713,13.264,9.816
2015-09-09,17.068,13.435,9.803
2015-09-08,17.439,13.609,9.780
2015-09-07,17.557,13.720,9.883
2015-09-02,17.635,13.814,9.994
2015-09-01,17.737,13.876,10.015
2015-08-31,17.875,14.005,10.136
2015-08-28,17.950,14.146,10.343
2015-08-27,17.945,14.269,10.593
2015-08-26,17.773,14.428,11.084
2015-08-25,17.340,14.676,12.012
2015-08-24,16.897,14.828,12.760
2015-08-21,16.620,14.959,13.299
2015-08-20,16.718,15.109,13.500
2015-08-19,16.943,15.254,13.566
2015-08-18,17.145,15.372,13.599
2015-08-17,17.466,15.544,13.623
2015-08-14,17.692,15.623,13.554
2015-08-13,17.821,15.674,13.526
2015-08-12,17.869,15.696,13.522
2015-08-11,17.873,15.698,13.523
2015-08-10,17.911,15.718,13.524
2015-08-07,18.250,15.812,13.374
2015-08-06,18.618,15.988,13.357
2015-08-05,18.693,16.113,13.532
2015-08-04,18.687,16.133,13.578
2015-08-03,18.698,16.114,13.529
2015-07-31,18.819,16.040,13.261
2015-07-30,19.001,15.959,12.916
2015-07-29,18.992,15.966,12.939
2015-07-28,19.001,16.009,13.016
2015-07-27,19.104,16.190,13.275
2015-07-24,19.192,16.318,13.443
2015-07-23,19.170,16.285,13.400
2015-07-22,19.118,16.191,13.263
2015-07-21,19.057,16.137,13.217
2015-07-20,18.886,16.029,13.172
2015-07-17,18.740,15.920,13.099
2015-07-16,18.702,15.903,13.104
2015-07-15,18.890,15.970,13.050
2015-07-14,19.002,16.029,13.055
2015-07-13,19.349,16.146,12.944
2015-07-10,19.465,16.177,12.888
2015-07-09,19.630,16.217,12.804
2015-07-08,19.970,16.327,12.683
2015-07-07,20.391,16.525,12.659
2015-07-06,20.916,16.794,12.672
2015-07-03,21.382,17.163,12.943
2015-07-02,21.290,17.483,13.675
2015-07-01,21.381,17.757,14.132
2015-06-30,21.465,17.916,14.366
2015-06-29,21.527,17.968,14.409
2015-06-26,21.543,17.996,14.449
2015-06-25,21.533,18.136,14.738
2015-06-24,21.637,18.414,15.191
2015-06-23,21.921,18.697,15.473
2015-06-19,22.050,18.995,15.940
2015-06-18,21.792,19.257,16.722
2015-06-17,21.628,19.395,17.162
2015-06-16,21.595,19.472,17.349
2015-06-15,21.462,19.594,17.726
2015-06-12,21.528,19.552,17.576
2015-06-11,21.557,19.524,17.490
2015-06-10,21.587,19.474,17.362
2015-06-09,21.591,19.438,17.285
2015-06-08,21.578,19.421,17.264
2015-06-05,21.480,19.346,17.211
2015-06-04,21.260,19.217,17.173
2015-06-03,21.358,19.108,16.857
2015-06-02,21.300,19.068,16.835
2015-06-01,21.390,19.119,16.848
2015-05-29,21.839,19.282,16.724
2015-05-28,22.127,19.468,16.808
2015-05-27,22.377,19.616,16.854
2015-05-26,22.753,19.719,16.685
2015-05-25,23.137,19.811,16.484
2015-05-22,23.246,19.844,16.442
2015-05-21,23.364,19.898,16.432
2015-05-20,23.546,20.009,16.472
2015-05-19,23.716,20.120,16.524
2015-05-18,24.160,20.303,16.446
2015-05-15,24.296,20.517,16.738
2015-05-14,24.257,20.624,16.991
2015-05-13,24.226,20.768,17.310
2015-05-12,24.175,20.876,17.577
2015-05-11,24.148,20.916,17.683
2015-05-08,24.119,20.936,17.753
2015-05-07,24.098,20.946,17.794
2015-05-06,23.759,21.071,18.383
2015-05-05,23.885,21.024,18.164
2015-05-04,24.070,20.916,17.761
2015-04-30,24.053,20.736,17.419
2015-04-29,23.999,20.591,17.182
2015-04-28,23.940,20.441,16.941
2015-04-27,23.721,20.207,16.692
2015-04-24,23.481,19.861,16.240
2015-04-23,23.586,19.499,15.412
2015-04-22,23.615,19.173,14.730
2015-04-21,23.445,18.861,14.277
2015-04-20,23.185,18.547,13.908
2015-04-17,22.472,18.117,13.761
2015-04-16,21.878,17.762,13.646
2015-04-15,21.687,17.442,13.197
2015-04-14,21.272,17.076,12.880
2015-04-13,20.872,16.709,12.545
2015-04-10,20.535,16.372,12.208
2015-04-09,20.264,16.060,11.855
2015-04-08,20.051,15.766,11.480
2015-04-07,19.523,15.431,11.338
2015-04-03,19.223,15.180,11.137
2015-04-02,18.897,14.933,10.969
2015-04-01,18.382,14.701,11.019
2015-03-31,17.668,14.457,11.246
2015-03-30,16.869,14.245,11.621
2015-03-27,16.045,14.029,12.013
2015-03-26,15.632,13.906,12.180
2015-03-25,15.522,13.843,12.164
2015-03-24,15.441,13.714,11.987
2015-03-23,15.246,13.545,11.843
2015-03-20,14.996,13.374,11.751
2015-03-19,14.839,13.231,11.623
2015-03-18,14.530,13.071,11.611
2015-03-17,14.443,12.970,11.496
2015-03-16,14.358,12.892,11.425
2015-03-13,14.357,12.809,11.260
2015-03-12,14.382,12.717,11.051
2015-03-11,14.422,12.626,10.829
2015-03-10,14.415,12.579,10.743
2015-03-09,14.411,12.504,10.597
2015-03-06,14.406,12.403,10.400
2015-03-05,14.354,12.361,10.367
2015-03-04,14.230,12.316,10.401
2015-03-03,14.109,12.281,10.453
2015-03-02,13.930,12.243,10.555
2015-02-27,13.810,12.209,10.607
2015-02-26,13.631,12.166,10.701
2015-02-25,13.440,12.112,10.783
2015-02-17,13.478,12.129,10.780
2015-02-16,13.478,12.129,10.779
2015-02-13,13.476,12.126,10.775
2015-02-12,13.615,12.190,10.764
2015-02-11,13.753,12.259,10.764
2015-02-10,13.809,12.302,10.794
2015-02-09,13.972,12.371,10.769
2015-02-06,14.176,12.482,10.788
2015-02-05,14.380,12.624,10.867
2015-02-04,14.369,12.731,11.092
2015-02-03,14.521,12.847,11.173
2015-02-02,14.480,12.945,11.409
2015-01-30,14.334,13.073,11.811
2015-01-29,14.383,13.164,11.945
2015-01-28,14.481,13.226,11.971
2015-01-27,14.616,13.284,11.951
2015-01-26,14.657,13.303,11.948
2015-01-23,14.708,13.347,11.986
2015-01-22,14.721,13.326,11.930
2015-01-21,14.708,13.369,12.029
2015-01-20,14.698,13.392,12.085
2015-01-19,14.703,13.508,12.312
2015-01-16,14.532,13.564,12.596
2015-01-15,14.649,13.512,12.375
2015-01-14,14.801,13.437,12.073
2015-01-13,15.005,13.359,11.713
2015-01-12,15.323,13.193,11.063
2015-01-09,15.532,12.995,10.457
2015-01-08,15.750,12.737,9.724
2015-01-07,16.073,12.482,8.892
2015-01-06,16.213,12.169,8.125
2015-01-05,16.426,11.859,7.292
2014-12-31,16.443,11.550,6.658
2014-12-30,16.327,11.219,6.111
2014-12-29,16.097,10.885,5.673
2014-12-26,15.735,10.532,5.329
2014-12-25,15.337,10.218,5.099
2014-12-24,14.880,9.893,4.905
2014-12-23,14.574,9.639,4.703
2014-12-22,14.060,9.347,4.634
2014-12-19,13.509,9.054,4.599
2014-12-18,12.531,8.670,4.808
2014-12-17,11.766,8.338,4.911
2014-12-16,11.090,8.051,5.012
2014-12-15,10.363,7.792,5.220
2014-12-12,9.642,7.545,5.447
2014-12-11,9.107,7.348,5.589
2014-12-10,8.522,7.179,5.835
2014-12-09,8.129,7.055,5.981
2014-12-08,7.936,6.969,6.002
2014-12-05,7.815,6.928,6.040
2014-12-04,7.796,6.906,6.015
2014-12-03,7.743,6.877,6.011
2014-12-02,7.720,6.823,5.926
2014-12-01,7.681,6.764,5.847
2014-11-28,7.711,6.682,5.653
2014-11-27,7.718,6.557,5.396
2014-11-26,7.712,6.448,5.183
2014-11-25,7.683,6.312,4.940
2014-11-24,7.610,6.169,4.727
2014-11-21,7.563,6.025,4.487
2014-11-20,7.567,5.919,4.271
2014-11-19,7.560,5.828,4.096
2014-11-18,7.533,5.734,3.935
2014-11-17,7.453,5.634,3.815
2014-11-14,7.391,5.550,3.708
2014-11-13,7.314,5.465,3.616
2014-11-12,7.185,5.374,3.563
2014-11-11,7.033,5.280,3.526
2014-11-10,6.873,5.189,3.504
2014-11-07,6.556,5.071,3.585
2014-11-06,6.273,4.974,3.674
2014-11-05,5.868,4.875,3.881
2014-11-04,5.595,4.802,4.009
2014-11-03,5.240,4.732,4.225
2014-10-31,5.025,4.693,4.360
2014-10-30,4.954,4.673,4.392
2014-10-29,4.849,4.654,4.458
2014-10-28,4.844,4.652,4.459
2014-10-27,4.845,4.646,4.447
2014-10-24,4.830,4.652,4.473
2014-10-23,4.822,4.656,4.491
2014-10-22,4.830,4.652,4.475
2014-10-21,4.826,4.656,4.487
2014-10-20,4.828,4.655,4.482
2014-10-17,4.880,4.636,4.393
2014-10-16,4.929,4.614,4.300
2014-10-15,4.958,4.587,4.216
2014-10-14,4.978,4.562,4.146
2014-10-13,4.985,4.538,4.091
2014-10-10,4.989,4.515,4.041
2014-10-09,4.979,4.485,3.991
2014-10-08,4.944,4.449,3.955
2014-09-30,4.919,4.417,3.915
2014-09-29,4.887,4.382,3.877
2014-09-26,4.840,4.345,3.849
2014-09-25,4.803,4.309,3.814
2014-09-24,4.741,4.274,3.807
2014-09-23,4.669,4.240,3.812
2014-09-22,4.631,4.218,3.804
2014-09-19,4.588,4.196,3.803
2014-09-18,4.518,4.170,3.822
2014-09-17,4.468,4.152,3.835
2014-09-16,4.364,4.128,3.891
2014-09-15,4.239,4.108,3.977
2014-09-12,4.218,4.104,3.989
2014-09-11,4.215,4.103,3.990
2014-09-10,4.210,4.100,3.990
2014-09-09,4.212,4.091,3.970
2014-09-05,4.206,4.082,3.957
2014-09-04,4.207,4.070,3.932
2014-09-03,4.213,4.059,3.904
2014-09-02,4.208,4.053,3.897
2014-09-01,4.205,4.048,3.891
2014-08-29,4.204,4.046,3.888
2014-08-28,4.207,4.042,3.877
2014-08-27,4.207,4.041,3.875
2014-08-26,4.211,4.034,3.858
2014-08-25,4.209,4.030,3.850
2014-08-22,4.205,4.024,3.844
2014-08-21,4.208,4.013,3.817
2014-08-20,4.209,3.998,3.788
2014-08-19,4.206,3.981,3.756
2014-08-18,4.200,3.961,3.722
2014-08-15,4.182,3.938,3.693
2014-08-14,4.153,3.915,3.677
2014-08-13,4.120,3.891,3.663
2014-08-12,4.092,3.873,3.653
2014-08-11,4.089,3.858,3.626
2014-08-08,4.082,3.841,3.600
2014-08-07,4.083,3.826,3.568
2014-08-06,4.086,3.809,3.533
2014-08-05,4.071,3.788,3.506
2014-08-04,4.047,3.769,3.491
2014-08-01,4.016,3.748,3.480
2014-07-31,3.992,3.731,3.469
2014-07-30,3.960,3.712,3.464
2014-07-29,3.933,3.696,3.458
2014-07-28,nan,nan,nan
2014-07-25,nan,nan,nan
2014-07-24,nan,nan,nan
2014-07-23,nan,nan,nan
2014-07-22,nan,nan,nan
2014-07-21,nan,nan,nan
2014-07-18,nan,nan,nan
2014-07-17,nan,nan,nan
2014-07-16,nan,nan,nan
2014-07-15,nan,nan,nan
2014-07-14,nan,nan,nan
2014-07-11,nan,nan,nan
2014-07-10,nan,nan,nan
2014-07-09,nan,nan,nan
2014-07-08,nan,nan,nan
2014-07-07,nan,nan,nan
2014-07-04,nan,nan,nan
2014-07-03,nan,nan,nan
2014-07-02,nan,nan,nan
