date,open,high,close,low,volume,price_change,p_change,ma5,ma10,ma20,v_ma5,v_ma10,v_ma20,turnover
2016-12-21 15:00:00,73.92,74.07,74.06,73.83,2361.1,0.14,0.19,73.62,73.514,73.286,1446.08,1340.14,1212.72,1.18
2016-12-21 14:30:00,73.72,74.09,73.81,73.49,1271.0,0.09,0.12,73.492,73.388,73.2585,1204.8,1178.43,1126.46,0.64
2016-12-21 14:00:00,73.29,74.0,73.72,73.26,2200.0,0.43,0.59,73.494,73.307,73.246,1151.26,1130.33,1127.02,1.1
2016-12-21 13:30:00,73.23,73.62,73.29,73.23,512.0,0.06,0.08,73.546,73.243,73.2655,1107.06,985.03,601.98,0.26
2016-12-21 11:30:00,73.42,73.44,73.22,73.12,886.3,-0.2,-0.27,73.508,73.244,73.2985,1264.46,1019.13,1141.56,0.44
2016-12-21 11:00:00,73.82,73.83,73.42,73.2,1154.68,-0.4,-0.54,73.408,73.243,73.335,1234.2,1062.6,1193.09,0.58
2016-12-21 10:30:00,74.0,74.0,73.82,73.5,1003.32,-0.18,-0.24,73.284,73.171,73.382,1152.06,1060.93,1242.51,0.5
2016-12-21 10:00:00,73.77,74.29,73.98,73.39,1979.0,0.21,0.28,73.12,73.065,73.378,1109.4,1089.19,1246.14,0.99
2016-12-20 15:00:00,72.75,73.35,73.1,72.72,1299.0,0.35,0.48,72.94,72.967,73.364,863.0,1081.8,1177.79,0.65
2016-12-20 14:30:00,72.8,73.06,72.72,72.68,735.0,-0.08,-0.11,72.98,72.971,73.404,773.8,1089.0,1166.49,0.37
2016-12-20 14:00:00,73.0,73.0,72.8,72.69,744.0,-0.2,-0.27,73.078,73.058,73.4625,891.0,1085.3,1190.49,0.37
2016-12-20 13:30:00,73.1,73.2,73.0,72.71,790.0,-0.1,-0.14,73.058,73.129,73.5345,969.8,1074.5,1211.82,0.4
2016-12-20 11:30:00,73.31,73.59,73.08,73.07,747.0,-0.23,-0.31,73.01,73.185,73.595,1068.98,1123.7,1263.52,0.37
2016-12-20 11:00:00,73.21,73.3,73.3,72.73,853.0,0.09,0.12,72.994,73.288,73.642,1300.6,218.93,1313.42,0.43
2016-12-20 10:30:00,72.7,73.75,73.21,72.51,1321.0,0.51,0.7,72.962,73.353,73.672,1404.2,1263.98,1357.98,0.66
2016-12-20 10:00:00,72.3,73.4,72.7,72.3,1138.0,0.4,0.55,73.038,73.427,73.7115,1279.6,1323.58,1367.08,0.57
2016-12-19 15:00:00,73.07,73.18,72.76,72.6,1285.92,-0.31,-0.42,73.2,73.593,73.782,1179.2,1424.08,1376.58,0.64
2016-12-19 14:30:00,73.14,73.15,73.0,72.31,1905.08,-0.14,-0.19,73.36,73.691,73.887,1178.42,1403.09,1373.28,0.95
2016-12-19 14:00:00,73.59,73.59,73.14,73.09,1371.0,-0.45,-0.61,73.582,73.761,73.9945,-862.74,1273.78,1419.61,0.69
2016-12-19 13:30:00,73.68,73.87,73.59,73.5,698.0,-0.09,-0.12,73.744,73.837,74.0645,1123.76,1243.98,1463.16,0.35
2016-12-19 11:30:00,73.56,73.8,73.51,73.47,636.0,-0.05,-0.07,73.816,73.867,74.089,1367.56,1295.68,1662.16,0.32
2016-12-19 11:00:00,74.11,74.14,73.56,73.45,1282.0,-0.55,-0.74,73.986,73.94,74.0595,1668.96,1349.13,1813.32,0.64
2016-12-19 10:30:00,73.95,74.19,74.11,73.8,-8300.7,0.16,0.22,74.022,74.005,74.0335,1627.76,1403.33,1875.47,-4.15
2016-12-19 10:00:00,73.95,73.95,73.95,73.95,11303.5,0.0,0.0,73.94,73.996,74.018,3410.3,2407.9,2516.17,5.65
2016-12-16 15:00:00,74.36,74.36,73.95,73.89,1917.0,-0.41,-0.55,73.93,73.991,73.9975,1364.2,1451.97,2217.06,0.96
2016-12-16 14:30:00,73.74,74.5,74.36,73.33,2143.0,0.62,0.84,73.918,73.996,73.882,1223.8,1410.57,2160.41,1.07
2016-12-16 14:00:00,73.7,73.95,73.74,73.66,1076.0,0.04,0.05,73.894,73.971,73.729,1029.3,1329.07,2096.51,0.54
2016-12-16 13:30:00,73.9,74.01,73.7,73.69,612.0,-0.2,-0.27,73.988,74.083,73.581,1178.9,1343.47,2161.11,0.31
2016-12-16 11:30:00,73.89,73.91,73.9,73.66,1073.0,0.01,0.01,74.052,74.228,73.47,1405.5,1565.45,2210.11,0.54
2016-12-16 11:00:00,74.24,74.32,73.89,73.75,1215.0,-0.35,-0.47,74.052,74.292,73.36,1539.74,1682.35,2249.15,0.61
2016-12-16 10:30:00,74.21,74.68,74.24,74.2,1170.5,0.03,0.04,74.074,74.311,73.2835,1597.34,2028.65,2267.6,0.59
2016-12-16 10:00:00,74.0,74.35,74.21,73.61,1824.0,0.21,0.28,74.048,74.179,73.19,1628.84,2277.5,2292.42,0.91
2016-12-15 15:00:00,73.9,74.23,74.02,73.81,1745.0,0.12,0.16,74.178,74.062,73.072,1508.04,2347.6,2311.52,0.87
2016-12-15 14:30:00,74.0,74.33,73.9,73.68,1744.2,-0.1,-0.14,74.404,74.04,72.934,1725.4,2624.44,2295.22,0.87
2016-12-15 14:00:00,74.11,74.49,74.0,73.77,1503.0,-0.11,-0.15,74.532,74.004,72.7835,1824.96,2982.15,2268.35,0.75
2016-12-15 13:30:00,74.92,75.12,74.11,74.11,1328.0,-0.81,-1.08,74.548,73.768,72.6535,2459.96,2910.25,2275.3,0.66
2016-12-15 11:30:00,75.15,75.44,74.86,74.82,1220.0,-0.29,-0.39,74.31,73.487,72.518,2926.17,2863.95,2420.57,0.61
2016-12-15 11:00:00,74.54,75.44,75.15,74.52,2831.78,0.61,0.82,73.946,73.079,72.3325,3187.17,2978.75,2550.41,1.42
2016-12-15 10:30:00,74.14,74.6,74.54,74.01,2242.0,0.4,0.54,73.676,72.712,72.1905,3523.48,2854.77,2550.12,1.12
2016-12-15 10:00:00,73.0,74.8,74.08,72.55,4678.0,1.08,1.48,73.476,72.428,72.0735,4139.34,2815.94,2647.17,2.34
2016-12-14 15:00:00,73.04,73.5,72.92,72.75,3659.05,-0.12,-0.16,72.988,72.256,72.1055,3360.54,2506.54,2513.07,1.83
2016-12-14 14:30:00,73.7,73.83,73.04,73.01,2525.0,-0.66,-0.9,72.664,72.201,72.2605,2801.73,2307.33,2431.42,1.26
2016-12-14 14:00:00,73.52,74.9,73.8,73.3,4513.36,0.28,0.38,72.212,72.082,72.485,2770.33,2275.43,2361.47,2.26
2016-12-14 13:30:00,71.64,73.65,73.54,71.64,5321.31,1.9,2.65,71.748,71.828,72.68,2186.06,1965.99,2233.95,2.66
2016-12-14 11:30:00,71.3,71.65,71.64,71.15,784.0,0.34,0.48,71.38,71.563,72.8625,1492.54,1554.55,2172.65,0.39
2016-12-14 11:00:00,70.8,71.48,71.3,70.53,865.0,0.5,0.71,71.524,71.539,73.2155,1652.54,1640.35,2281.6,0.43
2016-12-14 10:30:00,71.48,71.5,70.78,70.51,2368.0,-0.7,-0.98,71.738,71.549,73.62,1812.93,1977.18,2306.4,1.18
2016-12-14 10:00:00,71.71,71.91,71.48,71.21,1592.0,-0.23,-0.32,71.952,71.586,74.071,1780.53,2122.07,2239.25,0.8
2016-12-13 15:00:00,72.35,72.35,71.7,71.6,1853.72,-0.65,-0.9,71.908,71.669,74.507,1745.93,2245.47,2198.7,0.93
2016-12-13 14:30:00,72.37,72.66,72.36,72.15,1584.0,-0.01,-0.01,71.746,71.719,74.937,1616.56,2478.4,2268.97,0.79
2016-12-13 14:00:00,71.85,72.69,72.37,71.85,1666.91,0.52,0.72,71.554,71.955,75.289,1628.16,2519.6,2310.62,0.83
2016-12-13 13:30:00,71.28,72.28,71.85,71.28,2206.0,0.57,0.8,71.36,72.32,75.641,2141.44,2555.51,2404.77,1.1
2016-12-13 11:30:00,70.89,71.27,71.26,70.37,1419.0,0.37,0.52,71.22,72.888,76.084,2463.62,2447.51,2435.67,0.71
2016-12-13 11:00:00,71.4,71.4,70.89,70.6,1206.87,-0.51,-0.71,71.43,73.532,76.586,2745.02,2501.91,2535.42,0.6
2016-12-13 10:30:00,71.41,71.79,71.4,71.0,1642.0,-0.01,-0.01,71.692,74.162,77.1405,3340.24,2790.76,2544.98,0.82
2016-12-13 10:00:00,70.56,71.97,71.4,70.28,4233.31,0.84,1.19,72.356,74.892,77.6595,3411.04,2922.86,2555.78,2.12
2016-12-12 15:00:00,72.31,72.66,71.15,71.06,3816.91,-1.16,-1.6,73.28,75.691,78.1795,2969.58,2635.63,2444.51,1.91
2016-12-12 14:30:00,72.15,72.98,72.31,71.75,2826.0,0.16,0.22,74.556,76.556,78.738,2431.4,2356.44,2371.17,1.41
2016-12-12 14:00:00,74.71,74.73,72.2,71.18,4183.0,-2.51,-3.36,75.634,77.345,79.262,2258.8,2151.94,2282.12,2.09
2016-12-12 13:30:00,75.87,76.3,74.72,74.4,1996.0,-1.15,-1.52,76.632,78.155,79.7995,2241.27,2059.54,2176.44,1.0
2016-12-12 11:30:00,77.53,77.53,76.02,76.0,2026.0,-1.51,-1.95,77.428,78.623,80.2195,2434.67,2101.64,2238.06,1.01
2016-12-12 11:00:00,77.61,77.7,77.53,77.08,1126.0,-0.08,-0.1,78.102,78.962,80.6375,2301.67,2254.04,2263.63,0.56
2016-12-12 10:30:00,77.2,77.72,77.7,77.0,1963.0,0.5,0.65,78.556,79.28,80.941,2281.47,2423.84,2263.03,0.98
2016-12-12 10:00:00,78.02,78.6,77.19,76.75,4095.36,-0.83,-1.06,79.056,79.64,81.215,2045.07,2568.92,2247.08,2.05
2016-12-09 15:00:00,79.28,79.36,78.7,78.7,2963.0,-0.58,-0.73,79.678,80.119,81.4975,1877.8,2299.2,2127.16,1.48
2016-12-09 14:30:00,79.8,79.91,79.39,79.03,1361.0,-0.41,-0.51,79.818,80.427,81.675,1768.6,2188.7,2055.61,0.68
2016-12-09 14:00:00,80.2,80.25,79.8,79.61,1025.0,-0.4,-0.5,79.822,80.668,81.8075,2206.4,2253.4,2068.11,0.51
2016-12-09 13:30:00,80.21,80.39,80.2,80.15,781.0,-0.01,-0.01,80.004,80.92,81.892,2566.2,2385.9,2314.61,0.39
2016-12-09 11:30:00,79.4,80.44,80.3,78.61,3259.0,0.9,1.13,80.224,81.179,82.026,3092.77,2412.3,2526.6,1.63
2016-12-09 11:00:00,79.41,79.77,79.4,79.33,2417.0,-0.01,-0.01,80.56,81.444,82.2265,2720.6,2293.35,2485.5,1.21
2016-12-09 10:30:00,80.71,80.95,79.41,79.19,3550.0,-1.3,-1.61,81.036,81.816,82.4865,2608.8,2374.49,2430.0,1.78
2016-12-09 10:00:00,81.15,81.7,80.71,80.52,2824.0,-0.44,-0.54,81.514,82.313,82.7565,2300.4,2273.23,2303.85,1.41
2016-12-08 15:00:00,81.98,82.23,81.3,81.17,3413.86,-0.68,-0.83,81.836,82.602,82.956,2205.6,2102.23,2214.8,1.71
2016-12-08 14:30:00,81.76,82.18,81.98,81.6,1398.14,0.22,0.27,82.134,82.79,83.136,1731.83,1925.24,2099.01,0.7
2016-12-08 14:00:00,81.8,82.2,81.78,81.55,1858.0,-0.02,-0.02,82.328,82.876,83.2565,1866.1,1955.13,2184.85,0.93
2016-12-08 13:30:00,82.32,82.33,81.8,81.8,2008.0,-0.52,-0.63,82.596,82.923,83.4185,2140.18,1922.53,2211.5,1.0
2016-12-08 11:30:00,82.79,82.88,82.32,82.12,2350.0,-0.47,-0.57,83.112,82.947,83.603,2246.05,1882.83,2229.95,1.18
2016-12-08 11:00:00,82.95,83.0,82.79,82.71,1045.0,-0.16,-0.19,83.368,82.864,83.757,1998.85,2243.33,2236.75,0.52
2016-12-08 10:30:00,83.12,83.24,82.95,82.66,2069.5,-0.17,-0.2,83.446,82.873,83.8645,2118.65,2640.91,2264.0,1.03
2016-12-08 10:00:00,83.02,84.1,83.12,82.61,3228.4,0.1,0.12,83.424,83.009,83.962,2044.15,2677.66,2207.93,1.61
2016-12-07 15:00:00,83.6,84.4,84.38,83.6,2537.36,0.78,0.93,83.25,83.157,84.0855,1704.87,2485.52,2077.12,1.27
2016-12-07 14:30:00,83.18,83.87,83.6,83.04,1114.0,0.42,0.5,82.782,83.2,84.1165,1519.6,2334.48,2034.63,0.56
2016-12-07 14:00:00,82.84,83.97,83.18,82.8,1644.0,0.34,0.41,82.36,83.31,84.2185,2487.8,2327.38,2040.86,0.82
2016-12-07 13:30:00,82.25,82.92,82.84,82.25,1697.0,0.59,0.72,82.3,83.482,84.342,3163.16,2272.78,2054.01,0.85
2016-12-07 11:30:00,82.04,82.25,82.25,81.89,1532.0,0.21,0.26,82.594,83.637,84.451,3311.16,2414.58,2301.12,0.77
2016-12-07 11:00:00,81.5,82.16,82.04,81.47,1611.0,0.54,0.66,83.064,83.914,84.6725,3266.16,2500.48,2507.07,0.81
2016-12-07 10:30:00,82.87,82.88,81.49,81.17,5955.0,-1.38,-1.67,83.618,84.259,84.966,3149.36,2577.08,2607.82,2.98
2016-12-07 10:00:00,84.5,84.84,82.88,82.33,5020.81,-1.62,-1.92,84.26,84.65,85.3305,2166.96,2230.18,2503.08,2.51
2016-12-06 15:00:00,84.6,84.97,84.31,84.2,2437.0,-0.29,-0.34,84.664,84.856,85.6245,1382.4,1887.1,2459.44,1.22
2016-12-06 14:30:00,84.83,85.0,84.6,84.48,1307.0,-0.23,-0.27,84.68,84.915,85.89,1518.0,1738.2,2431.54,0.65
2016-12-06 14:00:00,84.67,84.86,84.81,84.4,1027.0,0.14,0.17,84.764,85.014,86.1465,1734.8,1668.71,2572.72,0.51
2016-12-06 13:30:00,84.96,84.96,84.7,84.6,1043.0,-0.26,-0.31,84.9,85.033,86.391,2004.8,1734.79,2792.02,0.52
2016-12-06 11:30:00,84.4,84.9,84.9,84.33,1098.0,0.5,0.59,85.04,85.127,86.676,2293.4,1754.34,3115.98,0.55
2016-12-06 11:00:00,85.02,85.02,84.39,84.21,3115.0,-0.63,-0.74,85.048,85.202,87.0935,2391.8,1835.24,3324.12,1.56
2016-12-06 10:30:00,85.45,85.6,85.02,85.02,2391.0,-0.43,-0.5,85.15,85.265,87.497,1958.4,2187.66,3378.02,1.2
2016-12-06 10:00:00,86.0,86.45,85.49,85.49,2377.0,-0.51,-0.59,85.264,85.431,87.851,1602.63,2513.66,3417.78,1.19
2016-12-05 15:00:00,84.94,85.9,85.4,84.94,2486.0,0.46,0.54,85.166,85.673,88.2595,1464.77,2638.56,3438.52,1.24
2016-12-05 14:30:00,84.88,85.14,84.94,84.3,1590.0,0.06,0.07,85.214,86.011,88.685,1215.27,2775.98,3448.48,0.8
2016-12-05 14:00:00,85.58,85.88,84.9,84.83,948.0,-0.68,-0.79,85.356,86.393,89.143,1278.67,3031.78,3671.53,0.47
2016-12-05 13:30:00,85.0,85.88,85.59,84.84,612.14,0.59,0.69,85.38,86.865,89.591,2416.93,3124.88,4040.68,0.31
2016-12-05 11:30:00,85.62,85.64,85.0,84.69,1687.73,-0.62,-0.72,85.598,87.279,89.9615,3424.7,3476.74,4411.32,0.84
2016-12-05 11:00:00,85.65,86.38,85.64,85.6,1238.5,-0.01,-0.01,86.18,87.749,90.252,3812.35,3849.26,4642.62,0.62
2016-12-05 10:30:00,85.02,87.0,85.65,85.02,1907.0,0.63,0.74,86.808,88.225,90.428,4336.68,4477.61,4670.85,0.95
2016-12-05 10:00:00,84.8,85.69,85.02,83.84,6639.27,0.22,0.26,87.43,88.985,90.6185,4784.88,4813.01,4739.01,3.32
2016-12-02 15:00:00,87.91,88.49,86.68,86.06,5651.0,-1.23,-1.4,88.35,89.729,90.889,3832.83,4568.39,4640.09,2.83
2016-12-02 14:30:00,88.78,88.88,87.91,87.81,3626.0,-0.87,-0.98,88.96,90.271,90.935,3528.77,4321.89,4422.19,1.81
2016-12-02 14:00:00,88.83,89.2,88.78,87.89,3860.14,-0.05,-0.06,89.318,90.846,90.8995,3886.17,4238.49,4314.69,1.93
2016-12-02 13:30:00,89.58,89.58,88.76,88.17,4148.0,-0.82,-0.92,89.642,91.359,90.8105,4618.54,4120.97,4262.84,2.07
2016-12-02 11:30:00,90.09,90.45,89.62,89.58,1879.0,-0.47,-0.52,90.54,91.893,90.6725,4841.14,4311.29,4368.09,0.94
2016-12-02 11:00:00,89.7,90.25,89.73,88.95,4130.72,0.03,0.03,91.108,92.317,89.864,5303.94,4956.49,4393.9,2.07
2016-12-02 10:30:00,90.52,90.98,89.7,89.2,5413.0,-0.82,-0.91,91.582,92.644,89.047,5115.0,5345.91,4252.56,2.71
2016-12-02 10:00:00,91.99,92.97,90.4,90.02,7522.0,-1.59,-1.73,92.374,92.755,88.237,4590.8,5435.99,4057.11,3.76
2016-12-01 15:00:00,92.46,93.79,93.25,92.43,5261.0,0.79,0.85,93.076,92.631,87.388,3623.4,4864.09,3789.81,2.63
2016-12-01 14:30:00,92.1,92.86,92.46,91.69,4193.0,0.36,0.39,93.246,92.252,86.4145,3781.43,4665.0,3620.56,2.1
2016-12-01 14:00:00,93.6,93.82,92.1,92.1,3186.0,-1.5,-1.6,93.526,92.049,85.491,4609.03,4711.79,3500.41,1.59
2016-12-01 13:30:00,93.88,94.49,93.66,93.5,2792.0,-0.22,-0.23,93.706,91.599,84.587,5576.83,4522.49,3488.96,1.4
2016-12-01 11:30:00,94.15,94.5,93.91,93.8,2685.0,-0.24,-0.25,93.136,90.953,83.6245,6281.17,4390.89,3544.88,1.34
2016-12-01 11:00:00,93.8,94.75,94.1,93.5,6051.14,0.3,0.32,92.186,90.262,82.636,6104.77,4404.72,3548.64,3.03
2016-12-01 10:30:00,93.0,93.97,93.86,92.64,8331.0,0.86,0.92,91.258,89.452,81.651,5548.58,4424.9,3379.52,4.17
2016-12-01 10:00:00,90.82,93.35,93.0,90.1,8025.0,2.18,2.4,90.572,87.411,80.722,4814.54,3831.31,3047.9,4.01
2016-11-30 15:00:00,89.18,90.81,90.81,89.18,6313.72,1.63,1.83,89.492,85.45,79.817,3468.14,3159.21,2765.85,3.16
2016-11-30 14:30:00,89.46,89.83,89.16,89.1,1803.0,-0.3,-0.34,88.77,83.719,79.0375,2500.6,2678.24,2634.58,0.9
2016-11-30 14:00:00,90.43,90.45,89.46,89.45,3270.17,-0.97,-1.07,88.338,82.145,78.3195,2704.66,2715.54,2774.72,1.64
2016-11-30 13:30:00,87.6,90.55,90.43,87.31,4660.83,2.83,3.23,87.646,80.577,77.5215,3301.23,2576.12,2804.46,2.33
2016-11-30 11:30:00,87.2,87.85,87.6,87.06,1293.0,0.4,0.46,84.25,78.933,76.7075,2848.08,2289.04,2780.14,0.65
2016-11-30 11:00:00,87.0,87.26,87.2,86.71,1476.0,0.2,0.23,81.408,77.575,76.0175,2850.28,2455.44,2819.63,0.74
2016-11-30 10:30:00,86.0,87.54,87.0,86.0,2823.31,1.0,1.16,78.668,76.296,75.3445,2855.88,2698.87,2807.58,1.41
2016-11-30 10:00:00,88.0,88.47,86.0,85.14,6253.0,-2.0,-2.27,75.952,75.01,74.6795,2726.42,2692.56,2754.67,3.13
2016-10-13 15:00:00,73.4,73.6,73.45,73.31,2395.1,0.05,0.07,73.508,73.85,74.064,1851.02,2334.14,2529.92,1.2
2016-10-13 14:30:00,73.59,73.85,73.39,73.36,1304.0,-0.2,-0.27,73.616,74.033,74.0705,1730.0,2264.49,2488.11,0.65
2016-10-13 14:00:00,73.42,73.8,73.5,73.3,1504.0,0.08,0.11,73.742,74.184,74.081,2060.6,2372.49,2571.03,0.75
2016-10-13 13:30:00,73.77,73.9,73.42,73.42,2176.01,-0.35,-0.47,73.924,74.356,74.0845,2541.85,2590.93,2779.97,1.09
2016-10-13 11:30:00,73.98,74.22,73.78,73.7,1876.0,-0.2,-0.27,74.068,74.494,74.082,2658.7,2833.9,2781.62,0.94
2016-10-13 11:00:00,74.0,74.29,73.99,73.94,1790.0,-0.01,-0.01,74.192,74.466,74.0525,2817.25,3032.8,2782.77,0.9
2016-10-13 10:30:00,74.47,74.89,74.02,73.91,2957.0,-0.45,-0.6,74.45,74.482,74.003,2798.98,3271.24,2786.97,1.48
2016-10-13 10:00:00,74.36,75.25,74.41,74.35,3910.24,0.05,0.07,74.626,74.46,73.962,2684.38,3183.82,2798.33,1.96
2016-10-12 14:30:00,74.4,74.4,74.14,73.7,2760.24,-0.26,-0.35,74.788,74.393,73.9165,2640.01,2916.3,2788.57,1.38
2016-10-12 14:00:00,75.28,75.28,74.4,74.26,2668.76,-0.88,-1.17,74.92,74.349,73.854,3009.1,2816.77,2802.71,1.33
2016-10-12 13:30:00,74.93,75.3,75.28,74.89,1698.65,0.35,0.47,74.74,74.278,73.729,3248.35,2725.7,2829.32,0.85
2016-10-12 11:30:00,75.22,75.48,74.9,74.63,2384.0,-0.32,-0.43,74.514,74.108,73.5345,3743.49,2711.73,2896.56,1.19
2016-10-12 11:00:00,74.8,75.49,75.22,74.66,3688.38,0.42,0.56,74.294,73.978,73.3085,3683.26,2769.56,2943.01,1.84
2016-10-12 10:30:00,73.49,75.0,74.8,73.48,4605.71,1.31,1.78,73.998,73.813,73.08,3192.59,2969.01,2833.01,2.3
2016-10-12 10:00:00,73.3,73.81,73.5,73.2,3865.0,0.2,0.27,73.778,73.67,72.869,2624.44,2729.34,2651.19,1.93
2016-10-11 15:00:00,73.8,74.28,74.15,73.8,4174.38,0.35,0.47,73.816,73.639,72.724,2203.04,2532.74,2500.49,2.09
2016-10-11 14:30:00,73.74,73.98,73.8,73.7,2082.84,0.06,0.08,73.702,73.524,72.537,1679.97,2302.7,2395.25,1.04
2016-10-11 14:00:00,73.7,73.89,73.74,73.65,1235.0,0.04,0.05,73.662,73.464,72.3825,1855.87,2412.85,2390.71,0.62
2016-10-11 13:30:00,73.7,74.02,73.7,73.65,1765.0,0.0,0.0,73.628,73.44,72.2465,2745.43,2660.85,2385.48,0.88
2016-10-11 11:30:00,73.59,74.01,73.69,73.41,1758.0,0.1,0.14,73.562,73.359,72.113,2834.23,2788.65,2510.45,0.88
2016-10-11 11:00:00,73.65,73.65,73.58,73.27,1559.0,-0.07,-0.1,73.462,73.18,72.021,2862.43,2932.95,2594.6,0.78
2016-10-11 10:30:00,73.6,73.76,73.6,73.2,2962.34,0.0,0.0,73.346,72.961,71.96,2925.43,3081.39,2630.35,1.48
2016-10-11 10:00:00,73.27,74.28,73.57,73.05,5682.81,0.3,0.41,73.266,72.639,71.9135,2969.83,3116.45,2795.45,2.84
2016-10-10 15:00:00,73.19,73.39,73.37,73.03,2209.0,0.18,0.25,73.252,72.347,71.819,2576.27,2697.01,2568.86,1.1
2016-10-10 14:30:00,72.95,73.4,73.19,72.8,1899.0,0.24,0.33,73.156,72.068,71.729,2743.07,2573.05,2532.57,0.95
2016-10-10 14:00:00,73.2,73.2,73.0,72.93,1874.0,-0.2,-0.27,72.898,71.809,71.652,3003.47,2468.25,2523.37,0.94
2016-10-10 13:30:00,73.55,73.8,73.2,73.0,3184.34,-0.35,-0.48,72.576,71.55,71.5845,3237.34,2487.81,2544.67,1.59
2016-10-10 11:30:00,72.9,73.56,73.5,72.52,3715.0,0.6,0.82,72.012,71.301,71.502,3263.07,2368.57,2507.78,1.86
2016-10-10 11:00:00,71.89,72.98,72.89,71.76,3043.0,1.0,1.39,71.442,71.053,71.376,2817.76,2110.12,2450.73,1.52
2016-10-10 10:30:00,71.42,72.0,71.9,71.3,3201.03,0.48,0.67,70.98,70.867,71.309,2403.03,2232.25,2361.23,1.6
2016-10-10 10:00:00,70.93,71.43,71.39,70.62,3043.34,0.46,0.65,70.72,70.862,71.2935,1933.02,2256.24,2267.58,1.52
2016-09-30 15:00:00,70.65,70.7,70.38,70.26,3313.0,-0.27,-0.38,70.524,70.959,71.298,1738.27,2179.31,2183.11,1.66
2016-09-30 14:30:00,70.58,70.73,70.65,70.43,1488.42,0.07,0.1,70.59,71.188,71.3415,1474.07,2474.45,2081.43,0.74
2016-09-30 14:00:00,70.58,70.89,70.58,70.5,969.34,0.0,0.0,70.664,71.291,71.356,1402.47,2440.71,2101.85,0.48
2016-09-30 13:30:00,70.41,70.69,70.6,70.36,851.0,0.19,0.27,70.754,71.39,71.3715,2061.47,2492.1,2145.98,0.43
2016-09-30 11:30:00,70.71,70.87,70.41,70.31,2069.6,-0.3,-0.42,71.004,71.495,71.3955,2579.47,2578.5,2303.98,1.03
2016-09-30 11:00:00,71.02,71.05,70.71,70.64,1992.0,-0.31,-0.44,71.394,71.619,71.4765,2620.35,2601.53,2458.69,1.0
2016-09-30 10:30:00,71.0,71.28,71.02,70.98,1130.42,0.02,0.03,71.786,71.703,71.5205,3474.83,2646.99,2526.02,0.57
2016-09-30 10:00:00,71.23,71.4,71.03,70.59,4264.31,-0.2,-0.28,71.918,71.699,71.5095,3478.94,2791.35,2604.2,2.13
2016-09-29 15:00:00,72.36,72.38,71.85,71.81,3441.0,-0.51,-0.7,72.026,71.751,71.5085,2922.73,2490.22,2455.38,1.72
2016-09-29 14:30:00,72.67,72.76,72.36,72.21,2274.0,-0.31,-0.43,71.986,71.725,71.4755,2577.53,2278.92,2353.38,1.14
2016-09-29 14:00:00,71.68,72.95,72.67,71.55,6264.4,0.99,1.38,71.844,71.637,71.4345,2582.71,2186.92,2308.99,3.13
2016-09-29 13:30:00,71.51,71.7,71.68,71.45,1151.0,0.17,0.24,71.62,71.495,71.371,1819.15,1688.4,2131.67,0.58
2016-09-29 11:30:00,71.66,71.88,71.57,71.5,1483.24,-0.09,-0.13,71.48,71.421,71.3695,2103.75,1762.99,2254.62,0.74
2016-09-29 11:00:00,71.65,71.73,71.65,71.38,1715.0,0.0,0.0,71.476,71.353,71.372,2057.71,1799.87,2482.23,0.86
2016-09-29 10:30:00,71.6,71.7,71.65,71.34,2299.91,0.05,0.07,71.464,71.296,71.4455,1980.31,2029.47,2494.14,1.15
2016-09-29 10:00:00,70.88,71.63,71.55,70.8,2446.62,0.67,0.95,71.43,71.334,71.539,1791.12,2315.85,2470.9,1.22
2016-09-28 15:00:00,71.55,71.57,70.98,70.73,2574.0,-0.57,-0.8,71.37,71.338,71.637,1557.65,2405.05,2426.92,1.29
2016-09-28 14:30:00,71.6,71.82,71.55,71.16,1253.0,-0.05,-0.07,71.362,71.32,71.798,1422.23,2417.05,2357.74,0.63
2016-09-28 14:00:00,71.48,71.96,71.59,71.45,1328.0,0.11,0.15,71.23,71.266,71.939,1542.03,2420.55,2430.99,0.66
2016-09-28 13:30:00,71.28,71.77,71.48,71.03,1354.0,0.2,0.28,71.128,71.226,72.0375,2078.63,2427.85,2557.89,0.68
2016-09-28 11:30:00,70.94,71.33,71.25,70.93,1279.26,0.31,0.44,71.238,71.232,72.1285,2840.58,2431.06,2846.69,0.64
2016-09-28 11:00:00,70.89,70.99,70.94,70.55,1896.91,0.05,0.07,71.306,71.247,72.3575,3252.45,2574.93,2986.58,0.95
2016-09-28 10:30:00,71.08,71.17,70.89,70.82,1852.0,-0.19,-0.27,71.278,71.318,72.6195,3411.87,2746.24,3040.03,0.93
2016-09-28 10:00:00,71.99,71.99,71.08,70.8,4011.0,-0.91,-1.26,71.302,71.391,72.917,3299.07,3164.59,2997.63,2.01
2016-09-27 15:00:00,71.59,72.19,72.03,71.51,5163.75,0.44,0.61,71.324,71.595,73.201,2777.07,2958.82,2846.68,2.58
2016-09-27 14:30:00,70.8,71.6,71.59,70.63,3338.6,0.79,1.12,71.226,71.744,73.4605,2021.53,2625.94,2671.46,1.67
2016-09-27 14:00:00,71.01,71.2,70.8,70.56,2694.0,-0.21,-0.3,71.188,71.936,73.7285,1897.41,2448.78,2576.98,1.35
2016-09-27 13:30:00,71.2,71.39,71.01,71.01,1288.0,-0.19,-0.27,71.358,72.276,74.0455,2080.61,2298.42,2593.13,0.64
2016-09-27 11:30:00,71.44,71.65,71.19,71.18,1401.0,-0.25,-0.35,71.48,72.612,74.3695,3030.11,2441.42,2829.03,0.7
2016-09-27 11:00:00,71.4,71.9,71.54,71.3,1386.03,0.14,0.2,71.866,72.849,74.6325,3140.56,2687.93,3009.48,0.69
2016-09-27 10:30:00,71.65,71.8,71.4,71.16,2718.01,-0.25,-0.35,72.262,73.025,74.8795,3230.36,3262.33,3140.18,1.36
2016-09-27 10:00:00,71.12,72.08,71.65,71.1,3610.0,0.53,0.75,72.684,73.468,75.1495,3000.16,3398.22,3225.73,1.81
2016-09-26 15:00:00,73.12,73.19,71.62,71.51,6035.52,-1.5,-2.05,73.194,73.921,75.4245,2516.24,3333.82,3165.38,3.02
2016-09-26 14:30:00,73.52,73.53,73.12,73.09,1953.26,-0.4,-0.54,73.744,74.443,75.711,1852.73,2830.67,2948.26,0.98
2016-09-26 14:00:00,73.53,73.79,73.52,73.08,1835.0,-0.01,-0.01,73.832,74.807,75.9445,2235.29,2734.55,2923.14,0.92
2016-09-26 13:30:00,74.1,74.19,73.51,73.5,1567.0,-0.59,-0.8,73.788,75.177,76.1585,3294.29,2716.98,2915.59,0.78
2016-09-26 11:30:00,74.37,74.57,74.2,74.05,1190.4,-0.17,-0.23,74.252,75.521,76.371,3796.29,2705.18,3115.66,0.6
2016-09-26 11:00:00,73.55,74.67,74.37,73.55,2718.01,0.82,1.11,74.648,75.815,76.536,4151.41,2887.84,3248.86,1.36
2016-09-26 10:30:00,73.3,73.78,73.56,73.11,3866.06,0.26,0.35,75.142,76.127,76.684,3808.61,3216.64,3279.72,1.93
2016-09-26 10:00:00,74.84,75.3,73.3,73.3,7130.0,-1.54,-2.06,75.782,76.416,76.894,3233.8,3331.04,3166.27,3.57
2016-09-23 15:00:00,76.18,76.33,75.83,75.78,4077.0,-0.35,-0.46,76.566,76.734,77.1255,2139.67,3018.04,2888.87,2.04
2016-09-23 14:30:00,76.84,76.84,76.18,76.06,2966.0,-0.66,-0.86,76.79,76.831,77.224,1614.07,3053.24,2762.77,1.48
2016-09-23 14:00:00,76.76,76.94,76.84,76.68,1004.01,0.08,0.1,76.982,76.928,77.3325,1624.27,2996.94,2759.77,0.5
2016-09-23 13:30:00,77.22,77.43,76.76,76.76,992.0,-0.46,-0.6,77.112,76.979,77.363,2624.67,3065.84,2869.32,0.5
2016-09-23 11:30:00,76.95,77.49,77.22,76.85,1659.35,0.27,0.35,77.05,77.082,77.4215,3428.27,3111.74,3098.18,0.83
2016-09-23 11:00:00,77.14,77.16,76.95,76.76,1449.0,-0.19,-0.25,76.902,77.14,77.489,3896.4,3114.2,3373.27,0.72
2016-09-23 10:30:00,77.49,77.57,77.14,76.85,3017.0,-0.35,-0.45,76.872,77.221,77.582,4492.4,3526.14,3630.23,1.51
2016-09-23 10:00:00,76.19,77.65,77.49,76.19,6006.0,1.3,1.71,76.874,77.257,77.685,4369.6,3609.87,3797.63,3.0
2016-09-22 15:00:00,76.47,76.7,76.45,76.24,5010.01,-0.02,-0.03,76.846,77.241,77.8195,3507.0,3342.8,3646.96,2.51
2016-09-22 14:30:00,76.78,76.86,76.48,76.3,4000.0,-0.3,-0.39,77.114,77.372,78.0305,2795.2,3001.5,3540.11,2.0
2016-09-22 14:00:00,77.15,77.17,76.8,76.7,4429.0,-0.35,-0.45,77.378,77.517,78.2425,2332.0,2759.7,3449.85,2.21
2016-09-22 13:30:00,77.36,77.5,77.15,77.11,2403.0,-0.21,-0.27,77.57,77.617,78.4445,2559.87,2472.3,3367.62,1.2
2016-09-22 11:30:00,77.77,77.83,77.35,77.35,1693.0,-0.42,-0.54,77.64,77.737,78.6265,2850.14,2522.61,3596.29,0.85
2016-09-22 11:00:00,77.85,77.94,77.79,77.66,1451.0,-0.06,-0.08,77.636,77.747,78.855,3178.6,2672.81,3685.54,0.73
2016-09-22 10:30:00,77.76,77.97,77.8,77.55,1684.0,0.04,0.05,77.63,77.761,79.064,3207.8,3084.63,3737.83,0.84
2016-09-22 10:00:00,78.0,78.48,77.76,77.76,5568.34,-0.24,-0.31,77.656,77.838,79.2965,3187.4,3632.33,3730.23,2.78
2016-09-21 15:00:00,77.32,77.65,77.5,77.31,3854.34,0.18,0.23,77.664,77.943,79.5545,2384.74,3734.33,3555.21,1.93
2016-09-21 14:30:00,77.77,77.8,77.33,77.26,3335.34,-0.44,-0.57,77.834,78.113,79.8095,2195.08,3985.39,3421.79,1.67
2016-09-21 14:00:00,77.93,78.04,77.76,77.6,1597.0,-0.17,-0.22,77.858,78.398,80.083,2167.01,3951.13,3404.78,0.8
2016-09-21 13:30:00,77.82,78.22,77.93,77.6,1582.0,0.11,0.14,77.892,78.689,80.365,2961.46,4078.73,3621.57,0.79
2016-09-21 11:30:00,78.45,78.47,77.8,77.77,1555.0,-0.65,-0.83,78.02,78.968,80.523,4077.26,4140.0,3863.51,0.78
2016-09-21 11:00:00,77.46,78.6,78.35,77.3,2906.04,0.89,1.15,78.222,79.272,80.719,5083.92,4262.94,4126.23,1.45
2016-09-21 10:30:00,77.95,78.02,77.45,77.28,3195.0,-0.5,-0.64,78.392,79.516,80.919,5775.71,4669.98,4099.15,1.6
2016-09-21 10:00:00,78.01,78.31,77.93,77.39,5569.27,-0.08,-0.1,78.938,79.963,81.1905,5735.25,4698.28,4069.9,2.78
2016-09-20 15:00:00,78.81,78.95,78.57,78.2,7161.0,-0.24,-0.3,79.486,80.367,81.48,5195.99,4391.02,3914.79,3.58
2016-09-20 14:30:00,79.17,79.5,78.81,78.5,6588.29,-0.36,-0.45,79.916,80.755,81.7215,4202.75,3828.12,3632.89,3.29
2016-09-20 14:00:00,80.16,80.18,79.2,79.2,6365.0,-0.96,-1.2,80.322,81.166,81.966,3441.97,3376.09,3434.75,3.18
2016-09-20 13:30:00,80.68,80.78,80.18,80.1,2992.67,-0.5,-0.62,80.64,81.506,82.1725,3564.25,2858.19,3360.52,1.5
2016-09-20 11:30:00,80.7,80.88,80.67,80.36,2873.0,-0.03,-0.04,80.988,81.768,82.4285,3661.32,2858.43,3649.88,1.44
2016-09-20 11:00:00,80.87,80.94,80.72,80.66,2194.78,-0.15,-0.19,81.248,82.041,82.6265,3586.05,3164.42,3753.64,1.1
2016-09-20 10:30:00,80.79,81.1,80.84,80.68,2784.4,0.05,0.06,81.594,82.078,82.8465,3453.5,3587.02,3819.19,1.39
2016-09-20 10:00:00,81.65,81.65,80.79,80.66,6976.42,-0.86,-1.05,82.01,82.166,83.0405,3310.22,3989.51,4370.69,3.49
2016-09-19 15:00:00,81.98,82.3,81.92,81.6,3478.0,-0.06,-0.07,82.372,82.322,83.177,2152.13,3528.32,4348.22,1.74
2016-09-19 14:30:00,82.41,82.41,81.97,81.83,2496.66,-0.44,-0.53,82.548,82.418,83.124,2055.53,3441.52,4423.39,1.25
2016-09-19 14:00:00,82.92,83.0,82.45,82.34,1532.0,-0.47,-0.57,82.834,82.593,83.0955,2742.79,3438.56,4584.73,0.77
2016-09-19 13:30:00,82.62,82.99,82.92,82.12,2068.0,0.3,0.36,82.562,82.688,83.084,3720.54,3437.66,4713.23,1.03
2016-09-19 11:30:00,82.8,82.85,82.6,82.38,1186.01,-0.2,-0.24,82.322,82.766,83.0765,4668.8,3493.4,5027.47,0.59
2016-09-19 11:00:00,83.33,83.33,82.8,82.21,2995.0,-0.53,-0.64,82.272,82.839,83.075,4904.51,3862.84,5335.04,1.5
2016-09-19 10:30:00,81.1,83.63,83.4,80.99,5932.92,2.3,2.84,82.288,83.089,83.0685,4827.51,4441.34,5461.94,2.97
2016-09-19 10:00:00,81.63,82.2,81.09,80.9,6420.79,-0.54,-0.66,82.352,83.212,83.0385,4134.33,4342.87,5347.5,3.21
2016-09-14 15:00:00,82.35,82.42,81.72,81.69,6809.28,-0.63,-0.77,82.814,83.615,83.146,3154.78,4051.36,5154.66,3.4
2016-09-14 14:30:00,82.88,83.45,82.35,82.3,2364.56,-0.53,-0.64,83.21,83.915,83.213,2318.0,4751.88,5016.73,1.18
2016-09-14 14:00:00,83.72,83.72,82.88,82.56,2610.0,-0.84,-1.0,83.406,84.032,83.3105,2821.17,5168.12,5044.26,1.31
2016-09-14 13:30:00,83.4,83.8,83.72,83.0,2467.04,0.32,0.38,83.89,83.83,83.362,4055.17,5405.26,5086.29,1.23
2016-09-14 11:30:00,83.7,83.99,83.4,83.33,1523.01,-0.3,-0.36,84.072,83.598,83.3505,4551.4,5730.89,5767.95,0.76
2016-09-14 11:00:00,83.31,84.74,83.7,83.07,2625.38,0.39,0.47,84.416,83.48,83.5585,4947.95,5988.79,6075.47,1.31
2016-09-14 10:30:00,85.2,85.29,83.33,83.01,4880.4,-1.87,-2.19,84.62,83.387,83.7825,7185.75,6561.54,6632.38,2.44
2016-09-14 10:00:00,82.6,85.35,85.3,82.2,8780.04,2.7,3.27,84.658,83.311,84.04,7515.08,6807.24,6682.51,4.39
2016-09-13 15:00:00,85.13,85.17,84.63,84.09,4948.19,-0.5,-0.59,83.77,83.048,84.265,6755.35,6482.54,6474.19,2.47
2016-09-13 14:30:00,84.81,85.3,85.12,84.53,3505.74,0.31,0.37,83.124,82.865,84.561,6910.38,6352.13,6375.1,1.75
2016-09-13 14:00:00,83.56,86.68,84.72,83.56,13814.4,1.16,1.39,82.544,82.677,84.848,7029.62,6257.96,6531.16,6.91
2016-09-13 13:30:00,80.81,83.75,83.52,80.51,6527.02,2.71,3.35,82.154,82.511,85.1065,5937.32,5281.59,6433.23,3.26
2016-09-13 11:30:00,81.4,81.4,80.86,80.13,4981.38,-0.54,-0.66,81.964,82.589,85.4615,6099.4,4920.39,7445.39,2.49
2016-09-13 11:00:00,82.22,82.6,81.4,81.1,5723.35,-0.82,-1.0,82.326,82.894,86.283,6209.74,4767.31,7782.37,2.86
2016-09-13 10:30:00,82.8,83.0,82.22,82.0,4102.0,-0.58,-0.7,82.606,83.103,87.14,5793.87,5805.02,7832.24,2.05
2016-09-13 10:00:00,83.56,83.87,82.77,82.4,8352.87,-0.79,-0.95,82.81,83.637,87.938,5486.3,6162.16,7816.23,4.18
2016-09-12 15:00:00,82.7,83.69,82.57,82.2,7337.42,-0.13,-0.16,82.868,84.178,88.763,4625.86,6703.23,7640.03,3.67
2016-09-12 14:30:00,82.8,82.87,82.67,81.52,5533.08,-0.13,-0.16,83.214,84.769,89.5745,3741.37,6557.79,7482.94,2.77
2016-09-12 14:00:00,83.24,83.81,82.8,82.22,3644.0,-0.44,-0.53,83.462,85.482,90.382,3324.88,6465.84,7855.4,1.82
2016-09-12 13:30:00,83.04,83.95,83.24,82.8,2564.11,0.2,0.24,83.6,86.257,91.1055,5816.16,6398.08,8207.61,1.28
2016-09-12 11:30:00,84.3,84.3,83.06,82.66,4050.67,-1.24,-1.47,84.464,87.019,91.814,6838.02,6804.36,10650.7,2.03
2016-09-12 11:00:00,83.9,84.5,84.3,83.28,2915.0,0.4,0.48,85.488,87.702,92.2735,8780.6,7584.87,10449.9,1.46
2016-09-12 10:30:00,83.5,84.6,83.91,83.5,3450.62,0.41,0.49,86.324,88.334,92.671,9374.2,9970.39,10305.2,1.73
2016-09-12 10:00:00,82.1,84.68,83.49,81.8,16100.4,1.39,1.69,87.502,89.672,93.088,9606.8,10797.4,10133.3,8.05
2016-09-09 15:00:00,88.16,88.99,87.56,87.56,7673.4,-0.6,-0.68,88.914,91.177,93.526,6979.99,9859.46,9330.04,3.84
2016-09-09 14:30:00,88.4,88.55,88.18,87.56,13763.6,-0.22,-0.25,89.574,92.239,93.7605,6770.7,9470.3,8949.32,6.88
2016-09-09 14:00:00,89.82,90.0,88.48,88.48,5883.0,-1.34,-1.49,89.916,93.348,93.964,6389.13,8576.84,8265.69,2.94
2016-09-09 13:30:00,90.55,90.55,89.8,89.35,4613.63,-0.75,-0.83,90.344,94.38,94.1525,10566.6,8408.09,7974.04,2.31
2016-09-09 11:30:00,90.8,91.98,90.55,90.34,2966.33,-0.25,-0.28,91.842,95.282,94.275,11988.1,9244.96,7773.62,1.48
2016-09-09 11:00:00,89.89,91.0,90.86,89.21,6626.98,0.97,1.08,93.44,95.954,93.9405,12738.9,10017.1,7626.3,3.31
2016-09-09 10:30:00,90.66,91.2,89.89,88.61,11855.7,-0.77,-0.85,94.904,96.609,93.5905,12169.9,14497.0,7295.25,5.93
2016-09-09 10:00:00,96.61,96.61,90.62,90.5,26770.2,-5.99,-6.2,96.78,96.845,93.289,10764.5,13314.9,6702.91,13.39
2016-09-08 15:00:00,98.54,98.54,97.29,96.98,11721.1,-1.25,-1.27,98.416,97.008,92.951,6249.61,10640.0,5364.95,5.86
2016-09-08 14:30:00,98.18,99.0,98.54,97.58,6720.64,0.36,0.37,98.722,96.504,92.2795,6501.86,9469.09,4779.2,3.36
2016-09-08 14:00:00,99.27,99.4,98.18,98.18,3781.9,-1.09,-1.1,98.468,95.875,91.5455,7295.35,8800.63,4443.92,1.89
2016-09-08 13:30:00,98.8,99.87,99.27,98.7,4828.89,0.47,0.48,98.314,95.282,90.8295,16824.1,8428.34,4257.27,2.41
2016-09-08 11:30:00,98.81,98.99,98.8,98.37,4195.57,-0.01,-0.01,96.91,94.58,90.059,15865.3,7954.55,4033.03,2.1
2016-09-08 11:00:00,97.26,100.0,98.82,97.26,12982.3,1.56,1.6,95.6,93.925,88.931,15030.4,7539.99,3823.85,6.49
2016-09-08 10:30:00,97.41,97.64,97.27,97.07,10688.1,-0.14,-0.14,94.286,93.268,87.802,12436.3,6302.27,3174.89,5.34
2016-09-08 10:00:00,101.48,101.48,97.41,96.65,51425.5,-4.07,-4.01,93.282,91.927,86.7505,10305.9,5235.46,2640.98,25.71
2016-09-07 15:00:00,92.25,92.25,92.25,92.25,35.0,0.0,0.0,92.25,90.572,85.692,32.6,93.51,70.01,0.02
2016-09-07 14:30:00,92.25,92.25,92.25,92.25,21.0,0.0,0.0,92.25,89.733,84.8915,43.8,90.91,68.36,0.01
2016-09-07 14:00:00,92.25,92.25,92.25,92.25,12.0,0.0,0.0,92.25,88.894,84.091,49.6,89.91,67.81,0.01
2016-09-07 13:30:00,92.25,92.25,92.25,92.25,36.0,0.0,0.0,92.25,88.055,83.2905,168.23,89.31,68.46,0.02
2016-09-07 11:30:00,92.25,92.25,92.25,92.25,59.0,0.0,0.0,90.572,87.216,82.49,165.03,87.21,72.21,0.03
2016-09-07 11:00:00,92.25,92.25,92.25,92.25,91.0,0.0,0.0,88.894,86.377,81.343,154.43,86.21,69.76,0.05
2016-09-07 10:30:00,92.25,92.25,92.25,92.25,50.0,0.0,0.0,87.216,85.538,80.196,138.03,111.51,65.51,0.03
2016-09-07 10:00:00,92.25,92.25,92.25,92.25,605.13,0.0,0.0,85.538,83.937,79.049,130.23,107.71,63.81,0.3
2016-09-06 15:00:00,83.86,83.86,83.86,83.86,20.0,0.0,0.0,83.86,82.336,77.902,10.4,47.5,34.0,0.01
2016-09-06 14:30:00,83.86,83.86,83.86,83.86,6.0,0.0,0.0,83.86,81.574,76.8595,9.4,46.5,33.35,0.0
2016-09-06 14:00:00,83.86,83.86,83.86,83.86,9.0,0.0,0.0,83.86,80.812,75.817,18.0,46.5,33.05,0.0
2016-09-06 13:30:00,83.86,83.86,83.86,83.86,11.0,0.0,0.0,83.86,80.05,74.7745,85.0,45.8,32.9,0.01
2016-09-06 11:30:00,83.86,83.86,83.86,83.86,6.0,0.0,0.0,82.336,79.288,73.732,85.2,45.7,32.6,0.0
2016-09-06 11:00:00,83.86,83.86,83.86,83.86,15.0,0.0,0.0,80.812,78.526,72.6895,84.6,47.6,32.55,0.01
2016-09-06 10:30:00,83.86,83.86,83.86,83.86,49.0,0.0,0.0,79.288,77.764,71.647,83.6,57.2,32.05,0.02
2016-09-06 10:00:00,83.86,83.86,83.86,83.86,344.0,0.0,0.0,77.764,76.309,70.6045,75.0,53.3,30.0,0.17
2016-09-05 15:00:00,76.24,76.24,76.24,76.24,12.0,0.0,0.0,76.24,74.854,69.562,6.6,19.5,15.75,0.01
2016-09-05 14:30:00,76.24,76.24,76.24,76.24,3.0,0.0,0.0,76.24,74.161,68.614,6.2,19.9,15.25,0.0
2016-09-05 14:00:00,76.24,76.24,76.24,76.24,10.0,0.0,0.0,76.24,73.468,67.666,10.6,20.5,15.1,0.01
2016-09-05 13:30:00,76.24,76.24,76.24,76.24,6.0,0.0,0.0,76.24,72.145,66.718,30.8,20.2,14.6,0.0
2016-09-05 11:30:00,76.24,76.24,76.24,76.24,2.0,0.0,0.0,74.854,70.822,65.77,31.6,19.6,14.3,0.0
2016-09-05 11:00:00,76.24,76.24,76.24,76.24,10.0,0.0,0.0,73.468,69.499,64.822,32.4,20.0,14.2,0.01
2016-09-05 10:30:00,76.24,76.24,76.24,76.24,25.0,0.0,0.0,72.082,68.176,63.874,33.6,19.5,14.15,0.01
2016-09-05 10:00:00,76.24,76.24,76.24,76.24,111.0,0.0,0.0,70.696,66.853,62.926,30.4,17.5,14.0,0.06
2016-09-02 15:00:00,69.31,69.31,69.31,69.31,10.0,0.0,0.0,68.05,65.53,61.978,9.6,6.9,11.85,0.01
2016-09-02 14:30:00,69.31,69.31,69.31,69.31,6.0,0.0,0.0,66.79,64.9,61.116,7.6,6.7,11.6,0.0
2016-09-02 14:00:00,69.31,69.31,69.31,69.31,16.0,0.0,0.0,65.53,64.27,60.254,7.6,12.0,11.3,0.01
2016-09-02 13:30:00,69.31,69.31,69.31,69.31,9.0,0.0,0.0,64.27,63.067,59.392,5.4,10.6,10.5,0.0
2016-09-01 15:00:00,63.01,63.01,63.01,63.01,7.0,0.0,0.0,63.01,61.864,58.53,4.6,9.7,10.05,0.0
2016-09-01 14:30:00,63.01,63.01,63.01,63.01,0.0,0.0,0.0,63.01,61.291,57.983,4.2,9.0,9.7,0.0
2016-09-01 14:00:00,63.01,63.01,63.01,63.01,6.0,0.0,0.0,63.01,60.718,57.436,5.8,9.0,9.95,0.0
2016-09-01 13:30:00,63.01,63.01,63.01,63.01,5.0,0.0,0.0,63.01,60.145,56.889,16.4,8.4,10.55,0.0
2016-09-01 11:30:00,63.01,63.01,63.01,63.01,5.0,0.0,0.0,61.864,59.572,56.342,15.8,8.8,13.5,0.0
2016-09-01 11:00:00,63.01,63.01,63.01,63.01,5.0,0.0,0.0,60.718,58.999,55.5585,14.8,10.5,13.25,0.0
2016-09-01 10:30:00,63.01,63.01,63.01,63.01,8.0,0.0,0.0,59.572,58.426,54.775,13.8,16.8,13.0,0.0
2016-09-01 10:00:00,63.01,63.01,63.01,63.01,59.0,0.0,0.0,58.426,57.332,53.9915,12.2,16.5,12.6,0.03
2016-08-31 15:00:00,57.28,57.28,57.28,57.28,2.0,0.0,0.0,57.28,56.238,53.208,0.4,10.6,10.0,0.0
2016-08-31 14:30:00,57.28,57.28,57.28,57.28,0.0,0.0,0.0,57.28,55.717,52.711,1.8,10.4,9.9,0.0
2016-08-31 14:00:00,57.28,57.28,57.28,57.28,0.0,0.0,0.0,57.28,55.196,52.214,6.2,10.4,9.9,0.0
2016-08-31 13:30:00,57.28,57.28,57.28,57.28,0.0,0.0,0.0,57.28,54.675,51.717,19.8,10.4,11.0,0.0
2016-08-31 11:30:00,57.28,57.28,57.28,57.28,0.0,0.0,0.0,56.238,54.154,51.22,20.8,10.9,13.7,0.0
2016-08-31 11:00:00,57.28,57.28,57.28,57.28,9.0,0.0,0.0,55.196,53.633,50.508,20.8,12.7,13.7,0.0
2016-08-31 10:30:00,57.28,57.28,57.28,57.28,22.0,0.0,0.0,54.154,53.112,49.796,19.0,18.2,13.25,0.01
2016-08-31 10:00:00,57.28,57.28,57.28,57.28,68.0,0.0,0.0,53.112,52.118,49.084,14.6,16.0,12.15,0.03
2016-08-30 15:00:00,52.07,52.07,52.07,52.07,5.0,0.0,0.0,52.07,51.124,48.372,1.0,9.2,8.75,0.0
2016-08-30 14:30:00,52.07,52.07,52.07,52.07,0.0,0.0,0.0,52.07,50.651,47.9205,1.0,8.7,8.5,0.0
2016-08-30 14:00:00,52.07,52.07,52.07,52.07,0.0,0.0,0.0,52.07,50.178,47.469,4.6,9.4,8.5,0.0
2016-08-30 13:30:00,52.07,52.07,52.07,52.07,0.0,0.0,0.0,52.07,49.705,47.0175,17.4,9.4,8.8,0.0
2016-08-30 11:30:00,52.07,52.07,52.07,52.07,0.0,0.0,0.0,51.124,49.232,46.566,17.4,9.4,10.85,0.0
2016-08-30 11:00:00,52.07,52.07,52.07,52.07,5.0,0.0,0.0,50.178,48.759,45.919,17.4,11.6,10.85,0.0
2016-08-30 10:30:00,52.07,52.07,52.07,52.07,18.0,0.0,0.0,49.232,48.286,45.272,16.4,16.5,10.6,0.01
2016-08-30 10:00:00,52.07,52.07,52.07,52.07,64.0,0.0,0.0,48.286,47.383,44.625,14.2,14.7,9.7,0.03
2016-08-29 15:00:00,47.34,47.34,47.34,47.34,0.0,0.0,0.0,47.34,46.48,43.978,1.4,8.3,6.5,0.0
2016-08-29 14:30:00,47.34,47.34,47.34,47.34,0.0,0.0,0.0,47.34,46.05,43.5675,1.4,8.3,6.5,0.0
2016-08-29 14:00:00,47.34,47.34,47.34,47.34,0.0,0.0,0.0,47.34,45.62,43.157,5.8,8.3,6.5,0.0
2016-08-29 13:30:00,47.34,47.34,47.34,47.34,7.0,0.0,0.0,47.34,45.19,42.7465,16.6,8.3,6.5,0.0
2016-08-29 11:30:00,47.34,47.34,47.34,47.34,0.0,0.0,0.0,46.48,44.76,42.336,15.2,7.6,6.65,0.0
2016-08-29 11:00:00,47.34,47.34,47.34,47.34,0.0,0.0,0.0,45.62,44.33,41.7475,15.2,8.2,6.65,0.0
2016-08-29 10:30:00,47.34,47.34,47.34,47.34,22.0,0.0,0.0,44.76,43.9,41.159,15.2,12.3,6.65,0.01
2016-08-29 10:00:00,47.34,47.34,47.34,47.34,54.0,0.0,0.0,43.9,43.079,40.5705,10.8,10.1,5.55,0.03
2016-08-26 15:00:00,43.04,43.04,43.04,43.04,0.0,0.0,0.0,43.04,42.258,39.982,0.0,4.7,2.85,0.0
2016-08-26 14:30:00,43.04,43.04,43.04,43.04,0.0,0.0,0.0,43.04,41.867,39.6085,0.0,4.7,2.85,0.0
2016-08-26 14:00:00,43.04,43.04,43.04,43.04,0.0,0.0,0.0,43.04,41.476,39.235,1.2,4.7,2.85,0.0
2016-08-26 13:30:00,43.04,43.04,43.04,43.04,0.0,0.0,0.0,43.04,41.085,38.8615,9.4,4.7,2.85,0.0
2016-08-26 11:30:00,43.04,43.04,43.04,43.04,0.0,0.0,0.0,42.258,40.694,38.3265,9.4,4.7,2.85,0.0
2016-08-26 11:00:00,43.04,43.04,43.04,43.04,0.0,0.0,0.0,41.476,40.303,37.7915,9.4,4.7,3.35,0.0
2016-08-26 10:30:00,43.04,43.04,43.04,43.04,6.0,0.0,0.0,40.694,39.912,37.2565,9.4,5.7,3.35,0.0
2016-08-26 10:00:00,43.04,43.04,43.04,43.04,41.0,0.0,0.0,39.912,39.165,36.7215,8.2,5.1,3.05,0.02
2016-08-25 15:00:00,39.13,39.13,39.13,39.13,0.0,0.0,0.0,39.13,38.418,36.1865,0.0,1.0,1.75,0.0
2016-08-25 14:30:00,39.13,39.13,39.13,39.13,0.0,0.0,0.0,39.13,38.062,35.847,0.0,1.0,2.21,0.0
2016-08-25 14:00:00,39.13,39.13,39.13,39.13,0.0,0.0,0.0,39.13,37.706,35.5075,0.0,1.0,4.21,0.0
