2017-06-30,58.420,55.868,53.540,52.437,54.534
2017-06-29,57.724,55.214,52.973,52.338,54.484
2017-06-28,56.890,54.718,52.371,52.263,54.397
2017-06-27,55.874,54.117,51.887,52.107,54.312
2017-06-26,54.556,53.510,51.424,51.934,54.261
2017-06-23,53.316,52.726,50.946,51.758,54.239
2017-06-22,52.704,52.398,50.685,51.670,54.269
2017-06-21,52.546,52.211,50.481,51.721,54.273
2017-06-20,52.360,52.060,50.424,51.758,54.320
2017-06-19,52.464,51.680,50.562,51.854,54.348
2017-06-16,52.136,51.212,50.721,52.012,54.353
2017-06-15,52.092,50.733,50.899,52.240,54.358
2017-06-14,51.876,50.024,51.035,52.399,54.396
2017-06-13,51.760,49.657,51.102,52.641,54.428
2017-06-12,50.896,49.339,51.145,52.831,54.445
2017-06-09,50.288,49.167,51.273,52.963,54.493
2017-06-08,49.374,48.973,51.305,53.068,54.497
2017-06-07,48.172,48.751,51.476,53.171,54.514
2017-06-06,47.554,48.788,51.607,53.278,54.530
2017-06-05,47.782,49.445,51.941,53.503,54.610
2017-06-02,48.046,50.230,52.412,53.824,54.717
2017-06-01,48.572,51.066,52.993,54.138,54.836
2017-05-31,49.330,52.047,53.586,54.476,54.973
2017-05-26,50.022,52.547,54.132,54.761,55.032
2017-05-25,51.108,52.952,54.578,55.091,55.039
2017-05-24,52.414,53.380,54.861,55.450,55.004
2017-05-23,53.560,53.638,55.115,55.826,54.964
2017-05-22,54.764,54.202,55.381,56.083,54.921
2017-05-19,55.072,54.426,55.523,56.356,54.811
2017-05-18,54.796,54.438,55.532,56.519,54.661
2017-05-17,54.346,54.593,55.622,56.631,54.477
2017-05-16,53.716,54.920,55.675,56.631,54.315
2017-05-15,53.640,55.126,55.691,56.531,54.201
2017-05-12,53.780,55.718,55.868,56.516,54.116
2017-05-11,54.080,56.203,56.160,56.589,53.988
2017-05-10,54.840,56.342,56.485,56.721,53.834
2017-05-09,56.124,56.592,56.920,56.868,53.689
2017-05-08,56.612,56.561,57.024,56.824,53.532
2017-05-05,57.656,56.621,57.321,56.881,53.400
2017-05-04,58.326,56.626,57.560,56.841,53.222
2017-05-03,57.844,56.650,57.650,56.694,53.027
2017-05-02,57.060,56.429,57.487,56.477,52.766
2017-04-28,56.510,56.255,57.234,56.393,52.570
2017-04-27,55.586,56.019,56.915,56.215,52.345
2017-04-26,54.926,56.117,56.782,56.059,52.134
2017-04-25,55.456,56.628,56.910,56.023,51.966
2017-04-24,55.798,57.249,57.006,55.927,51.781
2017-04-21,56.000,57.487,56.956,55.856,51.578
2017-04-20,56.452,58.020,57.012,55.782,51.312
2017-04-19,57.308,58.493,56.949,55.717,51.073
2017-04-18,57.800,58.649,56.717,55.609,50.776
2017-04-17,58.700,58.544,56.501,55.533,50.509
2017-04-14,58.974,58.212,56.462,55.470,50.271
2017-04-13,59.588,57.811,56.314,55.303,49.951
2017-04-12,59.678,57.446,56.031,54.987,49.533
2017-04-11,59.498,57.192,55.720,54.557,49.050
2017-04-10,58.388,56.763,55.266,54.102,48.505
2017-04-07,57.450,56.425,55.041,53.759,47.982
2017-04-06,56.034,56.003,54.664,53.266,47.372
2017-04-05,55.214,55.405,54.329,52.803,46.730
2017-03-31,54.886,54.784,54.089,52.323,46.064
2017-03-30,55.138,54.458,54.027,51.999,45.432
2017-03-29,55.400,54.711,54.099,51.872,44.824
2017-03-28,55.972,54.816,54.049,51.717,44.184
2017-03-27,55.596,54.615,53.758,51.387,-1
2017-03-24,54.682,54.248,53.240,50.948,-1
2017-03-23,53.778,53.768,52.772,50.510,-1
2017-03-22,54.022,53.656,52.427,50.240,-1
2017-03-21,53.660,53.324,51.898,49.920,-1
2017-03-20,53.634,53.252,51.502,49.603,-1
2017-03-17,53.814,53.394,51.093,49.359,-1
2017-03-16,53.758,53.596,50.769,49.055,-1
2017-03-15,53.290,53.487,50.453,48.747,-1
2017-03-14,52.988,53.281,50.168,48.474,-1
2017-03-13,52.870,52.900,49.773,48.208,-1
2017-03-10,52.974,52.232,49.298,47.908,-1
2017-03-09,53.434,51.776,48.882,47.635,-1
2017-03-08,53.684,51.197,48.532,47.300,-1
2017-03-07,53.574,50.472,48.218,46.842,-1
2017-03-06,52.930,49.752,47.779,46.429,-1
2017-03-03,51.490,48.791,47.342,45.942,-1
2017-03-02,50.118,47.942,46.785,45.485,-1
2017-03-01,48.710,47.418,46.378,45.072,-1
2017-02-28,47.370,47.054,46.071,44.600,-1
2017-02-27,46.574,46.646,45.862,44.079,-1
2017-02-24,46.092,46.363,45.747,43.543,-1
2017-02-23,45.766,45.987,45.564,42.908,-1
2017-02-22,46.126,45.867,45.351,42.204,-1
2017-02-21,46.738,45.963,45.026,41.478,-1
2017-02-20,46.718,45.805,44.767,40.656,-1
2017-02-17,46.634,45.893,44.517,39.805,-1
2017-02-16,46.208,45.627,44.257,38.866,-1
2017-02-15,45.608,45.337,43.899,37.776,-1
2017-02-14,45.188,45.087,43.373,36.652,-1
2017-02-13,44.892,45.078,42.796,-1,-1
2017-02-10,45.152,45.130,42.133,-1,-1
2017-02-09,45.046,45.142,41.368,-1,-1
2017-02-08,45.066,44.835,40.373,-1,-1
2017-02-07,44.986,44.090,39.235,-1,-1
2017-02-06,45.264,43.730,38.081,-1,-1
2017-02-03,45.108,43.142,36.761,-1,-1
2017-02-02,45.238,42.887,35.485,-1,-1
2017-01-26,44.604,42.462,33.996,-1,-1
2017-01-25,43.194,41.659,32.434,-1,-1
2017-01-24,42.196,40.514,-1,-1,-1
2017-01-23,41.176,39.136,-1,-1,-1
2017-01-20,40.536,37.594,-1,-1,-1
2017-01-19,40.320,35.911,-1,-1,-1
2017-01-18,40.124,34.381,-1,-1,-1
2017-01-17,38.832,32.433,-1,-1,-1
2017-01-16,37.096,30.381,-1,-1,-1
2017-01-13,34.652,28.083,-1,-1,-1
2017-01-12,31.502,25.530,-1,-1,-1
2017-01-11,28.638,23.209,-1,-1,-1
2017-01-10,26.034,-1,-1,-1,-1
2017-01-09,23.666,-1,-1,-1,-1
2017-01-06,21.514,-1,-1,-1,-1
2017-01-05,19.558,-1,-1,-1,-1
2017-01-04,17.780,-1,-1,-1,-1
2017-01-03,-1,-1,-1,-1,-1
2016-12-30,-1,-1,-1,-1,-1
2016-12-29,-1,-1,-1,-1,-1
2016-12-28,-1,-1,-1,-1,-1
