Not
2017-03-17@15:00:00,-0.024,-0.024,0.000
2017-03-17@14:00:00,-0.016,-0.024,0.008
2017-03-17@11:30:00,-0.014,-0.026,0.012
2017-03-17@10:30:00,-0.012,-0.029,0.017
2017-03-16@15:00:00,-0.013,-0.033,0.021
2017-03-16@14:00:00,-0.017,-0.038,0.021
2017-03-16@11:30:00,-0.022,-0.044,0.022
2017-03-16@10:30:00,-0.027,-0.049,0.022
2017-03-15@15:00:00,-0.038,-0.055,0.017
2017-03-15@14:00:00,-0.044,-0.059,0.015
2017-03-15@11:30:00,-0.048,-0.062,0.015
2017-03-15@10:30:00,-0.055,-0.066,0.011
2017-03-14@15:00:00,-0.057,-0.069,0.012
2017-03-14@14:00:00,-0.062,-0.072,0.010
2017-03-14@11:30:00,-0.066,-0.075,0.008
2017-03-14@10:30:00,-0.069,-0.077,0.008
2017-03-13@15:00:00,-0.075,-0.078,0.004
2017-03-13@14:00:00,-0.082,-0.079,-0.003
2017-03-13@11:30:00,-0.087,-0.079,-0.008
2017-03-13@10:30:00,-0.092,-0.077,-0.015
2017-03-10@15:00:00,-0.094,-0.073,-0.021
2017-03-10@14:00:00,-0.088,-0.068,-0.021
2017-03-10@11:30:00,-0.086,-0.062,-0.023
2017-03-10@10:30:00,-0.081,-0.056,-0.025
2017-03-09@15:00:00,-0.075,-0.050,-0.025
2017-03-09@14:00:00,-0.067,-0.044,-0.023
2017-03-09@11:30:00,-0.057,-0.038,-0.019
2017-03-09@10:30:00,-0.049,-0.034,-0.016
2017-03-08@15:00:00,-0.041,-0.030,-0.011
2017-03-08@14:00:00,-0.039,-0.027,-0.012
2017-03-08@11:30:00,-0.037,-0.024,-0.013
2017-03-08@10:30:00,-0.037,-0.021,-0.017
2017-03-07@15:00:00,-0.033,-0.017,-0.016
2017-03-07@14:00:00,-0.026,-0.013,-0.014
2017-03-07@11:30:00,-0.022,-0.009,-0.013
2017-03-07@10:30:00,-0.017,-0.006,-0.011
2017-03-06@15:00:00,-0.016,-0.003,-0.013
2017-03-06@14:00:00,-0.016,0.000,-0.016
2017-03-06@11:30:00,-0.012,0.004,-0.016
2017-03-06@10:30:00,-0.012,0.008,-0.020
2017-03-03@15:00:00,-0.013,0.013,-0.027
2017-03-03@14:00:00,-0.008,0.020,-0.028
2017-03-03@11:30:00,-0.000,0.027,-0.027
2017-03-03@10:30:00,0.006,0.034,-0.028
2017-03-02@15:00:00,0.015,0.041,-0.026
2017-03-02@14:00:00,0.028,0.047,-0.019
2017-03-02@11:30:00,0.036,0.052,-0.016
2017-03-02@10:30:00,0.043,0.056,-0.013
2017-03-01@15:00:00,0.052,0.059,-0.008
2017-03-01@14:00:00,0.059,0.061,-0.002
2017-03-01@11:30:00,0.062,0.062,0.001
2017-03-01@10:30:00,0.064,0.062,0.003
2017-02-28@15:00:00,0.063,0.061,0.002
2017-02-28@14:00:00,0.065,0.061,0.004
2017-02-28@11:30:00,0.071,0.059,0.011
2017-02-28@10:30:00,0.071,0.057,0.015
2017-02-27@15:00:00,0.072,0.053,0.019
2017-02-27@14:00:00,0.072,0.048,0.024
2017-02-27@11:30:00,0.066,0.042,0.023
2017-02-27@10:30:00,0.045,0.036,0.009
2017-02-24@15:00:00,0.034,0.034,-0.000
2017-02-24@14:00:00,0.027,0.034,-0.007
2017-02-24@11:30:00,0.027,0.036,-0.009
2017-02-24@10:30:00,0.026,0.038,-0.013
2017-02-23@15:00:00,0.030,0.042,-0.011
2017-02-23@14:00:00,0.032,0.044,-0.012
2017-02-23@11:30:00,0.039,0.047,-0.008
2017-02-23@10:30:00,0.050,0.049,0.001
2017-02-22@15:00:00,0.061,0.049,0.012
2017-02-22@14:00:00,0.059,0.046,0.013
2017-02-22@11:30:00,0.054,0.043,0.011
2017-02-22@10:30:00,0.048,0.040,0.007
2017-02-21@15:00:00,0.039,0.039,0.000
2017-02-21@14:00:00,0.035,0.039,-0.003
2017-02-21@11:30:00,0.027,0.039,-0.012
2017-02-21@10:30:00,0.028,0.042,-0.014
2017-02-20@15:00:00,0.029,0.046,-0.017
2017-02-20@14:00:00,0.027,0.050,-0.023
2017-02-20@11:30:00,0.031,0.056,-0.025
2017-02-20@10:30:00,0.037,0.062,-0.026
2017-02-17@15:00:00,0.040,0.069,-0.028
2017-02-17@14:00:00,0.055,0.076,-0.021
2017-02-17@11:30:00,0.065,0.081,-0.016
2017-02-17@10:30:00,0.076,0.085,-0.009
2017-02-16@15:00:00,0.082,0.087,-0.005
2017-02-16@14:00:00,0.085,0.088,-0.003
2017-02-16@11:30:00,0.091,0.089,0.001
2017-02-16@10:30:00,0.096,0.089,0.007
2017-02-15@15:00:00,0.102,0.087,0.015
2017-02-15@14:00:00,0.105,0.083,0.022
2017-02-15@11:30:00,0.102,0.078,0.025
2017-02-15@10:30:00,0.093,0.071,0.022
2017-02-14@15:00:00,0.081,0.066,0.015
2017-02-14@14:00:00,0.061,0.062,-0.001
2017-02-14@11:30:00,0.066,0.062,0.003
2017-02-14@10:30:00,0.068,0.062,0.006
2017-02-13@15:00:00,0.073,0.060,0.012
2017-02-13@14:00:00,0.074,0.057,0.017
2017-02-13@11:30:00,0.075,0.053,0.022
2017-02-13@10:30:00,0.071,0.047,0.023
2017-02-10@15:00:00,0.063,0.041,0.022
2017-02-10@14:00:00,0.062,0.036,0.026
2017-02-10@11:30:00,0.057,0.029,0.027
2017-02-10@10:30:00,0.051,0.022,0.029
2017-02-09@15:00:00,0.042,0.015,0.027
2017-02-09@14:00:00,0.027,0.009,0.018
2017-02-09@11:30:00,0.011,0.004,0.007
2017-02-09@10:30:00,0.008,0.002,0.006
2017-02-08@15:00:00,0.004,0.001,0.003
2017-02-08@14:00:00,-0.001,0.000,-0.001
2017-02-08@11:30:00,-0.002,0.000,-0.003
2017-02-08@10:30:00,0.000,0.001,-0.001
2017-02-07@15:00:00,0.009,0.001,0.007
2017-02-07@14:00:00,0.008,-0.001,0.008
2017-02-07@11:30:00,0.010,-0.003,0.012
2017-02-07@10:30:00,0.012,-0.006,0.018
2017-02-06@15:00:00,0.007,-0.010,0.017
2017-02-06@14:00:00,0.001,-0.014,0.015
2017-02-06@11:30:00,-0.003,-0.018,0.016
2017-02-06@10:30:00,-0.007,-0.022,0.015
2017-02-03@15:00:00,-0.011,-0.026,0.015
2017-02-03@14:00:00,-0.012,-0.030,0.018
2017-02-03@11:30:00,-0.016,-0.034,0.018
2017-02-03@10:30:00,-0.021,-0.038,0.018
2017-01-26@15:00:00,-0.024,-0.043,0.019
2017-01-26@14:00:00,-0.027,-0.048,0.021
2017-01-26@11:30:00,-0.032,-0.053,0.021
2017-01-26@10:30:00,-0.036,-0.058,0.022
2017-01-25@15:00:00,-0.043,-0.064,0.020
2017-01-25@14:00:00,-0.048,-0.069,0.020
2017-01-25@11:30:00,-0.051,-0.074,0.022
2017-01-25@10:30:00,-0.057,-0.079,0.022
2017-01-24@15:00:00,-0.062,-0.085,0.023
2017-01-24@14:00:00,-0.067,-0.091,0.024
2017-01-24@11:30:00,-0.074,-0.096,0.022
2017-01-24@10:30:00,-0.079,-0.102,0.023
2017-01-23@15:00:00,-0.085,-0.108,0.023
2017-01-23@14:00:00,-0.091,-0.113,0.022
2017-01-23@11:30:00,-0.100,-0.119,0.019
2017-01-23@10:30:00,-0.111,-0.124,0.012
2017-01-20@15:00:00,-0.128,-0.127,-0.001
2017-01-20@14:00:00,-0.129,-0.126,-0.002
2017-01-20@11:30:00,-0.134,-0.126,-0.008
2017-01-20@10:30:00,-0.134,-0.124,-0.010
2017-01-19@15:00:00,-0.129,-0.121,-0.008
2017-01-19@14:00:00,-0.117,-0.119,0.002
2017-01-19@11:30:00,-0.114,-0.120,0.006
2017-01-19@10:30:00,-0.112,-0.121,0.009
2017-01-18@15:00:00,-0.110,-0.123,0.013
2017-01-18@14:00:00,-0.107,-0.127,0.020
2017-01-18@11:30:00,-0.111,-0.131,0.020
2017-01-18@10:30:00,-0.119,-0.137,0.018
2017-01-17@15:00:00,-0.130,-0.141,0.011
2017-01-17@14:00:00,-0.141,-0.144,0.003
2017-01-17@11:30:00,-0.149,-0.145,-0.005
2017-01-17@10:30:00,-0.150,-0.143,-0.006
2017-01-16@15:00:00,-0.154,-0.142,-0.012
2017-01-16@14:00:00,-0.162,-0.139,-0.024
2017-01-16@11:30:00,-0.167,-0.133,-0.034
2017-01-16@10:30:00,-0.158,-0.124,-0.033
2017-01-13@15:00:00,-0.155,-0.116,-0.039
2017-01-13@14:00:00,-0.149,-0.106,-0.042
2017-01-13@11:30:00,-0.140,-0.096,-0.044
2017-01-13@10:30:00,-0.135,-0.084,-0.051
2017-01-12@15:00:00,-0.120,-0.072,-0.048
2017-01-12@14:00:00,-0.106,-0.060,-0.046
2017-01-12@11:30:00,-0.093,-0.048,-0.045
2017-01-12@10:30:00,-0.082,-0.037,-0.046
2017-01-11@15:00:00,-0.063,-0.025,-0.038
2017-01-11@14:00:00,-0.052,-0.016,-0.036
2017-01-11@11:30:00,-0.038,-0.007,-0.031
2017-01-11@10:30:00,-0.025,0.001,-0.026
2017-01-10@15:00:00,-0.011,0.007,-0.017
2017-01-10@14:00:00,0.006,0.011,-0.005
2017-01-10@11:30:00,0.011,0.013,-0.002
2017-01-10@10:30:00,0.009,0.013,-0.005
2017-01-09@15:00:00,0.010,0.014,-0.005
2017-01-09@14:00:00,0.002,0.015,-0.014
2017-01-09@11:30:00,0.007,0.019,-0.012
2017-01-09@10:30:00,0.004,0.022,-0.018
2017-01-06@15:00:00,0.023,0.026,-0.003
2017-01-06@14:00:00,0.033,0.027,0.005
2017-01-06@11:30:00,0.034,0.026,0.008
2017-01-06@10:30:00,0.030,0.024,0.007
2017-01-05@15:00:00,0.025,0.022,0.003
2017-01-05@14:00:00,0.012,0.021,-0.009
2017-01-05@11:30:00,0.012,0.024,-0.012
2017-01-05@10:30:00,0.013,0.027,-0.014
2017-01-04@15:00:00,0.022,0.030,-0.008
2017-01-04@14:00:00,0.022,0.032,-0.010
2017-01-04@11:30:00,0.020,0.035,-0.015
2017-01-04@10:30:00,0.020,0.038,-0.018
2017-01-03@15:00:00,0.026,0.043,-0.017
2017-01-03@14:00:00,0.030,0.047,-0.017
2017-01-03@11:30:00,0.032,0.051,-0.019
2017-01-03@10:30:00,0.033,0.056,-0.023
2016-12-30@15:00:00,0.032,0.062,-0.030
2016-12-30@14:00:00,0.044,0.070,-0.026
2016-12-30@11:30:00,0.048,0.076,-0.028
2016-12-30@10:30:00,0.056,0.083,-0.027
2016-12-29@15:00:00,0.062,0.090,-0.027
2016-12-29@14:00:00,0.076,0.097,-0.021
2016-12-29@11:30:00,0.084,0.102,-0.018
2016-12-29@10:30:00,0.089,0.106,-0.017
2016-12-28@15:00:00,0.100,0.111,-0.011
2016-12-28@14:00:00,0.107,0.113,-0.007
2016-12-28@11:30:00,0.116,0.115,0.001
2016-12-28@10:30:00,0.131,0.115,0.017
2016-12-27@15:00:00,0.141,0.111,0.030
2016-12-27@14:00:00,0.142,0.103,0.039
2016-12-27@11:30:00,0.142,0.093,0.049
2016-12-27@10:30:00,0.138,0.081,0.057
2016-12-26@15:00:00,0.127,0.067,0.060
2016-12-26@14:00:00,0.097,0.052,0.045
2016-12-26@11:30:00,0.085,0.040,0.044
2016-12-26@10:30:00,0.071,0.029,0.042
2016-12-23@15:00:00,0.056,0.019,0.038
2016-12-23@14:00:00,0.041,0.010,0.031
2016-12-23@11:30:00,0.032,0.002,0.030
2016-12-23@10:30:00,0.019,-0.006,0.025
2016-12-22@15:00:00,0.005,-0.012,0.017
2016-12-22@14:00:00,0.001,-0.016,0.018
2016-12-22@11:30:00,-0.003,-0.021,0.017
2016-12-22@10:30:00,-0.015,-0.025,0.010
2016-12-21@15:00:00,-0.016,-0.028,0.012
2016-12-21@14:00:00,-0.028,-0.031,0.002
2016-12-21@11:30:00,-0.038,-0.031,-0.007
2016-12-21@10:30:00,-0.047,-0.029,-0.018
2016-12-20@15:00:00,-0.059,-0.025,-0.034
2016-12-20@14:00:00,-0.056,-0.016,-0.040
2016-12-20@11:30:00,-0.050,-0.006,-0.043
2016-12-20@10:30:00,-0.042,0.004,-0.047
2016-12-19@15:00:00,-0.024,0.016,-0.040
2016-12-19@14:00:00,-0.021,0.026,-0.047
2016-12-19@11:30:00,-0.012,0.038,-0.050
2016-12-19@10:30:00,-0.007,0.050,-0.058
2016-12-16@15:00:00,0.005,0.065,-0.059
2016-12-16@14:00:00,0.026,0.080,-0.054
2016-12-16@11:30:00,0.041,0.093,-0.052
2016-12-16@10:30:00,0.063,0.106,-0.043
2016-12-15@15:00:00,0.085,0.117,-0.032
2016-12-15@14:00:00,0.094,0.125,-0.031
2016-12-15@11:30:00,0.113,0.133,-0.020
2016-12-15@10:30:00,0.123,0.138,-0.014
2016-12-14@15:00:00,0.128,0.141,-0.014
2016-12-14@14:00:00,0.150,0.145,0.005
2016-12-14@11:30:00,0.151,0.143,0.008
2016-12-14@10:30:00,0.143,0.141,0.001
2016-12-13@15:00:00,0.135,0.141,-0.006
2016-12-13@14:00:00,0.119,0.143,-0.023
2016-12-13@11:30:00,0.111,0.148,-0.038
2016-12-13@10:30:00,0.118,0.158,-0.039
2016-12-12@15:00:00,0.134,0.168,-0.034
2016-12-12@14:00:00,0.152,0.176,-0.024
2016-12-12@11:30:00,0.148,0.182,-0.034
2016-12-12@10:30:00,0.159,0.191,-0.032
2016-12-09@15:00:00,0.168,0.199,-0.031
2016-12-09@14:00:00,0.172,0.206,-0.034
2016-12-09@11:30:00,0.190,0.215,-0.025
2016-12-09@10:30:00,0.208,0.221,-0.013
2016-12-08@15:00:00,0.223,0.224,-0.001
2016-12-08@14:00:00,0.230,0.224,0.006
2016-12-08@11:30:00,0.229,0.223,0.006
2016-12-08@10:30:00,0.233,0.221,0.011
2016-12-07@15:00:00,0.240,0.219,0.021
2016-12-07@14:00:00,0.228,0.213,0.014
2016-12-07@11:30:00,0.215,0.210,0.006
2016-12-07@10:30:00,0.207,0.208,-0.002
2016-12-06@15:00:00,0.207,0.209,-0.002
2016-12-06@14:00:00,0.218,0.209,0.008
2016-12-06@11:30:00,0.218,0.207,0.011
2016-12-06@10:30:00,0.210,0.205,0.005
2016-12-05@15:00:00,0.215,0.203,0.011
2016-12-05@14:00:00,0.208,0.200,0.007
2016-12-05@11:30:00,0.195,0.199,-0.004
2016-12-05@10:30:00,0.201,0.200,0.001
2016-12-02@15:00:00,0.217,0.199,0.017
2016-12-02@14:00:00,0.228,0.195,0.032
2016-12-02@11:30:00,0.231,0.187,0.044
2016-12-02@10:30:00,0.238,0.176,0.062
2016-12-01@15:00:00,0.225,0.161,0.064
2016-12-01@14:00:00,0.210,0.145,0.065
2016-12-01@11:30:00,0.192,0.128,0.064
2016-12-01@10:30:00,0.170,0.112,0.058
2016-11-30@15:00:00,0.161,0.098,0.063
2016-11-30@14:00:00,0.147,0.082,0.065
2016-11-30@11:30:00,0.126,0.066,0.060
2016-11-30@10:30:00,0.095,0.051,0.044
2016-10-13@15:00:00,0.055,0.040,0.015
2016-10-13@14:00:00,0.055,0.036,0.019
2016-10-13@11:30:00,0.053,0.032,0.021
2016-10-13@10:30:00,0.048,0.027,0.021
2016-10-12@15:00:00,0.044,0.021,0.022
2016-10-12@14:00:00,0.042,0.016,0.026
2016-10-12@11:30:00,0.038,0.009,0.029
2016-10-12@10:30:00,0.033,0.002,0.031
2016-10-11@15:00:00,0.029,-0.006,0.035
2016-10-11@14:00:00,0.022,-0.015,0.037
2016-10-11@11:30:00,0.015,-0.024,0.039
2016-10-11@10:30:00,0.004,-0.034,0.038
2016-10-10@15:00:00,-0.009,-0.043,0.034
2016-10-10@14:00:00,-0.019,-0.052,0.033
2016-10-10@11:30:00,-0.029,-0.060,0.031
2016-10-10@10:30:00,-0.044,-0.068,0.024
2016-09-30@15:00:00,-0.054,-0.074,0.020
2016-09-30@14:00:00,-0.060,-0.079,0.018
2016-09-30@11:30:00,-0.066,-0.083,0.018
2016-09-30@10:30:00,-0.072,-0.088,0.016
2016-09-29@15:00:00,-0.078,-0.092,0.013
2016-09-29@14:00:00,-0.082,-0.095,0.013
2016-09-29@11:30:00,-0.090,-0.098,0.008
2016-09-29@10:30:00,-0.096,-0.100,0.004
2016-09-28@15:00:00,-0.103,-0.101,-0.002
2016-09-28@14:00:00,-0.106,-0.101,-0.005
2016-09-28@11:30:00,-0.109,-0.100,-0.010
2016-09-28@10:30:00,-0.113,-0.097,-0.015
2016-09-27@15:00:00,-0.115,-0.093,-0.022
2016-09-27@14:00:00,nan,nan,nan
2016-09-27@11:30:00,nan,nan,nan
2016-09-27@10:30:00,nan,nan,nan
2016-09-26@15:00:00,nan,nan,nan
2016-09-26@14:00:00,nan,nan,nan
2016-09-26@11:30:00,nan,nan,nan
2016-09-26@10:30:00,nan,nan,nan
2016-09-23@15:00:00,nan,nan,nan
2016-09-23@14:00:00,nan,nan,nan
2016-09-23@11:30:00,nan,nan,nan
2016-09-23@10:30:00,nan,nan,nan
2016-09-22@15:00:00,nan,nan,nan
2016-09-22@14:00:00,nan,nan,nan
2016-09-22@11:30:00,nan,nan,nan
2016-09-22@10:30:00,nan,nan,nan
2016-09-21@15:00:00,nan,nan,nan
2016-09-21@14:00:00,nan,nan,nan
2016-09-21@11:30:00,nan,nan,nan
2016-09-21@10:30:00,nan,nan,nan
2016-09-20@15:00:00,nan,nan,nan
2016-09-20@14:00:00,nan,nan,nan
2016-09-20@11:30:00,nan,nan,nan
2016-09-20@10:30:00,nan,nan,nan
2016-09-19@15:00:00,nan,nan,nan
2016-09-19@14:00:00,nan,nan,nan
2016-09-19@11:30:00,nan,nan,nan
2016-09-19@10:30:00,nan,nan,nan
2016-09-14@15:00:00,nan,nan,nan
2016-09-14@14:00:00,nan,nan,nan
2016-09-14@11:30:00,nan,nan,nan
2016-09-14@10:30:00,nan,nan,nan
2016-09-13@15:00:00,nan,nan,nan
2016-09-13@14:00:00,nan,nan,nan
