Not
2017-01-06@15:00:00,0.015,0.020,-0.006
2017-01-06@14:30:00,0.025,0.022,0.003
2017-01-06@14:00:00,0.029,0.021,0.008
2017-01-06@13:30:00,0.032,0.019,0.013
2017-01-06@11:30:00,0.033,0.016,0.018
2017-01-06@11:00:00,0.032,0.011,0.021
2017-01-06@10:30:00,0.028,0.006,0.022
2017-01-06@10:00:00,0.025,0.001,0.024
2017-01-05@15:00:00,0.011,-0.005,0.017
2017-01-05@14:30:00,-0.004,-0.010,0.006
2017-01-05@14:00:00,-0.010,-0.011,0.001
2017-01-05@13:30:00,-0.015,-0.011,-0.003
2017-01-05@11:30:00,-0.014,-0.011,-0.003
2017-01-05@11:00:00,-0.017,-0.010,-0.008
2017-01-05@10:30:00,-0.013,-0.008,-0.005
2017-01-05@10:00:00,-0.007,-0.006,-0.001
2017-01-04@15:00:00,-0.002,-0.006,0.004
2017-01-04@14:30:00,-0.005,-0.007,0.002
2017-01-04@14:00:00,-0.004,-0.008,0.004
2017-01-04@13:30:00,-0.009,-0.009,-0.000
2017-01-04@11:30:00,-0.009,-0.009,-0.000
2017-01-04@11:00:00,-0.012,-0.009,-0.003
2017-01-04@10:30:00,-0.011,-0.008,-0.003
2017-01-04@10:00:00,-0.007,-0.007,-0.000
2017-01-03@15:00:00,-0.005,-0.007,0.002
2017-01-03@14:30:00,-0.005,-0.008,0.003
2017-01-03@14:00:00,-0.004,-0.008,0.004
2017-01-03@13:30:00,-0.005,-0.009,0.005
2017-01-03@11:30:00,-0.007,-0.011,0.004
2017-01-03@11:00:00,-0.009,-0.012,0.003
2017-01-03@10:30:00,-0.015,-0.012,-0.003
2017-01-03@10:00:00,-0.021,-0.012,-0.010
2016-12-30@15:00:00,-0.023,-0.009,-0.014
2016-12-30@14:30:00,-0.017,-0.006,-0.011
2016-12-30@14:00:00,-0.011,-0.003,-0.008
2016-12-30@13:30:00,-0.012,-0.001,-0.011
2016-12-30@11:30:00,-0.011,0.002,-0.013
2016-12-30@11:00:00,-0.008,0.005,-0.013
2016-12-30@10:30:00,-0.008,0.008,-0.016
2016-12-30@10:00:00,-0.007,0.012,-0.018
2016-12-29@15:00:00,-0.003,0.016,-0.019
2016-12-29@14:30:00,0.006,0.021,-0.015
2016-12-29@14:00:00,0.008,0.025,-0.017
2016-12-29@13:30:00,0.012,0.029,-0.018
2016-12-29@11:30:00,0.015,0.034,-0.019
2016-12-29@11:00:00,0.016,0.038,-0.023
2016-12-29@10:30:00,0.020,0.044,-0.024
2016-12-29@10:00:00,0.027,0.050,-0.023
2016-12-28@15:00:00,0.029,0.056,-0.027
2016-12-28@14:30:00,0.033,0.063,-0.030
2016-12-28@14:00:00,0.036,0.070,-0.034
2016-12-28@13:30:00,0.042,0.079,-0.037
2016-12-28@11:30:00,0.053,0.088,-0.035
2016-12-28@11:00:00,0.069,0.097,-0.028
2016-12-28@10:30:00,0.080,0.104,-0.024
2016-12-28@10:00:00,0.092,0.110,-0.018
2016-12-27@15:00:00,0.104,0.115,-0.010
2016-12-27@14:30:00,0.112,0.117,-0.005
2016-12-27@14:00:00,0.113,0.118,-0.005
2016-12-27@13:30:00,0.120,0.120,0.001
2016-12-27@11:30:00,0.127,0.119,0.007
2016-12-27@11:00:00,0.132,0.118,0.014
2016-12-27@10:30:00,0.136,0.114,0.022
2016-12-27@10:00:00,0.136,0.109,0.027
2016-12-26@15:00:00,0.131,0.102,0.029
2016-12-26@14:30:00,0.111,0.094,0.017
2016-12-26@14:00:00,0.105,0.090,0.015
2016-12-26@13:30:00,0.103,0.087,0.017
2016-12-26@11:30:00,0.099,0.082,0.016
2016-12-26@11:00:00,0.095,0.078,0.017
2016-12-26@10:30:00,0.099,0.074,0.025
2016-12-26@10:00:00,0.096,0.068,0.028
2016-12-23@15:00:00,0.085,0.061,0.024
2016-12-23@14:30:00,0.080,0.055,0.025
2016-12-23@14:00:00,0.064,0.049,0.015
2016-12-23@13:30:00,0.062,0.045,0.017
2016-12-23@11:30:00,0.062,0.041,0.021
2016-12-23@11:00:00,0.057,0.036,0.021
2016-12-23@10:30:00,0.048,0.030,0.017
2016-12-23@10:00:00,0.041,0.026,0.015
2016-12-22@15:00:00,0.034,0.022,0.011
2016-12-22@14:30:00,0.035,0.019,0.016
2016-12-22@14:00:00,0.032,0.015,0.017
2016-12-22@13:30:00,0.032,0.011,0.021
2016-12-22@11:30:00,0.032,0.006,0.026
2016-12-22@11:00:00,0.026,-0.001,0.026
2016-12-22@10:30:00,0.014,-0.007,0.021
2016-12-22@10:00:00,0.016,-0.012,0.029
2016-12-21@15:00:00,0.014,-0.020,0.034
2016-12-21@14:30:00,0.004,-0.028,0.032
2016-12-21@14:00:00,-0.004,-0.036,0.032
2016-12-21@13:30:00,-0.014,-0.044,0.030
2016-12-21@11:30:00,-0.023,-0.052,0.029
2016-12-21@11:00:00,-0.034,-0.059,0.025
2016-12-21@10:30:00,-0.040,-0.065,0.025
2016-12-21@10:00:00,-0.057,-0.071,0.014
2016-12-20@15:00:00,-0.072,-0.075,0.003
2016-12-20@14:30:00,-0.077,-0.075,-0.002
2016-12-20@14:00:00,-0.080,-0.075,-0.005
2016-12-20@13:30:00,-0.083,-0.074,-0.010
2016-12-20@11:30:00,-0.082,-0.071,-0.010
2016-12-20@11:00:00,-0.085,-0.069,-0.016
2016-12-20@10:30:00,-0.078,-0.065,-0.013
2016-12-20@10:00:00,-0.070,-0.061,-0.009
2016-12-19@15:00:00,-0.057,-0.059,0.002
2016-12-19@14:30:00,-0.062,-0.060,-0.002
2016-12-19@14:00:00,-0.065,-0.059,-0.006
2016-12-19@13:30:00,-0.065,-0.058,-0.007
2016-12-19@11:30:00,-0.066,-0.056,-0.010
2016-12-19@11:00:00,-0.071,-0.054,-0.018
2016-12-19@10:30:00,-0.071,-0.049,-0.021
2016-12-19@10:00:00,-0.069,-0.044,-0.025
2016-12-16@15:00:00,-0.067,-0.038,-0.029
2016-12-16@14:30:00,-0.058,-0.030,-0.027
2016-12-16@14:00:00,-0.053,-0.024,-0.030
2016-12-16@13:30:00,-0.050,-0.016,-0.034
2016-12-16@11:30:00,-0.042,-0.008,-0.035
2016-12-16@11:00:00,-0.030,0.001,-0.031
2016-12-16@10:30:00,-0.020,0.009,-0.029
2016-12-16@10:00:00,-0.006,0.016,-0.022
2016-12-15@15:00:00,-0.004,0.022,-0.026
2016-12-15@14:30:00,-0.004,0.028,-0.032
2016-12-15@14:00:00,0.006,0.036,-0.030
2016-12-15@13:30:00,0.018,0.044,-0.026
2016-12-15@11:30:00,0.033,0.050,-0.017
2016-12-15@11:00:00,0.040,0.054,-0.014
2016-12-15@10:30:00,0.039,0.058,-0.019
2016-12-15@10:00:00,0.039,0.062,-0.024
2016-12-14@15:00:00,0.054,0.068,-0.014
2016-12-14@14:30:00,0.075,0.072,0.003
2016-12-14@14:00:00,0.086,0.071,0.014
2016-12-14@13:30:00,0.088,0.068,0.021
2016-12-14@11:30:00,0.093,0.063,0.030
2016-12-14@11:00:00,0.086,0.055,0.031
2016-12-14@10:30:00,0.076,0.047,0.029
2016-12-14@10:00:00,0.068,0.040,0.028
2016-12-13@15:00:00,0.065,0.033,0.033
2016-12-13@14:30:00,0.049,0.025,0.024
2016-12-13@14:00:00,0.028,0.019,0.009
2016-12-13@13:30:00,0.013,0.016,-0.003
2016-12-13@11:30:00,0.001,0.017,-0.016
2016-12-13@11:00:00,-0.002,0.021,-0.023
2016-12-13@10:30:00,0.001,0.027,-0.026
2016-12-13@10:00:00,0.006,0.034,-0.028
2016-12-12@15:00:00,0.032,0.041,-0.009
2016-12-12@14:30:00,0.046,0.043,0.003
2016-12-12@14:00:00,0.047,0.042,0.005
2016-12-12@13:30:00,0.038,0.041,-0.002
2016-12-12@11:30:00,0.033,0.041,-0.009
2016-12-12@11:00:00,0.037,0.044,-0.007
2016-12-12@10:30:00,0.026,0.045,-0.020
2016-12-12@10:00:00,0.024,0.050,-0.026
2016-12-09@15:00:00,0.030,0.057,-0.027
2016-12-09@14:30:00,0.025,0.063,-0.039
2016-12-09@14:00:00,0.036,0.073,-0.037
2016-12-09@13:30:00,0.046,0.082,-0.037
2016-12-09@11:30:00,0.055,0.091,-0.036
2016-12-09@11:00:00,0.068,0.100,-0.032
2016-12-09@10:30:00,0.087,0.109,-0.021
2016-12-09@10:00:00,0.101,0.114,-0.013
2016-12-08@15:00:00,0.104,0.117,-0.014
2016-12-08@14:30:00,0.110,0.121,-0.010
2016-12-08@14:00:00,0.115,0.123,-0.008
2016-12-08@13:30:00,0.114,0.125,-0.011
2016-12-08@11:30:00,0.120,0.128,-0.008
2016-12-08@11:00:00,0.125,0.130,-0.005
2016-12-08@10:30:00,0.135,0.131,0.004
2016-12-08@10:00:00,0.147,0.130,0.017
2016-12-07@15:00:00,0.148,0.126,0.022
2016-12-07@14:30:00,0.142,0.120,0.022
2016-12-07@14:00:00,0.130,0.115,0.015
2016-12-07@13:30:00,0.121,0.111,0.010
2016-12-07@11:30:00,0.114,0.109,0.006
2016-12-07@11:00:00,0.108,0.107,0.000
2016-12-07@10:30:00,0.098,0.107,-0.010
2016-12-07@10:00:00,0.098,0.110,-0.012
2016-12-06@15:00:00,0.099,0.112,-0.013
2016-12-06@14:30:00,0.112,0.116,-0.004
2016-12-06@14:00:00,0.119,0.117,0.002
2016-12-06@13:30:00,0.122,0.116,0.006
2016-12-06@11:30:00,0.120,0.115,0.005
2016-12-06@11:00:00,0.114,0.113,0.001
2016-12-06@10:30:00,0.109,0.113,-0.004
2016-12-06@10:00:00,0.115,0.114,0.001
2016-12-05@15:00:00,0.120,0.114,0.006
2016-12-05@14:30:00,0.116,0.112,0.004
2016-12-05@14:00:00,0.115,0.111,0.004
2016-12-05@13:30:00,0.106,0.110,-0.005
2016-12-05@11:30:00,0.078,0.112,-0.034
2016-12-05@11:00:00,0.081,0.120,-0.040
2016-12-05@10:30:00,0.083,0.130,-0.047
2016-12-05@10:00:00,0.096,0.142,-0.046
2016-12-02@15:00:00,0.121,0.153,-0.032
2016-12-02@14:30:00,0.135,0.161,-0.026
2016-12-02@14:00:00,0.149,0.168,-0.019
2016-12-02@13:30:00,0.159,0.173,-0.013
2016-12-02@11:30:00,0.168,0.176,-0.008
2016-12-02@11:00:00,0.184,0.178,0.006
2016-12-02@10:30:00,0.192,0.176,0.015
2016-12-02@10:00:00,0.192,0.173,0.019
2016-12-01@15:00:00,0.181,0.168,0.013
2016-12-01@14:30:00,0.177,0.165,0.012
2016-12-01@14:00:00,0.180,0.162,0.018
2016-12-01@13:30:00,0.175,0.157,0.018
2016-12-01@11:30:00,0.171,0.153,0.018
2016-12-01@11:00:00,0.161,0.149,0.013
2016-12-01@10:30:00,0.158,0.145,0.012
2016-12-01@10:00:00,0.162,0.142,0.019
2016-11-30@15:00:00,0.164,0.137,0.027
2016-11-30@14:30:00,0.167,0.131,0.036
2016-11-30@14:00:00,0.168,0.122,0.046
2016-11-30@13:30:00,0.164,0.110,0.054
2016-11-30@11:30:00,0.154,0.096,0.058
2016-11-30@11:00:00,0.139,0.082,0.057
2016-11-30@10:30:00,0.112,0.068,0.045
2016-11-30@10:00:00,0.084,0.057,0.027
2016-10-13@15:00:00,0.045,0.050,-0.005
2016-10-13@14:30:00,0.048,0.051,-0.003
2016-10-13@14:00:00,0.051,0.052,-0.000
2016-10-13@13:30:00,0.053,0.052,0.001
2016-10-13@11:30:00,0.052,0.051,0.001
2016-10-13@11:00:00,0.051,0.051,0.000
2016-10-13@10:30:00,0.052,0.051,0.001
2016-10-13@10:00:00,0.052,0.051,0.001
2016-10-12@14:30:00,0.049,0.051,-0.002
2016-10-12@14:00:00,0.052,0.051,0.001
2016-10-12@13:30:00,0.053,0.051,0.002
2016-10-12@11:30:00,0.052,0.051,0.001
2016-10-12@11:00:00,0.051,0.050,0.001
2016-10-12@10:30:00,0.053,0.050,0.003
2016-10-12@10:00:00,0.055,0.049,0.006
2016-10-11@15:00:00,0.054,0.048,0.007
2016-10-11@14:30:00,0.054,0.046,0.008
2016-10-11@14:00:00,0.055,0.044,0.011
2016-10-11@13:30:00,0.055,0.041,0.014
2016-10-11@11:30:00,0.055,0.038,0.017
2016-10-11@11:00:00,0.052,0.034,0.018
2016-10-11@10:30:00,0.046,0.029,0.017
2016-10-11@10:00:00,0.040,0.025,0.015
2016-10-10@15:00:00,0.037,0.021,0.016
2016-10-10@14:30:00,0.034,0.017,0.017
2016-10-10@14:00:00,0.032,0.013,0.019
2016-10-10@13:30:00,0.029,0.008,0.020
2016-10-10@11:30:00,0.024,0.003,0.021
2016-10-10@11:00:00,0.015,-0.002,0.017
2016-10-10@10:30:00,0.008,-0.006,0.014
2016-10-10@10:00:00,0.003,-0.010,0.012
2016-09-30@14:30:00,-0.004,-0.013,0.009
2016-09-30@14:00:00,-0.006,-0.015,0.009
2016-09-30@13:30:00,-0.008,-0.017,0.009
2016-09-30@11:30:00,-0.009,-0.019,0.010
2016-09-30@11:00:00,-0.012,-0.022,0.010
2016-09-30@10:30:00,-0.012,-0.024,0.012
2016-09-30@10:00:00,-0.015,-0.027,0.012
2016-09-29@15:00:00,-0.017,-0.030,0.013
2016-09-29@14:30:00,-0.018,-0.034,0.016
2016-09-29@14:00:00,-0.022,-0.037,0.016
2016-09-29@13:30:00,-0.026,-0.041,0.016
2016-09-29@11:30:00,-0.030,-0.045,0.015
2016-09-29@11:00:00,-0.033,-0.049,0.016
2016-09-29@10:30:00,-0.038,-0.053,0.015
2016-09-29@10:00:00,-0.043,-0.057,0.014
2016-09-28@15:00:00,-0.048,-0.060,0.012
2016-09-28@14:30:00,-0.050,-0.063,0.013
2016-09-28@14:00:00,-0.053,-0.067,0.014
2016-09-28@13:30:00,-0.057,-0.070,0.013
2016-09-28@11:30:00,-0.061,-0.073,0.012
2016-09-28@11:00:00,-0.066,-0.077,0.011
2016-09-28@10:30:00,-0.070,-0.079,0.010
2016-09-28@10:00:00,-0.075,-0.082,0.007
2016-09-27@15:00:00,-0.079,-0.083,0.004
2016-09-27@14:30:00,-0.086,-0.085,-0.001
2016-09-27@14:00:00,-0.089,-0.084,-0.005
2016-09-27@13:30:00,-0.092,-0.083,-0.009
2016-09-27@11:30:00,-0.093,-0.081,-0.012
2016-09-27@11:00:00,-0.092,-0.078,-0.015
2016-09-27@10:30:00,-0.091,-0.074,-0.017
2016-09-27@10:00:00,-0.086,-0.070,-0.017
2016-09-26@15:00:00,-0.085,-0.066,-0.019
2016-09-26@14:30:00,-0.077,-0.061,-0.016
2016-09-26@14:00:00,-0.075,-0.057,-0.018
2016-09-26@13:30:00,-0.073,-0.052,-0.020
2016-09-26@11:30:00,-0.069,-0.047,-0.022
2016-09-26@11:00:00,-0.065,-0.042,-0.023
2016-09-26@10:30:00,-0.059,-0.036,-0.023
2016-09-26@10:00:00,-0.049,-0.030,-0.018
2016-09-23@15:00:00,-0.035,-0.025,-0.010
2016-09-23@14:30:00,-0.031,-0.023,-0.008
2016-09-23@14:00:00,-0.027,-0.021,-0.006
2016-09-23@13:30:00,-0.023,-0.020,-0.003
2016-09-23@11:30:00,-0.018,-0.019,0.001
2016-09-23@11:00:00,-0.018,-0.019,0.001
2016-09-23@10:30:00,-0.018,-0.019,0.001
2016-09-23@10:00:00,-0.018,-0.020,0.002
2016-09-22@15:00:00,-0.016,-0.020,0.004
2016-09-22@14:30:00,-0.015,-0.021,0.006
2016-09-22@14:00:00,-0.014,-0.023,0.009
2016-09-22@13:30:00,-0.013,-0.025,0.012
2016-09-22@11:30:00,-0.015,-0.028,0.012
2016-09-22@11:00:00,-0.020,-0.031,0.011
2016-09-22@10:30:00,-0.027,-0.034,0.007
2016-09-22@10:00:00,-0.030,-0.035,0.005
2016-09-21@15:00:00,-0.034,-0.037,0.003
2016-09-21@14:30:00,-0.035,-0.037,0.002
2016-09-21@14:00:00,-0.036,-0.038,0.002
2016-09-21@13:30:00,-0.039,-0.039,-0.000
2016-09-21@11:30:00,-0.040,-0.038,-0.001
2016-09-21@11:00:00,-0.040,-0.038,-0.002
2016-09-21@10:30:00,-0.042,-0.038,-0.004
2016-09-21@10:00:00,-0.041,-0.036,-0.004
2016-09-20@15:00:00,-0.042,-0.035,-0.006
2016-09-20@14:30:00,-0.040,-0.034,-0.006
2016-09-20@14:00:00,-0.037,-0.032,-0.004
2016-09-20@13:30:00,-0.033,-0.031,-0.001
2016-09-20@11:30:00,-0.030,-0.031,0.001
2016-09-20@11:00:00,-0.031,-0.031,0.000
2016-09-20@10:30:00,-0.029,-0.031,0.002
2016-09-20@10:00:00,nan,nan,nan
2016-09-19@15:00:00,nan,nan,nan
2016-09-19@14:30:00,nan,nan,nan
2016-09-19@14:00:00,nan,nan,nan
2016-09-19@13:30:00,nan,nan,nan
2016-09-19@11:30:00,nan,nan,nan
2016-09-19@11:00:00,nan,nan,nan
2016-09-19@10:30:00,nan,nan,nan
2016-09-19@10:00:00,nan,nan,nan
2016-09-14@15:00:00,nan,nan,nan
2016-09-14@14:30:00,nan,nan,nan
2016-09-14@14:00:00,nan,nan,nan
2016-09-14@13:30:00,nan,nan,nan
2016-09-14@11:30:00,nan,nan,nan
2016-09-14@11:00:00,nan,nan,nan
2016-09-14@10:30:00,nan,nan,nan
2016-09-14@10:00:00,nan,nan,nan
2016-09-13@15:00:00,nan,nan,nan
2016-09-13@14:30:00,nan,nan,nan
2016-09-13@14:00:00,nan,nan,nan
2016-09-13@13:30:00,nan,nan,nan
2016-09-13@11:30:00,nan,nan,nan
2016-09-13@11:00:00,nan,nan,nan
2016-09-13@10:30:00,nan,nan,nan
2016-09-13@10:00:00,nan,nan,nan
2016-09-12@15:00:00,nan,nan,nan
2016-09-12@14:30:00,nan,nan,nan
2016-09-12@14:00:00,nan,nan,nan
2016-09-12@13:30:00,nan,nan,nan
2016-09-12@11:30:00,nan,nan,nan
2016-09-12@11:00:00,nan,nan,nan
2016-09-12@10:30:00,nan,nan,nan
2016-09-12@10:00:00,nan,nan,nan
