2017-06-30,10.612,10.713,10.667,10.958,12.190
2017-06-29,10.626,10.739,10.663,11.015,12.280
2017-06-28,10.638,10.763,10.648,11.064,12.371
2017-06-27,10.724,10.771,10.663,11.095,12.462
2017-06-26,10.766,10.745,10.680,11.133,12.538
2017-06-23,10.814,10.714,10.702,11.179,12.614
2017-06-22,10.852,10.723,10.739,11.238,12.689
2017-06-21,10.888,10.756,10.788,11.297,12.761
2017-06-20,10.818,10.727,10.888,11.340,12.837
2017-06-19,10.724,10.670,10.987,11.394,12.906
2017-06-16,10.614,10.622,11.081,11.453,12.994
2017-06-15,10.594,10.587,11.152,11.515,13.083
2017-06-14,10.624,10.533,11.215,11.574,13.177
2017-06-13,10.636,10.555,11.257,11.642,13.268
2017-06-12,10.616,10.615,11.327,11.712,13.354
2017-06-09,10.630,10.690,11.411,11.780,13.440
2017-06-08,10.580,10.756,11.495,11.830,13.534
2017-06-07,10.442,10.821,11.568,11.868,13.621
2017-06-06,10.474,11.049,11.647,11.948,13.717
2017-06-05,10.614,11.304,11.755,12.049,13.818
2017-06-02,10.750,11.540,11.868,12.149,13.923
2017-06-01,10.932,11.718,11.979,12.242,14.029
2017-05-31,11.200,11.897,12.094,12.365,14.145
2017-05-26,11.624,11.959,12.185,12.520,14.254
2017-05-25,11.994,12.039,12.261,12.685,14.359
2017-05-24,12.330,12.133,12.325,12.829,14.466
2017-05-23,12.504,12.235,12.367,12.975,14.567
2017-05-22,12.594,12.315,12.392,13.113,14.665
2017-05-19,12.294,12.245,12.398,13.216,14.736
2017-05-18,12.084,12.207,12.422,13.319,14.804
2017-05-17,11.936,12.197,12.453,13.421,14.872
2017-05-16,11.966,12.241,12.503,13.545,14.951
2017-05-15,12.036,12.291,12.599,13.677,15.029
2017-05-12,12.196,12.412,12.800,13.829,15.126
2017-05-11,12.330,12.483,13.008,13.944,15.219
2017-05-10,12.458,12.518,13.177,14.049,15.310
2017-05-09,12.516,12.499,13.345,14.140,15.396
2017-05-08,12.546,12.469,13.512,14.225,15.480
2017-05-05,12.628,12.551,13.701,14.333,15.564
2017-05-04,12.636,12.637,13.875,14.418,15.648
2017-05-03,12.578,12.710,14.033,14.534,15.730
2017-05-02,12.482,12.766,14.196,14.652,15.816
2017-04-28,12.392,12.907,14.370,14.780,15.900
2017-04-27,12.474,13.189,14.538,14.894,15.977
2017-04-26,12.638,13.533,14.674,14.996,16.059
2017-04-25,12.842,13.837,14.814,15.100,16.144
2017-04-24,13.050,14.192,14.960,15.237,16.236
2017-04-21,13.422,14.556,15.103,15.374,16.336
2017-04-20,13.904,14.852,15.224,15.486,16.421
2017-04-19,14.428,15.113,15.308,15.588,16.484
2017-04-18,14.832,15.357,15.446,15.697,16.534
2017-04-17,15.334,15.627,15.594,15.817,16.585
2017-04-14,15.690,15.834,15.716,15.924,16.623
2017-01-03,15.800,15.887,15.746,15.988,16.634
2016-12-30,15.798,15.815,15.728,16.033,16.633
2016-12-29,15.882,15.792,15.731,16.102,16.641
2016-12-28,15.920,15.729,15.760,16.159,16.645
2016-12-27,15.978,15.651,15.782,16.216,16.646
2016-12-26,15.974,15.597,15.803,16.256,16.645
2016-12-23,15.832,15.503,15.825,16.288,16.645
2016-12-22,15.702,15.536,15.866,16.323,16.646
2016-12-21,15.538,15.562,15.912,16.357,16.644
2016-12-20,15.324,15.599,15.969,16.381,16.634
2016-12-19,15.220,15.606,16.039,16.424,16.622
2016-12-16,15.174,15.641,16.142,16.494,16.624
2016-12-15,15.370,15.670,16.257,16.571,16.626
2016-12-14,15.586,15.791,16.374,16.651,16.635
2016-12-13,15.874,15.914,16.499,16.734,16.649
2016-12-12,15.992,16.009,16.585,16.795,16.642
2016-12-09,16.108,16.147,16.681,16.879,16.641
2016-12-08,15.970,16.197,16.716,16.926,16.619
2016-12-07,15.996,16.262,16.755,16.981,16.598
2016-12-06,15.954,16.340,16.772,17.019,16.575
2016-12-05,16.026,16.472,16.832,17.060,16.560
2016-12-02,16.186,16.643,16.921,17.122,16.551
2016-12-01,16.424,16.844,17.021,17.188,16.545
2016-11-30,16.528,16.957,17.081,17.235,16.523
2016-11-29,16.726,17.084,17.144,17.299,16.499
2016-11-28,16.918,17.161,17.188,17.355,16.477
2016-11-25,17.100,17.215,17.245,17.381,16.451
2016-11-24,17.264,17.235,17.291,17.372,16.418
2016-11-23,17.386,17.248,17.341,17.354,16.388
2016-11-22,17.442,17.205,17.359,17.322,16.350
2016-11-21,17.404,17.193,17.353,17.279,16.309
2016-11-18,17.330,17.199,17.362,17.233,16.268
2016-11-17,17.206,17.198,17.360,17.181,16.223
2016-11-16,17.110,17.206,17.373,17.132,16.174
2016-11-15,16.968,17.204,17.406,17.076,16.121
2016-11-14,16.982,17.215,17.452,17.035,16.079
2016-11-11,17.068,17.275,17.464,17.002,16.041
2016-11-10,17.190,17.347,17.440,16.970,16.003
2016-11-09,17.302,17.434,17.407,16.930,15.960
2016-11-08,17.440,17.513,17.381,16.887,15.922
2016-11-07,17.448,17.514,17.322,16.821,15.873
2016-11-04,17.482,17.525,17.249,16.754,15.822
2016-11-03,17.504,17.523,17.172,16.681,15.767
2016-11-02,17.566,17.541,17.095,16.619,15.721
2016-10-28,17.586,17.608,17.011,16.564,15.675
2016-10-27,17.580,17.690,16.944,16.490,15.633
2016-10-26,17.568,17.654,16.866,16.402,15.596
2016-10-25,17.542,17.534,16.782,16.311,15.556
2016-10-24,17.516,17.380,16.678,16.216,15.516
2016-10-21,17.630,17.249,16.574,16.132,15.490
2016-10-20,17.800,17.130,16.474,16.061,15.475
2016-10-19,17.740,16.974,16.369,15.980,15.450
2016-10-18,17.526,16.822,16.260,15.901,15.424
2016-10-17,17.244,16.649,16.158,15.812,15.398
2016-10-14,16.868,16.415,16.042,15.700,15.369
2016-10-13,16.460,16.199,15.889,15.598,15.339
2016-10-12,16.208,16.078,15.776,15.520,15.323
2016-10-11,16.118,16.030,15.699,15.465,15.323
2016-10-10,16.054,15.976,15.633,15.423,15.325
2016-09-30,15.962,15.900,15.573,15.378,15.326
2016-09-29,15.938,15.818,15.526,15.340,15.334
2016-09-28,15.948,15.764,15.482,15.304,15.332
2016-09-27,15.942,15.699,15.440,15.266,15.330
2016-09-26,15.898,15.667,15.393,15.217,15.321
2016-09-23,15.838,15.669,15.342,15.167,15.319
2016-09-22,15.698,15.580,15.298,15.124,15.315
2016-09-21,15.580,15.475,15.241,15.081,15.311
2016-09-20,15.456,15.369,15.182,15.036,15.298
2016-09-19,15.436,15.291,15.146,14.990,15.284
2016-09-14,15.500,15.246,15.117,14.956,15.278
2016-09-13,15.462,15.235,15.101,14.926,15.273
2016-09-12,15.370,15.201,15.073,14.889,15.262
2016-09-09,15.282,15.182,15.049,14.853,15.256
2016-09-08,15.146,15.119,14.991,14.823,15.246
2016-09-07,14.992,15.015,14.916,14.786,15.231
2016-09-06,15.008,15.016,14.896,14.776,15.232
2016-09-05,15.032,15.007,14.883,14.791,15.227
2016-09-02,15.082,14.995,14.869,14.801,15.226
2016-09-01,15.092,15.001,14.840,14.816,15.243
2016-08-31,15.038,14.988,14.811,14.849,15.261
2016-08-30,15.024,14.967,14.772,14.889,15.277
2016-08-29,14.982,14.946,14.733,14.921,15.294
2016-08-26,14.908,14.917,14.689,14.947,15.315
2016-08-25,14.910,14.864,14.675,14.984,15.333
2016-08-24,14.938,14.818,14.671,15.039,15.349
2016-08-23,14.910,14.776,14.655,15.080,15.350
2016-08-22,14.910,14.760,14.682,15.127,15.355
2016-08-19,14.926,14.744,14.704,15.182,15.364
2016-08-18,14.818,14.679,14.724,15.228,15.366
2016-08-17,14.698,14.634,14.779,15.274,15.374
2016-08-16,14.642,14.577,14.850,15.328,15.387
2016-08-15,14.610,14.521,14.909,15.361,15.397
2016-08-12,14.562,14.461,14.961,15.393,15.404
2016-08-11,14.540,14.487,15.044,15.425,15.413
2016-08-10,14.570,14.524,15.149,15.470,15.436
2016-08-09,14.512,14.535,15.231,15.507,15.455
2016-08-08,14.432,14.605,15.310,15.542,15.466
2016-08-05,14.360,14.664,15.401,15.561,15.481
2016-08-04,14.434,14.769,15.503,15.578,15.506
2016-08-03,14.478,14.924,15.594,15.601,15.537
2016-08-02,14.558,15.124,15.703,15.621,15.564
2016-08-01,14.778,15.297,15.780,15.634,15.617
2016-07-29,14.968,15.462,15.859,15.659,15.697
2016-07-28,15.104,15.602,15.894,15.669,15.755
2016-07-27,15.370,15.774,15.943,15.677,15.811
2016-07-26,15.690,15.928,15.993,15.689,15.858
2016-07-25,15.816,16.016,16.010,15.664,15.896
2016-07-22,15.956,16.139,16.009,15.650,15.942
2016-07-21,16.100,16.237,15.983,15.670,15.988
2016-07-20,16.178,16.264,15.939,15.673,16.011
2016-07-19,16.166,16.282,15.869,15.665,16.042
2016-07-18,16.216,16.264,15.803,15.667,16.069
2016-07-15,16.322,16.257,15.758,15.684,16.101
2016-07-14,16.374,16.187,15.702,15.683,16.163
2016-07-13,16.350,16.112,15.629,15.660,16.227
2016-07-12,16.398,16.058,15.569,15.620,16.284
2016-07-11,16.312,16.004,15.487,15.583,16.349
2016-07-08,16.192,15.880,15.406,15.546,16.412
2016-07-07,16.000,15.729,15.386,15.505,16.476
2016-07-06,15.874,15.615,15.377,15.475,16.578
2016-07-05,15.718,15.456,15.356,15.447,17.412
2016-07-04,15.696,15.342,15.369,15.434,18.377
2016-07-01,15.568,15.259,15.397,15.414,19.245
2016-06-30,15.458,15.217,15.430,15.402,20.017
2016-06-29,15.356,15.146,15.434,15.402,20.780
2016-06-28,15.194,15.080,15.401,15.403,21.505
2016-06-27,14.988,14.971,15.373,15.390,22.140
2016-06-24,14.950,14.932,15.378,15.401,22.704
2016-06-23,14.976,15.043,15.392,15.434,23.291
2016-06-22,14.936,15.139,15.405,15.473,23.861
2016-06-21,14.966,15.257,15.442,15.508,24.477
2016-06-20,14.954,15.396,15.480,15.600,25.045
2016-06-17,14.914,15.536,15.491,15.736,25.603
2016-06-16,15.110,15.644,15.494,15.841,26.133
2016-06-15,15.342,15.723,15.530,15.945,26.634
2016-06-14,15.548,15.722,15.564,16.027,27.102
2016-06-13,15.838,15.775,15.599,16.128,27.536
2016-06-08,16.158,15.825,15.635,16.233,27.967
2016-06-07,16.178,15.742,15.629,16.306,28.387
2016-06-06,16.104,15.671,15.639,16.349,28.773
2016-06-03,15.896,15.628,15.634,16.420,29.157
2016-06-02,15.712,15.565,15.701,16.470,29.551
2016-06-01,15.492,15.447,15.835,16.519,29.969
2016-05-31,15.306,15.344,15.939,16.644,30.408
2016-05-30,15.238,15.338,16.056,16.794,30.814
2016-05-27,15.360,15.407,16.179,16.949,31.276
2016-05-26,15.418,15.424,16.304,17.114,31.763
2016-05-25,15.402,15.446,16.437,17.278,32.203
2016-05-24,15.382,15.516,16.587,17.447,32.601
2016-05-23,15.438,15.608,16.688,17.681,33.052
2016-05-20,15.454,15.640,16.815,19.377,33.511
2016-05-19,15.430,15.838,16.922,21.319,34.052
2016-05-18,15.490,16.224,17.054,23.076,34.654
2016-05-17,15.650,16.534,17.293,24.632,35.243
2016-05-16,15.778,16.774,17.522,26.157,35.746
2016-05-13,15.826,16.951,17.719,27.607,36.178
2016-05-12,16.246,17.184,17.959,28.890,36.552
2016-05-11,16.958,17.429,18.193,30.006,36.902
2016-05-10,17.418,17.659,18.413,31.148,37.229
2016-05-09,17.770,17.768,18.717,32.249,37.555
2016-05-06,18.076,17.991,21.245,33.446,37.889
2016-05-05,18.122,18.007,24.059,34.491,38.182
2016-05-04,17.900,17.885,26.502,35.470,38.455
2016-05-03,17.900,18.053,28.681,36.426,38.717
2016-04-29,17.766,18.270,30.848,37.323,38.993
2016-04-28,17.906,18.488,32.935,38.178,39.262
2016-04-27,17.892,18.735,34.743,38.945,39.569
2016-04-26,17.870,18.958,36.295,39.701,39.889
2016-04-25,18.206,19.167,37.892,40.469,40.275
2016-04-22,18.774,19.666,39.490,41.197,40.651
2016-04-21,19.070,24.499,41.174,41.894,41.003
2016-04-20,19.578,30.112,42.733,42.632,41.386
2016-04-19,20.046,35.119,44.263,43.420,41.780
2016-04-18,20.128,39.310,45.612,44.173,42.116
2016-04-15,20.558,43.427,46.849,44.834,42.445
2016-04-14,29.928,47.383,48.023,45.603,42.823
2016-04-13,40.646,50.752,49.049,46.411,43.173
2016-04-12,50.192,53.632,50.073,47.128,43.535
2016-04-11,58.492,56.617,51.120,47.754,43.873
2016-04-08,66.296,59.314,51.963,48.424,44.250
2016-04-07,64.838,57.849,50.591,47.645,43.857
2016-04-06,60.858,55.354,48.892,46.785,43.423
2016-04-05,57.072,53.407,47.571,46.232,43.044
2016-04-01,54.742,51.914,46.604,45.855,42.807
2016-03-31,52.332,50.272,45.538,45.335,42.664
2016-03-30,50.860,48.663,44.713,44.748,42.592
2016-03-29,49.850,47.347,44.240,44.214,42.588
2016-03-28,49.742,46.514,43.875,43.797,42.668
2016-03-25,49.086,45.624,43.323,43.311,42.764
2016-03-24,48.212,44.612,42.979,42.860,42.858
2016-03-23,46.466,43.333,42.543,42.332,42.906
2016-03-22,44.844,42.431,42.500,41.873,43.028
2016-03-21,43.286,41.735,42.645,41.439,43.123
2016-03-18,42.162,41.295,42.825,41.009,43.235
2016-03-17,41.012,40.804,42.867,40.662,43.390
2016-03-16,40.200,40.764,42.790,40.346,43.520
2016-03-15,40.018,41.134,42.647,40.194,43.691
2016-03-14,40.184,41.237,42.439,40.077,43.853
2016-03-11,40.428,41.022,42.154,40.081,43.974
2016-03-10,40.596,41.347,41.984,40.104,44.131
2016-03-09,41.328,41.753,41.832,40.113,44.306
2016-03-08,42.250,42.570,41.594,40.139,44.483
2016-03-07,42.290,43.555,41.291,40.139,44.663
2016-03-04,41.616,44.355,40.866,40.059,44.815
2016-03-03,42.098,44.930,40.591,40.056,44.997
2016-03-02,42.178,44.817,40.136,40.043,45.099
2016-03-01,42.890,44.161,39.723,39.934,45.218
2016-02-29,44.820,43.641,39.497,39.943,45.370
2016-02-26,47.094,43.286,39.610,39.992,45.523
2016-02-25,47.762,42.621,39.483,40.075,45.676
2016-02-24,47.456,41.911,39.293,40.068,45.827
2016-02-23,45.432,40.618,38.923,40.061,45.884
2016-02-22,42.462,39.028,38.431,39.856,45.827
2016-02-19,39.478,37.377,37.911,39.760,45.807
2016-02-18,37.480,36.253,37.618,39.992,45.853
2016-02-17,36.366,35.456,37.656,40.437,45.936
2016-02-16,35.804,35.286,37.821,40.963,46.108
2016-02-15,35.594,35.354,38.094,41.539,46.337
2016-02-05,35.276,35.935,38.344,42.217,46.567
2016-02-04,35.026,36.345,38.802,42.856,46.882
2016-02-03,34.546,36.675,39.147,43.479,47.140
2016-02-02,34.768,37.229,39.782,44.183,47.371
2016-02-01,35.114,37.834,40.270,44.807,47.620
2016-01-29,36.594,38.446,40.951,45.461,47.853
2016-01-28,37.664,38.984,41.862,46.117,48.025
2016-01-27,38.804,39.856,42.927,46.695,48.214
2016-01-26,39.690,40.356,43.801,47.189,48.325
2016-01-25,40.554,40.835,44.632,47.629,48.405
2016-01-22,40.298,40.754,45.358,47.867,48.417
2016-01-21,40.304,41.259,46.111,48.157,48.447
2016-01-20,40.908,41.619,46.881,48.500,48.477
2016-01-19,41.022,42.335,47.660,48.828,48.512
2016-01-18,41.116,42.707,48.293,49.188,48.560
2016-01-15,41.210,43.457,48.968,49.570,48.593
2016-01-14,42.214,44.740,49.683,49.938,48.593
2016-01-13,42.330,45.998,50.114,50.155,48.529
2016-01-12,43.648,47.246,50.605,50.503,48.557
2016-01-11,44.298,48.429,51.026,50.796,48.590
2016-01-08,45.704,49.963,51.424,51.055,48.586
2016-01-07,47.266,50.964,51.606,51.278,48.504
2016-01-06,49.666,52.144,51.940,51.587,48.441
2016-01-05,50.844,52.986,52.074,51.708,48.332
2016-01-04,52.560,53.879,52.428,51.797,48.273
2015-12-31,54.222,54.479,52.627,51.854,48.118
2015-12-30,54.662,54.627,52.536,51.713,47.855
2015-12-29,54.622,54.231,52.234,51.435,47.535
2015-12-28,55.128,53.965,52.131,51.254,47.235
2015-12-25,55.198,53.624,51.980,51.134,46.928
2015-12-24,54.736,52.885,51.600,50.916,46.603
2015-12-23,54.592,52.249,51.435,50.908,46.278
2015-12-22,53.840,51.737,51.308,50.801,45.977
2015-12-21,52.802,51.163,51.069,50.558,45.640
2015-12-18,52.050,50.978,50.756,50.433,45.346
2015-12-17,51.034,50.775,50.541,50.246,45.045
2015-12-16,49.906,50.446,50.256,49.934,44.698
2015-12-15,49.634,50.237,50.037,49.732,44.407
2015-12-14,49.524,50.297,49.898,49.462,44.146
2015-12-11,49.906,50.336,49.889,49.182,43.849
2015-12-10,50.516,50.316,49.931,48.967,43.644
2015-12-09,50.986,50.621,50.238,48.737,43.502
2015-12-08,50.840,50.879,50.333,48.454,43.327
2015-12-07,51.070,50.975,50.256,48.195,43.195
2015-12-04,50.766,50.535,50.161,47.932,43.045
2015-12-03,50.116,50.307,49.981,47.615,42.842
2015-12-02,50.256,50.067,49.678,47.248,42.588
2015-12-01,50.918,49.837,49.480,46.903,42.314
2015-11-30,50.880,49.500,49.044,46.611,42.057
2015-11-27,50.304,49.442,48.604,46.384,41.814
2015-11-26,50.498,49.547,48.292,46.118,41.579
2015-11-25,49.878,49.855,47.795,45.730,41.236
2015-11-24,48.756,49.788,47.241,45.296,40.912
2015-11-23,48.120,49.537,46.805,44.957,40.663
2015-11-20,48.580,49.787,46.630,44.749,40.540
2015-11-19,48.596,49.655,46.269,44.383,40.438
2015-11-18,49.832,49.289,45.839,43.997,40.397
2015-11-17,50.820,49.123,45.436,43.636,40.366
2015-11-16,50.954,48.588,45.167,43.216,40.390
2015-11-13,50.994,47.767,44.855,42.723,40.407
2015-11-12,50.714,47.037,44.403,42.290,40.464
2015-11-11,48.746,45.735,43.668,41.647,40.356
2015-11-10,47.426,44.694,43.049,41.153,40.333
2015-11-09,46.222,44.074,42.666,40.721,40.355
2015-11-06,44.540,43.474,42.230,40.259,40.288
2015-11-05,43.360,42.884,41.747,39.845,40.234
2015-11-04,42.724,42.389,41.350,39.462,40.263
2015-11-03,41.962,41.749,40.892,39.082,40.347
2015-11-02,41.926,41.746,40.529,38.831,40.420
2015-10-30,42.408,41.944,40.201,38.516,40.595
2015-10-29,42.408,41.770,39.917,38.321,40.867
2015-10-28,42.054,41.601,39.603,38.267,41.252
2015-10-27,41.536,41.405,39.383,38.201,41.768
2015-10-26,41.566,41.259,39.044,38.195,42.223
2015-10-23,41.480,40.987,38.652,38.157,42.678
2015-10-22,41.132,40.610,38.326,38.069,43.245
2015-10-21,41.148,40.312,37.998,37.928,43.845
2015-10-20,41.274,40.036,37.749,37.726,44.467
2015-10-19,40.952,39.313,37.374,37.502,45.026
2015-10-16,40.494,38.458,36.802,37.243,45.510
2015-10-15,40.088,38.064,36.596,37.041,46.054
2015-10-14,39.476,37.605,36.600,36.742,46.491
2015-10-13,38.798,37.361,36.599,36.528,46.861
2015-10-12,37.674,36.830,36.662,36.369,47.165
2015-10-09,36.422,36.317,36.742,36.331,47.428
2015-10-08,36.040,36.042,36.798,36.494,47.742
2015-10-07,35.734,35.685,36.736,36.798,48.068
2015-09-30,35.924,35.462,36.571,37.096,48.381
2015-09-29,35.986,35.435,36.596,37.565,48.616
2015-09-28,36.212,35.146,36.635,38.092,48.865
2015-09-25,36.044,35.128,36.529,38.638,49.099
2015-09-24,35.636,35.596,36.310,39.065,49.366
2015-09-23,35.000,35.838,36.112,39.512,49.548
2015-09-22,34.884,36.495,36.139,39.988,49.691
2015-09-21,34.080,37.168,36.337,40.316,49.765
2015-09-18,34.212,37.555,36.720,40.623,49.857
2015-09-17,35.556,37.788,37.354,41.065,49.966
2015-09-16,36.676,37.680,37.913,41.611,50.103
2015-09-15,38.106,37.758,38.630,42.008,50.191
2015-09-14,40.256,38.125,39.565,42.674,50.326
2015-09-11,40.898,37.931,40.392,43.414,50.360
2015-09-10,40.020,37.024,40.799,44.236,50.358
2015-09-09,38.684,36.386,41.349,45.335,50.357
2015-09-08,37.410,35.783,41.735,46.252,50.319
2015-09-07,35.994,35.507,41.890,47.199,50.258
2015-09-02,34.964,35.885,42.157,48.420,50.249
2015-09-01,34.028,36.920,42.703,49.761,50.274
2015-08-31,34.088,38.146,43.576,51.209,50.379
2015-08-28,34.156,39.503,44.133,52.550,50.426
2015-08-27,35.020,41.005,44.948,53.777,50.457
2015-08-26,36.806,42.854,46.155,55.068,50.557
2015-08-25,39.812,44.574,47.842,56.241,50.731
2015-08-24,42.204,46.312,49.809,57.194,50.874
2015-08-21,44.850,47.687,51.486,57.960,50.958
2015-08-20,46.990,48.273,53.045,58.525,50.960
2015-08-19,48.902,48.429,54.688,58.990,50.893
2015-08-18,49.336,48.487,56.181,59.338,50.749
2015-08-17,50.420,49.007,57.740,59.667,50.616
2015-08-14,50.524,48.763,59.074,59.667,50.392
2015-08-13,49.556,48.892,60.163,59.639,50.132
2015-08-12,47.956,49.457,61.174,59.561,49.847
2015-08-11,47.638,51.110,62.074,59.668,49.637
2015-08-10,47.594,53.307,62.634,59.585,49.402
2015-08-07,47.002,55.285,63.096,59.394,49.167
2015-08-06,48.228,57.817,63.651,59.214,48.983
2015-08-05,50.958,60.947,64.270,59.091,48.842
2015-08-04,54.582,63.876,64.763,58.868,48.665
2015-08-03,59.020,66.474,64.997,58.595,48.429
2015-07-31,63.568,69.385,65.118,58.375,48.238
2015-07-30,67.406,71.434,65.012,57.979,47.952
2015-07-29,70.936,72.892,64.613,57.306,47.572
2015-06-08,73.170,73.039,63.947,56.479,47.075
2015-06-05,73.928,71.962,62.723,55.379,46.451
2015-06-04,75.202,70.908,61.448,54.387,45.882
2015-06-03,75.462,69.485,59.912,53.317,45.255
2015-06-02,74.848,67.594,58.163,52.079,44.544
2015-06-01,72.908,65.650,56.363,50.788,43.821
2015-05-29,69.996,63.520,54.656,49.550,43.104
2015-05-28,66.614,60.852,52.870,48.302,42.377
2015-05-27,63.508,58.590,51.251,47.137,41.705
2015-05-26,60.340,56.334,49.513,46.047,41.043
2015-05-25,58.392,54.855,48.199,45.222,40.481
2015-05-22,57.044,53.485,47.087,44.555,40.001
2015-05-21,55.090,51.989,46.126,43.956,39.547
2015-05-20,53.672,50.340,45.232,43.395,39.147
2015-05-19,52.328,48.732,44.321,42.797,38.751
2015-05-18,51.318,47.077,43.356,42.160,38.364
2015-05-15,49.926,45.792,42.564,41.565,38.004
2015-05-14,48.888,44.888,42.027,41.118,37.720
2015-05-13,47.008,43.913,41.411,40.626,37.419
2015-05-12,45.136,42.692,40.903,40.133,37.116
2015-05-11,42.836,41.544,40.405,39.607,36.787
2015-05-08,41.658,40.690,40.089,39.219,36.543
2015-05-07,40.888,40.263,39.939,38.940,36.407
2015-05-06,40.818,40.125,39.922,38.753,36.361
2015-05-05,40.248,39.910,39.829,38.593,36.293
2015-05-04,40.252,39.636,39.702,38.462,36.264
2015-04-30,39.722,39.337,39.451,38.263,36.268
2015-04-29,39.638,39.167,39.233,38.101,36.227
2015-04-28,39.432,38.909,38.982,37.924,36.129
2015-04-27,39.572,39.114,38.853,37.838,36.019
2015-04-24,39.020,39.266,38.638,37.670,35.831
2015-04-23,38.952,39.489,38.483,37.524,35.613
2015-04-22,38.696,39.615,38.278,37.378,35.338
2015-04-21,38.386,39.720,38.067,37.194,-1
2015-04-20,38.656,39.748,37.934,37.009,-1
2015-04-17,39.512,39.768,37.875,36.855,-1
2015-04-16,40.026,39.565,37.725,36.659,-1
2015-04-15,40.534,39.300,37.568,36.453,-1
2015-04-14,41.054,39.055,37.432,36.272,-1
2015-04-13,40.840,38.592,37.200,36.040,-1
2015-04-10,40.024,38.011,36.872,35.740,-1
2015-04-09,39.104,37.477,36.541,35.447,-1
2015-04-08,38.066,36.942,36.259,35.138,-1
2015-04-07,37.056,36.414,35.931,34.899,-1
2015-04-03,36.344,36.120,35.639,34.706,-1
2015-04-02,35.998,35.983,35.399,34.569,-1
2015-04-01,35.850,35.886,35.206,34.443,-1
2015-03-31,35.818,35.836,35.029,34.322,-1
2015-03-30,35.772,35.809,34.880,34.213,-1
2015-03-27,35.896,35.808,34.764,34.099,-1
2015-03-26,35.968,35.734,34.604,33.968,-1
2015-03-25,35.922,35.606,34.432,33.867,-1
2015-03-24,35.854,35.576,34.235,33.873,-1
2015-03-23,35.846,35.449,34.142,33.969,-1
2015-03-20,35.720,35.159,33.999,33.993,-1
2015-03-19,35.500,34.815,33.861,34.066,-1
2015-03-18,35.290,34.527,33.721,34.273,-1
2015-03-17,35.298,34.222,33.566,34.353,-1
2015-03-16,35.052,33.952,33.415,34.333,-1
2015-03-13,34.598,33.721,33.245,34.201,-1
2015-03-12,34.130,33.474,33.084,33.991,-1
2015-03-11,33.764,33.259,32.997,33.702,-1
2015-03-10,33.146,32.895,33.022,33.299,-1
2015-03-09,32.852,32.835,33.229,-1,-1
2015-03-06,32.844,32.840,33.410,-1,-1
2015-03-05,32.818,32.908,33.691,-1,-1
2015-03-04,32.754,32.915,34.145,-1,-1
2015-03-03,32.644,32.909,34.418,-1,-1
2015-03-02,32.818,32.879,34.524,-1,-1
2015-02-27,32.836,32.768,34.441,-1,-1
2015-02-26,32.998,32.695,34.250,-1,-1
2015-02-25,33.076,32.736,33.924,-1,-1
2015-02-24,33.174,33.149,33.501,-1,-1
2015-02-17,32.940,33.624,-1,-1,-1
2015-02-16,32.700,33.980,-1,-1,-1
2015-02-13,32.392,34.474,-1,-1,-1
2015-02-12,32.396,35.376,-1,-1,-1
2015-02-11,33.124,35.928,-1,-1,-1
2015-02-10,34.308,36.169,-1,-1,-1
2015-02-09,35.260,36.113,-1,-1,-1
2015-02-06,36.556,35.805,-1,-1,-1
2015-02-05,38.356,35.112,-1,-1,-1
2015-02-04,38.732,33.852,-1,-1,-1
2015-02-03,38.030,-1,-1,-1,-1
2015-02-02,36.966,-1,-1,-1,-1
2015-01-30,35.054,-1,-1,-1,-1
2015-01-29,31.868,-1,-1,-1,-1
2015-01-28,28.972,-1,-1,-1,-1
2015-01-27,-1,-1,-1,-1,-1
2015-01-26,-1,-1,-1,-1,-1
2015-01-23,-1,-1,-1,-1,-1
2015-01-22,-1,-1,-1,-1,-1
