2017-06-30,13.346,13.254,13.066,12.753,12.845
2017-06-29,13.298,13.233,13.010,12.721,12.833
2017-06-28,13.306,13.239,12.961,12.689,12.821
2017-06-27,13.284,13.240,12.899,12.644,12.807
2017-06-26,13.194,13.246,12.814,12.585,12.789
2017-06-23,13.162,13.302,12.742,12.538,12.776
2017-06-22,13.168,13.272,12.705,12.496,12.768
2017-06-21,13.172,13.167,12.656,12.451,12.754
2017-06-20,13.196,13.069,12.603,12.414,12.740
2017-06-19,13.298,12.971,12.553,12.384,12.727
2017-06-16,13.442,12.877,12.502,12.356,12.716
2017-06-15,13.376,12.786,12.465,12.327,12.704
2017-06-14,13.162,12.683,12.415,12.292,12.697
2017-06-13,12.942,12.558,12.346,12.269,12.692
2017-06-12,12.644,12.381,12.254,12.250,12.683
2017-06-09,12.312,12.181,12.156,12.236,12.669
2017-06-08,12.196,12.137,12.108,12.255,12.668
2017-06-07,12.204,12.145,12.093,12.293,12.676
2017-06-06,12.174,12.136,12.087,12.330,12.683
2017-06-05,12.118,12.134,12.091,12.372,12.693
2017-06-02,12.050,12.127,12.095,12.412,12.702
2017-06-01,12.078,12.144,12.097,12.447,12.715
2017-05-31,12.086,12.146,12.097,12.484,12.724
2017-05-26,12.098,12.134,12.125,12.538,12.739
2017-05-25,12.150,12.127,12.184,12.605,12.759
2017-05-24,12.204,12.131,12.264,12.667,12.778
2017-05-23,12.210,12.079,12.315,12.754,12.787
2017-05-22,12.206,12.041,12.367,12.807,12.799
2017-05-19,12.170,12.038,12.428,12.845,12.814
2017-05-18,12.104,12.048,12.492,12.880,12.818
2017-05-17,12.058,12.063,12.554,12.937,12.823
2017-05-16,11.948,12.050,12.599,12.945,12.818
2017-05-15,11.876,12.048,12.653,12.953,12.818
2017-05-12,11.906,12.115,12.741,12.971,12.823
2017-05-11,11.992,12.241,12.845,12.994,12.837
2017-05-10,12.068,12.397,12.935,13.015,12.844
2017-05-09,12.152,12.550,13.092,13.039,12.852
2017-05-08,12.220,12.693,13.190,13.057,12.859
2017-05-05,12.324,12.817,13.248,13.066,12.863
2017-05-04,12.490,12.935,13.296,13.069,12.863
2017-05-03,12.726,13.045,13.374,13.076,12.858
2017-05-02,12.948,13.148,13.393,13.081,12.845
2017-04-28,13.166,13.257,13.406,13.102,12.833
2017-04-27,13.310,13.366,13.399,13.116,12.816
2017-04-26,13.380,13.448,13.370,13.117,12.791
2017-04-25,13.364,13.473,13.324,13.101,12.757
2017-04-24,13.348,13.633,13.284,13.081,12.726
2017-04-21,13.348,13.687,13.239,13.059,12.694
2017-04-20,13.422,13.679,13.191,13.035,12.661
2017-04-19,13.516,13.657,13.137,13.013,12.622
2017-04-18,13.582,13.703,13.091,12.993,12.585
2017-04-17,13.918,13.637,13.048,12.982,12.547
2017-04-14,14.026,13.555,13.025,12.964,12.505
2017-04-13,13.936,13.431,12.991,12.940,12.460
2017-04-12,13.798,13.292,12.952,12.913,12.414
2017-04-11,13.824,13.175,12.915,12.889,12.372
2017-04-10,13.356,12.935,12.805,12.821,12.306
2017-04-07,13.084,12.791,12.746,12.792,12.256
2017-04-06,12.926,12.703,12.714,12.783,12.218
2017-04-05,12.786,12.616,12.691,12.756,12.181
2017-03-31,12.526,12.479,12.638,12.709,12.135
2017-03-30,12.514,12.459,12.655,12.691,12.108
2017-03-29,12.498,12.495,12.669,12.682,12.079
2017-03-28,12.480,12.551,12.695,12.675,12.052
2017-03-27,12.446,12.611,12.723,12.681,12.025
2017-03-24,12.432,12.655,12.746,12.673,11.995
2017-03-23,12.404,12.674,12.764,12.664,11.965
2017-03-22,12.492,12.700,12.792,12.660,11.938
2017-03-21,12.622,12.724,12.823,12.659,11.911
2017-03-20,12.776,12.766,12.826,12.656,11.885
2017-03-17,12.878,12.796,12.825,12.641,11.861
2017-03-16,12.944,12.850,12.807,12.609,11.839
2017-03-15,12.908,12.843,12.776,12.565,11.813
2017-03-14,12.826,12.838,12.737,12.516,11.787
2017-03-13,12.756,12.835,12.716,12.465,11.753
2017-03-10,12.714,12.837,12.682,12.413,11.721
2017-03-09,12.756,12.853,12.660,12.371,11.694
2017-03-08,12.778,12.884,12.641,12.329,11.667
2017-03-07,12.850,12.921,12.627,12.287,11.636
2017-03-06,12.914,12.885,12.602,12.232,11.604
2017-03-03,12.960,12.853,12.564,12.178,11.570
2017-03-02,12.950,12.764,12.488,12.111,11.539
2017-03-01,12.990,12.708,12.426,12.046,11.506
2017-02-28,12.992,12.635,12.355,11.980,11.476
2017-02-27,12.856,12.597,12.280,11.916,11.440
2017-02-24,12.746,12.526,12.202,11.855,11.407
2017-02-23,12.578,12.466,12.130,11.791,11.373
2017-02-22,12.426,12.397,12.051,11.721,11.331
2017-02-21,12.278,12.333,11.970,11.654,11.290
2017-02-20,12.338,12.318,11.905,11.607,11.258
2017-02-17,12.306,12.274,11.840,11.561,11.226
2017-02-16,12.354,12.212,11.785,11.525,11.202
2017-02-15,12.368,12.143,11.716,11.476,11.174
2017-02-14,12.388,12.075,11.653,11.430,11.147
2017-02-13,12.298,11.963,11.576,11.369,11.111
2017-02-10,12.242,11.877,11.520,11.317,11.081
2017-02-09,12.070,11.794,11.454,11.266,11.051
2017-02-08,11.918,11.705,11.383,11.215,11.019
2017-02-07,11.762,11.606,11.315,11.163,10.988
2017-02-06,11.628,11.492,11.252,11.114,10.958
2017-02-03,11.512,11.406,11.204,11.080,10.932
2017-01-26,11.518,11.358,11.181,11.070,10.918
2017-01-25,11.492,11.288,11.143,11.061,10.899
2017-01-24,11.450,11.231,11.108,11.058,10.883
2017-01-23,11.356,11.188,11.072,11.040,10.866
2017-01-20,11.300,11.163,11.037,11.029,10.851
2017-01-19,11.198,11.113,11.003,11.018,10.836
2017-01-18,11.084,11.060,10.970,11.005,10.822
2017-01-17,11.012,11.024,10.941,10.985,10.818
2017-01-16,11.020,11.011,10.925,10.976,10.819
2017-01-13,11.026,11.002,10.918,10.963,10.820
2017-01-12,11.028,11.004,10.926,10.966,10.825
2017-01-11,11.036,10.998,10.947,10.966,10.832
2017-01-10,11.036,10.984,10.972,10.971,10.837
2017-01-09,11.002,10.956,10.967,10.963,10.832
2017-01-06,10.978,10.910,10.962,10.959,10.829
2017-01-05,10.980,10.892,10.970,10.955,10.829
2017-01-04,10.960,10.880,10.978,10.941,10.832
2017-01-03,10.932,10.858,10.966,10.925,10.832
2016-12-30,10.910,10.838,10.959,10.910,10.835
2016-12-29,10.842,10.833,10.944,10.892,10.829
2016-12-28,10.804,10.848,10.947,10.879,10.823
2016-12-27,10.800,10.896,10.950,10.873,10.822
2016-12-26,10.784,10.959,10.965,10.864,10.813
2016-12-23,10.766,10.977,10.967,10.853,10.802
2016-12-22,10.824,11.014,10.984,10.846,10.793
2016-12-21,10.892,11.048,10.987,10.837,10.786
2016-12-20,10.992,11.075,10.972,10.824,10.774
2016-12-19,11.134,11.073,10.959,10.814,10.763
2016-12-16,11.188,11.079,10.946,10.802,10.753
2016-12-15,11.204,11.055,10.922,10.785,10.740
2016-12-14,11.204,11.046,10.895,10.765,10.724
2016-12-13,11.158,11.003,10.861,10.738,10.706
2016-12-12,11.012,10.970,10.817,10.709,10.687
2016-12-09,10.970,10.957,10.791,10.692,10.678
2016-12-08,10.906,10.953,10.762,10.674,10.668
2016-12-07,10.888,10.925,10.731,10.654,10.659
2016-12-06,10.848,10.868,10.698,10.639,10.648
2016-12-05,10.928,10.845,10.685,10.651,10.642
2016-12-02,10.944,10.812,10.664,10.661,10.635
2016-12-01,11.000,10.788,10.650,10.676,10.630
2016-11-30,10.962,10.744,10.625,10.685,10.620
2016-11-29,10.888,10.719,10.605,10.699,10.611
2016-11-28,10.762,10.664,10.579,10.703,10.595
2016-11-25,10.680,10.625,10.560,10.702,10.584
2016-11-24,10.576,10.570,10.534,10.700,10.574
2016-11-23,10.526,10.537,10.519,10.703,10.568
2016-11-22,10.550,10.528,10.525,10.723,10.568
2016-11-21,10.566,10.525,10.554,10.739,10.567
2016-11-18,10.570,10.516,10.586,10.761,10.569
2016-11-17,10.564,10.511,10.621,10.766,10.572
2016-11-16,10.548,10.506,10.656,10.767,10.576
2016-11-15,10.506,10.491,10.690,10.771,10.582
2016-11-14,10.484,10.493,10.723,10.762,10.583
2016-11-11,10.462,10.494,10.740,10.750,10.584
2016-11-10,10.458,10.498,10.765,10.741,10.586
2016-11-09,10.464,10.501,10.786,10.735,10.588
2016-11-08,10.476,10.522,10.821,10.725,10.590
2016-11-07,10.502,10.582,10.847,10.712,10.589
2016-11-04,10.526,10.656,10.884,10.705,10.593
2016-11-03,10.538,10.730,10.894,10.695,10.598
2016-11-02,10.538,10.805,10.898,10.684,10.603
2016-11-01,10.568,10.888,10.911,10.675,10.607
2016-10-31,10.662,10.953,10.897,10.665,10.613
2016-10-28,10.786,10.986,10.879,10.663,10.611
2016-10-27,10.922,11.031,10.863,10.662,10.602
2016-10-26,11.072,11.071,10.853,10.664,10.594
2016-10-25,11.208,11.119,10.827,10.657,10.576
2016-10-24,11.244,11.111,10.778,10.633,10.554
2016-10-21,11.186,11.111,10.729,10.608,10.535
2016-10-20,11.140,11.058,10.677,10.584,10.515
2016-10-19,11.070,10.991,10.623,10.555,10.492
2016-10-18,11.030,10.934,10.569,10.523,10.472
2016-10-17,10.978,10.840,10.521,10.488,10.444
2016-10-14,11.036,10.771,10.502,10.467,10.423
2016-10-13,10.976,10.695,10.478,10.449,10.400
2016-10-12,10.912,10.634,10.461,10.434,10.379
2016-10-11,10.838,10.534,10.427,10.414,10.348
2016-10-10,10.702,10.444,10.394,10.396,10.319
2016-09-30,10.506,10.347,10.357,10.377,10.288
2016-09-29,10.414,10.296,10.347,10.378,10.264
2016-09-28,10.356,10.255,10.338,10.386,10.242
2016-09-27,10.230,10.204,10.317,10.393,10.220
2016-09-26,10.186,10.202,10.312,10.405,10.189
2016-09-23,10.188,10.233,10.315,10.418,10.160
2016-09-22,10.178,10.260,10.327,10.430,10.131
2016-09-21,10.154,10.288,10.334,10.440,10.099
2016-09-20,10.178,10.319,10.354,10.455,10.072
2016-09-19,10.218,10.343,10.372,10.466,10.044
2016-09-14,10.278,10.367,10.392,10.482,10.016
2016-09-13,10.342,10.398,10.420,10.501,9.992
2016-09-12,10.422,10.420,10.451,10.523,9.966
2016-09-09,10.460,10.430,10.487,10.539,9.940
2016-09-08,10.468,10.421,10.506,10.561,9.913
2016-09-07,10.456,10.397,10.510,10.559,9.880
2016-09-06,10.454,10.393,10.516,10.542,9.850
2016-09-05,10.418,10.379,10.516,10.523,9.813
2016-09-02,10.400,10.388,10.523,10.496,9.779
2016-09-01,10.374,10.400,10.528,10.475,9.750
2016-08-31,10.338,10.417,10.540,10.461,9.722
2016-08-30,10.332,10.441,10.552,10.447,9.691
2016-08-29,10.340,10.482,10.574,10.430,9.662
2016-08-26,10.376,10.544,10.593,10.421,9.633
2016-08-25,10.426,10.591,10.631,10.400,9.604
2016-08-24,10.496,10.623,10.641,10.379,9.576
2016-08-23,10.550,10.638,10.617,10.351,9.543
2016-08-22,10.624,10.653,10.596,10.325,9.508
2016-08-19,10.712,10.657,10.550,10.282,9.472
2016-08-18,10.756,10.656,10.512,10.242,9.436
2016-08-17,10.750,10.663,10.484,10.200,9.399
2016-08-16,10.726,10.663,10.450,10.150,9.359
2016-08-15,10.682,10.666,10.404,10.099,9.317
2016-08-12,10.602,10.642,10.360,10.047,9.273
2016-08-11,10.556,10.670,10.305,9.974,9.234
2016-08-10,10.576,10.658,10.257,9.903,9.197
2016-08-09,10.600,10.596,10.208,9.831,9.162
2016-08-08,10.650,10.538,10.162,9.759,9.126
2016-08-05,10.682,10.442,10.095,9.690,9.093
2016-08-04,10.784,10.368,10.035,9.621,9.060
2016-08-03,10.740,10.304,9.969,9.551,9.021
2016-08-02,10.592,10.237,9.894,9.483,8.981
2016-08-01,10.426,10.141,9.816,9.409,8.944
2016-07-29,10.202,10.077,9.750,9.341,8.914
2016-07-28,9.952,9.939,9.626,9.265,8.881
2016-07-27,9.868,9.855,9.525,9.201,8.851
2016-07-26,9.882,9.820,9.449,9.158,8.825
2016-07-25,9.856,9.785,9.369,9.104,8.800
2016-07-22,9.952,9.748,9.314,9.063,8.785
2016-07-21,9.926,9.701,9.248,9.026,8.766
2016-07-20,9.842,9.633,9.174,8.982,8.742
2016-07-19,9.758,9.551,9.106,8.936,8.718
2016-07-18,9.714,9.491,9.044,8.895,8.695
2016-07-15,9.544,9.423,8.973,8.845,8.672
2016-07-14,9.476,9.313,8.928,8.809,8.661
2016-07-13,9.424,9.195,8.874,8.773,8.650
2016-07-12,9.344,9.077,8.827,8.735,8.641
2016-07-11,9.268,8.953,8.763,8.690,8.631
2016-07-08,9.302,8.880,8.721,8.662,8.629
2016-07-07,9.150,8.794,8.689,8.630,8.623
2016-07-06,8.966,8.715,8.657,8.597,8.617
2016-07-05,8.810,8.661,8.628,8.568,8.610
2016-07-04,8.638,8.596,8.597,8.534,8.606
2016-07-01,8.458,8.522,8.557,8.499,8.602
2016-06-30,8.438,8.543,8.557,8.493,8.613
2016-06-29,8.464,8.553,8.563,8.492,8.624
2016-06-28,8.512,8.576,8.564,8.492,8.635
2016-06-27,8.554,8.573,8.559,8.493,8.646
2016-06-24,8.586,8.561,8.554,8.495,8.654
2016-06-23,8.648,8.584,8.549,8.498,8.663
2016-06-22,8.642,8.599,8.539,8.491,8.672
2016-06-21,8.640,8.595,8.521,8.479,8.680
2016-06-20,8.592,8.597,8.504,8.478,8.690
2016-06-17,8.536,8.591,8.487,8.488,8.698
2016-06-16,8.520,8.570,8.469,8.498,8.707
2016-06-15,8.556,8.572,8.462,8.501,8.718
2016-06-14,8.550,8.551,8.451,8.493,8.725
2016-06-13,8.602,8.545,8.453,8.497,8.736
2016-06-08,8.646,8.546,8.463,8.506,8.749
2016-06-07,8.620,8.513,8.456,8.506,8.752
2016-06-06,8.588,8.478,8.437,8.502,8.748
2016-06-03,8.552,8.447,8.422,8.500,8.745
2016-06-02,8.488,8.410,8.419,8.495,8.746
2016-06-01,8.446,8.383,8.437,8.499,8.751
2016-05-31,8.406,8.367,8.462,8.513,8.756
2016-05-30,8.368,8.352,8.465,8.526,8.761
2016-05-27,8.342,8.350,8.465,8.547,8.764
2016-05-26,8.332,8.360,8.474,8.572,8.768
2016-05-25,8.320,8.379,8.487,8.596,8.765
2016-05-24,8.328,8.398,8.503,8.616,8.763
2016-05-23,8.336,8.396,8.515,8.636,8.766
2016-05-20,8.358,8.396,8.527,8.653,8.766
2016-05-19,8.388,8.427,8.538,8.677,8.779
2016-05-18,8.438,8.491,8.557,8.705,8.792
2016-05-17,8.468,8.556,8.587,8.733,8.806
2016-05-16,8.456,8.578,8.614,8.755,8.808
2016-05-13,8.434,8.579,8.645,8.777,8.808
2016-05-12,8.466,8.587,8.679,8.800,8.811
2016-05-11,8.544,8.594,8.704,8.812,8.806
2016-05-10,8.644,8.607,8.725,8.829,8.797
2016-05-09,8.700,8.633,8.756,8.854,8.793
2016-05-06,8.724,8.657,8.781,8.881,8.789
2016-05-05,8.708,8.648,8.802,8.902,8.780
2016-05-04,8.644,8.622,8.812,8.908,8.767
2016-05-03,8.570,8.617,8.821,8.917,8.750
2016-04-29,8.566,8.649,8.844,8.935,8.745
2016-04-28,8.590,8.711,8.877,8.957,8.737
2016-04-27,8.588,8.770,8.907,8.975,8.734
2016-04-26,8.600,8.814,8.921,8.993,8.732
2016-04-25,8.664,8.843,8.940,8.997,8.744
2016-04-22,8.732,8.879,8.964,8.994,8.757
2016-04-21,8.832,8.905,8.994,8.991,8.768
2016-04-20,8.952,8.956,9.029,8.996,8.786
2016-04-19,9.028,9.002,9.051,9.003,8.806
2016-04-18,9.022,9.025,9.067,9.000,8.816
2016-04-15,9.026,9.039,9.078,8.995,8.826
2016-04-14,8.978,9.042,9.080,8.982,8.840
2016-04-13,8.960,9.044,9.078,8.963,8.851
2016-04-12,8.976,9.028,9.082,8.934,8.866
2016-04-11,9.028,9.036,9.075,8.911,8.883
2016-04-08,9.052,9.049,9.052,8.895,8.911
2016-04-07,9.106,9.082,9.034,8.879,8.938
2016-04-06,9.128,9.102,9.017,8.882,8.978
2016-04-05,9.080,9.099,9.003,8.878,9.013
2016-04-01,9.044,9.109,8.987,8.879,9.042
2016-03-31,9.046,9.117,8.974,8.861,9.091
2016-03-30,9.058,9.118,8.952,8.840,9.141
2016-03-29,9.076,9.112,8.923,8.822,9.190
2016-03-28,9.118,9.136,8.888,8.801,9.243
2016-03-25,9.174,9.113,8.848,8.766,9.296
2016-03-24,9.188,9.054,8.819,8.732,9.347
2016-03-23,9.178,8.986,8.778,8.697,9.401
2016-03-22,9.148,8.931,8.772,8.658,9.453
2016-03-21,9.154,8.907,8.768,8.626,9.507
2016-03-18,9.052,8.865,8.764,8.583,9.555
2016-03-17,8.920,8.830,8.733,8.555,9.606
2016-03-16,8.794,8.785,8.701,8.518,9.655
2016-03-15,8.714,8.733,8.678,8.493,9.707
2016-03-14,8.660,8.639,8.634,8.471,9.759
2016-03-11,8.678,8.583,8.592,8.492,9.815
2016-03-10,8.740,8.583,8.571,8.519,9.875
2016-03-09,8.776,8.570,8.553,8.545,9.941
2016-03-08,8.752,8.613,8.521,8.577,10.000
2016-03-07,8.618,8.629,8.485,8.609,10.061
2016-03-04,8.488,8.663,8.442,8.633,10.122
2016-03-03,8.426,8.636,8.418,8.657,10.189
2016-03-02,8.364,8.616,8.384,8.699,10.258
2016-03-01,8.474,8.622,8.373,8.738,10.318
2016-02-29,8.640,8.628,8.387,8.797,10.385
2016-02-26,8.838,8.601,8.446,8.856,10.453
2016-02-25,8.846,8.558,8.488,8.928,10.530
2016-02-24,8.868,8.535,8.532,8.998,10.617
2016-02-23,8.770,8.429,8.559,9.075,10.692
2016-02-22,8.616,8.341,8.599,9.148,10.774
2016-02-19,8.364,8.221,8.619,9.205,10.843
2016-02-18,8.270,8.199,8.668,9.322,10.909
2016-02-17,8.202,8.152,8.741,9.442,10.972
2016-02-16,8.088,8.124,8.797,9.558,11.032
2016-02-15,8.066,8.146,8.882,9.685,11.101
2016-02-05,8.078,8.291,8.983,9.826,11.178
2016-02-04,8.128,8.417,9.113,9.962,11.245
2016-02-03,8.102,8.529,9.229,10.105,11.312
2016-02-02,8.160,8.688,9.398,10.248,11.381
2016-02-01,8.226,8.857,9.552,10.389,11.450
2016-01-29,8.504,9.016,9.698,10.528,11.521
2016-01-28,8.706,9.136,9.883,10.658,11.586
2016-01-27,8.956,9.330,10.087,10.793,11.654
2016-01-26,9.216,9.469,10.275,10.921,11.711
2016-01-25,9.488,9.618,10.455,11.047,11.764
2016-01-22,9.528,9.675,10.593,11.138,11.803
2016-01-21,9.566,9.808,10.735,11.232,11.845
2016-01-20,9.704,9.929,10.893,11.338,11.887
2016-01-19,9.722,10.107,11.029,11.423,11.928
2016-01-18,9.748,10.246,11.155,11.513,11.969
2016-01-15,9.822,10.379,11.284,11.611,12.009
2016-01-14,10.050,10.630,11.419,11.720,12.046
2016-01-13,10.154,10.844,11.525,11.816,12.069
2016-01-12,10.492,11.081,11.648,11.898,12.114
2016-01-11,10.744,11.291,11.762,11.973,12.158
2016-01-08,10.936,11.511,11.869,12.051,12.194
2016-01-07,11.210,11.662,11.944,12.133,12.220
2016-01-06,11.534,11.857,12.043,12.236,12.249
2016-01-05,11.670,11.950,12.081,12.310,12.279
2016-01-04,11.838,12.063,12.147,12.400,12.714
2015-12-31,12.086,12.188,12.228,12.481,13.121
2015-12-30,12.114,12.207,12.266,12.496,13.514
2015-12-29,12.180,12.206,12.303,12.501,13.858
2015-12-28,12.230,12.214,12.307,12.507,14.152
2015-12-25,12.288,12.233,12.315,12.517,14.450
2015-12-24,12.290,12.227,12.322,12.530,14.714
2015-12-23,12.300,12.225,12.369,12.528,14.996
2015-12-22,12.232,12.228,12.425,12.519,15.252
2015-12-21,12.198,12.212,12.490,12.513,15.511
2015-12-18,12.178,12.231,12.569,12.511,15.770
2015-12-17,12.164,12.267,12.627,12.515,16.006
2015-12-16,12.150,12.324,12.641,12.515,16.248
2015-12-15,12.224,12.399,12.649,12.515,16.497
2015-12-14,12.226,12.399,12.653,12.500,16.711
2015-12-11,12.284,12.396,12.659,12.481,16.963
2015-12-10,12.370,12.416,12.682,12.468,17.237
2015-12-09,12.498,12.513,12.679,12.459,17.509
2015-12-08,12.574,12.622,12.665,12.437,17.775
2015-12-07,12.572,12.768,12.664,12.433,18.038
2015-12-04,12.508,12.906,12.651,12.424,18.279
2015-12-03,12.462,12.987,12.640,12.408,18.557
2015-12-02,12.528,12.958,12.611,12.371,18.817
2015-12-01,12.670,12.899,12.573,12.322,19.075
2015-11-30,12.964,12.907,12.551,12.330,19.301
2015-11-27,13.304,12.922,12.524,12.344,19.510
2015-11-26,13.512,12.948,12.494,12.336,19.685
2015-11-25,13.388,12.845,12.432,12.308,19.838
2015-11-24,13.128,12.708,12.344,12.263,20.024
2015-11-23,12.850,12.559,12.266,12.249,20.255
2015-11-20,12.540,12.396,12.184,13.028,20.517
2015-11-19,12.384,12.292,12.118,13.761,20.810
2015-11-18,12.302,12.264,12.078,14.532,21.111
2015-11-17,12.288,12.246,12.034,15.215,21.461
2015-11-16,12.268,12.194,12.041,15.798,21.816
2015-11-13,12.252,12.126,12.055,16.383,22.170
2015-11-12,12.200,12.040,12.031,16.898,22.517
2015-11-11,12.226,12.019,12.039,17.465,22.888
2015-11-10,12.204,11.980,12.041,17.985,23.262
2015-11-09,12.120,11.972,12.094,18.510,23.616
2015-11-06,12.000,11.971,13.344,19.030,23.963
2015-11-05,11.880,11.944,14.496,19.497,24.315
2015-11-04,11.812,11.891,15.666,19.982,24.691
2015-11-03,11.756,11.821,16.700,20.480,25.061
2015-11-02,11.824,11.888,17.601,20.922,25.415
2015-10-30,11.942,11.983,18.511,21.445,25.755
2015-10-29,12.008,12.021,19.327,22.007,26.129
2015-10-28,11.970,12.059,20.188,22.560,26.484
2015-10-27,11.886,12.102,20.987,23.114,26.865
2015-10-26,11.952,12.215,21.779,23.644,27.305
2015-10-23,12.024,14.717,22.559,24.133,27.742
2015-10-22,12.034,17.048,23.274,24.707,28.135
2015-10-21,12.148,19.441,24.027,25.263,28.534
2015-10-20,12.318,21.578,24.809,25.827,28.930
2015-10-19,12.478,23.313,25.439,26.272,29.327
2015-10-16,17.410,25.039,26.176,26.677,29.687
2015-10-15,22.062,26.632,27.000,27.034,30.092
2015-10-14,26.734,28.316,27.811,27.368,30.561
2015-10-13,30.838,29.872,28.620,27.785,31.105
2015-10-12,34.148,31.343,29.359,28.262,31.598
2015-10-09,32.668,30.401,28.841,28.007,31.744
2015-10-08,31.202,29.499,28.536,27.858,31.924
2015-09-30,29.898,28.613,28.175,27.690,32.105
2015-09-29,28.906,28.040,27.952,27.708,32.359
2015-09-28,28.538,27.564,27.752,27.833,32.663
2015-09-25,28.134,27.312,27.496,27.957,32.975
2015-09-24,27.796,27.367,27.236,28.137,33.325
2015-09-23,27.328,27.305,26.894,28.311,33.671
2015-09-22,27.174,27.368,26.742,28.540,34.008
2015-09-21,26.590,27.374,26.721,28.723,34.331
2015-09-18,26.490,27.281,26.810,28.896,34.662
2015-09-17,26.938,27.573,27.038,29.133,35.008
2015-09-16,27.282,27.736,27.229,29.400,35.360
2015-09-15,27.562,27.864,27.542,29.642,35.681
2015-09-14,28.158,27.940,27.968,29.909,36.049
2015-09-11,28.072,27.679,28.279,30.066,36.416
2015-09-10,28.208,27.104,28.522,30.251,36.786
2015-09-09,28.190,26.482,28.814,30.408,37.184
2015-09-08,28.166,26.116,29.126,30.616,37.567
2015-09-07,27.722,26.068,29.398,30.966,37.924
2015-09-02,27.286,26.339,29.703,31.351,38.288
2015-09-01,26.000,26.503,29.913,31.563,38.620
2015-08-31,24.774,26.722,30.232,31.804,38.941
2015-08-28,24.066,27.220,30.531,32.032,39.254
2015-08-27,24.414,27.995,30.893,32.381,39.625
2015-08-26,25.392,28.879,31.260,32.698,40.021
2015-08-25,27.006,29.939,31.825,33.150,40.475
2015-08-24,28.670,31.145,32.371,33.754,40.956
2015-08-21,30.374,32.135,32.867,34.426,41.375
2015-08-20,31.576,32.727,33.415,34.935,41.735
2015-08-19,32.366,33.067,33.857,35.481,42.075
2015-08-18,32.872,33.322,34.094,35.990,42.397
2015-08-17,33.620,33.742,34.345,36.520,42.768
2015-08-14,33.896,33.842,34.438,37.010,43.091
2015-08-13,33.878,33.791,34.575,37.493,43.437
2015-08-12,33.768,33.641,34.608,37.994,43.775
2015-08-11,33.772,33.711,34.756,38.513,44.164
2015-08-10,33.864,33.597,35.059,39.032,44.534
2015-08-07,33.788,33.598,35.571,39.477,44.926
2015-08-06,33.704,34.103,36.039,39.938,45.298
2015-08-05,33.514,34.647,36.688,40.429,45.664
2015-08-04,33.650,34.865,37.324,40.884,45.992
2015-08-03,33.330,34.948,37.909,41.320,46.355
2015-07-31,33.408,35.034,38.594,41.720,46.708
2015-07-30,34.502,35.358,39.344,42.189,47.054
2015-07-29,35.780,35.574,40.171,42.767,47.409
2015-07-28,36.080,35.800,40.914,43.322,47.755
2015-07-27,36.566,36.521,41.750,43.960,48.103
2015-07-24,36.660,37.544,42.416,44.519,48.434
2015-07-23,36.214,37.975,42.856,44.881,48.714
2015-07-22,35.368,38.729,43.320,45.225,49.002
2015-07-21,35.520,39.782,43.894,45.676,49.266
2015-07-20,36.476,40.869,44.506,46.077,49.529
2015-07-17,38.428,42.154,45.064,46.476,49.819
2015-07-16,39.736,43.330,45.605,46.868,50.082
2015-07-15,42.090,44.768,46.363,47.345,50.396
2015-07-14,44.044,46.027,47.083,47.801,50.655
2015-07-13,45.262,46.979,47.679,48.157,50.854
2015-06-18,45.880,47.288,48.006,48.324,50.986
2015-06-17,46.924,47.737,48.335,48.535,51.163
2015-06-16,47.446,47.911,48.473,48.670,51.257
2015-06-15,48.010,48.006,48.623,48.805,51.303
2015-06-12,48.696,48.142,48.682,49.017,51.363
2015-06-11,48.696,47.973,48.637,49.171,51.396
2015-06-10,48.550,47.880,48.637,49.380,51.432
2015-06-09,48.376,47.958,48.633,49.557,51.450
2015-06-08,48.002,48.138,48.688,49.815,51.456
2015-06-05,47.588,48.379,48.746,50.035,51.424
2015-06-04,47.250,48.724,48.842,50.375,51.422
2015-06-03,47.210,48.932,48.935,50.658,51.435
2015-06-02,47.540,49.035,49.049,50.898,51.446
2015-06-01,48.274,49.240,49.205,51.101,51.460
2015-05-29,49.170,49.221,49.455,51.390,51.463
2015-05-28,50.198,49.301,49.771,51.696,51.526
2015-05-27,50.654,49.394,50.131,51.918,51.546
2015-05-26,50.530,49.308,50.356,52.051,51.537
2015-05-25,50.206,49.237,50.654,52.188,51.507
2015-05-22,49.272,49.113,50.863,52.246,51.461
2015-05-21,48.404,48.960,51.201,52.349,51.438
2015-05-20,48.134,48.937,51.521,52.546,51.467
2015-05-19,48.086,49.063,51.830,52.779,51.485
2015-05-18,48.268,49.169,52.031,52.857,51.499
2015-05-15,48.954,49.688,52.475,52.982,51.549
2015-05-14,49.516,50.240,52.894,53.162,51.609
2015-05-13,49.740,50.867,53.180,53.296,51.648
2015-05-12,50.040,51.404,53.422,53.447,51.675
2015-05-11,50.070,52.071,53.664,53.510,51.647
2015-05-08,50.422,52.613,53.813,53.551,51.561
2015-05-07,50.964,53.441,54.043,53.649,51.512
2015-05-06,51.994,54.104,54.351,53.791,51.478
2015-05-05,52.768,54.597,54.638,53.845,51.390
2015-05-04,54.072,54.893,54.701,53.801,51.291
2015-04-30,54.804,55.261,54.629,53.708,51.156
2015-04-29,55.918,55.548,54.624,53.620,51.033
2015-04-28,56.214,55.493,54.511,53.483,50.898
2015-04-27,56.426,55.440,54.469,53.344,50.734
2015-04-24,55.714,55.257,54.230,53.097,50.524
2015-04-23,55.718,55.012,54.021,52.813,50.312
2015-04-22,55.178,54.645,53.753,52.470,50.066
2015-04-21,54.772,54.597,53.635,52.213,49.839
2015-04-20,54.454,54.678,53.469,51.995,49.579
2015-04-17,54.800,54.508,53.256,51.820,49.398
2015-04-16,54.306,53.996,52.932,51.536,49.175
2015-04-15,54.112,53.699,52.657,51.355,48.976
2015-04-14,54.422,53.529,52.478,51.174,48.826
2015-04-13,54.902,53.498,52.296,51.023,48.663
2015-04-10,54.216,53.203,52.017,50.826,48.462
2015-04-09,53.686,53.029,51.714,50.676,48.270
2015-04-08,53.286,52.860,51.382,50.527,48.077
2015-04-07,52.636,52.673,51.021,50.388,47.899
2015-04-03,52.094,52.260,50.653,50.191,47.714
2015-04-02,52.190,52.003,50.477,50.141,47.549
2015-04-01,52.372,51.868,50.306,50.116,47.380
2015-03-31,52.434,51.614,50.184,50.055,47.190
2015-03-30,52.710,51.427,49.997,50.000,46.974
2015-03-27,52.426,51.094,49.785,49.902,46.736
2015-03-26,51.816,50.831,49.638,49.783,46.492
2015-03-25,51.364,50.399,49.500,49.570,46.270
2015-03-24,50.794,49.904,49.360,49.376,46.049
2015-03-23,50.144,49.369,49.245,49.164,45.814
2015-03-20,49.762,49.046,49.157,48.934,45.592
2015-03-19,49.846,48.950,49.210,48.782,45.426
2015-03-18,49.434,48.743,49.240,48.604,45.253
2015-03-17,49.014,48.753,49.275,48.447,45.090
2015-03-16,48.594,48.567,49.286,48.313,44.926
2015-03-13,48.330,48.477,49.306,48.124,44.776
2015-03-12,48.054,48.445,49.259,47.951,44.647
2015-03-11,48.052,48.601,49.155,47.811,44.491
2015-03-10,48.492,48.816,49.112,47.662,44.402
2015-03-09,48.540,49.121,49.061,47.466,44.308
2015-03-06,48.624,49.267,48.878,47.164,44.143
2015-03-05,48.836,49.470,48.697,46.977,43.983
2015-03-04,49.150,49.738,48.534,46.814,43.815
2015-03-03,49.140,49.798,48.293,46.596,43.579
2015-03-02,49.702,50.005,48.186,46.479,43.382
2015-02-27,49.910,50.136,47.947,46.304,43.140
2015-02-26,50.104,50.073,47.703,46.098,42.895
2015-02-25,50.326,49.710,47.416,45.864,42.645
2015-02-17,50.456,49.408,47.084,45.628,42.367
2015-02-16,50.308,49.002,46.638,45.410,42.047
2015-02-13,50.362,48.490,46.113,45.237,41.743
2015-02-12,50.042,47.925,45.730,44.957,41.448
2015-02-11,49.094,47.331,45.351,44.643,41.139
2015-02-10,48.360,46.789,44.995,44.325,40.825
2015-02-09,47.696,46.367,44.715,43.948,40.516
2015-02-06,46.618,45.759,44.388,43.569,40.228
2015-02-05,45.808,45.334,44.110,43.202,39.968
2015-02-04,45.568,45.122,43.941,42.970,39.743
2015-02-03,45.218,44.761,43.738,42.723,39.505
2015-02-02,45.038,44.274,43.613,42.463,39.262
2015-01-30,44.900,43.736,43.610,42.251,39.054
2015-01-29,44.860,43.535,43.473,42.071,38.862
2015-01-28,44.676,43.372,43.299,41.901,38.641
2015-01-27,44.304,43.201,43.093,41.733,38.395
2015-01-26,43.510,43.064,42.738,41.538,38.136
2015-01-23,42.572,43.017,42.474,41.429,37.904
2015-01-22,42.210,42.887,42.135,41.343,37.668
2015-01-21,42.068,42.761,41.894,41.171,37.435
2015-01-20,42.098,42.716,41.703,41.142,37.208
2015-01-19,42.618,42.953,41.558,41.149,36.992
2015-01-16,43.462,43.485,41.508,41.122,36.856
2015-01-15,43.564,43.411,41.338,40.988,36.667
2015-01-14,43.454,43.226,41.166,40.815,36.459
2015-01-13,43.334,42.985,40.999,40.562,36.255
2015-01-12,43.288,42.412,40.775,40.285,36.029
2015-01-09,43.508,41.932,40.635,39.976,35.815
2015-01-08,43.258,41.384,40.572,39.692,35.620
2015-01-07,42.998,41.027,40.376,39.425,35.437
2015-01-06,42.636,40.691,40.355,39.106,35.254
2015-01-05,41.536,40.163,40.248,38.683,35.047
2014-12-31,40.356,39.531,39.941,38.249,34.840
2014-12-30,39.510,39.266,39.777,37.939,34.659
2014-12-29,39.056,39.106,39.610,37.634,34.478
2014-12-26,38.746,39.013,39.351,37.325,34.297
2014-12-25,38.790,39.138,39.221,37.084,34.157
2014-12-24,38.706,39.337,38.998,36.886,34.024
2014-12-23,39.022,39.759,38.846,36.735,33.922
2014-12-22,39.156,39.725,38.623,36.515,33.789
2014-12-19,39.280,40.019,38.314,36.286,33.652
2014-12-18,39.486,40.332,37.943,36.060,33.514
2014-12-17,39.968,40.351,37.608,35.857,33.389
2014-12-16,40.496,40.288,37.275,35.654,33.259
2014-12-15,40.294,40.114,36.898,35.381,33.107
2014-12-12,40.758,39.689,36.481,35.056,32.956
2014-12-11,41.178,39.304,36.057,34.734,32.815
2014-12-10,40.734,38.658,35.660,34.378,32.663
2014-12-09,40.080,37.934,35.223,33.992,32.503
2014-12-08,39.934,37.522,34.910,33.699,32.394
2014-12-05,38.620,36.609,34.420,33.274,32.235
2014-12-04,37.430,35.555,33.924,32.834,32.071
2014-12-03,36.582,34.865,33.611,32.589,31.969
2014-12-02,35.788,34.262,33.337,32.345,31.857
2014-12-01,35.110,33.683,33.014,32.102,31.754
2014-11-28,34.598,33.272,32.740,31.947,31.684
2014-11-27,33.680,32.810,32.450,31.772,31.603
2014-11-26,33.148,32.662,32.239,31.654,31.563
2014-11-25,32.736,32.512,32.022,31.547,31.515
2014-11-24,32.256,32.298,31.787,31.449,31.472
2014-11-21,31.946,32.231,31.606,31.401,31.434
2014-11-20,31.940,32.292,31.473,31.410,31.409
2014-11-19,32.176,32.356,31.452,31.430,31.393
2014-11-18,32.288,32.412,31.387,31.379,31.372
2014-11-17,32.340,32.345,31.312,31.322,31.354
2014-11-14,32.516,32.207,31.285,31.270,31.338
2014-11-13,32.644,32.089,31.254,31.229,31.324
2014-11-12,32.536,31.815,31.150,31.163,31.321
2014-11-11,32.536,31.531,31.065,31.108,31.323
2014-11-10,32.350,31.276,31.024,31.062,31.333
2014-11-07,31.898,30.981,30.986,31.017,31.335
2014-11-06,31.534,30.654,30.969,30.969,31.336
2014-11-05,31.094,30.547,30.967,30.920,31.350
2014-11-04,30.526,30.362,30.863,30.865,31.357
2014-11-03,30.202,30.279,30.811,30.834,31.387
2014-10-31,30.064,30.362,30.802,30.855,31.404
2014-10-30,29.774,30.418,30.799,30.897,31.406
2014-10-29,30.000,30.484,30.837,30.948,31.412
2014-10-28,30.198,30.599,30.897,31.014,31.429
2014-10-27,30.356,30.772,30.956,31.089,31.445
2014-10-24,30.660,30.991,31.035,31.197,31.461
2014-10-23,31.062,31.283,31.127,31.308,31.488
2014-10-22,30.968,31.387,31.107,31.349,31.467
2014-10-21,31.000,31.364,31.116,31.370,31.451
2014-10-20,31.188,31.343,31.111,31.405,31.405
2014-10-17,31.322,31.241,31.102,31.421,31.360
2014-10-16,31.504,31.180,31.136,31.435,31.318
2014-10-15,31.806,31.189,31.180,31.472,31.269
2014-10-14,31.728,31.194,31.222,31.483,31.204
2014-10-13,31.498,31.139,31.248,31.496,31.136
2014-10-10,31.160,31.079,31.301,31.466,31.043
2014-10-09,30.856,30.970,31.321,31.409,30.948
2014-10-08,30.572,30.826,31.330,31.356,30.849
2014-09-30,30.660,30.868,31.373,31.365,30.787
2014-09-29,30.780,30.879,31.436,31.386,30.723
2014-09-26,30.998,30.963,31.511,31.407,30.664
2014-09-25,31.084,31.092,31.562,31.419,30.578
2014-09-24,31.080,31.171,31.614,31.479,30.489
2014-09-23,31.076,31.249,31.627,31.537,-1
2014-09-22,30.978,31.356,31.675,31.603,-1
2014-09-19,30.928,31.522,31.660,31.654,-1
2014-09-18,31.100,31.671,31.628,31.704,-1
2014-09-17,31.262,31.834,31.621,31.781,-1
2014-09-16,31.422,31.877,31.614,31.849,-1
2014-09-15,31.734,31.993,31.639,31.941,-1
2014-09-12,32.116,32.058,31.628,31.953,-1
2014-09-11,32.242,32.032,31.583,31.916,-1
2014-09-10,32.406,32.057,31.633,31.877,-1
2014-09-09,32.332,32.005,31.681,31.845,-1
2014-09-05,32.252,31.994,31.727,31.800,-1
2014-09-04,32.000,31.798,31.720,31.725,-1
2014-09-03,31.822,31.585,31.720,31.668,-1
2014-09-02,31.708,31.408,31.754,31.585,-1
2014-09-01,31.678,31.351,31.835,31.533,-1
2014-08-29,31.736,31.286,31.915,31.404,-1
2014-08-28,31.596,31.199,31.900,31.299,-1
2014-08-27,31.348,31.134,31.857,31.201,-1
2014-08-26,31.108,31.210,31.786,31.065,-1
2014-08-25,31.024,31.358,31.764,30.926,-1
2014-08-22,30.836,31.460,31.703,30.775,-1
2014-08-21,30.802,31.642,31.689,30.620,-1
2014-08-20,30.920,31.855,31.709,30.488,-1
2014-08-19,31.312,32.100,31.674,30.341,-1
2014-08-18,31.692,32.319,31.623,30.208,-1
2014-08-15,32.084,32.544,31.463,30.059,-1
2014-08-14,32.482,32.601,31.349,29.921,-1
2014-08-13,32.790,32.581,31.235,29.738,-1
2014-08-12,32.888,32.363,30.992,29.499,-1
2014-08-11,32.946,32.171,30.710,-1,-1
2014-08-08,33.004,31.947,30.432,-1,-1
2014-08-07,32.720,31.736,30.109,-1,-1
2014-08-06,32.372,31.563,29.804,-1,-1
2014-08-05,31.838,31.248,29.462,-1,-1
2014-08-04,31.396,30.928,29.152,-1,-1
2014-08-01,30.890,30.383,28.817,-1,-1
2014-07-31,30.752,30.098,28.581,-1,-1
2014-07-30,30.754,29.889,28.316,-1,-1
2014-07-29,30.658,29.622,28.067,-1,-1
2014-07-28,30.460,29.249,-1,-1,-1
2014-07-25,29.876,28.918,-1,-1,-1
2014-07-24,29.444,28.482,-1,-1,-1
2014-07-23,29.024,28.045,-1,-1,-1
2014-07-22,28.586,27.676,-1,-1,-1
2014-07-21,28.038,27.377,-1,-1,-1
2014-07-18,27.960,27.251,-1,-1,-1
2014-07-17,27.520,27.063,-1,-1,-1
2014-07-16,27.066,26.743,-1,-1,-1
2014-07-15,26.766,26.512,-1,-1,-1
2014-07-14,26.716,-1,-1,-1,-1
2014-07-11,26.542,-1,-1,-1,-1
2014-07-10,26.606,-1,-1,-1,-1
2014-07-09,26.420,-1,-1,-1,-1
2014-07-08,26.258,-1,-1,-1,-1
2014-07-07,-1,-1,-1,-1,-1
2014-07-04,-1,-1,-1,-1,-1
2014-07-03,-1,-1,-1,-1,-1
2014-07-02,-1,-1,-1,-1,-1
