date,open,high,close,low,volume,price_change,p_change,ma5,ma10,ma20,v_ma5,v_ma10,v_ma20,turnover
2016-12-22 15:00:00,8.1,8.18,8.16,8.07,91515.4,0.06,0.74,8.108,8.109,8.094,53697.3,53225.6,95298.4,0.01
2016-12-22 14:45:00,8.14,8.14,8.1,8.08,37081.1,-0.04,-0.49,8.092,8.113,8.083,44885.8,48577.5,93964.4,0.0
2016-12-22 14:30:00,8.08,8.14,8.13,8.07,43185.0,0.05,0.62,8.086,8.123,8.0765,46731.2,50379.1,95762.1,0.0
2016-12-22 14:15:00,8.07,8.1,8.08,8.07,45648.0,0.01,0.12,8.078,8.131,8.0695,47888.0,55823.8,96243.1,0.0
2016-12-22 14:00:00,8.07,8.07,8.07,8.04,51056.8,0.0,0.0,8.086,8.146,8.065,52205.8,76477.5,101318.0,0.0
2016-12-22 13:45:00,8.09,8.12,8.08,8.06,47458.0,-0.01,-0.12,8.11,8.154,8.0625,52754.0,109191.0,107218.0,0.0
2016-12-22 13:30:00,8.1,8.12,8.07,8.07,46308.0,-0.03,-0.37,8.134,8.151,8.054,52269.2,134781.0,110068.0,0.0
2016-12-22 13:15:00,8.13,8.16,8.09,8.08,48969.0,-0.04,-0.49,8.16,8.138,8.044,54027.1,137020.0,115210.0,0.0
2016-12-22 11:30:00,8.18,8.19,8.12,8.12,67237.0,-0.06,-0.73,8.184,8.124,8.033,63759.7,138489.0,118727.0,0.0
2016-12-22 11:15:00,8.2,8.22,8.19,8.19,53798.0,-0.01,-0.12,8.206,8.105,8.017,100749.0,136429.0,118282.0,0.0
2016-12-22 11:00:00,8.2,8.22,8.2,8.2,45034.0,0.0,0.0,8.198,8.079,7.996,165627.0,137371.0,119052.0,0.0
2016-12-22 10:45:00,8.2,8.21,8.2,8.18,55097.5,0.0,0.0,8.168,8.053,7.9755,217293.0,139351.0,120148.0,0.0
2016-12-22 10:30:00,8.23,8.23,8.21,8.19,97632.0,-0.02,-0.24,8.116,8.03,7.9525,220013.0,141145.0,127045.0,0.01
2016-12-22 10:15:00,8.15,8.28,8.23,8.11,252185.0,0.08,0.98,8.064,8.008,7.9235,213218.0,136662.0,123557.0,0.02
2016-12-22 10:00:00,8.06,8.21,8.15,8.06,378188.0,0.09,1.12,8.004,7.984,7.892,172108.0,126159.0,111835.0,0.02
2016-12-22 09:45:00,7.86,8.08,8.05,7.86,303363.0,0.19,2.42,7.96,7.971,7.8645,109115.0,105244.0,93671.6,0.02
2016-12-21 15:00:00,7.95,7.95,7.94,7.91,68696.6,-0.01,-0.13,7.938,7.957,7.842,61409.4,85354.0,79352.6,0.0
2016-12-21 14:45:00,7.93,7.96,7.95,7.92,63659.0,0.02,0.25,7.944,7.95,7.8255,62277.2,93400.7,76667.6,0.0
2016-12-21 14:30:00,7.93,7.98,7.93,7.9,46634.6,0.0,0.0,7.952,7.942,7.8085,60106.6,98964.8,74305.9,0.0
2016-12-21 14:15:00,7.94,7.95,7.93,7.9,63221.0,-0.01,-0.13,7.964,7.929,7.7925,80210.5,100135.0,73411.7,0.0
2016-12-21 14:00:00,7.97,8.0,7.94,7.92,64836.0,-0.03,-0.38,7.982,7.913,7.777,101374.0,100733.0,70924.4,0.0
2016-12-21 13:45:00,8.0,8.02,7.97,7.96,73035.5,-0.03,-0.38,7.976,7.898,7.762,109298.0,100945.0,68056.3,0.0
2016-12-21 13:30:00,8.0,8.0,7.99,7.97,52805.9,-0.01,-0.13,7.956,7.875,7.7445,124524.0,112946.0,64678.2,0.0
2016-12-21 13:15:00,8.02,8.08,7.99,7.97,147154.0,-0.03,-0.37,7.932,7.839,7.7255,137823.0,110451.0,62679.6,0.01
2016-12-21 11:30:00,7.91,8.05,8.02,7.9,169039.0,0.11,1.39,7.894,7.8,7.707,120059.0,97511.3,56072.1,0.01
2016-12-21 11:15:00,7.87,7.93,7.91,7.87,104458.0,0.04,0.51,7.844,7.758,7.6865,100092.0,82098.6,48786.8,0.01
2016-12-21 11:00:00,7.87,7.92,7.87,7.85,149164.0,0.0,0.0,7.82,7.727,7.672,92590.8,73351.1,44772.9,0.01
2016-12-21 10:45:00,7.8,7.88,7.87,7.8,119300.0,0.07,0.9,7.794,7.701,7.6585,101367.0,59934.5,39247.8,0.01
2016-12-21 10:30:00,7.77,7.81,7.8,7.76,58336.2,0.03,0.39,7.746,7.675,7.6475,83078.7,49647.1,35071.1,0.0
2016-12-21 10:15:00,7.78,7.81,7.77,7.76,69203.7,-0.01,-0.13,7.706,7.656,7.642,74963.3,46688.4,34590.3,0.0
2016-12-21 10:00:00,7.74,7.79,7.79,7.74,66950.3,0.05,0.65,7.672,7.641,7.638,64105.0,41115.5,34940.2,0.0
2016-12-21 09:45:00,7.78,7.8,7.74,7.73,193045.0,-0.04,-0.51,7.634,7.626,7.6325,54111.4,35167.8,33959.9,0.01
2016-12-20 15:00:00,7.6,7.63,7.63,7.59,27858.5,0.03,0.39,7.608,7.614,7.627,18501.9,16410.7,24803.0,0.0
2016-12-20 14:45:00,7.6,7.61,7.6,7.59,17759.0,0.0,0.0,7.604,7.612,7.627,16215.4,14908.2,24302.8,0.0
2016-12-20 14:30:00,7.61,7.62,7.6,7.59,14912.0,-0.01,-0.13,7.606,7.614,7.6295,18413.6,14632.8,24334.7,0.0
2016-12-20 14:15:00,7.6,7.61,7.6,7.58,16983.0,0.0,0.0,7.61,7.615,7.632,18126.0,15474.9,24381.6,0.0
2016-12-20 14:00:00,7.61,7.61,7.61,7.59,14997.0,0.0,0.0,7.618,7.617,7.635,16224.2,16194.6,24376.4,0.0
2016-12-20 13:45:00,7.61,7.62,7.61,7.59,16426.0,0.0,0.0,7.62,7.616,7.637,14319.5,18561.2,24366.0,0.0
2016-12-20 13:30:00,7.62,7.63,7.61,7.6,28750.0,-0.01,-0.13,7.62,7.62,7.638,13601.1,20495.1,24200.4,0.0
2016-12-20 13:15:00,7.64,7.65,7.62,7.61,13474.0,-0.02,-0.26,7.622,7.628,7.639,10852.0,22492.1,23343.6,0.0
2016-12-20 11:30:00,7.62,7.65,7.64,7.62,7474.0,0.02,0.26,7.62,7.635,7.64,12823.9,28765.0,23417.3,0.0
2016-12-20 11:15:00,7.61,7.63,7.62,7.61,5473.5,0.01,0.13,7.616,7.639,7.6395,16165.0,32751.9,23920.8,0.0
2016-12-20 11:00:00,7.62,7.62,7.61,7.59,12834.0,-0.01,-0.13,7.612,7.64,7.6395,22802.9,33195.3,24469.1,0.0
2016-12-20 10:45:00,7.61,7.63,7.62,7.6,15004.7,0.01,0.13,7.62,7.642,7.6415,27389.1,33697.4,25879.1,0.0
2016-12-20 10:30:00,7.63,7.69,7.61,7.61,23333.2,-0.02,-0.26,7.634,7.645,7.64,34132.2,34036.6,26196.4,0.0
2016-12-20 10:15:00,7.6,7.64,7.62,7.59,24179.5,0.02,0.26,7.65,7.649,7.64,44706.1,33288.3,26800.1,0.0
2016-12-20 10:00:00,7.66,7.66,7.6,7.6,38663.0,-0.06,-0.78,7.662,7.653,7.6395,49338.8,32558.2,26747.0,0.0
2016-12-20 09:45:00,7.7,7.71,7.65,7.64,35765.0,-0.05,-0.65,7.668,7.658,7.6395,43587.8,30170.8,25748.6,0.0
2016-12-19 15:00:00,7.68,7.71,7.69,7.67,48720.2,0.01,0.13,7.664,7.656,7.636,40005.8,27905.8,24319.8,0.0
2016-12-19 14:45:00,7.7,7.72,7.69,7.68,76203.0,-0.01,-0.13,7.656,7.65,7.63,33941.0,24195.1,22547.5,0.0
2016-12-19 14:30:00,7.61,7.69,7.68,7.6,47342.8,0.07,0.92,7.648,7.645,7.6235,21870.4,18069.6,19566.5,0.0
2016-12-19 14:15:00,7.63,7.64,7.63,7.62,9907.89,0.0,0.0,7.644,7.64,7.6165,15777.6,15089.8,17999.0,0.0
2016-12-19 14:00:00,7.65,7.66,7.63,7.62,17855.2,-0.02,-0.26,7.648,7.639,7.613,16753.8,15742.8,17918.3,0.0
2016-12-19 13:45:00,7.66,7.66,7.65,7.64,18396.0,-0.01,-0.13,7.648,7.641,7.61,15805.8,18060.7,17557.4,0.0
2016-12-19 13:30:00,7.66,7.67,7.65,7.65,15850.0,-0.01,-0.13,7.644,7.635,7.6055,14449.2,18356.2,17117.7,0.0
2016-12-19 13:15:00,7.65,7.67,7.66,7.64,16879.0,0.01,0.13,7.642,7.631,7.6005,14268.8,20311.9,17021.5,0.0
2016-12-19 11:30:00,7.63,7.65,7.65,7.63,14789.0,0.02,0.26,7.636,7.626,7.596,14402.0,20935.8,16939.2,0.0
2016-12-19 11:15:00,7.63,7.64,7.63,7.62,13115.0,0.0,0.0,7.63,7.621,7.5925,14731.8,21326.5,17086.3,0.0
2016-12-19 11:00:00,7.64,7.64,7.63,7.62,11613.0,-0.01,-0.13,7.634,7.616,7.589,20315.6,20733.8,17620.4,0.0
2016-12-19 10:45:00,7.63,7.65,7.64,7.62,14948.2,0.01,0.13,7.626,7.61,7.585,22263.3,20899.8,18357.1,0.0
2016-12-19 10:30:00,7.61,7.65,7.63,7.61,17544.8,0.02,0.26,7.62,7.602,7.5805,26355.0,21063.3,19452.4,0.0
2016-12-19 10:15:00,7.65,7.65,7.62,7.61,16438.0,-0.03,-0.39,7.616,7.593,7.5785,27469.6,20908.2,20017.4,0.0
2016-12-19 10:00:00,7.59,7.66,7.65,7.58,41034.0,0.06,0.79,7.612,7.587,7.576,27921.1,20093.8,19736.3,0.0
2016-12-19 09:45:00,7.62,7.62,7.59,7.57,21351.5,-0.03,-0.39,7.598,7.579,7.571,21152.0,17054.2,18663.1,0.0
2016-12-16 15:00:00,7.62,7.63,7.61,7.61,35406.9,-0.01,-0.13,7.594,7.576,7.569,19536.4,15879.2,18563.9,0.0
2016-12-16 14:45:00,7.6,7.62,7.61,7.6,23117.7,0.01,0.13,7.584,7.57,7.566,15771.7,13731.1,18605.0,0.0
2016-12-16 14:30:00,7.59,7.61,7.6,7.57,18695.6,0.01,0.13,7.57,7.566,7.563,14346.8,12942.5,19705.8,0.0
2016-12-16 14:15:00,7.57,7.58,7.58,7.56,7188.37,0.01,0.13,7.562,7.564,7.5605,12266.4,12846.1,20378.6,0.0
2016-12-16 14:00:00,7.56,7.59,7.57,7.56,13273.2,0.01,0.13,7.56,7.562,7.562,12956.3,14506.9,20709.8,0.0
2016-12-16 13:45:00,7.54,7.57,7.56,7.53,16583.4,0.02,0.27,7.558,7.56,7.5635,12222.1,15814.4,21268.8,0.0
2016-12-16 13:30:00,7.56,7.56,7.54,7.54,15993.4,-0.02,-0.26,7.556,7.559,7.5655,11690.5,17841.4,21097.7,0.0
2016-12-16 13:15:00,7.58,7.58,7.56,7.55,8293.58,-0.02,-0.26,7.562,7.564,7.5695,11538.3,19126.7,20714.4,0.0
2016-12-16 11:30:00,7.56,7.58,7.57,7.55,10637.9,0.01,0.13,7.566,7.565,7.572,13425.7,19378.8,21028.8,0.0
2016-12-16 11:15:00,7.56,7.57,7.56,7.55,9602.37,0.0,0.0,7.564,7.563,7.573,16057.6,20272.1,22172.6,0.0
2016-12-16 11:00:00,7.57,7.59,7.55,7.55,13925.2,-0.02,-0.26,7.562,7.562,7.5735,19406.7,21248.6,23849.1,0.0
2016-12-16 10:45:00,7.58,7.6,7.57,7.57,15232.3,-0.01,-0.13,7.562,7.562,7.5755,23992.2,23478.8,26586.3,0.0
2016-12-16 10:30:00,7.56,7.58,7.58,7.55,17731.0,0.02,0.26,7.566,7.56,7.576,26715.1,26469.1,32383.8,0.0
2016-12-16 10:15:00,7.56,7.57,7.56,7.54,23797.0,0.0,0.0,7.564,7.557,7.5845,25331.8,27911.2,34392.9,0.0
2016-12-16 10:00:00,7.55,7.56,7.55,7.53,26347.8,0.0,0.0,7.562,7.562,7.5955,24486.6,26912.7,34146.0,0.0
2016-12-16 09:45:00,7.56,7.58,7.55,7.53,36853.0,-0.01,-0.13,7.562,7.567,7.6065,23090.6,26723.3,33892.1,0.0
2016-12-15 15:00:00,7.56,7.61,7.59,7.56,28846.6,0.03,0.4,7.562,7.572,7.6185,22965.4,24354.0,33001.4,0.0
2016-12-15 14:45:00,7.54,7.57,7.57,7.54,10814.8,0.03,0.4,7.554,7.575,7.6295,26223.1,22302.1,34017.8,0.0
2016-12-15 14:30:00,7.55,7.56,7.55,7.53,19571.0,0.0,0.0,7.55,7.579,7.642,30490.5,22678.8,35716.0,0.0
2016-12-15 14:15:00,7.55,7.56,7.55,7.53,19367.4,0.0,0.0,7.562,7.583,7.6545,29338.8,24073.2,35674.1,0.0
2016-12-15 14:00:00,7.55,7.56,7.55,7.53,36227.4,0.0,0.0,7.572,7.585,7.6675,30356.0,26449.5,35526.8,0.0
2016-12-15 13:45:00,7.55,7.57,7.55,7.54,45134.7,0.0,0.0,7.582,7.589,7.679,25742.6,29693.8,34487.0,0.0
2016-12-15 13:30:00,7.61,7.61,7.55,7.55,32151.8,-0.06,-0.79,7.596,7.592,7.6905,18381.1,38298.6,32899.7,0.0
2016-12-15 13:15:00,7.6,7.62,7.61,7.59,13812.6,0.01,0.13,7.608,7.612,7.701,14867.1,40874.6,33687.4,0.0
2016-12-15 11:30:00,7.6,7.62,7.6,7.58,24453.6,0.0,0.0,7.604,7.629,7.7095,18807.6,41379.3,34239.4,0.0
2016-12-15 11:15:00,7.62,7.62,7.6,7.6,13160.4,-0.02,-0.26,7.598,7.646,7.719,22543.0,41060.9,35199.0,0.0
2016-12-15 11:00:00,7.61,7.62,7.62,7.6,8327.0,0.01,0.13,7.596,7.665,7.7295,33645.0,41648.8,40227.9,0.0
2016-12-15 10:45:00,7.59,7.63,7.61,7.59,14582.0,0.02,0.26,7.588,7.684,7.741,58216.0,45733.6,45442.0,0.0
2016-12-15 10:30:00,7.57,7.6,7.59,7.54,33514.8,0.02,0.26,7.616,7.705,7.7505,66882.1,48753.3,52046.5,0.0
2016-12-15 10:15:00,7.59,7.62,7.57,7.56,43131.0,-0.02,-0.26,7.654,7.726,7.756,63951.0,47275.0,54455.3,0.0
2016-12-15 10:00:00,7.57,7.6,7.59,7.56,68670.4,0.02,0.26,7.694,7.75,7.764,59578.8,44604.0,55142.0,0.0
2016-12-15 09:45:00,7.67,7.69,7.58,7.55,131182.0,-0.09,-1.17,7.734,7.769,7.7695,49652.7,39280.2,54358.6,0.01
2016-12-14 15:00:00,7.79,7.79,7.75,7.72,57912.4,-0.04,-0.51,7.78,7.789,7.7735,33251.1,27500.9,50337.0,0.0
2016-12-14 14:45:00,7.77,7.79,7.78,7.76,18859.1,0.01,0.13,7.794,7.79,7.768,30624.4,26500.1,47749.4,0.0
2016-12-14 14:30:00,7.79,7.8,7.77,7.76,21270.0,-0.02,-0.26,7.798,7.79,7.7605,30599.1,27099.6,47684.1,0.0
2016-12-14 14:15:00,7.81,7.82,7.79,7.78,19039.4,-0.02,-0.26,7.806,7.792,7.754,29629.2,29337.0,47328.4,0.0
2016-12-14 14:00:00,7.82,7.84,7.81,7.8,49174.6,-0.01,-0.13,7.804,7.794,7.747,28907.8,38807.0,47200.3,0.0
2016-12-14 13:45:00,7.8,7.84,7.82,7.79,44779.0,0.02,0.26,7.798,7.798,7.739,21750.7,45150.4,48259.9,0.0
2016-12-14 13:30:00,7.8,7.82,7.8,7.79,18732.6,0.0,0.0,7.786,7.796,7.727,22375.8,55339.6,47298.8,0.0
2016-12-14 13:15:00,7.79,7.81,7.81,7.78,16420.3,0.02,0.26,7.782,7.786,7.7165,23600.1,61635.5,47117.4,0.0
2016-12-14 11:30:00,7.78,7.81,7.78,7.77,15432.6,0.0,0.0,7.778,7.778,7.704,29044.9,65680.0,47118.8,0.0
2016-12-14 11:15:00,7.77,7.79,7.78,7.76,13389.2,0.01,0.13,7.784,7.77,7.6935,48706.2,69436.9,47604.7,0.0
2016-12-14 11:00:00,7.78,7.79,7.76,7.75,47904.4,-0.02,-0.26,7.798,7.758,7.6835,68550.0,73173.0,47937.3,0.0
2016-12-14 10:45:00,7.79,7.8,7.78,7.78,24854.2,-0.01,-0.13,7.806,7.746,7.675,88303.5,68998.7,46846.2,0.0
2016-12-14 10:30:00,7.81,7.83,7.79,7.78,43644.2,-0.02,-0.26,7.79,7.731,7.667,99670.8,68268.5,49141.6,0.0
2016-12-14 10:15:00,7.86,7.9,7.81,7.81,113739.0,-0.05,-0.64,7.778,7.716,7.6565,102315.0,65319.7,49502.0,0.01
2016-12-14 10:00:00,7.81,7.87,7.85,7.77,112608.0,0.04,0.51,7.756,7.7,7.6465,90167.5,55593.6,45142.2,0.01
2016-12-14 09:45:00,7.7,7.83,7.8,7.69,146672.0,0.1,1.3,7.718,7.68,7.634,77796.1,51369.4,40781.3,0.01
2016-12-13 15:00:00,7.74,7.74,7.7,7.7,81690.8,-0.04,-0.52,7.686,7.658,7.6255,49693.8,39257.9,34658.4,0.01
2016-12-13 14:45:00,7.69,7.74,7.73,7.68,56865.9,0.04,0.52,7.672,7.647,7.6215,36866.2,32599.4,32170.3,0.0
2016-12-13 14:30:00,7.66,7.71,7.7,7.66,53001.1,0.04,0.52,7.654,7.63,7.617,28324.3,28557.6,30524.3,0.0
2016-12-13 14:15:00,7.64,7.68,7.66,7.63,50750.4,0.02,0.26,7.644,7.617,7.6155,21019.7,25772.6,28680.8,0.0
2016-12-13 14:00:00,7.63,7.64,7.64,7.62,6161.01,0.01,0.13,7.642,7.609,7.616,24942.8,22701.7,27490.8,0.0
2016-12-13 13:45:00,7.63,7.64,7.63,7.62,17552.7,0.0,0.0,7.63,7.604,7.6165,28822.0,24693.6,28377.6,0.0
2016-12-13 13:30:00,7.66,7.66,7.64,7.63,14156.3,-0.02,-0.26,7.622,7.603,7.618,28332.5,30014.6,28524.7,0.0
2016-12-13 13:15:00,7.65,7.66,7.65,7.63,16478.0,0.0,0.0,7.606,7.597,7.6205,28790.9,33684.4,28836.6,0.0
2016-12-13 11:30:00,7.59,7.66,7.65,7.58,70366.0,0.06,0.79,7.59,7.593,7.622,30525.5,34690.7,29606.3,0.0
2016-12-13 11:15:00,7.6,7.6,7.58,7.56,25557.0,-0.02,-0.26,7.576,7.588,7.624,20460.6,30193.2,27351.1,0.0
2016-12-13 11:00:00,7.57,7.61,7.59,7.56,15105.2,0.02,0.26,7.578,7.593,7.6295,20565.3,30058.9,28200.9,0.0
2016-12-13 10:45:00,7.57,7.58,7.56,7.55,16448.4,-0.01,-0.13,7.584,7.596,7.6365,31696.7,31741.2,29894.0,0.0
2016-12-13 10:30:00,7.58,7.58,7.57,7.55,25150.8,-0.01,-0.13,7.588,7.604,7.646,38577.8,32491.1,37421.8,0.0
2016-12-13 10:15:00,7.6,7.6,7.58,7.57,20041.5,-0.02,-0.26,7.596,7.614,7.6495,38856.0,31589.1,37238.1,0.0
2016-12-13 10:00:00,7.62,7.63,7.59,7.59,26080.5,-0.03,-0.39,7.6,7.623,7.6525,39925.9,32279.9,37061.3,0.0
2016-12-13 09:45:00,7.55,7.62,7.62,7.55,70762.5,0.07,0.93,7.608,7.629,7.655,39552.6,32061.6,36422.5,0.0
2016-12-12 15:00:00,7.61,7.62,7.58,7.56,50853.8,-0.03,-0.39,7.608,7.633,7.6565,31785.7,27034.8,33551.4,0.0
2016-12-12 14:45:00,7.61,7.63,7.61,7.6,26541.7,0.0,0.0,7.62,7.644,7.659,26404.3,23988.9,31414.6,0.0
2016-12-12 14:30:00,7.62,7.65,7.6,7.6,25391.0,-0.02,-0.26,7.632,7.651,7.6605,24322.2,24521.9,30786.2,0.0
2016-12-12 14:15:00,7.61,7.63,7.63,7.57,24213.8,0.02,0.26,7.646,7.66,7.6625,24633.9,24509.0,30690.1,0.0
2016-12-12 14:00:00,7.65,7.65,7.62,7.61,31928.0,-0.03,-0.39,7.65,7.666,7.664,24570.7,26342.9,30791.1,0.0
2016-12-12 13:45:00,7.68,7.68,7.64,7.64,23947.0,-0.04,-0.52,7.658,7.677,7.6655,22283.9,28046.8,29620.4,0.0
2016-12-12 13:30:00,7.67,7.69,7.67,7.66,16131.0,0.0,0.0,7.668,7.688,7.665,21573.5,42352.5,28962.2,0.0
2016-12-12 13:15:00,7.65,7.68,7.67,7.64,26949.5,0.02,0.26,7.67,7.685,7.664,24721.7,42887.1,30878.0,0.0
2016-12-12 11:30:00,7.66,7.67,7.65,7.65,23898.0,-0.01,-0.13,7.674,7.682,7.6625,24384.2,41842.8,30490.9,0.0
2016-12-12 11:15:00,7.69,7.69,7.66,7.66,20493.9,-0.03,-0.39,7.682,7.681,7.6615,28115.1,40783.3,31305.0,0.0
2016-12-12 11:00:00,7.67,7.7,7.69,7.66,20395.1,0.02,0.26,7.696,7.68,7.6605,33809.7,40068.0,33804.7,0.0
2016-12-12 10:45:00,7.68,7.71,7.68,7.67,31872.0,0.0,0.0,7.708,7.674,7.6555,63131.5,38840.4,33680.8,0.0
2016-12-12 10:30:00,7.7,7.71,7.69,7.68,25262.0,-0.01,-0.13,7.7,7.67,7.651,61052.4,37050.5,33229.3,0.0
2016-12-12 10:15:00,7.73,7.73,7.69,7.69,42552.6,-0.04,-0.52,7.69,7.665,7.645,59301.4,36871.1,33080.2,0.0
2016-12-12 10:00:00,7.75,7.76,7.73,7.72,48966.7,-0.02,-0.26,7.68,7.662,7.6395,53451.5,35239.3,31697.4,0.0
2016-12-12 09:45:00,7.75,7.79,7.75,7.72,167004.0,0.0,0.0,7.664,7.654,7.633,46326.3,31194.0,29837.5,0.01
2016-12-09 15:00:00,7.63,7.65,7.64,7.62,21476.8,0.01,0.13,7.64,7.642,7.625,14549.3,15571.9,22058.2,0.0
2016-12-09 14:45:00,7.63,7.64,7.64,7.62,16506.8,0.01,0.13,7.64,7.643,7.6225,13048.6,18869.0,21559.9,0.0
2016-12-09 14:30:00,7.65,7.65,7.64,7.63,13303.4,-0.01,-0.13,7.64,7.643,7.6195,14440.8,19139.1,21351.0,0.0
2016-12-09 14:15:00,7.63,7.65,7.65,7.63,13340.2,0.02,0.26,7.644,7.642,7.616,17027.0,21826.7,20902.2,0.0
2016-12-09 14:00:00,7.64,7.65,7.63,7.63,8119.14,-0.01,-0.13,7.644,7.641,7.6125,16061.7,27541.4,20606.7,0.0
2016-12-09 13:45:00,7.64,7.65,7.64,7.63,13973.3,0.0,0.0,7.644,7.637,7.61,16594.6,28521.2,20398.3,0.0
2016-12-09 13:30:00,7.66,7.66,7.64,7.64,23467.8,-0.02,-0.26,7.646,7.632,7.607,24689.4,29408.0,20443.6,0.0
2016-12-09 13:15:00,7.65,7.67,7.66,7.64,26234.8,0.01,0.13,7.646,7.625,7.6045,23837.4,29289.4,20037.1,0.0
2016-12-09 11:30:00,7.63,7.65,7.65,7.63,8513.63,0.02,0.26,7.64,7.617,7.601,26626.3,28155.6,19230.5,0.0
2016-12-09 11:15:00,7.64,7.65,7.63,7.63,10783.4,-0.01,-0.13,7.638,7.612,7.598,39021.0,28480.9,19544.5,0.0
2016-12-09 11:00:00,7.64,7.67,7.65,7.64,54447.6,0.01,0.13,7.63,7.608,7.597,40447.9,28544.4,19672.9,0.0
2016-12-09 10:45:00,7.63,7.65,7.64,7.62,19207.4,0.01,0.13,7.618,7.602,7.5945,34126.7,24250.8,18206.7,0.0
2016-12-09 10:30:00,7.64,7.65,7.63,7.62,40179.5,-0.01,-0.13,7.604,7.596,7.593,34741.5,23563.0,18594.3,0.0
2016-12-09 10:15:00,7.59,7.65,7.64,7.58,70487.1,0.05,0.66,7.594,7.59,7.592,29684.9,19977.6,17928.5,0.0
2016-12-09 10:00:00,7.58,7.6,7.59,7.58,17918.0,0.01,0.13,7.586,7.584,7.59,17940.9,13672.1,15202.8,0.0
2016-12-09 09:45:00,7.59,7.6,7.59,7.57,22841.3,0.0,0.0,7.586,7.583,7.5905,16640.9,12275.3,15332.4,0.0
2016-12-08 15:00:00,7.58,7.59,7.57,7.57,22281.5,-0.01,-0.13,7.586,7.582,7.59,14375.0,11479.1,14648.5,0.0
2016-12-08 14:45:00,7.61,7.61,7.58,7.58,14896.6,-0.03,-0.39,7.588,7.584,7.59,12384.5,10784.8,14129.4,0.0
2016-12-08 14:30:00,7.6,7.61,7.6,7.59,11767.0,0.0,0.0,7.586,7.585,7.591,10270.4,10305.5,14398.9,0.0
2016-12-08 14:15:00,7.58,7.6,7.59,7.57,11417.9,0.01,0.13,7.582,7.584,7.5895,9403.36,10608.1,14278.7,0.0
2016-12-08 14:00:00,7.57,7.59,7.59,7.57,11512.0,0.02,0.26,7.58,7.586,7.5885,7909.78,10801.4,14290.8,0.0
2016-12-08 13:45:00,7.58,7.59,7.58,7.57,12329.0,0.0,0.0,7.578,7.587,7.587,8583.18,12162.6,14414.6,0.0
2016-12-08 13:30:00,7.58,7.59,7.57,7.57,4325.89,-0.01,-0.13,7.58,7.59,7.5855,9185.18,13625.7,14385.6,0.0
2016-12-08 13:15:00,7.59,7.59,7.58,7.57,7432.0,-0.01,-0.13,7.584,7.594,7.5835,10340.6,15879.4,15604.1,0.0
2016-12-08 11:30:00,7.58,7.59,7.58,7.57,3950.0,0.0,0.0,7.586,7.596,7.5805,11812.8,16733.6,16230.9,0.0
2016-12-08 11:15:00,7.6,7.6,7.58,7.57,14879.0,-0.02,-0.26,7.592,7.598,7.578,13693.1,18389.4,17073.4,0.0
2016-12-08 11:00:00,7.59,7.6,7.59,7.58,15339.0,0.0,0.0,7.596,7.598,7.576,15742.0,17817.9,17887.0,0.0
2016-12-08 10:45:00,7.6,7.61,7.59,7.59,10103.0,-0.01,-0.13,7.6,7.596,7.5745,18066.2,17473.9,19059.3,0.0
2016-12-08 10:30:00,7.61,7.61,7.59,7.58,14793.0,-0.02,-0.26,7.604,7.597,7.573,21418.1,18492.3,21488.8,0.0
2016-12-08 10:15:00,7.6,7.62,7.61,7.6,13351.6,0.01,0.13,7.606,7.595,7.573,21654.3,17949.3,22501.3,0.0
2016-12-08 10:00:00,7.61,7.61,7.6,7.58,25123.3,-0.01,-0.13,7.604,7.591,7.573,23085.7,17780.1,22403.3,0.0
2016-12-08 09:45:00,7.6,7.61,7.61,7.59,26960.0,0.01,0.13,7.6,7.587,7.5735,19893.9,16666.6,21635.0,0.0
2016-12-07 15:00:00,7.6,7.62,7.61,7.6,26862.7,0.01,0.13,7.592,7.581,7.574,16881.7,15145.5,21213.0,0.0
2016-12-07 14:45:00,7.6,7.62,7.6,7.6,15974.0,0.0,0.0,7.59,7.573,7.5735,15566.4,15328.8,20140.2,0.0
2016-12-07 14:30:00,7.59,7.61,7.6,7.58,20508.6,0.01,0.13,7.584,7.565,7.5735,14244.2,15728.2,19979.6,0.0
2016-12-07 14:15:00,7.57,7.59,7.58,7.57,9164.0,0.01,0.13,7.578,7.558,7.5735,12474.5,15757.4,20220.5,0.0
2016-12-07 14:00:00,7.6,7.6,7.57,7.57,11899.0,-0.03,-0.39,7.574,7.554,7.575,13439.3,17956.1,20454.3,0.0
2016-12-07 13:45:00,7.57,7.6,7.6,7.57,20286.5,0.03,0.4,7.57,7.553,7.577,13409.3,20644.7,20544.4,0.0
2016-12-07 13:30:00,7.56,7.58,7.57,7.56,9363.0,0.01,0.13,7.556,7.549,7.578,15091.3,24485.4,20527.1,0.0
2016-12-07 13:15:00,7.56,7.58,7.57,7.55,11660.0,0.01,0.13,7.546,7.551,7.581,17212.1,27053.3,20722.1,0.0
2016-12-07 11:30:00,7.54,7.56,7.56,7.53,13988.0,0.02,0.27,7.538,7.555,7.5835,19040.2,27026.4,21138.0,0.0
2016-12-07 11:15:00,7.53,7.55,7.55,7.53,11749.0,0.02,0.27,7.534,7.56,7.5875,22472.9,26603.5,21666.3,0.0
2016-12-07 11:00:00,7.52,7.54,7.53,7.52,28696.3,0.01,0.13,7.536,7.567,7.594,27880.1,27280.5,22679.1,0.0
2016-12-07 10:45:00,7.53,7.54,7.52,7.52,19967.4,-0.01,-0.13,7.542,7.574,7.6015,33879.6,24951.5,22790.2,0.0
2016-12-07 10:30:00,7.53,7.55,7.53,7.52,20800.5,0.0,0.0,7.556,7.582,7.6085,36894.5,24231.1,24486.4,0.0
2016-12-07 10:15:00,7.56,7.56,7.54,7.53,31151.4,-0.02,-0.26,7.572,7.589,7.6135,35012.6,24683.7,25865.3,0.0
2016-12-07 10:00:00,7.56,7.57,7.56,7.54,38784.7,0.0,0.0,7.586,7.596,7.617,30734.1,22952.6,27100.4,0.0
2016-12-07 09:45:00,7.58,7.59,7.56,7.55,58693.9,-0.02,-0.26,7.598,7.601,7.6195,26681.0,20444.1,27370.5,0.0
2016-12-06 15:00:00,7.6,7.61,7.59,7.59,35042.0,-0.01,-0.13,7.606,7.607,7.6235,16023.4,16568.8,25575.3,0.0
2016-12-06 14:45:00,7.6,7.62,7.61,7.6,11391.0,0.01,0.13,7.608,7.611,7.626,11567.6,14390.9,25022.5,0.0
2016-12-06 14:30:00,7.62,7.62,7.61,7.6,9758.85,-0.01,-0.13,7.606,7.612,7.6285,14354.7,15249.5,25135.1,0.0
2016-12-06 14:15:00,7.61,7.62,7.62,7.6,18519.2,0.01,0.13,7.606,7.615,7.631,15171.0,16729.1,25401.1,0.0
2016-12-06 14:00:00,7.61,7.61,7.6,7.6,5406.0,-0.01,-0.13,7.604,7.621,7.6335,14207.2,18077.6,25883.2,0.0
2016-12-06 13:45:00,7.6,7.61,7.6,7.59,12763.0,0.0,0.0,7.608,7.629,7.6375,17114.2,20628.9,26236.6,0.0
2016-12-06 13:30:00,7.61,7.62,7.6,7.59,25326.5,-0.01,-0.13,7.614,7.635,7.639,17214.2,24741.7,28276.2,0.0
2016-12-06 13:15:00,7.61,7.63,7.61,7.61,13840.5,0.0,0.0,7.618,7.638,7.6435,16144.3,27046.9,28070.4,0.0
2016-12-06 11:30:00,7.62,7.62,7.61,7.61,13700.0,-0.01,-0.13,7.624,7.638,7.6485,18287.2,31248.2,28129.0,0.0
2016-12-06 11:15:00,7.63,7.64,7.62,7.61,19941.0,-0.01,-0.13,7.638,7.638,7.6525,21948.0,34296.9,29622.7,0.0
2016-12-06 11:00:00,7.63,7.64,7.63,7.62,13263.0,0.0,0.0,7.65,7.64,7.657,24143.7,34581.7,30747.4,0.0
2016-12-06 10:45:00,7.64,7.65,7.62,7.62,19977.0,-0.02,-0.26,7.656,7.641,7.6615,32269.3,35654.1,33638.0,0.0
2016-12-06 10:30:00,7.67,7.68,7.64,7.64,24555.1,-0.03,-0.39,7.658,7.645,7.6665,37949.6,35020.6,40114.1,0.0
2016-12-06 10:15:00,7.68,7.69,7.68,7.66,32003.7,0.0,0.0,7.652,7.647,7.6775,44209.1,34073.0,42717.6,0.0
2016-12-06 10:00:00,7.66,7.69,7.68,7.65,30919.5,0.02,0.26,7.638,7.646,7.687,46645.9,33688.9,43340.0,0.0
2016-12-06 09:45:00,7.62,7.68,7.66,7.6,53891.0,0.04,0.52,7.63,7.646,7.6955,45019.7,31844.2,43338.0,0.0
2016-12-05 15:00:00,7.6,7.64,7.63,7.6,48378.6,0.03,0.39,7.626,7.643,7.705,39038.9,31810.6,42341.2,0.0
2016-12-05 14:45:00,7.61,7.64,7.61,7.6,55852.9,0.0,0.0,7.632,7.649,7.717,32091.6,29093.8,41816.9,0.0
2016-12-05 14:30:00,7.65,7.65,7.61,7.6,44187.5,-0.04,-0.52,7.642,7.659,7.7295,23936.8,25009.8,41782.4,0.0
2016-12-05 14:15:00,7.65,7.66,7.64,7.63,22788.7,-0.01,-0.13,7.654,7.667,7.742,20731.9,24948.5,42651.1,0.0
2016-12-05 14:00:00,7.65,7.66,7.64,7.63,23986.7,-0.01,-0.13,7.662,7.674,7.754,18668.6,26913.1,44727.2,0.0
2016-12-05 13:45:00,7.66,7.67,7.66,7.65,13642.3,0.0,0.0,7.66,7.682,7.7675,24582.4,31621.8,45521.1,0.0
2016-12-05 13:30:00,7.66,7.68,7.66,7.65,15079.0,0.0,0.0,7.666,7.688,7.7805,26095.9,45207.6,47415.8,0.0
2016-12-05 13:15:00,7.67,7.69,7.67,7.63,28163.0,0.0,0.0,7.676,7.708,7.7965,26082.7,51362.2,48086.7,0.0
2016-12-05 11:30:00,7.67,7.69,7.68,7.65,12472.0,0.01,0.13,7.68,7.728,7.8115,29165.1,52991.0,51299.8,0.0
2016-12-05 11:15:00,7.69,7.7,7.63,7.63,53555.7,-0.06,-0.78,7.686,7.745,7.8295,35157.5,54831.8,63683.3,0.0
2016-12-05 11:00:00,7.71,7.72,7.69,7.68,21210.0,-0.02,-0.26,7.704,7.767,7.8465,38661.3,52871.7,73958.9,0.0
2016-12-05 10:45:00,7.69,7.72,7.71,7.69,15013.0,0.02,0.26,7.71,7.785,7.8595,64319.3,54540.1,83675.7,0.0
2016-12-05 10:30:00,7.71,7.72,7.69,7.67,43575.0,-0.02,-0.26,7.74,7.8,7.8665,76641.7,58555.1,92556.1,0.0
2016-12-05 10:15:00,7.72,7.73,7.71,7.7,42434.0,-0.01,-0.13,7.776,7.817,7.87,76816.9,60353.6,92693.6,0.0
2016-12-05 10:00:00,7.72,7.78,7.72,7.7,71074.5,0.0,0.0,7.804,7.834,7.872,74506.1,62541.4,91383.3,0.0
2016-12-05 09:45:00,7.79,7.79,7.72,7.69,149500.0,-0.07,-0.9,7.83,7.853,7.8725,67082.1,59420.4,88599.0,0.01
2016-12-02 15:00:00,7.87,7.87,7.86,7.84,76625.1,-0.01,-0.13,7.86,7.873,7.872,44760.8,49623.9,82517.6,0.0
2016-12-02 14:45:00,7.85,7.88,7.87,7.85,44451.0,0.02,0.25,7.86,7.885,7.8665,40468.4,44811.1,79246.9,0.0
2016-12-02 14:30:00,7.85,7.88,7.85,7.84,30879.7,0.0,0.0,7.858,7.895,7.8595,43890.3,49608.7,78152.1,0.0
2016-12-02 14:15:00,7.87,7.88,7.85,7.84,33954.6,-0.02,-0.25,7.864,7.914,7.853,50576.7,72534.8,80384.2,0.0
2016-12-02 14:00:00,7.86,7.9,7.87,7.85,37893.7,0.01,0.13,7.876,7.926,7.847,51758.8,95046.1,81111.4,0.0
2016-12-02 13:45:00,7.86,7.87,7.86,7.82,55163.0,0.0,0.0,7.886,7.934,7.841,54487.0,112811.0,81455.1,0.0
2016-12-02 13:30:00,7.87,7.89,7.86,7.86,61560.3,-0.01,-0.13,7.91,7.933,7.837,49153.9,126557.0,80367.6,0.0
2016-12-02 13:15:00,7.91,7.92,7.88,7.87,64311.8,-0.03,-0.38,7.932,7.923,7.8335,55327.1,125034.0,78618.5,0.0
2016-12-02 11:30:00,7.93,7.95,7.91,7.91,39865.0,-0.02,-0.25,7.964,7.91,7.828,94492.9,120225.0,76477.3,0.0
2016-12-02 11:15:00,7.98,7.99,7.92,7.92,51535.0,-0.06,-0.75,7.976,7.892,7.8215,138334.0,117778.0,76648.6,0.0
2016-12-02 11:00:00,7.97,8.0,7.98,7.95,28497.3,0.01,0.13,7.982,7.871,7.814,171136.0,115411.0,76433.3,0.0
2016-12-02 10:45:00,8.03,8.04,7.97,7.97,92426.3,-0.06,-0.75,7.956,7.848,7.804,203960.0,113683.0,79697.7,0.01
2016-12-02 10:30:00,7.96,8.13,8.04,7.96,260141.0,0.08,1.01,7.914,7.824,7.796,194740.0,106696.0,96969.6,0.02
2016-12-02 10:15:00,7.95,8.04,7.97,7.94,259068.0,0.02,0.25,7.856,7.792,7.775,145958.0,88233.7,86071.1,0.02
2016-12-02 10:00:00,7.86,7.95,7.95,7.84,215546.0,0.09,1.15,7.808,7.768,7.757,97221.7,67176.7,74713.1,0.01
2016-12-02 09:45:00,7.76,7.86,7.85,7.76,192620.0,0.09,1.16,7.76,7.748,7.74,59686.8,50099.0,65130.0,0.01
2016-12-01 15:00:00,7.74,7.77,7.76,7.74,46326.4,0.02,0.26,7.74,7.741,7.7295,23404.9,34178.1,56455.0,0.0
2016-12-01 14:45:00,7.73,7.75,7.75,7.72,16227.5,0.02,0.26,7.734,7.744,7.7225,18650.9,32203.3,54853.7,0.0
2016-12-01 14:30:00,7.71,7.73,7.73,7.71,15388.1,0.02,0.26,7.728,7.746,7.717,30509.8,32729.4,54802.1,0.0
2016-12-01 14:15:00,7.74,7.75,7.71,7.71,27871.5,-0.03,-0.39,7.728,7.751,7.712,37131.8,35519.7,54363.8,0.0
2016-12-01 14:00:00,7.73,7.75,7.75,7.73,11211.0,0.02,0.26,7.736,7.757,7.708,40511.1,37455.5,55169.5,0.0
2016-12-01 13:45:00,7.72,7.76,7.73,7.72,22556.5,0.01,0.13,7.742,7.76,7.701,44951.3,45712.8,57103.7,0.0
2016-12-01 13:30:00,7.73,7.74,7.72,7.7,75522.0,-0.01,-0.13,7.754,7.768,7.6975,45755.7,87243.6,56786.6,0.0
2016-12-01 13:15:00,7.75,7.76,7.73,7.72,48498.0,-0.02,-0.26,7.764,7.758,7.6945,34948.9,83908.5,53802.6,0.0
2016-12-01 11:30:00,7.78,7.78,7.75,7.74,44768.0,-0.03,-0.39,7.774,7.746,7.69,33907.5,82249.5,52610.0,0.0
2016-12-01 11:15:00,7.79,7.8,7.78,7.76,33412.0,-0.01,-0.13,7.778,7.732,7.6845,34399.8,80161.1,52991.5,0.0
2016-12-01 11:00:00,7.77,7.79,7.79,7.77,26578.4,0.02,0.26,7.778,7.718,7.6795,46474.2,78731.9,53800.5,0.0
2016-12-01 10:45:00,7.77,7.78,7.77,7.76,21488.0,0.0,0.0,7.782,7.701,7.6735,128732.0,77504.1,57054.8,0.0
2016-12-01 10:30:00,7.78,7.78,7.78,7.76,43291.2,0.0,0.0,7.752,7.688,7.67,132868.0,76874.9,59039.4,0.0
2016-12-01 10:15:00,7.79,7.8,7.77,7.77,47229.5,-0.02,-0.26,7.718,7.673,7.645,130592.0,73208.0,58799.2,0.0
2016-12-01 10:00:00,7.81,7.81,7.78,7.76,93784.1,-0.03,-0.38,7.686,7.659,7.621,125922.0,72883.4,57057.9,0.01
2016-12-01 09:45:00,7.85,7.85,7.81,7.77,437865.0,-0.04,-0.51,7.658,7.642,7.5965,110990.0,68494.7,52660.2,0.03
2016-11-30 15:00:00,7.61,7.62,7.62,7.58,42170.8,0.01,0.13,7.62,7.627,7.571,26276.6,26329.5,31176.5,0.0
2016-11-30 14:45:00,7.61,7.63,7.61,7.6,31908.2,0.0,0.0,7.624,7.631,7.5545,20881.6,23696.8,29446.0,0.0
2016-11-30 14:30:00,7.63,7.65,7.61,7.6,23884.0,-0.02,-0.26,7.628,7.634,7.5385,15824.5,22970.4,28078.0,0.0
2016-11-30 14:15:00,7.62,7.64,7.64,7.61,19120.0,0.02,0.26,7.632,7.637,7.5225,19844.5,25822.0,26988.8,0.0
2016-11-30 14:00:00,7.65,7.65,7.62,7.62,14300.0,-0.03,-0.39,7.626,7.641,7.505,25999.7,28869.1,26368.6,0.0
2016-11-30 13:45:00,7.63,7.65,7.64,7.63,15196.0,0.01,0.13,7.634,7.646,7.489,26382.5,36605.5,25985.1,0.0
2016-11-30 13:30:00,7.62,7.65,7.63,7.62,6622.4,0.01,0.13,7.638,7.652,7.472,26511.9,41204.0,25422.0,0.0
2016-11-30 13:15:00,7.62,7.64,7.63,7.6,43984.0,0.01,0.13,7.64,7.617,7.455,30116.4,44390.4,25480.9,0.0
2016-11-30 11:30:00,7.65,7.66,7.61,7.61,49896.0,-0.04,-0.52,7.642,7.583,7.438,31799.4,41232.4,23499.6,0.0
2016-11-30 11:15:00,7.66,7.68,7.66,7.65,16214.0,0.0,0.0,7.656,7.551,7.422,31738.4,36825.6,21197.2,0.0
2016-11-30 11:00:00,7.63,7.66,7.66,7.63,15843.3,0.03,0.39,7.658,7.515,7.4035,46828.5,36023.4,20667.0,0.0
2016-11-30 10:45:00,7.64,7.67,7.64,7.63,24644.5,0.0,0.0,7.666,7.478,7.3855,55896.0,35195.2,20229.2,0.0
2016-11-30 10:30:00,7.67,7.7,7.64,7.63,52399.3,-0.03,-0.39,7.594,7.443,7.368,58664.3,33185.6,19239.2,0.0
2016-11-30 10:15:00,7.64,7.68,7.68,7.64,49591.1,0.04,0.52,7.524,7.408,7.3505,50665.3,28155.7,16842.4,0.0
2016-11-30 10:00:00,7.7,7.71,7.67,7.65,91664.3,-0.03,-0.39,7.446,7.369,7.331,41912.8,23868.1,14927.7,0.01
2016-11-30 09:45:00,7.76,7.76,7.7,7.7,61180.9,-0.06,-0.77,7.372,7.332,7.312,25218.3,15364.6,10720.2,0.0
2016-10-13 15:00:00,7.28,7.29,7.28,7.27,38486.1,0.0,0.0,7.29,7.292,7.291,14494.3,9640.09,8191.15,0.0
2016-10-13 14:30:00,7.29,7.3,7.29,7.29,12404.0,0.0,0.0,7.292,7.293,7.2915,7706.94,6571.52,6517.51,0.0
2016-10-13 14:15:00,7.3,7.3,7.29,7.29,5828.84,-0.01,-0.14,7.292,7.293,7.2915,5646.13,5766.82,6128.26,0.0
2016-10-13 14:00:00,7.28,7.3,7.3,7.28,8191.68,0.02,0.27,7.292,7.293,7.292,5823.45,5568.76,6205.19,0.0
2016-10-13 13:45:00,7.29,7.3,7.29,7.28,7561.1,0.0,0.0,7.292,7.292,7.291,5510.95,5310.6,6166.52,0.0
2016-10-13 13:30:00,7.29,7.3,7.29,7.29,4549.03,0.0,0.0,7.294,7.293,7.2905,4785.83,5263.2,6040.55,0.0
2016-10-13 13:15:00,7.29,7.3,7.29,7.29,2100.0,0.0,0.0,7.294,7.293,7.29,5436.11,5292.82,6254.66,0.0
2016-10-13 11:30:00,7.3,7.3,7.29,7.29,6715.43,-0.01,-0.14,7.294,7.293,7.2905,5887.52,5529.15,6591.09,0.0
2016-10-13 11:15:00,7.29,7.3,7.3,7.29,6629.18,0.01,0.14,7.294,7.293,7.291,5314.08,5987.17,6777.69,0.0
2016-10-13 11:00:00,7.29,7.3,7.3,7.29,3935.52,0.01,0.14,7.292,7.292,7.2905,5110.24,6075.77,6811.13,0.0
2016-10-13 10:45:00,7.29,7.3,7.29,7.29,7800.42,0.0,0.0,7.292,7.29,7.29,5740.56,6742.22,7193.51,0.0
2016-10-13 10:30:00,7.3,7.3,7.29,7.29,4357.03,-0.01,-0.14,7.292,7.29,7.291,5149.53,6463.49,7451.88,0.0
2016-10-13 10:15:00,7.29,7.3,7.29,7.29,3848.24,0.0,0.0,7.292,7.29,7.292,5170.78,6489.7,7585.96,0.0
2016-10-13 10:00:00,7.3,7.31,7.29,7.29,5610.0,-0.01,-0.14,7.292,7.291,7.2925,6660.27,6841.62,7763.28,0.0
2016-10-13 09:45:00,7.3,7.3,7.3,7.28,7087.13,0.0,0.0,7.292,7.29,7.294,7041.29,7022.44,8215.07,0.0
2016-10-12 14:45:00,7.29,7.3,7.29,7.29,4845.23,0.0,0.0,7.288,7.288,7.294,7743.87,6817.9,8075.25,0.0
2016-10-12 14:30:00,7.29,7.3,7.29,7.29,4463.29,0.0,0.0,7.288,7.287,7.2945,7777.45,7216.5,8074.85,0.0
2016-10-12 14:15:00,7.28,7.29,7.29,7.28,11295.7,0.01,0.14,7.288,7.288,7.295,7808.62,7653.04,8097.16,0.0
2016-10-12 14:00:00,7.29,7.29,7.29,7.28,7515.12,0.0,0.0,7.29,7.289,7.2955,7022.96,7568.21,7754.6,0.0
2016-10-12 13:45:00,7.29,7.29,7.28,7.28,10600.0,-0.01,-0.14,7.288,7.289,7.296,7003.58,7546.5,7795.5,0.0
2016-10-12 13:30:00,7.29,7.29,7.29,7.28,5013.15,0.0,0.0,7.288,7.29,7.298,5891.94,7644.8,8166.95,0.0
2016-10-12 13:15:00,7.29,7.3,7.29,7.28,4619.16,0.0,0.0,7.286,7.292,7.2995,6655.56,8440.27,8222.91,0.0
2016-10-12 11:30:00,7.28,7.3,7.3,7.28,7367.37,0.02,0.27,7.288,7.294,7.3,7497.45,8682.22,8382.44,0.0
2016-10-12 11:15:00,7.29,7.29,7.28,7.28,7418.23,-0.01,-0.14,7.288,7.294,7.301,8113.46,8684.95,8443.67,0.0
2016-10-12 11:00:00,7.28,7.29,7.28,7.28,5041.77,0.0,0.0,7.29,7.298,7.303,8089.41,9407.7,9300.46,0.0
2016-10-12 10:45:00,7.3,7.3,7.28,7.28,8831.25,-0.02,-0.27,7.292,7.3,7.3045,9397.66,9332.59,10160.8,0.0
2016-10-12 10:30:00,7.3,7.31,7.3,7.29,8828.65,0.0,0.0,7.298,7.302,7.3055,10225.0,8933.2,11251.0,0.0
2016-10-12 10:15:00,7.29,7.31,7.3,7.29,10447.4,0.01,0.14,7.3,7.302,7.305,9866.98,8541.28,11600.8,0.0
2016-10-12 10:00:00,7.29,7.3,7.29,7.29,7298.0,0.0,0.0,7.3,7.302,7.304,9256.43,7941.0,11393.1,0.0
2016-10-12 09:45:00,7.29,7.3,7.29,7.28,11583.0,0.0,0.0,7.306,7.303,7.304,10726.0,8044.5,11519.6,0.0
2016-10-11 15:00:00,7.31,7.31,7.31,7.3,12967.9,0.0,0.0,7.308,7.306,7.3035,9267.53,8689.11,11267.6,0.0
2016-10-11 14:45:00,7.3,7.31,7.31,7.3,7038.65,0.01,0.14,7.306,7.307,7.3025,7641.42,8005.55,11328.5,0.0
2016-10-11 14:30:00,7.32,7.32,7.3,7.3,7394.61,-0.02,-0.27,7.304,7.306,7.3015,7215.59,8082.65,11371.2,0.0
2016-10-11 14:15:00,7.31,7.32,7.32,7.3,14645.8,0.01,0.14,7.304,7.308,7.3005,6625.57,8202.39,11921.7,0.0
2016-10-11 14:00:00,7.3,7.31,7.3,7.3,4290.68,0.0,0.0,7.3,7.308,7.2995,5363.01,9193.22,11458.8,0.0
2016-10-11 13:45:00,7.3,7.31,7.3,7.3,4837.34,0.0,0.0,7.304,7.309,7.299,8110.69,10989.1,11778.1,0.0
2016-10-11 13:30:00,7.3,7.31,7.3,7.3,4909.5,0.0,0.0,7.308,7.309,7.2985,8369.69,13568.8,11828.2,0.0
2016-10-11 13:15:00,7.3,7.31,7.3,7.3,4444.51,0.0,0.0,7.308,7.308,7.298,8949.72,14660.4,11914.2,0.0
2016-10-11 11:30:00,7.31,7.32,7.3,7.3,8333.0,-0.01,-0.14,7.312,7.306,7.2975,9779.21,14845.1,11888.2,0.0
2016-10-11 11:15:00,7.32,7.32,7.32,7.3,18029.1,0.0,0.0,7.316,7.305,7.2975,13023.4,14994.6,12001.3,0.0
2016-10-11 11:00:00,7.3,7.32,7.32,7.3,6132.35,0.02,0.27,7.314,7.301,7.2965,13867.4,13846.0,11715.6,0.0
2016-10-11 10:45:00,7.31,7.32,7.3,7.3,7809.62,-0.01,-0.14,7.31,7.298,7.295,18767.9,14651.5,16239.7,0.0
2016-10-11 10:30:00,7.32,7.33,7.32,7.31,8592.0,0.0,0.0,7.308,7.297,7.291,20371.0,14659.7,16527.1,0.0
2016-10-11 10:15:00,7.31,7.33,7.32,7.3,24554.1,0.01,0.14,7.3,7.293,7.2865,19911.0,15641.0,16749.1,0.0
2016-10-11 10:00:00,7.31,7.32,7.31,7.3,22249.0,0.0,0.0,7.294,7.291,7.2815,16965.8,13724.5,16228.9,0.0
2016-10-11 09:45:00,7.31,7.31,7.3,7.29,30635.0,-0.01,-0.14,7.288,7.289,7.2765,13824.6,12567.1,16131.6,0.0
2016-10-10 15:00:00,7.28,7.3,7.29,7.28,15825.0,0.01,0.14,7.286,7.288,7.2735,10535.0,10087.7,14907.8,0.0
2016-10-10 14:45:00,7.29,7.3,7.28,7.28,6292.0,-0.01,-0.14,7.286,7.288,7.2705,8948.44,9168.08,14305.3,0.0
2016-10-10 14:30:00,7.29,7.29,7.29,7.28,9828.0,0.0,0.0,7.286,7.289,7.268,11371.0,8931.2,14211.3,0.0
2016-10-10 14:15:00,7.29,7.29,7.28,7.28,6543.0,-0.01,-0.14,7.288,7.29,7.265,10483.2,9008.01,14013.1,0.0
2016-10-10 14:00:00,7.29,7.29,7.29,7.27,14187.0,0.0,0.0,7.29,7.292,7.262,11309.6,9585.24,13749.8,0.0
2016-10-10 13:45:00,7.28,7.29,7.29,7.27,7892.21,0.01,0.14,7.29,7.292,7.2585,9640.35,17827.9,13399.5,0.0
2016-10-10 13:30:00,7.3,7.3,7.28,7.27,18404.9,-0.02,-0.27,7.29,7.285,7.2555,9387.71,18394.6,13205.2,0.0
2016-10-10 13:15:00,7.3,7.3,7.3,7.29,5388.65,0.0,0.0,7.292,7.28,7.253,6491.37,17857.2,12684.6,0.0
2016-10-10 11:30:00,7.28,7.3,7.29,7.28,10675.0,0.01,0.14,7.292,7.272,7.249,7532.85,18733.3,12537.7,0.0
2016-10-10 11:15:00,7.29,7.3,7.29,7.28,5841.0,0.0,0.0,7.294,7.264,7.2455,7860.92,19696.2,12499.3,0.0
2016-10-10 10:45:00,7.29,7.29,7.29,7.28,6629.0,0.0,0.0,7.294,7.259,7.2425,26015.4,19727.9,12575.4,0.0
2016-10-10 10:30:00,7.29,7.3,7.29,7.28,3923.2,0.0,0.0,7.28,7.253,7.2395,27401.4,19442.6,12585.6,0.0
2016-10-10 10:15:00,7.3,7.3,7.3,7.28,10596.1,0.0,0.0,7.268,7.247,7.2375,29223.0,19491.3,12595.8,0.0
2016-10-10 10:00:00,7.29,7.3,7.3,7.28,12315.3,0.01,0.14,7.252,7.24,7.2345,29933.7,19018.2,12238.4,0.0
2016-10-10 09:45:00,7.29,7.32,7.29,7.29,96613.2,0.0,0.0,7.234,7.232,7.2315,31531.5,17914.3,11782.5,0.01
2016-09-30 14:45:00,7.22,7.23,7.22,7.21,13559.2,0.0,0.0,7.224,7.225,7.229,13440.4,8971.22,7767.31,0.0
2016-09-30 14:30:00,7.22,7.24,7.23,7.21,13031.0,0.01,0.14,7.226,7.226,7.23,11483.8,8015.86,7291.2,0.0
2016-09-30 14:15:00,7.21,7.23,7.22,7.21,14150.0,0.01,0.14,7.226,7.226,7.231,9759.7,7512.11,6763.75,0.0
2016-09-30 14:00:00,7.24,7.24,7.21,7.21,20304.0,-0.03,-0.41,7.228,7.226,7.2325,8102.6,6342.11,6243.12,0.0
2016-09-30 13:45:00,7.23,7.24,7.24,7.23,6158.0,0.01,0.14,7.23,7.227,7.235,4297.2,5302.41,5507.32,0.0
2016-09-30 13:30:00,7.23,7.24,7.23,7.22,3776.01,0.0,0.0,7.226,7.226,7.2355,4502.01,5422.81,5775.05,0.0
2016-09-30 13:15:00,7.23,7.23,7.23,7.22,4410.51,0.0,0.0,7.226,7.226,7.2365,4547.91,5728.61,6344.17,0.0
2016-09-30 11:30:00,7.22,7.23,7.23,7.22,5864.5,0.01,0.14,7.226,7.228,7.238,5264.51,5700.19,6640.97,0.0
2016-09-30 11:15:00,7.22,7.23,7.22,7.22,1277.0,0.0,0.0,7.224,7.229,7.239,4581.61,5458.61,7018.24,0.0
2016-09-30 11:00:00,7.22,7.23,7.22,7.21,7182.05,0.0,0.0,7.224,7.231,7.241,6307.61,5650.74,10565.2,0.0
2016-09-30 10:45:00,7.22,7.23,7.23,7.22,4005.5,0.01,0.14,7.226,7.233,7.239,6343.61,6563.4,10540.7,0.0
2016-09-30 10:30:00,7.22,7.23,7.23,7.22,7993.49,0.01,0.14,7.226,7.234,7.237,6909.31,6566.55,10622.2,0.0
2016-09-30 10:15:00,7.23,7.23,7.22,7.22,2450.0,-0.01,-0.14,7.23,7.236,7.2355,6135.88,6015.4,10357.4,0.0
2016-09-30 09:45:00,7.23,7.24,7.22,7.22,9907.0,-0.01,-0.14,7.234,7.239,7.234,6335.62,6144.14,10374.7,0.0
2016-09-29 15:00:00,7.24,7.25,7.23,7.23,7362.06,-0.01,-0.14,7.238,7.243,7.232,4993.87,5712.23,10000.1,0.0
2016-09-29 14:45:00,7.24,7.25,7.23,7.23,6833.98,-0.01,-0.14,7.24,7.245,7.2295,6783.18,6127.29,10051.7,0.0
2016-09-29 14:30:00,7.24,7.25,7.25,7.24,4126.34,0.01,0.14,7.242,7.247,7.2275,6223.79,6959.74,9948.6,0.0
