2017-03-17@15:00:00,8.053,7.990,7.928
2017-03-17@14:00:00,8.054,7.990,7.926
2017-03-17@11:30:00,8.056,7.988,7.921
2017-03-17@10:30:00,8.053,7.985,7.917
2017-03-16@15:00:00,8.048,7.980,7.913
2017-03-16@14:00:00,8.035,7.976,7.917
2017-03-16@11:30:00,8.027,7.972,7.917
2017-03-16@10:30:00,8.022,7.969,7.917
2017-03-15@15:00:00,8.016,7.967,7.919
2017-03-15@14:00:00,8.045,7.972,7.900
2017-03-15@11:30:00,8.058,7.978,7.899
2017-03-15@10:30:00,8.075,7.985,7.895
2017-03-14@15:00:00,8.094,7.992,7.890
2017-03-14@14:00:00,8.105,7.996,7.887
2017-03-14@11:30:00,8.111,7.999,7.887
2017-03-14@10:30:00,8.115,8.001,7.887
2017-03-13@15:00:00,8.122,8.004,7.886
2017-03-13@14:00:00,8.126,8.008,7.890
2017-03-13@11:30:00,8.129,8.011,7.893
2017-03-13@10:30:00,8.132,8.013,7.894
2017-03-10@15:00:00,8.133,8.017,7.902
2017-03-10@14:00:00,8.133,8.023,7.914
2017-03-10@11:30:00,8.135,8.030,7.926
2017-03-10@10:30:00,8.133,8.035,7.937
2017-03-09@15:00:00,8.133,8.043,7.952
2017-03-09@14:00:00,8.154,8.053,7.953
2017-03-09@11:30:00,8.177,8.067,7.956
2017-03-09@10:30:00,8.204,8.081,7.957
2017-03-08@15:00:00,8.222,8.094,7.965
2017-03-08@14:00:00,8.247,8.101,7.956
2017-03-08@11:30:00,8.269,8.111,7.953
2017-03-08@10:30:00,8.287,8.119,7.952
2017-03-07@15:00:00,8.299,8.125,7.952
2017-03-07@14:00:00,8.311,8.133,7.955
2017-03-07@11:30:00,8.320,8.142,7.964
2017-03-07@10:30:00,8.328,8.151,7.974
2017-03-06@15:00:00,8.333,8.158,7.983
2017-03-06@14:00:00,8.335,8.166,7.997
2017-03-06@11:30:00,8.334,8.174,8.015
2017-03-06@10:30:00,8.331,8.183,8.036
2017-03-03@15:00:00,8.324,8.191,8.059
2017-03-03@14:00:00,8.320,8.202,8.084
2017-03-03@11:30:00,8.314,8.209,8.105
2017-03-03@10:30:00,8.288,8.217,8.146
2017-03-02@15:00:00,8.266,8.224,8.183
2017-03-02@14:00:00,8.275,8.230,8.185
2017-03-02@11:30:00,8.288,8.234,8.181
2017-03-02@10:30:00,8.304,8.238,8.173
2017-03-01@15:00:00,8.323,8.244,8.165
2017-03-01@14:00:00,8.355,8.251,8.148
2017-03-01@11:30:00,8.384,8.259,8.135
2017-03-01@10:30:00,8.401,8.266,8.131
2017-02-28@15:00:00,8.423,8.275,8.128
2017-02-28@14:00:00,8.429,8.281,8.133
2017-02-28@11:30:00,8.434,8.286,8.138
2017-02-28@10:30:00,8.438,8.291,8.144
2017-02-27@15:00:00,8.442,8.298,8.154
2017-02-27@14:00:00,8.444,8.305,8.166
2017-02-27@11:30:00,8.443,8.310,8.178
2017-02-27@10:30:00,8.442,8.316,8.190
2017-02-24@15:00:00,8.436,8.319,8.203
2017-02-24@14:00:00,8.435,8.320,8.206
2017-02-24@11:30:00,8.432,8.324,8.216
2017-02-24@10:30:00,8.421,8.332,8.243
2017-02-23@15:00:00,8.416,8.337,8.259
2017-02-23@14:00:00,8.415,8.339,8.264
2017-02-23@11:30:00,8.414,8.340,8.266
2017-02-23@10:30:00,8.416,8.338,8.260
2017-02-22@15:00:00,8.416,8.336,8.256
2017-02-22@14:00:00,8.421,8.337,8.253
2017-02-22@11:30:00,8.423,8.337,8.252
2017-02-22@10:30:00,8.433,8.340,8.247
2017-02-21@15:00:00,8.433,8.340,8.247
2017-02-21@14:00:00,8.437,8.342,8.247
2017-02-21@11:30:00,8.440,8.344,8.249
2017-02-21@10:30:00,8.444,8.347,8.250
2017-02-20@15:00:00,8.445,8.348,8.251
2017-02-20@14:00:00,8.452,8.351,8.250
2017-02-20@11:30:00,8.457,8.355,8.253
2017-02-20@10:30:00,8.463,8.359,8.255
2017-02-17@15:00:00,8.464,8.366,8.268
2017-02-17@14:00:00,8.469,8.374,8.279
2017-02-17@11:30:00,8.472,8.380,8.289
2017-02-17@10:30:00,8.478,8.385,8.292
2017-02-16@15:00:00,8.483,8.389,8.295
2017-02-16@14:00:00,8.486,8.394,8.302
2017-02-16@11:30:00,8.482,8.396,8.310
2017-02-16@10:30:00,8.469,8.400,8.332
2017-02-15@15:00:00,8.457,8.406,8.355
2017-02-15@14:00:00,8.457,8.406,8.355
2017-02-15@11:30:00,8.455,8.405,8.355
2017-02-15@10:30:00,8.453,8.402,8.351
2017-02-14@15:00:00,8.452,8.401,8.350
2017-02-14@14:00:00,8.476,8.407,8.339
2017-02-14@11:30:00,8.489,8.413,8.337
2017-02-14@10:30:00,8.498,8.418,8.338
2017-02-13@15:00:00,8.511,8.425,8.339
2017-02-13@14:00:00,8.537,8.432,8.328
2017-02-13@11:30:00,8.546,8.438,8.330
2017-02-13@10:30:00,8.561,8.444,8.328
2017-02-10@15:00:00,8.579,8.452,8.326
2017-02-10@14:00:00,8.600,8.460,8.320
2017-02-10@11:30:00,8.620,8.468,8.317
2017-02-10@10:30:00,8.633,8.475,8.317
2017-02-09@15:00:00,8.643,8.482,8.321
2017-02-09@14:00:00,8.668,8.493,8.318
2017-02-09@11:30:00,8.683,8.508,8.333
2017-02-09@10:30:00,8.692,8.521,8.350
2017-02-08@15:00:00,8.708,8.534,8.360
2017-02-08@14:00:00,8.735,8.549,8.364
2017-02-08@11:30:00,8.757,8.566,8.376
2017-02-08@10:30:00,8.787,8.589,8.391
2017-02-07@15:00:00,8.789,8.605,8.422
2017-02-07@14:00:00,8.808,8.618,8.428
2017-02-07@11:30:00,8.818,8.630,8.443
2017-02-07@10:30:00,8.819,8.642,8.465
2017-02-06@15:00:00,8.821,8.652,8.484
2017-02-06@14:00:00,8.826,8.650,8.474
2017-02-06@11:30:00,8.829,8.648,8.468
2017-02-06@10:30:00,8.841,8.643,8.446
2017-02-03@15:00:00,8.851,8.637,8.423
2017-02-03@14:00:00,8.859,8.630,8.401
2017-02-03@11:30:00,8.865,8.622,8.379
2017-02-03@10:30:00,8.871,8.615,8.360
2017-01-26@15:00:00,8.876,8.608,8.340
2017-01-26@14:00:00,8.872,8.601,8.331
2017-01-26@11:30:00,8.874,8.588,8.302
2017-01-26@10:30:00,8.874,8.576,8.278
2017-01-25@15:00:00,8.864,8.565,8.266
2017-01-25@14:00:00,8.847,8.557,8.267
2017-01-25@11:30:00,8.825,8.548,8.271
2017-01-25@10:30:00,8.783,8.535,8.288
2017-01-24@15:00:00,8.762,8.528,8.294
2017-01-24@14:00:00,8.726,8.517,8.308
2017-01-24@11:30:00,8.689,8.507,8.325
2017-01-24@10:30:00,8.672,8.503,8.335
2017-01-23@15:00:00,8.644,8.498,8.352
2017-01-23@14:00:00,8.644,8.498,8.352
2017-01-23@11:30:00,8.646,8.494,8.342
2017-01-23@10:30:00,8.661,8.486,8.312
2017-01-20@15:00:00,8.665,8.482,8.300
2017-01-20@14:00:00,8.666,8.479,8.293
2017-01-20@11:30:00,8.669,8.475,8.281
2017-01-20@10:30:00,8.670,8.472,8.274
2017-01-19@15:00:00,8.671,8.469,8.268
2017-01-19@14:00:00,8.670,8.459,8.249
2017-01-19@11:30:00,8.674,8.456,8.238
2017-01-19@10:30:00,8.674,8.457,8.240
2017-01-18@15:00:00,8.673,8.452,8.232
2017-01-18@14:00:00,8.660,8.441,8.222
2017-01-18@11:30:00,8.646,8.433,8.221
2017-01-18@10:30:00,8.630,8.426,8.223
2017-01-17@15:00:00,8.613,8.420,8.228
2017-01-17@14:00:00,8.598,8.413,8.229
2017-01-17@11:30:00,8.582,8.406,8.231
2017-01-17@10:30:00,8.534,8.390,8.246
2017-01-16@15:00:00,8.490,8.371,8.253
2017-01-16@14:00:00,8.465,8.364,8.264
2017-01-16@11:30:00,8.463,8.363,8.264
2017-01-16@10:30:00,8.472,8.371,8.271
2017-01-13@15:00:00,8.484,8.376,8.269
2017-01-13@14:00:00,8.482,8.375,8.268
2017-01-13@11:30:00,8.483,8.377,8.270
2017-01-13@10:30:00,8.483,8.373,8.264
2017-01-12@15:00:00,8.482,8.372,8.262
2017-01-12@14:00:00,8.504,8.364,8.225
2017-01-12@11:30:00,8.539,8.353,8.167
2017-01-12@10:30:00,8.555,8.337,8.118
2017-01-11@15:00:00,8.565,8.323,8.082
2017-01-11@14:00:00,8.586,8.306,8.027
2017-01-11@11:30:00,8.588,8.287,7.986
2017-01-11@10:30:00,8.587,8.264,7.941
2017-01-10@15:00:00,8.578,8.239,7.900
2017-01-10@14:00:00,8.566,8.218,7.870
2017-01-10@11:30:00,8.550,8.196,7.843
2017-01-10@10:30:00,8.544,8.178,7.813
2017-01-09@15:00:00,8.539,8.166,7.793
2017-01-09@14:00:00,8.517,8.145,7.773
2017-01-09@11:30:00,8.488,8.124,7.760
2017-01-09@10:30:00,8.437,8.099,7.762
2017-01-06@15:00:00,8.374,8.074,7.774
2017-01-06@14:00:00,8.328,8.053,7.778
2017-01-06@11:30:00,8.265,8.031,7.798
2017-01-06@10:30:00,8.208,8.016,7.824
2017-01-05@15:00:00,8.120,7.997,7.875
2017-01-05@14:00:00,8.084,7.990,7.896
2017-01-05@11:30:00,8.076,7.988,7.900
2017-01-05@10:30:00,8.069,7.986,7.904
2017-01-04@15:00:00,8.083,7.988,7.894
2017-01-04@14:00:00,8.086,7.990,7.894
2017-01-04@11:30:00,8.085,7.989,7.894
2017-01-04@10:30:00,8.085,7.990,7.896
2017-01-03@15:00:00,8.087,7.993,7.900
2017-01-03@14:00:00,8.104,7.999,7.895
2017-01-03@11:30:00,8.105,8.002,7.899
2017-01-03@10:30:00,8.106,8.005,7.904
2016-12-30@15:00:00,8.106,8.005,7.904
2016-12-30@14:00:00,8.125,8.014,7.903
2016-12-30@11:30:00,8.144,8.023,7.902
2016-12-30@10:30:00,8.169,8.034,7.899
2016-12-29@15:00:00,8.179,8.043,7.907
2016-12-29@14:00:00,8.190,8.054,7.918
2016-12-29@11:30:00,8.187,8.060,7.933
2016-12-29@10:30:00,8.193,8.065,7.938
2016-12-28@15:00:00,8.212,8.077,7.943
2016-12-28@14:00:00,8.219,8.073,7.928
2016-12-28@11:30:00,8.225,8.068,7.912
2016-12-28@10:30:00,8.224,8.067,7.910
2016-12-27@15:00:00,8.242,8.050,7.858
2016-12-27@14:00:00,8.295,8.030,7.765
2016-12-27@11:30:00,8.333,8.010,7.687
2016-12-27@10:30:00,8.353,7.992,7.632
2016-12-26@15:00:00,8.370,7.973,7.575
2016-12-26@14:00:00,8.363,7.952,7.541
2016-12-26@11:30:00,8.365,7.933,7.500
2016-12-26@10:30:00,8.362,7.915,7.467
2016-12-23@15:00:00,8.359,7.897,7.434
2016-12-23@14:00:00,8.336,7.871,7.405
2016-12-23@11:30:00,8.308,7.842,7.376
2016-12-23@10:30:00,8.265,7.811,7.358
2016-12-22@15:00:00,8.223,7.784,7.345
2016-12-22@14:00:00,8.167,7.756,7.344
2016-12-22@11:30:00,8.123,7.730,7.336
2016-12-22@10:30:00,8.057,7.704,7.350
2016-12-21@15:00:00,7.942,7.673,7.403
2016-12-21@14:00:00,7.906,7.663,7.420
2016-12-21@11:30:00,7.875,7.657,7.438
2016-12-21@10:30:00,7.799,7.645,7.490
2016-12-20@15:00:00,7.797,7.644,7.491
2016-12-20@14:00:00,7.802,7.647,7.493
2016-12-20@11:30:00,7.802,7.649,7.496
2016-12-20@10:30:00,7.803,7.649,7.496
2016-12-19@15:00:00,7.804,7.647,7.491
2016-12-19@14:00:00,7.800,7.642,7.484
2016-12-19@11:30:00,7.800,7.641,7.483
2016-12-19@10:30:00,7.800,7.641,7.483
2016-12-16@15:00:00,7.804,7.644,7.485
2016-12-16@14:00:00,7.805,7.646,7.487
2016-12-16@11:30:00,7.804,7.649,7.494
2016-12-16@10:30:00,7.804,7.653,7.502
2016-12-15@15:00:00,7.803,7.655,7.508
2016-12-15@14:00:00,7.804,7.654,7.505
2016-12-15@11:30:00,7.801,7.656,7.512
2016-12-15@10:30:00,7.802,7.655,7.509
2016-12-14@15:00:00,7.802,7.655,7.509
2016-12-14@14:00:00,7.790,7.648,7.507
2016-12-14@11:30:00,7.760,7.636,7.513
2016-12-14@10:30:00,7.735,7.625,7.516
2016-12-13@15:00:00,7.700,7.612,7.525
2016-12-13@14:00:00,7.685,7.607,7.529
2016-12-13@11:30:00,7.682,7.605,7.528
2016-12-13@10:30:00,7.677,7.603,7.529
2016-12-12@15:00:00,7.680,7.606,7.533
2016-12-12@14:00:00,7.682,7.609,7.536
2016-12-12@11:30:00,7.685,7.610,7.535
2016-12-12@10:30:00,7.690,7.611,7.533
2016-12-09@15:00:00,7.690,7.611,7.533
2016-12-09@14:00:00,7.756,7.622,7.489
2016-12-09@11:30:00,7.806,7.635,7.463
2016-12-09@10:30:00,7.857,7.647,7.438
2016-12-08@15:00:00,7.938,7.668,7.398
2016-12-08@14:00:00,7.947,7.677,7.408
2016-12-08@11:30:00,7.953,7.685,7.418
2016-12-08@10:30:00,7.959,7.694,7.429
2016-12-07@15:00:00,7.966,7.703,7.441
2016-12-07@14:00:00,7.966,7.704,7.442
2016-12-07@11:30:00,7.964,7.706,7.449
2016-12-07@10:30:00,7.962,7.709,7.456
2016-12-06@15:00:00,7.956,7.714,7.473
2016-12-06@14:00:00,8.003,7.699,7.395
2016-12-06@11:30:00,8.032,7.684,7.336
2016-12-06@10:30:00,8.055,7.668,7.281
2016-12-05@15:00:00,8.072,7.650,7.229
2016-12-05@14:00:00,8.082,7.634,7.186
2016-12-05@11:30:00,8.089,7.616,7.144
2016-12-05@10:30:00,8.088,7.597,7.107
2016-12-02@15:00:00,8.083,7.578,7.073
2016-12-02@14:00:00,8.051,7.550,7.050
2016-12-02@11:30:00,8.012,7.522,7.032
2016-12-02@10:30:00,7.956,7.492,7.027
2016-12-01@15:00:00,7.851,7.456,7.060
2016-12-01@14:00:00,7.807,7.432,7.057
2016-12-01@11:30:00,7.759,7.409,7.059
2016-12-01@10:30:00,7.702,7.386,7.070
2016-11-30@15:00:00,7.623,7.361,7.100
2016-11-30@14:00:00,7.581,7.342,7.103
2016-11-30@11:30:00,7.530,7.321,7.113
2016-11-30@10:30:00,7.467,7.302,7.138
2016-10-13@15:00:00,7.342,7.282,7.222
2016-10-13@14:00:00,7.344,7.279,7.215
2016-10-13@11:30:00,7.342,7.276,7.211
2016-10-13@10:30:00,7.341,7.274,7.208
2016-10-12@15:00:00,7.339,7.272,7.206
2016-10-12@14:00:00,7.343,7.266,7.190
2016-10-12@11:30:00,7.345,7.261,7.177
2016-10-12@10:30:00,7.342,7.256,7.170
2016-10-11@15:00:00,7.339,7.250,7.162
2016-10-11@14:00:00,7.331,7.246,7.161
2016-10-11@11:30:00,7.326,7.240,7.154
2016-10-11@10:30:00,7.319,7.234,7.149
2016-10-10@15:00:00,7.305,7.227,7.149
2016-10-10@14:00:00,7.296,7.222,7.148
2016-10-10@11:30:00,7.285,7.218,7.151
2016-10-10@10:30:00,7.273,7.214,7.156
2016-09-30@15:00:00,7.258,7.210,7.163
2016-09-30@14:00:00,7.266,7.213,7.159
2016-09-30@11:30:00,7.275,7.216,7.156
2016-09-30@10:30:00,7.281,7.218,7.154
2016-09-29@15:00:00,7.287,7.220,7.152
2016-09-29@14:00:00,7.292,7.222,7.151
2016-09-29@11:30:00,7.298,7.224,7.149
2016-09-29@10:30:00,7.301,7.225,7.148
2016-09-28@15:00:00,7.304,7.226,7.147
2016-09-28@14:00:00,7.307,7.230,7.152
2016-09-28@11:30:00,7.307,7.233,7.159
2016-09-28@10:30:00,7.308,7.235,7.162
2016-09-27@15:00:00,7.307,7.238,7.168
2016-09-27@14:00:00,7.310,7.240,7.170
2016-09-27@11:30:00,7.309,7.244,7.179
2016-09-27@10:30:00,7.307,7.248,7.189
2016-09-26@15:00:00,7.302,7.252,7.202
2016-09-26@14:00:00,7.299,7.257,7.214
2016-09-26@11:30:00,7.295,7.259,7.223
2016-09-26@10:30:00,7.293,7.262,7.230
2016-09-23@15:00:00,7.286,7.265,7.243
2016-09-23@14:00:00,7.286,7.265,7.243
2016-09-23@11:30:00,7.287,7.265,7.243
2016-09-23@10:30:00,7.289,7.266,7.242
2016-09-22@15:00:00,7.290,7.266,7.242
2016-09-22@14:00:00,7.293,7.267,7.241
2016-09-22@11:30:00,7.297,7.268,7.239
2016-09-22@10:30:00,nan,nan,nan
2016-09-21@15:00:00,nan,nan,nan
2016-09-21@14:00:00,nan,nan,nan
2016-09-21@11:30:00,nan,nan,nan
2016-09-21@10:30:00,nan,nan,nan
2016-09-20@15:00:00,nan,nan,nan
2016-09-20@14:00:00,nan,nan,nan
2016-09-20@11:30:00,nan,nan,nan
2016-09-20@10:30:00,nan,nan,nan
2016-09-19@15:00:00,nan,nan,nan
2016-09-19@14:00:00,nan,nan,nan
2016-09-19@11:30:00,nan,nan,nan
2016-09-19@10:30:00,nan,nan,nan
2016-09-14@15:00:00,nan,nan,nan
2016-09-14@14:00:00,nan,nan,nan
2016-09-14@11:30:00,nan,nan,nan
2016-09-14@10:30:00,nan,nan,nan
2016-09-13@15:00:00,nan,nan,nan
2016-09-13@14:00:00,nan,nan,nan
