date,open,high,close,low,volume,price_change,p_change,ma5,ma10,ma20,v_ma5,v_ma10,v_ma20,turnover
2017-06-30,14.85,15.8,14.93,14.45,448559.69,0.08,0.54,15.514,17.358,24.331,678897.58,1139990.23,1888169.71,10.17
2017-05-31,15.22,16.77,14.85,14.26,581092.56,-0.45,-2.94,15.864,17.715,27.169,750566.2,1257539.23,1937540.24,13.18
2017-03-31,17.2,17.2,15.3,15.18,610871.5,-1.77,-10.37,16.774,18.275,29.041,714358.9,1559313.6,2003873.18,15.48
2017-02-28,15.69,18.49,17.07,15.65,1092274.75,1.65,10.7,17.668,18.87,29.589,942313.2,1854608.15,1998341.62,41.13
2017-01-26,16.69,18.26,15.42,14.68,661689.38,-1.26,-7.55,18.42,19.104,29.881,1312021.15,1769791.44,1983603.79,24.91
2016-12-30,19.99,21.28,16.68,16.26,806902.81,-2.72,-14.02,19.202,19.414,30.253,1601082.87,1974949.98,1989122.97,31.48
2016-09-12,19.77,20.5,19.4,19.06,400056.06,-0.37,-1.87,19.566,21.022,30.791,1764512.26,2533519.15,2014377.4,15.61
2016-08-31,20.83,21.83,19.77,19.56,1750643.0,-1.06,-5.09,19.776,21.917,31.112,2404268.3,2882952.39,2061092.22,68.29
2016-07-29,19.42,21.78,20.83,19.34,2940814.5,1.5,7.76,20.072,22.316,31.431,2766903.1,3036869.52,2018134.35,114.72
2016-06-30,18.65,20.65,19.33,17.6,2106998.0,0.83,4.49,19.788,26.236,31.551,2227561.74,2779391.93,1959929.32,82.19
2016-05-31,20.45,21.48,18.5,17.2,1624049.75,-1.95,-9.54,19.626,31.304,31.495,2348817.09,2636349.19,1924328.24,63.25
2016-04-29,21.25,25.0,20.45,19.71,3598836.25,-0.8,-3.77,22.478,36.622,31.564,3302526.04,2617541.25,1970844.69,123.94
2016-03-31,21.35,22.73,21.25,18.1,3563817.0,1.84,9.48,24.058,39.806,31.9,3361636.49,2448432.75,1985653.33,136.97
2016-02-03,18.42,19.59,19.41,17.98,244107.69,0.89,4.81,24.56,40.307,31.695,3306835.94,2142075.08,1849196.72,9.38
2016-01-29,32.77,32.77,18.52,17.51,2713274.75,-14.24,-43.47,32.684,40.657,32.341,3331222.12,2197416.14,1933675.09,104.28
2015-12-31,25.9,36.97,32.76,23.23,6392594.5,4.41,15.56,42.982,41.092,33.109,2923881.29,2003295.96,1890363.99,282.98
2015-11-20,22.3,28.35,28.35,19.78,3894388.5,4.59,19.32,50.766,40.559,33.129,1932556.46,1495235.65,1625526.9,177.92
2015-10-30,19.21,29.19,23.76,19.21,3289814.25,-36.27,-60.42,55.554,40.307,33.428,1535229.01,1239232.05,1483723.06,150.3
2015-07-06,70.0,75.7,60.03,58.99,366038.62,-9.98,-14.26,56.054,40.545,34.073,977314.22,999399.18,1363316.98,50.17
2015-06-30,78.85,96.0,70.01,66.85,676570.56,-1.67,-2.33,48.63,36.865,32.219,1063610.16,1140466.71,1434551.14,92.73
2015-05-29,52.2,82.0,71.68,47.69,1435970.38,19.39,37.08,39.202,31.686,29.312,1082710.64,1212307.3,1492857.34,194.87
2015-04-30,28.89,64.99,52.29,28.89,1907751.25,26.03,99.12,30.352,26.505,25.781,1057914.84,1324148.13,1497597.92,258.9
2015-02-13,22.5,26.96,26.26,22.5,500240.31,3.35,14.62,25.06,23.993,23.371,943235.09,1522873.91,1460311.26,65.39
2015-01-30,23.28,25.78,22.91,20.84,797518.31,0.04,0.17,25.036,23.082,23.082,1021484.13,1556318.35,1556318.35,104.26
2014-12-31,27.43,28.4,22.87,19.94,772072.94,-4.56,-16.62,25.1,23.101,23.101,1217323.26,1640629.47,1640629.47,184.65
2014-11-28,26.1,28.67,27.43,24.88,1311991.38,1.6,6.19,24.17,23.13,23.13,1341903.95,1749199.03,1749199.03,313.78
2014-10-31,26.19,27.51,25.83,23.1,1334352.5,-0.31,-1.19,22.658,22.516,22.516,1590381.43,1811657.27,1811657.27,319.13
2014-09-30,25.44,30.16,26.14,25.44,891485.5,2.91,12.53,22.926,21.963,21.963,2102512.73,1891208.06,1891208.06,213.21
2014-05-29,17.95,23.88,23.23,17.86,1776714.0,5.01,27.5,21.128,21.128,21.128,2091152.58,2091152.58,2091152.58,424.92
2014-04-30,19.58,22.94,18.22,17.58,1394976.38,-1.65,-8.3,20.603,20.603,20.603,2169762.22,2169762.22,2169762.22,333.63
2014-03-31,28.0,32.88,19.87,19.65,2554378.75,-7.3,-26.87,21.397,21.397,21.397,2428024.17,2428024.17,2428024.17,610.91
2014-02-28,17.3,31.3,27.17,17.3,3895009.0,10.02,58.43,22.16,22.16,22.16,2364846.88,2364846.88,2364846.88,931.54
2014-01-30,12.66,18.39,17.15,12.66,834684.75,2.11,20.0,17.15,17.15,17.15,834684.75,834684.75,834684.75,199.63
