date,open,high,close,low,volume,price_change,p_change,ma5,ma10,ma20,v_ma5,v_ma10,v_ma20,turnover
2017-03-17 15:00:00,59.55,59.55,58.86,58.8,12836.1,-0.69,-1.16,59.884,59.764,58.9135,13176.5,11998.6,10225.0,5.35
2017-03-17 14:00:00,59.48,59.92,59.55,59.37,5125.82,0.07,0.12,60.262,59.735,58.83,12386.6,11351.1,10048.4,2.14
2017-03-17 11:30:00,60.98,61.5,59.48,59.23,16307.0,-1.5,-2.46,60.452,59.562,58.7535,13275.8,11888.0,9957.55,6.79
2017-03-17 10:30:00,60.03,61.39,60.98,60.03,18805.2,0.95,1.58,60.632,59.454,58.6895,14872.2,10952.2,9392.72,7.84
2017-03-16 15:00:00,60.79,61.28,60.55,60.43,12808.6,-0.24,-0.39,60.116,59.27,58.531,12496.9,9692.25,9051.13,5.34
2017-03-16 14:00:00,60.53,60.95,60.75,60.49,8886.18,0.22,0.36,59.644,59.092,58.401,10820.6,9510.78,8938.73,3.7
2017-03-16 11:30:00,60.38,60.59,60.5,59.78,9572.04,0.12,0.2,59.208,58.911,58.2795,10315.6,9946.64,8780.32,3.99
2017-03-16 10:30:00,58.9,60.8,60.38,58.8,24289.2,1.48,2.51,58.672,58.661,58.1975,10500.2,9698.51,8795.25,10.12
2017-03-15 15:00:00,58.19,58.76,58.4,58.04,6928.62,0.21,0.36,58.276,58.401,58.141,7032.17,7944.87,8696.57,2.89
2017-03-15 14:00:00,58.5,58.69,58.19,58.0,4426.99,-0.31,-0.53,58.424,58.254,58.2785,6887.59,7663.42,9384.74,1.84
2017-03-15 11:30:00,57.82,58.87,58.57,57.8,6361.15,0.75,1.3,58.54,58.063,58.3635,8200.95,8451.42,9730.19,2.65
2017-03-15 10:30:00,58.1,58.1,57.82,57.08,10495.2,-0.28,-0.48,58.614,57.925,58.432,9577.68,8745.72,9816.31,4.37
2017-03-14 15:00:00,59.13,59.15,58.4,58.3,6948.87,-0.73,-1.23,58.65,57.945,58.5275,8896.79,8027.08,9912.48,2.9
2017-03-14 14:00:00,58.75,59.34,59.14,58.7,6205.72,0.39,0.66,58.526,57.925,58.574,8857.58,7833.23,10019.8,2.59
2017-03-14 11:30:00,58.95,59.27,58.77,58.55,10993.8,-0.18,-0.31,58.084,57.792,58.571,8439.25,8410.01,9993.21,4.58
2017-03-14 10:30:00,58.03,58.94,58.94,57.72,13244.8,0.91,1.57,57.586,57.71,58.5565,8701.9,8366.68,9984.62,5.52
2017-03-13 15:00:00,57.78,58.05,58.0,57.43,7090.76,0.22,0.38,57.236,57.648,58.583,7913.75,7614.0,10290.9,2.95
2017-03-13 14:00:00,56.93,57.95,57.78,56.88,6752.82,0.85,1.49,57.24,57.734,58.598,7157.37,7891.99,10664.8,2.81
2017-03-13 11:30:00,56.28,56.96,56.93,56.28,4114.08,0.65,1.15,57.324,57.881,58.6275,6808.88,9448.26,10581.8,1.71
2017-03-13 10:30:00,56.96,56.96,56.28,55.6,12307.0,-0.68,-1.19,57.5,58.303,58.7005,8380.77,11106.1,11005.4,5.13
2017-03-10 15:00:00,58.02,58.18,57.19,57.11,9304.1,-0.83,-1.43,57.834,58.664,58.795,8031.47,11009.0,11090.3,3.88
2017-03-10 14:00:00,58.17,58.24,58.02,57.84,3308.87,-0.15,-0.26,58.06,58.939,58.802,7314.25,10886.9,11180.0,1.38
2017-03-10 11:30:00,57.82,58.6,58.2,57.81,5010.36,0.38,0.66,58.228,59.11,58.7545,8626.61,11797.9,11245.1,2.09
2017-03-10 10:30:00,57.81,58.28,57.81,57.26,11973.5,0.0,0.0,58.438,59.223,58.7035,12087.6,12206.3,11262.8,4.99
2017-03-09 15:00:00,58.32,58.65,57.95,57.91,10560.5,-0.37,-0.63,59.106,59.35,58.6565,13831.3,11576.4,11245.8,4.4
2017-03-09 14:00:00,58.81,58.95,58.32,58.16,5718.03,-0.49,-0.83,59.494,59.403,58.595,13986.5,11602.6,11141.3,2.38
2017-03-09 11:30:00,59.25,59.37,58.86,58.08,9870.67,-0.39,-0.66,59.818,59.518,58.545,14459.6,12967.8,11168.3,4.11
2017-03-09 10:30:00,60.7,60.8,59.25,58.78,22315.5,-1.45,-2.39,59.992,59.462,58.4835,14969.1,13437.6,11222.0,9.3
2017-03-08 15:00:00,59.89,61.31,61.15,59.79,20692.0,1.26,2.1,60.008,59.374,58.357,12325.0,11715.3,10771.1,8.62
2017-03-08 14:00:00,59.95,60.48,59.89,59.71,11336.1,-0.06,-0.1,59.594,59.098,58.118,9321.48,10904.8,10308.1,4.72
2017-03-08 11:30:00,59.74,59.94,59.94,59.12,8083.48,0.2,0.33,59.312,58.926,57.958,9218.68,11171.6,10376.9,3.37
2017-03-08 10:30:00,59.0,59.77,59.73,58.7,12418.6,0.73,1.24,59.218,58.665,57.826,11476.0,11473.2,10539.0,5.17
2017-03-07 15:00:00,59.09,59.36,59.33,58.82,9094.83,0.24,0.41,58.932,58.399,57.719,11906.0,10692.4,11093.9,3.79
2017-03-07 14:00:00,58.5,59.1,59.08,58.46,5674.37,0.58,0.99,58.74,58.184,57.677,11105.6,10319.2,11298.7,2.36
2017-03-07 11:30:00,59.44,59.45,58.48,58.3,10822.1,-0.96,-1.62,58.602,57.963,57.6215,12488.1,10915.1,11991.5,4.51
2017-03-07 10:30:00,58.29,59.89,59.47,58.12,19370.1,1.18,2.02,58.54,57.787,57.591,13124.6,10680.1,12026.5,8.07
2017-03-06 15:00:00,58.37,58.61,58.3,58.03,14568.7,-0.07,-0.12,58.112,57.572,57.452,11470.3,9368.85,11555.4,6.07
2017-03-06 14:00:00,58.38,58.62,58.37,58.33,5092.72,-0.01,-0.02,57.866,57.505,57.3615,9478.73,9006.51,11198.5,2.12
2017-03-06 11:30:00,58.15,58.97,58.39,58.13,12586.9,0.24,0.41,57.628,57.34,57.27,9532.9,9826.84,11226.4,5.24
2017-03-06 10:30:00,57.48,58.3,58.17,57.31,14004.6,0.69,1.2,57.324,57.138,57.191,9342.18,9711.38,10887.1,5.84
2017-03-03 15:00:00,57.1,57.58,57.33,57.1,11098.8,0.23,0.4,57.034,56.99,57.125,8235.52,9582.2,11048.8,4.62
2017-03-03 14:00:00,57.2,57.25,57.07,56.61,4610.64,-0.13,-0.23,57.032,56.987,57.1055,7267.36,9604.76,11380.4,1.92
2017-03-03 11:30:00,56.83,57.32,57.18,56.66,5363.54,0.35,0.62,57.144,57.039,57.128,8534.29,11495.3,11704.7,2.23
2017-03-03 10:30:00,56.09,57.22,56.87,55.72,11633.3,0.78,1.39,57.052,57.17,57.0985,10120.8,12278.2,11771.3,4.85
2017-03-02 15:00:00,57.28,57.6,56.72,56.56,8471.39,-0.56,-0.98,56.952,57.28,57.063,10080.6,13067.9,12282.7,3.53
2017-03-02 14:00:00,57.65,57.75,57.32,57.1,6257.93,-0.33,-0.57,56.946,57.395,57.078,10928.9,13372.9,12522.5,2.61
2017-03-02 11:30:00,56.73,57.65,57.63,56.43,10945.3,0.9,1.59,56.942,57.332,57.0395,11942.2,13742.0,12830.6,4.56
2017-03-02 10:30:00,56.15,56.9,56.72,55.51,13296.0,0.57,1.02,56.934,57.218,56.984,14456.4,13390.5,13198.1,5.54
2017-03-01 15:00:00,56.7,57.0,56.37,56.32,11432.3,-0.33,-0.58,57.288,57.2,56.923,14435.5,12626.1,13928.9,4.76
2017-03-01 14:00:00,57.01,57.39,56.69,56.5,12712.9,-0.32,-0.56,57.608,57.244,56.818,16055.3,12062.8,13807.7,5.3
2017-03-01 11:30:00,57.59,57.98,57.3,56.98,11324.3,-0.29,-0.5,57.844,57.26,56.681,15817.0,12515.3,13493.3,4.72
2017-03-01 10:30:00,58.8,59.58,57.59,57.52,23516.3,-1.21,-2.06,57.722,57.224,56.485,15541.9,13156.1,13547.9,9.8
2017-02-28 15:00:00,57.97,58.64,58.49,57.7,13191.9,0.52,0.9,57.502,57.217,56.301,12324.5,11914.1,13357.4,5.5
2017-02-28 14:00:00,57.88,58.85,57.97,57.72,19531.0,0.09,0.16,57.112,57.027,56.084,10816.6,11264.4,13230.1,8.14
2017-02-28 11:30:00,56.7,57.93,57.87,56.55,11521.3,1.17,2.06,56.88,56.846,55.9075,8070.28,11497.4,12674.0,4.8
2017-02-28 10:30:00,56.08,57.15,56.69,56.08,9948.96,0.61,1.09,56.676,56.761,55.786,9213.66,11672.0,12931.5,4.15
2017-02-27 15:00:00,56.54,56.91,56.49,56.4,7429.56,-0.05,-0.09,56.726,56.747,55.654,10770.4,11919.2,13616.4,3.1
2017-02-27 14:00:00,56.8,57.34,56.54,56.38,5652.07,-0.26,-0.46,56.932,56.75,55.492,11503.6,13005.7,14019.3,2.36
2017-02-27 11:30:00,56.85,57.45,56.81,56.81,5799.51,-0.04,-0.07,56.942,56.646,55.3575,11712.1,15231.8,14171.1,2.42
2017-02-27 10:30:00,57.88,57.95,56.85,56.2,17238.2,-1.03,-1.78,56.812,56.392,55.23,14924.5,15552.5,14689.9,7.18
2017-02-24 15:00:00,57.5,58.45,56.94,56.89,17732.5,-0.56,-0.97,56.846,56.102,55.0725,14130.3,14471.4,16094.8,7.39
2017-02-24 14:00:00,56.59,57.7,57.52,56.42,11095.6,0.93,1.64,56.768,55.746,55.1825,13068.1,13939.7,16043.8,4.62
2017-02-24 11:30:00,56.16,56.66,56.59,55.81,6694.81,0.43,0.77,56.568,55.385,55.274,14507.8,14800.8,16136.4,2.79
2017-02-24 10:30:00,56.51,57.26,56.16,55.65,21861.4,-0.35,-0.62,56.35,55.141,55.452,18751.5,15195.8,17117.4,9.11
2017-02-23 15:00:00,56.56,57.25,57.02,55.88,13267.2,0.46,0.81,55.972,54.969,55.737,16180.6,13850.6,19475.9,5.53
2017-02-23 14:00:00,56.51,57.47,56.55,56.24,12421.6,0.04,0.07,55.358,54.811,56.1715,14812.4,14191.1,18852.2,5.18
2017-02-23 11:30:00,55.45,56.94,56.52,55.3,18294.0,1.07,1.93,54.724,54.561,56.6295,14811.2,15313.5,18275.9,7.62
2017-02-23 10:30:00,54.0,55.99,55.5,53.7,27913.3,1.5,2.78,54.202,54.234,57.089,15093.8,15032.8,17399.8,11.63
2017-02-22 15:00:00,53.95,54.44,54.27,53.2,9006.87,0.32,0.59,53.932,54.069,57.5995,11640.2,13110.5,19073.7,3.75
2017-02-22 14:00:00,53.41,54.24,53.95,53.38,6426.41,0.54,1.01,53.966,54.068,57.873,11520.6,13827.2,18625.9,2.68
2017-02-22 11:30:00,53.64,54.15,53.38,52.79,12415.5,-0.26,-0.48,54.264,54.043,58.1625,13569.7,17718.2,18305.1,5.17
2017-02-22 10:30:00,54.01,55.01,53.91,53.63,19706.7,-0.1,-0.19,54.398,54.619,58.4805,15815.8,18148.0,17686.3,8.21
2017-02-21 15:00:00,54.43,54.53,54.15,53.8,10645.3,-0.28,-0.51,54.266,55.163,58.772,14971.9,17472.0,16740.7,4.44
2017-02-21 14:00:00,55.44,55.44,54.44,54.34,8408.92,-1.0,-1.8,54.206,55.763,58.78,14580.8,19039.0,16210.5,3.5
2017-02-21 11:30:00,54.05,55.52,55.44,54.0,16672.3,1.39,2.57,54.17,56.505,58.7735,16133.9,25101.3,15791.0,6.95
2017-02-21 10:30:00,53.0,54.35,54.05,52.88,23645.8,1.05,1.98,53.822,57.532,58.717,21866.6,23513.2,14958.5,9.85
2017-02-20 15:00:00,53.85,53.95,53.25,53.23,15487.1,-0.6,-1.11,54.84,58.698,58.73,20480.2,21238.4,13830.9,6.45
2017-02-20 14:00:00,54.3,55.2,53.85,53.66,8689.69,-0.45,-0.83,56.06,59.944,58.536,19972.1,19766.8,13069.3,3.62
2017-02-20 11:30:00,53.7,54.26,54.26,53.23,16174.6,0.56,1.04,57.32,61.13,58.312,23497.3,25036.9,12637.4,6.74
2017-02-20 10:30:00,56.38,57.0,53.7,53.35,45336.1,-2.68,-4.75,58.84,61.678,58.0675,34068.7,23424.6,11830.7,18.89
2017-02-17 15:00:00,59.34,59.97,59.14,59.14,16713.5,-0.2,-0.34,61.242,62.282,57.851,25159.8,18891.9,9614.35,6.96
2017-02-17 14:00:00,60.13,60.13,59.35,59.2,12946.4,-0.78,-1.3,62.556,62.342,57.138,21996.5,17224.6,8786.07,5.39
2017-02-17 11:30:00,61.86,61.88,60.15,59.4,26315.8,-1.71,-2.76,63.828,62.381,56.4145,19561.4,16009.5,8140.12,10.96
2017-02-17 10:30:00,65.5,65.5,61.86,61.0,69031.8,-3.64,-5.56,64.94,61.797,55.651,26576.4,13382.0,6825.03,28.76
2017-02-16 15:00:00,65.71,65.71,65.71,65.71,791.36,0.0,0.0,64.516,61.042,54.802,12780.5,6480.74,3381.69,0.33
2017-02-16 14:00:00,65.71,65.71,65.71,65.71,897.1,0.0,0.0,63.322,59.902,53.5565,12624.1,6403.83,3346.04,0.37
2017-02-16 11:30:00,65.71,65.71,65.71,65.71,771.15,0.0,0.0,62.128,58.762,52.311,12452.7,6423.42,3301.35,0.32
2017-02-16 10:30:00,65.5,65.71,65.71,64.8,61390.8,0.21,0.32,60.934,57.128,51.0655,12457.6,6371.85,3264.46,25.58
2017-02-15 15:00:00,59.74,59.74,59.74,59.74,52.18,0.0,0.0,58.654,55.494,49.82,187.65,237.87,201.99,0.02
2017-02-15 14:00:00,59.74,59.74,59.74,59.74,9.35,0.0,0.0,57.568,54.457,48.6875,180.95,236.82,199.45,0.0
2017-02-15 11:30:00,59.74,59.74,59.74,59.74,40.0,0.0,0.0,56.482,53.42,47.555,183.55,336.75,200.52,0.02
2017-02-15 10:30:00,59.74,59.74,59.74,59.74,795.71,0.0,0.0,55.396,51.934,46.4225,394.14,347.55,198.72,0.33
2017-02-14 15:00:00,54.31,54.31,54.31,54.31,41.0,0.0,0.0,53.322,50.448,45.29,286.09,270.71,166.71,0.02
2017-02-14 14:00:00,54.31,54.31,54.31,54.31,18.7,0.0,0.0,52.334,49.505,44.2605,288.09,268.01,165.11,0.01
2017-02-14 11:30:00,54.31,54.31,54.31,54.31,22.35,0.0,0.0,51.346,48.562,43.231,292.69,282.64,164.47,0.01
2017-02-14 10:30:00,54.31,54.31,54.31,54.31,1092.94,0.0,0.0,50.358,47.211,42.2015,489.95,288.25,163.96,0.46
2017-02-13 15:00:00,49.37,49.37,49.37,49.37,255.48,0.0,0.0,48.472,45.86,41.172,300.96,179.29,114.95,0.11
2017-02-13 14:00:00,49.37,49.37,49.37,49.37,51.0,0.0,0.0,47.574,45.003,40.236,255.33,157.08,102.33,0.02
2017-02-13 11:30:00,49.37,49.37,49.37,49.37,41.7,0.0,0.0,46.676,44.146,39.3,247.93,166.11,100.73,0.02
2017-02-13 10:30:00,49.37,49.37,49.37,49.37,1008.61,0.0,0.0,45.778,42.918,38.364,272.59,162.08,99.64,0.42
2017-02-10 15:00:00,44.88,44.88,44.88,44.88,148.0,0.0,0.0,44.064,41.69,37.428,86.55,64.29,53.46,0.06
2017-02-10 14:00:00,44.88,44.88,44.88,44.88,27.35,0.0,0.0,43.248,40.911,36.577,57.62,49.89,46.38,0.01
2017-02-10 11:30:00,44.88,44.88,44.88,44.88,14.0,0.0,0.0,42.432,40.132,35.726,58.82,62.71,45.77,0.01
2017-02-10 10:30:00,44.88,44.88,44.88,44.88,165.0,0.0,0.0,41.616,39.016,34.875,84.29,62.21,45.57,0.07
2017-02-09 15:00:00,40.8,40.8,40.8,40.8,78.4,0.0,0.0,40.058,37.9,34.024,51.56,46.31,39.77,0.03
2017-02-09 14:00:00,40.8,40.8,40.8,40.8,3.35,0.0,0.0,39.316,37.192,33.2505,42.02,39.67,35.85,0.0
2017-02-09 11:30:00,40.8,40.8,40.8,40.8,33.35,0.0,0.0,38.574,36.484,32.477,42.15,50.61,35.69,0.01
2017-02-09 10:30:00,40.8,40.8,40.8,40.8,141.35,0.0,0.0,37.832,35.469,31.7035,66.59,47.58,34.07,0.06
2017-02-08 15:00:00,37.09,37.09,37.09,37.09,1.35,0.0,0.0,36.416,34.454,30.93,40.12,35.34,28.15,0.0
2017-02-08 14:00:00,37.09,37.09,37.09,37.09,30.7,0.0,0.0,35.742,33.81,30.227,41.05,37.21,28.58,0.01
2017-02-08 11:30:00,37.09,37.09,37.09,37.09,4.0,0.0,0.0,35.068,33.166,29.524,37.31,42.64,27.9,0.0
2017-02-08 10:30:00,37.09,37.09,37.09,37.09,155.56,0.0,0.0,34.394,32.243,28.821,59.08,42.88,27.95,0.06
2017-02-07 15:00:00,33.72,33.72,33.72,33.72,9.0,0.0,0.0,33.106,31.32,28.118,28.57,28.83,25.69,0.0
2017-02-07 14:00:00,33.72,33.72,33.72,33.72,6.0,0.0,0.0,32.492,30.734,27.8232,30.57,28.93,26.57,0.0
2017-02-07 11:30:00,33.72,33.72,33.72,33.72,12.0,0.0,0.0,31.878,30.148,27.4956,33.37,33.24,27.71,0.01
2017-02-07 10:30:00,33.72,33.72,33.72,33.72,112.83,0.0,0.0,31.264,29.309,27.1294,47.98,32.04,28.63,0.05
2017-02-06 15:00:00,30.65,30.65,30.65,30.65,3.0,0.0,0.0,30.092,28.47,26.7175,26.68,20.76,23.37,0.0
2017-02-06 14:00:00,30.65,30.65,30.65,30.65,19.0,0.0,0.0,29.534,27.938,26.4553,29.08,20.56,24.73,0.01
2017-02-06 11:30:00,30.65,30.65,30.65,30.65,20.0,0.0,0.0,28.976,27.406,26.1557,27.28,20.96,25.14,0.01
2017-02-06 10:30:00,30.65,30.65,30.65,30.65,85.05,0.0,0.0,28.418,26.644,25.81,33.11,19.96,25.53,0.04
2017-02-03 15:00:00,27.86,27.86,27.86,27.86,6.35,0.0,0.0,27.354,25.882,25.4067,16.1,13.15,20.57,0.0
2017-02-03 14:00:00,27.86,27.86,27.86,27.86,15.02,0.0,0.0,26.848,25.399,25.1836,14.83,13.02,21.87,0.01
2017-02-03 11:30:00,27.86,27.86,27.86,27.86,10.0,0.0,0.0,26.342,24.916,24.916,12.03,22.55,22.55,0.0
2017-02-03 10:30:00,27.86,27.86,27.86,27.86,49.15,0.0,0.0,25.836,24.5889,24.5889,14.63,23.94,23.94,0.02
2017-01-26 15:00:00,25.33,25.33,25.33,25.33,0.0,0.0,0.0,24.87,24.18,24.18,6.8,20.79,20.79,0.0
2017-01-26 14:00:00,25.33,25.33,25.33,25.33,0.0,0.0,0.0,24.41,24.0157,24.0157,10.2,23.76,23.76,0.0
2017-01-26 11:30:00,25.33,25.33,25.33,25.33,1.0,0.0,0.0,23.95,23.7967,23.7967,11.2,27.73,27.73,0.0
2017-01-26 10:30:00,25.33,25.33,25.33,25.33,23.0,0.0,0.0,23.49,23.49,23.49,33.07,33.07,33.07,0.01
2017-01-25 15:00:00,23.03,23.03,23.03,23.03,10.0,0.0,0.0,23.03,23.03,23.03,35.59,35.59,35.59,0.0
2017-01-25 14:00:00,23.03,23.03,23.03,23.03,17.0,0.0,0.0,23.03,23.03,23.03,44.12,44.12,44.12,0.01
2017-01-25 11:30:00,23.03,23.03,23.03,23.03,5.0,0.0,0.0,23.03,23.03,23.03,57.68,57.68,57.68,0.0
2017-01-25 10:30:00,23.03,23.03,23.03,23.03,110.35,0.0,0.0,23.03,23.03,23.03,110.35,110.35,110.35,0.05
