2017-06-30,66.494,67.904,69.175,67.013,67.737
2017-06-29,65.160,67.984,68.683,67.053,67.779
2017-06-28,66.110,68.508,68.314,67.372,68.056
2017-06-27,67.544,69.399,68.182,67.748,68.341
2017-06-26,68.384,70.228,67.962,68.090,68.623
2017-06-23,69.314,70.937,67.718,68.425,68.788
2017-06-22,70.808,71.499,67.511,68.614,68.838
2017-06-21,70.906,71.453,66.977,68.667,68.693
2017-06-20,71.254,71.356,66.532,68.574,68.571
2017-06-19,72.072,70.925,66.469,68.508,68.453
2017-06-16,72.560,70.445,66.568,68.469,68.322
2017-06-15,72.190,69.382,66.588,68.381,68.092
2017-06-14,72.000,68.119,66.805,68.243,67.914
2017-06-13,71.458,66.965,66.923,68.035,67.673
2017-06-12,69.778,65.696,67.021,67.845,67.415
2017-06-09,68.330,64.498,67.169,67.674,67.178
2017-06-08,66.574,63.522,67.172,67.494,66.952
2017-06-07,64.238,62.501,67.275,67.256,66.748
2017-06-06,62.472,61.708,67.184,66.969,66.597
2017-06-05,61.614,62.013,67.299,66.798,66.495
2017-06-02,60.666,62.691,67.481,66.733,66.384
2017-06-01,60.470,63.794,67.881,66.695,66.307
2017-05-31,60.764,65.490,68.305,66.765,66.276
2017-05-26,60.944,66.880,68.570,66.958,66.192
2017-05-25,62.412,68.345,68.920,67.174,66.147
2017-05-24,64.716,69.839,69.262,67.487,66.085
2017-05-23,67.118,70.821,69.480,67.784,66.017
2017-05-22,70.216,72.048,69.634,67.990,65.967
2017-05-19,72.816,72.659,69.599,68.312,65.834
2017-05-18,74.278,72.585,69.190,68.417,65.593
2017-05-17,74.962,72.270,68.753,68.460,65.285
2017-05-16,74.524,71.967,68.146,68.504,65.054
2017-05-15,73.880,71.120,67.402,68.739,64.891
2017-05-12,72.502,70.260,66.996,68.934,64.632
2017-05-11,70.892,69.495,66.588,69.156,64.273
2017-05-10,69.578,68.685,66.311,69.151,63.843
2017-05-09,69.410,68.139,66.266,69.063,63.411
2017-05-08,68.360,67.220,65.962,68.719,62.886
2017-05-05,68.018,66.540,66.139,68.569,62.364
2017-05-04,68.098,65.795,66.333,68.399,61.796
2017-05-03,67.792,65.237,66.555,68.175,61.164
2017-05-02,66.868,64.325,66.772,67.802,60.462
2017-04-28,66.080,63.684,67.549,67.586,59.809
2017-04-27,65.062,63.733,68.271,67.311,59.119
2017-04-26,63.492,63.682,68.986,66.985,58.367
2017-04-25,62.682,63.938,69.383,66.682,-1
2017-04-24,61.782,64.393,69.525,66.411,-1
2017-04-21,61.288,64.703,69.469,66.240,-1
2017-04-20,62.404,65.738,69.583,66.225,-1
2017-04-19,63.872,66.871,69.701,66.192,-1
2017-04-18,65.194,67.872,69.644,66.035,-1
2017-04-17,67.004,69.219,69.541,65.919,-1
2017-04-14,68.118,71.414,69.537,65.788,-1
2017-04-13,69.072,72.809,69.100,65.427,-1
2017-04-12,69.870,74.290,68.636,65.121,-1
2017-04-11,70.550,74.829,68.055,64.683,-1
2017-04-10,71.434,74.657,67.420,64.250,-1
2017-04-07,74.710,74.235,67.009,63.944,-1
2017-04-06,76.546,73.428,66.469,63.355,-1
2017-04-05,78.710,72.531,65.853,62.769,-1
2017-03-31,79.108,71.415,65.117,62.111,-1
2017-03-30,77.880,69.863,64.269,61.605,-1
2017-03-29,73.760,67.660,62.976,61.043,-1
2017-03-28,70.310,65.390,61.736,60.329,-1
2017-03-27,66.352,62.982,60.536,59.390,-1
2017-03-24,63.722,61.280,59.611,58.535,-1
2017-03-23,61.846,60.182,59.046,57.759,-1
2017-03-22,61.560,59.783,58.798,57.053,-1
2017-03-21,60.470,59.509,58.319,56.159,-1
2017-03-20,59.612,59.174,57.889,55.193,-1
2017-03-17,58.838,58.819,57.459,54.153,-1
2017-03-16,58.518,58.674,57.476,53.122,-1
2017-03-15,58.006,58.291,57.734,52.032,-1
2017-03-14,58.548,58.082,57.799,50.928,-1
2017-03-13,58.736,58.090,57.594,49.749,-1
2017-03-10,58.800,57.941,57.163,-1,-1
2017-03-09,58.830,57.910,56.547,-1,-1
2017-03-08,58.576,57.813,55.688,-1,-1
2017-03-07,57.616,57.128,54.484,-1,-1
2017-03-06,57.444,56.603,53.203,-1,-1
2017-03-03,57.082,56.099,51.820,-1,-1
2017-03-02,56.990,56.278,50.346,-1,-1
2017-03-01,57.050,57.177,48.902,-1,-1
2017-02-28,56.640,57.516,47.352,-1,-1
2017-02-27,55.762,57.097,45.578,-1,-1
2017-02-24,55.116,56.385,-1,-1,-1
2017-02-23,55.566,55.184,-1,-1,-1
2017-02-22,57.304,53.562,-1,-1,-1
2017-02-21,58.392,51.841,-1,-1,-1
2017-02-20,58.432,49.802,-1,-1,-1
2017-02-17,57.654,47.541,-1,-1,-1
2017-02-16,54.802,44.413,-1,-1,-1
2017-02-15,49.820,40.628,-1,-1,-1
2017-02-14,45.290,37.187,-1,-1,-1
2017-02-13,41.172,34.059,-1,-1,-1
2017-02-10,37.428,-1,-1,-1,-1
2017-02-09,34.024,-1,-1,-1,-1
2017-02-08,31.436,-1,-1,-1,-1
2017-02-07,29.084,-1,-1,-1,-1
2017-02-06,26.946,-1,-1,-1,-1
2017-02-03,-1,-1,-1,-1,-1
2017-02-02,-1,-1,-1,-1,-1
2017-01-26,-1,-1,-1,-1,-1
2017-01-25,-1,-1,-1,-1,-1
