date,open,high,close,low,volume,price_change,p_change,ma5,ma10,ma20,v_ma5,v_ma10,v_ma20,turnover
2017-03-17 15:00:00,29.3,29.33,28.71,28.7,16527.5,-0.59,-2.01,29.012,28.915,28.8855,7542.1,5381.2,5358.36,1.22
2017-03-17 14:00:00,29.09,29.37,29.3,29.07,5613.89,0.21,0.72,29.032,28.924,28.9,4623.37,3958.16,4821.96,0.41
2017-03-17 11:30:00,29.06,29.12,29.09,28.99,2978.34,0.03,0.1,28.952,28.87,28.887,3942.7,3750.32,4604.27,0.22
2017-03-17 10:30:00,28.88,29.16,29.06,28.79,6053.2,0.18,0.62,28.9,28.84,28.891,4752.39,4063.59,4539.06,0.45
2017-03-16 15:00:00,28.81,28.9,28.9,28.66,6537.59,0.09,0.31,28.848,28.809,28.889,4116.82,3742.27,4524.55,0.48
2017-03-16 14:00:00,28.9,28.96,28.81,28.8,1933.84,-0.09,-0.31,28.818,28.772,28.9055,3220.31,3866.98,5001.61,0.14
2017-03-16 11:30:00,28.83,28.99,28.9,28.79,2210.55,0.07,0.24,28.816,28.756,28.907,3292.94,4970.44,5219.08,0.16
2017-03-16 10:30:00,28.8,28.96,28.83,28.73,7026.75,0.03,0.1,28.788,28.775,28.8975,3557.93,5157.25,5352.22,0.52
2017-03-15 15:00:00,28.75,28.85,28.8,28.7,2875.39,0.05,0.17,28.78,28.802,28.891,3374.79,4767.37,5339.17,0.21
2017-03-15 14:00:00,28.8,28.84,28.75,28.66,2055.0,-0.05,-0.17,28.77,28.832,28.8765,3367.71,4957.91,5506.93,0.15
2017-03-15 11:30:00,28.76,28.88,28.8,28.71,2297.0,0.04,0.14,28.726,28.856,28.864,4513.66,5335.53,5533.68,0.17
2017-03-15 10:30:00,28.79,28.92,28.76,28.62,3535.53,-0.03,-0.1,28.696,28.876,28.85,6647.94,5685.77,5621.5,0.26
2017-03-14 15:00:00,28.74,28.98,28.79,28.6,6111.01,0.05,0.17,28.762,28.904,28.8335,6756.56,5458.22,5782.02,0.45
2017-03-14 14:00:00,28.53,28.75,28.75,28.53,2840.0,0.22,0.77,28.824,28.942,28.8245,6159.96,5014.52,5822.49,0.21
2017-03-14 11:30:00,28.65,28.75,28.53,28.45,7784.78,-0.12,-0.42,28.894,28.969,28.7995,6548.11,5306.83,5842.92,0.57
2017-03-14 10:30:00,28.7,29.14,28.65,28.4,12968.4,-0.05,-0.17,28.986,29.039,28.773,6157.4,6136.23,5650.74,0.96
2017-03-13 15:00:00,29.1,29.17,29.09,29.03,4078.62,-0.01,-0.03,29.056,29.058,28.7535,4723.6,5467.71,5197.15,0.3
2017-03-13 14:00:00,29.1,29.22,29.1,29.07,3128.0,0.0,0.0,29.046,29.02,28.709,4159.89,5547.18,5168.28,0.23
2017-03-13 11:30:00,28.99,29.14,29.1,28.89,4780.77,0.11,0.38,29.06,28.98,28.664,3869.09,5910.96,5275.39,0.35
2017-03-13 10:30:00,29.27,29.27,28.99,28.81,5831.15,-0.28,-0.96,29.044,28.921,28.617,4065.54,6055.96,5498.81,0.43
2017-03-10 15:00:00,29.04,29.06,29.0,28.72,5799.48,-0.04,-0.14,29.092,28.872,28.5565,6115.07,5731.84,5438.05,0.43
2017-03-10 14:00:00,29.17,29.18,29.04,29.0,1260.04,-0.13,-0.45,29.06,28.824,28.481,6211.82,5557.23,5447.5,0.09
2017-03-10 11:30:00,29.02,29.2,29.17,29.02,1674.0,0.15,0.52,28.994,28.763,28.41,6934.48,6105.8,5575.15,0.12
2017-03-10 10:30:00,29.25,29.4,29.02,28.8,5763.03,-0.23,-0.79,28.9,28.707,28.3415,7952.84,6630.45,5745.5,0.43
2017-03-09 15:00:00,28.85,29.37,29.23,28.81,16078.8,0.38,1.32,28.798,28.63,28.2645,8046.37,6379.01,5701.8,1.19
2017-03-09 14:00:00,28.7,28.95,28.84,28.7,6283.22,0.14,0.49,28.652,28.507,28.1825,5348.62,5165.24,5094.21,0.46
2017-03-09 11:30:00,28.7,28.88,28.71,28.6,4873.33,0.01,0.03,28.588,28.449,28.1265,4902.63,4926.58,4888.1,0.36
2017-03-09 10:30:00,28.7,28.9,28.7,28.15,6765.83,0.0,0.0,28.532,28.398,28.075,5277.13,4789.37,4817.08,0.5
2017-03-08 15:00:00,28.5,28.77,28.51,28.36,6230.7,0.01,0.04,28.514,28.348,28.0125,5308.06,4639.82,4841.99,0.46
2017-03-08 14:00:00,28.52,28.56,28.5,28.32,2590.0,-0.02,-0.07,28.462,28.313,27.9685,4711.66,4941.67,4984.16,0.19
2017-03-08 11:30:00,28.43,28.68,28.52,28.21,4053.31,0.09,0.32,28.362,28.241,27.9345,4981.86,5144.26,5101.28,0.3
2017-03-08 10:30:00,28.61,28.79,28.43,28.22,6745.83,-0.18,-0.63,28.31,28.138,27.891,4950.53,5337.77,5463.91,0.5
2017-03-07 15:00:00,28.23,28.73,28.61,28.21,6920.48,0.38,1.35,28.264,28.057,27.85,4301.61,5044.49,6469.71,0.51
2017-03-07 14:00:00,28.0,28.25,28.25,27.95,3248.67,0.25,0.89,28.182,27.976,27.863,3971.57,4860.55,6417.79,0.24
2017-03-07 11:30:00,28.26,28.27,28.0,27.92,3941.0,-0.26,-0.92,28.164,27.899,27.8905,5171.68,5024.59,6588.73,0.29
2017-03-07 10:30:00,28.23,28.49,28.26,28.03,3896.68,0.03,0.11,28.12,27.858,27.938,5306.65,5023.18,6689.68,0.29
2017-03-06 15:00:00,28.18,28.23,28.2,28.05,3501.24,0.02,0.07,27.966,27.804,27.9645,5725.0,4849.62,7506.99,0.26
2017-03-06 14:00:00,28.16,28.48,28.2,28.16,5270.24,0.04,0.14,27.85,27.752,28.0115,5787.36,4844.79,8300.31,0.39
2017-03-06 11:30:00,27.78,28.27,28.16,27.76,9249.24,0.38,1.37,27.77,27.677,28.036,5749.53,5044.16,8382.37,0.68
2017-03-06 10:30:00,27.5,27.83,27.78,27.49,4615.86,0.28,1.02,27.634,27.624,28.071,4877.49,5026.64,8702.1,0.34
2017-03-03 15:00:00,27.62,27.7,27.49,27.33,5988.44,-0.13,-0.47,27.596,27.628,28.0965,4739.71,5058.3,8925.4,0.44
2017-03-03 14:00:00,27.8,27.84,27.62,27.58,3813.03,-0.18,-0.65,27.642,27.644,28.112,3974.23,5590.05,8780.1,0.28
2017-03-03 11:30:00,27.45,27.99,27.8,27.44,5081.06,0.35,1.28,27.654,27.643,28.121,3902.21,7894.92,8692.42,0.37
2017-03-03 10:30:00,27.43,27.48,27.48,27.1,4889.08,0.05,0.18,27.584,27.75,28.126,4338.8,7975.04,8595.93,0.36
2017-03-02 15:00:00,27.72,27.78,27.59,27.5,3926.96,-0.13,-0.47,27.614,27.882,28.1585,5175.8,8152.87,9079.05,0.29
2017-03-02 14:00:00,27.68,27.8,27.72,27.57,2161.0,0.04,0.14,27.66,28.018,28.1425,5376.89,8356.18,9100.5,0.16
2017-03-02 11:30:00,27.45,27.7,27.68,27.35,3452.97,0.23,0.84,27.646,28.125,28.1155,7205.87,10164.4,9123.64,0.25
2017-03-02 10:30:00,27.8,28.15,27.45,27.31,7264.0,-0.35,-1.26,27.632,28.271,28.087,11887.6,11755.8,9034.15,0.54
2017-03-01 15:00:00,27.82,28.12,27.63,27.61,9074.05,-0.19,-0.68,27.916,28.395,28.0615,11611.3,11720.6,8868.57,0.67
2017-03-01 14:00:00,27.65,27.87,27.82,27.51,4932.42,0.17,0.61,28.15,28.518,28.042,11130.0,12377.6,8743.53,0.36
2017-03-01 11:30:00,27.61,27.68,27.65,27.36,11305.9,0.04,0.14,28.376,28.565,28.0015,11335.5,12792.5,8737.81,0.83
2017-03-01 10:30:00,28.22,28.22,27.61,27.0,26861.8,-0.61,-2.16,28.604,28.58,27.954,13122.9,11970.1,8494.1,1.98
2017-02-28 15:00:00,28.8,28.89,28.87,28.61,5882.23,0.07,0.24,28.91,28.599,27.907,11624.0,9489.92,7751.56,0.43
2017-02-28 14:00:00,28.95,29.24,28.8,28.8,6667.4,-0.15,-0.52,28.874,28.502,27.824,11829.9,9216.81,7758.29,0.49
2017-02-28 11:30:00,28.77,28.98,28.95,28.66,5960.0,0.18,0.63,28.886,28.435,27.7415,13625.2,10005.2,8012.82,0.44
2017-02-28 10:30:00,29.15,29.15,28.79,28.37,20242.9,-0.36,-1.23,28.754,28.267,27.696,14249.5,9844.82,8465.87,1.49
2017-02-27 15:00:00,28.69,29.41,29.14,28.58,19367.7,0.45,1.57,28.556,28.106,27.559,10817.4,8082.92,7646.96,1.43
2017-02-27 14:00:00,28.86,29.07,28.69,28.64,6911.38,-0.17,-0.59,28.288,27.903,27.394,7355.79,6312.45,6807.99,0.51
2017-02-27 11:30:00,28.27,29.11,28.86,28.21,15643.8,0.59,2.09,28.13,27.728,27.2475,6603.73,6016.56,6647.53,1.15
2017-02-27 10:30:00,27.76,28.5,28.29,27.5,9081.82,0.53,1.91,27.984,27.566,27.089,6385.28,5109.51,6004.49,0.67
2017-02-24 15:00:00,27.8,27.94,27.8,27.76,3082.4,0.0,0.0,27.78,27.438,26.96,5440.11,4683.12,5731.11,0.23
2017-02-24 14:00:00,27.9,27.96,27.8,27.77,2059.55,-0.1,-0.36,27.656,27.328,26.848,5348.42,5018.05,5778.03,0.15
2017-02-24 11:30:00,28.13,28.13,27.9,27.79,3151.15,-0.23,-0.82,27.518,27.215,26.748,5269.11,6013.2,5757.35,0.23
2017-02-24 10:30:00,27.47,28.37,28.13,27.28,14551.5,0.66,2.4,27.326,27.146,26.646,5429.38,6299.76,5691.94,1.07
2017-02-23 15:00:00,27.18,27.3,27.27,26.95,4355.93,0.09,0.33,27.148,27.048,26.5445,3833.73,6020.41,5091.83,0.32
2017-02-23 14:00:00,27.11,27.29,27.18,27.1,2623.98,0.07,0.26,27.096,27.125,26.479,3926.13,7086.92,5127.04,0.19
2017-02-23 11:30:00,26.91,27.18,27.11,26.91,1663.0,0.2,0.74,27.0,27.012,26.419,4687.68,7210.99,5287.41,0.12
2017-02-23 10:30:00,27.22,27.22,26.94,26.88,3952.53,-0.28,-1.03,26.912,26.885,26.368,6757.28,7303.53,5370.66,0.29
2017-02-22 15:00:00,27.02,27.49,27.24,26.85,6573.22,0.22,0.81,26.966,26.767,26.33,7170.14,7278.5,5361.61,0.49
2017-02-22 14:00:00,26.7,27.14,27.01,26.67,4817.94,0.31,1.16,26.948,26.612,26.2915,8207.09,6899.47,5228.25,0.36
2017-02-22 11:30:00,26.67,26.8,26.7,26.42,6431.73,0.03,0.11,27.154,26.482,26.27,10247.7,6779.11,5083.8,0.47
2017-02-22 10:30:00,27.02,27.15,26.67,26.64,12011.0,-0.35,-1.3,27.024,26.368,26.2665,9734.3,6538.02,4886.77,0.89
2017-02-21 15:00:00,27.15,27.55,27.21,27.08,6016.8,0.06,0.22,26.858,26.281,26.264,7849.78,5501.5,4426.72,0.44
2017-02-21 14:00:00,28.04,28.07,27.15,27.02,11758.0,-0.89,-3.17,26.568,26.146,26.2485,7386.86,5084.12,4210.23,0.87
2017-02-21 11:30:00,26.05,28.19,28.04,26.05,15021.0,1.99,7.64,26.276,26.041,26.234,5591.83,4163.25,3734.69,1.11
2017-02-21 10:30:00,25.79,26.06,26.05,25.72,3864.69,0.26,1.01,25.81,25.833,26.1695,3310.51,3167.16,3146.03,0.29
2017-02-20 15:00:00,25.76,25.88,25.84,25.65,2588.41,0.08,0.31,25.712,25.826,26.2145,3341.73,3363.84,3156.15,0.19
2017-02-20 14:00:00,25.69,25.88,25.76,25.65,3702.23,0.07,0.27,25.704,25.851,26.282,3153.22,3437.8,3196.83,0.27
2017-02-20 11:30:00,25.71,25.88,25.69,25.54,2782.89,-0.02,-0.08,25.724,25.893,26.3505,2781.38,3444.72,3214.22,0.21
2017-02-20 10:30:00,25.4,25.86,25.71,25.4,3614.33,0.31,1.22,25.806,25.971,26.415,2734.67,3557.03,3246.23,0.27
2017-02-17 15:00:00,25.8,25.82,25.56,25.45,4020.81,-0.24,-0.93,25.856,26.058,26.467,3023.8,3388.5,3236.38,0.3
2017-02-17 14:00:00,25.84,25.85,25.8,25.72,1645.85,-0.04,-0.15,25.94,26.165,26.528,3385.94,3235.52,3184.29,0.12
2017-02-17 11:30:00,26.09,26.14,25.86,25.8,1843.0,-0.23,-0.88,25.998,26.247,26.5825,3722.37,3351.93,3205.99,0.14
2017-02-17 10:30:00,26.0,26.15,26.1,25.91,2549.34,0.1,0.38,26.062,26.351,26.634,4108.07,3336.33,3277.93,0.19
2017-02-16 15:00:00,25.98,26.09,25.96,25.88,5060.0,-0.02,-0.08,26.136,26.427,26.672,4379.4,3306.13,3368.46,0.37
2017-02-16 14:00:00,26.09,26.16,25.98,25.95,5831.52,-0.11,-0.42,26.26,26.506,26.709,3753.2,3124.91,3289.32,0.43
2017-02-16 11:30:00,26.18,26.24,26.09,26.08,3328.0,-0.09,-0.34,26.39,26.603,26.745,3085.09,2948.47,3165.34,0.25
2017-02-16 10:30:00,26.45,26.45,26.18,26.02,3771.48,-0.27,-1.02,26.496,26.713,26.777,2981.49,2955.86,3173.1,0.28
2017-02-15 15:00:00,26.59,26.59,26.47,26.14,3905.99,-0.12,-0.45,26.64,26.808,26.8095,2564.6,2983.71,3280.17,0.29
2017-02-15 14:00:00,26.63,26.71,26.58,26.53,1929.0,-0.05,-0.19,26.718,26.859,26.816,2232.85,2935.42,3251.08,0.14
2017-02-15 11:30:00,26.62,26.65,26.63,26.49,2491.0,0.01,0.04,26.752,26.876,26.811,2496.63,3084.27,3273.03,0.18
2017-02-15 10:30:00,26.72,26.95,26.62,26.6,2810.0,-0.1,-0.37,26.816,26.891,26.7865,2811.85,3133.06,3295.44,0.21
2017-02-14 15:00:00,26.86,26.98,26.9,26.8,1687.0,0.04,0.15,26.93,26.918,26.767,2930.22,3060.04,3532.53,0.12
2017-02-14 14:00:00,26.77,26.89,26.86,26.68,2247.27,0.09,0.34,26.976,26.917,26.7575,3402.82,3219.54,3659.14,0.17
2017-02-14 11:30:00,26.95,26.95,26.75,26.73,3247.87,-0.2,-0.74,27.0,26.917,26.739,3637.99,3430.79,3679.25,0.24
2017-02-14 10:30:00,27.05,27.39,26.95,26.72,4067.1,-0.1,-0.37,27.0,26.912,26.733,3671.91,3453.73,3681.71,0.3
2017-02-13 15:00:00,27.14,27.23,27.19,27.08,3401.86,0.05,0.18,26.966,26.887,26.7205,3454.26,3382.2,3662.29,0.25
2017-02-13 14:00:00,26.98,27.21,27.13,26.98,4050.0,0.15,0.56,26.906,26.841,26.7025,3189.87,3390.35,3795.51,0.3
2017-02-13 11:30:00,26.75,26.99,26.98,26.64,3423.13,0.23,0.86,26.858,26.811,26.7,3036.25,3576.63,3689.97,0.25
2017-02-13 10:30:00,26.84,26.84,26.75,26.55,3417.46,-0.09,-0.34,26.834,26.773,26.703,3223.59,3566.74,3622.75,0.25
2017-02-10 15:00:00,26.89,26.94,26.78,26.73,2978.87,-0.11,-0.41,26.824,26.746,26.7155,3235.55,3461.79,3640.7,0.22
2017-02-10 14:00:00,26.89,26.93,26.89,26.81,2079.89,0.0,0.0,26.808,26.682,26.7175,3310.14,3457.82,3632.54,0.15
2017-02-10 11:30:00,26.86,26.98,26.89,26.81,3281.9,0.03,0.11,26.776,26.616,26.705,3590.82,4005.02,3584.29,0.24
2017-02-10 10:30:00,26.75,26.99,26.86,26.72,4359.81,0.11,0.41,26.764,26.598,26.683,4117.01,4098.74,3510.3,0.32
2017-02-09 15:00:00,26.7,26.83,26.7,26.64,3477.3,0.0,0.0,26.712,26.561,26.6795,3909.9,3927.71,3366.68,0.26
2017-02-09 14:00:00,26.73,26.8,26.7,26.65,3351.81,-0.03,-0.11,26.668,26.554,26.6845,3688.03,3909.68,3281.76,0.25
2017-02-09 11:30:00,26.83,26.83,26.73,26.55,3483.29,-0.1,-0.37,26.556,26.554,26.69,3605.5,3942.38,3149.15,0.26
2017-02-09 10:30:00,26.5,27.0,26.83,26.46,5912.86,0.33,1.25,26.456,26.564,26.696,4419.21,4200.68,3037.55,0.44
2017-02-08 15:00:00,26.48,26.62,26.6,26.43,3324.23,0.12,0.45,26.432,26.589,26.6915,4080.47,3803.32,2859.55,0.25
2017-02-08 14:00:00,26.14,26.48,26.48,26.14,2367.95,0.34,1.3,26.41,26.633,26.6985,3945.52,3678.75,2750.66,0.17
2017-02-08 11:30:00,26.23,26.24,26.14,26.08,2939.19,-0.09,-0.34,26.44,26.685,26.7105,4131.33,3819.62,2681.06,0.22
2017-02-08 10:30:00,26.78,26.78,26.23,26.01,7551.81,-0.55,-2.05,26.552,26.753,26.7485,4279.27,3807.26,2672.32,0.56
2017-02-07 15:00:00,26.5,26.88,26.71,26.37,4219.15,0.21,0.79,26.672,26.794,26.772,3982.15,3163.57,2390.12,0.31
2017-02-07 14:00:00,26.63,26.69,26.49,26.45,2649.5,-0.14,-0.53,26.746,26.768,26.7655,3526.17,2921.86,2465.14,0.2
2017-02-07 11:30:00,26.7,26.79,26.63,26.58,3297.0,-0.07,-0.26,26.856,26.798,26.7885,3411.98,2805.65,2497.8,0.24
2017-02-07 10:30:00,26.72,27.0,26.7,26.65,3678.87,-0.02,-0.07,26.93,26.815,26.791,3507.9,2653.85,2491.87,0.27
2017-02-06 15:00:00,27.08,27.12,26.83,26.7,6066.21,-0.25,-0.92,26.954,26.826,26.787,3335.25,2355.91,2647.01,0.45
2017-02-06 14:00:00,27.03,27.1,27.08,26.91,1939.25,0.05,0.18,26.916,26.828,26.768,2345.0,1874.42,2463.6,0.14
2017-02-06 11:30:00,27.0,27.1,27.04,26.94,2078.56,0.04,0.15,26.79,26.794,26.737,2317.55,1915.79,2485.04,0.15
2017-02-06 10:30:00,26.8,27.12,27.0,26.61,3776.63,0.2,0.75,26.74,26.764,26.7125,2199.32,1822.56,2576.25,0.28
2017-02-03 15:00:00,26.64,26.98,26.82,26.57,2815.58,0.18,0.68,26.7,26.736,26.7025,1799.79,1542.51,2777.1,0.21
2017-02-03 14:00:00,26.44,26.66,26.64,26.42,1114.98,0.2,0.76,26.698,26.744,26.685,1376.58,1537.38,2866.5,0.08
2017-02-03 11:30:00,26.79,26.79,26.45,26.4,1802.0,-0.34,-1.27,26.74,26.75,26.696,1403.84,1616.68,3167.52,0.13
2017-02-03 10:30:00,26.85,27.06,26.79,26.61,1487.4,-0.06,-0.22,26.798,26.763,26.6935,1514.03,2008.43,3573.93,0.11
2017-01-26 15:00:00,26.81,26.89,26.8,26.78,1779.0,-0.01,-0.04,26.788,26.779,26.6465,1445.8,2189.94,3836.41,0.13
2017-01-26 14:00:00,26.85,26.85,26.81,26.8,699.5,-0.04,-0.15,26.772,26.767,26.5625,1285.23,2329.9,4003.69,0.05
2017-01-26 11:30:00,26.74,26.85,26.85,26.7,1251.29,0.11,0.41,26.79,26.748,26.4685,1698.17,2938.1,4188.63,0.09
2017-01-26 10:30:00,26.76,26.9,26.74,26.55,2352.96,-0.02,-0.07,26.76,26.708,26.3885,1829.52,3052.77,4349.46,0.17
2017-01-25 15:00:00,26.72,26.75,26.74,26.6,1146.27,0.02,0.07,26.728,26.68,26.2955,2502.83,3054.29,4493.89,0.08
2017-01-25 14:00:00,26.9,26.93,26.72,26.65,976.13,-0.18,-0.67,26.77,26.661,26.227,2934.08,3329.94,4554.08,0.07
2017-01-25 11:30:00,26.7,26.95,26.9,26.66,2764.22,0.2,0.75,26.762,26.669,26.1745,3374.56,4011.69,4590.94,0.2
2017-01-25 10:30:00,26.58,26.76,26.7,26.4,1908.0,0.12,0.45,26.706,26.626,26.114,4178.03,4195.63,4665.97,0.14
2017-01-24 15:00:00,26.94,26.97,26.58,26.53,5719.54,-0.36,-1.34,26.656,26.642,26.058,4276.03,4718.36,4838.91,0.42
2017-01-24 14:00:00,26.68,26.96,26.95,26.54,3302.51,0.27,1.01,26.632,26.624,26.0335,3605.75,5139.43,4964.52,0.24
2017-01-24 11:30:00,26.62,26.77,26.68,26.53,3178.55,0.06,0.23,26.552,26.514,25.9825,3725.79,5482.87,5051.53,0.23
2017-01-24 10:30:00,26.49,26.89,26.62,26.34,6781.53,0.13,0.49,26.576,26.358,25.9075,4648.82,5677.49,5247.2,0.5
2017-01-23 15:00:00,26.46,26.59,26.45,26.39,2398.0,-0.01,-0.04,26.546,26.189,25.8615,4213.23,5439.17,5171.72,0.18
2017-01-23 14:00:00,26.6,26.73,26.46,26.36,2368.16,-0.14,-0.53,26.628,26.069,25.845,5160.7,5646.15,5796.67,0.17
2017-01-23 11:30:00,26.8,26.82,26.55,26.33,3902.72,-0.25,-0.93,26.616,25.911,25.85,6673.1,5933.49,5837.41,0.29
2017-01-23 10:30:00,26.53,26.93,26.8,26.06,7793.71,0.27,1.02,26.476,25.793,25.8485,7239.95,5778.22,5862.98,0.58
2017-01-20 15:00:00,26.86,26.87,26.47,26.41,4603.58,-0.39,-1.45,26.14,25.68,25.8335,6706.16,5170.18,5648.82,0.34
2017-01-20 14:00:00,26.48,27.16,26.86,26.35,7135.31,0.38,1.44,25.832,25.602,25.868,6665.1,5136.3,5724.62,0.53
2017-01-20 11:30:00,25.85,26.42,26.4,25.85,9930.2,0.55,2.13,25.51,25.474,25.8725,6131.6,4959.45,5484.64,0.73
2017-01-20 10:30:00,25.12,25.85,25.85,24.8,6736.97,0.73,2.91,25.206,25.443,25.9205,5193.88,4789.6,5231.21,0.5
2017-01-19 15:00:00,24.93,25.25,25.12,24.89,5124.72,0.19,0.76,25.11,25.451,25.983,4316.48,4620.19,5170.52,0.38
2017-01-19 14:00:00,25.26,25.26,24.93,24.93,4398.29,-0.33,-1.31,25.22,25.457,26.1085,3634.21,4816.92,5054.35,0.32
2017-01-19 11:30:00,24.88,25.45,25.25,24.88,4467.84,0.37,1.49,25.372,25.534,26.245,3607.51,4904.27,4910.08,0.33
2017-01-19 10:30:00,25.15,25.45,24.88,24.79,5241.57,-0.27,-1.07,25.438,25.621,26.3725,3787.3,5947.19,4726.61,0.39
2017-01-18 15:00:00,25.68,25.76,25.37,25.32,2350.0,-0.31,-1.21,25.68,25.789,26.516,4385.33,5741.33,4746.92,0.26
2017-01-18 14:00:00,25.69,25.7,25.67,25.55,1713.36,-0.02,-0.08,25.792,25.904,26.6255,4923.89,5947.73,4802.67,0.19
2017-01-18 11:30:00,25.58,25.7,25.69,25.5,4264.77,0.11,0.43,25.694,25.987,26.721,5999.62,6127.45,4877.02,0.48
2017-01-18 10:30:00,26.0,26.0,25.58,25.53,5366.81,-0.42,-1.62,25.696,26.134,26.8265,6201.04,6312.93,4771.79,0.6
2017-01-17 15:00:00,25.93,26.28,26.09,25.7,8231.7,0.16,0.62,25.804,26.271,26.941,8107.08,6009.83,4694.88,0.92
2017-01-17 14:00:00,25.34,25.98,25.93,25.01,5042.83,0.59,2.33,25.898,26.398,27.0285,7097.34,5672.81,4562.78,0.56
2017-01-17 11:30:00,25.7,25.74,25.18,24.85,7092.0,-0.52,-2.02,26.016,26.515,27.1335,6971.57,5720.84,4638.64,0.79
2017-01-17 10:30:00,26.08,26.08,25.7,25.0,5271.85,-0.38,-1.46,26.28,26.76,27.2965,6255.27,5291.78,4391.36,0.59
2017-01-16 15:00:00,26.56,26.56,26.12,24.45,14897.0,-0.44,-1.66,26.572,26.956,27.436,6424.83,4915.89,4354.7,1.67
2017-01-16 14:00:00,26.38,26.59,26.56,26.31,3183.0,0.18,0.68,26.738,27.124,27.554,3912.59,3506.03,3980.66,0.36
2017-01-16 11:30:00,26.5,26.65,26.52,26.27,4414.0,0.02,0.08,26.898,27.243,27.666,4248.29,3752.5,3988.94,0.49
2017-01-16 10:30:00,26.58,26.9,26.5,26.12,3510.5,-0.08,-0.3,27.014,27.347,27.779,4470.12,3657.62,3887.25,0.39
2017-01-13 15:00:00,26.95,27.3,27.16,26.9,6119.65,0.21,0.78,27.24,27.455,27.876,4328.29,3626.6,3798.02,0.68
2017-01-13 14:00:00,27.36,27.37,26.95,26.92,2335.81,-0.41,-1.5,27.34,27.519,27.948,3406.95,3230.65,3619.82,0.26
2017-01-13 11:30:00,27.1,27.45,27.36,26.9,4861.49,0.26,0.96,27.51,27.611,28.03,3099.47,3379.92,3614.92,0.54
2017-01-13 10:30:00,27.35,27.63,27.1,27.0,5523.13,-0.25,-0.91,27.588,27.659,28.1015,3256.72,3452.75,3484.8,0.62
2017-01-12 15:00:00,27.66,27.71,27.63,27.41,2801.37,-0.03,-0.11,27.68,27.752,28.179,2845.12,3556.44,3443.84,0.31
2017-01-12 14:00:00,27.79,27.8,27.66,27.58,1512.96,-0.13,-0.47,27.67,27.833,28.2475,2924.91,3490.94,3538.72,0.17
2017-01-12 11:30:00,27.75,27.85,27.8,27.74,798.42,0.05,0.18,27.698,27.916,28.3315,3054.36,3793.51,3608.9,0.09
2017-01-12 10:30:00,27.31,27.95,27.75,27.3,5647.71,0.44,1.61,27.712,27.984,28.3975,3660.37,4455.28,3663.63,0.63
2017-01-11 15:00:00,27.58,27.67,27.56,27.45,3465.12,-0.02,-0.07,27.73,28.089,28.4565,3648.78,4225.38,3786.6,0.39
2017-01-11 14:00:00,27.77,27.77,27.58,27.57,3200.35,-0.19,-0.68,27.824,28.211,28.55,4267.76,4116.88,3795.38,0.36
2017-01-11 11:30:00,27.87,27.92,27.8,27.67,2160.18,-0.07,-0.25,27.996,28.297,28.6465,4056.97,3969.45,3885.76,0.24
2017-01-11 10:30:00,27.84,28.1,27.87,27.61,3828.51,0.03,0.11,28.134,28.377,28.7255,4532.67,4008.98,3943.52,0.43
2017-01-10 15:00:00,28.03,28.04,27.84,27.8,5589.72,-0.19,-0.68,28.256,28.449,28.789,5250.19,3849.91,3949.37,0.63
2017-01-10 14:00:00,28.4,28.5,28.03,27.91,6560.02,-0.37,-1.3,28.448,28.544,28.854,4801.99,3516.86,3821.94,0.73
2017-01-10 11:30:00,28.49,28.68,28.44,28.38,2146.42,-0.05,-0.18,28.598,28.606,28.9095,3966.01,3331.25,3606.69,0.24
2017-01-10 10:30:00,28.85,28.86,28.49,28.25,4538.67,-0.36,-1.25,28.598,28.662,28.94,3881.92,3586.5,3646.69,0.51
2017-01-09 15:00:00,28.8,28.8,28.48,28.33,7416.14,-0.32,-1.11,28.62,28.747,28.9745,3485.29,3424.29,3890.82,0.83
2017-01-09 14:00:00,28.78,28.98,28.8,28.74,3348.68,0.02,0.07,28.642,28.811,28.98,2449.62,2871.98,3755.01,0.37
2017-01-09 11:30:00,28.44,28.95,28.78,28.44,2380.13,0.34,1.2,28.64,28.824,28.9795,2231.73,3347.81,3709.61,0.27
2017-01-09 10:30:00,28.7,28.7,28.44,28.42,1726.0,-0.26,-0.91,28.614,28.889,28.967,2696.5,3473.88,3780.99,0.19
2017-01-06 15:00:00,28.6,28.78,28.6,28.57,2555.48,0.0,0.0,28.726,28.996,28.986,3291.07,3802.08,4145.43,0.29
2017-01-06 14:00:00,28.8,28.87,28.59,28.56,2237.82,-0.21,-0.73,28.874,29.074,28.982,3363.3,3878.07,4345.96,0.25
2017-01-06 11:30:00,28.65,28.9,28.79,28.61,2259.22,0.14,0.49,28.98,29.129,28.9755,3294.34,4048.83,4355.76,0.25
2017-01-06 10:30:00,28.83,28.97,28.65,28.63,4703.96,-0.18,-0.62,29.008,29.164,28.9605,4463.89,4127.03,4390.55,0.53
2017-01-05 15:00:00,29.34,29.36,29.0,28.91,4698.89,-0.34,-1.16,29.164,29.213,28.9485,4251.26,3882.13,4695.68,0.53
2017-01-05 14:00:00,29.11,29.36,29.34,29.11,2916.61,0.23,0.79,29.266,29.218,28.891,4313.08,3706.89,4612.07,0.33
2017-01-05 11:30:00,28.94,29.15,29.12,28.94,1893.0,0.18,0.62,29.274,29.202,28.818,4392.85,4357.34,4576.04,0.21
2017-01-05 10:30:00,29.57,29.57,28.93,28.8,8107.0,-0.64,-2.16,29.278,29.149,28.7595,4803.32,4638.04,4612.66,0.91
2017-01-04 15:00:00,29.51,29.53,29.43,29.35,3640.82,-0.08,-0.27,29.32,29.135,28.718,3790.17,4071.41,4373.27,0.41
2017-01-04 14:00:00,29.33,29.51,29.51,29.3,5007.96,0.18,0.61,29.262,29.045,28.6645,3513.0,4088.1,4331.25,0.56
2017-01-04 11:30:00,29.14,29.4,29.38,29.1,3315.45,0.24,0.82,29.17,28.976,28.6055,3100.69,4488.78,4215.55,0.37
2017-01-04 10:30:00,29.18,29.45,29.14,29.07,3945.37,-0.04,-0.14,29.13,28.89,28.5465,4321.83,4813.85,4160.39,0.44
2017-01-03 15:00:00,29.14,29.17,29.14,29.07,3041.24,0.0,0.0,29.02,28.822,28.5015,4472.75,4662.69,4202.43,0.34
2017-01-03 14:00:00,29.07,29.2,29.14,29.06,2255.0,0.07,0.24,28.95,28.757,28.4655,4352.64,4654.08,4347.99,0.25
2017-01-03 11:30:00,29.17,29.25,29.05,29.04,2946.41,-0.12,-0.41,28.828,28.684,28.4155,4663.2,5509.24,4390.88,0.33
2017-01-03 10:30:00,28.55,29.31,29.18,28.55,9421.12,0.63,2.21,28.782,28.564,28.3615,5876.87,5517.25,4386.42,1.05
2016-12-30 15:00:00,28.79,28.96,28.59,28.49,4699.99,-0.2,-0.69,28.65,28.434,28.29,5305.87,4794.74,4122.1,0.52
2016-12-30 14:00:00,28.52,28.8,28.79,28.52,2440.7,0.27,0.95,28.624,28.37,28.256,4852.63,4587.29,4119.37,0.27
2016-12-30 11:30:00,28.82,28.82,28.53,28.43,3807.79,-0.29,-1.01,28.564,28.301,28.218,4955.51,4675.13,4105.23,0.43
2016-12-30 10:30:00,28.7,29.18,28.82,28.69,9014.77,0.12,0.42,28.54,28.284,28.1985,6355.27,4574.4,3999.69,1.01
2016-12-29 15:00:00,28.46,28.72,28.52,28.44,6566.1,0.06,0.21,28.346,28.235,28.1655,5157.63,3942.32,3701.16,0.73
2016-12-29 14:00:00,28.56,28.56,28.46,28.37,2433.8,-0.1,-0.35,28.218,28.203,28.162,4283.6,3506.93,3594.95,0.27
2016-12-29 11:30:00,28.4,28.5,28.49,28.29,2955.08,0.09,0.32,28.116,28.181,28.166,4321.96,3742.16,3546.47,0.33
2016-12-29 10:30:00,28.0,28.74,28.41,27.83,10806.6,0.41,1.46,28.038,28.174,28.164,4394.75,4041.9,3508.97,1.21
2016-12-28 15:00:00,27.88,28.08,27.85,27.78,3026.57,-0.03,-0.11,28.028,28.147,28.171,2793.52,3272.52,3145.28,0.34
2016-12-28 14:00:00,27.92,27.95,27.88,27.78,2195.96,-0.04,-0.14,28.124,28.159,28.222,2727.01,3255.58,3235.72,0.25
2016-12-28 11:30:00,28.1,28.11,27.95,27.78,2625.57,-0.15,-0.53,28.188,28.146,28.2615,2730.26,3449.46,3353.97,0.29
2016-12-28 10:30:00,28.4,28.4,28.1,27.88,3319.03,-0.3,-1.06,28.246,28.142,28.2975,3162.37,3651.44,3353.94,0.37
2016-12-27 15:00:00,28.33,28.43,28.36,28.3,2800.47,0.03,0.11,28.31,28.135,28.3395,3689.06,3535.34,3639.64,0.31
2016-12-27 14:00:00,28.2,28.69,28.33,28.2,2694.0,0.13,0.46,28.266,28.113,28.338,3751.52,3424.99,3975.07,0.3
2016-12-27 11:30:00,28.24,28.39,28.2,28.16,2212.21,-0.04,-0.14,28.194,28.096,28.3515,3784.16,3460.01,3980.87,0.25
2016-12-27 10:30:00,28.3,28.62,28.24,28.13,4786.16,-0.06,-0.21,28.104,28.121,28.3755,4168.66,3682.98,4235.16,0.53
2016-12-26 15:00:00,28.14,28.54,28.42,28.11,5952.44,0.28,1.0,28.038,28.151,28.4065,4140.51,3350.77,4275.55,0.66
2016-12-26 14:00:00,27.97,28.15,28.14,27.72,3112.8,0.17,0.61,27.96,28.154,28.455,3381.62,2976.04,4123.8,0.35
2016-12-26 11:30:00,27.63,28.0,27.97,27.6,2857.2,0.34,1.23,27.96,28.195,28.522,3098.46,3018.04,4076.11,0.32
2016-12-26 10:30:00,28.0,28.0,27.75,27.31,4134.69,-0.25,-0.89,27.998,28.285,28.607,3135.86,3215.85,4151.7,0.46
2016-12-23 15:00:00,28.03,28.2,27.91,27.9,4645.4,-0.12,-0.43,28.138,28.377,28.71,3197.3,3258.48,4439.24,0.52
2016-12-23 14:00:00,28.14,28.2,28.03,28.01,2158.0,-0.11,-0.39,28.264,28.453,28.7685,2561.04,3056.44,4474.51,0.24
2016-12-23 11:30:00,28.16,28.28,28.14,28.13,1697.0,-0.02,-0.07,28.348,28.544,28.836,2570.45,3743.94,4620.01,0.19
2016-12-23 10:30:00,28.69,28.69,28.16,28.13,3044.19,-0.53,-1.85,28.43,28.563,28.8895,2937.61,4525.15,4964.67,0.34
2016-12-22 15:00:00,28.54,28.66,28.45,28.38,4441.9,-0.09,-0.32,28.572,28.607,28.938,3295.85,4501.73,5446.3,0.5
2016-12-22 14:00:00,28.43,28.69,28.54,28.4,1464.12,0.11,0.39,28.616,28.63,28.9255,3319.67,4787.34,5585.96,0.16
2016-12-22 11:30:00,28.55,28.72,28.45,28.39,2205.05,-0.1,-0.35,28.642,28.662,28.9015,3551.85,5200.33,5806.28,0.25
2016-12-22 10:30:00,29.1,29.2,28.55,28.55,3532.8,-0.55,-1.89,28.74,28.756,28.919,4917.44,5271.57,5972.7,0.39
2016-12-21 15:00:00,28.67,28.88,28.87,28.41,4835.37,0.2,0.7,28.696,28.849,28.9325,6112.68,5134.19,6826.72,0.54
2016-12-21 14:00:00,28.67,28.89,28.67,28.61,4561.0,0.0,0.0,28.642,28.929,28.8825,5707.61,5087.55,6940.94,0.51
2016-12-21 11:30:00,28.83,28.97,28.67,28.6,2625.02,-0.16,-0.55,28.644,29.043,28.849,6255.01,5619.99,7127.11,0.29
2016-12-21 10:30:00,28.88,29.42,28.94,28.77,9033.0,0.06,0.21,28.682,29.084,28.8255,6848.8,5892.58,7501.67,1.01
2016-12-20 15:00:00,28.6,28.6,28.33,28.0,9509.02,-0.27,-0.94,28.772,29.128,28.7905,5625.69,5496.08,7518.12,1.06
2016-12-20 14:00:00,28.67,28.82,28.6,28.56,2810.0,-0.07,-0.24,29.002,29.216,28.83,4155.69,5404.19,7237.47,0.31
2016-12-20 11:30:00,28.86,28.88,28.68,28.35,7298.0,-0.18,-0.62,29.216,29.269,28.8585,4467.49,6390.87,7430.92,0.81
2016-12-20 10:30:00,29.18,29.76,28.86,28.82,5594.0,-0.32,-1.1,29.442,29.221,28.8745,4984.97,6384.57,7396.86,0.62
2016-12-19 15:00:00,29.48,29.63,29.39,29.21,2917.45,-0.09,-0.31,29.486,29.141,28.874,4936.36,6412.23,7511.9,0.33
2016-12-19 14:00:00,29.67,29.8,29.48,29.4,2159.0,-0.19,-0.64,29.484,29.082,28.8595,5366.46,6673.84,7926.09,0.24
2016-12-19 11:30:00,29.82,29.89,29.67,29.63,4369.0,-0.15,-0.5,29.43,29.016,28.877,6652.7,8519.26,8225.54,0.49
2016-12-19 10:30:00,29.08,29.96,29.81,29.08,9885.38,0.73,2.51,29.322,28.836,28.885,8314.26,8794.32,8669.99,1.1
2016-12-16 15:00:00,29.38,29.38,29.08,29.03,5350.99,-0.3,-1.02,29.0,28.655,28.928,7784.18,8634.23,8659.54,0.6
2016-12-16 14:00:00,29.16,29.47,29.38,29.0,5067.95,0.22,0.75,28.796,28.567,29.079,7888.1,9110.76,8758.2,0.57
2016-12-16 11:30:00,29.16,29.8,29.21,29.05,8590.17,0.05,0.17,28.68,28.453,29.225,7981.21,9540.16,8765.55,0.96
2016-12-16 10:30:00,28.28,29.3,29.13,28.1,12676.8,0.85,3.01,28.602,28.444,29.3925,10385.8,9070.74,8529.06,1.42
2016-12-15 15:00:00,28.06,28.4,28.2,27.72,7235.0,0.14,0.5,28.35,28.448,29.569,9274.39,8470.96,8117.6,0.81
2016-12-15 14:00:00,28.8,28.8,28.06,28.0,5870.6,-0.74,-2.57,28.31,28.528,29.8015,9484.27,8409.15,8039.5,0.66
2016-12-15 11:30:00,28.82,28.88,28.8,28.58,5533.47,-0.02,-0.07,28.338,28.607,30.0615,10333.4,8611.56,8107.02,0.62
2016-12-15 10:30:00,27.7,28.98,28.82,27.7,20613.2,1.12,4.04,28.226,28.637,30.2715,11099.1,9178.35,8094.71,2.3
2016-12-14 15:00:00,28.0,28.15,27.87,27.75,7119.66,-0.13,-0.46,28.286,28.738,30.478,7755.66,7931.83,7288.99,0.79
2016-12-14 14:00:00,28.2,28.3,28.0,27.96,8284.42,-0.2,-0.71,28.546,28.934,30.721,7667.53,8545.66,7116.92,0.93
2016-12-14 11:30:00,28.24,28.37,28.2,27.86,10116.3,-0.04,-0.14,28.746,29.201,30.9655,7334.04,8684.86,6865.24,1.13
2016-12-14 10:30:00,29.45,29.45,28.24,28.14,9362.0,-1.21,-4.11,28.876,29.591,31.19,6889.72,8405.65,6581.99,1.05
2016-12-13 15:00:00,29.17,29.35,29.12,29.1,3895.93,-0.05,-0.17,29.048,29.997,31.396,7257.58,7990.93,6329.84,0.44
2016-12-13 14:00:00,29.0,29.37,29.17,29.0,6679.0,0.17,0.59,29.19,30.341,31.57,8107.99,7987.37,6456.28,0.75
2016-12-13 11:30:00,28.85,29.11,29.0,28.72,6616.92,0.15,0.52,29.322,30.69,31.746,9423.79,7764.24,6317.08,0.74
2016-12-13 10:30:00,29.1,29.57,28.85,28.61,7894.73,-0.25,-0.86,29.656,31.075,31.9345,10035.7,7669.84,6278.27,0.88
2016-12-12 15:00:00,29.83,30.15,29.1,28.89,11201.3,-0.73,-2.45,30.306,31.516,32.128,9921.6,7602.48,6162.76,1.25
2016-12-12 14:00:00,29.8,30.18,29.83,29.5,8148.0,0.03,0.1,30.946,31.906,32.287,8724.29,7011.07,5817.37,0.91
2016-12-12 11:30:00,30.67,30.67,29.83,29.82,13258.0,-0.84,-2.74,31.492,32.218,32.4145,7866.76,6646.16,5567.63,1.48
2016-12-12 10:30:00,31.82,32.28,30.67,30.53,9676.42,-1.15,-3.61,32.058,32.508,32.565,6104.69,5688.18,5195.66,1.08
2016-12-09 15:00:00,32.3,32.39,32.1,31.98,7324.22,-0.2,-0.62,32.494,32.73,32.6685,5304.0,5045.61,5509.05,0.82
2016-12-09 14:00:00,32.57,32.69,32.3,32.21,5214.81,-0.27,-0.83,32.726,32.789,32.661,5283.36,4758.33,5617.6,0.58
2016-12-09 11:30:00,32.67,32.71,32.56,32.38,3860.34,-0.11,-0.34,32.866,32.795,32.6535,5297.86,4668.75,5591.35,0.43
2016-12-09 10:30:00,32.6,33.05,32.66,32.6,4447.67,0.06,0.18,32.944,32.799,32.6395,5425.55,4925.19,6014.54,0.5
2016-12-08 15:00:00,33.26,33.29,32.85,32.79,5672.95,-0.41,-1.23,32.958,32.802,32.64,5271.68,4869.92,6270.99,0.63
2016-12-08 14:00:00,33.0,33.39,33.26,32.94,7221.05,0.26,0.79,32.966,32.794,32.654,4787.23,4886.7,6276.44,0.81
2016-12-08 11:30:00,32.95,33.15,33.0,32.83,5287.28,0.05,0.15,32.852,32.74,32.6545,4233.29,4723.04,6156.32,0.59
2016-12-08 10:30:00,32.82,33.06,32.95,32.7,4498.81,0.13,0.4,32.724,32.668,32.661,4039.63,4623.66,6110.9,0.5
2016-12-07 15:00:00,32.88,32.92,32.73,32.67,3678.29,-0.15,-0.46,32.654,32.611,32.6665,4424.82,4489.1,6438.65,0.41
2016-12-07 14:00:00,32.69,32.98,32.89,32.68,3250.72,0.2,0.61,32.646,32.622,32.7105,4468.16,4703.14,6641.29,0.36
2016-12-07 11:30:00,32.36,32.81,32.69,32.21,4451.35,0.33,1.02,32.622,32.607,32.731,4986.16,5972.49,6685.66,0.5
2016-12-07 10:30:00,32.97,32.97,32.36,32.3,4319.0,-0.61,-1.85,32.628,32.533,32.7595,5212.78,6476.88,6751.95,0.48
2016-12-06 15:00:00,32.69,32.94,32.6,32.52,6424.75,-0.09,-0.28,32.612,32.512,32.812,5207.69,6513.95,7165.89,0.72
2016-12-06 14:00:00,32.76,32.87,32.69,32.67,3895.0,-0.07,-0.21,32.568,32.48,32.9105,4553.39,7103.89,7183.57,0.43
2016-12-06 11:30:00,32.72,33.0,32.77,32.63,5840.72,0.05,0.15,32.598,32.478,33.0115,4938.12,7672.05,7170.06,0.65
2016-12-06 10:30:00,32.35,32.84,32.72,32.18,5584.43,0.37,1.14,32.592,32.514,33.1175,6958.82,7666.18,7215.29,0.62
2016-12-05 15:00:00,32.38,32.45,32.28,32.03,4293.56,-0.1,-0.31,32.438,32.569,33.1945,7740.97,7589.6,7162.86,0.48
2016-12-05 14:00:00,32.96,32.96,32.38,32.3,3153.23,-0.58,-1.76,32.412,32.654,33.289,7820.21,7598.14,7184.33,0.35
2016-12-05 11:30:00,32.74,33.1,32.84,32.6,5818.66,0.1,0.31,32.392,32.722,33.377,9654.4,8388.2,7177.58,0.65
2016-12-05 10:30:00,31.35,33.41,32.74,31.35,15944.2,1.39,4.43,32.358,32.799,33.4445,10406.0,8579.43,6983.4,1.78
2016-12-02 15:00:00,32.16,32.3,31.95,31.77,9495.21,-0.21,-0.65,32.436,32.855,33.533,8373.55,7398.82,6585.87,1.06
2016-12-02 14:00:00,32.28,32.39,32.15,32.08,4689.73,-0.13,-0.4,32.7,32.986,33.666,7438.22,7027.02,6346.03,0.52
2016-12-02 11:30:00,32.67,32.7,32.28,32.26,12324.2,-0.39,-1.19,32.896,33.112,33.792,7376.07,7817.82,6297.5,1.38
2016-12-02 10:30:00,33.0,33.11,32.67,32.62,9576.59,-0.33,-1.0,33.052,33.341,33.9175,7122.0,7263.25,5864.7,1.07
2016-12-01 15:00:00,33.27,33.27,33.13,33.05,5782.0,-0.14,-0.42,33.24,33.545,34.012,6752.88,6668.06,5863.21,0.65
2016-12-01 14:00:00,33.13,33.47,33.27,33.13,4818.6,0.14,0.42,33.274,33.721,34.1015,6424.1,6764.4,6270.33,0.54
2016-12-01 11:30:00,33.06,33.4,33.13,33.06,4379.0,0.07,0.21,33.272,33.82,34.159,6615.81,6736.12,6400.3,0.49
2016-12-01 10:30:00,33.35,33.58,33.06,32.93,11053.8,-0.29,-0.87,33.328,33.924,34.213,8259.57,6770.52,6717.06,1.23
2016-11-30 15:00:00,33.3,33.75,33.61,33.29,7730.99,0.31,0.93,33.63,34.032,34.256,7404.51,5966.97,6637.14,0.86
2016-11-30 14:00:00,33.21,33.41,33.3,33.15,4138.1,0.09,0.27,33.85,34.09,34.2535,6583.24,5387.37,6525.06,0.46
2016-11-30 11:30:00,33.41,33.48,33.26,33.07,5777.15,-0.15,-0.45,34.168,34.211,34.267,7104.7,5772.91,6481.85,0.65
2016-11-30 10:30:00,32.86,33.57,33.41,32.7,12597.8,0.55,1.67,34.368,34.346,34.28,6856.42,5665.04,6648.19,1.41
2016-10-13 15:00:00,34.71,34.91,34.57,34.53,6778.49,-0.14,-0.4,34.52,34.472,34.303,5281.47,4777.19,7067.99,0.76
2016-10-13 14:00:00,34.89,34.93,34.71,34.52,3624.67,-0.18,-0.52,34.434,34.494,34.2085,4529.43,4466.16,7150.32,0.4
2016-10-13 11:30:00,34.26,34.94,34.89,34.26,6745.37,0.63,1.84,34.33,34.479,34.1035,4191.5,5058.36,7578.68,0.75
2016-10-13 10:30:00,34.1,34.45,34.26,34.1,4535.82,0.16,0.47,34.254,34.482,33.97,4441.13,5776.27,7438.69,0.51
2016-10-12 15:00:00,34.14,34.26,34.17,34.03,4722.99,0.03,0.09,34.324,34.498,33.868,4473.66,6064.49,7544.6,0.54
2016-10-12 14:00:00,34.2,34.25,34.14,34.12,3018.32,-0.06,-0.18,34.424,34.502,33.747,4272.91,6663.61,7441.8,0.35
2016-10-12 11:30:00,34.51,34.53,34.19,34.17,1935.0,-0.32,-0.93,34.554,34.48,33.6275,4402.88,7307.31,7433.39,0.22
2016-10-12 10:30:00,34.5,34.55,34.51,34.06,7993.53,0.01,0.03,34.628,34.417,33.508,5925.21,7662.74,7459.4,0.92
2016-10-11 15:00:00,34.68,34.8,34.61,34.58,4698.47,-0.07,-0.2,34.71,34.323,33.366,7111.41,7190.79,7270.72,0.54
2016-10-11 14:00:00,34.79,34.79,34.67,34.48,3719.25,-0.12,-0.34,34.672,34.214,33.239,7655.31,7631.34,7278.94,0.43
2016-10-11 11:30:00,34.6,34.87,34.79,34.56,3668.13,0.19,0.55,34.58,34.134,33.0845,9054.3,9358.8,7199.63,0.42
2016-10-11 10:30:00,34.85,35.0,34.56,34.38,9546.69,-0.29,-0.83,34.406,33.923,32.9345,10211.7,9834.48,7098.56,1.1
2016-10-10 15:00:00,34.42,35.0,34.92,34.41,13924.5,0.5,1.45,34.206,33.728,32.7955,9400.26,10099.0,6855.29,1.6
2016-10-10 14:00:00,34.3,34.48,34.42,34.25,7418.0,0.12,0.35,33.936,33.458,32.638,7270.17,9101.1,6493.11,0.85
2016-10-10 11:30:00,33.92,34.26,34.21,33.76,10714.2,0.29,0.85,33.756,33.238,32.5195,7607.36,9024.7,6357.89,1.23
2016-10-10 10:30:00,33.53,34.01,33.92,33.01,9455.33,0.39,1.16,33.688,32.992,32.4355,9663.29,8220.0,5901.88,1.08
2016-09-30 15:00:00,33.57,33.59,33.56,33.28,5489.3,-0.01,-0.03,33.44,32.775,32.361,9457.21,7559.46,5778.21,0.63
2016-09-30 14:00:00,33.52,33.65,33.57,33.45,3274.0,0.05,0.15,33.25,32.599,32.309,10797.7,7256.06,5727.15,0.38
2016-09-30 11:30:00,33.87,33.94,33.52,33.5,9104.0,-0.35,-1.03,32.98,32.409,32.2715,10932.0,7350.66,5725.05,1.04
2016-09-30 10:30:00,32.43,34.39,33.87,32.43,20993.8,1.44,4.44,32.72,32.264,32.236,10442.0,6926.54,5501.04,2.41
2016-09-29 15:00:00,32.61,32.8,32.68,32.55,8424.93,0.07,0.21,32.296,32.035,32.182,6776.71,5040.46,4745.45,0.97
2016-09-29 14:00:00,32.22,32.77,32.61,32.22,12192.0,0.39,1.21,32.11,31.946,32.1945,5661.72,4362.65,4726.94,1.4
2016-09-29 11:30:00,32.22,32.27,32.22,32.08,3945.46,0.0,0.0,31.948,31.863,32.212,3714.37,3611.57,4350.93,0.45
2016-09-29 10:30:00,31.66,32.23,32.22,31.66,6654.03,0.56,1.77,31.838,31.818,32.251,3769.28,3885.11,4390.91,0.76
2016-09-28 15:00:00,31.75,31.87,31.75,31.72,2667.12,0.0,0.0,31.808,31.801,32.2875,3411.04,3691.08,4308.02,0.31
2016-09-28 14:00:00,31.8,31.84,31.75,31.7,2850.0,-0.05,-0.16,31.774,31.879,32.334,3304.22,3583.76,4407.36,0.33
2016-09-28 11:30:00,31.67,31.81,31.8,31.62,2455.26,0.13,0.41,31.782,31.947,32.385,3063.57,3996.96,4501.56,0.28
2016-09-28 10:30:00,32.13,32.13,31.67,31.62,4220.0,-0.46,-1.43,31.778,32.019,32.4295,3508.77,4198.23,4488.85,0.48
2016-09-27 15:00:00,31.58,32.1,32.07,31.4,4862.82,0.49,1.55,31.798,32.134,32.4815,4000.94,4099.45,4452.7,0.56
2016-09-27 14:00:00,31.79,31.94,31.58,31.56,2133.0,-0.21,-0.66,31.794,32.208,32.522,3971.12,4075.53,4450.19,0.24
2016-09-27 11:30:00,31.78,31.99,31.79,31.77,1646.79,0.01,0.03,31.984,32.329,32.5865,3863.3,4450.44,4703.22,0.19
2016-09-27 10:30:00,31.25,32.04,31.78,31.25,4681.26,0.53,1.7,32.112,32.443,32.6375,4930.34,5091.23,4933.21,0.54
2016-09-26 15:00:00,32.07,32.28,31.77,31.76,6680.81,-0.3,-0.94,32.26,32.561,32.6795,4887.69,5090.28,4994.02,0.77
2016-09-26 14:00:00,32.53,32.53,32.05,31.91,4713.74,-0.48,-1.48,32.47,32.684,32.721,4197.96,4896.71,4965.48,0.54
2016-09-26 11:30:00,32.43,32.72,32.53,32.4,1593.91,0.1,0.31,32.622,32.774,32.758,4179.93,4924.96,4838.2,0.18
2016-09-26 10:30:00,32.51,33.0,32.43,32.39,6982.0,-0.08,-0.25,32.674,32.789,32.7795,5037.59,5230.97,5036.68,0.8
2016-09-23 15:00:00,32.82,32.82,32.52,32.5,4468.0,-0.3,-0.91,32.774,32.823,32.808,5252.12,5006.17,5226.09,0.51
2016-09-23 14:00:00,32.81,32.85,32.82,32.71,3232.16,0.01,0.03,32.862,32.84,32.7955,5292.87,4779.47,5320.09,0.37
2016-09-23 11:30:00,32.78,32.85,32.81,32.64,4623.6,0.03,0.09,32.898,32.829,32.781,5595.45,4805.95,5299.38,0.53
2016-09-23 10:30:00,32.78,33.08,32.79,32.61,5882.18,0.01,0.03,32.926,32.836,32.7665,5669.98,4824.86,5404.4,0.67
2016-09-22 15:00:00,32.96,33.0,32.93,32.88,8054.65,-0.03,-0.09,32.904,32.844,32.766,5424.35,4955.99,5681.14,0.92
2016-09-22 14:00:00,33.0,33.03,32.96,32.92,4671.77,-0.04,-0.12,32.872,32.832,32.74,4760.22,4775.18,5715.8,0.54
2016-09-22 11:30:00,32.95,33.04,33.0,32.89,4745.07,0.05,0.15,32.818,32.798,32.689,4266.07,4897.76,5666.95,0.54
2016-09-22 10:30:00,32.7,33.04,32.95,32.7,4996.25,0.25,0.76,32.76,32.758,32.6385,4016.44,5034.25,5640.68,0.57
2016-09-21 15:00:00,32.77,32.88,32.68,32.65,4654.0,-0.09,-0.27,32.746,32.742,32.5865,3979.73,4751.45,6007.7,0.53
2016-09-21 14:00:00,32.69,33.03,32.77,32.66,4734.02,0.08,0.24,32.784,32.77,32.5625,4487.63,4842.4,6460.75,0.54
2016-09-21 11:30:00,32.71,32.79,32.69,32.66,2201.0,-0.02,-0.06,32.792,32.793,32.568,4790.14,5446.02,6591.61,0.25
2016-09-21 10:30:00,32.6,33.05,32.71,32.6,3496.92,0.11,0.34,32.778,32.751,32.585,5529.45,5860.71,6822.86,0.4
2016-09-20 15:00:00,32.87,32.91,32.88,32.77,4812.72,0.01,0.03,32.756,32.733,32.606,6052.07,5792.82,7411.02,0.55
2016-09-20 14:00:00,32.81,33.09,32.87,32.76,7193.5,0.06,0.18,32.738,32.697,32.678,5523.17,5983.94,7543.49,0.83
2016-09-20 11:30:00,32.62,32.86,32.81,32.54,6246.57,0.19,0.58,32.756,32.688,32.753,5197.17,6406.29,7362.35,0.72
2016-09-20 10:30:00,32.49,32.94,32.62,32.3,5897.53,0.13,0.4,32.794,32.648,32.826,6101.89,6656.42,7260.47,0.68
2016-09-19 15:00:00,32.78,32.79,32.6,32.51,6110.03,-0.18,-0.55,32.724,32.58,32.906,6191.97,6436.15,7655.49,0.7
2016-09-19 14:00:00,32.96,33.0,32.79,32.75,2168.22,-0.17,-0.52,32.71,32.519,33.003,5533.56,6247.1,7769.62,0.25
2016-09-19 11:30:00,33.0,33.09,32.96,32.88,5563.49,-0.04,-0.12,32.656,32.431,33.093,6444.72,7263.95,7870.06,0.64
2016-09-19 10:30:00,32.28,33.16,33.0,32.28,10770.2,0.72,2.23,32.62,32.355,33.171,7615.41,8079.1,7814.13,1.24
2016-09-14 15:00:00,32.55,32.65,32.27,32.27,6347.92,-0.28,-0.86,32.502,32.343,33.2525,7210.94,7737.21,7892.16,0.73
2016-09-14 14:00:00,32.52,32.73,32.53,32.52,2817.99,0.01,0.03,32.436,32.419,33.3805,6680.33,7785.01,8071.82,0.32
2016-09-14 11:30:00,32.79,33.08,32.52,32.51,6723.98,-0.27,-0.82,32.328,32.479,33.511,6960.63,9029.22,8149.22,0.77
2016-09-14 10:30:00,32.1,32.93,32.78,31.7,11417.0,0.68,2.12,32.206,32.659,33.6415,8083.19,9103.04,8162.52,1.31
2016-09-13 15:00:00,31.94,32.5,32.41,31.82,8747.81,0.47,1.47,32.09,32.818,33.7675,8542.79,8318.4,8413.52,1.0
2016-09-13 14:00:00,31.99,32.1,31.94,31.81,3694.87,-0.05,-0.16,32.184,33.004,33.9075,8263.47,7864.52,8539.13,0.42
