date,open,high,close,low,volume,price_change,p_change,ma5,ma10,ma20,v_ma5,v_ma10,v_ma20,turnover
2017-06-30,27.8,27.8,21.58,21.41,470508.91,-5.88,-21.41,26.956,29.116,56.642,390686.76,449919.76,448955.28,29.25
2017-05-31,28.66,29.69,27.46,26.61,278354.84,-1.22,-4.25,28.008,30.446,58.835,357440.88,568185.26,426529.89,17.3
2017-04-28,28.2,29.69,28.68,24.06,283484.91,0.5,1.77,28.236,39.12,61.105,406460.38,552519.63,420607.07,17.92
2017-03-31,28.22,31.0,28.18,26.71,566599.25,-0.7,-2.42,29.22,46.256,63.172,476960.29,569940.46,423766.04,41.81
2017-02-28,26.84,29.41,28.88,25.4,354485.88,2.04,7.6,30.34,51.673,64.718,452537.51,533872.37,415048.56,26.16
2017-01-26,28.55,29.57,26.84,24.45,304279.53,-1.76,-6.15,31.276,57.095,65.574,509152.76,524091.0,426304.84,22.46
2016-12-30,33.35,33.58,28.6,27.31,523452.34,-5.0,-14.88,32.884,67.211,67.012,778929.63,532258.96,434043.43,58.45
2016-11-30,33.25,36.8,33.6,32.5,635984.44,-0.18,-0.53,50.004,74.943,68.213,698578.87,526254.69,434431.74,71.01
2016-10-28,33.53,36.47,33.78,33.0,444485.38,0.22,0.66,63.292,79.832,69.075,662920.63,484707.53,429258.74,49.63
2016-09-30,35.13,35.97,33.56,31.25,637562.12,-1.32,-3.78,73.006,82.383,69.668,615207.23,459812.63,427713.75,73.15
2016-08-31,41.82,42.5,34.88,34.18,1653163.88,-79.32,-69.46,82.914,84.167,70.298,539029.24,447990.81,417666.34,189.68
2016-04-08,99.0,116.5,114.2,98.0,121698.55,14.16,14.15,101.538,87.223,71.104,285588.29,284874.52,360064.43,41.89
2016-03-31,82.0,103.8,100.04,72.02,457693.22,17.69,21.48,99.882,83.089,67.704,353930.51,288694.5,379599.85,157.54
2016-02-29,82.6,119.35,82.35,80.51,205918.38,-0.75,-0.9,96.372,80.088,64.692,306494.44,277591.63,376096.5,70.88
2016-01-29,127.11,129.83,83.1,76.22,256672.17,-44.9,-35.08,91.76,77.763,62.825,304418.04,296224.74,404467.3,88.35
2015-12-31,105.95,151.0,128.0,95.1,385959.12,22.08,20.85,85.42,74.054,61.278,356952.37,328518.68,470483.99,132.85
2015-11-30,81.99,112.49,105.92,81.01,463409.66,23.43,28.4,72.908,66.814,57.313,284160.75,335827.9,455810.25,159.51
2015-10-30,60.07,82.49,82.49,59.64,220512.86,23.2,39.13,66.296,61.483,54.754,223458.5,342608.78,455410.28,75.9
2015-09-30,51.1,62.97,59.29,43.85,195536.39,7.89,15.35,63.804,58.319,53.213,248688.82,373809.94,468460.14,67.3
2015-08-31,58.9,69.46,51.4,43.33,519343.84,-14.04,-21.45,63.766,56.953,52.856,288031.45,395614.86,484514.48,178.76
2015-07-31,66.1,70.0,65.44,65.44,22000.99,-7.42,-10.18,62.688,56.429,52.947,300084.99,387341.88,482337.64,7.57
2015-03-18,69.15,72.98,72.86,64.0,159898.41,2.83,4.04,60.72,54.985,52.114,387495.04,435254.33,513026.75,55.04
2015-02-27,59.02,76.88,70.03,57.53,346664.47,10.93,18.49,56.67,52.319,50.632,461759.06,470505.19,538250.21,119.32
2015-01-30,46.1,63.6,59.1,44.0,392249.53,13.09,28.45,52.834,49.296,49.14,498931.07,474601.38,552987.57,135.02
2014-12-31,55.69,61.8,46.01,45.04,579611.56,-9.59,-17.25,50.14,47.886,48.31,503198.27,512709.86,566382.41,271.74
2014-11-28,52.52,58.79,55.6,51.0,459051.25,2.99,5.68,50.17,48.502,48.519,474598.77,612449.29,565179.76,215.22
2014-10-31,55.94,58.2,52.61,49.0,531218.5,1.76,3.46,49.25,47.811,47.811,483013.62,575792.61,575792.61,249.05
2014-09-30,45.72,52.96,50.85,45.72,532524.5,5.22,11.44,47.968,47.278,47.278,479251.32,580745.29,580745.29,249.66
2014-08-29,45.88,49.99,45.63,44.5,413585.53,-0.53,-1.15,45.758,46.831,46.831,450271.69,586772.89,586772.89,193.9
2014-07-31,50.94,52.5,46.16,43.51,436614.06,-4.84,-9.49,45.632,47.003,47.003,522221.46,611513.94,611513.94,204.7
2014-06-30,45.89,53.53,51.0,43.14,501125.53,4.8,10.39,46.834,47.143,47.143,750299.82,640663.92,640663.92,234.94
2014-05-30,39.58,51.1,46.2,39.32,512406.97,6.4,16.08,46.372,46.372,46.372,668571.59,668571.59,668571.59,240.23
2014-04-30,45.0,48.98,39.8,38.9,387626.34,-5.2,-11.56,46.415,46.415,46.415,707612.75,707612.75,707612.75,181.73
2014-03-31,51.5,59.0,45.0,44.28,773334.38,-7.17,-13.74,48.62,48.62,48.62,814274.89,814274.89,814274.89,362.56
2014-02-28,48.7,63.65,52.17,46.71,1577005.88,3.48,7.15,50.43,50.43,50.43,834745.14,834745.14,834745.14,739.34
2014-01-28,30.22,48.69,48.69,30.22,92484.4,5.04,20.02,48.69,48.69,48.69,92484.4,92484.4,92484.4,43.36
