date,open,high,close,low,volume,price_change,p_change,ma5,ma10,ma20,v_ma5,v_ma10,v_ma20,turnover
2017-03-17 15:00:00,50.1,51.21,50.0,49.02,9497.32,-0.1,-0.2,48.74,46.228,44.5315,22435.5,12112.3,7101.46,1.72
2017-03-17 14:00:00,50.06,51.08,50.1,48.6,8678.85,0.04,0.08,47.66,45.585,44.1395,21495.0,11229.8,6776.96,1.57
2017-03-17 11:30:00,45.8,51.29,50.1,45.8,33238.2,4.3,9.39,46.404,44.925,43.72,20028.8,10532.4,6416.2,6.03
2017-03-17 10:30:00,44.57,46.5,45.8,44.57,45202.5,1.23,2.76,45.084,44.232,43.3025,13504.8,7402.53,4791.82,8.2
2017-01-10 15:00:00,44.59,47.7,47.7,44.5,15560.8,3.11,6.97,44.596,43.962,43.0885,4699.47,3083.08,2629.49,2.82
2017-01-10 14:00:00,43.82,44.6,44.6,43.81,4794.76,0.78,1.78,43.716,43.549,42.7515,1789.11,1882.9,1913.99,0.87
2017-01-10 11:30:00,43.5,43.88,43.82,43.5,1347.69,0.32,0.74,43.51,43.393,42.56,964.56,1852.94,1718.5,0.24
2017-01-10 10:30:00,43.22,43.5,43.5,43.01,618.1,0.28,0.65,43.446,43.241,42.418,1036.02,2007.03,1682.51,0.11
2017-01-09 15:00:00,43.3,43.49,43.36,43.27,1176.0,0.06,0.14,43.38,43.1,42.295,1300.28,2034.86,1700.61,0.21
2017-01-09 14:00:00,43.57,43.65,43.3,43.29,1009.0,-0.27,-0.62,43.328,42.97,42.171,1466.68,1981.16,1680.38,0.18
2017-01-09 11:30:00,43.5,43.7,43.57,43.28,672.0,0.07,0.16,43.382,42.835,42.0595,1976.68,2090.6,1652.13,0.12
2017-01-09 10:30:00,43.13,43.72,43.5,42.85,1705.0,0.37,0.86,43.276,42.694,41.9345,2741.33,2324.13,1664.28,0.31
2017-01-06 15:00:00,43.1,43.5,43.17,43.03,1939.41,0.07,0.16,43.036,42.515,41.8405,2978.05,2300.0,1624.73,0.35
2017-01-06 14:00:00,43.57,43.6,43.1,42.92,2008.0,-0.47,-1.08,42.82,42.373,41.751,2769.43,2181.1,1630.76,0.36
2017-01-06 11:30:00,43.04,43.57,43.57,43.03,3558.99,0.53,1.23,42.612,42.215,41.672,2495.63,2175.9,1598.76,0.65
2017-01-06 10:30:00,41.78,43.32,43.04,41.78,4495.25,1.26,3.02,42.288,41.954,41.5755,2204.53,1945.08,1471.41,0.82
2017-01-05 15:00:00,42.09,42.57,42.3,42.08,2888.59,0.21,0.5,42.112,41.727,41.496,1906.92,1584.05,1291.72,0.52
2017-01-05 14:00:00,42.06,42.15,42.09,41.98,896.31,0.03,0.07,41.994,41.595,41.4345,1621.94,1357.99,1213.54,0.16
2017-01-05 11:30:00,41.95,42.1,42.06,41.9,639.0,0.11,0.26,41.926,41.49,41.3735,1592.77,1366.36,1324.36,0.12
2017-01-05 10:30:00,42.0,42.25,41.95,41.83,2103.49,-0.05,-0.12,41.818,41.372,41.3405,1856.18,1379.6,1381.65,0.38
2017-01-04 15:00:00,41.71,42.16,42.16,41.65,3007.22,0.45,1.08,41.62,41.284,41.341,1685.62,1213.65,1362.28,0.55
2017-01-04 14:00:00,41.73,41.78,41.71,41.62,1463.7,-0.02,-0.05,41.342,41.175,41.293,1261.18,1004.43,1293.25,0.27
2017-01-04 11:30:00,41.52,41.78,41.75,41.52,750.46,0.23,0.55,41.196,41.166,41.2925,1094.04,949.46,1290.88,0.14
2017-01-04 10:30:00,40.98,41.68,41.52,40.92,1956.02,0.54,1.32,41.054,41.129,41.2975,1139.95,1080.41,1293.78,0.35
2017-01-03 15:00:00,40.77,40.99,40.96,40.36,1250.72,0.19,0.47,40.926,41.129,41.3045,903.02,1021.61,1253.59,0.23
2017-01-03 14:00:00,40.98,41.11,40.77,40.72,885.0,-0.21,-0.51,40.948,41.197,41.332,741.68,997.74,1287.09,0.16
2017-01-03 11:30:00,41.04,41.18,40.98,40.98,628.0,-0.06,-0.15,41.008,41.265,41.3575,747.68,999.39,1282.96,0.11
2017-01-03 10:30:00,40.86,41.48,41.04,40.85,980.0,0.18,0.44,41.136,41.274,41.3635,804.88,1069.09,1293.55,0.18
2016-12-30 15:00:00,41.07,41.26,40.88,40.7,771.4,-0.19,-0.46,41.204,41.257,41.3545,1020.88,1282.36,1359.48,0.14
2016-12-30 14:00:00,41.07,41.28,41.07,40.85,444.0,0.0,0.0,41.332,41.309,41.386,1140.2,1383.7,1570.32,0.08
2016-12-30 11:30:00,41.62,41.62,41.07,40.86,915.0,-0.55,-1.32,41.446,41.398,41.3885,1253.8,1510.9,1680.28,0.17
2016-12-30 10:30:00,41.36,41.8,41.62,41.36,914.0,0.26,0.63,41.522,41.411,41.384,1251.1,1582.06,1774.21,0.17
2016-12-29 15:00:00,41.52,41.6,41.38,41.33,2060.0,-0.14,-0.34,41.412,41.419,41.346,1333.3,1632.29,1862.04,0.37
2016-12-29 14:00:00,41.68,41.68,41.52,41.47,1368.0,-0.16,-0.38,41.31,41.466,41.292,1543.85,1507.14,1896.91,0.25
2016-12-29 11:30:00,41.45,41.68,41.64,41.35,1012.0,0.19,0.46,41.286,41.48,41.2265,1627.21,1485.56,1954.27,0.18
2016-12-29 10:30:00,40.6,41.47,41.45,40.6,901.48,0.85,2.09,41.35,41.467,41.1505,1768.01,1576.44,2077.81,0.16
2016-12-28 15:00:00,40.87,41.2,41.07,40.87,1325.0,0.2,0.49,41.3,41.45,41.108,1913.03,1566.53,2226.47,0.24
2016-12-28 14:00:00,41.39,41.59,40.87,40.68,3112.75,-0.52,-1.26,41.426,41.453,41.046,1931.28,1518.02,2269.87,0.56
2016-12-28 11:30:00,41.96,42.1,41.4,41.4,1784.82,-0.56,-1.33,41.622,41.452,41.0015,1470.44,1436.59,2200.58,0.32
2016-12-28 10:30:00,41.8,41.96,41.96,41.28,1716.0,0.16,0.38,41.674,41.463,40.936,1343.92,1756.94,2177.34,0.31
2016-12-27 15:00:00,41.7,41.8,41.2,41.11,1626.56,-0.5,-1.2,41.584,41.379,40.8365,1384.87,1849.66,2183.39,0.3
2016-12-27 14:00:00,41.85,42.15,41.7,41.5,1416.29,-0.15,-0.36,41.6,41.357,40.7685,1220.03,1966.36,2203.36,0.26
2016-12-27 11:30:00,41.66,41.88,41.85,41.64,808.55,0.19,0.46,41.48,41.273,40.676,1104.75,2091.8,2226.75,0.15
2016-12-27 10:30:00,41.48,41.77,41.66,41.16,1152.19,0.18,0.43,41.282,41.118,40.585,1402.74,2286.68,2334.64,0.21
2016-12-26 15:00:00,41.28,41.59,41.51,41.28,1920.75,0.23,0.56,41.252,40.973,40.481,2169.95,2422.98,2416.38,0.35
2016-12-26 14:00:00,41.1,41.28,41.28,41.1,802.35,0.18,0.44,41.174,40.834,40.3775,2314.44,2579.18,2449.19,0.15
2016-12-26 11:30:00,40.86,41.21,41.1,40.75,839.9,0.24,0.59,41.114,40.766,40.301,2712.69,2886.42,2549.33,0.15
2016-12-26 10:30:00,41.0,41.28,40.86,40.72,2298.5,-0.14,-0.34,41.066,40.639,40.23,3078.84,3021.73,2718.23,0.42
2016-12-23 15:00:00,41.13,41.88,41.51,41.13,4988.26,0.38,0.92,40.954,40.551,40.163,3170.63,2964.58,2669.46,0.9
2016-12-23 14:00:00,40.94,41.12,41.12,40.87,2643.2,0.18,0.44,40.694,40.409,40.0735,2676.01,2597.75,2530.59,0.48
2016-12-23 11:30:00,40.86,41.18,40.98,40.67,2793.58,0.12,0.29,40.494,40.294,40.006,2843.92,2517.13,2457.58,0.51
2016-12-23 10:30:00,40.0,40.95,40.86,40.0,2670.68,0.86,2.15,40.418,40.18,39.957,3060.14,2440.37,2386.35,0.48
2016-12-22 15:00:00,40.21,40.46,40.3,40.21,2757.42,0.09,0.22,40.212,40.079,39.9045,2964.61,2361.7,2437.32,0.5
2016-12-22 14:00:00,40.11,40.35,40.21,40.11,2515.17,0.1,0.25,40.148,40.052,39.91,2758.53,2382.59,2811.73,0.46
2016-12-22 11:30:00,40.6,40.66,40.12,40.11,3482.73,-0.48,-1.18,40.124,39.989,39.877,2519.49,2409.77,2843.07,0.63
2016-12-22 10:30:00,39.83,40.6,40.6,39.73,3874.71,0.77,1.93,40.094,39.921,39.826,2190.34,2319.2,2782.95,0.7
2016-12-21 15:00:00,39.98,40.13,39.83,39.7,2193.01,-0.15,-0.38,39.942,39.836,39.737,1820.6,2212.24,2877.64,0.4
2016-12-21 14:00:00,40.08,40.22,39.98,39.98,1727.03,-0.1,-0.25,39.946,39.821,39.699,1758.8,2414.74,2977.02,0.31
2016-12-21 11:30:00,39.96,40.1,40.09,39.9,1319.95,0.13,0.33,39.956,39.775,39.6725,2006.65,2374.34,3065.7,0.24
2016-12-21 10:30:00,39.86,40.1,39.97,39.65,1837.0,0.11,0.28,39.854,39.738,39.6405,2300.06,2463.43,3263.9,0.33
2016-12-20 15:00:00,39.85,39.99,39.84,39.55,2026.0,-0.01,-0.03,39.748,39.718,39.6515,2448.06,2398.03,4213.37,0.37
2016-12-20 14:00:00,40.03,40.03,39.85,39.71,1884.0,-0.18,-0.45,39.73,39.734,39.6105,2603.88,2332.33,4578.64,0.34
2016-12-20 11:30:00,39.58,40.19,40.03,39.41,2966.31,0.45,1.14,39.696,39.73,39.563,3070.68,2512.93,5251.38,0.54
2016-12-20 10:30:00,39.3,39.6,39.58,38.94,2787.0,0.28,0.71,39.594,39.768,39.465,2742.03,3240.86,5324.77,0.51
2016-12-19 15:00:00,39.75,39.97,39.44,39.43,2577.0,-0.31,-0.78,39.622,39.765,39.3895,2626.8,3276.36,5961.53,0.47
2016-12-19 14:00:00,39.68,40.0,39.75,39.39,2805.07,0.07,0.18,39.688,39.731,39.537,2348.0,3246.7,6537.67,0.51
2016-12-19 11:30:00,39.52,40.07,39.68,38.85,4218.0,0.16,0.4,39.738,39.638,39.649,2060.79,3543.04,6576.16,0.77
2016-12-19 10:30:00,39.7,39.7,39.52,39.4,1323.07,-0.18,-0.45,39.764,39.577,39.7945,1955.19,3539.3,6558.61,0.24
2016-12-16 15:00:00,39.77,39.96,39.72,39.65,2210.87,-0.05,-0.13,39.942,39.57,39.9465,3739.69,3757.06,7374.17,0.4
2016-12-16 14:00:00,40.0,40.0,39.77,39.46,1183.0,-0.23,-0.58,39.908,39.543,40.0205,3925.92,4064.37,7368.93,0.21
2016-12-16 11:30:00,39.81,40.3,40.0,39.75,1369.0,0.19,0.48,39.774,39.585,40.094,4145.39,6028.71,7373.81,0.25
2016-12-16 10:30:00,40.27,40.27,39.81,39.3,3690.0,-0.46,-1.14,39.538,39.487,40.1485,5025.28,6824.95,7391.6,0.67
2016-12-15 15:00:00,39.55,40.65,40.41,39.38,10245.6,0.86,2.17,39.39,39.396,40.219,5123.42,7989.84,7297.7,1.86
2016-12-15 14:00:00,39.1,39.9,39.55,38.81,3142.02,0.45,1.15,39.198,39.162,40.2835,3774.42,7408.67,6849.62,0.57
2016-12-15 11:30:00,38.82,39.34,39.1,38.69,2280.32,0.28,0.72,39.178,39.014,40.405,4202.81,8646.69,6715.85,0.41
2016-12-15 10:30:00,38.48,38.95,38.82,37.6,5768.48,0.34,0.88,39.396,39.343,40.5425,7912.03,9828.64,6634.33,1.05
2016-12-14 15:00:00,39.45,39.56,39.07,38.74,4180.66,-0.38,-0.96,39.436,39.66,40.6955,8624.62,9609.29,6397.31,0.76
2016-12-14 14:00:00,39.45,39.98,39.45,39.25,3500.61,0.0,0.0,39.402,40.012,40.837,10856.2,9577.92,6250.99,0.64
2016-12-14 11:30:00,40.19,40.19,39.45,39.12,5284.0,-0.74,-1.84,39.126,40.323,40.9755,11042.9,10991.3,6155.64,0.96
2016-12-14 10:30:00,39.01,41.64,40.19,39.01,20826.4,1.18,3.02,38.85,40.498,41.1045,13090.6,10673.5,5963.24,3.78
2016-12-13 15:00:00,38.9,40.39,39.02,38.9,9331.43,0.12,0.31,39.29,40.603,41.1875,11745.2,8718.9,5009.64,1.69
2016-12-13 14:00:00,38.07,39.0,38.9,38.07,15338.8,0.83,2.18,39.884,40.81,41.329,10594.0,7958.25,4856.68,2.78
2016-12-13 11:30:00,38.07,38.07,38.07,38.07,4434.0,0.0,0.0,40.622,41.042,41.4765,8299.6,6605.56,4365.94,0.8
2016-12-13 10:30:00,42.35,42.35,38.07,38.07,15522.2,-4.28,-10.11,41.52,41.405,41.6085,10939.6,6290.57,4186.75,2.82
2016-12-12 15:00:00,41.99,43.05,42.39,41.12,14099.8,0.4,0.95,42.146,41.796,41.745,8256.39,4785.0,3511.65,2.56
2016-12-12 14:00:00,42.59,42.59,41.99,41.83,3575.0,-0.6,-1.41,41.916,41.742,41.661,5692.56,3440.03,2894.11,0.65
2016-12-12 11:30:00,42.56,42.79,42.59,42.4,3867.0,0.03,0.07,41.736,41.731,41.6055,5322.53,3185.33,2748.32,0.7
2016-12-12 10:30:00,41.06,44.4,42.56,41.06,17634.2,1.5,3.65,41.462,41.662,41.5255,4911.53,2924.05,2605.67,3.2
2016-12-09 15:00:00,41.24,41.28,41.2,40.7,2106.0,-0.04,-0.1,41.29,41.628,41.4465,1641.5,1320.0,1820.46,0.38
2016-12-09 14:00:00,41.09,41.24,41.24,40.85,1280.6,0.15,0.37,41.446,41.711,41.4345,1313.62,1253.0,1824.43,0.23
2016-12-09 11:30:00,41.22,41.47,41.09,40.68,1724.85,-0.13,-0.32,41.568,41.772,41.4205,1187.5,1300.37,1901.91,0.31
2016-12-09 10:30:00,41.89,41.89,41.22,41.08,1812.0,-0.67,-1.6,41.726,41.848,41.4405,1048.13,1755.11,1929.52,0.33
2016-12-08 15:00:00,41.98,42.0,41.7,41.7,1284.05,-0.28,-0.67,41.862,41.911,41.4895,936.58,2126.32,1913.27,0.23
2016-12-08 14:00:00,41.85,41.98,41.98,41.85,466.6,0.13,0.31,41.966,41.812,41.518,998.51,2082.93,2098.65,0.08
2016-12-08 11:30:00,41.88,42.0,41.85,41.76,650.0,-0.03,-0.07,41.976,41.694,41.5365,1192.39,2238.3,2190.97,0.12
2016-12-08 10:30:00,41.84,42.15,41.88,41.7,1028.0,0.04,0.1,41.976,41.58,41.569,1413.24,2348.2,2256.82,0.19
2016-12-07 15:00:00,42.2,42.22,41.9,41.77,1254.23,-0.3,-0.71,41.97,41.48,41.6205,2462.09,2311.31,2278.1,0.23
2016-12-07 14:00:00,42.03,42.25,42.22,41.94,1593.7,0.19,0.45,41.96,41.389,41.6475,3316.07,2287.29,2330.6,0.29
2016-12-07 11:30:00,41.85,42.05,42.03,41.76,1436.0,0.18,0.43,41.658,41.265,41.674,3167.36,2320.92,2357.0,0.26
2016-12-07 10:30:00,41.9,41.9,41.85,41.5,1754.27,-0.05,-0.12,41.412,41.158,41.7085,3284.21,2395.86,2396.65,0.32
2016-12-06 15:00:00,41.87,42.05,41.85,41.7,6272.26,-0.02,-0.05,41.184,41.069,41.7675,3283.16,2503.46,2415.58,1.14
2016-12-06 14:00:00,40.71,42.1,41.85,40.6,5524.12,1.14,2.8,40.99,41.033,41.725,2160.53,2103.93,2193.62,1.0
2016-12-06 11:30:00,40.8,40.85,40.71,40.6,850.14,-0.09,-0.22,40.818,41.068,41.6895,1258.5,1700.22,1978.72,0.15
2016-12-06 10:30:00,41.24,41.24,40.8,40.75,2020.27,-0.44,-1.07,40.872,41.224,41.708,1474.48,2114.36,1981.96,0.37
2016-12-05 15:00:00,40.88,40.98,40.71,40.5,1749.0,-0.17,-0.42,40.904,41.379,41.723,1507.5,2143.63,1942.0,0.32
2016-12-05 14:00:00,40.99,41.0,40.88,40.88,659.11,-0.11,-0.27,40.954,41.558,41.7435,1723.75,2165.43,1963.84,0.12
2016-12-05 11:30:00,40.98,41.01,40.99,40.87,1014.0,0.01,0.02,41.076,41.761,41.749,2047.33,2244.89,1974.12,0.18
2016-12-05 10:30:00,40.77,41.16,40.98,40.61,1930.0,0.21,0.52,41.318,41.906,41.7395,2141.93,2373.92,2011.75,0.35
2016-12-02 15:00:00,40.96,41.15,40.96,40.8,2185.39,0.0,0.0,41.576,42.083,41.737,2754.24,2393.08,2025.74,0.4
2016-12-02 14:00:00,41.45,41.45,40.96,40.6,2830.26,-0.49,-1.18,41.854,42.259,41.7605,2779.76,2397.44,2007.12,0.51
2016-12-02 11:30:00,42.2,42.27,41.49,41.49,2277.0,-0.71,-1.68,42.162,42.466,41.778,2607.11,2327.71,1939.26,0.41
2016-12-02 10:30:00,42.26,42.47,42.2,42.18,1487.0,-0.06,-0.14,42.446,42.417,41.784,2442.45,2283.31,1874.51,0.27
2016-12-01 15:00:00,42.35,42.6,42.27,42.05,4991.56,-0.08,-0.19,42.494,42.311,41.754,2605.91,2257.21,1871.6,0.91
2016-12-01 14:00:00,42.5,42.6,42.35,42.26,2313.0,-0.15,-0.35,42.59,42.192,41.7275,2031.92,1849.56,1698.36,0.42
2016-12-01 11:30:00,42.91,43.01,42.5,42.42,1967.0,-0.41,-0.96,42.664,42.067,41.6925,2015.12,1740.36,1667.91,0.36
2016-12-01 10:30:00,42.61,42.95,42.91,42.32,1453.71,0.3,0.7,42.77,41.929,41.6505,2048.32,1762.26,1692.71,0.26
2016-11-30 15:00:00,42.75,42.75,42.44,42.23,2304.29,-0.31,-0.73,42.388,41.737,41.5735,2124.17,1703.34,1852.83,0.42
2016-11-30 14:00:00,42.72,42.92,42.75,42.63,2121.61,0.03,0.07,42.128,41.573,41.457,1908.52,1649.58,1810.11,0.38
2016-11-30 11:30:00,43.02,43.02,42.72,42.62,2228.97,-0.3,-0.7,41.794,41.391,41.315,1667.19,1658.4,1733.83,0.4
2016-11-30 10:30:00,42.35,43.07,43.03,42.06,2133.0,0.68,1.61,41.47,41.262,41.181,1465.6,1616.79,1673.38,0.39
2016-10-13 15:00:00,41.14,41.19,41.0,40.87,1833.0,-0.14,-0.34,41.088,41.09,41.0335,1476.2,1550.8,1614.68,0.33
2016-10-13 14:00:00,41.09,41.17,41.14,40.98,1226.0,0.05,0.12,41.086,41.151,40.984,1282.5,1465.7,1708.35,0.22
2016-10-13 11:30:00,41.1,41.19,41.08,41.02,915.0,-0.02,-0.05,41.018,41.197,40.9195,1390.65,1485.99,1707.3,0.17
2016-10-13 10:30:00,41.0,41.29,41.1,40.76,1221.0,0.1,0.24,40.988,41.263,40.8655,1649.6,1547.17,1747.6,0.22
2016-10-12 15:00:00,40.99,41.37,41.12,40.87,2186.0,0.13,0.32,41.054,41.318,40.804,1767.99,1595.47,1807.22,0.4
2016-10-12 14:00:00,40.8,41.0,40.99,40.72,864.51,0.19,0.47,41.092,41.372,40.7765,1625.41,1623.17,1858.47,0.16
2016-10-12 11:30:00,40.93,41.07,40.8,40.68,1766.73,-0.13,-0.32,41.216,41.41,40.747,1648.91,2002.32,1944.95,0.32
2016-10-12 10:30:00,41.38,41.38,40.93,40.81,2209.78,-0.45,-1.09,41.376,41.341,40.7105,1581.34,1970.64,1978.25,0.4
2016-10-11 15:00:00,41.31,41.44,41.43,41.3,1812.92,0.12,0.29,41.538,41.239,40.704,1444.73,1809.26,1952.07,0.33
2016-10-11 14:00:00,41.61,41.61,41.31,41.15,1473.1,-0.3,-0.72,41.582,41.1,40.6825,1422.95,1729.97,2001.96,0.27
2016-10-11 11:30:00,41.6,41.64,41.61,41.4,982.0,0.01,0.02,41.652,40.977,40.661,1620.93,1678.56,1955.87,0.18
2016-10-11 10:30:00,41.5,41.8,41.6,41.33,1428.9,0.1,0.24,41.604,40.817,40.6205,2355.73,1951.0,1962.31,0.26
2016-10-10 15:00:00,41.65,41.78,41.74,41.5,1526.75,0.09,0.22,41.306,40.642,40.5835,2359.93,1928.61,1951.57,0.28
2016-10-10 14:00:00,41.69,41.98,41.65,41.61,1704.0,-0.04,-0.1,40.94,40.468,40.5455,2173.78,1948.03,2030.87,0.31
2016-10-10 11:30:00,41.37,41.67,41.66,41.31,2463.0,0.29,0.7,40.618,40.29,40.54,2036.98,2018.98,2042.47,0.45
2016-10-10 10:30:00,40.47,41.6,41.37,40.47,4656.0,0.9,2.22,40.302,40.181,40.5095,1736.18,2093.78,1966.59,0.84
2016-09-30 15:00:00,39.91,40.11,40.11,39.9,1449.92,0.2,0.5,40.03,40.084,40.491,1546.27,1887.58,1840.72,0.26
2016-09-30 14:00:00,40.04,40.13,39.91,39.88,596.0,-0.13,-0.32,39.978,40.08,40.5505,1497.28,1985.85,1884.4,0.11
2016-09-30 11:30:00,40.08,40.12,40.04,39.88,1020.0,-0.04,-0.1,39.996,40.169,40.6445,1722.28,2094.89,1888.5,0.19
2016-09-30 10:30:00,40.1,40.11,40.08,39.72,959.0,-0.02,-0.05,39.962,40.265,40.7315,2000.97,2273.95,1967.83,0.17
2016-09-29 15:00:00,39.85,40.11,40.01,39.8,3706.41,0.16,0.4,40.06,40.345,40.8055,2451.37,2233.18,2105.83,0.67
2016-09-29 14:00:00,40.0,40.1,39.85,39.85,1205.0,-0.15,-0.38,40.138,40.424,40.915,2228.9,1973.62,2036.46,0.22
2016-09-29 11:30:00,39.87,40.29,40.0,39.87,1721.0,0.13,0.33,40.182,40.525,41.0485,2474.43,1974.52,2023.61,0.31
2016-09-29 10:30:00,40.16,40.63,39.87,39.74,2413.42,-0.29,-0.72,40.342,40.623,41.1805,2467.49,2113.72,2030.07,0.44
2016-09-28 15:00:00,40.4,40.78,40.57,40.17,3211.0,0.17,0.42,40.568,40.79,41.3145,2546.93,2065.97,1976.6,0.58
2016-09-28 14:00:00,40.07,40.49,40.4,39.99,2594.1,0.33,0.82,40.63,40.838,41.414,2014.99,1839.41,2010.68,0.47
2016-09-28 11:30:00,40.8,40.93,40.07,40.0,2432.61,-0.73,-1.79,40.71,40.898,41.504,1718.34,1793.86,2003.79,0.44
2016-09-28 10:30:00,40.98,40.99,40.8,40.58,1686.32,-0.18,-0.44,40.868,41.021,41.6085,1474.62,1782.94,2044.62,0.31
2016-09-27 15:00:00,40.88,41.1,41.0,40.51,2810.64,0.12,0.29,40.904,41.12,41.66,1759.94,1682.11,2247.25,0.51
2016-09-27 14:00:00,40.8,41.0,40.88,40.79,551.26,0.08,0.2,41.012,41.198,41.74,1585.01,1661.7,2299.62,0.1
2016-09-27 11:30:00,40.86,41.1,40.8,40.8,1110.89,-0.06,-0.15,41.046,41.266,41.826,1663.84,1978.48,2344.7,0.2
2016-09-27 10:30:00,40.8,41.25,40.86,40.68,1214.0,0.06,0.15,41.086,41.406,41.915,1869.38,2099.29,2416.11,0.22
2016-09-26 15:00:00,41.54,41.54,40.98,40.92,3112.92,-0.56,-1.35,41.174,41.572,42.002,2091.27,2072.69,2615.35,0.56
2016-09-26 14:00:00,41.05,41.65,41.54,41.03,1935.96,0.49,1.19,41.336,41.738,42.053,1604.28,1946.42,2666.65,0.35
2016-09-26 11:30:00,40.98,41.31,41.05,40.98,945.42,0.07,0.17,41.384,41.839,42.074,1738.4,1887.23,2775.36,0.17
2016-09-26 10:30:00,41.5,41.5,41.0,40.88,2138.58,-0.5,-1.2,41.486,41.99,42.124,2293.12,2181.96,2915.14,0.39
2016-09-23 15:00:00,41.8,41.8,41.3,41.22,2323.45,-0.5,-1.2,41.726,42.11,42.19,2329.2,2213.72,3010.5,0.42
2016-09-23 14:00:00,41.76,41.81,41.79,41.51,678.0,0.03,0.07,41.97,42.196,42.24,2054.11,2306.29,3007.84,0.12
2016-09-23 11:30:00,41.53,41.82,41.78,41.2,2606.56,0.25,0.6,42.14,42.2,42.2705,2288.57,2812.39,3064.69,0.47
2016-09-23 10:30:00,42.17,42.39,41.56,41.56,3719.0,-0.61,-1.45,42.294,42.282,42.3175,2036.06,2937.54,2976.96,0.67
2016-09-22 15:00:00,42.53,42.53,42.2,42.17,2319.0,-0.33,-0.78,42.494,42.386,42.383,2070.8,2710.93,2911.11,0.42
2016-09-22 14:00:00,42.64,42.7,42.52,42.52,948.0,-0.12,-0.28,42.494,42.424,42.4265,2098.23,2732.94,2856.41,0.17
2016-09-22 11:30:00,42.55,42.76,42.64,42.55,1850.28,0.09,0.21,42.422,42.432,42.468,2558.48,3158.02,2836.58,0.34
2016-09-22 10:30:00,42.68,42.79,42.55,42.41,1344.0,-0.13,-0.3,42.26,42.368,42.486,3336.22,3386.88,2796.92,0.24
2016-09-21 15:00:00,42.2,42.88,42.56,42.2,3892.7,0.36,0.85,42.27,42.309,42.522,3839.02,3663.48,2793.72,0.71
2016-09-21 14:00:00,42.16,42.51,42.2,42.02,2456.18,0.04,0.09,42.278,42.258,42.545,3351.06,3648.31,2732.98,0.45
2016-09-21 11:30:00,41.75,42.17,42.16,41.71,3249.22,0.41,0.98,42.354,42.27,42.599,3367.64,3807.28,2742.87,0.59
2016-09-21 10:30:00,42.69,42.93,41.83,41.71,5739.0,-0.86,-2.01,42.442,42.284,42.653,3757.56,3709.38,2700.06,1.04
2016-09-20 15:00:00,42.6,42.68,42.6,42.42,3858.0,0.0,0.0,42.476,42.341,42.7275,3437.55,3316.98,2611.94,0.7
2016-09-20 14:00:00,42.58,42.65,42.6,42.42,1452.89,0.02,0.05,42.348,42.353,42.7975,3487.95,3016.38,2669.73,0.26
2016-09-20 11:30:00,42.6,42.62,42.58,42.38,2539.11,-0.02,-0.05,42.238,42.38,42.867,3945.57,3111.29,2836.77,0.46
2016-09-20 10:30:00,41.89,42.65,42.6,41.77,5198.82,0.71,1.69,42.186,42.429,42.9355,4246.91,2979.88,2953.26,0.94
2016-09-19 15:00:00,41.96,42.1,42.0,41.71,4138.92,0.04,0.1,42.126,42.504,43.0235,3661.19,2515.14,2818.02,0.75
2016-09-19 14:00:00,42.11,42.11,41.96,41.93,4110.0,-0.15,-0.36,42.206,42.604,43.1515,3196.41,2206.95,2824.92,0.75
2016-09-19 11:30:00,42.32,42.34,42.05,41.99,3741.0,-0.27,-0.64,42.358,42.735,43.291,2544.81,1923.95,2697.97,0.68
2016-09-19 10:30:00,42.36,42.51,42.32,42.03,4045.82,-0.04,-0.09,42.522,42.832,43.4215,2277.01,1817.65,2627.07,0.73
2016-09-14 15:00:00,42.4,42.71,42.3,42.0,2270.22,-0.1,-0.24,42.672,42.928,43.555,1712.84,1678.47,2567.13,0.41
2016-09-14 14:00:00,42.72,42.75,42.4,42.05,1815.0,-0.32,-0.75,42.882,43.022,43.6915,1369.09,1690.74,2626.27,0.33
2016-09-14 11:30:00,42.87,42.88,42.72,42.7,852.0,-0.15,-0.35,43.002,43.114,43.8415,1217.49,1906.9,2663.92,0.15
2016-09-14 10:30:00,43.04,43.04,42.87,42.6,2402.0,-0.17,-0.39,43.112,43.242,43.9895,1303.09,2323.07,2776.72,0.44
2016-09-13 15:00:00,43.35,43.39,43.07,43.01,1225.0,-0.28,-0.65,43.142,43.354,44.1585,1358.29,2562.25,3022.26,0.22
2016-09-13 14:00:00,43.0,43.35,43.35,43.0,551.44,0.35,0.81,43.184,43.442,44.2945,1644.09,2926.65,3464.21,0.1
2016-09-13 11:30:00,43.27,43.32,43.0,42.91,1057.0,-0.27,-0.62,43.162,43.543,44.362,2012.4,3120.91,3587.3,0.19
2016-09-13 10:30:00,43.6,43.6,43.27,43.1,1280.0,-0.33,-0.76,43.226,43.699,44.4195,2596.31,3442.9,3727.84,0.23
2016-09-12 15:00:00,43.3,43.37,43.02,42.88,2678.0,-0.28,-0.65,43.372,43.847,44.464,3343.06,3472.0,4076.68,0.49
2016-09-12 14:00:00,43.25,43.45,43.28,43.2,2654.0,0.03,0.07,43.566,44.011,44.5865,3766.21,3436.5,4131.99,0.48
2016-09-12 11:30:00,43.32,43.58,43.24,42.95,2393.0,-0.08,-0.18,43.7,44.182,44.6915,4209.22,3455.8,4152.99,0.43
2016-09-12 10:30:00,43.0,43.49,43.32,42.5,3976.57,0.32,0.74,43.924,44.361,44.7935,4229.42,3561.8,4182.45,0.72
2016-09-09 15:00:00,43.99,44.5,44.0,43.71,5013.72,0.01,0.02,44.172,44.569,44.91,4289.48,3420.94,4217.04,0.91
2016-09-09 14:00:00,43.95,44.24,43.99,43.92,4793.77,0.04,0.09,44.322,44.737,44.935,3600.94,3230.37,4180.36,0.87
2016-09-09 11:30:00,44.36,44.5,43.95,43.92,4869.02,-0.41,-0.92,44.456,44.963,44.9155,3106.78,3482.26,4008.97,0.88
2016-09-09 10:30:00,44.18,44.9,44.36,44.18,2494.0,0.18,0.41,44.664,45.147,44.9175,2702.38,4001.77,3994.07,0.45
2016-09-08 15:00:00,44.75,44.79,44.56,44.29,4276.9,-0.19,-0.42,44.798,45.181,44.907,2894.18,4053.68,3947.19,0.78
2016-09-08 14:00:00,44.66,44.89,44.75,44.6,1571.0,0.09,0.2,44.966,45.14,44.864,2552.4,4012.79,3809.6,0.28
2016-09-08 11:30:00,44.99,44.99,44.66,44.6,2323.0,-0.33,-0.73,45.152,45.081,44.8215,2859.8,4681.37,3800.49,0.42
2016-09-08 10:30:00,45.02,45.35,44.99,44.74,2847.0,-0.03,-0.07,45.47,45.162,44.786,3857.74,4827.48,3763.74,0.52
2016-09-07 15:00:00,45.4,45.55,45.03,45.03,3453.0,-0.37,-0.81,45.63,45.201,44.7265,5301.16,4850.18,3686.19,0.63
2016-09-07 14:00:00,45.68,45.99,45.4,45.31,2568.0,-0.28,-0.61,45.564,45.226,44.6745,5213.18,4803.11,3544.19,0.47
2016-09-07 11:30:00,46.29,46.29,45.68,45.51,3108.0,-0.61,-1.32,45.314,45.251,44.5905,5473.18,5013.14,3543.89,0.56
2016-09-07 10:30:00,45.99,46.25,46.25,45.06,7312.68,0.26,0.57,45.01,45.133,44.5195,6502.94,5130.35,3584.0,1.33
2016-09-06 15:00:00,44.7,45.98,45.79,44.55,10064.1,1.09,2.44,44.854,44.868,44.4045,5797.23,4535.68,3317.76,1.83
2016-09-06 14:00:00,44.15,44.88,44.7,44.12,3013.14,0.55,1.25,44.772,44.688,44.2975,4399.2,3986.37,2877.91,0.55
2016-09-06 11:30:00,44.16,44.47,44.15,43.98,3868.0,-0.01,-0.02,44.888,44.633,44.248,4393.03,3840.7,2835.46,0.7
2016-09-06 10:30:00,45.0,45.4,44.16,43.68,8256.8,-0.84,-1.87,45.188,44.588,44.2325,4553.09,3606.41,2794.05,1.5
2016-09-05 15:00:00,45.38,45.49,45.47,45.23,3784.07,0.09,0.2,45.256,44.562,44.23,3757.75,2919.6,2463.3,0.69
2016-09-05 14:00:00,45.28,45.77,45.38,45.2,3074.0,0.1,0.22,44.882,44.41,44.1725,3274.13,2699.99,2429.25,0.56
2016-09-05 11:30:00,45.65,45.7,45.28,45.2,2982.28,-0.37,-0.81,44.604,44.252,44.136,3573.54,2522.19,2435.36,0.54
2016-09-05 10:30:00,44.2,45.78,45.65,44.06,4668.29,1.45,3.28,44.378,44.123,44.089,3288.36,2285.27,2468.14,0.85
2016-09-02 15:00:00,43.6,44.5,44.5,43.4,4280.1,0.9,2.06,43.988,43.93,44.0555,2659.74,2074.64,2377.13,0.78
2016-09-02 14:00:00,44.04,44.3,43.6,43.6,1366.0,-0.44,-1.0,43.868,43.906,44.086,2081.46,2037.65,2328.4,0.25
2016-09-01 15:00:00,44.02,44.52,43.99,43.94,4571.02,-0.03,-0.07,43.938,43.941,44.1605,2125.85,2099.85,2692.54,0.83
2016-09-01 14:00:00,43.66,44.17,44.15,43.62,1556.41,0.49,1.12,43.9,43.907,44.149,1470.85,1769.44,2616.39,0.28
2016-09-01 11:30:00,43.9,43.9,43.7,43.5,1525.16,-0.2,-0.46,43.868,43.863,44.133,1282.17,1830.22,2606.5,0.28
2016-09-01 10:30:00,44.4,44.4,43.9,43.5,1388.7,-0.5,-1.13,43.872,43.877,44.135,1489.54,1981.68,2871.06,0.25
2016-08-31 15:00:00,43.79,44.04,43.95,43.6,1587.98,0.16,0.37,43.944,43.898,44.11,1993.84,2007.0,3185.95,0.29
2016-08-31 14:00:00,43.99,44.18,43.8,43.75,1296.0,-0.19,-0.43,43.944,43.935,44.093,2073.84,2158.5,3362.3,0.24
2016-08-31 11:30:00,43.72,44.02,43.99,43.71,613.0,0.27,0.62,43.914,44.02,44.1085,2068.04,2348.52,3376.14,0.11
2016-08-31 10:30:00,44.26,44.29,43.72,43.51,2562.0,-0.54,-1.22,43.858,44.055,44.106,2378.28,2651.02,3442.76,0.46
2016-08-30 15:00:00,43.95,44.28,44.26,43.78,3910.2,0.31,0.71,43.882,44.181,44.1145,2473.83,2679.62,3503.01,0.71
2016-08-30 14:00:00,43.65,44.29,43.95,43.55,1988.0,0.3,0.69,43.852,44.266,44.1035,2020.17,2619.16,3584.08,0.36
2016-08-30 11:30:00,43.71,43.78,43.65,43.42,1267.0,-0.06,-0.14,43.926,44.38,44.088,2243.17,3285.23,3830.18,0.23
2016-08-30 10:30:00,44.16,44.16,43.71,43.4,2164.19,-0.45,-1.02,44.126,44.391,44.07,2628.99,3463.34,4050.68,0.39
2016-08-29 15:00:00,44.11,44.35,43.84,43.71,3039.75,-0.27,-0.61,44.252,44.403,44.062,2923.76,3382.77,4357.85,0.55
2016-08-29 14:00:00,44.28,44.3,44.11,44.1,1641.89,-0.17,-0.38,44.48,44.393,44.074,2885.41,3760.43,4528.41,0.3
2016-08-29 11:30:00,44.64,44.65,44.32,44.2,3103.0,-0.32,-0.72,44.68,44.322,44.164,3218.15,4364.89,4615.72,0.56
2016-08-29 10:30:00,44.69,44.79,44.65,44.06,3196.14,-0.04,-0.09,44.834,44.251,44.209,4327.3,4566.09,4710.38,0.58
2016-08-26 15:00:00,44.98,45.12,44.34,44.01,3638.0,-0.64,-1.42,44.656,44.197,44.2765,4297.68,4403.76,5173.16,0.66
2016-08-26 14:00:00,45.1,45.32,44.98,44.65,2848.0,-0.12,-0.27,44.554,44.157,44.3115,3841.78,4234.49,5497.82,0.52
2016-08-26 11:30:00,45.08,45.15,45.11,44.5,3305.62,0.03,0.07,44.306,44.048,44.2845,4635.46,4326.39,5522.23,0.6
2016-08-26 10:30:00,44.1,45.88,45.09,44.1,8648.74,0.99,2.24,43.964,43.941,44.2495,5511.63,4549.0,5658.72,1.57
2016-08-25 15:00:00,43.83,44.0,43.76,43.5,3048.05,-0.07,-0.16,43.668,43.796,44.2225,4804.88,4375.13,5577.53,0.55
2016-08-25 14:00:00,43.75,44.06,43.83,43.74,1358.48,0.08,0.18,43.738,43.749,44.3195,4509.83,4638.03,5986.49,0.25
2016-08-25 11:30:00,43.4,44.4,43.74,43.4,6816.42,0.34,0.78,43.76,43.721,44.38,4627.21,5332.92,6323.02,1.24
2016-08-25 10:30:00,42.94,43.6,43.4,42.51,7686.46,0.46,1.07,43.79,43.755,44.442,4017.33,5296.38,6311.75,1.39
2016-08-24 15:00:00,44.11,44.19,43.61,43.56,5115.0,-0.5,-1.13,43.918,44.006,44.5145,3586.37,4866.56,6642.12,0.93
2016-08-24 14:00:00,43.94,44.4,44.11,43.94,1572.81,0.17,0.39,43.924,44.167,44.623,3945.38,4854.68,7549.12,0.29
2016-08-24 11:30:00,43.89,44.08,43.94,43.69,1945.35,0.05,0.11,43.76,44.356,44.6155,4766.22,5942.57,7842.0,0.35
2016-08-24 10:30:00,44.4,44.55,43.89,43.65,3767.01,-0.51,-1.15,43.682,44.466,44.5885,6038.64,6761.15,8231.21,0.68
2016-08-23 15:00:00,43.88,44.69,44.04,43.64,5531.7,0.16,0.36,43.72,44.521,44.54,6575.44,6718.06,8835.69,1.0
2016-08-23 14:00:00,43.29,43.99,43.64,43.16,6910.01,0.35,0.81,44.094,44.558,44.419,6146.74,6768.43,8724.91,1.25
2016-08-23 11:30:00,43.55,43.7,43.29,43.1,5677.05,-0.26,-0.6,44.41,44.649,44.334,5763.98,6779.93,8577.03,1.03
2016-08-23 10:30:00,44.0,44.8,43.55,43.31,8307.43,-0.45,-1.02,44.952,44.89,44.245,7118.91,7334.95,8403.53,1.51
2016-08-22 15:00:00,45.91,45.91,44.08,44.05,6451.0,-1.83,-3.99,45.25,45.039,44.155,7483.66,7313.12,8188.98,1.17
2016-08-22 14:00:00,45.22,46.09,45.91,45.2,3388.19,0.69,1.53,45.322,45.129,44.0365,6860.69,7327.12,8066.98,0.61
2016-08-22 11:30:00,45.98,46.23,45.22,45.07,4996.23,-0.76,-1.65,45.022,45.023,43.8145,7390.12,8417.68,8176.48,0.91
2016-08-22 10:30:00,44.97,47.2,46.0,44.63,12451.7,1.03,2.29,44.888,45.079,43.6395,7795.88,10243.6,8050.17,2.26
2016-08-19 15:00:00,44.44,45.6,45.04,44.4,10131.2,0.6,1.35,44.828,44.875,43.413,7550.99,9741.43,7669.78,1.84
2016-08-19 14:00:00,44.41,44.74,44.44,44.34,3336.13,0.03,0.07,44.828,44.711,43.2025,7142.57,9701.27,7349.88,0.61
2016-08-19 11:30:00,44.53,44.79,44.41,44.25,6035.36,-0.12,-0.27,44.936,44.559,43.0295,7793.55,10953.3,7342.42,1.09
2016-08-19 10:30:00,45.45,45.47,44.55,44.36,7025.0,-0.9,-1.98,45.024,44.28,42.8395,9445.23,10681.4,7184.8,1.27
2016-08-18 15:00:00,45.04,45.99,45.7,44.56,11227.3,0.66,1.47,45.27,44.019,42.6235,12691.2,10374.1,6916.91,2.04
2016-08-18 14:00:00,44.98,45.04,45.04,44.5,8089.07,0.06,0.13,44.922,43.6,42.341,11931.9,9472.1,6595.3,1.47
2016-08-18 11:30:00,44.85,44.99,44.98,44.58,6591.0,0.13,0.29,44.594,43.271,42.131,12260.0,9064.84,6234.8,1.2
2016-08-18 10:30:00,45.03,45.27,44.85,44.43,14293.8,-0.18,-0.4,44.182,42.944,41.927,14113.1,8806.84,5960.64,2.59
2016-08-17 15:00:00,43.94,45.82,45.78,43.44,23255.0,1.84,4.19,43.536,42.606,41.707,11917.5,7935.27,5470.45,4.22
2016-08-17 14:00:00,43.43,43.98,43.96,43.43,7430.44,0.53,1.22,42.768,42.2,41.478,8057.03,5856.78,4637.53,1.35
2016-08-17 11:30:00,42.91,43.8,43.4,42.9,9729.58,0.49,1.14,42.278,41.951,41.325,7012.34,5598.14,4399.75,1.77
2016-08-17 10:30:00,41.66,43.3,42.92,41.66,15856.7,1.26,3.02,41.948,41.694,41.2115,5869.72,4998.48,4032.48,2.88
2016-08-16 15:00:00,41.93,41.94,41.62,41.6,3316.0,-0.31,-0.74,41.706,41.5,41.1405,3500.57,3731.51,3400.64,0.6
2016-08-16 14:00:00,41.51,41.96,41.94,41.4,3952.43,0.43,1.04,41.676,41.399,41.1385,3953.01,3688.21,3443.2,0.72
2016-08-16 11:30:00,41.75,41.75,41.51,41.5,2207.0,-0.24,-0.57,41.632,41.228,41.1255,3656.54,3459.7,3451.13,0.4
2016-08-16 10:30:00,41.71,41.99,41.75,41.5,4016.43,0.04,0.1,41.624,41.082,41.125,4183.94,3718.5,3494.63,0.73
2016-08-15 15:00:00,41.48,41.99,41.71,41.48,4011.0,0.23,0.55,41.44,40.991,41.088,4127.25,3404.75,3513.56,0.73
2016-08-15 14:00:00,41.72,42.0,41.47,41.44,5578.17,-0.25,-0.6,41.294,40.91,41.0775,3962.45,3114.45,3653.48,1.01
2016-08-15 11:30:00,41.47,41.73,41.72,41.45,2470.1,0.25,0.6,41.122,40.808,41.0595,3423.42,3005.64,3492.0,0.45
2016-08-15 10:30:00,40.96,41.8,41.47,40.96,4844.0,0.51,1.25,40.824,40.756,41.033,3262.85,3418.27,3472.99,0.88
2016-08-12 15:00:00,40.98,41.15,40.83,40.82,3733.0,-0.15,-0.37,40.54,40.699,40.9975,3253.05,3201.37,3478.0,0.68
2016-08-12 14:00:00,40.66,41.2,40.98,40.66,3187.0,0.32,0.79,40.542,40.729,41.016,2682.25,3066.47,3485.78,0.58
2016-08-12 11:30:00,40.23,40.96,40.61,40.23,2883.0,0.38,0.94,40.526,40.781,41.043,2266.45,3069.77,3420.62,0.52
2016-08-12 10:30:00,40.0,40.55,40.23,40.0,1667.26,0.23,0.58,40.494,40.878,41.0825,2587.85,3198.19,3450.47,0.3
2016-08-11 15:00:00,40.84,40.85,40.05,40.0,4795.0,-0.79,-1.93,40.688,41.023,41.1805,3573.68,3442.56,3683.08,0.87
2016-08-11 14:00:00,40.9,40.9,40.84,40.6,879.01,-0.06,-0.15,40.858,41.168,41.276,3149.68,3270.76,3648.9,0.16
2016-08-11 11:30:00,40.47,40.9,40.9,40.45,1108.0,0.43,1.06,40.916,41.185,41.329,3450.68,3622.36,3734.6,0.2
2016-08-11 10:30:00,41.51,41.51,40.45,40.37,4490.0,-1.06,-2.55,41.036,41.245,41.3835,3873.08,4192.51,4088.14,0.81
2016-08-10 15:00:00,40.8,41.3,41.2,40.6,6596.39,0.4,0.98,41.262,41.311,41.5065,3808.52,3978.35,4567.39,1.2
2016-08-10 14:00:00,41.1,41.4,40.9,40.67,2675.0,-0.2,-0.49,41.358,41.31,41.5425,3311.44,3527.71,4933.14,0.49
2016-08-10 11:30:00,41.5,41.5,41.13,41.01,2384.0,-0.37,-0.89,41.478,41.296,41.5675,3391.84,3754.64,5178.16,0.43
2016-08-10 10:30:00,41.85,41.85,41.5,41.13,3220.0,-0.35,-0.84,41.454,41.303,41.5615,3794.04,3905.09,5450.8,0.58
2016-08-09 15:00:00,41.68,41.79,41.58,41.51,4167.2,-0.1,-0.24,41.454,41.305,41.507,4511.94,3771.48,5696.36,0.76
2016-08-09 14:00:00,41.5,41.94,41.68,41.31,4111.0,0.18,0.43,41.36,41.287,41.4055,4148.19,3702.76,5614.75,0.75
2016-08-09 11:30:00,41.01,41.59,41.5,40.88,3077.0,0.49,1.19,41.262,41.338,41.3055,3743.99,3923.6,5578.38,0.56
2016-08-09 10:30:00,41.3,42.31,41.01,41.0,4395.0,-0.29,-0.7,41.114,41.384,41.2045,4117.44,4027.05,5618.58,0.8
2016-08-08 15:00:00,41.18,41.54,41.5,41.18,6809.48,0.32,0.78,41.152,41.473,41.0895,4016.15,3846.85,5609.08,1.24
2016-08-08 14:00:00,41.19,41.37,41.11,40.57,2348.46,-0.08,-0.19,41.156,41.522,40.8985,3031.03,3983.76,5393.91,0.43
2016-08-08 11:30:00,40.78,41.5,41.19,40.76,2090.0,0.41,1.01,41.214,41.702,40.709,3257.34,5156.42,5412.3,0.38
2016-08-08 10:30:00,41.21,41.21,40.76,39.51,4944.26,-0.45,-1.09,41.414,41.775,40.5345,4103.22,6338.57,5601.93,0.9
2016-08-05 15:00:00,41.52,41.59,41.2,41.2,3888.54,-0.32,-0.77,41.654,41.839,40.4335,3936.65,6601.68,5456.39,0.71
2016-08-05 14:00:00,41.4,41.9,41.52,41.3,1883.88,0.12,0.29,41.794,41.82,40.3245,3677.55,6996.52,5354.56,0.34
2016-08-05 11:30:00,42.19,42.21,41.4,41.25,3480.0,-0.79,-1.87,41.888,41.709,40.1835,4936.5,7621.23,5343.75,0.63
2016-08-05 10:30:00,41.74,42.9,42.19,41.7,6319.43,0.45,1.08,42.19,41.524,40.053,7055.5,7526.74,5367.15,1.15
2016-08-04 15:00:00,41.9,42.21,41.96,41.89,4111.42,0.06,0.14,42.136,41.273,39.8655,8573.91,7233.16,5253.11,0.75
2016-08-04 14:00:00,41.99,42.34,41.9,41.88,2593.0,-0.09,-0.21,42.024,41.025,39.7055,9266.71,7210.12,5147.01,0.47
2016-08-04 11:30:00,42.91,42.93,41.99,41.72,8178.65,-0.92,-2.14,41.846,40.706,39.5455,10315.5,7371.32,5198.21,1.48
2016-08-04 10:30:00,41.7,42.93,42.91,41.4,14075.0,1.21,2.9,41.53,40.275,39.4,10306.0,6804.06,5071.5,2.55
2016-08-03 15:00:00,41.4,42.99,41.92,41.17,13911.5,0.52,1.26,40.858,39.716,39.183,7997.98,5668.18,4709.34,2.52
2016-08-03 14:00:00,41.01,41.83,41.4,41.01,7575.42,0.39,0.95,40.41,39.294,39.038,5892.41,4865.29,4442.78,1.37
2016-08-03 11:30:00,40.41,41.28,41.01,40.41,7836.85,0.6,1.48,40.026,39.028,38.968,5153.53,4311.09,4388.18,1.42
2016-08-03 10:30:00,39.52,40.56,40.41,39.52,8131.06,0.89,2.25,39.566,38.829,38.964,4427.16,3712.6,4185.8,1.48
2016-08-02 15:00:00,39.67,39.71,39.55,39.4,2535.11,-0.12,-0.3,39.02,38.658,39.0075,3302.14,3066.27,4049.64,0.46
2016-08-02 14:00:00,39.48,39.89,39.68,39.4,3383.62,0.2,0.51,38.574,38.582,39.1005,3338.39,3207.56,4078.15,0.61
2016-08-02 11:30:00,38.86,39.5,39.48,38.86,3881.0,0.62,1.6,38.178,38.458,39.203,3838.16,3273.05,4273.2,0.7
2016-08-01 15:00:00,37.7,38.94,38.71,37.7,4204.99,1.01,2.68,38.03,38.386,39.259,3468.65,3083.9,4804.77,0.76
2016-08-01 14:00:00,37.32,37.68,37.68,37.19,2506.0,0.36,0.96,38.092,38.385,39.4035,2998.05,3025.1,4832.05,0.45
2016-08-01 11:30:00,37.7,37.8,37.32,37.0,2716.33,-0.38,-1.01,38.296,38.525,39.5955,2830.4,3338.95,4809.1,0.49
2016-08-01 10:30:00,38.52,38.9,37.7,36.9,5882.5,-0.82,-2.13,38.59,38.65,39.8205,3076.73,3750.5,4811.85,1.07
2016-07-29 15:00:00,39.02,39.02,38.74,38.55,2033.42,-0.28,-0.72,38.738,38.782,40.029,2707.93,4020.28,4735.78,0.37
2016-07-29 14:00:00,38.7,39.03,39.02,38.65,1852.0,0.32,0.83,38.742,38.908,40.1815,2699.15,4465.27,5178.22,0.34
2016-07-29 11:30:00,38.79,38.79,38.7,38.51,1667.75,-0.09,-0.23,38.678,39.099,40.3205,3052.15,4658.99,5303.75,0.3
2016-07-29 10:30:00,38.46,39.15,38.79,38.46,3948.0,0.33,0.86,38.754,39.357,40.4655,3847.5,5033.01,5601.88,0.72
2016-07-28 15:00:00,38.76,38.99,38.44,38.43,4038.5,-0.32,-0.83,38.71,39.619,40.637,4424.28,4948.74,6008.61,0.73
2016-07-28 14:00:00,38.68,39.19,38.76,38.53,1989.5,0.08,0.21,38.826,39.948,40.8675,5332.63,5273.35,6662.96,0.36
2016-07-28 11:30:00,39.08,39.13,38.7,38.3,3617.0,-0.38,-0.97,39.074,40.132,41.077,6231.39,6525.65,7302.6,0.66
2016-07-28 10:30:00,38.71,39.39,39.08,38.6,5644.52,0.37,0.96,39.52,40.422,41.2535,6265.83,6639.0,7462.45,1.02
2016-07-27 15:00:00,39.02,39.4,38.57,38.45,6831.86,-0.45,-1.15,39.96,40.666,41.4135,6218.52,6279.24,7647.89,1.24
2016-07-27 14:00:00,39.98,39.98,39.02,38.38,8580.26,-0.96,-2.4,40.528,40.991,41.569,5473.21,5873.2,7530.22,1.56
2016-07-27 11:30:00,40.93,40.96,40.0,40.0,6483.32,-0.93,-2.27,41.07,41.276,41.7035,5214.07,5451.28,7224.63,1.18
2016-07-27 10:30:00,41.33,41.33,40.93,40.84,3789.18,-0.4,-0.97,41.19,41.455,41.7935,6819.91,5891.17,7154.09,0.69
2016-07-26 15:00:00,41.41,41.5,41.28,41.15,5407.99,-0.13,-0.31,41.324,41.542,41.8445,7012.17,5948.52,7472.17,0.98
2016-07-26 14:00:00,41.68,41.68,41.41,40.93,3105.31,-0.27,-0.65,41.372,41.574,41.8575,6339.97,6170.75,7469.11,0.56
2016-07-26 11:30:00,40.64,41.79,41.73,40.64,7284.55,1.09,2.68,41.454,41.655,41.861,6273.19,7068.47,7536.62,1.32
2016-07-26 10:30:00,40.98,40.98,40.6,39.97,14512.5,-0.38,-0.93,41.482,41.787,41.8575,5688.48,8052.56,7339.79,2.63
2016-07-25 15:00:00,41.51,41.94,41.6,41.5,4750.48,0.09,0.22,41.72,42.022,41.912,4962.44,8079.56,7045.71,0.86
2016-07-25 14:00:00,41.8,41.8,41.52,41.43,2047.0,-0.28,-0.67,41.76,42.085,41.9295,4884.87,8285.91,7496.28,0.37
2016-07-25 11:30:00,41.87,42.1,41.82,41.61,2771.42,-0.05,-0.12,41.776,42.161,41.9435,6001.54,9016.54,7673.14,0.5
2016-07-25 10:30:00,41.9,41.94,41.87,41.25,4361.0,-0.03,-0.07,41.856,42.147,41.9235,7863.75,9187.24,7805.94,0.79
2016-07-22 15:00:00,41.8,41.98,41.79,41.06,10882.3,-0.01,-0.02,42.092,42.131,41.881,10416.6,8997.97,7842.04,1.97
2016-07-22 14:00:00,41.6,41.98,41.8,41.42,4362.63,0.2,0.48,42.324,42.132,41.829,11196.7,8417.01,7527.93,0.79
2016-07-22 11:30:00,42.21,42.22,41.6,41.6,7630.33,-0.61,-1.45,42.41,42.147,41.793,11686.9,8995.81,7439.84,1.38
2016-07-22 10:30:00,43.04,43.04,42.22,41.5,12082.5,-0.82,-1.91,42.546,42.141,41.7575,12031.5,8767.46,7442.22,2.19
2016-07-21 15:00:00,42.95,43.8,43.05,42.74,17125.5,0.1,0.23,42.438,42.067,41.7025,10510.7,8004.78,7396.09,3.11
2016-07-21 14:00:00,42.23,43.43,42.95,42.23,14782.4,0.72,1.7,42.17,41.928,41.64,7579.3,6627.02,7023.54,2.68
2016-07-21 11:30:00,42.28,42.33,42.23,42.18,6814.0,-0.05,-0.12,41.94,41.802,41.601,5637.34,6011.86,6446.1,1.24
2016-07-21 10:30:00,41.99,42.3,42.28,41.56,9353.29,0.29,0.69,41.884,41.774,41.6125,6304.68,6706.64,6720.06,1.7
2016-07-20 15:00:00,41.72,41.91,41.68,41.53,4478.46,-0.04,-0.1,41.736,41.726,41.628,5503.38,6329.74,7599.64,0.81
2016-07-20 14:00:00,41.83,41.91,41.71,41.7,2468.35,-0.12,-0.29,41.696,41.7,41.684,5498.82,6424.64,9118.71,0.45
2016-07-20 11:30:00,41.95,41.95,41.8,41.63,5072.6,-0.15,-0.36,41.686,41.631,41.59,5674.75,6686.1,9164.07,0.92
2016-07-20 10:30:00,41.54,42.05,41.95,41.3,10150.7,0.41,0.99,41.664,41.526,41.49,6386.38,6638.86,9098.35,1.84
2016-07-19 15:00:00,41.48,41.6,41.54,41.28,5346.8,0.06,0.14,41.664,41.439,41.379,7108.61,5883.87,8839.2,0.97
2016-07-19 14:00:00,41.68,41.81,41.48,41.35,4455.64,-0.2,-0.48,41.716,41.374,41.281,7156.11,6116.97,8790.12,0.81
2016-07-19 11:30:00,41.69,42.1,41.66,41.64,3348.0,-0.03,-0.07,41.704,41.338,41.1895,7350.47,6787.41,8720.18,0.61
2016-07-19 10:30:00,41.69,42.62,41.69,41.5,8630.8,0.0,0.0,41.576,41.352,41.0565,7697.45,7420.06,8873.06,1.57
2016-07-18 15:00:00,41.79,42.38,41.95,41.56,13761.8,0.16,0.38,41.388,41.4,40.9575,6891.35,6880.33,8662.79,2.5
2016-07-18 14:00:00,41.42,41.98,41.8,41.29,5584.3,0.38,0.92,41.214,41.451,40.835,4659.13,6733.47,8355.75,1.01
2016-07-18 11:30:00,41.0,41.71,41.42,40.95,5427.43,0.42,1.02,41.032,41.53,40.7565,5077.83,8869.54,8264.42,0.98
2016-07-18 10:30:00,41.05,41.29,41.02,40.66,5082.91,-0.03,-0.07,40.972,41.668,40.6955,6224.36,11812.8,8111.29,0.92
2016-07-15 15:00:00,41.08,41.38,40.75,40.7,4600.25,-0.33,-0.8,41.128,41.549,40.639,7142.67,11642.0,8409.88,0.83
2016-07-15 14:00:00,40.89,41.1,41.08,40.6,2600.75,0.19,0.46,41.412,41.454,40.6165,6869.32,11557.8,8499.98,0.47
2016-07-15 11:30:00,41.12,41.13,40.89,40.51,7677.8,-0.23,-0.56,41.688,41.319,40.5935,8807.81,11794.5,8558.48,1.39
2016-07-15 10:30:00,41.41,41.68,41.12,41.0,11160.1,-0.29,-0.7,42.028,41.188,40.5845,12661.2,11463.3,8342.65,2.02
2016-07-14 15:00:00,42.17,42.2,41.8,41.38,9674.44,-0.37,-0.88,42.364,41.041,40.5685,17401.2,10653.0,8536.59,1.76
