Not
2017-01-06@15:00:00,0.478,0.421,0.057
2017-01-06@14:30:00,0.486,0.407,0.079
2017-01-06@14:00:00,0.490,0.387,0.103
2017-01-06@13:30:00,0.495,0.361,0.133
2017-01-06@11:30:00,0.477,0.328,0.149
2017-01-06@11:00:00,0.416,0.291,0.126
2017-01-06@10:30:00,0.380,0.259,0.121
2017-01-06@10:00:00,0.335,0.229,0.106
2017-01-05@15:00:00,0.259,0.203,0.057
2017-01-05@14:30:00,0.247,0.188,0.059
2017-01-05@14:00:00,0.227,0.174,0.053
2017-01-05@13:30:00,0.221,0.160,0.060
2017-01-05@11:30:00,0.218,0.145,0.073
2017-01-05@11:00:00,0.206,0.127,0.079
2017-01-05@10:30:00,0.196,0.107,0.088
2017-01-05@10:00:00,0.182,0.085,0.097
2017-01-04@15:00:00,0.169,0.061,0.108
2017-01-04@14:30:00,0.122,0.034,0.088
2017-01-04@14:00:00,0.108,0.012,0.096
2017-01-04@13:30:00,0.086,-0.012,0.098
2017-01-04@11:30:00,0.058,-0.036,0.095
2017-01-04@11:00:00,0.017,-0.060,0.077
2017-01-04@10:30:00,-0.037,-0.079,0.042
2017-01-04@10:00:00,-0.081,-0.090,0.009
2017-01-03@15:00:00,-0.134,-0.092,-0.042
2017-01-03@14:30:00,-0.145,-0.081,-0.064
2017-01-03@14:00:00,-0.121,-0.065,-0.055
2017-01-03@13:30:00,-0.104,-0.052,-0.053
2017-01-03@11:30:00,-0.080,-0.038,-0.042
2017-01-03@11:00:00,-0.071,-0.028,-0.043
2017-01-03@10:30:00,-0.068,-0.017,-0.051
2017-01-03@10:00:00,-0.060,-0.004,-0.056
2016-12-30@15:00:00,-0.061,0.010,-0.071
2016-12-30@14:30:00,-0.033,0.027,-0.060
2016-12-30@14:00:00,-0.018,0.042,-0.061
2016-12-30@13:30:00,0.003,0.057,-0.055
2016-12-30@11:30:00,0.017,0.071,-0.054
2016-12-30@11:00:00,0.047,0.085,-0.038
2016-12-30@10:30:00,0.087,0.094,-0.008
2016-12-30@10:00:00,0.079,0.096,-0.017
2016-12-29@15:00:00,0.076,0.100,-0.024
2016-12-29@14:30:00,0.088,0.106,-0.019
2016-12-29@14:00:00,0.092,0.111,-0.019
2016-12-29@13:30:00,0.090,0.116,-0.026
2016-12-29@11:30:00,0.086,0.122,-0.036
2016-12-29@11:00:00,0.069,0.131,-0.062
2016-12-29@10:30:00,0.065,0.147,-0.082
2016-12-29@10:00:00,0.059,0.167,-0.109
2016-12-28@15:00:00,0.073,0.195,-0.121
2016-12-28@14:30:00,0.106,0.225,-0.119
2016-12-28@14:00:00,0.138,0.255,-0.117
2016-12-28@13:30:00,0.205,0.284,-0.078
2016-12-28@11:30:00,0.254,0.303,-0.049
2016-12-28@11:00:00,0.293,0.316,-0.022
2016-12-28@10:30:00,0.300,0.321,-0.021
2016-12-28@10:00:00,0.287,0.327,-0.040
2016-12-27@15:00:00,0.291,0.337,-0.045
2016-12-27@14:30:00,0.344,0.348,-0.004
2016-12-27@14:00:00,0.375,0.349,0.026
2016-12-27@13:30:00,0.389,0.342,0.047
2016-12-27@11:30:00,0.371,0.330,0.040
2016-12-27@11:00:00,0.358,0.320,0.037
2016-12-27@10:30:00,0.343,0.311,0.032
2016-12-27@10:00:00,0.331,0.303,0.028
2016-12-26@15:00:00,0.314,0.296,0.018
2016-12-26@14:30:00,0.300,0.292,0.008
2016-12-26@14:00:00,0.296,0.290,0.006
2016-12-26@13:30:00,0.292,0.288,0.003
2016-12-26@11:30:00,0.289,0.288,0.002
2016-12-26@11:00:00,0.294,0.287,0.006
2016-12-26@10:30:00,0.318,0.285,0.033
2016-12-26@10:00:00,0.346,0.277,0.068
2016-12-23@15:00:00,0.367,0.260,0.107
2016-12-23@14:30:00,0.331,0.234,0.098
2016-12-23@14:00:00,0.288,0.209,0.078
2016-12-23@13:30:00,0.261,0.189,0.071
2016-12-23@11:30:00,0.244,0.172,0.073
2016-12-23@11:00:00,0.213,0.153,0.059
2016-12-23@10:30:00,0.188,0.139,0.049
2016-12-23@10:00:00,0.147,0.126,0.021
2016-12-22@15:00:00,0.138,0.121,0.017
2016-12-22@14:30:00,0.137,0.117,0.020
2016-12-22@14:00:00,0.131,0.112,0.020
2016-12-22@13:30:00,0.133,0.107,0.026
2016-12-22@11:30:00,0.137,0.100,0.037
2016-12-22@11:00:00,0.146,0.091,0.055
2016-12-22@10:30:00,0.128,0.077,0.051
2016-12-22@10:00:00,0.081,0.065,0.017
2016-12-21@15:00:00,0.075,0.060,0.015
2016-12-21@14:30:00,0.090,0.057,0.033
2016-12-21@14:00:00,0.090,0.048,0.042
2016-12-21@13:30:00,0.091,0.038,0.053
2016-12-21@11:30:00,0.071,0.025,0.047
2016-12-21@11:00:00,0.054,0.013,0.041
2016-12-21@10:30:00,0.042,0.003,0.039
2016-12-21@10:00:00,0.027,-0.007,0.034
2016-12-20@15:00:00,0.020,-0.016,0.035
2016-12-20@14:30:00,0.011,-0.024,0.035
2016-12-20@14:00:00,0.022,-0.033,0.055
2016-12-20@13:30:00,0.012,-0.047,0.059
2016-12-20@11:30:00,-0.017,-0.062,0.045
2016-12-20@11:00:00,-0.055,-0.073,0.017
2016-12-20@10:30:00,-0.081,-0.077,-0.003
2016-12-20@10:00:00,-0.089,-0.076,-0.013
2016-12-19@15:00:00,-0.053,-0.073,0.021
2016-12-19@14:30:00,-0.037,-0.079,0.041
2016-12-19@14:00:00,-0.055,-0.089,0.034
2016-12-19@13:30:00,-0.070,-0.097,0.028
2016-12-19@11:30:00,-0.093,-0.104,0.011
2016-12-19@11:00:00,-0.110,-0.107,-0.002
2016-12-19@10:30:00,-0.058,-0.107,0.049
2016-12-19@10:00:00,-0.045,-0.119,0.073
2016-12-16@15:00:00,-0.047,-0.137,0.090
2016-12-16@14:30:00,-0.051,-0.160,0.108
2016-12-16@14:00:00,-0.077,-0.187,0.109
2016-12-16@13:30:00,-0.093,-0.214,0.121
2016-12-16@11:30:00,-0.086,-0.244,0.159
2016-12-16@11:00:00,-0.124,-0.284,0.160
2016-12-16@10:30:00,-0.157,-0.324,0.166
2016-12-16@10:00:00,-0.193,-0.366,0.173
2016-12-15@15:00:00,-0.214,-0.409,0.195
2016-12-15@14:30:00,-0.320,-0.457,0.138
2016-12-15@14:00:00,-0.417,-0.492,0.075
2016-12-15@13:30:00,-0.480,-0.511,0.030
2016-12-15@11:30:00,-0.508,-0.518,0.011
2016-12-15@11:00:00,-0.536,-0.521,-0.015
2016-12-15@10:30:00,-0.558,-0.517,-0.041
2016-12-15@10:00:00,-0.556,-0.507,-0.049
2016-12-14@15:00:00,-0.483,-0.495,0.012
2016-12-14@14:30:00,-0.470,-0.498,0.027
2016-12-14@14:00:00,-0.463,-0.504,0.041
2016-12-14@13:30:00,-0.470,-0.515,0.044
2016-12-14@11:30:00,-0.480,-0.526,0.046
2016-12-14@11:00:00,-0.478,-0.537,0.060
2016-12-14@10:30:00,-0.504,-0.552,0.048
2016-12-14@10:00:00,-0.570,-0.564,-0.005
2016-12-13@15:00:00,-0.729,-0.563,-0.166
2016-12-13@14:30:00,-0.719,-0.521,-0.197
2016-12-13@14:00:00,-0.815,-0.472,-0.343
2016-12-13@13:30:00,-0.795,-0.386,-0.408
2016-12-13@11:30:00,-0.765,-0.284,-0.481
2016-12-13@11:00:00,-0.623,-0.164,-0.459
2016-12-13@10:30:00,-0.433,-0.049,-0.384
2016-12-13@10:00:00,-0.184,0.047,-0.231
2016-12-12@15:00:00,0.136,0.104,0.032
2016-12-12@14:30:00,0.103,0.097,0.007
2016-12-12@14:00:00,0.184,0.095,0.089
2016-12-12@13:30:00,0.201,0.073,0.128
2016-12-12@11:30:00,0.190,0.041,0.149
2016-12-12@11:00:00,0.141,0.004,0.138
2016-12-12@10:30:00,0.073,-0.031,0.104
2016-12-12@10:00:00,-0.007,-0.057,0.050
2016-12-09@15:00:00,-0.155,-0.069,-0.085
2016-12-09@14:30:00,-0.158,-0.048,-0.109
2016-12-09@14:00:00,-0.125,-0.021,-0.105
2016-12-09@13:30:00,-0.120,0.005,-0.125
2016-12-09@11:30:00,-0.071,0.037,-0.108
2016-12-09@11:00:00,-0.033,0.064,-0.097
2016-12-09@10:30:00,-0.001,0.088,-0.089
2016-12-09@10:00:00,0.044,0.110,-0.066
2016-12-08@15:00:00,0.108,0.127,-0.019
2016-12-08@14:30:00,0.132,0.132,0.001
2016-12-08@14:00:00,0.140,0.131,0.008
2016-12-08@13:30:00,0.140,0.129,0.011
2016-12-08@11:30:00,0.144,0.127,0.017
2016-12-08@11:00:00,0.154,0.122,0.032
2016-12-08@10:30:00,0.172,0.114,0.057
2016-12-08@10:00:00,0.182,0.100,0.082
2016-12-07@15:00:00,0.171,0.079,0.091
2016-12-07@14:30:00,0.174,0.056,0.117
2016-12-07@14:00:00,0.170,0.027,0.143
2016-12-07@13:30:00,0.135,-0.009,0.144
2016-12-07@11:30:00,0.107,-0.045,0.151
2016-12-07@11:00:00,0.070,-0.082,0.153
2016-12-07@10:30:00,0.026,-0.121,0.146
2016-12-07@10:00:00,-0.016,-0.157,0.141
2016-12-06@15:00:00,-0.056,-0.192,0.136
2016-12-06@14:30:00,-0.119,-0.226,0.107
2016-12-06@14:00:00,-0.189,-0.253,0.064
2016-12-06@13:30:00,-0.285,-0.269,-0.015
2016-12-06@11:30:00,-0.290,-0.265,-0.024
2016-12-06@11:00:00,-0.289,-0.259,-0.029
2016-12-06@10:30:00,-0.292,-0.252,-0.040
2016-12-06@10:00:00,-0.293,-0.242,-0.050
2016-12-05@15:00:00,-0.303,-0.230,-0.074
2016-12-05@14:30:00,-0.289,-0.211,-0.078
2016-12-05@14:00:00,-0.289,-0.192,-0.097
2016-12-05@13:30:00,-0.279,-0.168,-0.111
2016-12-05@11:30:00,-0.273,-0.140,-0.133
2016-12-05@11:00:00,-0.262,-0.106,-0.156
2016-12-05@10:30:00,-0.245,-0.067,-0.177
2016-12-05@10:00:00,-0.218,-0.023,-0.195
2016-12-02@15:00:00,-0.197,0.026,-0.223
2016-12-02@14:30:00,-0.149,0.081,-0.230
2016-12-02@14:00:00,-0.080,0.139,-0.219
2016-12-02@13:30:00,0.004,0.194,-0.190
2016-12-02@11:30:00,0.089,0.241,-0.152
2016-12-02@11:00:00,0.164,0.279,-0.115
2016-12-02@10:30:00,0.222,0.308,-0.085
2016-12-02@10:00:00,0.257,0.329,-0.072
2016-12-01@15:00:00,0.276,0.347,-0.071
2016-12-01@14:30:00,0.310,0.365,-0.055
2016-12-01@14:00:00,0.347,0.379,-0.032
2016-12-01@13:30:00,0.383,0.387,-0.003
2016-12-01@11:30:00,0.411,0.387,0.024
2016-12-01@11:00:00,0.438,0.382,0.057
2016-12-01@10:30:00,0.436,0.367,0.068
2016-12-01@10:00:00,0.415,0.350,0.064
2016-11-30@15:00:00,0.433,0.334,0.099
2016-11-30@14:30:00,0.447,0.309,0.138
2016-11-30@14:00:00,0.455,0.275,0.180
2016-11-30@13:30:00,0.431,0.230,0.201
2016-11-30@11:30:00,0.376,0.180,0.196
2016-11-30@11:00:00,0.321,0.131,0.190
2016-11-30@10:30:00,0.242,0.083,0.159
2016-11-30@10:00:00,0.110,0.043,0.066
2016-10-13@15:00:00,0.007,0.027,-0.020
2016-10-13@14:30:00,0.015,0.032,-0.017
2016-10-13@14:00:00,0.020,0.036,-0.016
2016-10-13@13:30:00,0.017,0.040,-0.023
2016-10-13@11:30:00,0.012,0.046,-0.034
2016-10-13@11:00:00,0.012,0.054,-0.042
2016-10-13@10:30:00,0.013,0.065,-0.052
2016-10-13@10:00:00,0.012,0.078,-0.066
2016-10-12@14:30:00,0.026,0.094,-0.068
2016-10-12@14:00:00,0.020,0.112,-0.091
2016-10-12@13:30:00,0.031,0.134,-0.104
2016-10-12@11:30:00,0.053,0.160,-0.107
2016-10-12@11:00:00,0.091,0.187,-0.096
2016-10-12@10:30:00,0.132,0.211,-0.079
2016-10-12@10:00:00,0.175,0.231,-0.056
2016-10-11@15:00:00,0.225,0.245,-0.020
2016-10-11@14:30:00,0.237,0.250,-0.013
2016-10-11@14:00:00,0.258,0.253,0.004
2016-10-11@13:30:00,0.284,0.252,0.032
2016-10-11@11:30:00,0.311,0.244,0.067
2016-10-11@11:00:00,0.313,0.228,0.086
2016-10-11@10:30:00,0.323,0.206,0.117
2016-10-11@10:00:00,0.320,0.177,0.143
2016-10-10@15:00:00,0.326,0.141,0.185
2016-10-10@14:30:00,0.300,0.095,0.205
2016-10-10@14:00:00,0.277,0.044,0.233
2016-10-10@13:30:00,0.238,-0.015,0.252
2016-10-10@11:30:00,0.159,-0.078,0.237
2016-10-10@11:00:00,0.081,-0.137,0.218
2016-10-10@10:30:00,-0.002,-0.191,0.189
2016-10-10@10:00:00,-0.097,-0.238,0.142
2016-09-30@15:00:00,-0.226,-0.274,0.048
2016-09-30@14:30:00,-0.249,-0.286,0.037
2016-09-30@14:00:00,-0.254,-0.295,0.042
2016-09-30@13:30:00,-0.257,-0.306,0.049
2016-09-30@11:30:00,-0.278,-0.318,0.039
2016-09-30@11:00:00,-0.294,-0.328,0.034
2016-09-30@10:30:00,-0.307,-0.336,0.029
2016-09-30@10:00:00,-0.326,-0.343,0.018
2016-09-29@15:00:00,-0.342,-0.348,0.006
2016-09-29@14:30:00,-0.353,-0.349,-0.004
2016-09-29@14:00:00,-0.362,-0.348,-0.014
2016-09-29@13:30:00,-0.352,-0.345,-0.007
2016-09-29@11:30:00,-0.355,-0.343,-0.012
2016-09-29@11:00:00,-0.348,-0.340,-0.008
2016-09-29@10:30:00,-0.364,-0.338,-0.026
2016-09-29@10:00:00,-0.336,-0.332,-0.005
2016-09-28@15:00:00,-0.329,-0.330,0.002
2016-09-28@14:30:00,-0.353,-0.331,-0.022
2016-09-28@14:00:00,-0.351,-0.325,-0.026
2016-09-28@13:30:00,-0.354,-0.319,-0.035
2016-09-28@11:30:00,-0.338,-0.310,-0.028
2016-09-28@11:00:00,-0.294,-0.303,0.009
2016-09-28@10:30:00,-0.297,-0.305,0.009
2016-09-28@10:00:00,-0.306,-0.308,0.001
2016-09-27@15:00:00,-0.294,-0.308,0.014
2016-09-27@14:30:00,-0.315,-0.311,-0.003
2016-09-27@14:00:00,-0.316,-0.310,-0.006
2016-09-27@13:30:00,-0.322,-0.309,-0.013
2016-09-27@11:30:00,-0.323,-0.306,-0.017
2016-09-27@11:00:00,-0.313,-0.301,-0.011
2016-09-27@10:30:00,-0.317,-0.299,-0.018
2016-09-27@10:00:00,-0.302,-0.294,-0.008
2016-09-26@15:00:00,-0.307,-0.292,-0.015
2016-09-26@14:30:00,-0.292,-0.288,-0.004
2016-09-26@14:00:00,-0.302,-0.287,-0.015
2016-09-26@13:30:00,-0.335,-0.284,-0.051
2016-09-26@11:30:00,-0.348,-0.271,-0.077
2016-09-26@11:00:00,-0.333,-0.252,-0.082
2016-09-26@10:30:00,-0.333,-0.231,-0.102
2016-09-26@10:00:00,-0.300,-0.206,-0.094
2016-09-23@15:00:00,-0.259,-0.182,-0.077
2016-09-23@14:30:00,-0.228,-0.163,-0.065
2016-09-23@14:00:00,-0.214,-0.147,-0.067
2016-09-23@13:30:00,-0.214,-0.130,-0.084
2016-09-23@11:30:00,-0.201,-0.109,-0.092
2016-09-23@11:00:00,-0.190,-0.086,-0.104
2016-09-23@10:30:00,-0.133,-0.060,-0.074
2016-09-23@10:00:00,-0.077,-0.041,-0.035
2016-09-22@15:00:00,-0.026,-0.032,0.006
2016-09-22@14:30:00,-0.004,-0.034,0.030
2016-09-22@14:00:00,0.010,-0.041,0.052
2016-09-22@13:30:00,0.010,-0.054,0.065
2016-09-22@11:30:00,0.004,-0.071,0.075
2016-09-22@11:00:00,-0.009,-0.089,0.080
2016-09-22@10:30:00,-0.036,-0.109,0.073
2016-09-22@10:00:00,-0.051,-0.128,0.076
2016-09-21@15:00:00,-0.074,-0.147,0.072
2016-09-21@14:30:00,-0.099,-0.165,0.066
2016-09-21@14:00:00,-0.152,-0.181,0.029
2016-09-21@13:30:00,-0.158,-0.189,0.030
2016-09-21@11:30:00,-0.181,-0.196,0.015
2016-09-21@11:00:00,-0.186,-0.200,0.014
2016-09-21@10:30:00,-0.180,-0.203,0.023
2016-09-21@10:00:00,-0.146,-0.209,0.063
2016-09-20@15:00:00,-0.118,-0.225,0.107
2016-09-20@14:30:00,-0.141,-0.252,0.111
2016-09-20@14:00:00,-0.170,-0.279,0.110
2016-09-20@13:30:00,-0.203,-0.307,0.104
2016-09-20@11:30:00,-0.237,-0.333,0.096
2016-09-20@11:00:00,-0.280,-0.357,0.077
2016-09-20@10:30:00,nan,nan,nan
2016-09-20@10:00:00,nan,nan,nan
2016-09-19@15:00:00,nan,nan,nan
2016-09-19@14:30:00,nan,nan,nan
2016-09-19@14:00:00,nan,nan,nan
2016-09-19@13:30:00,nan,nan,nan
2016-09-19@11:30:00,nan,nan,nan
2016-09-19@11:00:00,nan,nan,nan
2016-09-19@10:30:00,nan,nan,nan
2016-09-19@10:00:00,nan,nan,nan
2016-09-14@15:00:00,nan,nan,nan
2016-09-14@14:30:00,nan,nan,nan
2016-09-14@14:00:00,nan,nan,nan
2016-09-14@13:30:00,nan,nan,nan
2016-09-14@11:30:00,nan,nan,nan
2016-09-14@11:00:00,nan,nan,nan
2016-09-14@10:30:00,nan,nan,nan
2016-09-14@10:00:00,nan,nan,nan
2016-09-13@15:00:00,nan,nan,nan
2016-09-13@14:30:00,nan,nan,nan
2016-09-13@14:00:00,nan,nan,nan
2016-09-13@13:30:00,nan,nan,nan
2016-09-13@11:30:00,nan,nan,nan
2016-09-13@11:00:00,nan,nan,nan
2016-09-13@10:30:00,nan,nan,nan
2016-09-13@10:00:00,nan,nan,nan
2016-09-12@15:00:00,nan,nan,nan
2016-09-12@14:30:00,nan,nan,nan
2016-09-12@14:00:00,nan,nan,nan
2016-09-12@13:30:00,nan,nan,nan
2016-09-12@11:30:00,nan,nan,nan
2016-09-12@11:00:00,nan,nan,nan
2016-09-12@10:30:00,nan,nan,nan
