Not
2017-06-30,0.542,0.115,0.427
2017-06-23,0.277,0.008,0.269
2017-06-16,-0.053,-0.059,0.006
2017-06-09,-0.111,-0.060,-0.050
2017-06-02,-0.033,-0.048,0.014
2017-05-26,0.280,-0.051,0.332
2017-05-19,0.584,-0.134,0.719
2017-05-12,0.578,-0.314,0.892
2017-05-05,0.495,-0.537,1.032
2016-07-15,-0.068,-0.795,0.727
2016-07-08,-0.438,-0.976,0.538
2016-07-01,-0.746,-1.111,0.365
2016-06-24,-0.978,-1.202,0.224
2016-06-17,-0.927,-1.258,0.331
2016-06-08,-0.921,-1.341,0.420
2016-06-03,-1.029,-1.446,0.417
2016-05-27,-1.165,-1.550,0.385
2016-05-20,-1.179,-1.646,0.467
2016-05-13,-1.312,-1.763,0.451
2016-05-06,-1.242,-1.876,0.633
2016-04-29,-1.313,-2.034,0.721
2016-04-22,-1.458,-2.214,0.756
2016-04-15,-1.836,-2.403,0.567
2016-04-08,-2.278,-2.545,0.267
2016-04-01,-2.508,-2.612,0.104
2016-03-25,-2.732,-2.638,-0.094
2016-03-18,-2.960,-2.615,-0.346
2016-03-11,-3.177,-2.528,-0.649
2016-03-04,-3.102,-2.366,-0.736
2016-02-26,-2.959,-2.182,-0.777
2016-02-19,-2.754,-1.988,-0.766
2016-02-05,-2.715,-1.796,-0.919
2016-01-29,-2.486,-1.566,-0.920
2016-01-22,-1.975,-1.336,-0.639
2016-01-15,-1.532,-1.177,-0.356
2016-01-08,-0.893,-1.088,0.195
2015-12-31,-0.359,-1.137,0.777
2015-12-25,-0.579,-1.331,0.752
2015-12-18,-0.938,-1.519,0.581
2015-12-11,-1.150,-1.664,0.514
2015-12-04,-1.175,-1.793,0.618
2015-11-27,-1.419,-1.947,0.528
2015-11-20,-1.612,-2.079,0.467
2015-11-13,-2.060,-2.196,0.136
2015-11-06,-2.459,-2.230,-0.229
2015-10-30,-2.863,-2.172,-0.691
2015-10-23,nan,nan,nan
2015-10-16,nan,nan,nan
2015-10-09,nan,nan,nan
2015-09-30,nan,nan,nan
2015-09-25,nan,nan,nan
2015-09-18,nan,nan,nan
2015-09-11,nan,nan,nan
2015-09-02,nan,nan,nan
2015-08-28,nan,nan,nan
2015-08-21,nan,nan,nan
2015-08-14,nan,nan,nan
2015-07-17,nan,nan,nan
2015-07-10,nan,nan,nan
2015-07-03,nan,nan,nan
2015-06-26,nan,nan,nan
2015-06-19,nan,nan,nan
2015-06-12,nan,nan,nan
2015-06-05,nan,nan,nan
2015-05-29,nan,nan,nan
2015-05-22,nan,nan,nan
2015-05-15,nan,nan,nan
2015-05-08,nan,nan,nan
2015-04-30,nan,nan,nan
2015-04-24,nan,nan,nan
2015-04-17,nan,nan,nan
2015-04-10,nan,nan,nan
2015-04-03,nan,nan,nan
2015-03-27,nan,nan,nan
2015-03-20,nan,nan,nan
2015-03-13,nan,nan,nan
2015-03-06,nan,nan,nan
2015-02-27,nan,nan,nan
2015-02-17,nan,nan,nan
