Not
2016-07-15@15:00:00,0.638,0.497,0.141
2016-07-15@14:30:00,0.641,0.462,0.179
2016-07-15@14:00:00,0.636,0.417,0.219
2016-07-15@13:30:00,0.620,0.362,0.258
2016-07-15@11:30:00,0.591,0.298,0.294
2016-07-15@11:00:00,0.546,0.224,0.322
2016-07-15@10:30:00,0.474,0.144,0.331
2016-07-15@10:00:00,0.365,0.061,0.304
2016-07-14@15:00:00,0.252,-0.015,0.267
2016-07-14@14:30:00,0.026,-0.082,0.108
2016-07-14@14:00:00,-0.099,-0.109,0.009
2016-07-14@13:30:00,-0.105,-0.111,0.006
2016-07-14@11:30:00,-0.106,-0.112,0.007
2016-07-14@11:00:00,-0.100,-0.114,0.014
2016-07-14@10:30:00,-0.106,-0.118,0.012
2016-07-14@10:00:00,-0.102,-0.120,0.018
2016-07-13@15:00:00,-0.117,-0.125,0.009
2016-07-13@14:30:00,-0.114,-0.127,0.013
2016-07-13@14:00:00,-0.123,-0.131,0.008
2016-07-13@13:30:00,-0.147,-0.132,-0.015
2016-07-13@11:30:00,-0.168,-0.129,-0.039
2016-07-13@11:00:00,-0.190,-0.119,-0.071
2016-07-13@10:30:00,-0.191,-0.101,-0.090
2016-07-13@10:00:00,-0.184,-0.079,-0.106
2016-07-12@15:00:00,-0.168,-0.052,-0.116
2016-07-12@14:30:00,-0.165,-0.023,-0.141
2016-07-12@14:00:00,-0.158,0.012,-0.170
2016-07-12@13:30:00,-0.140,0.055,-0.194
2016-07-12@11:30:00,-0.094,0.103,-0.197
2016-07-12@11:00:00,-0.011,0.153,-0.163
2016-07-12@10:30:00,0.074,0.193,-0.119
2016-07-12@10:00:00,0.135,0.223,-0.088
2016-07-11@15:00:00,0.144,0.245,-0.101
2016-07-11@14:30:00,0.216,0.270,-0.054
2016-07-11@14:00:00,0.238,0.284,-0.046
2016-07-11@13:30:00,0.260,0.295,-0.036
2016-07-11@11:30:00,0.272,0.304,-0.032
2016-07-11@11:00:00,0.284,0.312,-0.029
2016-07-11@10:30:00,0.301,0.319,-0.019
2016-07-11@10:00:00,0.330,0.324,0.006
2016-07-08@15:00:00,0.354,0.323,0.031
2016-07-08@14:30:00,0.376,0.315,0.061
2016-07-08@14:00:00,0.387,0.300,0.087
2016-07-08@13:30:00,0.399,0.278,0.121
2016-07-08@11:30:00,0.384,0.248,0.137
2016-07-08@11:00:00,0.345,0.214,0.132
2016-07-08@10:30:00,0.303,0.181,0.122
2016-07-08@10:00:00,0.283,0.150,0.133
2016-07-07@15:00:00,0.249,0.117,0.132
2016-07-07@14:30:00,0.177,0.084,0.093
2016-07-07@14:00:00,0.079,0.061,0.018
2016-07-07@13:30:00,0.046,0.056,-0.010
2016-07-07@11:30:00,0.039,0.058,-0.019
2016-07-07@11:00:00,0.051,0.063,-0.013
2016-07-07@10:30:00,0.051,0.066,-0.015
2016-07-07@10:00:00,0.055,0.070,-0.015
2016-07-06@14:30:00,0.035,0.074,-0.039
2016-07-06@11:30:00,0.040,0.084,-0.044
2016-07-06@11:00:00,0.046,0.095,-0.048
2016-07-06@10:30:00,0.068,0.107,-0.038
2016-07-06@10:00:00,0.086,0.116,-0.030
2016-07-05@15:00:00,0.104,0.124,-0.020
2016-07-05@14:30:00,0.109,0.129,-0.020
2016-07-05@14:00:00,0.110,0.134,-0.024
2016-07-05@13:30:00,0.121,0.140,-0.018
2016-07-05@11:30:00,0.132,0.144,-0.012
2016-07-05@11:00:00,0.137,0.147,-0.010
2016-07-05@10:30:00,0.146,0.150,-0.003
2016-07-05@10:00:00,0.135,0.150,-0.015
2016-07-04@15:00:00,0.131,0.154,-0.023
2016-07-04@14:30:00,0.129,0.160,-0.031
2016-07-04@14:00:00,0.125,0.168,-0.043
2016-07-04@13:30:00,0.126,0.179,-0.053
2016-07-04@11:30:00,0.128,0.192,-0.064
2016-07-04@11:00:00,0.135,0.208,-0.073
2016-07-04@10:30:00,0.134,0.226,-0.092
2016-07-04@10:00:00,0.134,0.249,-0.116
2016-07-01@15:00:00,0.146,0.278,-0.132
2016-07-01@14:30:00,0.181,0.311,-0.130
2016-07-01@14:00:00,0.211,0.343,-0.132
2016-07-01@13:30:00,0.248,0.376,-0.128
2016-07-01@11:30:00,0.294,0.408,-0.115
2016-07-01@11:00:00,0.333,0.437,-0.104
2016-07-01@10:00:00,0.370,0.463,-0.093
2016-06-30@15:00:00,0.386,0.486,-0.100
2016-06-30@14:30:00,0.400,0.511,-0.111
2016-06-30@14:00:00,0.425,0.539,-0.114
2016-06-30@13:30:00,0.447,0.567,-0.120
2016-06-30@11:30:00,0.470,0.597,-0.127
2016-06-30@11:00:00,0.508,0.629,-0.121
2016-06-30@10:30:00,0.539,0.659,-0.120
2016-06-30@10:00:00,0.545,0.689,-0.144
2016-06-29@15:00:00,0.596,0.725,-0.129
2016-06-29@14:30:00,0.633,0.757,-0.124
2016-06-29@14:00:00,0.665,0.788,-0.123
2016-06-29@13:30:00,0.697,0.819,-0.123
2016-06-29@11:30:00,0.748,0.850,-0.101
2016-06-29@11:00:00,0.820,0.875,-0.055
2016-06-29@10:30:00,0.897,0.889,0.008
2016-06-29@10:00:00,1.000,0.887,0.113
2016-06-28@15:00:00,1.092,0.859,0.233
2016-06-28@14:30:00,1.119,0.800,0.318
2016-06-28@14:00:00,1.098,0.721,0.377
2016-06-28@13:30:00,1.078,0.627,0.452
2016-06-28@11:30:00,0.997,0.514,0.483
2016-06-28@11:00:00,0.892,0.393,0.499
2016-06-28@10:30:00,0.725,0.268,0.457
2016-06-28@10:00:00,0.462,0.154,0.309
2016-06-27@15:00:00,0.299,0.076,0.222
2016-06-27@14:30:00,0.122,0.021,0.101
2016-06-27@14:00:00,0.024,-0.004,0.028
2016-06-27@13:30:00,0.007,-0.012,0.019
2016-06-27@11:30:00,-0.004,-0.016,0.013
2016-06-27@11:00:00,-0.002,-0.019,0.017
2016-06-27@10:30:00,-0.011,-0.024,0.013
2016-06-27@10:00:00,-0.037,-0.027,-0.010
2016-06-24@15:00:00,-0.072,-0.024,-0.048
2016-06-24@14:30:00,-0.045,-0.012,-0.032
2016-06-24@14:00:00,-0.028,-0.004,-0.024
2016-06-24@13:30:00,-0.020,0.002,-0.022
2016-06-24@11:30:00,0.008,0.007,0.001
2016-06-24@11:00:00,0.020,0.007,0.012
2016-06-24@10:30:00,0.034,0.004,0.030
2016-06-24@10:00:00,0.028,-0.003,0.031
2016-06-23@15:00:00,0.017,-0.011,0.028
2016-06-23@14:30:00,-0.004,-0.018,0.014
2016-06-23@14:00:00,-0.008,-0.022,0.013
2016-06-23@13:30:00,-0.007,-0.025,0.018
2016-06-23@11:30:00,-0.010,-0.030,0.020
2016-06-23@11:00:00,-0.004,-0.035,0.031
2016-06-23@10:30:00,-0.003,-0.042,0.040
2016-06-23@10:00:00,-0.017,-0.052,0.035
2016-06-22@15:00:00,-0.023,-0.061,0.038
2016-06-22@14:30:00,-0.040,-0.070,0.030
2016-06-22@14:00:00,-0.055,-0.078,0.023
2016-06-22@13:30:00,-0.064,-0.084,0.020
2016-06-22@11:30:00,-0.059,-0.089,0.030
2016-06-22@11:00:00,-0.068,-0.096,0.028
2016-06-22@10:30:00,-0.090,-0.103,0.013
2016-06-22@10:00:00,-0.108,-0.107,-0.002
2016-06-21@15:00:00,-0.125,-0.106,-0.019
2016-06-21@14:30:00,-0.113,-0.101,-0.012
2016-06-21@14:00:00,-0.119,-0.099,-0.021
2016-06-21@13:30:00,-0.104,-0.093,-0.011
2016-06-21@11:30:00,-0.094,-0.091,-0.003
2016-06-21@11:00:00,-0.091,-0.090,-0.001
2016-06-21@10:30:00,-0.085,-0.090,0.005
2016-06-21@10:00:00,-0.084,-0.091,0.007
2016-06-20@15:00:00,-0.110,-0.093,-0.017
2016-06-20@14:30:00,-0.118,-0.088,-0.029
2016-06-20@14:00:00,-0.112,-0.081,-0.031
2016-06-20@13:30:00,-0.103,-0.073,-0.030
2016-06-20@11:30:00,-0.128,-0.066,-0.063
2016-06-20@11:00:00,-0.121,-0.050,-0.071
2016-06-20@10:30:00,-0.084,-0.032,-0.052
2016-06-20@10:00:00,-0.049,-0.019,-0.030
2016-06-17@15:00:00,-0.010,-0.012,0.002
2016-06-17@14:30:00,-0.006,-0.012,0.007
2016-06-17@14:00:00,0.006,-0.014,0.020
2016-06-17@13:30:00,0.021,-0.019,0.040
2016-06-17@11:30:00,0.016,-0.029,0.045
2016-06-17@11:00:00,0.008,-0.040,0.049
2016-06-17@10:30:00,-0.009,-0.053,0.044
2016-06-17@10:00:00,-0.016,-0.064,0.048
2016-06-16@15:00:00,-0.034,-0.076,0.041
2016-06-16@14:30:00,-0.016,-0.086,0.070
2016-06-16@14:00:00,-0.008,-0.103,0.095
2016-06-16@13:30:00,-0.015,-0.127,0.112
2016-06-16@11:30:00,-0.035,-0.155,0.120
2016-06-16@11:00:00,-0.062,-0.185,0.123
2016-06-16@10:30:00,-0.073,-0.216,0.143
2016-06-16@10:00:00,-0.104,-0.252,0.148
2016-06-15@15:00:00,-0.137,-0.289,0.151
2016-06-15@14:30:00,-0.161,-0.327,0.166
2016-06-15@14:00:00,-0.206,-0.368,0.162
2016-06-15@13:30:00,-0.275,-0.408,0.133
2016-06-15@11:30:00,-0.341,-0.442,0.101
2016-06-15@11:00:00,-0.416,-0.467,0.051
2016-06-15@10:30:00,-0.491,-0.480,-0.011
2016-06-15@10:00:00,-0.526,-0.477,-0.049
2016-06-14@15:00:00,-0.551,-0.465,-0.086
2016-06-14@14:30:00,-0.558,-0.443,-0.115
2016-06-14@14:00:00,-0.557,-0.414,-0.142
2016-06-14@13:30:00,-0.548,-0.379,-0.169
2016-06-14@11:30:00,-0.529,-0.337,-0.192
2016-06-14@11:00:00,-0.488,-0.289,-0.199
2016-06-14@10:30:00,-0.447,-0.239,-0.208
2016-06-14@10:00:00,-0.370,-0.187,-0.183
2016-06-13@15:00:00,-0.307,-0.141,-0.166
2016-06-13@14:30:00,-0.226,-0.099,-0.127
2016-06-13@14:00:00,-0.194,-0.067,-0.127
2016-06-13@13:30:00,-0.147,-0.036,-0.112
2016-06-13@11:30:00,-0.116,-0.008,-0.108
2016-06-13@11:00:00,-0.088,0.019,-0.108
2016-06-13@10:30:00,-0.058,0.046,-0.104
2016-06-13@10:00:00,-0.012,0.072,-0.084
2016-06-08@15:00:00,0.057,0.093,-0.036
2016-06-08@14:30:00,0.066,0.102,-0.036
2016-06-08@14:00:00,0.055,0.111,-0.056
2016-06-08@13:30:00,0.054,0.125,-0.071
2016-06-08@11:30:00,0.053,0.143,-0.089
2016-06-08@11:00:00,0.075,0.165,-0.090
2016-06-08@10:30:00,0.122,0.188,-0.066
2016-06-08@10:00:00,0.177,0.204,-0.028
2016-06-07@15:00:00,0.224,0.211,0.013
2016-06-07@14:30:00,0.224,0.208,0.016
2016-06-07@14:00:00,0.231,0.204,0.027
2016-06-07@13:30:00,0.229,0.197,0.031
2016-06-07@11:30:00,0.219,0.189,0.030
2016-06-07@11:00:00,0.212,0.182,0.030
2016-06-07@10:30:00,0.194,0.175,0.019
2016-06-07@10:00:00,0.185,0.170,0.015
2016-06-06@15:00:00,0.164,0.166,-0.002
2016-06-06@14:00:00,0.176,0.167,0.009
2016-06-06@13:30:00,0.183,0.164,0.019
2016-06-06@11:30:00,0.186,0.160,0.026
2016-06-06@11:00:00,0.166,0.153,0.013
2016-06-06@10:00:00,0.169,0.150,0.019
2016-06-03@15:00:00,0.170,0.145,0.025
2016-06-03@14:30:00,0.148,0.139,0.009
2016-06-03@14:00:00,0.139,0.137,0.002
2016-06-03@13:30:00,0.130,0.136,-0.006
2016-06-03@11:30:00,0.114,0.138,-0.024
2016-06-03@11:00:00,0.109,0.144,-0.035
2016-06-03@10:30:00,0.119,0.152,-0.033
2016-06-03@10:00:00,0.128,0.161,-0.033
2016-06-02@15:00:00,0.153,0.169,-0.016
2016-06-02@14:30:00,0.149,0.173,-0.024
2016-06-02@14:00:00,0.160,0.179,-0.019
2016-06-02@13:30:00,0.168,0.184,-0.016
2016-06-02@11:30:00,0.168,0.188,-0.020
2016-06-02@11:00:00,0.186,0.193,-0.006
2016-06-02@10:30:00,0.202,0.194,0.008
2016-06-02@10:00:00,0.190,0.192,-0.002
2016-06-01@15:00:00,0.167,0.193,-0.025
2016-06-01@14:30:00,0.192,0.199,-0.007
2016-06-01@14:00:00,0.217,0.201,0.016
2016-06-01@13:30:00,0.236,0.197,0.039
2016-06-01@11:30:00,0.245,0.187,0.058
2016-06-01@11:00:00,0.241,0.173,0.068
2016-06-01@10:30:00,0.232,0.156,0.076
2016-06-01@10:00:00,0.225,0.137,0.088
2016-05-31@15:00:00,0.215,0.115,0.100
2016-05-31@14:30:00,0.189,0.090,0.099
2016-05-31@14:00:00,0.169,0.065,0.104
2016-05-31@13:30:00,0.142,0.039,0.103
2016-05-31@11:30:00,0.109,0.013,0.096
2016-05-31@11:00:00,0.084,-0.011,0.095
2016-05-31@10:30:00,0.062,-0.034,0.096
2016-05-31@10:00:00,0.024,-0.058,0.083
2016-05-30@15:00:00,-0.024,-0.079,0.055
2016-05-30@14:30:00,-0.032,-0.093,0.061
2016-05-30@14:00:00,-0.028,-0.108,0.080
2016-05-30@13:30:00,-0.037,-0.128,0.091
2016-05-30@11:30:00,-0.040,-0.151,0.111
2016-05-30@11:00:00,-0.066,-0.179,0.113
2016-05-30@10:00:00,-0.105,-0.207,0.102
2016-05-27@15:00:00,-0.130,-0.232,0.103
2016-05-27@14:30:00,-0.161,-0.258,0.097
2016-05-27@14:00:00,-0.193,-0.282,0.089
2016-05-27@13:30:00,-0.224,-0.304,0.081
2016-05-27@11:30:00,-0.257,-0.325,0.067
2016-05-27@11:00:00,-0.289,-0.341,0.052
2016-05-27@10:30:00,-0.324,-0.355,0.031
2016-05-27@10:00:00,-0.358,-0.362,0.004
2016-05-26@15:00:00,-0.409,-0.363,-0.046
2016-05-26@14:30:00,-0.443,-0.352,-0.092
2016-05-26@14:00:00,-0.471,-0.329,-0.142
2016-05-26@13:30:00,-0.476,-0.293,-0.182
2016-05-26@11:30:00,-0.460,-0.248,-0.213
2016-05-26@11:00:00,-0.413,-0.195,-0.218
2016-05-26@10:30:00,-0.358,-0.140,-0.218
2016-05-26@10:00:00,-0.277,-0.086,-0.191
2016-05-25@14:30:00,-0.184,-0.038,-0.146
2016-05-25@14:00:00,-0.153,-0.001,-0.152
2016-05-25@13:30:00,-0.106,0.037,-0.143
2016-05-25@11:30:00,-0.069,0.072,-0.141
2016-05-25@11:00:00,-0.006,0.108,-0.114
2016-05-25@10:30:00,0.053,0.136,-0.083
2016-05-25@10:00:00,0.094,0.157,-0.063
2016-05-24@15:00:00,0.130,0.173,-0.043
2016-05-24@14:30:00,0.136,0.183,-0.047
2016-05-24@14:00:00,0.150,0.195,-0.045
2016-05-24@13:30:00,0.160,0.206,-0.046
2016-05-24@11:30:00,0.170,0.218,-0.048
2016-05-24@11:00:00,0.182,0.230,-0.048
2016-05-24@10:30:00,0.192,0.242,-0.050
2016-05-24@10:00:00,0.207,0.254,-0.047
2016-05-23@15:00:00,0.197,0.266,-0.069
2016-05-23@14:30:00,0.212,0.283,-0.071
2016-05-23@14:00:00,0.238,0.301,-0.063
2016-05-23@13:30:00,0.278,0.317,-0.039
2016-05-23@11:30:00,0.310,0.327,-0.017
2016-05-23@11:00:00,0.347,0.331,0.016
2016-05-23@10:30:00,0.370,0.327,0.042
2016-05-23@10:00:00,0.372,0.316,0.055
2016-05-20@15:00:00,0.336,0.303,0.033
2016-05-20@14:30:00,0.325,0.294,0.030
2016-05-20@14:00:00,0.324,0.287,0.037
2016-05-20@13:30:00,0.321,0.277,0.043
2016-05-20@11:30:00,0.320,0.267,0.053
2016-05-20@11:00:00,0.316,0.253,0.063
2016-05-20@10:30:00,0.289,0.238,0.051
2016-05-20@10:00:00,0.245,0.225,0.021
2016-05-19@15:00:00,0.229,0.220,0.009
2016-05-19@14:30:00,0.232,0.217,0.015
2016-05-19@14:00:00,0.244,0.213,0.031
2016-05-19@11:30:00,0.251,0.206,0.045
2016-05-19@11:00:00,0.242,0.194,0.047
2016-05-19@10:30:00,0.214,0.183,0.031
2016-05-19@10:00:00,0.203,0.175,0.028
2016-05-18@15:00:00,0.211,0.168,0.043
2016-05-18@14:30:00,0.224,0.157,0.067
2016-05-18@14:00:00,0.241,0.140,0.101
2016-05-18@13:30:00,0.231,0.115,0.116
2016-05-18@11:30:00,0.213,0.086,0.127
2016-05-18@11:00:00,0.186,0.054,0.133
2016-05-18@10:30:00,nan,nan,nan
2016-05-18@10:00:00,nan,nan,nan
2016-05-17@15:00:00,nan,nan,nan
2016-05-17@14:30:00,nan,nan,nan
2016-05-17@14:00:00,nan,nan,nan
2016-05-17@13:30:00,nan,nan,nan
2016-05-17@11:30:00,nan,nan,nan
2016-05-17@11:00:00,nan,nan,nan
2016-05-17@10:30:00,nan,nan,nan
2016-05-17@10:00:00,nan,nan,nan
2016-05-16@15:00:00,nan,nan,nan
2016-05-16@14:30:00,nan,nan,nan
2016-05-16@14:00:00,nan,nan,nan
2016-05-16@13:30:00,nan,nan,nan
2016-05-16@11:30:00,nan,nan,nan
2016-05-16@11:00:00,nan,nan,nan
2016-05-16@10:30:00,nan,nan,nan
2016-05-16@10:00:00,nan,nan,nan
2016-05-13@15:00:00,nan,nan,nan
2016-05-13@14:30:00,nan,nan,nan
2016-05-13@14:00:00,nan,nan,nan
2016-05-13@13:30:00,nan,nan,nan
2016-05-13@11:30:00,nan,nan,nan
2016-05-13@11:00:00,nan,nan,nan
2016-05-13@10:30:00,nan,nan,nan
2016-05-13@10:00:00,nan,nan,nan
2016-05-12@15:00:00,nan,nan,nan
2016-05-12@14:30:00,nan,nan,nan
2016-05-12@14:00:00,nan,nan,nan
2016-05-12@13:30:00,nan,nan,nan
2016-05-12@11:30:00,nan,nan,nan
2016-05-12@11:00:00,nan,nan,nan
2016-05-12@10:30:00,nan,nan,nan
