2017-06-30,26.810,27.433,28.271,28.750,-1
2017-06-29,26.862,27.670,28.352,29.045,-1
2017-06-28,27.080,28.003,28.429,29.355,-1
2017-06-27,27.538,28.339,28.636,29.630,-1
2017-06-26,27.806,28.587,28.766,29.899,-1
2017-06-23,28.056,28.689,28.851,30.096,-1
2017-06-22,28.478,28.939,28.965,30.253,-1
2017-06-21,28.926,29.081,29.030,30.511,-1
2017-06-20,29.140,29.170,29.027,30.725,-1
2017-06-19,29.368,29.144,29.189,30.917,-1
2017-06-16,29.322,29.109,29.408,31.001,-1
2017-06-15,29.400,29.034,29.733,30.967,-1
2017-06-14,29.236,28.855,30.031,30.832,-1
2017-06-13,29.200,28.932,30.276,30.622,-1
2017-06-12,28.920,28.945,30.556,30.343,-1
2017-06-09,28.896,29.013,30.799,30.042,-1
2017-06-08,28.668,28.990,30.909,-1,-1
2017-06-07,28.474,28.978,31.226,-1,-1
2017-06-06,28.664,28.884,31.503,-1,-1
2017-06-05,28.970,29.234,31.803,-1,-1
2017-06-02,29.130,29.707,31.947,-1,-1
2017-06-01,29.312,30.432,31.933,-1,-1
2017-05-31,29.482,31.207,31.820,-1,-1
2017-05-26,29.104,31.620,31.467,-1,-1
2017-05-25,29.498,32.166,31.042,-1,-1
2017-05-24,30.284,32.585,30.556,-1,-1
2017-05-23,31.552,32.829,-1,-1,-1
2017-05-22,32.932,33.475,-1,-1,-1
2017-05-19,34.136,34.122,-1,-1,-1
2017-05-18,34.834,34.372,-1,-1,-1
2017-05-17,34.886,34.188,-1,-1,-1
2017-05-16,34.106,33.434,-1,-1,-1
2017-05-15,34.018,32.433,-1,-1,-1
2017-05-12,34.108,31.313,-1,-1,-1
2017-05-11,33.910,29.917,-1,-1,-1
2017-05-10,33.490,28.528,-1,-1,-1
2017-05-09,32.762,-1,-1,-1,-1
2017-05-08,30.848,-1,-1,-1,-1
2017-05-05,28.518,-1,-1,-1,-1
2017-05-04,25.924,-1,-1,-1,-1
2017-05-03,23.566,-1,-1,-1,-1
2017-05-02,-1,-1,-1,-1,-1
2017-04-28,-1,-1,-1,-1,-1
2017-04-27,-1,-1,-1,-1,-1
2017-04-26,-1,-1,-1,-1,-1
