date,open,high,close,low,volume,price_change,p_change,ma5,ma10,ma20,v_ma5,v_ma10,v_ma20,turnover
2017-03-17 15:00:00,69.5,69.7,68.71,68.64,4267.0,-0.79,-1.14,69.786,68.509,67.047,8513.77,7643.24,7171.7,2.03
2017-03-17 14:00:00,68.83,70.0,69.5,68.72,4577.91,0.67,0.97,69.96,68.211,66.7755,8633.64,7541.98,7184.62,2.18
2017-03-17 11:30:00,70.83,70.83,68.83,68.68,6784.94,-2.0,-2.82,69.86,67.771,66.518,9558.22,7719.58,7125.76,3.23
2017-03-17 10:30:00,70.2,71.58,70.7,70.0,12851.2,0.5,0.71,69.668,67.478,66.249,10755.5,7638.41,6906.1,6.12
2017-03-16 15:00:00,69.6,71.19,71.19,69.6,14087.8,1.59,2.28,68.486,67.058,65.875,9071.48,6706.11,6546.42,6.71
2017-03-16 14:00:00,69.0,69.58,69.58,68.8,4866.37,0.58,0.84,67.232,66.619,65.507,6772.72,6631.7,6008.99,2.32
2017-03-16 11:30:00,67.87,69.47,69.0,67.16,9200.8,1.13,1.66,66.462,66.43,65.1855,6450.32,7511.64,5878.68,4.38
2017-03-16 10:30:00,65.02,68.28,67.87,65.02,12771.6,2.85,4.38,65.682,66.104,64.899,5880.93,7163.5,5616.14,6.08
2017-03-15 15:00:00,64.92,65.27,64.79,64.61,4430.81,-0.13,-0.2,65.288,65.872,64.703,4521.28,6706.82,5429.15,2.11
2017-03-15 14:00:00,65.63,66.0,64.92,64.9,2594.0,-0.71,-1.08,65.63,65.768,64.62,4340.75,6527.7,5377.52,1.24
2017-03-15 11:30:00,65.1,66.2,65.73,64.89,3254.4,0.63,0.97,66.006,65.585,64.529,6490.69,6700.16,5362.25,1.55
2017-03-15 10:30:00,65.0,65.58,65.1,64.38,6353.87,0.1,0.15,66.398,65.34,64.428,8572.97,6827.26,5343.06,3.03
2017-03-14 15:00:00,66.46,66.6,65.9,65.5,5973.31,-0.56,-0.84,66.526,65.265,64.344,8446.08,6531.95,5515.69,2.84
2017-03-14 14:00:00,66.8,66.9,66.5,66.18,3528.15,-0.3,-0.45,66.456,65.02,64.2475,8892.36,6173.78,5509.34,1.68
2017-03-14 11:30:00,67.69,69.85,66.8,66.11,13343.7,-0.89,-1.31,65.906,64.692,64.119,8714.66,6386.74,5577.3,6.35
2017-03-14 10:30:00,65.51,67.88,67.69,65.5,13665.8,2.18,3.33,65.164,64.395,63.993,6909.65,5386.28,5533.44,6.51
2017-03-13 15:00:00,65.57,65.95,65.74,64.9,5719.42,0.17,0.26,64.282,63.941,63.971,5081.54,4245.71,5261.24,2.72
2017-03-13 14:00:00,63.75,66.0,65.55,63.71,8204.74,1.8,2.82,64.004,63.694,63.975,4617.82,4068.77,5187.91,3.91
2017-03-13 11:30:00,63.09,64.0,63.75,63.09,2639.63,0.66,1.05,63.584,63.534,64.0025,3455.19,4151.48,5019.74,1.26
2017-03-13 10:30:00,62.9,63.59,63.09,62.5,4318.61,0.19,0.3,63.478,63.472,64.056,4058.81,4227.34,5075.72,2.06
2017-03-10 15:00:00,64.3,64.3,63.28,63.25,4525.32,-1.02,-1.59,63.626,63.473,64.171,3862.91,4024.33,5173.89,2.15
2017-03-10 14:00:00,63.44,64.42,64.35,63.26,3400.79,0.91,1.43,63.6,63.516,64.2315,3409.88,3858.87,5227.03,1.62
2017-03-10 11:30:00,63.22,63.72,63.45,62.91,2391.62,0.23,0.36,63.384,63.423,64.262,3519.73,4499.43,5287.91,1.14
2017-03-10 10:30:00,64.12,64.5,63.22,62.52,5657.71,-0.9,-1.4,63.484,63.475,64.2675,4847.77,4844.9,5396.01,2.69
2017-03-09 15:00:00,63.12,64.02,63.83,63.12,3339.09,0.71,1.12,63.466,63.546,64.251,4395.87,4767.87,5595.72,1.59
2017-03-09 14:00:00,63.25,63.76,63.15,63.1,2260.21,-0.1,-0.16,63.32,63.591,64.271,4185.75,5680.6,5840.74,1.08
2017-03-09 11:30:00,63.95,64.08,63.27,63.26,3950.02,-0.68,-1.06,63.432,64.001,64.4305,4307.85,6276.76,5888.89,1.88
2017-03-09 10:30:00,63.41,64.59,63.95,63.13,9031.81,0.54,0.85,63.462,64.256,64.6195,5479.14,6307.06,5940.3,4.3
2017-03-08 15:00:00,63.1,63.35,63.13,62.73,3398.24,0.03,0.05,63.466,64.471,64.783,4842.04,5888.0,6071.43,1.62
2017-03-08 14:00:00,63.71,63.77,63.1,62.94,2288.48,-0.61,-0.96,63.626,64.64,64.8895,5139.87,5924.1,6171.31,1.09
2017-03-08 11:30:00,63.42,63.8,63.71,62.83,2870.72,0.29,0.46,63.862,64.869,64.9785,7175.46,6323.45,6281.49,1.37
2017-03-08 10:30:00,63.68,64.98,63.42,62.7,9806.43,-0.26,-0.41,64.57,64.947,65.0275,8245.67,6595.19,6511.48,4.67
2017-03-07 15:00:00,63.96,64.49,63.97,63.65,5846.32,0.01,0.02,65.05,65.101,65.139,7134.97,6076.39,6835.94,2.78
2017-03-07 14:00:00,64.2,64.7,63.93,63.8,4887.42,-0.27,-0.42,65.476,65.06,65.3435,6933.97,5947.12,7335.95,2.33
2017-03-07 11:30:00,67.25,67.27,64.28,63.44,12466.4,-2.97,-4.42,65.654,64.956,65.287,6708.32,6423.56,7370.73,5.94
2017-03-07 10:30:00,65.53,67.75,67.25,65.21,8221.8,1.72,2.62,65.876,64.951,65.2275,5471.44,6000.88,7124.87,3.92
2017-03-06 15:00:00,66.1,66.11,65.82,65.38,4252.93,-0.28,-0.42,65.324,64.86,64.933,4944.7,5501.02,7162.97,2.03
2017-03-06 14:00:00,64.82,66.6,66.1,64.68,4841.28,1.28,1.97,65.152,64.983,64.749,5017.81,5573.54,7168.23,2.31
2017-03-06 11:30:00,65.38,65.88,64.82,64.77,3759.2,-0.56,-0.86,64.644,65.095,64.591,4960.26,6254.86,7151.41,1.79
2017-03-06 10:30:00,64.25,65.4,65.39,63.76,6281.98,1.14,1.77,64.258,65.139,64.425,6138.81,6418.53,7198.19,2.99
2017-03-03 15:00:00,64.96,65.57,64.49,64.0,5588.1,-0.47,-0.72,64.026,65.088,64.2305,6530.31,6239.53,7592.07,2.66
2017-03-03 14:00:00,63.56,65.2,64.96,63.31,4618.51,1.4,2.2,64.396,65.108,64.131,6057.33,6427.78,7720.71,2.2
2017-03-03 11:30:00,62.88,63.86,63.56,62.22,4553.53,0.68,1.08,64.814,65.177,64.0755,6129.27,7595.48,7755.36,2.17
2017-03-03 10:30:00,63.82,63.96,62.89,62.8,9651.91,-0.93,-1.46,65.546,65.627,64.045,7549.47,8724.79,7788.06,4.6
2017-03-02 15:00:00,66.33,66.53,64.23,63.98,8239.52,-2.1,-3.17,66.02,65.618,64.096,6698.25,8317.9,8271.26,3.92
2017-03-02 14:00:00,67.05,67.3,66.34,66.3,3223.2,-0.71,-1.06,66.15,65.504,63.9935,5948.75,8248.87,8295.31,1.53
2017-03-02 11:30:00,67.22,67.32,67.05,65.82,4978.2,-0.17,-0.25,65.82,65.006,63.782,6798.23,8824.92,8312.6,2.37
2017-03-02 10:30:00,64.6,67.49,67.22,64.58,11654.5,2.62,4.06,65.54,64.515,63.5295,9061.69,8762.92,8474.99,5.55
2017-03-01 15:00:00,64.8,65.7,65.26,64.6,5395.85,0.46,0.71,65.708,64.087,63.284,9900.11,8047.96,9201.61,2.57
2017-03-01 14:00:00,64.67,65.85,64.88,64.66,4492.01,0.21,0.32,65.216,63.711,63.21,9937.54,7977.84,9363.99,2.14
2017-03-01 11:30:00,65.65,66.37,64.69,64.68,7470.57,-0.96,-1.46,64.858,63.373,63.088,10549.0,8944.61,9380.9,3.56
2017-03-01 10:30:00,67.03,68.42,65.65,65.37,16295.5,-1.38,-2.06,64.192,63.154,63.0045,10851.6,9013.64,9660.67,7.76
2017-02-28 15:00:00,62.72,68.06,68.06,62.5,15846.6,5.34,8.51,63.49,62.974,62.6245,8464.13,7915.25,9961.75,7.55
2017-02-28 14:00:00,63.09,63.25,62.8,62.3,5583.0,-0.29,-0.46,62.466,62.463,62.1215,6195.81,6851.33,9517.32,2.66
2017-02-28 11:30:00,61.59,63.41,63.09,61.18,7549.3,1.5,2.44,62.206,62.574,61.826,6018.15,8224.63,9659.92,3.59
2017-02-28 10:30:00,61.8,62.87,61.36,60.75,8983.62,-0.44,-0.71,61.888,62.483,61.4635,7340.23,8341.75,9799.74,4.28
2017-02-27 15:00:00,62.94,62.94,62.14,61.68,4358.16,-0.8,-1.27,62.116,62.558,61.1495,7175.67,7800.28,10499.9,2.08
2017-02-27 14:00:00,61.53,63.4,62.94,61.24,4504.99,1.41,2.29,62.458,62.544,60.6785,7366.37,8187.07,10650.9,2.15
2017-02-27 11:30:00,61.5,62.75,61.5,61.45,4694.7,0.0,0.0,62.46,62.481,60.1445,7506.85,10355.3,10906.7,2.24
2017-02-27 10:30:00,61.9,61.95,61.5,59.98,14159.7,-0.4,-0.65,62.942,62.709,59.664,10431.1,10750.1,11056.2,6.74
2017-02-24 15:00:00,63.8,63.85,62.5,62.08,8160.82,-1.3,-2.04,63.078,62.803,59.1515,9343.26,9817.18,11224.8,3.89
2017-02-24 14:00:00,62.97,65.18,63.85,62.88,5311.62,0.88,1.4,63.0,62.855,58.5455,8424.9,10307.7,11049.4,2.53
2017-02-24 11:30:00,63.91,64.4,62.95,62.67,5207.43,-0.96,-1.5,62.63,62.275,57.849,9007.77,12008.3,10943.9,2.48
2017-02-24 10:30:00,62.69,65.0,63.91,61.53,19316.0,1.22,1.95,62.502,61.78,57.192,13203.7,12183.3,11333.0,9.2
2017-02-23 15:00:00,62.12,62.3,62.18,60.85,8720.44,0.06,0.1,62.476,61.078,56.531,11069.2,11095.2,10824.2,4.15
2017-02-23 14:00:00,62.0,62.96,62.11,61.76,3568.99,0.11,0.18,62.528,60.444,55.9875,10291.1,11257.7,10809.0,1.7
2017-02-23 11:30:00,62.31,62.76,62.0,61.71,8226.0,-0.31,-0.5,62.71,59.741,55.4315,12190.5,13199.6,10861.7,3.92
2017-02-23 10:30:00,63.74,66.6,62.31,61.8,26186.9,-1.43,-2.24,61.92,58.813,54.885,15008.7,13114.8,10739.7,12.47
2017-02-22 15:00:00,62.44,63.78,63.78,62.2,8643.42,1.34,2.15,61.058,57.808,54.332,11163.0,11458.2,10097.2,4.12
2017-02-22 14:00:00,63.02,63.57,62.44,62.01,4830.2,-0.58,-0.92,59.68,56.619,53.747,11121.3,11362.2,10335.3,2.3
2017-02-22 11:30:00,58.0,63.63,63.02,57.71,13066.0,5.02,8.66,58.36,55.5,53.3245,12224.4,12632.4,10516.2,6.22
2017-02-22 10:30:00,57.68,59.77,58.05,56.6,22317.2,0.37,0.64,56.772,54.236,52.8825,14208.7,11791.2,10442.2,10.63
2017-02-21 15:00:00,56.89,58.0,58.0,55.93,6957.93,1.11,1.95,55.706,53.423,52.603,11220.8,9879.53,10098.4,3.31
2017-02-21 14:00:00,55.99,57.98,56.89,55.91,8435.03,0.9,1.61,54.558,52.604,52.32,11753.5,10482.7,10034.8,4.02
2017-02-21 11:30:00,55.08,56.6,55.84,54.5,10345.7,0.76,1.38,53.558,51.984,52.086,11603.2,10553.3,9810.42,4.93
2017-02-21 10:30:00,52.65,55.62,55.08,52.2,22987.7,2.43,4.62,52.64,51.531,51.898,13040.4,10360.2,9776.34,10.95
2017-02-20 15:00:00,52.27,52.9,52.72,52.0,7377.89,0.45,0.86,51.7,51.122,51.8135,9373.65,8523.72,9498.55,3.51
2017-02-20 14:00:00,51.94,53.0,52.26,51.91,9620.99,0.32,0.62,51.14,50.957,51.7895,8538.21,8364.55,9599.4,4.58
2017-02-20 11:30:00,51.28,51.9,51.89,50.4,7683.63,0.61,1.19,50.65,50.856,51.784,9211.85,8736.11,9614.21,3.66
2017-02-20 10:30:00,50.5,52.39,51.25,50.25,17531.7,0.75,1.49,50.41,50.875,51.7705,9503.33,9308.42,9788.34,8.35
2017-02-17 15:00:00,49.92,50.74,50.38,49.89,4654.04,0.46,0.92,50.422,51.149,51.7195,7680.0,8400.1,9563.8,2.22
2017-02-17 14:00:00,49.7,50.18,49.92,49.62,3200.67,0.22,0.44,50.544,51.529,51.66,7673.78,9093.28,9708.93,1.52
2017-02-17 11:30:00,50.65,50.88,49.81,49.5,12989.2,-0.84,-1.66,50.774,51.783,51.655,8190.89,10317.3,9822.35,6.19
2017-02-17 10:30:00,51.01,51.76,50.69,50.6,9141.03,-0.32,-0.63,51.062,52.036,51.6795,8260.37,9586.95,9559.26,4.35
2017-02-16 15:00:00,51.0,51.48,51.31,50.15,8415.05,0.31,0.61,51.34,52.188,51.7005,9113.5,9067.58,10067.7,4.01
2017-02-16 14:00:00,50.96,51.64,50.99,50.88,4622.96,0.03,0.06,51.876,52.265,51.6235,9120.21,9192.49,10074.5,2.2
2017-02-16 11:30:00,51.25,51.36,51.07,50.79,5786.2,-0.18,-0.35,52.514,52.505,51.541,10512.8,10473.4,10047.9,2.76
2017-02-16 10:30:00,52.0,52.0,51.25,50.7,13336.6,-0.75,-1.44,52.792,52.622,51.4435,12443.6,10834.2,10274.8,6.35
2017-02-15 15:00:00,53.99,54.2,52.08,51.85,13406.7,-1.91,-3.54,53.01,52.712,51.3765,10913.5,10492.3,10628.5,6.38
2017-02-15 14:00:00,54.2,54.74,53.99,53.83,8448.58,-0.21,-0.39,53.036,52.666,51.257,9021.67,10268.3,10616.5,4.02
2017-02-15 11:30:00,52.43,54.31,54.18,52.18,11585.8,1.75,3.34,52.654,52.29,51.045,9264.78,10727.5,10780.3,5.52
2017-02-15 10:30:00,52.01,53.43,52.46,52.01,15440.5,0.45,0.87,52.496,51.791,50.7775,10434.0,10324.6,10671.1,7.35
2017-02-14 15:00:00,52.21,52.5,52.34,52.08,5686.08,0.13,0.25,52.452,51.527,50.55,9224.87,9327.44,10400.5,2.71
2017-02-14 14:00:00,52.1,52.37,52.21,51.81,3947.37,0.11,0.21,52.414,51.323,50.313,10071.1,9531.56,10413.2,1.88
2017-02-14 11:30:00,53.39,53.66,52.08,52.04,9664.14,-1.31,-2.45,52.296,51.213,50.0725,11514.9,11067.8,10463.9,4.6
2017-02-14 10:30:00,52.12,53.39,53.39,51.85,17431.9,1.27,2.44,51.926,50.982,49.84,12190.2,10956.5,10584.8,8.3
2017-02-13 15:00:00,52.15,53.16,52.24,52.01,9394.84,0.09,0.17,51.086,50.577,49.5825,10215.2,9622.46,10334.5,4.47
2017-02-13 14:00:00,51.65,52.57,52.15,51.64,9917.18,0.5,0.97,50.602,50.265,49.3995,9430.02,9715.27,10200.6,4.72
2017-02-13 11:30:00,50.23,51.8,51.62,49.9,11166.2,1.39,2.77,50.232,50.041,49.197,8992.04,10764.6,10170.0,5.32
2017-02-13 10:30:00,48.68,50.58,50.23,48.52,13041.0,1.55,3.18,50.13,49.848,49.0105,10620.8,10964.8,9992.73,6.21
2017-02-10 15:00:00,49.82,49.99,49.19,48.91,7556.59,-0.63,-1.26,50.038,49.8,48.852,9722.73,10833.1,10175.2,3.6
2017-02-10 14:00:00,50.39,50.48,49.82,49.73,5469.12,-0.57,-1.13,50.068,49.764,48.7125,9029.76,11017.7,10508.2,2.6
2017-02-10 11:30:00,51.11,51.36,50.3,50.02,7727.29,-0.81,-1.58,49.928,49.573,48.631,10000.5,11473.5,10414.9,3.68
2017-02-10 10:30:00,49.5,51.79,51.11,49.5,19309.8,1.61,3.25,49.85,49.303,48.5025,12537.2,11294.9,10252.8,9.2
2017-02-09 15:00:00,49.34,49.88,49.77,48.98,8550.85,0.43,0.87,49.566,48.932,48.3375,11308.8,9860.07,9909.56,4.07
2017-02-09 14:00:00,49.16,49.67,49.34,49.14,4091.75,0.18,0.37,49.562,48.698,48.294,11943.4,10213.2,9868.51,1.95
2017-02-09 11:30:00,49.91,49.91,49.12,48.9,10322.9,-0.79,-1.58,49.46,48.588,48.283,13005.6,11046.5,10120.0,4.92
2017-02-09 10:30:00,49.17,50.75,49.91,49.11,20410.5,0.74,1.5,49.218,48.534,48.272,12946.5,10686.0,10163.4,9.72
2017-02-08 15:00:00,49.8,50.37,49.69,49.39,13167.9,-0.11,-0.22,48.756,48.353,48.1235,10052.7,9575.48,9881.89,6.27
2017-02-08 14:00:00,48.91,49.95,49.75,48.91,11724.0,0.84,1.72,48.298,48.173,47.9985,8411.36,9020.7,9949.69,5.58
2017-02-08 11:30:00,47.93,48.83,48.83,47.83,9402.81,0.9,1.88,47.834,47.904,47.891,8483.02,9517.24,10087.0,4.48
2017-02-08 10:30:00,47.36,48.2,47.91,47.05,10027.4,0.55,1.16,47.716,47.661,47.7495,9087.39,9998.65,10221.1,4.77
2017-02-07 15:00:00,47.38,47.65,47.6,46.95,5941.33,0.22,0.46,47.85,47.689,47.6315,8425.44,9356.24,10233.5,2.83
2017-02-07 14:00:00,47.43,47.66,47.4,47.05,4961.24,-0.03,-0.06,47.95,47.702,47.528,9098.28,9210.71,10457.1,2.36
2017-02-07 11:30:00,48.24,48.28,47.43,47.33,12082.3,-0.81,-1.68,48.048,47.743,47.434,9630.04,9959.05,10517.2,5.75
2017-02-07 10:30:00,48.44,48.57,48.24,48.07,12424.7,-0.2,-0.41,47.974,47.89,47.34,10551.5,9523.8,10507.8,5.92
2017-02-06 15:00:00,48.15,48.68,48.58,47.97,6717.64,0.43,0.89,47.606,47.978,47.2005,10909.9,9193.56,10762.3,3.2
2017-02-06 14:00:00,47.96,48.76,48.1,47.78,9305.53,0.14,0.29,47.528,48.01,47.041,10287.0,9640.77,11002.6,4.43
2017-02-06 11:30:00,47.07,47.89,47.89,47.07,7620.02,0.82,1.74,47.454,47.894,46.9175,9323.14,10188.3,10821.2,3.63
2017-02-06 10:30:00,46.75,47.79,47.06,46.66,16689.4,0.31,0.66,47.438,47.824,46.797,10288.0,10878.7,11170.0,7.95
2017-02-03 15:00:00,48.19,48.2,46.4,46.33,14217.0,-1.79,-3.71,47.806,47.878,46.7975,8496.14,10656.8,12329.8,6.77
2017-02-03 14:00:00,47.78,48.48,48.19,47.65,3603.26,0.41,0.86,48.35,47.838,46.653,7477.19,10443.6,12340.3,1.72
2017-02-03 11:30:00,47.81,47.97,47.73,47.54,4486.0,-0.08,-0.17,48.492,47.574,46.4385,8994.5,11110.8,13047.5,2.14
2017-02-03 10:30:00,48.62,49.1,47.81,47.0,12444.6,-0.81,-1.67,48.334,47.354,46.2365,11053.5,11703.4,13891.6,5.93
2017-01-26 15:00:00,49.12,49.8,48.9,48.68,7729.89,-0.22,-0.45,48.21,47.125,46.0065,11469.3,11075.4,15072.9,3.68
2017-01-26 14:00:00,48.99,49.95,49.12,48.81,9122.21,0.13,0.27,47.95,46.79,45.6845,12817.5,11491.9,15642.2,4.34
2017-01-26 11:30:00,46.94,48.97,48.9,46.9,11189.8,1.96,4.18,47.326,46.423,45.356,13410.0,12331.0,15790.4,5.33
2017-01-26 10:30:00,47.19,47.88,46.94,46.64,14780.8,-0.25,-0.53,46.656,46.072,45.136,13227.2,12364.5,16263.8,7.04
2017-01-25 15:00:00,47.64,48.86,47.19,46.98,14523.9,-0.45,-0.94,46.374,45.941,44.989,12353.4,11454.0,18823.2,6.92
2017-01-25 14:00:00,45.97,47.6,47.6,45.75,14470.8,1.63,3.55,46.04,45.77,44.9875,10681.5,11461.4,18114.1,6.89
2017-01-25 11:30:00,45.54,46.65,46.0,45.52,12084.6,0.46,1.01,45.63,45.717,44.9655,10166.2,14002.8,17400.7,5.75
2017-01-25 10:30:00,45.05,45.77,45.55,44.6,10275.8,0.5,1.11,45.52,45.468,45.0235,11251.9,14237.0,16798.6,4.89
2017-01-24 15:00:00,45.51,45.61,45.53,45.08,10411.9,0.02,0.04,45.488,45.303,45.104,11501.7,14984.2,16485.6,4.96
2017-01-24 14:00:00,45.55,45.78,45.52,45.27,6164.38,-0.03,-0.07,45.508,45.119,44.971,10554.7,16079.7,15974.6,2.94
2017-01-24 11:30:00,45.4,45.55,45.55,44.7,11894.6,0.15,0.33,45.5,44.888,44.8385,12241.2,19070.5,15674.0,5.66
2017-01-24 10:30:00,45.06,45.99,45.45,44.7,17513.0,0.39,0.87,45.804,44.579,44.7045,17839.4,19792.6,15100.5,8.34
2017-01-23 15:00:00,45.63,45.64,45.39,44.8,11524.8,-0.24,-0.53,45.416,44.289,44.5755,17222.1,19249.9,14740.7,5.49
2017-01-23 14:00:00,45.49,45.96,45.63,45.4,5676.49,0.14,0.31,45.118,44.2,44.2545,18466.7,20163.1,14176.6,2.7
2017-01-23 11:30:00,47.13,47.14,45.48,45.0,14597.2,-1.65,-3.5,44.73,44.037,43.9215,21604.8,26192.4,13895.7,6.95
2017-01-23 10:30:00,43.55,47.11,47.07,43.52,39885.6,3.52,8.08,44.276,44.205,43.596,25899.7,24766.8,13171.5,18.99
2017-01-20 15:00:00,43.7,44.44,43.51,43.35,14426.3,-0.19,-0.43,43.354,44.214,43.191,21745.8,20798.5,11213.3,6.87
2017-01-20 14:00:00,43.9,44.88,43.9,43.81,17748.0,0.0,0.0,43.162,44.579,42.787,21277.8,19360.2,10496.1,8.45
2017-01-20 11:30:00,43.28,44.0,43.69,43.1,21367.0,0.41,0.95,43.282,44.905,42.3635,21859.5,17987.0,9609.92,10.17
2017-01-20 10:30:00,41.0,43.6,43.21,41.0,36071.6,2.21,5.39,43.344,44.823,41.9505,30779.9,15869.5,8543.93,17.18
2017-01-19 15:00:00,42.6,43.8,42.46,42.44,19116.0,-0.14,-0.33,44.134,44.789,41.5615,23633.8,12277.6,6754.3,9.1
2017-01-19 14:00:00,44.43,44.5,42.55,42.55,12086.4,-1.88,-4.23,45.074,44.83,41.049,19851.2,10408.5,5798.65,5.76
2017-01-19 11:30:00,44.0,46.23,44.5,43.41,20656.6,0.5,1.14,45.996,44.862,40.532,17442.6,10231.5,5194.78,9.84
2017-01-19 10:30:00,44.8,44.99,44.0,42.44,65969.1,-0.8,-1.79,46.528,44.309,39.9175,14114.6,8190.06,4161.95,31.41
2017-01-18 15:00:00,47.16,47.16,47.16,47.16,341.13,0.0,0.0,46.302,43.806,39.328,959.07,1599.0,866.34,0.16
2017-01-18 14:00:00,47.16,47.16,47.16,47.16,202.8,0.0,0.0,45.444,42.987,38.434,921.36,1576.18,849.59,0.1
2017-01-18 11:30:00,47.16,47.16,47.16,47.16,43.48,0.0,0.0,44.586,42.168,37.54,965.72,1628.07,839.95,0.02
2017-01-18 10:30:00,47.16,47.16,47.16,47.16,4016.33,0.0,0.0,43.728,40.995,36.646,3020.39,1631.92,837.77,1.91
2017-01-17 15:00:00,42.87,42.87,42.87,42.87,191.61,0.0,0.0,42.09,39.822,35.752,2265.56,1232.81,639.26,0.09
2017-01-17 14:00:00,42.87,42.87,42.87,42.87,152.6,0.0,0.0,41.31,39.078,34.9395,2238.92,1218.36,629.93,0.07
2017-01-17 11:30:00,42.87,42.87,42.87,42.87,424.6,0.0,0.0,40.53,38.334,34.127,2231.0,1230.99,622.3,0.2
2017-01-17 10:30:00,42.87,42.87,42.87,42.87,10316.8,0.0,0.0,39.75,37.268,33.3145,2290.4,1188.83,601.31,4.91
2017-01-16 15:00:00,38.97,38.97,38.97,38.97,242.2,0.0,0.0,38.262,36.202,32.502,243.45,158.05,85.98,0.12
2017-01-16 14:00:00,38.97,38.97,38.97,38.97,58.4,0.0,0.0,37.554,35.526,31.7635,200.05,133.83,73.91,0.03
2017-01-16 11:30:00,38.97,38.97,38.97,38.97,113.0,0.0,0.0,36.846,34.85,31.025,197.81,133.69,71.51,0.05
2017-01-16 10:30:00,38.97,38.97,38.97,38.97,721.65,0.0,0.0,36.138,33.881,30.2865,230.98,122.99,66.11,0.34
2017-01-13 15:00:00,35.43,35.43,35.43,35.43,82.0,0.0,0.0,34.786,32.912,29.548,87.25,51.83,30.57,0.04
2017-01-13 14:00:00,35.43,35.43,35.43,35.43,25.2,0.0,0.0,34.142,32.297,28.8765,72.65,43.63,26.72,0.01
2017-01-13 11:30:00,35.43,35.43,35.43,35.43,47.2,0.0,0.0,33.498,31.682,28.205,67.61,45.71,26.21,0.02
2017-01-13 10:30:00,35.43,35.43,35.43,35.43,278.86,0.0,0.0,32.854,30.801,27.5335,69.57,41.49,24.6,0.13
2017-01-12 15:00:00,32.21,32.21,32.21,32.21,3.0,0.0,0.0,31.624,29.92,26.862,15.0,13.6,12.42,0.0
2017-01-12 14:00:00,32.21,32.21,32.21,32.21,9.0,0.0,0.0,31.038,29.361,26.5805,16.4,13.8,12.92,0.0
2017-01-12 11:30:00,32.21,32.21,32.21,32.21,0.0,0.0,0.0,30.452,28.802,26.2678,14.6,13.9,13.13,0.0
2017-01-12 10:30:00,32.21,32.21,32.21,32.21,57.01,0.0,0.0,29.866,28.001,25.9182,23.8,13.98,13.91,0.03
2017-01-11 15:00:00,29.28,29.28,29.28,29.28,6.0,0.0,0.0,28.748,27.2,25.525,13.4,9.32,11.21,0.0
2017-01-11 14:00:00,29.28,29.28,29.28,29.28,10.0,0.0,0.0,28.216,26.692,25.2747,12.2,9.22,11.56,0.0
2017-01-11 11:30:00,29.28,29.28,29.28,29.28,0.0,0.0,0.0,27.684,26.184,24.9886,11.2,9.32,11.67,0.0
2017-01-11 10:30:00,29.28,29.28,29.28,29.28,46.0,0.0,0.0,27.152,25.456,24.6585,13.2,9.82,12.57,0.02
2017-01-10 15:00:00,26.62,26.62,26.62,26.62,5.0,0.0,0.0,26.136,24.728,24.2733,4.16,6.72,9.78,0.0
2017-01-10 14:00:00,26.62,26.62,26.62,26.62,0.0,0.0,0.0,25.652,24.266,24.06,5.24,7.72,10.22,0.0
2017-01-10 11:30:00,26.62,26.62,26.62,26.62,5.0,0.0,0.0,25.168,23.804,23.804,6.24,11.24,11.24,0.0
2017-01-10 10:30:00,26.62,26.62,26.62,26.62,10.0,0.0,0.0,24.684,23.4911,23.4911,7.44,11.93,11.93,0.0
2017-01-09 15:00:00,24.2,24.2,24.2,24.2,0.81,0.0,0.0,23.76,23.1,23.1,6.44,12.18,12.18,0.0
2017-01-09 14:00:00,24.2,24.2,24.2,24.2,10.4,0.0,0.0,23.32,22.9429,22.9429,9.28,13.8,13.8,0.0
2017-01-09 11:30:00,24.2,24.2,24.2,24.2,5.0,0.0,0.0,22.88,22.7333,22.7333,10.2,14.37,14.37,0.0
2017-01-09 10:30:00,24.2,24.2,24.2,24.2,11.0,0.0,0.0,22.44,22.44,22.44,16.24,16.24,16.24,0.01
2017-01-06 15:00:00,22.0,22.0,22.0,22.0,5.0,0.0,0.0,22.0,22.0,22.0,17.55,17.55,17.55,0.0
2017-01-06 14:00:00,22.0,22.0,22.0,22.0,15.0,0.0,0.0,22.0,22.0,22.0,21.73,21.73,21.73,0.01
2017-01-06 11:30:00,22.0,22.0,22.0,22.0,15.0,0.0,0.0,22.0,22.0,22.0,25.1,25.1,25.1,0.01
2017-01-06 10:30:00,21.93,22.0,22.0,21.93,35.2,0.07,0.32,22.0,22.0,22.0,35.2,35.2,35.2,0.02
