Not
2017-06-30,-1.845,-2.314,0.469
2017-06-29,-1.987,-2.432,0.444
2017-06-28,-2.108,-2.543,0.434
2017-06-27,-2.223,-2.651,0.428
2017-06-26,-2.388,-2.758,0.370
2017-06-23,-2.515,-2.851,0.336
2017-06-22,-2.621,-2.935,0.314
2017-06-21,-2.696,-3.013,0.317
2017-06-20,-2.830,-3.093,0.262
2017-06-19,-3.003,-3.158,0.155
2017-06-16,-3.178,-3.197,0.019
2017-06-15,-3.357,-3.202,-0.156
2017-06-14,-3.521,-3.163,-0.359
2017-06-13,-3.605,-3.073,-0.532
2017-06-12,-3.661,-2.940,-0.721
2017-06-09,-3.594,-2.760,-0.835
2017-06-08,-3.609,-2.551,-1.058
2017-06-07,-3.626,-2.286,-1.339
2017-06-06,-3.559,-1.952,-1.607
2017-06-05,-3.358,-1.550,-1.809
2017-06-02,-3.006,-1.098,-1.908
2017-06-01,-2.512,-0.620,-1.892
2017-05-31,-1.832,-0.147,-1.684
2017-05-26,-1.194,0.274,-1.468
2017-05-25,-0.418,0.640,-1.059
2017-05-24,0.301,0.905,-0.605
2017-05-23,0.882,1.056,-0.174
2017-05-22,1.242,1.100,0.142
2017-05-19,1.272,1.065,0.208
2017-05-18,1.231,1.013,0.218
2017-05-17,1.278,0.958,0.320
2017-05-16,1.151,0.878,0.273
2017-05-15,1.085,0.810,0.276
2017-05-12,0.988,0.741,0.247
2017-05-11,0.874,0.679,0.195
2017-05-10,0.774,0.630,0.143
2017-05-09,0.660,0.595,0.065
2017-05-08,0.708,0.578,0.130
2017-05-05,0.773,0.546,0.227
2017-05-04,0.823,0.489,0.334
2017-05-03,0.712,0.406,0.306
2017-05-02,0.670,0.329,0.340
2017-04-28,0.608,0.244,0.364
2017-04-27,0.543,0.153,0.390
2017-04-26,0.358,0.056,0.303
2017-04-25,0.233,-0.020,0.253
2017-04-24,0.077,-0.083,0.160
2017-04-21,-0.071,-0.123,0.052
2017-04-20,-0.127,-0.136,0.009
2017-04-19,-0.209,-0.139,-0.070
2017-04-18,-0.266,-0.121,-0.145
2017-04-17,-0.282,-0.085,-0.197
2017-04-14,-0.283,-0.036,-0.248
2017-04-13,-0.283,0.026,-0.309
2017-04-12,-0.256,0.104,-0.360
2017-04-11,-0.168,0.194,-0.362
2017-04-10,-0.025,0.284,-0.310
2017-04-07,0.091,0.362,-0.271
2017-04-06,0.182,0.429,-0.248
2017-04-05,0.299,0.491,-0.192
2017-03-31,0.426,0.539,-0.114
2017-03-30,0.523,0.568,-0.045
2017-03-29,0.653,0.579,0.075
2017-03-28,0.785,0.560,0.224
2017-03-27,0.825,0.504,0.320
2017-03-24,0.781,0.424,0.357
2017-03-23,0.643,0.335,0.308
2017-03-22,0.533,0.258,0.275
2017-03-21,0.410,0.189,0.220
2017-03-20,0.339,0.134,0.205
2017-03-17,0.307,0.083,0.224
2017-03-16,0.303,0.027,0.276
2017-03-15,0.205,-0.042,0.247
2017-03-14,0.186,-0.104,0.290
2017-03-13,0.121,-0.177,0.298
2017-03-10,0.023,-0.251,0.274
2017-03-09,-0.067,-0.320,0.253
2017-03-08,-0.109,-0.383,0.274
2017-03-07,-0.174,-0.452,0.278
2017-03-06,-0.269,-0.521,0.252
2017-03-03,-0.343,-0.584,0.241
2017-03-02,-0.364,-0.644,0.280
2017-03-01,-0.396,-0.714,0.319
2017-02-28,-0.455,-0.794,0.339
2017-02-27,-0.531,-0.878,0.347
2017-02-24,-0.605,-0.965,0.361
2017-02-23,-0.769,-1.055,0.287
2017-02-22,-0.857,-1.127,0.270
2017-02-21,-0.921,-1.194,0.273
2017-02-20,-0.970,-1.263,0.293
2017-02-17,-0.977,-1.336,0.359
2017-02-16,-1.055,-1.426,0.371
2017-02-15,-1.133,-1.518,0.385
2017-02-14,-1.249,-1.615,0.366
2017-02-13,-1.371,-1.706,0.335
2017-02-10,-1.500,-1.790,0.290
2017-02-09,-1.585,-1.862,0.277
2017-02-08,-1.744,-1.931,0.187
2017-02-07,-1.906,-1.978,0.072
2017-02-06,-2.003,-1.996,-0.007
2017-02-03,-2.135,-1.994,-0.141
2017-02-02,-2.134,-1.959,-0.174
2017-01-26,-2.141,-1.916,-0.226
2017-01-25,-2.120,-1.859,-0.261
2017-01-24,-2.057,-1.794,-0.263
2017-01-23,-1.968,-1.728,-0.240
2017-01-20,-1.915,-1.668,-0.247
2017-01-19,-1.832,-1.607,-0.225
2017-01-18,-1.667,-1.550,-0.117
2017-01-17,-1.453,-1.521,0.068
2017-01-16,-1.371,-1.538,0.167
2017-01-13,-1.281,-1.580,0.299
2017-01-12,-1.504,-1.655,0.151
2017-01-11,-1.624,-1.693,0.069
2017-01-10,-1.876,-1.710,-0.166
2017-01-09,-1.810,-1.668,-0.142
2017-01-06,-1.717,-1.633,-0.084
2017-01-05,-1.624,-1.612,-0.012
2017-01-04,-1.649,-1.609,-0.040
2017-01-03,-1.734,-1.599,-0.135
2016-12-30,-1.783,-1.565,-0.218
2016-12-29,-1.745,-1.510,-0.235
2016-12-28,-1.686,-1.452,-0.234
2016-12-27,-1.613,-1.393,-0.220
2016-12-26,-1.565,-1.338,-0.227
2016-12-23,-1.553,-1.282,-0.272
2016-12-22,-1.508,-1.214,-0.294
2016-12-21,-1.608,-1.140,-0.468
2016-12-20,-1.624,-1.023,-0.601
2016-12-19,-1.601,-0.873,-0.728
2016-12-16,-1.538,-0.691,-0.847
2016-12-15,-1.489,-0.479,-1.010
2016-12-14,-1.346,-0.226,-1.120
2016-12-13,-1.066,0.054,-1.119
2016-12-12,-0.733,0.333,-1.066
2016-12-09,-0.209,0.600,-0.809
2016-12-08,0.034,0.802,-0.769
2016-12-07,0.203,0.994,-0.791
2016-12-06,0.282,1.192,-0.910
2016-12-05,0.426,1.420,-0.993
2016-12-02,0.661,1.668,-1.007
2016-12-01,0.897,1.920,-1.022
2016-11-30,1.031,2.175,-1.144
2016-11-29,1.370,2.461,-1.091
2016-11-28,1.816,2.734,-0.918
2016-11-25,2.186,2.964,-0.778
2016-11-24,2.482,3.158,-0.676
2016-11-23,2.855,3.327,-0.472
2016-11-22,3.109,3.445,-0.336
2016-11-21,3.174,3.529,-0.355
2016-11-18,3.291,3.618,-0.327
2016-11-17,3.465,3.700,-0.235
2016-11-16,3.743,3.759,-0.015
2016-11-15,4.110,3.763,0.347
2016-11-14,4.266,3.676,0.590
2016-11-11,4.394,3.528,0.865
2016-11-10,4.289,3.312,0.977
2016-11-09,3.727,3.068,0.659
2016-11-08,3.426,2.903,0.523
2016-11-07,3.121,2.772,0.349
2016-11-04,nan,nan,nan
2016-11-03,nan,nan,nan
2016-11-02,nan,nan,nan
2016-10-28,nan,nan,nan
2016-10-27,nan,nan,nan
2016-10-26,nan,nan,nan
2016-10-25,nan,nan,nan
2016-10-24,nan,nan,nan
2016-10-21,nan,nan,nan
2016-10-20,nan,nan,nan
2016-10-19,nan,nan,nan
2016-10-18,nan,nan,nan
2016-10-17,nan,nan,nan
2016-10-14,nan,nan,nan
2016-10-13,nan,nan,nan
2016-10-12,nan,nan,nan
2016-10-11,nan,nan,nan
2016-10-10,nan,nan,nan
2016-09-30,nan,nan,nan
2016-09-29,nan,nan,nan
2016-09-28,nan,nan,nan
2016-09-27,nan,nan,nan
2016-09-26,nan,nan,nan
2016-09-23,nan,nan,nan
2016-09-22,nan,nan,nan
2016-09-21,nan,nan,nan
2016-09-20,nan,nan,nan
2016-09-19,nan,nan,nan
2016-09-14,nan,nan,nan
2016-09-13,nan,nan,nan
2016-09-12,nan,nan,nan
2016-09-09,nan,nan,nan
2016-09-08,nan,nan,nan
