Not
2017-01-06@15:00:00,-0.500,-0.314,-0.186
2017-01-06@14:30:00,-0.467,-0.268,-0.199
2017-01-06@14:00:00,-0.422,-0.218,-0.204
2017-01-06@13:30:00,-0.373,-0.167,-0.206
2017-01-06@11:30:00,-0.301,-0.116,-0.186
2017-01-06@11:00:00,-0.234,-0.069,-0.165
2017-01-06@10:30:00,-0.173,-0.028,-0.145
2017-01-06@10:00:00,-0.087,0.008,-0.095
2017-01-05@15:00:00,-0.025,0.032,-0.057
2017-01-05@14:30:00,0.008,0.046,-0.038
2017-01-05@14:00:00,0.038,0.055,-0.017
2017-01-05@13:30:00,0.055,0.060,-0.005
2017-01-05@11:30:00,0.078,0.061,0.017
2017-01-05@11:00:00,0.093,0.057,0.037
2017-01-05@10:30:00,0.102,0.047,0.055
2017-01-05@10:00:00,0.100,0.034,0.067
2017-01-04@15:00:00,0.097,0.017,0.080
2017-01-04@14:30:00,0.078,-0.003,0.081
2017-01-04@14:00:00,0.068,-0.023,0.091
2017-01-04@13:30:00,0.046,-0.046,0.092
2017-01-04@11:30:00,0.022,-0.069,0.091
2017-01-04@11:00:00,-0.006,-0.092,0.086
2017-01-04@10:30:00,-0.024,-0.114,0.089
2017-01-04@10:00:00,-0.044,-0.136,0.092
2017-01-03@15:00:00,-0.050,-0.159,0.109
2017-01-03@14:30:00,-0.078,-0.186,0.108
2017-01-03@14:00:00,-0.114,-0.213,0.100
2017-01-03@13:30:00,-0.159,-0.238,0.080
2017-01-03@11:30:00,-0.179,-0.258,0.079
2017-01-03@11:00:00,-0.199,-0.278,0.079
2017-01-03@10:30:00,-0.230,-0.298,0.068
2017-01-03@10:00:00,-0.276,-0.314,0.039
2016-12-30@15:00:00,-0.327,-0.324,-0.003
2016-12-30@14:30:00,-0.329,-0.324,-0.006
2016-12-30@14:00:00,-0.330,-0.322,-0.008
2016-12-30@13:30:00,-0.349,-0.320,-0.029
2016-12-30@11:30:00,-0.339,-0.313,-0.026
2016-12-30@11:00:00,-0.326,-0.306,-0.020
2016-12-30@10:30:00,-0.316,-0.301,-0.015
2016-12-30@10:00:00,-0.304,-0.298,-0.006
2016-12-29@15:00:00,-0.294,-0.296,0.002
2016-12-29@14:30:00,-0.282,-0.297,0.014
2016-12-29@14:00:00,-0.288,-0.300,0.012
2016-12-29@13:30:00,-0.291,-0.303,0.012
2016-12-29@11:30:00,-0.316,-0.306,-0.010
2016-12-29@11:00:00,-0.334,-0.304,-0.030
2016-12-29@10:30:00,-0.337,-0.296,-0.041
2016-12-29@10:00:00,-0.318,-0.286,-0.032
2016-12-28@15:00:00,-0.314,-0.278,-0.036
2016-12-28@14:30:00,-0.286,-0.269,-0.017
2016-12-28@14:00:00,-0.277,-0.265,-0.012
2016-12-28@13:30:00,-0.272,-0.262,-0.010
2016-12-28@11:30:00,-0.262,-0.260,-0.003
2016-12-28@11:00:00,-0.260,-0.259,-0.001
2016-12-28@10:30:00,-0.268,-0.258,-0.010
2016-12-28@10:00:00,-0.241,-0.256,0.015
2016-12-27@15:00:00,-0.233,-0.260,0.027
2016-12-27@14:30:00,-0.223,-0.267,0.044
2016-12-27@14:00:00,-0.232,-0.278,0.046
2016-12-27@13:30:00,-0.238,-0.289,0.051
2016-12-27@11:30:00,-0.249,-0.302,0.053
2016-12-27@11:00:00,-0.267,-0.315,0.048
2016-12-27@10:30:00,-0.284,-0.327,0.043
2016-12-27@10:00:00,-0.299,-0.338,0.039
2016-12-26@15:00:00,-0.328,-0.348,0.019
2016-12-26@14:30:00,-0.386,-0.352,-0.034
2016-12-26@14:00:00,-0.460,-0.344,-0.116
2016-12-26@13:30:00,-0.484,-0.315,-0.169
2016-12-26@11:30:00,-0.510,-0.273,-0.237
2016-12-26@11:00:00,-0.510,-0.214,-0.296
2016-12-26@10:30:00,-0.434,-0.139,-0.295
2016-12-26@10:00:00,-0.318,-0.066,-0.253
2016-12-23@15:00:00,-0.154,-0.003,-0.151
2016-12-23@14:30:00,-0.107,0.035,-0.143
2016-12-23@14:00:00,-0.051,0.071,-0.121
2016-12-23@13:30:00,0.018,0.101,-0.084
2016-12-23@11:30:00,0.087,0.122,-0.035
2016-12-23@11:00:00,0.129,0.131,-0.002
2016-12-23@10:30:00,0.173,0.131,0.041
2016-12-23@10:00:00,0.215,0.121,0.094
2016-12-22@15:00:00,0.228,0.098,0.131
2016-12-22@14:30:00,0.193,0.065,0.128
2016-12-22@14:00:00,0.134,0.033,0.101
2016-12-22@13:30:00,0.058,0.008,0.051
2016-12-22@11:30:00,0.036,-0.005,0.041
2016-12-22@11:00:00,0.006,-0.015,0.022
2016-12-22@10:30:00,-0.010,-0.021,0.011
2016-12-22@10:00:00,-0.002,-0.023,0.021
2016-12-21@15:00:00,-0.004,-0.029,0.025
2016-12-21@14:30:00,-0.023,-0.035,0.012
2016-12-21@14:00:00,-0.029,-0.038,0.009
2016-12-21@13:30:00,-0.040,-0.040,0.000
2016-12-21@11:30:00,-0.040,-0.040,0.000
2016-12-21@11:00:00,-0.028,-0.040,0.012
2016-12-21@10:30:00,-0.020,-0.043,0.024
2016-12-21@10:00:00,-0.033,-0.049,0.016
2016-12-20@15:00:00,-0.052,-0.054,0.002
2016-12-20@14:30:00,-0.060,-0.054,-0.006
2016-12-20@14:00:00,-0.052,-0.052,0.000
2016-12-20@13:30:00,-0.046,-0.052,0.007
2016-12-20@11:30:00,-0.039,-0.054,0.015
2016-12-20@11:00:00,-0.046,-0.058,0.012
2016-12-20@10:30:00,-0.050,-0.061,0.011
2016-12-20@10:00:00,-0.060,-0.064,0.004
2016-12-19@15:00:00,-0.062,-0.065,0.002
2016-12-19@14:30:00,-0.057,-0.065,0.008
2016-12-19@14:00:00,-0.049,-0.067,0.018
2016-12-19@13:30:00,-0.038,-0.072,0.033
2016-12-19@11:30:00,-0.036,-0.080,0.044
2016-12-19@11:00:00,-0.034,-0.091,0.056
2016-12-19@10:30:00,-0.015,-0.105,0.090
2016-12-19@10:00:00,0.001,-0.128,0.128
2016-12-16@15:00:00,-0.028,-0.160,0.132
2016-12-16@14:30:00,-0.064,-0.193,0.128
2016-12-16@14:00:00,-0.125,-0.225,0.100
2016-12-16@13:30:00,-0.133,-0.250,0.116
2016-12-16@11:30:00,-0.118,-0.279,0.160
2016-12-16@11:00:00,-0.137,-0.319,0.182
2016-12-16@10:30:00,-0.178,-0.364,0.186
2016-12-16@10:00:00,-0.221,-0.411,0.190
2016-12-15@15:00:00,-0.271,-0.458,0.187
2016-12-15@14:30:00,-0.298,-0.505,0.207
2016-12-15@14:00:00,-0.321,-0.557,0.236
2016-12-15@13:30:00,-0.370,-0.616,0.245
2016-12-15@11:30:00,-0.403,-0.677,0.274
2016-12-15@11:00:00,-0.491,-0.745,0.255
2016-12-15@10:30:00,-0.603,-0.809,0.206
2016-12-15@10:00:00,-0.684,-0.861,0.176
2016-12-14@15:00:00,-0.742,-0.905,0.163
2016-12-14@14:30:00,-0.763,-0.945,0.183
2016-12-14@14:00:00,-0.781,-0.991,0.211
2016-12-14@13:30:00,-0.845,-1.044,0.199
2016-12-14@11:30:00,-0.917,-1.093,0.177
2016-12-14@11:00:00,-0.994,-1.138,0.144
2016-12-14@10:30:00,-1.043,-1.174,0.130
2016-12-14@10:00:00,-1.071,-1.206,0.135
2016-12-13@15:00:00,-1.150,-1.240,0.090
2016-12-13@14:30:00,-1.208,-1.262,0.054
2016-12-13@14:00:00,-1.284,-1.276,-0.008
2016-12-13@13:30:00,-1.357,-1.274,-0.083
2016-12-13@11:30:00,-1.425,-1.253,-0.171
2016-12-13@11:00:00,-1.454,-1.210,-0.243
2016-12-13@10:30:00,-1.445,-1.150,-0.296
2016-12-13@10:00:00,-1.432,-1.076,-0.356
2016-12-12@15:00:00,-1.384,-0.987,-0.397
2016-12-12@14:30:00,-1.264,-0.887,-0.376
2016-12-12@14:00:00,-1.155,-0.793,-0.362
2016-12-12@13:30:00,-1.032,-0.703,-0.329
2016-12-12@11:30:00,-0.963,-0.620,-0.342
2016-12-12@11:00:00,-0.859,-0.535,-0.324
2016-12-12@10:30:00,-0.784,-0.454,-0.330
2016-12-12@10:00:00,-0.645,-0.371,-0.274
2016-12-09@15:00:00,-0.477,-0.303,-0.174
2016-12-09@14:30:00,-0.431,-0.259,-0.172
2016-12-09@14:00:00,-0.389,-0.216,-0.173
2016-12-09@13:30:00,-0.355,-0.173,-0.182
2016-12-09@11:30:00,-0.327,-0.128,-0.199
2016-12-09@11:00:00,-0.291,-0.078,-0.213
2016-12-09@10:30:00,-0.214,-0.025,-0.189
2016-12-09@10:00:00,-0.104,0.023,-0.127
2016-12-08@15:00:00,-0.033,0.054,-0.087
2016-12-08@14:30:00,0.024,0.076,-0.052
2016-12-08@14:00:00,0.044,0.089,-0.045
2016-12-08@13:30:00,0.053,0.101,-0.048
2016-12-08@11:30:00,0.078,0.112,-0.035
2016-12-08@11:00:00,0.105,0.121,-0.016
2016-12-08@10:30:00,0.122,0.125,-0.003
2016-12-08@10:00:00,0.143,0.126,0.017
2016-12-07@15:00:00,0.127,0.122,0.005
2016-12-07@14:30:00,0.085,0.120,-0.035
2016-12-07@14:00:00,0.054,0.129,-0.075
2016-12-07@13:30:00,0.054,0.148,-0.094
2016-12-07@11:30:00,0.053,0.172,-0.118
2016-12-07@11:00:00,0.061,0.201,-0.140
2016-12-07@10:30:00,0.093,0.236,-0.143
2016-12-07@10:00:00,0.160,0.272,-0.112
2016-12-06@15:00:00,0.215,0.300,-0.085
2016-12-06@14:30:00,0.232,0.321,-0.089
2016-12-06@14:00:00,0.256,0.343,-0.088
2016-12-06@13:30:00,0.271,0.365,-0.094
2016-12-06@11:30:00,0.273,0.389,-0.116
2016-12-06@11:00:00,0.274,0.418,-0.144
2016-12-06@10:30:00,0.299,0.454,-0.155
2016-12-06@10:00:00,0.283,0.493,-0.210
2016-12-05@15:00:00,0.253,0.545,-0.292
2016-12-05@14:30:00,0.311,0.618,-0.307
2016-12-05@14:00:00,0.398,0.695,-0.297
2016-12-05@13:30:00,0.471,0.770,-0.298
2016-12-05@11:30:00,0.530,0.844,-0.315
2016-12-05@11:00:00,0.603,0.923,-0.320
2016-12-05@10:30:00,0.681,1.003,-0.322
2016-12-05@10:00:00,0.748,1.083,-0.335
2016-12-02@15:00:00,0.878,1.167,-0.289
2016-12-02@14:30:00,0.983,1.240,-0.256
2016-12-02@14:00:00,1.092,1.304,-0.211
2016-12-02@13:30:00,1.169,1.356,-0.188
2016-12-02@11:30:00,1.277,1.403,-0.126
2016-12-02@11:00:00,1.375,1.435,-0.060
2016-12-02@10:30:00,1.440,1.450,-0.010
2016-12-02@10:00:00,1.512,1.452,0.060
2016-12-01@15:00:00,1.537,1.437,0.100
2016-12-01@14:30:00,1.521,1.412,0.109
2016-12-01@14:00:00,1.530,1.385,0.145
2016-12-01@13:30:00,1.526,1.349,0.177
2016-12-01@11:30:00,1.510,1.305,0.206
2016-12-01@11:00:00,1.523,1.253,0.270
2016-12-01@10:30:00,1.509,1.186,0.323
2016-12-01@10:00:00,1.454,1.105,0.349
2016-11-30@15:00:00,1.429,1.018,0.412
2016-11-30@14:30:00,1.393,0.915,0.479
2016-11-30@14:00:00,1.334,0.795,0.539
2016-11-30@13:30:00,1.246,0.660,0.586
2016-11-30@11:30:00,1.111,0.514,0.598
2016-11-30@11:00:00,0.948,0.365,0.584
2016-11-30@10:30:00,0.702,0.219,0.484
2016-11-30@10:00:00,0.363,0.098,0.266
2016-10-13@15:00:00,-0.063,0.031,-0.094
2016-10-13@14:30:00,-0.027,0.055,-0.082
2016-10-13@14:00:00,-0.004,0.075,-0.079
2016-10-13@13:30:00,0.021,0.095,-0.074
2016-10-13@11:30:00,0.053,0.114,-0.061
2016-10-13@11:00:00,0.084,0.129,-0.045
2016-10-13@10:30:00,0.122,0.140,-0.018
2016-10-13@10:00:00,0.178,0.145,0.033
2016-10-12@14:30:00,0.221,0.136,0.085
2016-10-12@14:00:00,0.235,0.115,0.120
2016-10-12@13:30:00,0.233,0.085,0.147
2016-10-12@11:30:00,0.212,0.048,0.163
2016-10-12@11:00:00,0.181,0.008,0.174
2016-10-12@10:30:00,0.095,-0.036,0.131
2016-10-12@10:00:00,0.051,-0.069,0.119
2016-10-11@15:00:00,0.037,-0.098,0.136
2016-10-11@14:30:00,-0.004,-0.132,0.128
2016-10-11@14:00:00,-0.045,-0.164,0.119
2016-10-11@13:30:00,-0.054,-0.194,0.140
2016-10-11@11:30:00,-0.053,-0.229,0.176
2016-10-11@11:00:00,-0.086,-0.273,0.187
2016-10-11@10:30:00,-0.120,-0.320,0.200
2016-10-11@10:00:00,-0.164,-0.370,0.205
2016-10-10@15:00:00,-0.228,-0.421,0.193
2016-10-10@14:30:00,-0.270,-0.469,0.199
2016-10-10@14:00:00,-0.326,-0.519,0.193
2016-10-10@13:30:00,-0.395,-0.568,0.172
2016-10-10@11:30:00,-0.478,-0.611,0.132
2016-10-10@11:00:00,-0.588,-0.644,0.055
2016-10-10@10:30:00,-0.658,-0.658,-0.001
2016-10-10@10:00:00,-0.672,-0.657,-0.015
2016-09-30@15:00:00,-0.688,-0.654,-0.034
2016-09-30@14:30:00,-0.666,-0.645,-0.021
2016-09-30@14:00:00,-0.668,-0.640,-0.029
2016-09-30@13:30:00,-0.653,-0.633,-0.020
2016-09-30@11:30:00,-0.653,-0.628,-0.025
2016-09-30@11:00:00,-0.613,-0.622,0.009
2016-09-30@10:30:00,-0.579,-0.624,0.045
2016-09-30@10:00:00,-0.559,-0.635,0.076
2016-09-29@15:00:00,-0.555,-0.654,0.099
2016-09-29@14:30:00,-0.561,-0.679,0.118
2016-09-29@14:00:00,-0.604,-0.708,0.104
2016-09-29@13:30:00,-0.638,-0.734,0.097
2016-09-29@11:30:00,-0.677,-0.758,0.081
2016-09-29@11:00:00,-0.704,-0.779,0.075
2016-09-29@10:30:00,-0.783,-0.798,0.014
2016-09-29@10:00:00,-0.866,-0.801,-0.065
2016-09-28@15:00:00,-0.981,-0.785,-0.196
2016-09-28@14:30:00,-0.935,-0.736,-0.199
2016-09-28@14:00:00,-0.933,-0.686,-0.247
2016-09-28@13:30:00,-0.939,-0.624,-0.314
2016-09-28@11:30:00,-0.952,-0.546,-0.406
2016-09-28@11:00:00,-0.921,-0.444,-0.477
2016-09-28@10:30:00,-0.869,-0.325,-0.544
2016-09-28@10:00:00,-0.772,-0.189,-0.582
2016-09-27@15:00:00,-0.652,-0.043,-0.608
2016-09-27@14:30:00,-0.636,0.109,-0.745
2016-09-27@14:00:00,-0.637,0.295,-0.932
2016-09-27@13:30:00,-0.467,0.528,-0.994
2016-09-27@11:30:00,-0.239,0.776,-1.016
2016-09-27@11:00:00,-0.024,1.030,-1.054
2016-09-27@10:30:00,0.246,1.294,-1.047
2016-09-27@10:00:00,0.601,1.556,-0.955
2016-09-26@15:00:00,0.924,1.794,-0.870
2016-09-26@14:30:00,1.143,2.012,-0.869
2016-09-26@14:00:00,1.405,2.229,-0.825
2016-09-26@13:30:00,1.691,2.435,-0.744
2016-09-26@11:30:00,1.924,2.621,-0.697
2016-09-26@11:00:00,2.178,2.796,-0.618
2016-09-26@10:30:00,2.407,2.950,-0.543
2016-09-26@10:00:00,2.739,3.086,-0.347
2016-09-23@15:00:00,3.108,3.173,-0.065
2016-09-23@14:30:00,3.205,3.189,0.016
2016-09-23@14:00:00,3.282,3.185,0.097
2016-09-23@13:30:00,3.332,3.161,0.171
2016-09-23@11:30:00,3.348,3.118,0.230
2016-09-23@11:00:00,3.319,3.060,0.259
2016-09-23@10:30:00,3.235,2.996,0.239
2016-09-23@10:00:00,3.080,2.936,0.144
2016-09-22@15:00:00,2.837,2.900,-0.063
2016-09-22@14:30:00,2.926,2.915,0.010
2016-09-22@14:00:00,2.996,2.913,0.084
2016-09-22@13:30:00,3.043,2.892,0.151
2016-09-22@11:30:00,3.058,2.854,0.204
2016-09-22@11:00:00,3.033,2.803,0.231
2016-09-22@10:30:00,2.958,2.745,0.212
2016-09-22@10:00:00,2.818,2.692,0.125
2016-09-21@15:00:00,2.598,2.661,-0.063
2016-09-21@14:30:00,2.680,2.677,0.003
2016-09-21@14:00:00,2.746,2.676,0.070
2016-09-21@13:30:00,2.790,2.658,0.131
2016-09-21@11:30:00,2.805,2.626,0.180
2016-09-21@11:00:00,2.784,2.581,0.204
2016-09-21@10:30:00,2.717,2.530,0.187
2016-09-21@10:00:00,2.592,2.483,0.109
2016-09-20@15:00:00,2.394,2.456,-0.062
2016-09-20@14:30:00,2.470,2.471,-0.001
2016-09-20@14:00:00,2.532,2.472,0.060
2016-09-20@13:30:00,2.573,2.457,0.116
2016-09-20@11:30:00,2.589,2.428,0.161
2016-09-20@11:00:00,2.571,2.387,0.184
2016-09-20@10:30:00,nan,nan,nan
2016-09-20@10:00:00,nan,nan,nan
2016-09-19@15:00:00,nan,nan,nan
2016-09-19@14:30:00,nan,nan,nan
2016-09-19@14:00:00,nan,nan,nan
2016-09-19@13:30:00,nan,nan,nan
2016-09-19@11:30:00,nan,nan,nan
2016-09-19@11:00:00,nan,nan,nan
2016-09-19@10:30:00,nan,nan,nan
2016-09-19@10:00:00,nan,nan,nan
2016-09-14@15:00:00,nan,nan,nan
2016-09-14@14:30:00,nan,nan,nan
2016-09-14@14:00:00,nan,nan,nan
2016-09-14@13:30:00,nan,nan,nan
2016-09-14@11:30:00,nan,nan,nan
2016-09-14@11:00:00,nan,nan,nan
2016-09-14@10:30:00,nan,nan,nan
2016-09-14@10:00:00,nan,nan,nan
2016-09-13@15:00:00,nan,nan,nan
2016-09-13@14:30:00,nan,nan,nan
2016-09-13@14:00:00,nan,nan,nan
2016-09-13@13:30:00,nan,nan,nan
2016-09-13@11:30:00,nan,nan,nan
2016-09-13@11:00:00,nan,nan,nan
2016-09-13@10:30:00,nan,nan,nan
2016-09-13@10:00:00,nan,nan,nan
2016-09-12@15:00:00,nan,nan,nan
2016-09-12@14:30:00,nan,nan,nan
2016-09-12@14:00:00,nan,nan,nan
2016-09-12@13:30:00,nan,nan,nan
2016-09-12@11:30:00,nan,nan,nan
2016-09-12@11:00:00,nan,nan,nan
2016-09-12@10:30:00,nan,nan,nan
