Not
2017-03-17@15:00:00,0.295,0.334,-0.040
2017-03-17@14:00:00,0.358,0.344,0.014
2017-03-17@11:30:00,0.380,0.341,0.039
2017-03-17@10:30:00,0.411,0.331,0.079
2017-03-16@15:00:00,0.387,0.311,0.075
2017-03-16@14:00:00,0.365,0.293,0.072
2017-03-16@11:30:00,0.305,0.275,0.030
2017-03-16@10:30:00,0.261,0.267,-0.006
2017-03-15@15:00:00,0.212,0.269,-0.057
2017-03-15@14:00:00,0.235,0.283,-0.048
2017-03-15@11:30:00,0.271,0.295,-0.024
2017-03-15@10:30:00,0.291,0.301,-0.010
2017-03-14@15:00:00,0.327,0.303,0.024
2017-03-14@14:00:00,0.330,0.297,0.033
2017-03-14@11:30:00,0.328,0.289,0.039
2017-03-14@10:30:00,0.338,0.279,0.059
2017-03-13@15:00:00,0.325,0.264,0.061
2017-03-13@14:00:00,0.292,0.249,0.043
2017-03-13@11:30:00,0.279,0.238,0.040
2017-03-13@10:30:00,0.278,0.228,0.050
2017-03-10@15:00:00,0.281,0.216,0.065
2017-03-10@14:00:00,0.257,0.200,0.057
2017-03-10@11:30:00,0.223,0.185,0.037
2017-03-10@10:30:00,0.194,0.176,0.018
2017-03-09@15:00:00,0.155,0.171,-0.016
2017-03-09@14:00:00,0.155,0.175,-0.021
2017-03-09@11:30:00,0.175,0.181,-0.005
2017-03-09@10:30:00,0.207,0.182,0.025
2017-03-08@15:00:00,0.237,0.176,0.061
2017-03-08@14:00:00,0.233,0.160,0.072
2017-03-08@11:30:00,0.224,0.142,0.082
2017-03-08@10:30:00,0.213,0.122,0.091
2017-03-07@15:00:00,0.174,0.099,0.076
2017-03-07@14:00:00,0.128,0.080,0.048
2017-03-07@11:30:00,0.104,0.068,0.036
2017-03-07@10:30:00,0.101,0.059,0.042
2017-03-06@15:00:00,0.074,0.049,0.026
2017-03-06@14:00:00,0.037,0.042,-0.005
2017-03-06@11:30:00,0.020,0.043,-0.023
2017-03-06@10:30:00,0.002,0.049,-0.047
2017-03-03@15:00:00,-0.027,0.061,-0.088
2017-03-03@14:00:00,-0.025,0.083,-0.108
2017-03-03@11:30:00,0.005,0.110,-0.105
2017-03-03@10:30:00,0.043,0.137,-0.093
2017-03-02@15:00:00,0.105,0.160,-0.055
2017-03-02@14:00:00,0.132,0.174,-0.042
2017-03-02@11:30:00,0.139,0.184,-0.045
2017-03-02@10:30:00,0.153,0.195,-0.043
2017-03-01@15:00:00,0.184,0.206,-0.022
2017-03-01@14:00:00,0.199,0.212,-0.012
2017-03-01@11:30:00,0.215,0.215,0.000
2017-03-01@10:30:00,0.226,0.215,0.011
2017-02-28@15:00:00,0.216,0.212,0.004
2017-02-28@14:00:00,0.222,0.211,0.011
2017-02-28@11:30:00,0.238,0.208,0.030
2017-02-28@10:30:00,0.245,0.201,0.044
2017-02-27@15:00:00,0.261,0.190,0.071
2017-02-27@14:00:00,0.279,0.172,0.107
2017-02-27@11:30:00,0.283,0.145,0.138
2017-02-27@10:30:00,0.278,0.111,0.167
2017-02-24@15:00:00,0.249,0.069,0.180
2017-02-24@14:00:00,0.171,0.024,0.147
2017-02-24@11:30:00,0.103,-0.012,0.115
2017-02-24@10:30:00,0.046,-0.041,0.088
2017-02-23@15:00:00,0.006,-0.063,0.069
2017-02-23@14:00:00,-0.036,-0.080,0.045
2017-02-23@11:30:00,-0.070,-0.091,0.021
2017-02-23@10:30:00,-0.084,-0.097,0.013
2017-02-22@15:00:00,-0.079,-0.100,0.021
2017-02-22@14:00:00,-0.102,-0.105,0.003
2017-02-22@11:30:00,-0.120,-0.106,-0.014
2017-02-22@10:30:00,-0.121,-0.103,-0.018
2017-02-21@15:00:00,-0.133,-0.098,-0.035
2017-02-21@14:00:00,-0.145,-0.089,-0.056
2017-02-21@11:30:00,-0.157,-0.075,-0.082
2017-02-21@10:30:00,-0.177,-0.055,-0.122
2017-02-20@15:00:00,-0.166,-0.024,-0.142
2017-02-20@14:00:00,-0.142,0.011,-0.153
2017-02-20@11:30:00,-0.076,0.049,-0.125
2017-02-20@10:30:00,-0.003,0.080,-0.084
2017-02-17@15:00:00,0.056,0.101,-0.045
2017-02-17@14:00:00,0.072,0.112,-0.040
2017-02-17@11:30:00,0.083,0.123,-0.040
2017-02-17@10:30:00,0.101,0.132,-0.031
2017-02-16@15:00:00,0.082,0.140,-0.058
2017-02-16@14:00:00,0.101,0.155,-0.054
2017-02-16@11:30:00,0.133,0.168,-0.035
2017-02-16@10:30:00,0.172,0.177,-0.005
2017-02-15@15:00:00,0.208,0.179,0.029
2017-02-15@14:00:00,0.219,0.171,0.048
2017-02-15@11:30:00,0.180,0.159,0.020
2017-02-15@10:30:00,0.170,0.154,0.016
2017-02-14@15:00:00,0.162,0.150,0.012
2017-02-14@14:00:00,0.157,0.147,0.010
2017-02-14@11:30:00,0.165,0.145,0.020
2017-02-14@10:30:00,0.156,0.140,0.017
2017-02-13@15:00:00,0.172,0.136,0.036
2017-02-13@14:00:00,0.167,0.126,0.041
2017-02-13@11:30:00,0.154,0.116,0.038
2017-02-13@10:30:00,0.126,0.107,0.019
2017-02-10@15:00:00,0.131,0.102,0.028
2017-02-10@14:00:00,0.161,0.095,0.066
2017-02-10@11:30:00,0.171,0.079,0.092
2017-02-10@10:30:00,0.193,0.056,0.138
2017-02-09@15:00:00,0.201,0.021,0.180
2017-02-09@14:00:00,0.172,-0.024,0.196
2017-02-09@11:30:00,0.135,-0.073,0.207
2017-02-09@10:30:00,0.091,-0.125,0.216
2017-02-08@15:00:00,0.014,-0.179,0.193
2017-02-08@14:00:00,-0.060,-0.227,0.167
2017-02-08@11:30:00,-0.108,-0.269,0.160
2017-02-08@10:30:00,-0.142,-0.309,0.167
2017-02-07@15:00:00,-0.172,-0.350,0.179
2017-02-07@14:00:00,-0.206,-0.395,0.189
2017-02-07@11:30:00,-0.233,-0.442,0.210
2017-02-07@10:30:00,-0.259,-0.495,0.235
2017-02-06@15:00:00,-0.319,-0.554,0.235
2017-02-06@14:00:00,-0.418,-0.613,0.195
2017-02-06@11:30:00,-0.504,-0.661,0.157
2017-02-06@10:30:00,-0.601,-0.700,0.100
2017-02-03@15:00:00,-0.655,-0.725,0.071
2017-02-03@14:00:00,-0.671,-0.743,0.072
2017-02-03@11:30:00,-0.701,-0.761,0.060
2017-02-03@10:30:00,-0.706,-0.776,0.070
2017-01-26@15:00:00,-0.712,-0.794,0.082
2017-01-26@14:00:00,-0.749,-0.814,0.066
2017-01-26@11:30:00,-0.786,-0.831,0.045
2017-01-26@10:30:00,-0.816,-0.842,0.026
2017-01-25@15:00:00,-0.843,-0.848,0.006
2017-01-25@14:00:00,-0.864,-0.850,-0.015
2017-01-25@11:30:00,-0.850,-0.846,-0.004
2017-01-25@10:30:00,-0.841,-0.845,0.003
2017-01-24@15:00:00,-0.802,-0.846,0.044
2017-01-24@14:00:00,-0.784,-0.857,0.073
2017-01-24@11:30:00,-0.793,-0.875,0.081
2017-01-24@10:30:00,-0.807,-0.895,0.088
2017-01-23@15:00:00,-0.819,-0.917,0.098
2017-01-23@14:00:00,-0.847,-0.942,0.094
2017-01-23@11:30:00,-0.884,-0.965,0.082
2017-01-23@10:30:00,-0.921,-0.986,0.064
2017-01-20@15:00:00,-0.976,-1.002,0.026
2017-01-20@14:00:00,-1.010,-1.008,-0.001
2017-01-20@11:30:00,-1.059,-1.008,-0.051
2017-01-20@10:30:00,-1.111,-0.995,-0.116
2017-01-19@15:00:00,-1.143,-0.966,-0.177
2017-01-19@14:00:00,-1.132,-0.922,-0.210
2017-01-19@11:30:00,-1.102,-0.869,-0.233
2017-01-19@10:30:00,-1.109,-0.811,-0.298
2017-01-18@15:00:00,-1.071,-0.737,-0.335
2017-01-18@14:00:00,-0.992,-0.653,-0.339
2017-01-18@11:30:00,-0.948,-0.568,-0.380
2017-01-18@10:30:00,-0.885,-0.473,-0.412
2017-01-17@15:00:00,-0.794,-0.370,-0.424
2017-01-17@14:00:00,-0.797,-0.264,-0.533
2017-01-17@11:30:00,-0.761,-0.131,-0.630
2017-01-17@10:30:00,-0.466,0.027,-0.492
2017-01-16@15:00:00,-0.152,0.150,-0.302
2017-01-16@14:00:00,0.018,0.225,-0.207
2017-01-16@11:30:00,0.175,0.277,-0.102
2017-01-16@10:30:00,0.343,0.303,0.040
2017-01-13@15:00:00,0.558,0.293,0.265
2017-01-13@14:00:00,0.550,0.226,0.324
2017-01-13@11:30:00,0.455,0.145,0.310
2017-01-13@10:30:00,0.332,0.068,0.264
2017-01-12@15:00:00,0.243,0.002,0.241
2017-01-12@14:00:00,0.254,-0.058,0.312
2017-01-12@11:30:00,0.211,-0.136,0.347
2017-01-12@10:30:00,0.152,-0.223,0.375
2017-01-11@15:00:00,0.116,-0.317,0.433
2017-01-11@14:00:00,-0.026,-0.425,0.400
2017-01-11@11:30:00,-0.207,-0.525,0.319
2017-01-11@10:30:00,-0.434,-0.605,0.170
2017-01-10@15:00:00,-0.719,-0.647,-0.071
2017-01-10@14:00:00,-0.709,-0.630,-0.079
2017-01-10@11:30:00,-0.720,-0.610,-0.110
2017-01-10@10:30:00,-0.736,-0.582,-0.154
2017-01-09@15:00:00,-0.736,-0.544,-0.193
2017-01-09@14:00:00,-0.709,-0.495,-0.214
2017-01-09@11:30:00,-0.660,-0.442,-0.218
2017-01-09@10:30:00,-0.615,-0.388,-0.228
2017-01-06@15:00:00,-0.503,-0.331,-0.172
2017-01-06@14:00:00,-0.427,-0.288,-0.139
2017-01-06@11:30:00,-0.343,-0.253,-0.091
2017-01-06@10:30:00,-0.256,-0.230,-0.026
2017-01-05@15:00:00,-0.164,-0.224,0.060
2017-01-05@14:00:00,-0.139,-0.239,0.100
2017-01-05@11:30:00,-0.139,-0.264,0.125
2017-01-05@10:30:00,-0.147,-0.295,0.148
2017-01-04@15:00:00,-0.177,-0.332,0.155
2017-01-04@14:00:00,-0.224,-0.370,0.146
2017-01-04@11:30:00,-0.274,-0.407,0.133
2017-01-04@10:30:00,-0.326,-0.440,0.114
2017-01-03@15:00:00,-0.367,-0.469,0.102
2017-01-03@14:00:00,-0.417,-0.494,0.077
2017-01-03@11:30:00,-0.477,-0.514,0.037
2017-01-03@10:30:00,-0.508,-0.523,0.015
2016-12-30@15:00:00,-0.558,-0.527,-0.031
2016-12-30@14:00:00,-0.553,-0.519,-0.034
2016-12-30@11:30:00,-0.564,-0.511,-0.053
2016-12-30@10:30:00,-0.545,-0.497,-0.048
2016-12-29@15:00:00,-0.530,-0.485,-0.044
2016-12-29@14:00:00,-0.518,-0.474,-0.043
2016-12-29@11:30:00,-0.519,-0.464,-0.055
2016-12-29@10:30:00,-0.530,-0.450,-0.080
2016-12-28@15:00:00,-0.502,-0.430,-0.072
2016-12-28@14:00:00,-0.466,-0.412,-0.054
2016-12-28@11:30:00,-0.456,-0.398,-0.058
2016-12-28@10:30:00,-0.450,-0.384,-0.066
2016-12-27@15:00:00,-0.416,-0.367,-0.049
2016-12-27@14:00:00,-0.402,-0.355,-0.048
2016-12-27@11:30:00,-0.401,-0.343,-0.058
2016-12-27@10:30:00,-0.408,-0.328,-0.080
2016-12-26@15:00:00,-0.405,-0.308,-0.097
2016-12-26@14:00:00,-0.437,-0.284,-0.153
2016-12-26@11:30:00,-0.412,-0.246,-0.166
2016-12-26@10:30:00,-0.352,-0.204,-0.148
2016-12-23@15:00:00,-0.189,-0.167,-0.021
2016-12-23@14:00:00,-0.131,-0.162,0.031
2016-12-23@11:30:00,-0.065,-0.170,0.105
2016-12-23@10:30:00,-0.042,-0.196,0.154
2016-12-22@15:00:00,-0.031,-0.235,0.204
2016-12-22@14:00:00,-0.103,-0.286,0.183
2016-12-22@11:30:00,-0.203,-0.331,0.128
2016-12-22@10:30:00,-0.254,-0.363,0.110
2016-12-21@15:00:00,-0.264,-0.391,0.127
2016-12-21@14:00:00,-0.302,-0.422,0.120
2016-12-21@11:30:00,-0.332,-0.453,0.121
2016-12-21@10:30:00,-0.341,-0.483,0.142
2016-12-20@15:00:00,-0.379,-0.518,0.139
2016-12-20@14:00:00,-0.409,-0.553,0.144
2016-12-20@11:30:00,-0.428,-0.589,0.161
2016-12-20@10:30:00,-0.465,-0.629,0.164
2016-12-19@15:00:00,-0.505,-0.670,0.165
2016-12-19@14:00:00,-0.533,-0.711,0.178
2016-12-19@11:30:00,-0.562,-0.756,0.194
2016-12-19@10:30:00,-0.603,-0.805,0.202
2016-12-16@15:00:00,-0.639,-0.855,0.216
2016-12-16@14:00:00,-0.725,-0.909,0.184
2016-12-16@11:30:00,-0.773,-0.955,0.182
2016-12-16@10:30:00,-0.838,-1.000,0.163
2016-12-15@15:00:00,-0.920,-1.041,0.121
2016-12-15@14:00:00,-0.978,-1.071,0.094
2016-12-15@11:30:00,-1.055,-1.095,0.040
2016-12-15@10:30:00,-1.165,-1.104,-0.060
2016-12-14@15:00:00,-1.242,-1.089,-0.153
2016-12-14@14:00:00,-1.246,-1.051,-0.195
2016-12-14@11:30:00,-1.287,-1.002,-0.285
2016-12-14@10:30:00,-1.322,-0.931,-0.391
2016-12-13@15:00:00,-1.293,-0.833,-0.459
2016-12-13@14:00:00,-1.270,-0.718,-0.551
2016-12-13@11:30:00,-1.236,-0.581,-0.656
2016-12-13@10:30:00,-1.133,-0.417,-0.716
2016-12-12@15:00:00,-0.978,-0.238,-0.741
2016-12-12@14:00:00,-0.718,-0.052,-0.666
2016-12-12@11:30:00,-0.471,0.114,-0.585
2016-12-12@10:30:00,-0.250,0.260,-0.511
2016-12-09@15:00:00,-0.003,0.388,-0.391
2016-12-09@14:00:00,0.118,0.486,-0.368
2016-12-09@11:30:00,0.223,0.578,-0.354
2016-12-09@10:30:00,0.329,0.666,-0.337
2016-12-08@15:00:00,0.495,0.751,-0.256
2016-12-08@14:00:00,0.594,0.815,-0.221
2016-12-08@11:30:00,0.644,0.870,-0.226
2016-12-08@10:30:00,0.708,0.927,-0.218
2016-12-07@15:00:00,0.766,0.981,-0.215
2016-12-07@14:00:00,0.769,1.035,-0.266
2016-12-07@11:30:00,0.824,1.102,-0.278
2016-12-07@10:30:00,0.892,1.171,-0.279
2016-12-06@15:00:00,1.018,1.241,-0.223
2016-12-06@14:00:00,1.085,1.296,-0.212
2016-12-06@11:30:00,1.148,1.349,-0.201
2016-12-06@10:30:00,1.202,1.400,-0.198
2016-12-05@15:00:00,1.236,1.449,-0.213
2016-12-05@14:00:00,1.356,1.502,-0.146
2016-12-05@11:30:00,1.476,1.539,-0.063
2016-12-05@10:30:00,1.585,1.555,0.030
2016-12-02@15:00:00,1.672,1.547,0.125
2016-12-02@14:00:00,1.767,1.516,0.251
2016-12-02@11:30:00,1.803,1.453,0.350
2016-12-02@10:30:00,1.830,1.365,0.465
2016-12-01@15:00:00,1.808,1.249,0.559
2016-12-01@14:00:00,1.683,1.109,0.573
2016-12-01@11:30:00,1.556,0.966,0.590
2016-12-01@10:30:00,1.438,0.818,0.619
2016-11-30@15:00:00,1.243,0.664,0.580
2016-11-30@14:00:00,1.060,0.519,0.541
2016-11-30@11:30:00,0.825,0.383,0.441
2016-11-30@10:30:00,0.533,0.273,0.259
2016-10-13@15:00:00,0.113,0.208,-0.095
2016-10-13@14:00:00,0.167,0.232,-0.065
2016-10-13@11:30:00,0.206,0.248,-0.042
2016-10-13@10:30:00,0.244,0.259,-0.015
2016-10-12@15:00:00,0.298,0.263,0.035
2016-10-12@14:00:00,0.285,0.254,0.031
2016-10-12@11:30:00,0.261,0.246,0.015
2016-10-12@10:30:00,0.213,0.242,-0.029
2016-10-11@15:00:00,0.170,0.250,-0.080
2016-10-11@14:00:00,0.132,0.270,-0.137
2016-10-11@11:30:00,0.137,0.304,-0.167
2016-10-11@10:30:00,0.118,0.346,-0.228
2016-10-10@15:00:00,0.096,0.402,-0.307
2016-10-10@14:00:00,0.092,0.479,-0.387
2016-10-10@11:30:00,0.078,0.576,-0.498
2016-10-10@10:30:00,0.047,0.700,-0.653
2016-09-30@15:00:00,0.135,0.864,-0.729
2016-09-30@14:00:00,0.269,1.046,-0.777
2016-09-30@11:30:00,0.405,1.240,-0.835
2016-09-30@10:30:00,0.575,1.449,-0.874
2016-09-29@15:00:00,0.724,1.667,-0.943
2016-09-29@14:00:00,0.857,1.903,-1.046
2016-09-29@11:30:00,0.982,2.165,-1.183
2016-09-29@10:30:00,1.136,2.460,-1.325
2016-09-28@15:00:00,1.266,2.792,-1.525
2016-09-28@14:00:00,1.571,3.173,-1.602
2016-09-28@11:30:00,1.846,3.573,-1.728
2016-09-28@10:30:00,2.183,4.005,-1.823
2016-09-27@15:00:00,2.600,4.461,-1.861
2016-09-27@14:00:00,nan,nan,nan
2016-09-27@11:30:00,nan,nan,nan
2016-09-27@10:30:00,nan,nan,nan
2016-09-26@15:00:00,nan,nan,nan
2016-09-26@14:00:00,nan,nan,nan
2016-09-26@11:30:00,nan,nan,nan
2016-09-26@10:30:00,nan,nan,nan
2016-09-23@15:00:00,nan,nan,nan
2016-09-23@14:00:00,nan,nan,nan
2016-09-23@11:30:00,nan,nan,nan
2016-09-23@10:30:00,nan,nan,nan
2016-09-22@15:00:00,nan,nan,nan
2016-09-22@14:00:00,nan,nan,nan
2016-09-22@11:30:00,nan,nan,nan
2016-09-22@10:30:00,nan,nan,nan
2016-09-21@15:00:00,nan,nan,nan
2016-09-21@14:00:00,nan,nan,nan
2016-09-21@11:30:00,nan,nan,nan
2016-09-21@10:30:00,nan,nan,nan
2016-09-20@15:00:00,nan,nan,nan
2016-09-20@14:00:00,nan,nan,nan
2016-09-20@11:30:00,nan,nan,nan
2016-09-20@10:30:00,nan,nan,nan
2016-09-19@15:00:00,nan,nan,nan
2016-09-19@14:00:00,nan,nan,nan
2016-09-19@11:30:00,nan,nan,nan
2016-09-19@10:30:00,nan,nan,nan
2016-09-14@15:00:00,nan,nan,nan
2016-09-14@14:00:00,nan,nan,nan
2016-09-14@11:30:00,nan,nan,nan
2016-09-14@10:30:00,nan,nan,nan
2016-09-13@15:00:00,nan,nan,nan
2016-09-13@14:00:00,nan,nan,nan
