2017-03-17@15:00:00,151.720,125.609,99.498
2017-03-17@14:00:00,152.337,123.666,94.994
2017-03-17@11:30:00,152.024,121.642,91.260
2017-03-17@10:30:00,151.369,119.706,88.043
2017-03-16@15:00:00,149.027,117.440,85.853
2017-03-16@14:00:00,147.019,114.771,82.523
2017-03-16@11:30:00,144.119,112.102,80.085
2017-03-16@10:30:00,140.309,109.433,78.557
2017-03-15@15:00:00,135.478,106.764,78.050
2017-03-15@14:00:00,133.653,104.338,75.022
2017-03-15@11:30:00,131.017,101.911,72.805
2017-03-15@10:30:00,127.552,99.484,71.417
2017-03-14@15:00:00,123.160,97.058,70.956
2017-03-14@14:00:00,121.501,94.852,68.203
2017-03-14@11:30:00,119.106,92.646,66.186
2017-03-14@10:30:00,115.957,90.440,64.923
2017-03-13@15:00:00,111.965,88.234,64.503
2017-03-13@14:00:00,110.457,86.229,62.000
2017-03-13@11:30:00,108.279,84.223,60.167
2017-03-13@10:30:00,105.416,82.218,59.019
2017-03-10@15:00:00,101.787,80.212,58.637
2017-03-10@14:00:00,100.416,78.389,56.362
2017-03-10@11:30:00,98.436,76.566,54.696
2017-03-10@10:30:00,95.834,74.743,53.652
2017-03-09@15:00:00,92.535,72.920,53.305
2017-03-09@14:00:00,91.288,71.263,51.237
2017-03-09@11:30:00,89.487,69.605,49.723
2017-03-09@10:30:00,87.120,67.948,48.775
2017-03-08@15:00:00,84.120,66.290,48.460
2017-03-08@14:00:00,nan,nan,nan
2017-03-08@11:30:00,nan,nan,nan
2017-03-08@10:30:00,nan,nan,nan
2017-03-07@15:00:00,nan,nan,nan
2017-03-07@14:00:00,nan,nan,nan
2017-03-07@11:30:00,nan,nan,nan
2017-03-07@10:30:00,nan,nan,nan
2017-03-06@15:00:00,nan,nan,nan
2017-03-06@14:00:00,nan,nan,nan
2017-03-06@11:30:00,nan,nan,nan
2017-03-06@10:30:00,nan,nan,nan
2017-03-03@15:00:00,nan,nan,nan
2017-03-03@14:00:00,nan,nan,nan
2017-03-03@11:30:00,nan,nan,nan
2017-03-03@10:30:00,nan,nan,nan
2017-03-02@15:00:00,nan,nan,nan
2017-03-02@14:00:00,nan,nan,nan
2017-03-02@11:30:00,nan,nan,nan
2017-03-02@10:30:00,nan,nan,nan
