2017-03-17@15:00:00,15.385,15.126,14.867
2017-03-17@14:00:00,15.385,15.121,14.857
2017-03-17@11:30:00,15.371,15.111,14.851
2017-03-17@10:30:00,15.349,15.098,14.848
2017-03-16@15:00:00,15.324,15.087,14.849
2017-03-16@14:00:00,15.275,15.070,14.866
2017-03-16@11:30:00,15.236,15.057,14.878
2017-03-16@10:30:00,15.180,15.043,14.906
2017-03-15@15:00:00,15.091,15.030,14.969
2017-03-15@14:00:00,15.117,15.037,14.957
2017-03-15@11:30:00,15.145,15.048,14.952
2017-03-15@10:30:00,15.173,15.057,14.942
2017-03-14@15:00:00,15.199,15.067,14.936
2017-03-14@14:00:00,15.228,15.078,14.929
2017-03-14@11:30:00,15.245,15.086,14.928
2017-03-14@10:30:00,15.261,15.093,14.925
2017-03-13@15:00:00,15.278,15.100,14.923
2017-03-13@14:00:00,15.298,15.109,14.920
2017-03-13@11:30:00,15.307,15.117,14.927
2017-03-13@10:30:00,15.316,15.126,14.936
2017-03-10@15:00:00,15.311,15.135,14.959
2017-03-10@14:00:00,15.307,15.139,14.972
2017-03-10@11:30:00,15.305,15.144,14.983
2017-03-10@10:30:00,15.302,15.148,14.995
2017-03-09@15:00:00,15.300,15.155,15.010
2017-03-09@14:00:00,15.300,15.164,15.029
2017-03-09@11:30:00,15.305,15.177,15.050
2017-03-09@10:30:00,15.320,15.193,15.066
2017-03-08@15:00:00,15.315,15.203,15.092
2017-03-08@14:00:00,15.317,15.207,15.098
2017-03-08@11:30:00,15.329,15.213,15.097
2017-03-08@10:30:00,15.344,15.219,15.094
2017-03-07@15:00:00,15.349,15.222,15.095
2017-03-07@14:00:00,15.350,15.223,15.095
2017-03-07@11:30:00,15.351,15.224,15.096
2017-03-07@10:30:00,15.358,15.228,15.097
2017-03-06@15:00:00,15.364,15.231,15.097
2017-03-06@14:00:00,15.362,15.229,15.096
2017-03-06@11:30:00,15.366,15.233,15.099
2017-03-06@10:30:00,15.372,15.237,15.101
2017-03-03@15:00:00,15.373,15.243,15.113
2017-03-03@14:00:00,15.385,15.258,15.130
2017-03-03@11:30:00,15.383,15.267,15.151
2017-03-03@10:30:00,15.371,15.276,15.181
2017-03-02@15:00:00,15.365,15.283,15.200
2017-03-02@14:00:00,15.368,15.288,15.208
2017-03-02@11:30:00,15.372,15.291,15.209
2017-03-02@10:30:00,15.376,15.292,15.207
2017-03-01@15:00:00,15.385,15.297,15.208
2017-03-01@14:00:00,15.438,15.311,15.184
2017-03-01@11:30:00,15.466,15.320,15.174
2017-03-01@10:30:00,15.481,15.326,15.171
2017-02-28@15:00:00,15.499,15.336,15.172
2017-02-28@14:00:00,15.542,15.352,15.162
2017-02-28@11:30:00,15.573,15.369,15.165
2017-02-28@10:30:00,15.608,15.385,15.161
2017-02-27@15:00:00,15.634,15.399,15.164
2017-02-27@14:00:00,15.655,15.418,15.182
2017-02-27@11:30:00,15.661,15.431,15.201
2017-02-27@10:30:00,15.659,15.438,15.217
2017-02-24@15:00:00,15.656,15.448,15.239
2017-02-24@14:00:00,15.656,15.448,15.239
2017-02-24@11:30:00,15.656,15.456,15.255
2017-02-24@10:30:00,15.652,15.465,15.277
2017-02-23@15:00:00,15.673,15.483,15.292
2017-02-23@14:00:00,15.675,15.482,15.288
2017-02-23@11:30:00,15.673,15.483,15.292
2017-02-23@10:30:00,15.676,15.481,15.286
2017-02-22@15:00:00,15.683,15.478,15.272
2017-02-22@14:00:00,15.696,15.463,15.229
2017-02-22@11:30:00,15.696,15.455,15.213
2017-02-22@10:30:00,15.699,15.447,15.195
2017-02-21@15:00:00,15.698,15.440,15.181
2017-02-21@14:00:00,15.681,15.428,15.175
2017-02-21@11:30:00,15.664,15.416,15.167
2017-02-21@10:30:00,15.638,15.403,15.167
2017-02-20@15:00:00,15.613,15.392,15.171
2017-02-20@14:00:00,15.578,15.381,15.184
2017-02-20@11:30:00,15.562,15.376,15.189
2017-02-20@10:30:00,15.566,15.377,15.188
2017-02-17@15:00:00,15.557,15.373,15.189
2017-02-17@14:00:00,15.564,15.363,15.162
2017-02-17@11:30:00,15.550,15.352,15.154
2017-02-17@10:30:00,15.544,15.335,15.126
2017-02-16@15:00:00,15.472,15.310,15.148
2017-02-16@14:00:00,15.485,15.300,15.114
2017-02-16@11:30:00,15.486,15.289,15.092
2017-02-16@10:30:00,15.485,15.280,15.075
2017-02-15@15:00:00,15.483,15.277,15.070
2017-02-15@14:00:00,15.485,15.273,15.061
2017-02-15@11:30:00,15.483,15.264,15.045
2017-02-15@10:30:00,15.534,15.240,14.946
2017-02-14@15:00:00,15.558,15.216,14.874
2017-02-14@14:00:00,15.565,15.190,14.815
2017-02-14@11:30:00,15.567,15.165,14.763
2017-02-14@10:30:00,15.560,15.139,14.718
2017-02-13@15:00:00,15.535,15.115,14.695
2017-02-13@14:00:00,15.499,15.093,14.687
2017-02-13@11:30:00,15.453,15.070,14.687
2017-02-13@10:30:00,15.386,15.046,14.707
2017-02-10@15:00:00,15.328,15.027,14.726
2017-02-10@14:00:00,15.308,15.014,14.721
2017-02-10@11:30:00,15.272,15.001,14.730
2017-02-10@10:30:00,15.256,14.991,14.727
2017-02-09@15:00:00,15.235,14.982,14.729
2017-02-09@14:00:00,15.241,14.984,14.727
2017-02-09@11:30:00,15.241,14.984,14.727
2017-02-09@10:30:00,15.228,14.979,14.731
2017-02-08@15:00:00,15.195,14.970,14.746
2017-02-08@14:00:00,15.169,14.959,14.749
2017-02-08@11:30:00,15.142,14.949,14.756
2017-02-08@10:30:00,15.139,14.957,14.775
2017-02-07@15:00:00,15.138,14.966,14.793
2017-02-07@14:00:00,15.138,14.966,14.793
2017-02-07@11:30:00,15.133,14.969,14.805
2017-02-07@10:30:00,15.125,14.974,14.823
2017-02-06@15:00:00,15.123,14.977,14.830
2017-02-06@14:00:00,15.130,14.981,14.832
2017-02-06@11:30:00,15.140,14.987,14.834
2017-02-06@10:30:00,15.144,14.990,14.835
2017-02-03@15:00:00,15.164,14.997,14.829
2017-02-03@14:00:00,15.169,15.002,14.835
2017-02-03@11:30:00,15.175,15.006,14.836
2017-02-03@10:30:00,15.175,15.008,14.841
2017-01-26@15:00:00,15.176,15.006,14.835
2017-01-26@14:00:00,15.163,14.991,14.819
2017-01-26@11:30:00,15.146,14.976,14.806
2017-01-26@10:30:00,15.136,14.971,14.806
2017-01-25@15:00:00,15.131,14.969,14.806
2017-01-25@14:00:00,15.131,14.969,14.807
2017-01-25@11:30:00,15.136,14.973,14.810
2017-01-25@10:30:00,15.143,14.977,14.811
2017-01-24@15:00:00,15.167,14.985,14.802
2017-01-24@14:00:00,15.169,14.997,14.825
2017-01-24@11:30:00,15.175,15.007,14.838
2017-01-24@10:30:00,15.175,15.011,14.846
2017-01-23@15:00:00,15.199,15.023,14.846
2017-01-23@14:00:00,15.230,15.032,14.834
2017-01-23@11:30:00,15.294,15.047,14.800
2017-01-23@10:30:00,15.356,15.065,14.774
2017-01-20@15:00:00,15.447,15.086,14.725
2017-01-20@14:00:00,15.606,15.125,14.643
2017-01-20@11:30:00,15.739,15.164,14.589
2017-01-20@10:30:00,15.864,15.210,14.555
2017-01-19@15:00:00,15.948,15.255,14.562
2017-01-19@14:00:00,15.997,15.300,14.602
2017-01-19@11:30:00,16.032,15.344,14.656
2017-01-19@10:30:00,16.079,15.387,14.694
2017-01-18@15:00:00,16.109,15.425,14.740
2017-01-18@14:00:00,16.110,15.459,14.808
2017-01-18@11:30:00,16.112,15.490,14.868
2017-01-18@10:30:00,16.111,15.520,14.928
2017-01-17@15:00:00,16.121,15.549,14.976
2017-01-17@14:00:00,16.107,15.576,15.045
2017-01-17@11:30:00,16.088,15.607,15.125
2017-01-17@10:30:00,16.035,15.642,15.248
2017-01-16@15:00:00,15.998,15.666,15.333
2017-01-16@14:00:00,15.952,15.686,15.419
2017-01-16@11:30:00,15.925,15.701,15.476
2017-01-16@10:30:00,15.893,15.716,15.539
2017-01-13@15:00:00,15.886,15.720,15.554
2017-01-13@14:00:00,15.874,15.711,15.548
2017-01-13@11:30:00,15.858,15.707,15.555
2017-01-13@10:30:00,15.817,15.697,15.577
2017-01-12@15:00:00,15.793,15.690,15.587
2017-01-12@14:00:00,15.792,15.690,15.587
2017-01-12@11:30:00,15.797,15.691,15.585
2017-01-12@10:30:00,15.789,15.690,15.590
2017-01-11@15:00:00,15.808,15.694,15.579
2017-01-11@14:00:00,15.828,15.704,15.580
2017-01-11@11:30:00,15.841,15.713,15.584
2017-01-11@10:30:00,15.848,15.720,15.592
2017-01-10@15:00:00,15.848,15.721,15.593
2017-01-10@14:00:00,15.847,15.726,15.605
2017-01-10@11:30:00,15.847,15.727,15.606
2017-01-10@10:30:00,15.848,15.728,15.607
2017-01-09@15:00:00,15.852,15.734,15.615
2017-01-09@14:00:00,15.863,15.730,15.597
2017-01-09@11:30:00,15.863,15.730,15.597
2017-01-09@10:30:00,15.893,15.718,15.543
2017-01-06@15:00:00,15.898,15.715,15.531
2017-01-06@14:00:00,15.904,15.711,15.517
2017-01-06@11:30:00,15.899,15.704,15.509
2017-01-06@10:30:00,15.897,15.699,15.500
2017-01-05@15:00:00,15.902,15.691,15.480
2017-01-05@14:00:00,15.899,15.684,15.468
2017-01-05@11:30:00,15.890,15.676,15.462
2017-01-05@10:30:00,15.878,15.669,15.460
2017-01-04@15:00:00,15.857,15.661,15.464
2017-01-04@14:00:00,15.836,15.655,15.473
2017-01-04@11:30:00,15.825,15.652,15.478
2017-01-04@10:30:00,15.825,15.652,15.478
2017-01-03@15:00:00,15.832,15.654,15.475
2017-01-03@14:00:00,15.846,15.658,15.469
2017-01-03@11:30:00,15.852,15.660,15.468
2017-01-03@10:30:00,15.849,15.658,15.467
2016-12-30@15:00:00,15.834,15.652,15.470
2016-12-30@14:00:00,15.834,15.657,15.480
2016-12-30@11:30:00,15.837,15.659,15.480
2016-12-30@10:30:00,15.828,15.671,15.514
2016-12-29@15:00:00,15.831,15.679,15.527
2016-12-29@14:00:00,15.840,15.691,15.541
2016-12-29@11:30:00,15.849,15.698,15.547
2016-12-29@10:30:00,15.854,15.706,15.557
2016-12-28@15:00:00,15.843,15.716,15.588
2016-12-28@14:00:00,15.856,15.730,15.603
2016-12-28@11:30:00,15.866,15.742,15.617
2016-12-28@10:30:00,15.885,15.754,15.623
2016-12-27@15:00:00,15.909,15.767,15.625
2016-12-27@14:00:00,15.909,15.768,15.626
2016-12-27@11:30:00,15.911,15.770,15.628
2016-12-27@10:30:00,15.926,15.775,15.623
2016-12-26@15:00:00,15.926,15.775,15.623
2016-12-26@14:00:00,15.929,15.776,15.623
2016-12-26@11:30:00,15.944,15.783,15.622
2016-12-26@10:30:00,15.950,15.793,15.635
2016-12-23@15:00:00,15.950,15.803,15.655
2016-12-23@14:00:00,15.991,15.822,15.653
2016-12-23@11:30:00,16.037,15.842,15.646
2016-12-23@10:30:00,16.075,15.860,15.645
2016-12-22@15:00:00,16.114,15.880,15.645
2016-12-22@14:00:00,16.140,15.894,15.648
2016-12-22@11:30:00,16.168,15.911,15.653
2016-12-22@10:30:00,16.209,15.933,15.656
2016-12-21@15:00:00,16.225,15.952,15.678
2016-12-21@14:00:00,16.253,15.967,15.681
2016-12-21@11:30:00,16.270,15.981,15.692
2016-12-21@10:30:00,16.282,15.992,15.701
2016-12-20@15:00:00,16.288,15.999,15.709
2016-12-20@14:00:00,16.285,16.020,15.754
2016-12-20@11:30:00,16.293,16.040,15.786
2016-12-20@10:30:00,16.293,16.049,15.804
2016-12-19@15:00:00,16.281,16.067,15.853
2016-12-19@14:00:00,16.276,16.083,15.889
2016-12-19@11:30:00,16.276,16.098,15.920
2016-12-19@10:30:00,16.297,16.122,15.946
2016-12-16@15:00:00,16.386,16.157,15.928
2016-12-16@14:00:00,16.563,16.196,15.829
2016-12-16@11:30:00,16.714,16.237,15.760
2016-12-16@10:30:00,16.838,16.279,15.720
2016-12-15@15:00:00,16.926,16.317,15.707
2016-12-15@14:00:00,16.984,16.352,15.720
2016-12-15@11:30:00,17.048,16.390,15.731
2016-12-15@10:30:00,17.113,16.425,15.736
2016-12-14@15:00:00,17.172,16.465,15.758
2016-12-14@14:00:00,17.252,16.511,15.769
2016-12-14@11:30:00,17.309,16.556,15.802
2016-12-14@10:30:00,17.350,16.602,15.853
2016-12-13@15:00:00,17.362,16.645,15.927
2016-12-13@14:00:00,17.397,16.693,15.988
2016-12-13@11:30:00,17.434,16.741,16.048
2016-12-13@10:30:00,17.443,16.797,16.151
2016-12-12@15:00:00,17.439,16.848,16.256
2016-12-12@14:00:00,17.415,16.899,16.382
2016-12-12@11:30:00,17.379,16.951,16.523
2016-12-12@10:30:00,17.383,17.006,16.628
2016-12-09@15:00:00,17.392,17.044,16.696
2016-12-09@14:00:00,17.524,17.088,16.651
2016-12-09@11:30:00,17.627,17.127,16.626
2016-12-09@10:30:00,17.720,17.166,16.612
2016-12-08@15:00:00,17.806,17.211,16.616
2016-12-08@14:00:00,17.913,17.269,16.625
2016-12-08@11:30:00,17.979,17.318,16.657
2016-12-08@10:30:00,18.034,17.365,16.696
2016-12-07@15:00:00,18.098,17.416,16.733
2016-12-07@14:00:00,18.118,17.445,16.772
2016-12-07@11:30:00,18.134,17.480,16.825
2016-12-07@10:30:00,18.148,17.517,16.886
2016-12-06@15:00:00,18.151,17.565,16.979
2016-12-06@14:00:00,18.199,17.549,16.899
2016-12-06@11:30:00,18.228,17.535,16.842
2016-12-06@10:30:00,18.271,17.514,16.757
2016-12-05@15:00:00,18.322,17.488,16.655
2016-12-05@14:00:00,18.346,17.470,16.593
2016-12-05@11:30:00,18.372,17.444,16.517
2016-12-05@10:30:00,18.386,17.410,16.435
2016-12-02@15:00:00,18.392,17.386,16.379
2016-12-02@14:00:00,18.378,17.332,16.287
2016-12-02@11:30:00,18.360,17.276,16.192
2016-12-02@10:30:00,18.318,17.223,16.129
2016-12-01@15:00:00,18.258,17.169,16.079
2016-12-01@14:00:00,18.151,17.106,16.061
2016-12-01@11:30:00,18.051,17.051,16.050
2016-12-01@10:30:00,17.935,16.997,16.058
2016-11-30@15:00:00,17.780,16.925,16.070
2016-11-30@14:00:00,17.669,16.866,16.062
2016-11-30@11:30:00,17.522,16.801,16.080
2016-11-30@10:30:00,17.320,16.733,16.146
2016-10-13@15:00:00,16.936,16.663,16.390
2016-10-13@14:00:00,16.931,16.646,16.360
2016-10-13@11:30:00,16.900,16.624,16.348
2016-10-13@10:30:00,16.884,16.610,16.335
2016-10-12@15:00:00,16.882,16.599,16.316
2016-10-12@14:00:00,16.908,16.564,16.219
2016-10-12@11:30:00,16.911,16.534,16.156
2016-10-12@10:30:00,16.908,16.502,16.095
2016-10-11@15:00:00,16.866,16.469,16.072
2016-10-11@14:00:00,16.851,16.448,16.044
2016-10-11@11:30:00,16.854,16.424,15.993
2016-10-11@10:30:00,16.828,16.398,15.967
2016-10-10@15:00:00,16.797,16.370,15.944
2016-10-10@14:00:00,16.758,16.338,15.918
2016-10-10@11:30:00,16.697,16.308,15.918
2016-10-10@10:30:00,16.611,16.279,15.947
2016-09-30@15:00:00,16.579,16.264,15.948
2016-09-30@14:00:00,16.566,16.259,15.953
2016-09-30@11:30:00,16.573,16.262,15.950
2016-09-30@10:30:00,16.590,16.267,15.943
2016-09-29@15:00:00,16.592,16.267,15.942
2016-09-29@14:00:00,16.606,16.271,15.936
2016-09-29@11:30:00,16.622,16.276,15.929
2016-09-29@10:30:00,16.648,16.282,15.916
2016-09-28@15:00:00,16.680,16.291,15.902
2016-09-28@14:00:00,16.704,16.313,15.922
2016-09-28@11:30:00,16.750,16.339,15.927
2016-09-28@10:30:00,16.759,16.357,15.955
2016-09-27@15:00:00,16.767,16.370,15.974
2016-09-27@14:00:00,16.771,16.381,15.991
2016-09-27@11:30:00,16.761,16.397,16.032
2016-09-27@10:30:00,16.758,16.411,16.064
2016-09-26@15:00:00,16.746,16.424,16.102
2016-09-26@14:00:00,16.716,16.444,16.171
2016-09-26@11:30:00,16.688,16.457,16.226
2016-09-26@10:30:00,16.666,16.469,16.272
2016-09-23@15:00:00,16.635,16.481,16.327
2016-09-23@14:00:00,16.641,16.478,16.315
2016-09-23@11:30:00,16.648,16.470,16.292
2016-09-23@10:30:00,16.645,16.464,16.282
2016-09-22@15:00:00,16.643,16.457,16.271
2016-09-22@14:00:00,16.647,16.459,16.270
2016-09-22@11:30:00,16.653,16.461,16.268
2016-09-22@10:30:00,nan,nan,nan
2016-09-21@15:00:00,nan,nan,nan
2016-09-21@14:00:00,nan,nan,nan
2016-09-21@11:30:00,nan,nan,nan
2016-09-21@10:30:00,nan,nan,nan
2016-09-20@15:00:00,nan,nan,nan
2016-09-20@14:00:00,nan,nan,nan
2016-09-20@11:30:00,nan,nan,nan
2016-09-20@10:30:00,nan,nan,nan
2016-09-19@15:00:00,nan,nan,nan
2016-09-19@14:00:00,nan,nan,nan
2016-09-19@11:30:00,nan,nan,nan
2016-09-19@10:30:00,nan,nan,nan
2016-09-14@15:00:00,nan,nan,nan
2016-09-14@14:00:00,nan,nan,nan
2016-09-14@11:30:00,nan,nan,nan
2016-09-14@10:30:00,nan,nan,nan
2016-09-13@15:00:00,nan,nan,nan
2016-09-13@14:00:00,nan,nan,nan
