2017-06-30,13.276,13.227,13.126,13.065,13.497
2017-06-29,13.262,13.187,13.114,13.061,13.519
2017-06-28,13.258,13.170,13.105,13.060,13.542
2017-06-27,13.258,13.139,13.112,13.059,13.569
2017-06-26,13.238,13.098,13.105,13.056,13.596
2017-06-23,13.178,13.035,13.091,13.045,13.623
2017-06-22,13.112,13.026,13.063,13.041,13.654
2017-06-21,13.082,13.037,13.035,13.042,13.682
2017-06-20,13.020,13.050,13.003,13.043,13.709
2017-06-19,12.958,13.040,12.990,13.041,13.737
2017-06-16,12.892,13.025,12.984,13.055,13.769
2017-06-15,12.940,13.040,12.998,13.080,13.806
2017-06-14,12.992,13.039,13.005,13.101,13.844
2017-06-13,13.080,13.085,13.019,13.131,13.880
2017-06-12,13.122,13.112,13.036,13.159,13.915
2017-06-09,13.158,13.146,13.050,13.194,13.954
2017-06-08,13.140,13.100,13.048,13.219,13.985
2017-06-07,13.086,13.032,13.044,13.239,14.014
2017-06-06,13.090,12.955,13.040,13.268,14.044
2017-06-05,13.102,12.940,13.042,13.301,14.080
2017-06-02,13.134,12.943,13.070,13.340,14.118
2017-06-01,13.060,12.956,13.101,13.382,14.153
2017-05-31,12.978,12.971,13.132,13.432,14.190
2017-05-26,12.820,12.952,13.154,13.472,14.221
2017-05-25,12.778,12.959,13.183,13.527,14.256
2017-05-24,12.752,12.954,13.219,13.583,14.291
2017-05-23,12.852,12.996,13.279,13.658,14.337
2017-05-22,12.964,13.056,13.343,13.731,14.382
2017-05-19,13.084,13.124,13.425,13.806,14.431
2017-05-18,13.140,13.144,13.482,13.867,14.475
2017-05-17,13.156,13.197,13.538,13.929,14.519
2017-05-16,13.140,13.245,13.595,13.977,14.557
2017-05-15,13.148,13.293,13.662,14.025,14.593
2017-05-12,13.164,13.355,13.733,14.080,14.627
2017-05-11,13.148,13.406,13.811,14.136,14.662
2017-05-10,13.238,13.483,13.898,14.200,14.701
2017-05-09,13.350,13.561,13.990,14.268,14.736
2017-05-08,13.438,13.629,14.069,14.322,14.767
2017-05-05,13.546,13.725,14.147,14.375,14.799
2017-05-04,13.664,13.820,14.228,14.433,14.827
2017-05-03,13.728,13.879,14.295,14.483,14.851
2017-05-02,13.772,13.944,14.344,14.532,14.873
2017-04-28,13.820,14.031,14.391,14.588,14.898
2017-04-27,13.904,14.110,14.443,14.629,14.921
2017-04-26,13.976,14.215,14.501,14.672,14.940
2017-04-25,14.030,14.313,14.559,14.713,14.957
2017-04-24,14.116,14.418,14.622,14.752,14.977
2017-04-21,14.242,14.508,14.669,14.789,14.996
2017-04-20,14.316,14.569,14.700,14.821,15.007
2017-04-19,14.454,14.636,14.739,14.859,15.020
2017-04-18,14.596,14.711,14.785,14.897,15.037
2017-04-17,14.720,14.743,14.826,14.925,15.052
2017-04-14,14.774,14.750,14.867,14.948,15.074
2017-04-13,14.822,14.775,14.889,14.970,15.093
2017-04-12,14.818,14.787,14.900,14.985,15.107
2017-04-11,14.826,14.805,14.913,14.999,15.120
2017-04-10,14.766,14.826,14.919,15.016,15.133
2017-04-07,14.726,14.830,14.930,15.033,15.147
2017-04-06,14.728,14.830,14.947,15.057,15.162
2017-04-05,14.756,14.842,14.971,15.084,15.179
2017-03-31,14.784,14.858,14.991,15.110,15.194
2017-03-30,14.886,14.909,15.017,15.137,15.210
2017-03-29,14.934,14.983,15.047,15.161,15.226
2017-03-28,14.932,15.002,15.068,15.174,15.239
2017-03-27,14.928,15.013,15.085,15.188,15.253
2017-03-24,14.932,15.021,15.096,15.201,15.266
2017-03-23,14.932,15.012,15.111,15.204,15.275
2017-03-22,15.032,15.030,15.135,15.212,15.291
2017-03-21,15.072,15.064,15.171,15.224,15.308
2017-03-20,15.098,15.099,15.206,15.221,15.322
2017-03-17,15.110,15.123,15.236,15.220,15.336
2017-03-16,15.092,15.124,15.251,15.215,15.352
2017-03-15,15.028,15.111,15.250,15.208,15.364
2017-03-14,15.056,15.134,15.260,15.213,15.384
2017-03-13,15.100,15.156,15.276,15.209,15.402
2017-03-10,15.136,15.170,15.291,15.201,15.421
2017-03-09,15.156,15.210,15.301,15.203,15.452
2017-03-08,15.194,15.240,15.304,15.203,15.481
2017-03-07,15.212,15.277,15.304,15.193,15.513
2017-03-06,15.212,15.312,15.283,15.182,15.544
2017-03-03,15.204,15.348,15.269,15.177,15.576
2017-03-02,15.264,15.378,15.261,15.179,15.620
2017-03-01,15.286,15.388,15.257,15.200,15.665
2017-02-28,15.342,15.385,15.252,15.216,15.706
2017-02-27,15.412,15.395,15.235,15.229,15.748
2017-02-24,15.492,15.412,15.216,15.242,15.792
2017-02-23,15.492,15.391,15.199,15.250,15.833
2017-02-22,15.490,15.367,15.185,15.260,15.875
2017-02-21,15.428,15.330,15.151,15.267,15.911
2017-02-20,15.378,15.253,15.117,15.275,15.951
2017-02-17,15.332,15.189,15.091,15.279,15.985
2017-02-16,15.290,15.143,15.080,15.284,16.022
2017-02-15,15.244,15.126,15.106,15.292,16.066
2017-02-14,15.232,15.119,15.132,15.305,16.114
2017-02-13,15.128,15.075,15.146,15.317,16.160
2017-02-10,15.046,15.020,15.157,15.331,16.208
2017-02-09,14.996,15.007,15.179,15.347,16.261
2017-02-08,15.008,15.003,15.207,15.370,16.307
2017-02-07,15.006,14.972,15.236,15.393,16.348
2017-02-06,15.022,14.981,15.286,15.424,16.399
2017-02-03,14.994,14.993,15.324,15.453,16.448
2017-02-02,15.018,15.017,15.355,15.490,16.500
2017-01-26,14.998,15.085,15.376,15.521,16.541
2017-01-25,14.938,15.145,15.398,15.555,16.574
2017-01-24,14.940,15.216,15.439,15.596,16.608
2017-01-23,14.992,15.294,15.487,15.642,16.644
2017-01-20,15.016,15.351,15.517,15.701,16.676
2017-01-19,15.172,15.411,15.553,15.759,16.709
2017-01-18,15.352,15.499,15.604,15.834,16.747
2017-01-17,15.492,15.590,15.645,15.907,16.775
2017-01-16,15.596,15.655,15.683,15.976,16.798
2017-01-13,15.686,15.692,15.726,16.060,16.823
2017-01-12,15.650,15.666,15.739,16.131,16.840
2017-01-11,15.646,15.650,15.760,16.196,16.850
2017-01-10,15.688,15.661,15.787,16.268,16.867
2017-01-09,15.714,15.680,15.816,16.342,16.887
2017-01-06,15.698,15.682,15.876,16.417,16.907
2017-01-05,15.682,15.695,15.934,16.489,16.923
2017-01-04,15.654,15.709,16.002,16.556,16.939
2017-01-03,15.634,15.700,16.065,16.628,16.950
2016-12-30,15.646,15.710,16.137,16.690,16.962
2016-12-29,15.666,15.760,16.244,16.761,16.971
2016-12-28,15.708,15.811,16.364,16.841,16.981
2016-12-27,15.764,15.870,16.469,16.924,16.989
2016-12-26,15.766,15.912,16.571,17.002,17.000
2016-12-23,15.774,15.952,16.674,17.085,17.012
2016-12-22,15.854,16.070,16.785,17.176,17.026
2016-12-21,15.914,16.172,16.887,17.244,17.038
2016-12-20,15.976,16.294,16.979,17.302,17.047
2016-12-19,16.058,16.430,17.092,17.374,17.057
2016-12-16,16.130,16.564,17.181,17.444,17.069
2016-12-15,16.286,16.728,17.262,17.510,17.078
2016-12-14,16.430,16.917,17.356,17.561,17.098
2016-12-13,16.612,17.068,17.451,17.594,17.119
2016-12-12,16.802,17.230,17.548,17.620,17.140
2016-12-09,16.998,17.395,17.652,17.647,17.161
2016-12-08,17.170,17.499,17.729,17.651,17.172
2016-12-07,17.404,17.601,17.781,17.659,17.182
2016-12-06,17.524,17.664,17.806,17.660,17.186
2016-12-05,17.658,17.753,17.847,17.643,17.197
2016-12-02,17.792,17.797,17.884,17.621,17.203
2016-12-01,17.828,17.795,17.902,17.587,17.198
2016-11-30,17.798,17.794,17.883,17.549,17.189
2016-11-29,17.804,17.834,17.857,17.505,17.187
2016-11-28,17.848,17.865,17.816,17.467,17.186
2016-11-25,17.802,17.908,17.773,17.432,17.182
2016-11-24,17.762,17.958,17.727,17.396,17.175
2016-11-23,17.790,17.960,17.689,17.357,17.175
2016-11-22,17.864,17.948,17.658,17.323,17.178
2016-11-21,17.882,17.940,17.588,17.273,17.178
2016-11-18,18.014,17.971,17.533,17.233,17.186
2016-11-17,18.154,18.008,17.483,17.181,17.190
2016-11-16,18.130,17.972,17.427,17.122,17.174
2016-11-15,18.032,17.879,17.341,17.055,17.145
2016-11-14,17.998,17.766,17.269,16.999,17.114
2016-11-11,17.928,17.637,17.194,16.940,17.082
2016-11-10,17.862,17.496,17.116,16.877,17.048
2016-11-09,17.814,17.417,17.056,16.831,17.017
2016-11-08,17.726,17.367,17.011,16.792,16.992
2016-11-07,17.534,17.236,16.940,16.740,16.959
2016-11-04,17.346,17.094,16.865,16.694,16.927
2016-11-03,17.130,16.957,16.767,16.647,16.895
2016-11-02,17.020,16.882,16.698,16.635,16.869
2016-10-28,17.008,16.802,16.643,16.645,16.848
2016-10-27,16.938,16.771,16.615,16.659,16.835
2016-10-26,16.842,16.750,16.591,16.675,16.831
2016-10-25,16.784,16.735,16.568,16.692,16.823
2016-10-24,16.744,16.694,16.538,16.704,16.813
2016-10-21,16.596,16.655,16.505,16.712,16.805
2016-10-20,16.604,16.643,16.493,16.751,16.805
2016-10-19,16.658,16.635,16.494,16.785,16.807
2016-10-18,16.686,16.577,16.492,16.809,16.802
2016-10-17,16.644,16.513,16.512,16.829,16.801
2016-10-14,16.714,16.483,16.566,16.870,16.810
2016-10-13,16.682,16.459,16.604,16.905,16.817
2016-10-12,16.612,16.432,16.638,16.932,16.823
2016-10-11,16.468,16.401,16.671,16.954,16.826
2016-10-10,16.382,16.382,16.709,16.993,16.836
2016-09-30,16.252,16.355,16.741,17.033,16.842
2016-09-29,16.236,16.342,16.805,17.083,16.851
2016-09-28,16.252,16.353,16.860,17.139,16.865
2016-09-27,16.334,16.406,16.925,17.199,16.887
2016-09-26,16.382,16.511,16.988,17.227,16.902
2016-09-23,16.458,16.649,17.063,17.235,16.922
2016-09-22,16.448,16.748,17.128,17.230,16.940
2016-09-21,16.454,16.844,17.182,17.225,16.957
2016-09-20,16.478,16.941,17.231,17.220,16.969
2016-09-19,16.640,17.036,17.299,17.204,16.972
2016-09-14,16.840,17.127,17.372,17.191,16.994
2016-09-13,17.048,17.267,17.454,17.177,17.021
2016-09-12,17.234,17.367,17.532,17.160,17.031
2016-09-09,17.404,17.444,17.596,17.144,17.034
2016-09-08,17.432,17.464,17.585,17.102,17.018
2016-09-07,17.414,17.477,17.529,17.052,16.995
2016-09-06,17.486,17.508,17.472,17.011,16.979
2016-09-05,17.500,17.519,17.416,16.986,16.958
2016-09-02,17.484,17.521,17.359,16.954,16.922
2016-09-01,17.496,17.561,17.288,16.921,16.891
2016-08-31,17.540,17.616,17.223,16.899,16.859
2016-08-30,17.530,17.641,17.133,16.859,16.818
2016-08-29,17.538,17.697,17.057,16.830,16.784
2016-08-26,17.558,17.747,16.995,16.796,16.751
2016-08-25,17.626,17.705,16.922,16.773,16.715
2016-08-24,17.692,17.580,16.839,16.750,16.683
2016-08-23,17.752,17.435,16.762,16.729,16.631
2016-08-22,17.856,17.313,16.720,16.714,16.582
2016-08-19,17.936,17.197,16.671,16.698,16.530
2016-08-18,17.784,17.014,16.602,16.679,16.474
2016-08-17,17.468,16.830,16.540,16.651,16.416
2016-08-16,17.118,16.624,16.468,16.619,16.361
2016-08-15,16.770,16.416,16.397,16.591,16.303
2016-08-12,16.458,16.242,16.320,16.574,16.247
2016-08-11,16.244,16.138,16.307,16.577,16.205
2016-08-10,16.192,16.098,16.335,16.609,16.177
2016-08-09,16.130,16.089,16.376,16.650,16.150
2016-08-08,16.062,16.127,16.414,16.689,16.119
2016-08-05,16.026,16.144,16.448,16.718,16.090
2016-08-04,16.032,16.189,16.512,16.741,16.063
2016-08-03,16.004,16.250,16.562,16.797,16.035
2016-08-02,16.048,16.311,16.616,16.865,16.011
2016-08-01,16.192,16.377,16.679,16.901,15.996
2016-07-29,16.262,16.398,16.741,16.923,15.987
2016-07-28,16.346,16.475,16.797,16.933,15.981
2016-07-27,16.496,16.571,16.864,16.939,15.978
2016-07-26,16.574,16.663,16.930,16.947,15.964
2016-07-25,16.562,16.701,16.970,16.929,15.942
2016-07-22,16.534,16.752,17.005,16.889,15.925
2016-07-21,16.604,16.834,17.017,16.861,15.912
2016-07-20,16.646,16.873,17.071,16.819,15.893
2016-07-19,16.752,16.921,17.143,16.778,15.874
2016-07-18,16.840,16.981,17.164,16.738,15.852
2016-07-15,16.970,17.083,17.186,16.706,15.838
2016-07-14,17.064,17.119,17.163,16.657,15.827
2016-07-13,17.100,17.157,17.123,16.616,15.816
2016-07-12,17.090,17.197,17.090,16.533,15.806
2016-07-11,17.122,17.238,17.043,16.450,15.797
2016-07-08,17.196,17.257,16.958,16.363,15.790
2016-07-07,17.174,17.199,16.875,16.270,15.772
2016-07-06,17.214,17.268,16.792,16.181,15.760
2016-07-05,17.304,17.364,16.706,16.103,15.741
2016-07-04,17.354,17.346,16.616,16.016,15.723
2016-07-01,17.318,17.288,16.518,15.920,15.708
2016-06-30,17.224,17.206,16.426,15.834,15.699
2016-06-29,17.322,17.089,16.345,15.746,15.683
2016-06-28,17.424,16.982,16.201,15.650,15.665
2016-06-27,17.338,16.848,16.056,15.550,15.645
2016-06-24,17.258,16.659,15.917,15.463,15.622
2016-06-23,17.188,16.550,15.806,15.385,15.611
2016-06-22,16.856,16.315,15.638,15.274,15.586
2016-06-21,16.540,16.048,15.473,15.157,15.552
2016-06-20,16.358,15.886,15.351,15.090,15.547
2016-06-17,16.060,15.748,15.236,15.052,15.541
2016-06-16,15.912,15.645,15.148,15.029,15.554
2016-06-15,15.774,15.601,15.075,15.017,15.545
2016-06-14,15.556,15.420,14.985,14.981,15.519
2016-06-13,15.414,15.263,14.901,14.954,15.489
2016-06-08,15.436,15.174,14.866,14.961,15.475
2016-06-07,15.378,15.061,14.803,14.964,15.461
2016-06-06,15.428,14.961,14.754,14.967,15.441
2016-06-03,15.284,14.897,14.711,14.971,15.421
2016-06-02,15.112,14.815,14.692,14.967,15.402
2016-06-01,14.912,14.723,14.704,14.970,15.391
2016-05-31,14.744,14.650,14.721,14.998,15.385
2016-05-30,14.494,14.548,14.726,15.016,15.368
2016-05-27,14.510,14.549,14.762,15.078,15.369
2016-05-26,14.518,14.538,14.800,15.145,15.372
2016-05-25,14.534,14.557,14.855,15.217,15.365
2016-05-24,14.556,14.545,14.915,15.273,15.350
2016-05-23,14.602,14.546,14.971,15.339,15.347
2016-05-20,14.588,14.525,15.009,15.379,15.337
2016-05-19,14.558,14.569,15.043,15.430,15.348
2016-05-18,14.580,14.685,15.093,15.497,15.361
2016-05-17,14.534,14.791,15.172,15.564,15.376
2016-05-16,14.490,14.903,15.250,15.619,15.382
2016-05-13,14.462,14.975,15.343,15.680,15.387
2016-05-12,14.580,15.062,15.448,15.741,15.394
2016-05-11,14.790,15.152,15.547,15.781,15.397
2016-05-10,15.048,15.285,15.638,15.837,15.396
2016-05-09,15.316,15.395,15.736,15.898,15.398
2016-05-06,15.488,15.492,15.807,15.948,15.408
2016-05-05,15.544,15.517,15.860,16.004,15.404
2016-05-04,15.514,15.501,15.903,16.030,15.393
2016-05-03,15.522,15.552,15.951,16.079,15.375
2016-04-29,15.474,15.596,15.978,16.072,15.356
2016-04-28,15.496,15.711,16.032,16.056,15.331
2016-04-27,15.490,15.834,16.080,16.023,15.312
2016-04-26,15.488,15.941,16.095,15.990,15.298
2016-04-25,15.582,15.990,16.113,15.958,15.309
2016-04-22,15.718,16.076,16.149,15.915,15.320
2016-04-21,15.926,16.121,16.177,15.870,15.328
2016-04-20,16.178,16.203,16.248,15.838,15.353
2016-04-19,16.394,16.304,16.295,15.813,15.375
2016-04-18,16.398,16.350,16.343,15.772,15.377
2016-04-15,16.434,16.359,16.311,15.721,15.378
2016-04-14,16.316,16.353,16.229,15.660,15.385
2016-04-13,16.228,16.326,16.118,15.600,15.375
2016-04-12,16.214,16.249,16.015,15.514,15.363
2016-04-11,16.302,16.236,15.943,15.426,15.353
2016-04-08,16.284,16.222,15.835,15.354,15.363
2016-04-07,16.390,16.232,15.745,15.295,15.375
2016-04-06,16.424,16.292,15.655,15.267,15.410
2016-04-05,16.284,16.286,15.568,15.226,15.435
2016-04-01,16.170,16.336,15.483,15.189,15.456
2016-03-31,16.160,16.262,15.403,15.144,15.514
2016-03-30,16.074,16.105,15.314,15.094,15.569
2016-03-29,16.160,15.910,15.237,15.047,15.626
2016-03-28,16.288,15.780,15.147,15.014,15.687
2016-03-25,16.502,15.649,15.022,14.955,15.756
2016-03-24,16.364,15.447,14.921,14.899,15.822
2016-03-23,16.136,15.258,14.826,14.868,15.903
2016-03-22,15.660,15.019,14.755,14.804,15.962
2016-03-21,15.272,14.850,14.697,14.756,16.024
2016-03-18,14.796,14.629,14.615,14.671,16.071
2016-03-17,14.530,14.543,14.586,14.639,16.147
2016-03-16,14.380,14.522,14.589,14.606,16.229
2016-03-15,14.378,14.564,14.616,14.601,16.318
2016-03-14,14.428,14.514,14.631,14.607,16.414
2016-03-11,14.462,14.394,14.608,14.661,16.483
2016-03-10,14.556,14.394,14.626,14.726,16.558
2016-03-09,14.664,14.394,14.673,14.786,16.634
2016-03-08,14.750,14.491,14.697,14.868,16.706
2016-03-07,14.600,14.543,14.709,14.937,16.775
2016-03-04,14.326,14.601,14.692,14.982,16.846
2016-03-03,14.232,14.628,14.688,15.034,16.931
2016-03-02,14.124,14.655,14.648,15.109,17.017
2016-03-01,14.232,14.668,14.620,15.150,17.083
2016-02-29,14.486,14.748,14.654,15.211,17.165
2016-02-26,14.876,14.822,14.794,15.280,17.264
2016-02-25,15.024,14.857,14.892,15.372,17.388
2016-02-24,15.186,14.952,14.982,15.455,17.517
2016-02-23,15.104,14.903,15.056,15.552,17.625
2016-02-22,15.010,14.874,15.134,15.643,17.723
2016-02-19,14.768,14.782,15.172,15.724,17.812
2016-02-18,14.690,14.747,15.237,15.885,17.914
2016-02-17,14.718,14.640,15.336,16.044,18.009
2016-02-16,14.702,14.571,15.390,16.205,18.131
2016-02-15,14.738,14.559,15.442,16.361,18.239
2016-02-05,14.796,14.766,15.509,16.556,18.367
2016-02-04,14.804,14.926,15.630,16.744,18.492
2016-02-03,14.562,15.011,15.707,16.938,18.621
2016-02-02,14.440,15.209,15.876,17.120,18.733
2016-02-01,14.380,15.393,16.028,17.292,18.832
2016-01-29,14.736,15.562,16.195,17.471,18.941
2016-01-28,15.048,15.727,16.453,17.654,19.017
2016-01-27,15.460,16.033,16.746,17.852,19.085
2016-01-26,15.978,16.210,17.022,18.035,19.119
2016-01-25,16.406,16.326,17.262,18.222,19.143
2016-01-22,16.388,16.253,17.451,18.305,19.145
2016-01-21,16.406,16.334,17.653,18.391,19.146
2016-01-20,16.606,16.403,17.902,18.482,19.149
2016-01-19,16.442,16.544,18.075,18.544,19.143
2016-01-18,16.246,16.663,18.242,18.614,19.142
2016-01-15,16.118,16.829,18.426,18.710,19.151
2016-01-14,16.262,17.180,18.618,18.828,19.156
2016-01-13,16.200,17.460,18.761,18.925,19.144
2016-01-12,16.646,17.835,18.947,19.016,19.167
2016-01-11,17.080,18.198,19.169,19.118,19.191
2016-01-08,17.540,18.650,19.331,19.248,19.210
2016-01-07,18.098,18.973,19.419,19.403,19.201
2016-01-06,18.720,19.401,19.522,19.578,19.192
2016-01-05,19.024,19.607,19.544,19.698,19.159
2016-01-04,19.316,19.821,19.590,19.802,19.134
2015-12-31,19.760,20.023,19.650,19.900,19.098
2015-12-30,19.848,20.056,19.653,19.944,19.022
2015-12-29,20.082,20.062,19.658,19.974,18.943
2015-12-28,20.190,20.059,19.607,20.058,18.860
2015-12-25,20.326,20.141,19.579,20.118,18.781
2015-12-24,20.286,20.011,19.547,20.178,18.691
2015-12-23,20.264,19.865,19.618,20.241,18.595
2015-12-22,20.042,19.643,19.667,20.303,18.500
2015-12-21,19.928,19.480,19.744,20.347,18.411
2015-12-18,19.956,19.358,19.793,20.372,18.334
2015-12-17,19.736,19.277,19.838,20.411,18.250
2015-12-16,19.466,19.249,19.889,20.380,18.157
2015-12-15,19.244,19.253,19.931,20.318,18.069
2015-12-14,19.032,19.154,20.057,20.203,17.988
2015-12-11,18.760,19.016,20.106,20.064,17.880
2015-12-10,18.818,19.082,20.262,19.986,17.809
2015-12-09,19.032,19.371,20.429,19.902,17.762
2015-12-08,19.262,19.690,20.634,19.817,17.718
2015-12-07,19.276,20.007,20.781,19.743,17.687
2015-12-04,19.272,20.228,20.879,19.670,17.647
2015-12-03,19.346,20.399,20.978,19.593,17.599
2015-12-02,19.710,20.528,20.946,19.483,17.551
2015-12-01,20.118,20.608,20.851,19.362,17.491
2015-11-30,20.738,20.960,20.728,19.319,17.435
2015-11-27,21.184,21.196,20.588,19.264,17.382
2015-11-26,21.452,21.442,20.439,19.173,17.310
2015-11-25,21.346,21.486,20.167,19.000,17.188
2015-11-24,21.098,21.577,19.880,18.805,17.072
2015-11-23,21.182,21.554,19.611,18.620,16.982
2015-11-20,21.208,21.530,19.391,18.466,16.935
2015-11-19,21.432,21.557,19.191,18.296,16.918
2015-11-18,21.626,21.363,18.961,18.099,16.911
2015-11-17,22.056,21.094,18.740,17.911,16.909
2015-11-16,21.926,20.495,18.498,17.662,16.912
2015-11-13,21.852,19.979,18.299,17.444,16.940
2015-11-12,21.682,19.435,18.039,17.204,16.957
2015-11-11,21.100,18.848,17.757,16.950,16.963
2015-11-10,20.132,18.183,17.420,16.696,16.958
2015-11-09,19.064,17.667,17.154,16.476,16.981
2015-11-06,18.106,17.251,16.934,16.297,16.992
2015-11-05,17.188,16.824,16.666,16.090,16.995
2015-11-04,16.596,16.558,16.468,15.934,17.045
2015-11-03,16.234,16.385,16.320,15.819,17.130
2015-11-02,16.270,16.501,16.246,15.774,17.238
2015-10-30,16.396,16.618,16.177,15.697,17.333
2015-10-29,16.460,16.642,16.089,15.631,17.409
2015-10-28,16.520,16.665,16.002,15.622,17.516
2015-10-27,16.536,16.656,15.953,15.620,17.610
2015-10-26,16.732,16.640,15.880,15.631,17.665
2015-10-23,16.840,16.616,15.820,15.624,17.752
2015-10-22,16.824,16.508,15.723,15.605,17.843
2015-10-21,16.810,16.377,15.623,15.620,17.927
2015-10-20,16.776,16.255,15.537,15.620,18.021
2015-10-19,16.548,15.990,15.410,15.551,18.090
2015-10-16,16.392,15.736,15.237,15.500,18.172
2015-10-15,16.192,15.536,15.126,15.446,18.245
2015-10-14,15.944,15.338,15.100,15.376,18.322
2015-10-13,15.734,15.250,15.103,15.338,18.446
2015-10-12,15.432,15.120,15.127,15.344,18.596
2015-10-09,15.080,15.024,15.128,15.404,18.744
2015-10-08,14.880,14.938,15.154,15.540,18.873
2015-10-07,14.732,14.868,15.241,15.723,18.976
2015-09-30,14.766,14.818,15.303,15.906,19.122
2015-09-29,14.808,14.830,15.332,16.162,19.282
2015-09-28,14.968,14.738,15.382,16.436,19.421
2015-09-25,14.996,14.716,15.402,16.709,19.581
2015-09-24,15.004,14.862,15.395,16.976,19.746
2015-09-23,14.870,14.955,15.382,17.220,19.912
2015-09-22,14.852,15.134,15.456,17.486,20.042
2015-09-21,14.508,15.231,15.594,17.686,20.198
2015-09-18,14.436,15.369,15.841,17.899,20.411
2015-09-17,14.720,15.614,16.150,18.155,20.647
2015-09-16,15.040,15.788,16.450,18.441,20.881
2015-09-15,15.416,15.834,16.828,18.703,21.088
2015-09-14,15.954,16.025,17.286,18.969,21.335
2015-09-11,16.302,16.087,17.706,19.187,21.600
2015-09-10,16.508,15.927,18.034,19.410,21.846
2015-09-09,16.536,15.809,18.353,19.599,22.112
2015-09-08,16.252,15.778,18.662,19.698,22.360
2015-09-07,16.096,15.957,18.914,19.879,22.608
2015-09-02,15.872,16.313,19.165,20.081,22.870
2015-09-01,15.346,16.686,19.425,20.235,23.132
2015-08-31,15.082,17.111,19.767,20.422,23.424
2015-08-28,15.304,17.821,20.137,20.630,23.703
2015-08-27,15.818,18.546,20.441,20.844,23.977
2015-08-26,16.754,19.324,20.738,21.044,24.241
2015-08-25,18.026,20.140,21.152,21.269,24.523
2015-08-24,19.140,20.896,21.495,21.553,24.802
2015-08-21,20.338,21.546,21.659,21.848,25.026
2015-08-20,21.274,21.871,21.841,22.085,25.229
2015-08-19,21.894,22.016,21.965,22.207,25.462
2015-08-18,22.254,22.164,22.009,22.229,25.696
2015-08-17,22.652,22.423,22.078,22.338,25.932
2015-08-14,22.754,22.453,22.034,22.403,26.082
2015-08-13,22.468,22.335,21.994,22.405,26.189
2015-08-12,22.138,22.151,21.904,22.454,26.293
2015-08-11,22.074,22.163,21.834,22.515,26.419
2015-08-10,22.194,22.093,21.882,22.603,26.505
2015-08-07,22.152,21.771,21.999,22.598,26.585
2015-08-06,22.202,21.810,22.192,22.711,26.707
2015-08-05,22.164,21.914,22.303,22.924,26.836
2015-08-04,22.252,21.854,22.262,23.139,26.966
2015-08-03,21.992,21.733,22.295,23.321,27.071
2015-07-31,21.390,21.615,22.378,23.473,27.160
2015-07-30,21.418,21.652,22.440,23.702,27.263
2015-07-29,21.664,21.657,22.605,24.012,27.373
2015-07-28,21.456,21.505,22.691,24.282,27.470
2015-07-27,21.474,21.671,22.859,24.624,27.609
2015-07-24,21.840,22.227,23.011,25.022,27.766
2015-07-23,21.886,22.574,23.161,25.336,27.879
2015-07-22,21.650,22.691,23.429,25.659,28.000
2015-07-21,21.554,22.670,23.782,26.030,28.122
2015-07-20,21.868,22.857,24.115,26.426,28.240
2015-07-17,22.614,23.141,24.402,26.776,28.377
2015-07-16,23.262,23.228,24.728,27.110,28.516
2015-07-15,23.732,23.553,25.190,27.439,28.689
2015-07-14,23.786,23.877,25.671,27.777,28.822
2015-07-13,23.846,24.046,26.101,28.051,28.897
2015-07-10,23.668,23.795,26.419,28.205,28.899
2015-07-09,23.194,23.748,26.718,28.373,28.884
2015-07-08,23.374,24.166,27.143,28.717,28.869
2015-07-07,23.968,24.893,27.710,29.163,28.890
2015-07-06,24.246,25.372,28.210,29.527,28.864
2015-07-03,23.922,25.662,28.594,29.762,28.831
2015-07-02,24.302,26.227,29.051,29.974,28.815
2015-07-01,24.958,26.826,29.382,30.132,28.777
2015-06-30,25.818,27.465,29.728,30.323,28.741
2015-06-29,26.498,28.156,30.053,30.406,28.691
2015-06-26,27.402,29.043,30.410,30.572,28.690
2015-06-25,28.152,29.687,30.685,30.703,28.651
2015-06-24,28.694,30.119,30.993,30.749,28.548
2015-06-23,29.112,30.526,31.298,30.793,28.432
2015-06-19,29.814,31.048,31.604,30.822,28.312
2015-06-18,30.684,31.525,31.812,30.848,28.201
2015-06-17,31.222,31.875,31.848,30.823,28.055
2015-06-16,31.544,31.938,31.785,30.733,27.880
2015-06-15,31.940,31.990,31.752,30.657,27.693
2015-06-12,32.282,31.950,31.532,30.594,27.489
2015-06-11,32.366,31.776,31.337,30.511,27.291
2015-06-10,32.528,31.683,31.212,30.422,27.107
2015-06-09,32.332,31.866,31.064,30.341,26.920
2015-06-08,32.040,32.070,30.926,30.215,26.718
2015-06-05,31.618,32.160,30.709,30.054,26.498
2015-06-04,31.186,32.098,30.510,29.978,26.320
2015-06-03,30.838,31.820,30.298,29.923,26.134
2015-06-02,31.400,31.631,30.131,29.940,25.971
2015-06-01,32.100,31.514,29.991,29.866,25.792
2015-05-29,32.702,31.113,29.916,29.744,25.620
2015-05-28,33.010,30.898,29.879,29.593,25.474
2015-05-27,32.802,30.740,29.791,29.395,25.317
2015-05-26,31.862,30.261,29.579,29.021,25.106
2015-05-25,30.928,29.782,29.288,28.617,24.882
2015-05-22,29.524,29.258,29.001,28.202,24.653
2015-05-21,28.786,28.922,28.919,27.900,24.471
2015-05-20,28.678,28.775,28.974,27.655,24.327
2015-05-19,28.660,28.631,29.095,27.422,24.178
2015-05-18,28.636,28.468,29.043,27.158,24.016
2015-05-15,28.992,28.719,29.060,26.975,23.898
2015-05-14,29.058,28.860,28.941,26.807,23.791
2015-05-13,28.872,28.842,28.723,26.598,23.650
2015-05-12,28.602,28.897,28.401,26.348,23.518
2015-05-11,28.300,28.793,28.034,26.072,23.383
2015-05-08,28.446,28.744,27.675,25.801,23.265
2015-05-07,28.662,28.915,27.389,25.554,23.167
2015-05-06,28.812,29.173,27.095,25.287,23.083
2015-05-05,29.192,29.558,26.817,25.027,23.016
2015-05-04,29.286,29.617,26.504,24.729,22.940
2015-04-30,29.042,29.401,26.103,24.384,22.840
2015-04-29,29.168,29.021,25.780,24.070,22.739
2015-04-17,29.534,28.604,25.476,23.793,22.616
2015-04-16,29.924,27.905,25.073,23.498,22.518
2015-04-15,29.948,27.275,24.712,23.220,22.437
2015-04-14,29.760,26.605,24.330,22.942,22.318
2015-04-13,28.874,25.863,23.873,22.661,22.151
2015-04-10,27.674,25.018,23.343,22.346,21.943
2015-04-09,25.886,24.076,22.761,22.003,21.691
2015-04-08,24.602,23.390,22.286,21.718,21.455
2015-04-07,23.450,22.805,21.875,21.497,21.215
2015-04-03,22.852,22.539,21.595,21.355,20.997
2015-04-02,22.362,22.347,21.388,21.238,20.774
2015-04-01,22.266,22.241,21.294,21.192,20.568
2015-03-31,22.178,22.148,21.193,21.148,20.345
2015-03-30,22.160,22.054,21.111,21.103,20.116
2015-03-27,22.226,21.884,21.060,21.043,-1
2015-03-26,22.332,21.669,21.010,20.999,-1
2015-03-25,22.216,21.446,20.966,20.935,-1
2015-03-24,22.118,21.181,20.883,20.873,-1
2015-03-23,21.948,20.945,20.843,20.820,-1
2015-03-20,21.542,20.650,20.763,20.775,-1
2015-03-19,21.006,20.428,20.684,20.701,-1
2015-03-18,20.676,20.347,20.667,20.688,-1
2015-03-17,20.244,20.238,20.648,20.694,-1
2015-03-16,19.942,20.168,20.628,20.730,-1
2015-03-13,19.758,20.236,20.622,20.780,-1
2015-03-12,19.850,20.350,20.665,20.880,-1
2015-03-11,20.018,20.486,20.679,21.005,-1
2015-03-10,20.232,20.584,20.719,21.150,-1
2015-03-09,20.394,20.740,20.758,21.296,-1
2015-03-06,20.714,20.875,20.838,21.409,-1
2015-03-05,20.850,20.940,20.838,21.440,-1
2015-03-04,20.954,20.987,20.858,21.539,-1
2015-03-03,20.936,21.057,20.923,21.653,-1
2015-03-02,21.086,21.087,21.011,21.695,-1
2015-02-27,21.036,21.008,21.052,21.642,-1
2015-02-26,21.030,20.979,21.145,21.540,-1
2015-02-25,21.020,20.872,21.264,21.379,-1
2015-02-24,21.178,20.854,21.433,21.192,-1
2015-02-17,21.088,20.775,21.574,20.934,-1
2015-02-16,20.980,20.800,21.676,20.639,-1
2015-02-13,20.928,20.736,21.690,20.310,-1
2015-02-12,20.724,20.729,21.816,19.944,-1
2015-02-11,20.530,20.788,21.951,19.543,-1
2015-02-10,20.462,20.934,21.999,19.128,-1
2015-02-09,20.620,21.095,21.959,-1,-1
2015-02-06,20.544,21.310,21.821,-1,-1
2015-02-05,20.734,21.656,21.632,-1,-1
2015-02-04,21.046,22.012,21.361,-1,-1
2015-02-03,21.406,22.373,21.013,-1,-1
2015-02-02,21.570,22.552,20.559,-1,-1
2015-01-30,22.076,22.643,20.098,-1,-1
2015-01-29,22.578,22.902,19.551,-1,-1
2015-01-28,22.978,23.114,18.921,-1,-1
2015-01-27,23.340,23.063,18.226,-1,-1
2015-01-26,23.534,22.823,-1,-1,-1
2015-01-23,23.210,22.331,-1,-1,-1
2015-01-22,23.226,21.608,-1,-1,-1
2015-01-21,23.250,20.711,-1,-1,-1
2015-01-20,22.786,19.653,-1,-1,-1
2015-01-19,22.112,18.565,-1,-1,-1
2015-01-16,21.452,17.552,-1,-1,-1
2015-01-15,19.990,16.200,-1,-1,-1
2015-01-14,18.172,14.727,-1,-1,-1
2015-01-13,16.520,13.388,-1,-1,-1
2015-01-12,15.018,-1,-1,-1,-1
2015-01-09,13.652,-1,-1,-1,-1
2015-01-08,12.410,-1,-1,-1,-1
2015-01-07,11.282,-1,-1,-1,-1
2015-01-06,10.256,-1,-1,-1,-1
2015-01-05,-1,-1,-1,-1,-1
2014-12-31,-1,-1,-1,-1,-1
2014-12-30,-1,-1,-1,-1,-1
2014-12-29,-1,-1,-1,-1,-1
