date,open,high,close,low,volume,price_change,p_change,ma5,ma10,ma20,v_ma5,v_ma10,v_ma20,turnover
2017-01-06 15:00:00,36.77,36.99,36.71,36.7,1749.35,-0.06,-0.16,36.682,36.711,36.83,882.77,984.23,1079.4,0.32
2017-01-06 14:30:00,36.55,36.78,36.77,36.55,745.73,0.22,0.6,36.682,36.742,36.834,691.1,881.4,1019.18,0.14
2017-01-06 14:00:00,36.63,36.74,36.55,36.55,764.78,-0.08,-0.22,36.654,36.762,36.8315,641.76,846.57,1043.05,0.14
2017-01-06 13:30:00,36.75,36.75,36.63,36.5,836.0,-0.12,-0.33,36.694,36.795,36.8365,752.15,834.94,1067.61,0.15
2017-01-06 11:30:00,36.71,36.8,36.75,36.71,318.0,0.04,0.11,36.708,36.817,36.8455,967.81,866.49,1131.76,0.06
2017-01-06 11:00:00,36.63,36.8,36.71,36.58,791.0,0.08,0.22,36.74,36.841,36.848,1085.69,952.68,1224.96,0.15
2017-01-06 10:30:00,36.75,36.81,36.63,36.62,499.0,-0.12,-0.33,36.802,36.888,36.8635,1071.71,1061.96,1388.9,0.09
2017-01-06 10:00:00,36.9,36.9,36.75,36.52,1316.76,-0.15,-0.41,36.87,36.923,36.863,1051.38,1217.88,1466.25,0.24
2017-01-05 15:00:00,36.91,36.93,36.7,36.69,1914.28,-0.21,-0.57,36.896,36.947,36.8535,917.73,1260.69,1519.56,0.35
2017-01-05 14:30:00,37.02,37.02,36.91,36.87,907.39,-0.11,-0.3,36.926,36.96,36.837,765.17,1174.91,1525.42,0.17
2017-01-05 14:00:00,36.97,37.08,37.02,36.94,721.1,0.05,0.14,36.942,36.949,36.8055,819.68,1174.57,1577.4,0.13
2017-01-05 13:30:00,36.89,37.09,36.97,36.89,397.35,0.08,0.22,36.974,36.926,36.767,1052.21,1156.96,1607.08,0.07
2017-01-05 11:30:00,36.85,37.04,36.88,36.8,648.51,0.03,0.08,36.976,36.901,36.729,1384.39,1239.53,1725.16,0.12
2017-01-05 11:00:00,37.0,37.0,36.85,36.69,1151.49,-0.15,-0.41,36.998,36.878,36.6655,1603.65,1300.28,1741.74,0.21
2017-01-05 10:30:00,37.15,37.17,36.99,36.9,1179.93,-0.16,-0.43,36.994,36.874,36.6095,1584.65,1397.03,1723.66,0.22
2017-01-05 10:00:00,36.98,37.58,37.18,36.98,1883.76,0.2,0.54,36.956,36.855,36.5545,1529.47,1497.23,1699.79,0.35
2017-01-04 15:00:00,36.99,37.06,36.98,36.8,2058.26,-0.01,-0.03,36.878,36.839,36.49,1261.72,1715.85,1636.46,0.38
2017-01-04 14:30:00,36.83,37.0,36.99,36.8,1744.81,0.16,0.43,36.826,36.803,36.425,1094.66,1714.61,1669.74,0.32
2017-01-04 14:00:00,36.8,36.99,36.83,36.78,1056.51,0.03,0.08,36.758,36.76,36.3675,996.9,1778.43,1612.26,0.2
2017-01-04 13:30:00,36.81,36.92,36.8,36.72,904.0,-0.01,-0.03,36.754,36.714,36.323,1209.4,1875.92,1570.18,0.17
2017-01-04 11:30:00,36.72,36.79,36.79,36.51,545.0,0.07,0.19,36.754,36.662,36.2735,1465.0,1980.23,1579.01,0.1
2017-01-04 11:00:00,36.65,36.75,36.72,36.52,1223.0,0.07,0.19,36.8,36.608,36.2245,2169.99,2057.19,1601.16,0.23
2017-01-04 10:30:00,36.81,36.82,36.65,36.3,1256.0,-0.16,-0.43,36.78,36.557,36.185,2334.56,2210.79,1572.08,0.23
2017-01-04 10:00:00,36.75,37.0,36.81,36.71,2119.0,0.06,0.16,36.762,36.453,36.151,2559.96,2183.2,1533.88,0.39
2017-01-03 15:00:00,37.02,37.02,36.8,36.72,2182.0,-0.22,-0.59,36.674,36.345,36.1135,2542.44,2050.28,1459.18,0.4
2017-01-03 14:30:00,36.62,37.17,37.02,36.61,4069.95,0.4,1.09,36.57,36.254,36.0875,2495.46,1902.34,1401.69,0.75
2017-01-03 14:00:00,36.56,36.84,36.62,36.56,2045.86,0.06,0.16,36.416,36.141,36.033,1944.39,1557.06,1232.78,0.38
2017-01-03 13:30:00,36.38,36.59,36.56,36.35,2383.0,0.18,0.49,36.334,36.047,35.993,2087.02,1624.88,1191.23,0.44
2017-01-03 11:30:00,36.28,36.4,36.37,36.25,2031.41,0.09,0.25,36.144,35.975,35.9425,1806.44,1446.09,1217.95,0.38
2017-01-03 11:00:00,36.25,36.29,36.28,36.11,1947.1,0.03,0.08,36.016,35.932,35.9175,1558.12,1264.45,1181.78,0.36
2017-01-03 10:30:00,36.21,36.25,36.25,36.01,1314.58,0.04,0.11,35.938,35.885,35.9105,1309.23,1177.79,1121.93,0.24
2017-01-03 10:00:00,35.99,36.34,36.21,35.87,2758.99,0.22,0.61,35.866,35.841,35.904,1169.73,1145.14,1087.47,0.51
2016-12-30 15:00:00,35.73,35.78,35.61,35.6,980.14,-0.12,-0.34,35.76,35.813,35.8975,1162.74,933.38,968.37,0.18
2016-12-30 14:30:00,35.89,35.89,35.73,35.68,789.8,-0.16,-0.45,35.806,35.849,35.918,1085.73,884.55,958.96,0.15
2016-12-30 14:00:00,35.89,35.93,35.89,35.78,702.62,0.0,0.0,35.848,35.882,35.9335,970.77,868.07,950.88,0.13
2016-12-30 13:30:00,35.71,35.89,35.89,35.65,617.12,0.18,0.5,35.832,35.921,35.9475,1046.36,901.03,1030.65,0.11
2016-12-30 11:30:00,35.84,35.85,35.68,35.68,2724.0,-0.16,-0.45,35.816,35.925,35.9655,1120.54,908.5,1091.37,0.5
2016-12-30 11:00:00,35.94,35.94,35.84,35.72,595.11,-0.1,-0.28,35.866,35.939,35.9905,704.03,757.58,1009.92,0.11
2016-12-30 10:30:00,35.81,35.97,35.94,35.81,215.0,0.13,0.36,35.892,35.91,36.01,683.37,989.82,1001.4,0.04
2016-12-30 10:00:00,36.2,36.2,35.81,35.8,1080.57,-0.39,-1.08,35.916,35.903,36.024,765.37,1099.12,1009.41,0.2
2016-12-29 15:00:00,35.93,36.0,35.81,35.81,988.02,-0.12,-0.33,36.01,35.936,36.0385,755.69,1066.06,1002.18,0.18
2016-12-29 14:30:00,35.97,36.07,35.93,35.88,641.43,-0.04,-0.11,36.034,35.967,36.0675,696.45,1029.8,1012.77,0.12
2016-12-29 14:00:00,36.06,36.15,35.97,35.92,491.83,-0.09,-0.25,36.012,35.982,36.091,811.13,1003.36,1048.3,0.09
2016-12-29 13:30:00,36.26,36.29,36.06,36.05,625.0,-0.2,-0.55,35.928,35.987,36.102,1296.27,1033.38,1092.9,0.12
2016-12-29 11:30:00,35.93,36.34,36.28,35.87,1032.19,0.35,0.97,35.89,35.985,36.115,1432.87,1033.69,1189.2,0.19
2016-12-29 11:00:00,35.82,35.93,35.93,35.67,691.81,0.11,0.31,35.862,35.974,36.085,1376.43,1160.27,1189.02,0.13
2016-12-29 10:30:00,35.56,35.98,35.82,35.54,1214.8,0.26,0.73,35.9,36.006,36.08,1363.15,1274.24,1192.44,0.22
2016-12-29 10:00:00,35.91,36.15,35.55,35.5,2917.57,-0.36,-1.0,35.952,36.042,36.0725,1195.59,1262.26,1146.95,0.54
2016-12-28 15:00:00,36.14,36.14,35.87,35.86,1307.99,-0.27,-0.75,36.046,36.11,36.0835,770.48,1012.98,1020.52,0.24
2016-12-28 14:30:00,36.12,36.2,36.14,36.04,750.0,0.02,0.06,36.08,36.145,36.0625,634.51,919.7,978.95,0.14
2016-12-28 14:00:00,36.08,36.16,36.12,36.07,625.4,0.04,0.11,36.086,36.141,36.024,944.11,938.3,984.75,0.12
2016-12-28 13:30:00,36.02,36.12,36.08,35.93,377.01,0.06,0.17,36.112,36.168,35.9925,1185.33,995.73,989.23,0.07
2016-12-28 11:30:00,36.01,36.05,36.02,35.88,792.0,0.01,0.03,36.132,36.2,35.9495,1328.93,1093.23,1137.27,0.15
2016-12-28 11:00:00,36.17,36.17,36.04,35.9,628.14,-0.13,-0.36,36.174,36.217,35.952,1255.47,1152.43,1220.42,0.12
2016-12-28 10:30:00,36.25,36.35,36.17,35.75,2298.0,-0.08,-0.22,36.21,36.245,35.944,1204.9,1344.72,1240.87,0.43
2016-12-28 10:00:00,36.1,36.54,36.25,36.1,1831.5,0.15,0.42,36.196,36.196,35.917,932.5,1217.77,1155.02,0.34
2016-12-27 15:00:00,36.24,36.28,36.18,36.14,1095.0,-0.06,-0.17,36.224,36.154,35.882,806.14,1110.64,1125.3,0.2
2016-12-27 14:30:00,36.22,36.28,36.23,36.2,424.72,0.01,0.03,36.268,36.103,35.858,857.54,1031.64,1102.0,0.08
2016-12-27 14:00:00,36.1,36.24,36.22,36.1,375.27,0.12,0.33,36.26,36.057,35.827,1049.39,1028.07,1115.01,0.07
2016-12-27 13:30:00,36.39,36.39,36.1,36.1,936.0,-0.29,-0.8,36.28,35.98,35.796,1484.54,1038.2,1189.05,0.17
2016-12-27 11:30:00,36.4,36.46,36.39,36.31,1199.7,-0.01,-0.03,36.196,35.907,35.7765,1503.03,1031.2,1196.35,0.22
2016-12-27 11:00:00,36.19,36.42,36.4,36.19,1352.0,0.21,0.58,36.084,35.817,35.751,1415.13,982.73,1222.71,0.25
2016-12-27 10:30:00,36.32,36.38,36.19,36.16,1384.0,-0.13,-0.36,35.938,35.699,35.7405,1205.73,1181.3,1206.89,0.26
2016-12-27 10:00:00,35.8,36.44,36.32,35.8,2551.0,0.52,1.45,35.854,35.687,35.731,1006.75,1288.4,1160.69,0.47
2016-12-26 15:00:00,35.83,35.85,35.68,35.67,1028.47,-0.15,-0.42,35.68,35.643,35.712,591.85,1137.01,1045.14,0.19
2016-12-26 14:30:00,35.67,35.88,35.83,35.63,760.19,0.16,0.45,35.618,35.638,35.722,559.36,1092.26,1022.91,0.14
2016-12-26 14:00:00,35.77,35.77,35.67,35.57,305.0,-0.1,-0.28,35.55,35.61,35.723,550.32,1139.96,1034.83,0.06
2016-12-26 13:30:00,35.45,35.77,35.77,35.45,389.09,0.32,0.9,35.46,35.613,35.7345,1156.87,1172.36,1062.43,0.07
2016-12-26 11:30:00,35.37,35.58,35.45,35.37,476.5,0.08,0.23,35.52,35.597,35.74,1570.05,1201.95,1129.02,0.09
2016-12-26 11:00:00,35.49,35.59,35.37,35.37,866.0,-0.12,-0.34,35.606,35.612,35.7785,1682.17,1339.9,1165.82,0.16
2016-12-26 10:30:00,35.22,35.55,35.49,35.21,715.0,0.27,0.77,35.658,35.646,35.8125,1625.17,1361.5,1157.6,0.13
2016-12-26 10:00:00,35.9,35.9,35.22,34.86,3337.76,-0.68,-1.89,35.67,35.685,35.837,1729.59,1462.7,1184.15,0.62
2016-12-23 15:00:00,35.88,36.28,36.07,35.86,2455.0,0.19,0.53,35.766,35.782,35.8855,1187.84,1232.48,1088.41,0.45
2016-12-23 14:30:00,35.63,35.98,35.88,35.63,1037.11,0.25,0.7,35.674,35.775,35.899,833.84,1032.98,1016.26,0.19
2016-12-23 14:00:00,35.55,35.72,35.63,35.55,581.0,0.08,0.23,35.618,35.781,35.919,997.62,953.27,1094.21,0.11
2016-12-23 13:30:00,35.69,35.69,35.55,35.52,1237.1,-0.14,-0.39,35.634,35.806,35.9375,1097.82,953.56,1141.79,0.23
2016-12-23 11:30:00,35.61,35.7,35.7,35.6,629.0,0.09,0.25,35.7,35.836,35.953,1195.8,929.71,1216.05,0.12
2016-12-23 11:00:00,35.6,35.74,35.61,35.6,685.0,0.01,0.03,35.798,35.856,35.959,1277.12,952.5,1250.7,0.13
2016-12-23 10:30:00,35.7,35.77,35.6,35.59,1856.0,-0.1,-0.28,35.876,35.883,35.965,1232.12,1056.1,1260.01,0.34
2016-12-23 10:00:00,35.62,35.85,35.71,35.6,1082.0,0.09,0.25,35.944,35.945,35.9745,908.92,991.75,1186.46,0.2
2016-12-22 15:00:00,36.19,36.2,35.88,35.73,1727.0,-0.31,-0.86,35.978,35.979,35.983,809.3,953.7,1202.45,0.32
2016-12-22 14:30:00,36.0,36.28,36.19,35.92,1035.58,0.19,0.53,35.972,35.989,35.979,663.62,905.6,1135.85,0.19
2016-12-22 14:00:00,35.94,36.0,36.0,35.84,460.0,0.06,0.17,35.914,35.989,35.9625,627.88,944.34,1116.84,0.09
2016-12-22 13:30:00,35.85,36.03,35.94,35.85,240.0,0.09,0.25,35.89,36.023,35.9575,880.08,999.54,1177.74,0.04
2016-12-22 11:30:00,35.85,35.96,35.88,35.81,583.91,0.03,0.08,35.946,36.057,35.943,1074.58,1235.15,1249.99,0.11
2016-12-22 11:00:00,35.9,35.97,35.85,35.78,998.6,-0.05,-0.14,35.98,36.069,35.926,1098.1,1330.02,1315.65,0.18
2016-12-22 10:30:00,35.88,36.08,35.9,35.83,856.87,0.02,0.06,36.006,36.07,35.919,1147.58,1502.39,1337.52,0.16
2016-12-22 10:00:00,36.6,36.6,35.88,35.81,1721.0,-0.72,-1.97,36.064,36.062,35.8945,1260.81,1548.9,1330.37,0.32
2016-12-21 15:00:00,36.05,36.25,36.22,36.01,1212.5,0.17,0.47,36.156,36.047,35.877,1119.0,1463.92,1267.67,0.22
2016-12-21 14:30:00,35.98,36.1,36.05,35.98,701.54,0.07,0.19,36.168,36.004,35.855,1395.73,1381.17,1252.79,0.13
2016-12-21 14:00:00,36.19,36.34,35.98,35.97,1246.0,-0.21,-0.58,36.158,35.987,35.8175,1561.93,1451.19,1254.21,0.23
2016-12-21 13:30:00,36.33,36.35,36.19,36.17,1423.0,-0.14,-0.39,36.134,35.969,35.783,1857.2,1366.09,528.61,0.26
2016-12-21 11:30:00,36.27,36.37,36.34,36.14,1011.94,0.07,0.19,36.06,35.936,35.742,1836.98,1289.33,1262.66,0.19
2016-12-21 11:00:00,36.0,36.49,36.28,35.93,2596.17,0.28,0.78,35.938,35.892,35.6935,1808.84,1355.94,1279.32,0.48
2016-12-21 10:30:00,35.86,36.09,36.0,35.62,1532.55,0.14,0.39,35.84,35.829,35.654,1366.61,1264.83,1189.24,0.28
2016-12-21 10:00:00,35.79,36.16,35.86,35.58,2722.33,0.07,0.2,35.816,35.783,35.634,1340.45,1301.29,1148.32,0.5
2016-12-20 15:00:00,35.73,35.82,35.82,35.61,1321.92,0.09,0.25,35.804,35.768,35.609,874.98,1172.64,1058.21,0.24
2016-12-20 14:30:00,35.79,35.8,35.73,35.55,871.24,-0.06,-0.17,35.812,35.727,35.597,741.68,1111.84,1036.41,0.16
2016-12-20 14:00:00,35.88,35.88,35.79,35.76,385.0,-0.09,-0.25,35.846,35.707,35.602,903.05,1071.41,1049.13,0.07
2016-12-20 13:30:00,35.86,35.88,35.88,35.76,1401.76,0.02,0.06,35.818,35.706,35.6025,1163.05,1124.41,1208.91,0.26
2016-12-20 11:30:00,35.86,35.88,35.8,35.75,395.0,-0.06,-0.17,35.75,35.648,35.618,1262.12,1057.24,1466.95,0.07
2016-12-20 11:00:00,35.9,35.9,35.86,35.69,655.4,-0.04,-0.11,35.732,35.597,35.545,1470.3,-308.86,1505.1,0.12
2016-12-20 10:30:00,35.65,36.0,35.9,35.65,1678.08,0.25,0.7,35.642,35.548,35.4705,1481.99,1236.0,1519.9,0.31
2016-12-20 10:00:00,35.75,35.75,35.65,35.43,1685.0,-0.1,-0.28,35.568,35.495,35.4,1239.78,1202.69,1483.15,0.31
2016-12-19 15:00:00,35.71,35.86,35.54,35.5,1897.13,-0.17,-0.48,35.594,35.479,35.342,1085.78,1113.66,1423.6,0.35
2016-12-19 14:30:00,35.41,35.8,35.71,35.34,1435.91,0.3,0.85,35.546,35.485,35.2925,852.35,995.36,1362.24,0.27
2016-12-19 14:00:00,35.53,35.57,35.41,35.34,713.85,-0.12,-0.34,35.462,35.45,35.237,-2088.03,943.77,1376.24,0.13
2016-12-19 13:30:00,35.78,35.79,35.53,35.51,467.0,-0.25,-0.7,35.454,35.467,35.181,990.0,960.98,1411.75,0.09
2016-12-19 11:30:00,35.3,35.85,35.78,35.28,915.0,0.48,1.36,35.422,35.497,35.102,1165.6,1026.85,1480.8,0.17
2016-12-19 11:00:00,35.28,35.49,35.3,35.21,730.0,0.02,0.06,35.364,35.499,35.0015,1141.54,1293.41,1568.35,0.14
2016-12-19 10:30:00,35.37,35.37,35.29,35.01,-13266.0,-0.08,-0.23,35.424,35.588,34.949,1138.37,1876.67,1617.43,-2.45
2016-12-19 10:00:00,35.37,35.37,35.37,35.37,16104.0,0.0,0.0,35.438,35.493,34.9055,3975.57,3319.07,2355.84,2.98
2016-12-16 15:00:00,35.49,35.49,35.37,35.25,1344.99,-0.12,-0.34,35.48,35.393,34.861,931.97,1803.8,1595.91,0.25
2016-12-16 14:30:00,35.6,35.6,35.49,35.38,794.69,-0.11,-0.31,35.572,35.305,34.8155,888.1,1763.62,1580.57,0.15
2016-12-16 14:00:00,35.36,35.66,35.6,35.3,714.15,0.24,0.68,35.634,35.205,34.7585,1445.28,1733.54,1604.99,0.13
2016-12-16 13:30:00,35.58,35.63,35.36,35.36,920.0,-0.22,-0.62,35.752,35.1,34.7035,2614.98,1729.12,1632.23,0.17
2016-12-16 11:30:00,35.83,35.83,35.58,35.58,886.0,-0.25,-0.7,35.548,35.024,34.6625,2662.58,1808.72,1645.96,0.16
2016-12-16 11:00:00,35.78,35.87,35.83,35.76,1125.68,0.05,0.14,35.306,34.895,34.606,2675.63,1862.51,1659.96,0.21
2016-12-16 10:30:00,36.19,36.26,35.8,35.67,3580.58,-0.39,-1.08,35.038,34.707,34.547,2639.14,1934.74,1650.88,0.66
2016-12-16 10:00:00,34.71,36.19,36.19,34.71,6562.63,1.48,4.26,34.776,34.504,34.482,2021.79,1843.28,1526.6,1.21
2016-12-15 15:00:00,34.37,34.47,34.34,34.33,1158.0,-0.03,-0.09,34.448,34.31,34.381,843.26,1358.19,1236.32,0.21
2016-12-15 14:30:00,34.49,34.55,34.37,34.34,951.25,-0.12,-0.35,34.5,34.318,34.3715,954.86,1392.62,1260.98,0.18
2016-12-15 14:00:00,34.49,34.59,34.49,34.31,943.22,0.0,0.0,34.484,34.329,34.3595,1049.39,1388.03,1238.57,0.17
2016-12-15 13:30:00,34.54,34.61,34.49,34.48,493.85,-0.05,-0.14,34.376,34.326,34.337,1230.35,1397.53,1323.43,0.09
2016-12-15 11:30:00,34.6,34.71,34.55,34.55,670.0,-0.05,-0.14,34.232,34.312,34.3145,1664.78,1476.44,1585.58,0.12
2016-12-15 11:00:00,34.29,34.68,34.6,34.29,1715.96,0.31,0.9,34.172,34.307,34.3515,1873.11,1535.34,1728.16,0.32
2016-12-15 10:30:00,33.95,34.29,34.29,33.88,1423.91,0.34,1.0,34.136,34.301,34.392,1830.38,1483.2,1738.59,0.26
2016-12-15 10:00:00,33.69,34.28,33.95,33.69,1848.01,0.26,0.77,34.174,34.317,34.453,1726.67,1457.41,1761.34,0.34
2016-12-14 15:00:00,34.25,34.25,33.77,33.76,2666.0,-0.48,-1.4,34.276,34.387,34.573,1564.71,1367.02,1744.69,0.49
2016-12-14 14:30:00,34.42,34.51,34.25,34.2,1711.67,-0.17,-0.49,34.392,34.46,34.685,1288.11,1209.92,1677.24,0.32
2016-12-14 14:00:00,34.48,34.63,34.42,34.4,1502.3,-0.06,-0.17,34.442,34.452,34.7925,1197.57,1114.45,1712.86,0.28
2016-12-14 13:30:00,34.46,34.59,34.48,34.4,905.38,0.02,0.06,34.466,34.425,34.9,1136.03,1129.35,1823.9,0.17
2016-12-14 11:30:00,34.35,34.6,34.46,34.35,1038.19,0.11,0.32,34.46,34.39,35.0215,1188.15,1089.12,2280.09,0.19
2016-12-14 11:00:00,34.5,34.55,34.35,34.3,1283.0,-0.15,-0.43,34.498,34.348,35.095,1169.33,1249.34,2288.61,0.24
2016-12-14 10:30:00,34.54,34.56,34.5,34.31,1259.0,-0.04,-0.12,34.528,34.317,35.1715,1131.73,1694.72,2272.82,0.23
2016-12-14 10:00:00,34.45,34.66,34.54,34.16,1194.57,0.09,0.26,34.462,34.396,35.2385,1031.33,1920.99,2255.57,0.22
2016-12-13 15:00:00,34.65,34.69,34.45,34.43,1166.01,-0.2,-0.58,34.384,34.483,35.3015,1122.68,1993.98,2227.57,0.22
2016-12-13 14:30:00,34.5,34.91,34.65,34.5,944.05,0.15,0.43,34.32,34.589,35.3655,990.08,2065.27,2274.62,0.17
2016-12-13 14:00:00,34.17,34.75,34.5,34.17,1095.0,0.33,0.97,34.198,34.759,35.413,1329.35,2122.36,2318.52,0.2
2016-12-13 13:30:00,34.15,34.37,34.17,34.06,757.0,0.02,0.06,34.106,34.91,35.4835,2257.72,2144.56,2340.08,0.14
2016-12-13 11:30:00,34.12,34.15,34.15,34.0,1651.33,0.03,0.09,34.33,35.133,35.5895,2810.65,2311.26,2381.53,0.31
2016-12-13 11:00:00,34.05,34.13,34.13,34.01,503.0,0.08,0.23,34.582,35.375,35.697,2865.28,2518.44,2370.38,0.09
2016-12-13 10:30:00,34.04,34.35,34.04,34.0,2640.41,0.0,0.0,34.858,35.653,35.8165,3140.47,3471.06,2384.28,0.49
2016-12-13 10:00:00,34.2,34.98,34.04,33.31,5736.85,-0.16,-0.47,35.32,35.842,35.936,2915.38,3327.88,2294.41,1.06
2016-12-12 15:00:00,35.41,35.5,35.29,35.15,3521.64,-0.12,-0.34,35.714,36.026,36.0555,2031.41,2850.92,2030.42,0.65
2016-12-12 14:30:00,35.51,35.76,35.41,35.2,1924.48,-0.1,-0.28,35.936,36.081,36.1085,1811.88,2590.15,1889.38,0.36
2016-12-12 14:00:00,36.35,36.35,35.51,35.45,1878.96,-0.84,-2.31,36.168,36.12,36.165,2171.6,2461.17,1822.01,0.35
2016-12-12 13:30:00,35.98,36.4,36.35,35.92,1514.98,0.37,1.03,36.448,36.142,36.2215,3801.65,2483.97,1779.81,0.28
2016-12-12 11:30:00,36.4,36.4,36.01,35.8,1317.0,-0.39,-1.07,36.364,36.067,36.234,3740.37,2514.67,1850.5,0.24
2016-12-12 11:00:00,36.57,36.65,36.4,36.05,2424.0,-0.17,-0.46,36.338,36.057,36.258,3670.42,2535.6,1868.24,0.45
2016-12-12 10:30:00,36.99,36.99,36.57,36.55,3723.05,-0.42,-1.14,36.226,36.046,36.259,3368.42,2451.8,1785.1,0.69
2016-12-12 10:00:00,36.64,37.4,36.91,36.64,10029.2,0.27,0.74,36.072,36.019,36.253,2750.73,2222.32,1642.7,1.86
2016-12-09 15:00:00,35.88,36.0,35.93,35.79,1208.61,0.05,0.14,35.836,35.98,36.234,1166.29,1297.5,1210.18,0.22
2016-12-09 14:30:00,35.84,35.88,35.88,35.71,967.26,0.04,0.11,35.77,36.03,36.262,1288.97,1260.94,1221.85,0.18
2016-12-09 14:00:00,35.8,35.9,35.84,35.68,914.0,0.04,0.11,35.776,36.085,36.283,1400.78,1209.92,1221.94,0.17
2016-12-09 13:30:00,35.73,35.92,35.8,35.73,634.6,0.07,0.2,35.866,36.136,36.305,1535.17,1188.62,1280.25,0.12
2016-12-09 11:30:00,35.6,35.73,35.73,35.43,2107.0,0.13,0.37,35.966,36.21,36.3065,1693.91,1182.86,1293.17,0.39
2016-12-09 11:00:00,35.78,35.85,35.6,35.51,1822.0,-0.18,-0.5,36.124,36.301,36.312,1428.71,1075.66,1322.07,0.34
2016-12-09 10:30:00,36.29,36.29,35.91,35.64,1526.28,-0.38,-1.05,36.29,36.401,36.3345,1232.91,1186.32,1275.67,0.28
2016-12-09 10:00:00,36.1,36.41,36.29,36.06,1585.99,0.19,0.53,36.394,36.459,36.342,1019.05,1200.89,1255.6,0.29
2016-12-08 15:00:00,36.52,36.52,36.3,36.3,1428.28,-0.22,-0.6,36.406,36.472,36.3295,842.06,1118.39,1200.16,0.26
2016-12-08 14:30:00,36.43,36.53,36.52,36.32,781.0,0.09,0.25,36.454,36.487,36.3195,671.8,1063.07,1151.24,0.14
2016-12-08 14:00:00,36.43,36.52,36.43,36.3,843.0,0.0,0.0,36.478,36.488,36.288,722.6,1122.86,1191.33,0.16
2016-12-08 13:30:00,36.35,36.49,36.43,36.3,457.0,0.08,0.22,36.512,36.494,36.2565,1139.73,1182.76,1231.62,0.08
2016-12-08 11:30:00,36.54,36.56,36.35,36.27,701.0,-0.19,-0.52,36.524,36.481,36.2435,1382.72,1233.96,1291.37,0.13
2016-12-08 11:00:00,36.64,36.66,36.54,36.53,577.0,-0.1,-0.27,36.538,36.474,36.228,1394.73,1371.88,1352.56,0.11
2016-12-08 10:30:00,36.58,36.75,36.64,36.52,1035.0,0.06,0.16,36.52,36.403,36.2035,1454.34,1403.48,1390.57,0.19
2016-12-08 10:00:00,36.58,36.8,36.6,36.1,2928.66,0.02,0.05,36.498,36.323,36.1815,1523.13,1568.48,1391.52,0.54
2016-12-07 15:00:00,36.42,36.53,36.49,36.4,1671.94,0.07,0.19,36.476,36.268,36.169,1225.8,1365.02,1294.09,0.31
2016-12-07 14:30:00,36.45,36.49,36.42,36.4,761.05,-0.03,-0.08,36.438,36.225,36.1595,1085.21,1310.32,1285.43,0.14
2016-12-07 14:00:00,36.53,36.53,36.45,36.37,875.06,-0.08,-0.22,36.41,36.187,36.1635,1349.03,1281.92,1343.84,0.16
2016-12-07 13:30:00,36.5,36.59,36.53,36.5,1378.94,0.03,0.08,36.286,36.152,36.167,1352.62,1239.41,1452.78,0.26
2016-12-07 11:30:00,36.3,36.66,36.49,36.25,1442.0,0.19,0.52,36.148,36.088,36.1565,1613.83,1259.79,1535.08,0.27
2016-12-07 11:00:00,36.28,36.3,36.3,36.19,969.0,0.02,0.06,36.06,36.019,36.147,1504.23,1280.48,1654.13,0.18
2016-12-07 10:30:00,35.83,36.38,36.28,35.83,2080.17,0.45,1.26,36.012,36.006,36.141,1535.43,1348.78,1793.15,0.38
2016-12-07 10:00:00,35.81,36.15,35.83,35.81,893.0,0.02,0.06,35.964,35.982,36.1185,1214.8,1333.24,1767.93,0.17
2016-12-06 15:00:00,36.04,36.1,35.84,35.78,2685.0,-0.2,-0.55,36.018,36.004,36.102,1126.2,1377.66,1779.63,0.5
2016-12-06 14:30:00,36.06,36.2,36.05,35.94,894.0,-0.01,-0.03,36.028,36.04,36.084,905.75,1214.56,1740.83,0.17
2016-12-06 14:00:00,36.04,36.06,36.06,35.87,1125.0,0.02,0.06,35.978,36.07,36.0475,1056.72,1223.16,1756.68,0.21
2016-12-06 13:30:00,36.13,36.3,36.04,36.0,477.0,-0.09,-0.25,36.0,36.094,36.011,1162.12,1260.53,1821.54,0.09
2016-12-06 11:30:00,35.89,36.14,36.1,35.89,450.0,0.21,0.59,36.0,36.14,35.9815,1451.67,1405.77,1894.38,0.08
2016-12-06 11:00:00,35.8,36.07,35.89,35.63,1582.75,0.09,0.25,35.99,36.182,35.9505,1629.11,1666.14,1943.29,0.29
2016-12-06 10:30:00,36.17,36.17,35.8,35.8,1648.86,-0.37,-1.02,36.052,36.225,35.922,1523.36,1810.37,1899.15,0.31
2016-12-06 10:00:00,36.13,36.44,36.17,35.97,1652.0,0.04,0.11,36.162,36.275,35.897,1389.59,2027.78,1902.69,0.31
2016-12-05 15:00:00,36.05,36.2,36.04,35.9,1924.74,-0.01,-0.03,36.188,36.276,35.8545,1358.95,2237.53,1856.66,0.36
2016-12-05 14:30:00,36.2,36.28,36.05,35.92,1337.22,-0.15,-0.41,36.28,36.255,35.825,1359.87,2202.62,1798.05,0.25
2016-12-05 14:00:00,36.35,36.35,36.2,36.2,1054.0,-0.15,-0.41,36.374,36.2,35.7975,1703.17,2181.6,1779.36,0.19
2016-12-05 13:30:00,36.3,36.38,36.35,36.26,980.0,0.05,0.14,36.398,36.128,35.7555,2097.37,2267.1,1796.88,0.18
2016-12-05 11:30:00,36.5,36.56,36.3,36.0,1498.77,-0.2,-0.55,36.388,36.025,35.719,2665.97,2290.2,1961.06,0.28
2016-12-05 11:00:00,36.52,36.68,36.5,36.4,1929.37,-0.02,-0.05,36.364,35.928,35.672,3116.11,2382.54,2230.93,0.36
2016-12-05 10:30:00,36.32,36.65,36.52,36.3,3053.73,0.2,0.55,36.23,35.823,35.5935,3045.37,2382.98,2457.89,0.56
2016-12-05 10:00:00,35.75,36.32,36.32,35.2,3024.99,0.57,1.59,36.026,35.719,35.548,2660.02,2220.44,2561.39,0.56
2016-12-02 15:00:00,36.18,36.41,36.3,35.95,3822.98,0.12,0.33,35.858,35.619,35.5415,2436.82,1987.94,2483.93,0.71
2016-12-02 14:30:00,35.83,36.29,36.18,35.74,3749.5,0.35,0.98,35.662,35.519,35.5325,1914.43,1777.6,2413.28,0.69
2016-12-02 14:00:00,35.51,35.85,35.83,35.35,1575.63,0.32,0.9,35.492,35.433,35.549,1648.98,1475.79,2265.04,0.29
2016-12-02 13:30:00,35.48,35.62,35.5,35.3,1127.0,0.02,0.06,35.416,35.395,35.5895,1720.6,1393.49,2260.15,0.21
2016-12-02 11:30:00,35.32,35.6,35.48,35.25,1909.0,0.16,0.45,35.412,35.395,35.643,1780.86,1377.12,2350.87,0.35
2016-12-02 11:00:00,35.33,35.35,35.32,35.08,1211.0,-0.01,-0.03,35.38,35.383,35.5835,1539.06,1326.66,3617.01,0.22
2016-12-02 10:30:00,35.45,35.51,35.33,35.25,2422.25,-0.12,-0.34,35.376,35.413,35.482,1640.78,1631.92,4072.41,0.45
2016-12-02 10:00:00,35.58,35.65,35.45,35.38,1933.75,-0.13,-0.37,35.374,35.416,35.36,1302.61,2079.31,4021.1,0.36
2016-12-01 15:00:00,35.32,35.5,35.48,35.3,1428.3,0.16,0.45,35.374,35.364,35.23,1066.38,2532.79,3979.66,0.26
2016-12-01 14:30:00,35.3,35.39,35.32,35.3,700.0,0.02,0.06,35.378,35.377,35.1005,973.39,2902.33,4080.98,0.13
2016-12-01 14:00:00,35.32,35.43,35.3,35.2,1719.59,-0.02,-0.06,35.386,35.464,34.9805,1114.26,2979.92,4169.88,0.32
2016-12-01 13:30:00,35.45,35.45,35.32,35.31,731.41,-0.13,-0.37,35.45,35.546,34.851,1623.06,3048.97,4253.48,0.14
2016-12-01 11:30:00,35.5,35.52,35.45,35.37,752.58,-0.05,-0.14,35.458,35.665,34.714,2856.0,3054.29,4623.59,0.14
2016-12-01 11:00:00,35.36,35.62,35.5,35.36,963.36,0.14,0.4,35.354,35.784,34.563,3999.2,3126.81,4727.51,0.18
2016-12-01 10:30:00,35.62,35.62,35.36,35.29,1404.36,-0.26,-0.73,35.376,35.891,34.419,4831.28,3324.62,4809.12,0.26
2016-12-01 10:00:00,35.12,35.72,35.62,35.12,4263.58,0.5,1.42,35.542,35.784,34.2725,4845.59,5907.36,4802.3,0.79
2016-11-30 15:00:00,34.92,35.37,35.36,34.84,6896.14,0.44,1.26,35.642,35.551,34.1025,4474.88,6512.9,4709.72,1.28
2016-11-30 14:30:00,35.61,35.78,34.93,34.93,6468.58,-0.68,-1.91,35.872,35.304,33.957,3252.58,5962.89,4493.51,1.2
2016-11-30 14:00:00,36.19,36.19,35.61,35.61,5123.74,-0.58,-1.6,36.214,35.096,33.8355,2254.41,5426.53,4316.12,0.95
2016-11-30 13:30:00,36.12,36.2,36.19,36.08,1475.89,0.07,0.19,36.406,34.824,33.659,1817.97,5259.62,4357.38,0.27
2016-11-30 11:30:00,36.51,36.56,36.12,36.02,2410.04,-0.39,-1.07,36.026,34.497,33.472,6969.13,5359.83,4473.76,0.45
2016-11-30 11:00:00,36.63,36.67,36.51,36.46,784.67,-0.12,-0.33,35.46,34.156,33.3025,8550.92,5458.0,4615.92,0.15
2016-11-30 10:30:00,36.57,36.66,36.64,36.38,1477.7,0.07,0.19,34.736,33.763,33.101,8673.19,6192.88,4780.39,0.27
2016-11-30 10:00:00,36.4,36.72,36.57,36.2,2941.54,0.17,0.47,33.978,33.342,32.883,8598.65,6328.22,4928.1,0.54
2016-10-13 15:00:00,33.29,35.49,34.29,33.26,27231.7,1.0,3.0,33.242,32.947,32.6615,8701.28,6293.61,5221.22,5.04
2016-10-13 14:30:00,32.89,33.59,33.29,32.86,10319.0,0.4,1.22,32.968,32.761,32.5485,3750.53,3697.23,4240.61,1.91
2016-10-13 14:00:00,32.85,32.91,32.89,32.7,1396.0,0.04,0.12,32.852,32.654,32.4485,2365.07,2906.53,3823.26,0.26
2016-10-13 13:30:00,32.89,32.98,32.85,32.83,1105.0,-0.04,-0.12,32.79,32.61,32.3635,3712.58,3024.13,4010.37,0.2
2016-10-13 11:30:00,32.91,33.13,32.89,32.88,3454.66,-0.02,-0.06,32.706,32.575,32.2685,4057.78,3205.72,4123.92,0.64
2016-10-13 11:00:00,32.71,33.0,32.92,32.58,2478.0,0.21,0.64,32.652,32.494,32.162,3885.95,3455.14,4045.19,0.46
2016-10-13 10:30:00,32.58,32.81,32.71,32.5,3391.7,0.13,0.4,32.554,32.447,32.0575,3643.94,3587.69,4095.14,0.63
2016-10-13 10:00:00,32.49,33.3,32.58,32.41,8133.55,0.09,0.28,32.456,32.449,31.9555,3448.0,3773.85,4055.76,1.5
2016-10-12 14:30:00,32.62,32.62,32.43,32.38,2831.0,-0.19,-0.58,32.43,32.439,31.861,2335.69,3367.89,3833.12,0.52
2016-10-12 14:00:00,32.45,32.62,32.62,32.35,2595.5,0.17,0.52,32.444,32.424,31.7675,2353.65,3527.98,3848.75,0.48
2016-10-12 13:30:00,32.22,32.43,32.43,32.18,1267.93,0.21,0.65,32.336,32.376,31.653,3024.33,4148.82,3913.52,0.23
2016-10-12 11:30:00,32.45,32.45,32.22,32.11,2412.0,-0.23,-0.71,32.34,32.336,31.5435,3531.44,4783.99,4134.17,0.45
2016-10-12 11:00:00,32.5,32.7,32.45,32.43,2572.0,-0.05,-0.15,32.442,32.243,31.4355,4099.7,4739.98,4210.91,0.48
2016-10-12 10:30:00,32.09,32.52,32.5,32.05,2920.83,0.41,1.28,32.448,32.117,31.31,4400.1,4996.61,4481.15,0.54
2016-10-12 10:00:00,32.4,32.4,32.08,31.71,5948.87,-0.32,-0.99,32.404,31.962,31.17,4702.3,5042.12,5182.2,1.1
2016-10-11 15:00:00,32.74,32.75,32.45,32.32,3803.5,-0.29,-0.89,32.416,31.83,31.092,5273.32,4635.25,5220.08,0.7
2016-10-11 14:30:00,32.43,32.8,32.73,32.43,5253.29,0.3,0.93,32.332,31.668,31.02,6036.54,4602.6,5131.71,0.97
2016-10-11 14:00:00,32.24,32.65,32.48,32.21,4074.0,0.24,0.74,32.044,31.462,30.9375,5380.27,4337.67,4998.15,0.75
2016-10-11 13:30:00,32.14,32.6,32.28,32.12,4431.86,0.14,0.44,31.786,31.283,30.87,5593.11,4298.34,4905.3,0.82
2016-10-11 11:30:00,32.03,32.65,32.14,31.9,8803.95,0.11,0.34,31.52,31.111,30.814,5381.94,4169.51,5040.22,1.63
2016-10-11 11:00:00,31.28,32.03,32.03,31.15,7619.6,0.75,2.4,31.244,30.93,30.766,3997.17,3678.22,5001.07,1.41
2016-10-11 10:30:00,31.18,31.31,31.29,31.17,1971.93,0.11,0.35,31.004,30.751,30.7305,3168.65,3484.36,4791.79,0.36
2016-10-11 10:00:00,30.99,31.43,31.19,30.9,5138.23,0.2,0.65,30.88,30.628,30.73,3295.07,3681.83,4872.79,0.95
2016-10-10 15:00:00,30.76,30.95,30.95,30.75,3376.0,0.19,0.62,30.78,30.503,30.7365,3003.57,3965.7,4781.34,0.62
2016-10-10 14:30:00,30.83,30.83,30.76,30.73,1880.1,-0.07,-0.23,30.702,30.378,30.761,2957.08,5322.28,4741.89,0.35
2016-10-10 14:00:00,30.67,30.84,30.83,30.66,3477.0,0.16,0.52,30.616,30.354,30.8025,3359.26,5804.92,4782.18,0.64
2016-10-10 13:30:00,30.68,30.72,30.67,30.62,2604.0,-0.01,-0.03,30.498,30.372,30.8375,3800.06,5660.82,4878.52,0.48
2016-10-10 11:30:00,30.5,30.72,30.69,30.5,3680.76,0.19,0.62,30.376,30.413,30.8985,4068.59,5658.62,5723.64,0.68
2016-10-10 11:00:00,30.33,30.58,30.56,30.25,3143.56,0.23,0.76,30.226,30.457,30.964,4927.83,5512.25,5691.92,0.58
2016-10-10 10:30:00,30.24,30.44,30.33,30.06,3891.0,0.09,0.3,30.054,30.517,31.044,7687.48,5910.92,5647.24,0.72
2016-10-10 10:00:00,30.15,30.29,30.24,29.91,5681.0,0.09,0.3,30.092,30.602,31.125,8250.58,6323.92,5531.44,1.05
2016-09-30 15:00:00,29.94,30.2,30.06,29.91,3946.65,0.12,0.4,30.246,30.71,31.219,7521.58,6099.22,5287.69,0.73
2016-09-30 14:30:00,29.7,30.09,29.94,29.7,7976.95,0.24,0.81,30.45,30.832,31.321,7248.65,6063.76,5178.41,1.48
2016-09-30 14:00:00,30.52,30.52,29.7,29.61,16941.8,-0.82,-2.69,30.688,30.97,31.418,6096.67,5596.99,4852.87,3.13
2016-09-30 13:30:00,31.0,31.0,30.52,30.43,6706.52,-0.48,-1.55,30.98,31.144,31.532,4134.36,4161.5,4107.67,1.24
2016-09-30 11:30:00,31.08,31.15,31.01,31.0,2036.0,-0.07,-0.23,31.112,31.251,31.606,4397.26,3759.43,3924.17,0.38
2016-09-30 11:00:00,31.1,31.13,31.08,31.02,2582.0,-0.02,-0.06,31.174,31.303,31.653,4676.86,4096.21,4049.05,0.48
2016-09-30 10:30:00,31.16,31.25,31.13,31.07,2217.0,-0.03,-0.1,31.214,31.384,31.675,4878.86,5788.65,4035.46,0.41
2016-09-30 10:00:00,31.18,31.26,31.16,31.03,7130.29,-0.02,-0.06,31.252,31.471,31.6835,5097.3,5871.59,3997.48,1.32
2016-09-29 15:00:00,31.32,31.34,31.18,31.18,8021.0,-0.14,-0.45,31.308,31.571,31.698,4188.64,5383.56,3667.84,1.48
2016-09-29 14:30:00,31.28,31.35,31.32,31.24,3434.0,0.04,0.13,31.39,31.648,31.703,3121.61,4738.96,3325.44,0.64
2016-09-29 14:00:00,31.32,31.4,31.28,31.26,3592.0,-0.04,-0.13,31.432,31.728,31.712,3515.57,4476.16,3215.38,0.66
2016-09-29 13:30:00,31.44,31.51,31.32,31.31,3309.22,-0.12,-0.38,31.554,31.81,31.7105,6698.45,4293.06,3168.86,0.61
2016-09-29 11:30:00,31.59,31.59,31.44,31.4,2587.0,-0.15,-0.47,31.69,31.866,31.714,6645.89,4108.74,3246.5,0.48
2016-09-29 11:00:00,31.53,31.61,31.59,31.41,2685.82,0.06,0.19,31.834,31.92,31.717,6578.49,4053.83,3456.4,0.5
2016-09-29 10:30:00,31.89,31.94,31.53,31.38,5403.81,-0.36,-1.13,31.906,31.961,31.741,6356.32,4088.91,3512.94,1.0
2016-09-29 10:00:00,31.25,32.09,31.89,31.25,19506.4,0.64,2.05,32.024,32.003,31.7895,5436.76,4001.89,3377.58,3.61
2016-09-28 15:00:00,32.16,32.16,32.0,31.88,3046.4,-0.16,-0.5,32.066,31.966,31.826,1887.68,2282.26,2458.61,0.56
2016-09-28 14:30:00,31.95,32.28,32.16,31.9,2250.0,0.21,0.66,32.042,31.896,31.865,1571.6,2123.36,2353.19,0.42
2016-09-28 14:00:00,32.12,32.18,31.95,31.95,1575.0,-0.17,-0.53,32.006,31.825,31.9085,1529.18,1952.12,2375.34,0.29
2016-09-28 13:30:00,32.1,32.16,32.12,32.0,806.0,0.02,0.06,32.016,31.758,31.941,1821.49,1911.92,2563.24,0.15
2016-09-28 11:30:00,31.88,32.24,32.1,31.8,1761.0,0.22,0.69,31.982,31.696,31.9835,2567.01,1954.59,2929.54,0.33
2016-09-28 11:00:00,31.98,31.98,31.88,31.87,1466.0,-0.1,-0.31,31.866,31.611,32.053,2676.84,2044.66,3944.9,0.27
2016-09-28 10:30:00,32.0,32.12,31.98,31.95,2037.91,-0.02,-0.06,31.75,31.562,32.1065,2675.11,2384.26,4044.35,0.38
2016-09-28 10:00:00,31.97,32.2,32.0,31.68,3036.54,0.03,0.09,31.644,31.514,32.1475,2375.06,2858.97,4049.65,0.56
2016-09-27 15:00:00,31.51,32.12,31.95,31.5,4533.62,0.44,1.4,31.5,31.521,32.1895,2002.35,2936.97,4040.72,0.84
2016-09-27 14:30:00,31.3,31.52,31.52,31.22,2310.13,0.22,0.7,31.41,31.576,32.244,1342.17,2753.27,4097.19,0.43
2016-09-27 14:00:00,31.45,31.45,31.3,31.21,1457.36,-0.15,-0.48,31.356,31.686,32.307,1412.49,2634.96,4163.18,0.27
2016-09-27 13:30:00,31.28,31.49,31.45,31.27,537.64,0.17,0.54,31.374,31.834,32.3635,2093.42,2583.02,4197.81,0.1
2016-09-27 11:30:00,31.5,31.51,31.28,31.25,1173.0,-0.22,-0.7,31.384,31.992,32.4125,3342.89,2798.56,4391.0,0.22
2016-09-27 11:00:00,31.25,31.53,31.5,31.25,1232.74,0.25,0.8,31.542,32.124,32.48,3871.59,3214.56,4514.84,0.23
2016-09-27 10:30:00,31.39,31.5,31.25,31.22,2661.71,-0.14,-0.45,31.742,32.271,32.535,4164.37,3904.48,4601.59,0.49
2016-09-27 10:00:00,31.49,31.79,31.39,31.17,4862.0,-0.1,-0.32,32.016,32.495,32.605,3857.43,5845.13,4577.31,0.9
2016-09-26 15:00:00,32.07,32.2,31.5,31.5,6785.0,-0.57,-1.78,32.294,32.651,32.673,3072.63,5704.43,4440.86,1.26
2016-09-26 14:30:00,32.5,32.5,32.07,32.02,3816.5,-0.43,-1.32,32.6,32.781,32.7435,2254.23,5240.33,4468.88,0.71
2016-09-26 14:00:00,32.63,32.7,32.5,32.4,2696.64,-0.13,-0.4,32.706,32.858,32.7685,2557.53,5144.46,4455.6,0.5
2016-09-26 13:30:00,32.78,32.86,32.62,32.61,1127.0,-0.16,-0.49,32.8,32.912,32.7695,3644.59,5441.1,4462.21,0.21
2016-09-26 11:30:00,33.04,33.04,32.78,32.75,938.0,-0.26,-0.79,32.974,32.928,32.762,7832.83,5691.4,4723.58,0.17
2016-09-26 11:00:00,32.65,33.15,33.03,32.53,2693.0,0.38,1.16,33.008,32.893,32.7285,8336.23,5812.6,4865.78,0.5
2016-09-26 10:30:00,32.97,32.97,32.6,32.45,5333.0,-0.37,-1.12,32.962,32.833,32.6855,8226.43,5983.45,4835.72,0.99
2016-09-26 10:00:00,33.37,33.44,32.97,32.81,8131.97,-0.4,-1.2,33.01,32.836,32.6715,7731.4,5815.12,4708.73,1.5
2016-09-23 15:00:00,32.95,33.95,33.49,32.87,22068.2,0.54,1.64,33.024,32.799,32.6345,7237.6,5298.7,4362.23,4.08
2016-09-23 14:30:00,32.82,32.95,32.95,32.75,3455.0,0.13,0.4,32.882,32.715,32.5695,3549.97,3309.48,3322.12,0.64
2016-09-23 14:00:00,32.84,32.95,32.8,32.75,2144.0,-0.04,-0.12,32.778,32.695,32.538,3288.97,3177.28,3211.37,0.4
2016-09-23 13:30:00,33.05,33.05,32.84,32.81,2857.84,-0.21,-0.64,32.704,32.706,32.5095,3740.47,3697.42,3239.42,0.53
2016-09-23 11:30:00,32.74,33.08,33.04,32.7,5663.0,0.3,0.92,32.662,32.679,32.4885,3898.83,3766.72,3276.58,1.05
2016-09-23 11:00:00,32.43,32.91,32.78,32.43,3630.0,0.35,1.08,32.574,32.627,32.46,3359.8,3483.32,3328.65,0.67
2016-09-23 10:30:00,32.43,32.65,32.43,32.43,2150.0,0.0,0.0,32.548,32.596,32.424,3069.0,3755.75,3248.6,0.4
2016-09-23 10:00:00,32.41,32.62,32.43,32.31,4401.5,0.02,0.06,32.612,32.564,32.401,3065.6,3918.95,3247.73,0.81
2016-09-22 15:00:00,32.6,32.7,32.63,32.55,3649.64,0.03,0.09,32.708,32.538,32.3865,3654.38,3687.99,3195.44,0.68
2016-09-22 14:30:00,32.62,32.78,32.6,32.55,2967.86,-0.02,-0.06,32.696,32.507,32.3535,3634.62,3602.34,3077.8,0.55
2016-09-22 14:00:00,32.75,32.81,32.65,32.61,2176.01,-0.1,-0.31,32.68,32.47,32.317,3606.85,3425.76,3053.45,0.4
2016-09-22 13:30:00,32.91,32.95,32.75,32.7,2133.0,-0.16,-0.49,32.644,32.424,32.284,4442.5,3334.76,3085.15,0.39
2016-09-22 11:30:00,32.57,33.05,32.91,32.57,7345.4,0.34,1.04,32.516,32.381,32.2555,4772.3,3245.46,3217.77,1.36
2016-09-22 11:00:00,32.52,32.68,32.57,32.47,3550.84,0.05,0.15,32.368,32.313,32.207,3721.59,2781.42,3009.52,0.66
2016-09-22 10:30:00,32.49,32.55,32.52,32.41,2829.0,0.03,0.09,32.318,32.298,32.176,3570.07,2786.43,2958.38,0.52
2016-09-22 10:00:00,32.5,32.74,32.47,32.28,6354.24,-0.03,-0.09,32.26,32.293,32.141,3244.67,3173.97,2876.73,1.18
2016-09-21 15:00:00,32.2,32.24,32.11,32.0,3782.0,-0.09,-0.28,32.204,32.252,32.1085,2227.02,2741.44,2613.77,0.7
2016-09-21 14:30:00,32.31,32.31,32.17,32.16,2091.88,-0.14,-0.43,32.246,32.238,32.0955,1718.62,2576.51,2494.3,0.39
2016-09-21 14:00:00,32.23,32.36,32.32,32.14,2793.22,0.09,0.28,32.258,32.235,32.0805,1841.24,2702.9,2449.99,0.52
2016-09-21 13:30:00,32.19,32.27,32.23,32.14,1202.0,0.04,0.12,32.278,32.2,32.057,2002.8,2553.24,2479.38,0.22
2016-09-21 11:30:00,32.32,32.32,32.19,32.13,1266.0,-0.13,-0.4,32.326,32.164,32.043,3103.27,2681.14,2732.33,0.23
2016-09-21 11:00:00,32.23,32.35,32.32,32.2,1240.0,0.09,0.28,32.3,32.144,32.01,3255.87,2835.54,2870.25,0.23
2016-09-21 10:30:00,32.39,32.44,32.23,32.13,2705.0,-0.16,-0.49,32.23,32.13,31.979,3434.4,3190.09,2935.01,0.5
2016-09-21 10:00:00,32.3,32.54,32.42,32.21,3601.0,0.12,0.37,32.212,32.101,31.949,3564.55,3237.62,2911.86,0.67
2016-09-20 15:00:00,32.06,32.47,32.47,32.06,6704.35,0.41,1.28,32.122,32.054,31.911,3103.69,3130.32,2829.66,1.24
2016-09-20 14:30:00,31.99,32.17,32.06,31.88,2029.0,0.07,0.22,32.002,31.989,31.8625,2259.02,2579.49,2620.14,0.38
2016-09-20 14:00:00,32.14,32.16,31.97,31.87,2132.64,-0.17,-0.53,31.988,31.965,31.848,2415.22,2486.09,2565.1,0.39
2016-09-20 13:30:00,31.97,32.22,32.14,31.97,3355.76,0.17,0.53,32.03,31.953,31.8355,2945.78,2412.09,2576.98,0.62
2016-09-20 11:30:00,31.87,32.0,31.97,31.8,1296.7,0.1,0.31,31.99,31.926,31.8085,2910.69,2197.09,2621.9,0.24
2016-09-20 11:00:00,31.99,31.99,31.87,31.79,2481.0,-0.12,-0.38,31.986,31.914,31.804,3156.95,2405.52,2789.88,0.46
2016-09-20 10:30:00,32.18,32.23,31.99,31.93,2810.0,-0.19,-0.59,31.976,31.922,31.7955,2899.95,2783.52,2734.29,0.52
2016-09-20 10:00:00,32.02,32.2,32.18,31.73,4785.42,0.16,0.5,31.942,31.876,31.7835,2556.95,2904.95,2683.08,0.89
2016-09-19 15:00:00,31.98,32.0,31.94,31.85,3180.34,-0.04,-0.13,31.876,31.828,31.7645,1878.4,2679.94,2585.24,0.59
2016-09-19 14:30:00,31.82,31.98,31.95,31.78,2528.01,0.13,0.41,31.862,31.797,31.7445,1483.48,2586.1,2532.61,0.47
2016-09-19 14:00:00,31.82,31.9,31.82,31.8,1196.0,0.0,0.0,31.842,31.768,31.7235,1654.08,2529.0,2489.21,0.22
2016-09-19 13:30:00,31.85,31.92,31.82,31.79,1095.0,-0.03,-0.09,31.868,31.736,31.7085,2667.08,2660.8,2598.8,0.2
2016-09-19 11:30:00,31.87,31.9,31.85,31.72,1392.64,-0.02,-0.06,31.81,31.731,31.6945,3252.94,2644.1,2778.07,0.26
2016-09-19 11:00:00,31.85,31.91,31.87,31.81,1205.76,0.02,0.06,31.78,31.718,31.6795,3481.48,2741.88,3182.79,0.22
2016-09-19 10:30:00,31.95,32.07,31.85,31.82,3381.0,-0.1,-0.31,31.732,31.691,31.6755,3688.73,3046.7,3288.58,0.63
2016-09-19 10:00:00,31.69,32.2,31.95,31.55,6260.99,0.26,0.82,31.694,31.694,31.6745,3403.93,3174.24,3338.98,1.16
2016-09-14 15:00:00,31.7,31.7,31.53,31.45,4024.32,-0.17,-0.54,31.604,31.669,31.673,2654.53,2685.07,3173.81,0.74
2016-09-14 14:30:00,31.63,31.77,31.7,31.58,2535.32,0.07,0.22,31.652,31.691,31.699,2035.26,2461.2,3139.54,0.47
2016-09-14 14:00:00,31.66,31.67,31.63,31.47,2242.0,-0.03,-0.09,31.656,31.701,31.7335,2002.28,2490.55,3156.23,0.41
2016-09-14 13:30:00,31.5,31.78,31.66,31.49,1957.0,0.16,0.51,31.65,31.692,31.7645,2404.68,2479.11,3281.66,0.36
2016-09-14 11:30:00,31.77,31.78,31.5,31.49,2514.0,-0.27,-0.85,31.694,31.679,31.779,2944.55,2449.41,3764.29,0.47
2016-09-14 11:00:00,31.72,31.8,31.77,31.68,928.0,0.05,0.16,31.734,31.681,31.8475,2715.61,2536.8,4160.59,0.17
2016-09-14 10:30:00,31.6,31.84,31.72,31.59,2370.39,0.12,0.38,31.73,31.658,31.915,2887.15,2912.03,4546.97,0.44
2016-09-14 10:00:00,31.68,31.7,31.6,31.51,4254.01,-0.08,-0.25,31.746,31.641,31.96,2978.82,3623.69,4606.35,0.79
2016-09-13 15:00:00,31.72,31.95,31.88,31.72,4656.33,0.16,0.5,31.734,31.66,32.0125,2553.54,3530.46,4489.86,0.86
2016-09-13 14:30:00,31.75,31.75,31.7,31.62,1369.32,-0.05,-0.16,31.664,31.655,32.047,1954.28,3503.73,4404.59,0.25
2016-09-13 14:00:00,31.8,31.85,31.75,31.63,1785.68,-0.05,-0.16,31.628,31.677,32.096,2357.98,3662.55,4612.77,0.33
2016-09-13 13:30:00,31.54,31.94,31.8,31.54,2828.74,0.26,0.82,31.586,31.707,32.144,2936.92,3817.88,4808.53,0.52
2016-09-13 11:30:00,31.53,31.6,31.54,31.48,2127.64,0.01,0.03,31.536,31.766,32.204,4268.57,3821.9,5327.54,0.39
2016-09-13 11:00:00,31.52,31.72,31.53,31.5,1660.0,0.01,0.03,31.586,31.837,32.2685,4507.38,4084.22,5593.23,0.31
2016-09-13 10:30:00,31.54,31.61,31.52,31.5,3387.84,-0.02,-0.06,31.646,31.879,32.315,5053.18,5079.16,5727.21,0.63
2016-09-13 10:00:00,31.78,31.99,31.54,31.54,4680.37,-0.24,-0.76,31.726,32.014,32.366,4967.11,5784.38,5733.17,0.87
2016-09-12 15:00:00,31.8,31.84,31.55,31.55,9487.0,-0.25,-0.79,31.828,32.172,32.4225,4698.84,6181.91,5600.6,1.76
2016-09-12 14:30:00,31.85,31.94,31.79,31.78,3321.7,-0.06,-0.19,31.996,32.279,32.481,3375.24,5589.01,5319.95,0.61
2016-09-12 14:00:00,31.92,31.94,31.83,31.82,4389.0,-0.09,-0.28,32.088,32.365,32.523,3661.05,5449.25,5313.71,0.81
2016-09-12 13:30:00,32.05,32.12,31.92,31.9,2957.5,-0.13,-0.41,32.112,32.439,32.5675,5105.15,5305.45,5398.63,0.55
2016-09-12 11:30:00,32.39,32.39,32.05,31.95,3339.0,-0.34,-1.05,32.302,32.515,32.611,6601.65,5563.0,5722.78,0.62
2016-09-12 11:00:00,32.25,32.4,32.39,32.06,2869.0,0.14,0.43,32.516,32.581,32.626,7664.98,5799.18,6096.98,0.53
2016-09-12 10:30:00,31.96,32.37,32.25,31.96,4750.74,0.29,0.91,32.562,32.642,32.638,7802.78,6833.17,6363.79,0.88
