Not
2017-01-06@15:00:00,0.045,0.094,-0.049
2017-01-06@14:30:00,0.051,0.106,-0.056
2017-01-06@14:00:00,0.051,0.120,-0.069
2017-01-06@13:30:00,0.074,0.137,-0.063
2017-01-06@11:30:00,0.094,0.153,-0.060
2017-01-06@11:00:00,0.105,0.168,-0.063
2017-01-06@10:30:00,0.122,0.184,-0.062
2017-01-06@10:00:00,0.150,0.199,-0.049
2017-01-05@15:00:00,0.172,0.211,-0.040
2017-01-05@14:30:00,0.202,0.221,-0.019
2017-01-05@14:00:00,0.216,0.226,-0.010
2017-01-05@13:30:00,0.220,0.229,-0.009
2017-01-05@11:30:00,0.227,0.231,-0.004
2017-01-05@11:00:00,0.241,0.232,0.009
2017-01-05@10:30:00,0.259,0.229,0.029
2017-01-05@10:00:00,0.264,0.222,0.041
2017-01-04@15:00:00,0.247,0.212,0.035
2017-01-04@14:30:00,0.242,0.203,0.038
2017-01-04@14:00:00,0.231,0.193,0.037
2017-01-04@13:30:00,0.230,0.184,0.045
2017-01-04@11:30:00,0.228,0.173,0.055
2017-01-04@11:00:00,0.224,0.159,0.065
2017-01-04@10:30:00,0.222,0.143,0.079
2017-01-04@10:00:00,0.224,0.123,0.101
2017-01-03@15:00:00,0.207,0.098,0.109
2017-01-03@14:30:00,0.183,0.070,0.113
2017-01-03@14:00:00,0.127,0.042,0.085
2017-01-03@13:30:00,0.095,0.021,0.074
2017-01-03@11:30:00,0.059,0.002,0.057
2017-01-03@11:00:00,0.031,-0.012,0.043
2017-01-03@10:30:00,0.005,-0.023,0.027
2017-01-03@10:00:00,-0.027,-0.030,0.003
2016-12-30@15:00:00,-0.062,-0.030,-0.032
2016-12-30@14:30:00,-0.045,-0.022,-0.022
2016-12-30@14:00:00,-0.035,-0.017,-0.018
2016-12-30@13:30:00,-0.038,-0.012,-0.025
2016-12-30@11:30:00,-0.041,-0.006,-0.035
2016-12-30@11:00:00,-0.023,0.002,-0.025
2016-12-30@10:30:00,-0.016,0.009,-0.024
2016-12-30@10:00:00,-0.017,0.015,-0.031
2016-12-29@15:00:00,-0.004,0.023,-0.027
2016-12-29@14:30:00,0.011,0.029,-0.018
2016-12-29@14:00:00,0.019,0.034,-0.015
2016-12-29@13:30:00,0.024,0.038,-0.013
2016-12-29@11:30:00,0.022,0.041,-0.019
2016-12-29@11:00:00,-0.004,0.046,-0.050
2016-12-29@10:30:00,-0.002,0.058,-0.060
2016-12-29@10:00:00,0.013,0.073,-0.061
2016-12-28@15:00:00,0.058,0.089,-0.030
2016-12-28@14:30:00,0.083,0.096,-0.013
2016-12-28@14:00:00,0.086,0.100,-0.014
2016-12-28@13:30:00,0.091,0.103,-0.012
2016-12-28@11:30:00,0.099,0.106,-0.007
2016-12-28@11:00:00,0.115,0.108,0.007
2016-12-28@10:30:00,0.131,0.106,0.025
2016-12-28@10:00:00,0.137,0.100,0.037
2016-12-27@15:00:00,0.134,0.091,0.043
2016-12-27@14:30:00,0.135,0.080,0.055
2016-12-27@14:00:00,0.130,0.066,0.064
2016-12-27@13:30:00,0.122,0.050,0.072
2016-12-27@11:30:00,0.123,0.032,0.091
2016-12-27@11:00:00,0.092,0.009,0.083
2016-12-27@10:30:00,0.051,-0.011,0.063
2016-12-27@10:00:00,0.019,-0.027,0.046
2016-12-26@15:00:00,-0.035,-0.039,0.004
2016-12-26@14:30:00,-0.039,-0.040,0.001
2016-12-26@14:00:00,-0.058,-0.040,-0.018
2016-12-26@13:30:00,-0.065,-0.035,-0.030
2016-12-26@11:30:00,-0.084,-0.028,-0.057
2016-12-26@11:00:00,-0.075,-0.014,-0.061
2016-12-26@10:30:00,-0.053,0.002,-0.054
2016-12-26@10:00:00,-0.037,0.015,-0.052
2016-12-23@15:00:00,0.012,0.028,-0.016
2016-12-23@14:30:00,-0.012,0.032,-0.045
2016-12-23@14:00:00,-0.024,0.043,-0.067
2016-12-23@13:30:00,-0.013,0.060,-0.073
2016-12-23@11:30:00,0.009,0.078,-0.070
2016-12-23@11:00:00,0.022,0.096,-0.074
2016-12-23@10:30:00,0.047,0.115,-0.068
2016-12-23@10:00:00,0.079,0.131,-0.052
2016-12-22@15:00:00,0.108,0.144,-0.036
2016-12-22@14:30:00,0.127,0.154,-0.027
2016-12-22@14:00:00,0.117,0.160,-0.043
2016-12-22@13:30:00,0.122,0.171,-0.049
2016-12-22@11:30:00,0.132,0.183,-0.051
2016-12-22@11:00:00,0.150,0.196,-0.046
2016-12-22@10:30:00,0.173,0.208,-0.034
2016-12-22@10:00:00,0.196,0.216,-0.021
2016-12-21@15:00:00,0.223,0.221,0.002
2016-12-21@14:30:00,0.221,0.221,-0.000
2016-12-21@14:00:00,0.231,0.221,0.010
2016-12-21@13:30:00,0.249,0.218,0.030
2016-12-21@11:30:00,0.246,0.211,0.035
2016-12-21@11:00:00,0.224,0.202,0.022
2016-12-21@10:30:00,0.199,0.196,0.002
2016-12-21@10:00:00,0.192,0.196,-0.004
2016-12-20@15:00:00,0.194,0.197,-0.003
2016-12-20@14:30:00,0.199,0.198,0.001
2016-12-20@14:00:00,0.211,0.197,0.014
2016-12-20@13:30:00,0.217,0.194,0.023
2016-12-20@11:30:00,0.213,0.188,0.025
2016-12-20@11:00:00,0.212,0.182,0.030
2016-12-20@10:30:00,0.203,0.174,0.028
2016-12-20@10:00:00,0.183,0.167,0.016
2016-12-19@15:00:00,0.181,0.163,0.018
2016-12-19@14:30:00,0.187,0.159,0.028
2016-12-19@14:00:00,0.175,0.152,0.023
2016-12-19@13:30:00,0.187,0.146,0.040
2016-12-19@11:30:00,0.187,0.136,0.051
2016-12-19@11:00:00,0.159,0.123,0.036
2016-12-19@10:30:00,0.171,0.114,0.057
2016-12-19@10:00:00,0.184,0.100,0.084
2016-12-16@15:00:00,0.190,0.079,0.111
2016-12-16@14:30:00,0.194,0.051,0.143
2016-12-16@14:00:00,0.185,0.016,0.169
2016-12-16@13:30:00,0.159,-0.027,0.186
2016-12-16@11:30:00,0.149,-0.073,0.222
2016-12-16@11:00:00,0.111,-0.129,0.240
2016-12-16@10:30:00,0.035,-0.188,0.224
2016-12-16@10:00:00,-0.058,-0.244,0.186
2016-12-15@15:00:00,-0.217,-0.291,0.074
2016-12-15@14:30:00,-0.228,-0.309,0.081
2016-12-15@14:00:00,-0.242,-0.330,0.088
2016-12-15@13:30:00,-0.268,-0.352,0.083
2016-12-15@11:30:00,-0.298,-0.372,0.074
2016-12-15@11:00:00,-0.338,-0.391,0.053
2016-12-15@10:30:00,-0.389,-0.404,0.016
2016-12-15@10:00:00,-0.416,-0.408,-0.008
2016-12-14@15:00:00,-0.411,-0.406,-0.005
2016-12-14@14:30:00,-0.380,-0.405,0.025
2016-12-14@14:00:00,-0.384,-0.411,0.028
2016-12-14@13:30:00,-0.400,-0.418,0.018
2016-12-14@11:30:00,-0.421,-0.423,0.001
2016-12-14@11:00:00,-0.440,-0.423,-0.017
2016-12-14@10:30:00,-0.447,-0.419,-0.028
2016-12-14@10:00:00,-0.464,-0.412,-0.052
2016-12-13@15:00:00,-0.483,-0.399,-0.084
2016-12-13@14:30:00,-0.491,-0.378,-0.114
2016-12-13@14:00:00,-0.515,-0.349,-0.166
2016-12-13@13:30:00,-0.523,-0.308,-0.215
2016-12-13@11:30:00,-0.491,-0.254,-0.237
2016-12-13@11:00:00,-0.442,-0.194,-0.247
2016-12-13@10:30:00,-0.370,-0.133,-0.238
2016-12-13@10:00:00,-0.265,-0.073,-0.192
2016-12-12@15:00:00,-0.126,-0.025,-0.101
2016-12-12@14:30:00,-0.074,-0.000,-0.074
2016-12-12@14:00:00,-0.019,0.018,-0.038
2016-12-12@13:30:00,0.041,0.028,0.013
2016-12-12@11:30:00,0.032,0.024,0.007
2016-12-12@11:00:00,0.054,0.023,0.031
2016-12-12@10:30:00,0.042,0.015,0.027
2016-12-12@10:00:00,0.009,0.008,0.001
2016-12-09@15:00:00,-0.069,0.008,-0.076
2016-12-09@14:30:00,-0.066,0.027,-0.093
2016-12-09@14:00:00,-0.058,0.050,-0.108
2016-12-09@13:30:00,-0.041,0.077,-0.118
2016-12-09@11:30:00,-0.016,0.107,-0.123
2016-12-09@11:00:00,0.024,0.137,-0.114
2016-12-09@10:30:00,0.087,0.166,-0.078
2016-12-09@10:00:00,0.136,0.185,-0.050
2016-12-08@15:00:00,0.157,0.198,-0.041
2016-12-08@14:30:00,0.180,0.208,-0.028
2016-12-08@14:00:00,0.185,0.215,-0.030
2016-12-08@13:30:00,0.198,0.222,-0.024
2016-12-08@11:30:00,0.212,0.228,-0.016
2016-12-08@11:00:00,0.234,0.232,0.002
2016-12-08@10:30:00,0.240,0.232,0.008
2016-12-08@10:00:00,0.234,0.230,0.004
2016-12-07@15:00:00,0.227,0.229,-0.002
2016-12-07@14:30:00,0.225,0.230,-0.004
2016-12-07@14:00:00,0.227,0.231,-0.003
2016-12-07@13:30:00,0.224,0.231,-0.008
2016-12-07@11:30:00,0.207,0.233,-0.026
2016-12-07@11:00:00,0.188,0.240,-0.052
2016-12-07@10:30:00,0.180,0.253,-0.074
2016-12-07@10:00:00,0.168,0.271,-0.103
2016-12-06@15:00:00,0.197,0.297,-0.100
2016-12-06@14:30:00,0.231,0.322,-0.091
2016-12-06@14:00:00,0.248,0.345,-0.097
2016-12-06@13:30:00,0.266,0.369,-0.103
2016-12-06@11:30:00,0.287,0.395,-0.107
2016-12-06@11:00:00,0.304,0.422,-0.118
2016-12-06@10:30:00,0.342,0.451,-0.109
2016-12-06@10:00:00,0.395,0.478,-0.083
2016-12-05@15:00:00,0.419,0.499,-0.080
2016-12-05@14:30:00,0.457,0.519,-0.062
2016-12-05@14:00:00,0.498,0.534,-0.037
2016-12-05@13:30:00,0.527,0.544,-0.016
2016-12-05@11:30:00,0.542,0.548,-0.006
2016-12-05@11:00:00,0.558,0.549,0.009
2016-12-05@10:30:00,0.550,0.547,0.003
2016-12-05@10:00:00,0.529,0.546,-0.017
2016-12-02@15:00:00,0.516,0.551,-0.035
2016-12-02@14:30:00,0.493,0.560,-0.067
2016-12-02@14:00:00,0.469,0.576,-0.107
2016-12-02@13:30:00,0.467,0.603,-0.136
2016-12-02@11:30:00,0.492,0.637,-0.145
2016-12-02@11:00:00,0.518,0.673,-0.155
2016-12-02@10:30:00,0.561,0.712,-0.151
2016-12-02@10:00:00,0.606,0.750,-0.144
2016-12-01@15:00:00,0.642,0.786,-0.144
2016-12-01@14:30:00,0.676,0.822,-0.146
2016-12-01@14:00:00,0.726,0.858,-0.132
2016-12-01@13:30:00,0.781,0.891,-0.110
2016-12-01@11:30:00,0.838,0.919,-0.081
2016-12-01@11:00:00,0.885,0.939,-0.054
2016-12-01@10:30:00,0.927,0.952,-0.026
2016-12-01@10:00:00,0.981,0.959,0.023
2016-11-30@15:00:00,1.010,0.953,0.057
2016-11-30@14:30:00,1.059,0.939,0.120
2016-11-30@14:00:00,1.150,0.909,0.241
2016-11-30@13:30:00,1.179,0.848,0.331
2016-11-30@11:30:00,1.141,0.766,0.375
2016-11-30@11:00:00,1.083,0.672,0.411
2016-11-30@10:30:00,0.953,0.569,0.383
2016-11-30@10:00:00,0.760,0.473,0.286
2016-10-13@15:00:00,0.509,0.402,0.107
2016-10-13@14:30:00,0.414,0.375,0.040
2016-10-13@14:00:00,0.389,0.365,0.024
2016-10-13@13:30:00,0.392,0.359,0.033
2016-10-13@11:30:00,0.394,0.351,0.044
2016-10-13@11:00:00,0.387,0.340,0.048
2016-10-13@10:30:00,0.370,0.328,0.042
2016-10-13@10:00:00,0.363,0.317,0.046
2016-10-12@14:30:00,0.363,0.306,0.057
2016-10-12@14:00:00,0.372,0.292,0.080
2016-10-12@13:30:00,0.359,0.271,0.088
2016-10-12@11:30:00,0.357,0.250,0.107
2016-10-12@11:00:00,0.370,0.223,0.148
2016-10-12@10:30:00,0.359,0.186,0.173
2016-10-12@10:00:00,0.333,0.143,0.191
2016-10-11@15:00:00,0.339,0.095,0.244
2016-10-11@14:30:00,0.304,0.034,0.270
2016-10-11@14:00:00,0.226,-0.033,0.259
2016-10-11@13:30:00,0.148,-0.098,0.246
2016-10-11@11:30:00,0.068,-0.160,0.227
2016-10-11@11:00:00,-0.022,-0.217,0.194
2016-10-11@10:30:00,-0.125,-0.265,0.140
2016-10-11@10:00:00,-0.179,-0.300,0.121
2016-10-10@15:00:00,-0.236,-0.331,0.095
2016-10-10@14:30:00,-0.280,-0.354,0.075
2016-10-10@14:00:00,-0.312,-0.373,0.060
2016-10-10@13:30:00,-0.357,-0.388,0.031
2016-10-10@11:30:00,-0.392,-0.396,0.003
2016-10-10@11:00:00,-0.434,-0.397,-0.037
2016-10-10@10:30:00,-0.467,-0.387,-0.080
2016-10-10@10:00:00,-0.479,-0.367,-0.112
2016-09-30@15:00:00,-0.479,-0.339,-0.140
2016-09-30@14:30:00,-0.453,-0.304,-0.149
2016-09-30@14:00:00,-0.402,-0.267,-0.134
2016-09-30@13:30:00,-0.305,-0.234,-0.071
2016-09-30@11:30:00,-0.261,-0.216,-0.045
2016-09-30@11:00:00,-0.251,-0.204,-0.047
2016-09-30@10:30:00,-0.242,-0.193,-0.049
2016-09-30@10:00:00,-0.232,-0.180,-0.052
2016-09-29@15:00:00,-0.219,-0.167,-0.051
2016-09-29@14:30:00,-0.201,-0.155,-0.046
2016-09-29@14:00:00,-0.189,-0.143,-0.046
2016-09-29@13:30:00,-0.167,-0.132,-0.035
2016-09-29@11:30:00,-0.141,-0.123,-0.018
2016-09-29@11:00:00,-0.117,-0.118,0.001
2016-09-29@10:30:00,-0.101,-0.119,0.017
2016-09-29@10:00:00,-0.073,-0.123,0.050
2016-09-28@15:00:00,-0.073,-0.135,0.063
2016-09-28@14:30:00,-0.082,-0.151,0.069
2016-09-28@14:00:00,-0.109,-0.169,0.059
2016-09-28@13:30:00,-0.121,-0.183,0.062
2016-09-28@11:30:00,-0.152,-0.199,0.047
2016-09-28@11:00:00,-0.187,-0.211,0.024
2016-09-28@10:30:00,-0.206,-0.217,0.011
2016-09-28@10:00:00,-0.238,-0.219,-0.018
2016-09-27@15:00:00,-0.277,-0.215,-0.062
2016-09-27@14:30:00,-0.318,-0.199,-0.119
2016-09-27@14:00:00,-0.322,-0.170,-0.153
2016-09-27@13:30:00,-0.300,-0.131,-0.169
2016-09-27@11:30:00,-0.283,-0.089,-0.194
2016-09-27@11:00:00,-0.240,-0.041,-0.199
2016-09-27@10:30:00,-0.203,0.009,-0.212
2016-09-27@10:00:00,-0.128,0.062,-0.190
2016-09-26@15:00:00,-0.045,0.110,-0.155
2016-09-26@14:30:00,0.051,0.148,-0.098
2016-09-26@14:00:00,0.114,0.173,-0.059
2016-09-26@13:30:00,0.150,0.187,-0.038
2016-09-26@11:30:00,0.180,0.197,-0.016
2016-09-26@11:00:00,0.201,0.201,-0.000
2016-09-26@10:30:00,0.199,0.201,-0.002
2016-09-26@10:00:00,0.236,0.201,0.035
2016-09-23@15:00:00,0.244,0.193,0.051
2016-09-23@14:30:00,0.197,0.180,0.017
2016-09-23@14:00:00,0.189,0.176,0.013
2016-09-23@13:30:00,0.191,0.172,0.019
2016-09-23@11:30:00,0.187,0.168,0.020
2016-09-23@11:00:00,0.159,0.163,-0.004
2016-09-23@10:30:00,0.148,0.164,-0.016
2016-09-23@10:00:00,0.166,0.168,-0.001
2016-09-22@15:00:00,0.188,0.168,0.020
2016-09-22@14:30:00,0.192,0.163,0.029
2016-09-22@14:00:00,0.198,0.156,0.042
2016-09-22@13:30:00,0.197,0.145,0.052
2016-09-22@11:30:00,0.183,0.133,0.050
2016-09-22@11:00:00,0.146,0.120,0.026
2016-09-22@10:30:00,0.132,0.113,0.018
2016-09-22@10:00:00,0.117,0.109,0.008
2016-09-21@15:00:00,0.101,0.107,-0.006
2016-09-21@14:30:00,0.115,0.108,0.007
2016-09-21@14:00:00,0.126,0.107,0.020
2016-09-21@13:30:00,0.123,0.102,0.021
2016-09-21@11:30:00,0.126,0.096,0.030
2016-09-21@11:00:00,0.133,0.089,0.044
2016-09-21@10:30:00,0.126,0.078,0.048
2016-09-21@10:00:00,0.125,0.066,0.059
2016-09-20@15:00:00,0.102,0.051,0.051
2016-09-20@14:30:00,0.066,0.038,0.028
2016-09-20@14:00:00,0.061,0.032,0.030
2016-09-20@13:30:00,0.063,0.024,0.039
2016-09-20@11:30:00,0.047,0.014,0.033
2016-09-20@11:00:00,0.044,0.006,0.038
2016-09-20@10:30:00,nan,nan,nan
2016-09-20@10:00:00,nan,nan,nan
2016-09-19@15:00:00,nan,nan,nan
2016-09-19@14:30:00,nan,nan,nan
2016-09-19@14:00:00,nan,nan,nan
2016-09-19@13:30:00,nan,nan,nan
2016-09-19@11:30:00,nan,nan,nan
2016-09-19@11:00:00,nan,nan,nan
2016-09-19@10:30:00,nan,nan,nan
2016-09-19@10:00:00,nan,nan,nan
2016-09-14@15:00:00,nan,nan,nan
2016-09-14@14:30:00,nan,nan,nan
2016-09-14@14:00:00,nan,nan,nan
2016-09-14@13:30:00,nan,nan,nan
2016-09-14@11:30:00,nan,nan,nan
2016-09-14@11:00:00,nan,nan,nan
2016-09-14@10:30:00,nan,nan,nan
2016-09-14@10:00:00,nan,nan,nan
2016-09-13@15:00:00,nan,nan,nan
2016-09-13@14:30:00,nan,nan,nan
2016-09-13@14:00:00,nan,nan,nan
2016-09-13@13:30:00,nan,nan,nan
2016-09-13@11:30:00,nan,nan,nan
2016-09-13@11:00:00,nan,nan,nan
2016-09-13@10:30:00,nan,nan,nan
2016-09-13@10:00:00,nan,nan,nan
2016-09-12@15:00:00,nan,nan,nan
2016-09-12@14:30:00,nan,nan,nan
2016-09-12@14:00:00,nan,nan,nan
2016-09-12@13:30:00,nan,nan,nan
2016-09-12@11:30:00,nan,nan,nan
2016-09-12@11:00:00,nan,nan,nan
2016-09-12@10:30:00,nan,nan,nan
