date,open,high,close,low,volume,price_change,p_change,ma5,ma10,ma20,v_ma5,v_ma10,v_ma20,turnover
2017-01-06 15:00:00,29.7,29.75,29.58,29.55,1116.8,-0.12,-0.4,29.704,29.823,29.928,1838.53,1680.03,2120.39,0.08
2017-01-06 14:30:00,29.7,29.7,29.7,29.5,2820.04,0.0,0.0,29.768,29.873,29.9585,1967.13,1812.03,2326.55,0.2
2017-01-06 14:00:00,29.69,29.8,29.7,29.42,2605.0,0.01,0.03,29.804,29.897,29.976,1690.39,1682.78,2434.15,0.19
2017-01-06 13:30:00,29.87,29.87,29.69,29.69,2017.0,-0.18,-0.6,29.862,29.925,29.9845,1470.99,1583.58,2393.19,0.15
2017-01-06 11:30:00,29.9,29.93,29.85,29.85,633.8,-0.05,-0.17,29.916,29.95,29.983,1380.63,1527.34,2339.4,0.05
2017-01-06 11:00:00,29.88,29.96,29.9,29.85,1759.8,0.02,0.07,29.942,29.97,29.9775,1521.53,1614.9,2415.17,0.13
2017-01-06 10:30:00,29.99,30.02,29.88,29.85,1436.34,-0.11,-0.37,29.978,29.967,29.9675,1656.94,1636.27,2420.0,0.1
2017-01-06 10:00:00,29.97,30.09,29.99,29.9,1508.0,0.02,0.07,29.99,29.981,29.9675,1675.17,2032.85,2490.68,0.11
2017-01-05 15:00:00,29.98,30.01,29.96,29.93,1565.2,-0.02,-0.07,29.988,29.997,29.954,1696.16,2224.67,2552.82,0.11
2017-01-05 14:30:00,30.06,30.08,29.98,29.96,1338.32,-0.08,-0.27,29.984,30.021,29.9335,1674.05,2330.85,2497.46,0.1
2017-01-05 14:00:00,29.94,30.13,30.08,29.92,2436.84,0.14,0.47,29.998,30.033,29.917,1708.27,2560.76,2484.44,0.18
2017-01-05 13:30:00,29.98,30.02,29.94,29.85,1527.48,-0.04,-0.13,29.956,30.044,29.8955,1615.6,2841.07,2420.45,0.11
2017-01-05 11:30:00,29.94,30.0,29.98,29.88,1612.97,0.04,0.13,29.972,30.055,29.8765,2390.53,3185.52,2673.36,0.12
2017-01-05 11:00:00,30.05,30.05,29.94,29.85,1454.64,-0.11,-0.37,30.006,30.044,29.849,2753.18,3202.81,2848.43,0.11
2017-01-05 10:30:00,29.87,30.09,30.05,29.81,1509.4,0.18,0.6,30.058,30.016,29.8165,2987.65,3151.45,2869.02,0.11
2017-01-05 10:00:00,30.0,30.15,29.87,29.84,1973.52,-0.13,-0.43,30.068,29.985,29.776,3413.25,3215.44,2828.79,0.14
2017-01-04 15:00:00,30.15,30.16,30.02,29.95,5402.13,-0.13,-0.43,30.132,29.968,29.744,4066.54,3203.73,2762.99,0.39
2017-01-04 14:30:00,30.19,30.19,30.15,30.08,3426.23,-0.04,-0.13,30.138,29.954,29.703,3980.51,2948.51,2557.44,0.25
2017-01-04 14:00:00,30.1,30.25,30.2,30.05,2626.96,0.1,0.33,30.082,29.911,29.6595,3652.44,2880.97,2599.44,0.19
2017-01-04 13:30:00,30.18,30.27,30.1,30.05,3637.4,-0.08,-0.27,29.974,29.846,29.5995,3315.25,2664.07,2494.77,0.26
2017-01-04 11:30:00,30.05,30.19,30.19,29.97,5240.0,0.14,0.47,29.902,29.801,29.5395,3017.63,2408.11,2368.57,0.38
2017-01-04 11:00:00,29.84,30.18,30.05,29.8,4971.96,0.21,0.7,29.804,29.747,29.473,2340.91,1999.83,2193.56,0.36
2017-01-04 10:30:00,29.66,29.88,29.87,29.5,1785.87,0.21,0.71,29.77,29.698,29.4235,1916.51,2161.2,1975.38,0.13
2017-01-04 10:00:00,29.78,29.88,29.66,29.65,941.04,-0.12,-0.4,29.74,29.654,29.3815,2109.5,2494.05,1913.94,0.07
2017-01-03 15:00:00,29.69,29.79,29.74,29.56,2149.27,0.05,0.17,29.718,29.617,29.3505,2012.89,2586.59,1876.04,0.16
2017-01-03 14:30:00,29.88,29.91,29.7,29.7,1856.43,-0.18,-0.6,29.7,29.567,29.318,1798.6,2442.14,1809.52,0.13
2017-01-03 14:00:00,29.82,29.96,29.88,29.72,2849.95,0.06,0.2,29.69,29.52,29.283,1658.75,2322.26,1754.19,0.21
2017-01-03 13:30:00,29.63,29.83,29.72,29.6,2750.82,0.09,0.3,29.626,29.452,29.2405,2405.88,2166.36,1665.09,0.2
2017-01-03 11:30:00,29.65,29.66,29.55,29.53,457.98,-0.1,-0.34,29.568,29.408,29.2105,2878.6,2317.9,1664.82,0.03
2017-01-03 11:00:00,29.65,29.65,29.65,29.45,1077.82,0.0,0.0,29.516,29.353,29.183,3160.29,2325.46,1723.48,0.08
2017-01-03 10:30:00,29.64,29.7,29.65,29.55,1157.2,0.01,0.03,29.434,29.278,29.15,3085.68,2329.03,1738.85,0.08
2017-01-03 10:00:00,29.48,29.96,29.56,29.48,6585.6,0.08,0.27,29.35,29.199,29.1135,2985.76,2387.29,1730.85,0.48
2016-12-30 15:00:00,29.29,29.58,29.43,29.26,5114.4,0.14,0.48,29.278,29.149,29.0765,1926.84,1789.57,1431.0,0.37
2016-12-30 14:30:00,29.24,29.29,29.29,29.21,1866.42,0.05,0.17,29.248,29.109,29.046,1757.2,1333.82,1281.84,0.14
2016-12-30 14:00:00,29.23,29.27,29.24,29.21,704.8,0.01,0.03,29.19,29.084,29.027,1490.64,1165.48,1234.65,0.05
2016-12-30 13:30:00,29.23,29.29,29.23,29.22,657.6,0.0,0.0,29.122,29.069,29.0105,1572.38,1176.9,1296.11,0.05
2016-12-30 11:30:00,29.29,29.29,29.2,29.2,1291.0,-0.09,-0.31,29.048,29.046,29.004,1788.81,1186.12,1297.53,0.09
2016-12-30 11:00:00,29.0,29.38,29.28,29.0,4266.2,0.28,0.97,29.02,29.029,29.003,1652.29,1163.82,1314.13,0.31
2016-12-30 10:30:00,28.9,29.0,29.0,28.84,533.6,0.1,0.35,28.97,29.013,28.998,910.44,1011.74,1207.73,0.04
2016-12-30 10:00:00,29.06,29.06,28.9,28.75,1113.52,-0.16,-0.55,28.978,29.013,29.008,840.33,1121.49,1239.09,0.08
2016-12-29 15:00:00,29.06,29.06,28.86,28.83,1739.74,-0.2,-0.69,29.016,29.022,29.023,781.42,1148.67,1284.88,0.13
2016-12-29 14:30:00,29.03,29.07,29.06,29.0,608.38,0.03,0.1,29.044,29.028,29.04,583.44,1074.42,1270.81,0.04
2016-12-29 14:00:00,29.04,29.05,29.03,29.0,556.98,-0.01,-0.03,29.038,29.004,29.0455,675.36,1072.44,1280.06,0.04
2016-12-29 13:30:00,29.09,29.1,29.04,29.04,183.02,-0.05,-0.17,29.056,28.983,29.0465,1113.04,1229.87,1312.33,0.01
2016-12-29 11:30:00,29.06,29.1,29.09,29.0,819.0,0.03,0.1,29.048,28.97,29.0435,1402.64,1303.82,1395.63,0.06
2016-12-29 11:00:00,29.03,29.07,29.0,28.95,749.8,-0.03,-0.1,29.028,28.952,29.0475,1515.92,1415.32,1502.47,0.05
2016-12-29 10:30:00,29.12,29.12,29.03,29.03,1068.0,-0.09,-0.31,29.012,28.962,29.0565,1565.4,1408.94,1599.67,0.08
2016-12-29 10:00:00,29.09,29.26,29.12,28.9,2745.4,0.03,0.1,28.97,28.977,29.0585,1469.52,1464.44,1863.21,0.2
2016-12-28 15:00:00,29.0,29.06,29.0,28.83,1631.02,0.0,0.0,28.91,28.983,29.0385,1346.69,1403.72,1777.19,0.12
2016-12-28 14:30:00,28.92,29.14,28.99,28.88,1385.4,0.07,0.24,28.892,29.003,29.027,1205.0,1356.7,1745.56,0.1
2016-12-28 14:00:00,28.82,28.92,28.92,28.78,997.2,0.1,0.35,28.876,29.024,29.0175,1314.72,1421.08,1806.67,0.07
2016-12-28 13:30:00,28.82,28.88,28.82,28.76,588.6,0.0,0.0,28.912,29.052,29.008,1252.48,1467.2,1858.54,0.04
2016-12-28 11:30:00,28.91,28.92,28.82,28.77,2131.22,-0.09,-0.31,28.984,29.087,29.005,1459.36,1487.68,2066.08,0.15
2016-12-28 11:00:00,28.91,29.03,28.91,28.86,922.6,0.0,0.0,29.056,29.11,29.014,1460.76,1394.8,2113.18,0.07
2016-12-28 10:30:00,29.09,29.17,28.91,28.85,1934.0,-0.18,-0.62,29.114,29.117,29.019,1508.4,1487.44,2154.04,0.14
2016-12-28 10:00:00,29.2,29.3,29.1,29.06,686.0,-0.1,-0.34,29.172,29.143,29.0245,1527.44,1589.62,2120.88,0.05
2016-12-27 15:00:00,29.18,29.21,29.18,29.17,1623.0,0.0,0.0,29.192,29.151,29.027,1681.92,1790.4,2219.98,0.12
2016-12-27 14:30:00,29.2,29.34,29.18,29.18,2138.2,-0.02,-0.07,29.19,29.14,29.037,1516.0,2261.98,2248.37,0.16
2016-12-27 14:00:00,29.2,29.24,29.2,29.13,1160.8,0.0,0.0,29.164,29.094,29.0345,1328.84,2150.66,2263.62,0.08
2016-12-27 13:30:00,29.2,29.25,29.2,29.1,2029.2,0.0,0.0,29.12,29.051,29.024,1466.48,2134.42,2344.11,0.15
2016-12-27 11:30:00,29.17,29.23,29.2,29.08,1458.4,0.03,0.1,29.114,29.011,29.0285,1651.8,2192.25,2413.84,0.11
2016-12-27 11:00:00,29.05,29.43,29.17,29.05,793.4,0.12,0.41,29.11,28.964,29.039,1898.88,2249.87,2460.85,0.06
2016-12-27 10:30:00,28.98,29.1,29.05,28.97,1202.4,0.07,0.24,29.09,28.923,29.058,3007.96,2644.47,2551.6,0.09
2016-12-27 10:00:00,29.2,29.2,28.98,28.9,1849.0,-0.22,-0.75,29.024,28.918,29.0875,2972.48,2831.55,2563.42,0.13
2016-12-26 15:00:00,29.19,29.2,29.17,29.0,2955.8,-0.02,-0.07,28.982,28.921,29.135,2802.36,2820.63,2813.19,0.21
2016-12-26 14:30:00,29.07,29.2,29.18,28.95,2693.8,0.11,0.38,28.908,28.906,29.166,2732.7,2652.13,2858.67,0.2
2016-12-26 14:00:00,28.72,29.58,29.07,28.63,6338.8,0.35,1.22,28.818,28.903,29.1925,2600.86,2649.55,2994.55,0.46
2016-12-26 13:30:00,28.77,28.77,28.72,28.7,1025.0,-0.05,-0.17,28.756,28.934,29.2285,2280.98,2234.75,2855.39,0.07
2016-12-26 11:30:00,28.8,28.81,28.77,28.71,998.4,-0.03,-0.1,28.812,28.975,29.282,2690.62,2376.57,3002.2,0.07
2016-12-26 11:00:00,28.73,28.82,28.8,28.6,2607.52,0.07,0.24,28.86,28.997,29.333,2838.9,2553.79,3192.3,0.19
2016-12-26 10:30:00,28.73,28.8,28.73,28.72,2034.6,0.0,0.0,28.904,29.046,29.348,2571.56,2635.42,3212.2,0.15
2016-12-26 10:00:00,28.88,28.98,28.76,28.61,4739.4,-0.12,-0.42,28.988,29.114,29.371,2698.24,2671.83,3209.47,0.34
2016-12-23 15:00:00,29.01,29.17,29.0,28.88,3073.2,-0.01,-0.03,29.112,29.193,29.3885,2188.52,2458.74,3090.08,0.22
2016-12-23 14:30:00,29.02,29.26,29.01,28.99,1739.8,-0.01,-0.03,29.138,29.257,29.4065,2062.52,2295.3,3047.37,0.13
2016-12-23 14:00:00,29.15,29.26,29.02,28.99,1270.8,-0.13,-0.45,29.134,29.349,29.432,2268.68,2805.76,3082.99,0.09
2016-12-23 13:30:00,29.39,29.39,29.15,29.0,2668.0,-0.24,-0.82,29.188,29.426,29.476,2699.28,3065.2,3393.63,0.19
2016-12-23 11:30:00,29.13,29.56,29.38,29.13,2190.8,0.25,0.86,29.24,29.482,29.5155,2645.42,3339.54,3577.37,0.16
2016-12-23 11:00:00,28.99,29.28,29.13,28.92,2443.2,0.14,0.48,29.274,29.523,29.5,2728.95,3476.02,3631.04,0.18
2016-12-23 10:30:00,29.29,29.34,28.99,28.92,2770.6,-0.3,-1.02,29.376,29.589,29.4985,2528.07,3627.83,3659.12,0.2
2016-12-23 10:00:00,29.4,29.56,29.29,29.22,3423.8,-0.11,-0.37,29.564,29.669,29.494,3342.83,3830.82,3790.02,0.25
2016-12-22 15:00:00,29.55,29.65,29.41,29.36,2398.71,-0.14,-0.47,29.664,29.65,29.4835,3431.12,3788.98,3724.43,0.17
2016-12-22 14:30:00,29.64,29.72,29.55,29.5,2608.46,-0.09,-0.3,29.724,29.628,29.4745,4033.66,3747.11,3701.74,0.19
2016-12-22 14:00:00,29.91,29.95,29.64,29.64,1438.8,-0.27,-0.9,29.772,29.584,29.461,4223.09,3721.42,3792.04,0.1
2016-12-22 13:30:00,29.79,30.05,29.93,29.7,6844.4,0.14,0.47,29.802,29.556,29.438,4727.59,3799.44,3818.42,0.5
2016-12-22 11:30:00,29.7,29.8,29.79,29.43,3865.23,0.09,0.3,29.774,29.515,29.4,4318.8,3360.22,3585.39,0.28
2016-12-22 11:00:00,29.79,29.89,29.71,29.69,5411.4,-0.08,-0.27,29.636,29.526,29.3695,4146.84,3722.06,3491.81,0.39
2016-12-22 10:30:00,29.73,29.88,29.79,29.62,3555.6,0.06,0.2,29.532,29.549,29.3475,3460.56,3815.19,3339.6,0.26
2016-12-22 10:00:00,29.7,29.82,29.79,29.22,3961.33,0.09,0.3,29.396,29.477,29.317,3219.76,3786.05,3298.45,0.29
2016-12-21 15:00:00,29.1,29.79,29.79,29.1,4800.45,0.69,2.37,29.31,29.408,29.2895,2871.28,3690.4,3138.85,0.35
2016-12-21 14:30:00,29.19,29.3,29.1,29.1,3005.44,-0.09,-0.31,29.256,29.319,29.259,2401.63,3749.22,3051.66,0.22
2016-12-21 14:00:00,29.11,29.36,29.19,29.11,1980.0,0.08,0.27,29.416,29.317,29.2725,3297.27,3659.87,3087.9,0.14
2016-12-21 13:30:00,29.39,29.44,29.11,29.1,2351.6,-0.28,-0.95,29.566,29.321,29.2875,4169.82,3656.37,1226.14,0.17
2016-12-21 11:30:00,29.52,29.6,29.36,29.29,2218.93,-0.16,-0.54,29.558,29.338,29.292,4352.34,3862.65,3519.04,0.16
2016-12-21 11:00:00,29.9,29.92,29.52,29.47,2452.2,-0.38,-1.27,29.506,29.32,29.2855,4509.52,3837.4,3751.21,0.18
2016-12-21 10:30:00,29.97,30.04,29.9,29.76,7483.6,-0.07,-0.23,29.382,29.285,29.2735,5096.8,3810.56,4097.56,0.54
2016-12-21 10:00:00,29.2,29.94,29.94,29.14,6342.76,0.74,2.53,29.218,29.213,29.2415,4022.48,3261.56,4004.76,0.46
2016-12-20 15:00:00,29.1,29.14,29.07,28.98,3264.2,-0.03,-0.1,29.076,29.146,29.1945,3142.92,2864.0,3837.17,0.24
2016-12-20 14:30:00,28.9,29.2,29.1,28.9,3004.82,0.2,0.69,29.118,29.157,29.181,3372.96,2810.84,3858.44,0.22
2016-12-20 14:00:00,29.08,29.09,28.9,28.88,5388.6,-0.18,-0.62,29.134,29.171,29.1745,3165.29,2587.3,3899.54,0.39
2016-12-20 13:30:00,29.27,29.27,29.08,29.06,2112.0,-0.19,-0.65,29.188,29.199,29.1795,2524.33,2354.1,3962.49,0.15
2016-12-20 11:30:00,29.25,29.34,29.23,29.23,1945.0,-0.02,-0.07,29.208,29.228,29.1745,2500.65,2515.92,4226.17,0.14
2016-12-20 11:00:00,29.18,29.31,29.28,29.16,4414.4,0.1,0.34,29.216,29.254,29.133,2585.09,-1204.09,4754.18,0.32
2016-12-20 10:30:00,29.17,29.29,29.18,29.13,1966.43,0.01,0.03,29.196,29.246,29.0725,2248.73,3175.42,4830.9,0.14
2016-12-20 10:00:00,29.4,29.4,29.17,29.0,2183.8,-0.23,-0.78,29.208,29.251,29.0285,2009.32,3665.02,4988.99,0.16
2016-12-19 15:00:00,29.26,29.27,29.18,29.18,1993.6,-0.08,-0.27,29.21,29.262,28.969,2183.88,4384.56,4996.39,0.14
2016-12-19 14:30:00,29.18,29.27,29.27,29.13,2367.2,0.09,0.31,29.248,29.27,28.9075,2531.2,4747.96,4950.61,0.17
2016-12-19 14:00:00,29.24,29.25,29.18,29.17,2732.6,-0.06,-0.21,29.292,29.243,28.845,-4993.26,4810.34,5024.83,0.2
2016-12-19 13:30:00,29.17,29.32,29.24,29.17,769.4,0.07,0.24,29.296,29.205,28.788,4102.12,4906.04,5007.97,0.06
2016-12-19 11:30:00,29.37,29.4,29.18,29.08,3056.6,-0.19,-0.65,29.294,29.178,28.7175,5320.72,5211.78,5144.83,0.22
2016-12-19 11:00:00,29.49,29.58,29.37,29.28,3730.18,-0.12,-0.41,29.314,29.16,28.6395,6585.24,5570.87,5162.71,0.27
2016-12-19 10:30:00,29.2,29.55,29.49,29.2,-35255.1,0.29,0.99,29.292,29.121,28.567,6964.72,5936.41,5107.48,-2.56
2016-12-19 10:00:00,29.2,29.2,29.2,29.2,48209.5,0.0,0.0,29.194,29.012,28.494,14613.9,10712.5,6996.61,3.5
2016-12-16 15:00:00,29.28,29.33,29.23,29.19,6862.4,-0.05,-0.17,29.114,28.899,28.4295,5709.96,6486.38,4639.15,0.5
2016-12-16 14:30:00,29.26,29.36,29.28,29.23,9379.22,0.02,0.07,29.062,28.806,28.368,5102.84,6312.96,4359.88,0.68
2016-12-16 14:00:00,29.0,29.29,29.26,28.93,5627.6,0.26,0.9,29.006,28.676,28.303,4556.5,5608.22,3979.39,0.41
2016-12-16 13:30:00,28.8,29.05,29.0,28.8,2991.0,0.2,0.69,28.95,28.545,28.229,4908.1,5153.26,3857.1,0.22
2016-12-16 11:30:00,28.97,28.98,28.8,28.77,3689.6,-0.17,-0.59,28.83,28.447,28.1875,6810.96,5239.32,3874.21,0.27
2016-12-16 11:00:00,29.0,29.1,28.97,28.86,3826.8,-0.03,-0.1,28.684,28.371,28.13,7262.8,5109.9,3942.07,0.28
2016-12-16 10:30:00,28.95,29.14,29.0,28.75,6647.5,0.05,0.17,28.55,28.257,28.057,7523.08,5077.88,3915.48,0.48
2016-12-16 10:00:00,28.0,28.98,28.98,28.0,7385.6,0.98,3.5,28.346,28.119,27.9855,6659.94,4754.55,3831.14,0.54
2016-12-15 15:00:00,28.12,28.5,28.4,28.1,12505.3,0.28,1.0,28.14,28.013,27.8985,5398.41,4278.55,3532.95,0.91
2016-12-15 14:30:00,28.3,28.4,28.07,27.98,5948.8,-0.23,-0.81,28.064,27.976,27.8225,3667.68,3280.76,3063.74,0.43
2016-12-15 14:00:00,27.98,28.3,28.3,27.95,5128.2,0.32,1.14,28.058,27.96,27.7595,2957.0,2791.92,2830.09,0.37
2016-12-15 13:30:00,27.95,28.06,27.98,27.95,2331.8,0.03,0.11,27.964,27.93,27.6825,2632.68,2406.8,2648.55,0.17
2016-12-15 11:30:00,28.01,28.07,27.95,27.91,1078.0,-0.06,-0.21,27.892,27.93,27.6085,2849.16,2350.56,2649.39,0.08
2016-12-15 11:00:00,28.04,28.15,28.02,27.88,3851.6,-0.02,-0.07,27.886,27.913,27.5425,3158.68,2560.94,2777.13,0.28
2016-12-15 10:30:00,27.87,28.12,28.04,27.81,2395.4,0.17,0.61,27.888,27.928,27.4915,2893.84,2509.09,2694.53,0.17
2016-12-15 10:00:00,27.3,28.14,27.83,27.3,3506.6,0.53,1.94,27.862,27.889,27.433,2626.84,2774.23,2760.67,0.25
2016-12-14 15:00:00,27.92,27.92,27.62,27.5,3414.2,-0.3,-1.07,27.896,27.857,27.412,2180.92,2753.07,2693.48,0.25
2016-12-14 14:30:00,28.03,28.14,27.92,27.91,2625.6,-0.11,-0.39,27.968,27.852,27.4035,1851.96,2907.73,2647.42,0.19
2016-12-14 14:00:00,27.91,28.17,28.03,27.91,2527.4,0.12,0.43,27.94,27.784,27.403,1963.2,2787.35,2603.22,0.18
2016-12-14 13:30:00,28.0,28.0,27.91,27.9,1060.4,-0.09,-0.32,27.968,27.669,27.3965,2124.35,2846.72,2669.57,0.08
2016-12-14 11:30:00,27.98,28.04,28.0,27.85,1277.0,0.02,0.07,27.916,27.559,27.405,2921.63,2868.26,2848.24,0.09
2016-12-14 11:00:00,27.78,27.99,27.98,27.78,1769.4,0.2,0.72,27.818,27.435,27.3965,3325.23,2890.3,2927.3,0.13
2016-12-14 10:30:00,28.17,28.17,27.78,27.68,3181.8,-0.39,-1.38,27.736,27.287,27.3875,3963.51,2948.22,2994.45,0.23
2016-12-14 10:00:00,27.41,28.17,28.17,27.41,3333.14,0.76,2.77,27.628,27.172,27.373,3611.51,2993.32,2960.53,0.24
2016-12-13 15:00:00,27.58,27.9,27.65,27.51,5046.8,0.07,0.25,27.37,27.055,27.3485,3569.09,2879.96,2835.67,0.37
2016-12-13 14:30:00,27.57,27.66,27.51,27.45,3295.0,-0.06,-0.22,27.202,26.977,27.3485,2814.88,2747.1,2619.9,0.24
2016-12-13 14:00:00,27.24,27.66,27.57,27.24,4960.8,0.33,1.21,27.052,26.967,27.3515,2455.36,2633.88,2497.54,0.36
2016-12-13 13:30:00,26.88,27.25,27.24,26.88,1421.8,0.36,1.34,26.838,26.955,27.342,1932.93,2387.1,2418.35,0.1
2016-12-13 11:30:00,26.81,27.05,26.88,26.65,3121.05,0.07,0.26,26.716,27.022,27.3455,2375.13,2419.09,2719.23,0.23
2016-12-13 11:00:00,26.76,26.86,26.81,26.76,1275.77,0.05,0.19,26.74,27.124,27.3915,2190.84,2492.42,2754.03,0.09
2016-12-13 10:30:00,26.5,26.8,26.76,26.5,1497.4,0.26,0.98,26.752,27.251,27.451,2679.32,2828.22,2739.84,0.11
2016-12-13 10:00:00,26.6,26.89,26.5,26.32,2348.62,-0.1,-0.38,26.882,27.358,27.5145,2812.4,2964.3,2788.15,0.17
2016-12-12 15:00:00,27.0,27.38,26.63,26.61,3632.8,-0.37,-1.37,27.072,27.488,27.5915,2841.28,3040.69,2726.91,0.26
2016-12-12 14:30:00,26.87,27.34,27.0,26.85,2199.6,0.13,0.48,27.328,27.574,27.6685,2463.04,2927.75,2646.87,0.16
2016-12-12 14:00:00,27.41,27.42,26.87,26.87,3718.2,-0.54,-1.97,27.508,27.642,27.736,2794.0,2791.37,2671.63,0.27
2016-12-12 13:30:00,27.4,27.45,27.41,27.23,2162.8,0.01,0.04,27.75,27.72,27.8255,2977.12,2492.7,2709.05,0.16
2016-12-12 11:30:00,27.91,27.95,27.45,27.45,2493.0,-0.46,-1.65,27.834,27.736,27.89,3116.2,2361.2,2870.52,0.18
2016-12-12 11:00:00,27.9,28.0,27.91,27.62,1741.62,0.01,0.04,27.904,27.729,27.9255,3240.1,2449.6,2903.31,0.13
2016-12-12 10:30:00,28.08,28.08,27.9,27.57,3854.4,-0.18,-0.64,27.82,27.669,27.9415,3392.46,3019.38,2873.72,0.28
2016-12-12 10:00:00,27.82,28.39,28.08,27.82,4633.8,0.26,0.93,27.776,27.659,27.958,2788.74,3015.63,2902.58,0.34
2016-12-09 15:00:00,27.8,27.9,27.83,27.68,2858.2,0.03,0.11,27.69,27.651,27.9695,2008.28,2651.45,2812.37,0.21
2016-12-09 14:30:00,27.49,27.87,27.8,27.49,3112.48,0.31,1.13,27.638,27.671,27.99,1606.2,2612.0,2864.72,0.23
2016-12-09 14:00:00,27.68,27.71,27.49,27.4,2503.4,-0.19,-0.69,27.554,27.695,27.99,1659.1,2413.13,2757.06,0.18
2016-12-09 13:30:00,27.65,27.69,27.68,27.49,835.8,0.03,0.11,27.518,27.763,28.0055,2646.3,2365.99,2717.42,0.06
2016-12-09 11:30:00,27.57,27.7,27.65,27.5,731.5,0.08,0.29,27.542,27.83,28.019,3242.53,2551.89,2919.98,0.05
2016-12-09 11:00:00,27.38,27.79,27.57,27.32,847.8,0.19,0.69,27.612,27.931,28.008,3294.63,2925.4,3372.43,0.06
2016-12-09 10:30:00,27.31,27.5,27.38,27.21,3377.0,0.07,0.26,27.704,28.044,28.036,3617.8,3379.84,3458.95,0.24
2016-12-09 10:00:00,27.65,27.9,27.31,27.2,7439.4,-0.34,-1.23,27.836,28.122,28.0775,3167.16,3357.02,3370.35,0.54
2016-12-08 15:00:00,28.0,28.03,27.8,27.75,3816.95,-0.2,-0.71,28.008,28.214,28.129,2085.68,2728.06,3065.28,0.28
2016-12-08 14:30:00,28.03,28.05,28.0,27.96,992.0,-0.03,-0.11,28.118,28.257,28.147,1861.25,2789.53,2971.48,0.07
2016-12-08 14:00:00,28.04,28.15,28.03,27.91,2463.63,-0.01,-0.04,28.25,28.288,28.1575,2556.17,2973.3,3068.09,0.18
2016-12-08 13:30:00,28.17,28.19,28.04,28.03,1123.8,-0.13,-0.46,28.384,28.309,28.177,3141.89,3117.45,3116.98,0.08
2016-12-08 11:30:00,28.36,28.37,28.17,28.12,2032.0,-0.19,-0.67,28.408,28.285,28.214,3546.89,3100.99,3326.61,0.15
2016-12-08 11:00:00,28.66,28.68,28.35,28.21,2694.8,-0.31,-1.08,28.42,28.248,28.228,3370.45,3068.85,3466.17,0.2
2016-12-08 10:30:00,28.73,28.73,28.66,28.5,4466.6,-0.07,-0.24,28.396,28.208,28.2405,3717.81,3288.07,3455.81,0.32
2016-12-08 10:00:00,28.16,28.73,28.7,27.85,5392.25,0.54,1.92,28.326,28.085,28.228,3390.42,3819.47,3406.78,0.39
2016-12-07 15:00:00,28.23,28.24,28.16,28.03,3148.8,-0.07,-0.25,28.234,28.028,28.2045,3093.01,3538.06,3347.62,0.23
2016-12-07 14:30:00,28.23,28.27,28.23,28.16,1149.8,0.0,0.0,28.162,28.033,28.198,2655.09,3383.68,3705.44,0.08
2016-12-07 14:00:00,28.31,28.5,28.23,28.22,4431.6,-0.08,-0.28,28.076,28.044,28.2065,2767.25,3402.5,3942.92,0.32
2016-12-07 13:30:00,28.24,28.38,28.31,28.15,2829.67,0.07,0.25,28.02,28.037,28.225,2858.33,3153.42,4112.74,0.21
2016-12-07 11:30:00,27.8,28.28,28.24,27.79,3905.2,0.44,1.58,27.844,28.027,28.2545,4248.52,3162.88,4576.1,0.28
2016-12-07 11:00:00,27.8,27.85,27.8,27.76,959.2,0.0,0.0,27.822,28.045,28.3415,3983.12,3116.51,4911.25,0.07
2016-12-07 10:30:00,27.9,27.94,27.8,27.76,1710.6,-0.1,-0.36,27.904,28.143,28.4515,4112.28,3552.23,5346.61,0.12
2016-12-07 10:00:00,28.0,28.0,27.95,27.68,4886.98,-0.05,-0.18,28.012,28.208,28.529,4037.76,3863.48,5461.45,0.35
2016-12-06 15:00:00,28.14,28.14,27.43,27.43,9780.6,-0.71,-2.52,28.054,28.273,28.582,3448.52,3623.56,5536.66,0.71
2016-12-06 14:30:00,28.21,28.37,28.13,28.12,2578.2,-0.08,-0.28,28.21,28.371,28.652,2077.24,2994.1,5214.37,0.19
2016-12-06 14:00:00,28.34,28.34,28.21,28.18,1605.0,-0.13,-0.46,28.268,28.381,28.7005,2249.9,3157.18,5187.34,0.12
2016-12-06 13:30:00,28.22,28.4,28.34,28.17,1338.0,0.12,0.43,28.382,28.363,28.7465,2992.19,4027.2,5439.89,0.1
2016-12-06 11:30:00,28.21,28.26,28.16,28.13,1940.8,-0.05,-0.18,28.404,28.369,28.802,3689.21,4483.34,5509.82,0.14
2016-12-06 11:00:00,28.42,28.42,28.21,28.15,2924.2,-0.21,-0.74,28.492,28.413,28.878,3798.59,5072.06,5544.85,0.21
2016-12-06 10:30:00,28.78,28.82,28.42,28.36,3441.5,-0.36,-1.25,28.532,28.482,28.9435,3910.95,5989.32,5562.12,0.25
2016-12-06 10:00:00,28.6,28.98,28.78,28.6,5316.45,0.18,0.63,28.494,28.638,28.993,4064.45,6705.98,5672.93,0.39
2016-12-05 15:00:00,28.6,28.62,28.45,28.43,4823.1,-0.15,-0.52,28.344,28.76,29.032,5062.2,7141.0,5569.88,0.35
2016-12-05 14:30:00,28.41,28.78,28.6,28.39,2487.7,0.19,0.67,28.334,28.85,29.0965,5277.46,7059.42,5434.6,0.18
2016-12-05 14:00:00,28.23,28.45,28.41,28.23,3486.0,0.18,0.64,28.334,28.891,29.173,6345.54,7449.76,5560.56,0.25
2016-12-05 13:30:00,28.09,28.3,28.23,27.8,4209.0,0.14,0.5,28.432,28.933,29.2475,8067.7,7434.64,5608.0,0.31
2016-12-05 11:30:00,28.4,28.4,28.03,27.8,10305.2,-0.37,-1.3,28.782,29.02,29.3295,9347.52,7217.5,5775.3,0.75
2016-12-05 11:00:00,28.6,28.74,28.4,28.25,5899.4,-0.2,-0.7,29.176,29.13,29.414,9219.79,6852.58,5467.04,0.43
2016-12-05 10:30:00,28.9,28.9,28.6,28.56,7828.1,-0.3,-1.04,29.366,29.235,29.4745,8841.39,6536.3,5402.31,0.57
2016-12-05 10:00:00,29.44,29.44,28.9,28.71,12096.8,-0.54,-1.83,29.448,29.343,29.541,8553.97,6017.63,5185.46,0.88
2016-12-02 15:00:00,30.0,30.28,29.98,29.86,10608.1,-0.02,-0.07,29.434,29.405,29.5965,6801.57,5134.91,4762.88,0.77
2016-12-02 14:30:00,29.35,30.2,30.0,29.21,9666.55,0.65,2.21,29.258,29.348,29.6025,5087.47,4639.87,4598.8,0.7
2016-12-02 14:00:00,29.0,29.47,29.35,29.0,4007.4,0.35,1.21,29.084,29.304,29.618,4485.36,3998.76,4678.23,0.29
2016-12-02 13:30:00,28.84,29.01,29.01,28.45,6391.01,0.17,0.59,29.104,29.343,29.6345,4231.2,3809.78,4670.73,0.46
2016-12-02 11:30:00,29.08,29.08,28.83,28.83,3334.8,-0.25,-0.86,29.238,29.455,29.6565,3481.28,3671.36,4800.13,0.24
2016-12-02 11:00:00,29.15,29.15,29.1,29.03,2037.6,-0.05,-0.17,29.376,29.562,29.572,3468.24,3781.36,5445.57,0.15
2016-12-02 10:30:00,29.45,29.45,29.13,29.0,6656.0,-0.32,-1.09,29.438,29.639,29.437,4192.27,4333.11,5425.9,0.48
2016-12-02 10:00:00,29.6,29.82,29.45,29.34,2736.6,-0.15,-0.51,29.524,29.698,29.3005,3512.15,4081.51,5225.54,0.2
2016-12-01 15:00:00,29.52,29.7,29.68,29.52,2641.4,0.16,0.54,29.582,29.714,29.148,3388.36,4268.33,5223.76,0.19
2016-12-01 14:30:00,29.41,29.69,29.52,29.41,3269.6,0.11,0.37,29.672,29.739,28.991,3861.43,4353.29,5162.14,0.24
2016-12-01 14:00:00,29.56,29.63,29.41,29.4,5657.75,-0.15,-0.51,29.748,29.788,28.841,4094.47,4390.85,5089.07,0.41
2016-12-01 13:30:00,29.74,30.0,29.56,29.56,3255.4,-0.18,-0.61,29.84,29.857,28.696,4473.95,4557.74,5122.95,0.24
2016-12-01 11:30:00,30.13,30.18,29.74,29.72,2117.63,-0.39,-1.29,29.872,29.932,28.552,4650.88,5357.71,5338.67,0.15
2016-12-01 11:00:00,29.9,30.27,30.13,29.8,5006.77,0.23,0.77,29.846,29.926,28.3825,5148.31,5531.68,5583.3,0.36
2016-12-01 10:30:00,29.87,29.96,29.9,29.54,4434.8,0.03,0.1,29.806,29.858,28.2005,4845.16,5928.91,5623.14,0.32
2016-12-01 10:00:00,30.15,30.45,29.87,29.82,7555.16,-0.28,-0.93,29.828,29.582,28.0465,4687.24,7109.79,5462.24,0.55
2016-11-30 15:00:00,29.61,29.76,29.72,29.6,4140.02,0.11,0.37,29.874,29.235,27.8935,4641.52,6518.7,5169.33,0.3
2016-11-30 14:30:00,29.93,29.93,29.61,29.48,4604.8,-0.32,-1.07,29.992,28.903,27.7485,6064.54,6369.58,5100.4,0.33
2016-11-30 14:00:00,30.06,30.1,29.93,29.93,3491.0,-0.13,-0.43,30.006,28.582,27.622,5915.06,6179.2,5126.67,0.25
2016-11-30 13:30:00,30.1,30.11,30.01,29.88,3645.2,-0.09,-0.3,29.91,28.243,27.4755,7012.67,5970.99,5264.69,0.26
2016-11-30 11:30:00,30.31,30.41,30.1,30.03,7326.6,-0.21,-0.69,29.336,27.894,27.3105,9532.35,5787.29,5355.58,0.53
2016-11-30 11:00:00,29.68,30.4,30.31,29.63,11255.1,0.63,2.12,28.596,27.535,27.1375,8395.88,5688.17,5151.03,0.82
2016-11-30 10:30:00,29.45,29.7,29.68,29.45,3857.4,0.23,0.78,27.814,27.172,26.962,6674.61,5319.63,4766.43,0.28
2016-11-30 10:00:00,29.9,29.9,29.45,29.35,8979.05,-0.45,-1.51,27.158,26.839,26.814,6443.33,5634.91,4751.37,0.65
2016-10-13 15:00:00,26.4,27.3,27.14,26.38,16243.6,0.74,2.8,26.576,26.543,26.689,4929.3,5317.37,4395.36,1.18
2016-10-13 14:30:00,26.4,26.5,26.4,26.38,1644.2,0.0,0.0,26.452,26.511,26.6785,2042.23,3814.68,3750.29,0.12
2016-10-13 14:00:00,26.4,26.48,26.4,26.27,2648.8,0.0,0.0,26.474,26.552,26.707,2980.47,3819.96,3874.77,0.19
2016-10-13 13:30:00,26.54,26.61,26.4,26.38,2701.0,-0.14,-0.53,26.53,26.594,26.7445,3964.66,3831.22,4218.65,0.2
2016-10-13 11:30:00,26.52,26.62,26.54,26.51,1408.94,0.02,0.08,26.52,26.662,26.7655,4826.5,4074.14,4381.65,0.1
2016-10-13 11:00:00,26.51,26.63,26.52,26.46,1808.2,0.01,0.04,26.51,26.708,26.776,5705.43,4558.39,4727.79,0.13
2016-10-13 10:30:00,26.68,26.7,26.51,26.39,6335.4,-0.17,-0.64,26.57,26.727,26.801,5587.13,4923.87,4827.48,0.46
2016-10-13 10:00:00,26.45,26.95,26.68,26.45,7569.74,0.23,0.87,26.63,26.74,26.8335,4659.45,4613.89,4658.83,0.55
2016-10-12 14:30:00,26.49,26.51,26.35,26.33,7010.2,-0.14,-0.53,26.658,26.752,26.8585,3697.78,4213.22,4399.91,0.51
2016-10-12 14:00:00,26.82,26.82,26.49,26.39,5803.6,-0.33,-1.23,26.804,26.789,26.898,3321.78,3867.82,4441.28,0.42
2016-10-12 13:30:00,26.81,26.85,26.82,26.77,1216.7,0.01,0.04,26.906,26.835,26.932,3411.34,3473.34,4568.55,0.09
2016-10-12 11:30:00,26.82,26.89,26.81,26.74,1697.01,-0.01,-0.04,26.884,26.846,26.938,4260.6,3685.89,4853.89,0.12
2016-10-12 11:00:00,27.08,27.08,26.82,26.82,2761.41,-0.26,-0.96,26.85,26.862,26.9225,4568.32,3929.57,5123.98,0.2
2016-10-12 10:30:00,27.0,27.08,27.08,26.89,5130.2,0.08,0.3,26.846,26.895,26.8995,4728.66,4606.07,5246.03,0.37
2016-10-12 10:00:00,26.72,27.12,27.0,26.62,6251.4,0.28,1.05,26.774,26.869,26.8705,4413.86,4689.16,5077.28,0.45
2016-10-11 15:00:00,26.63,26.84,26.71,26.62,5463.0,0.08,0.3,26.764,26.844,26.8505,3535.34,4897.2,4808.72,0.4
2016-10-11 14:30:00,26.8,26.83,26.64,26.62,3235.6,-0.16,-0.6,26.808,26.875,26.838,3111.18,4731.1,4618.22,0.23
2016-10-11 14:00:00,26.72,26.8,26.8,26.65,3563.12,0.08,0.3,26.874,26.927,26.835,3290.82,4703.78,4715.95,0.26
2016-10-11 13:30:00,26.95,27.04,26.72,26.72,3556.2,-0.23,-0.85,26.944,26.965,26.8275,4483.48,4586.59,4726.68,0.26
2016-10-11 11:30:00,26.93,27.05,26.95,26.9,1858.8,0.02,0.07,26.964,27.007,26.8265,4964.46,5014.73,4972.61,0.13
2016-10-11 11:00:00,26.97,26.97,26.93,26.81,3342.2,-0.04,-0.15,26.924,27.029,26.8145,6259.06,5663.75,5319.06,0.24
2016-10-11 10:30:00,27.16,27.17,26.97,26.96,4133.8,-0.19,-0.7,26.942,27.03,26.802,6351.02,6021.89,5358.06,0.3
2016-10-11 10:00:00,26.83,27.17,27.15,26.63,9526.4,0.32,1.19,26.98,26.983,26.794,6116.74,6318.38,5599.99,0.69
2016-10-10 15:00:00,26.68,26.89,26.82,26.57,5961.1,0.14,0.52,26.986,26.904,26.7795,4689.7,5885.99,5301.67,0.43
2016-10-10 14:30:00,27.02,27.04,26.75,26.75,8331.8,-0.27,-1.0,27.05,26.872,26.7585,5065.0,5465.4,5144.41,0.6
2016-10-10 14:00:00,27.16,27.17,27.02,27.0,3802.0,-0.14,-0.52,27.134,26.857,26.741,5068.44,4720.24,5023.25,0.28
2016-10-10 13:30:00,27.18,27.32,27.16,27.14,2962.4,-0.02,-0.07,27.118,26.801,26.715,5692.76,4505.34,5183.65,0.21
2016-10-10 11:30:00,27.15,27.33,27.18,27.12,2391.2,0.03,0.11,26.986,26.743,26.669,6520.02,4728.12,5931.89,0.17
2016-10-10 11:00:00,27.15,27.5,27.14,27.08,7837.62,-0.01,-0.04,26.822,26.69,26.6395,7082.27,4866.78,6342.91,0.57
2016-10-10 10:30:00,26.94,27.27,27.17,26.82,8349.0,0.23,0.85,26.694,26.646,26.625,5865.79,4930.49,6772.5,0.61
2016-10-10 10:00:00,26.48,26.99,26.94,26.48,6923.6,0.46,1.74,26.58,26.6,26.616,4372.03,4974.37,6735.54,0.5
2016-09-30 15:00:00,26.4,26.68,26.5,26.31,7098.68,0.1,0.38,26.484,26.574,26.6115,3317.91,4694.22,7914.28,0.51
2016-09-30 14:30:00,26.5,26.6,26.36,26.31,5202.46,-0.14,-0.53,26.5,26.605,26.5955,2936.21,4881.59,7795.95,0.38
2016-09-30 14:00:00,26.6,26.63,26.5,26.47,1755.2,-0.1,-0.38,26.558,26.655,26.5705,2651.28,4717.35,7934.54,0.13
2016-09-30 13:30:00,26.46,26.64,26.6,26.46,880.2,0.14,0.53,26.598,26.645,26.5475,3995.2,4823.43,8196.83,0.06
2016-09-30 11:30:00,26.58,26.64,26.46,26.41,1653.0,-0.12,-0.45,26.62,26.625,26.523,5576.71,5326.27,9544.52,0.12
2016-09-30 11:00:00,26.65,26.67,26.58,26.41,5190.2,-0.07,-0.26,26.664,26.629,26.495,6070.53,5861.97,10805.8,0.38
2016-09-30 10:30:00,26.7,26.71,26.65,26.52,3777.8,-0.05,-0.19,26.71,26.595,26.442,6826.97,7135.67,11646.3,0.27
2016-09-30 10:00:00,26.41,27.18,26.7,26.41,8474.8,0.29,1.1,26.752,26.589,26.3535,6783.41,7819.05,11597.6,0.61
2016-09-29 15:00:00,26.68,26.77,26.71,26.45,8787.74,0.03,0.11,26.692,26.604,26.2485,5651.65,8614.5,11242.9,0.64
2016-09-29 14:30:00,26.81,26.97,26.68,26.68,4122.13,-0.13,-0.48,26.63,26.632,26.1395,5075.83,8496.7,10917.6,0.3
2016-09-29 14:00:00,26.83,27.22,26.81,26.74,8972.4,-0.02,-0.07,26.594,26.649,26.0385,5653.4,11134.3,10857.5,0.65
2016-09-29 13:30:00,26.41,26.86,26.86,26.41,3560.0,0.45,1.7,26.48,26.586,25.9305,7444.36,10710.3,10726.6,0.26
2016-09-29 11:30:00,26.4,26.49,26.4,26.3,2816.0,0.0,0.0,26.426,26.486,25.8245,8854.68,11151.7,10966.0,0.2
2016-09-29 11:00:00,26.5,26.58,26.4,26.3,5908.6,-0.1,-0.38,26.516,26.45,25.7525,11577.3,11570.2,11544.5,0.43
2016-09-29 10:30:00,26.23,26.54,26.5,26.15,7010.0,0.27,1.03,26.634,26.421,25.6895,11917.6,13762.8,11591.8,0.51
2016-09-29 10:00:00,26.29,26.73,26.24,26.0,17927.2,-0.05,-0.19,26.704,26.361,25.6245,16615.3,15749.7,11564.6,1.3
2016-09-28 15:00:00,26.85,26.85,26.59,26.4,10611.6,-0.26,-0.97,26.692,26.289,25.5745,13976.3,16156.9,11067.1,0.77
2016-09-28 14:30:00,26.99,27.54,26.85,26.79,16429.3,-0.14,-0.52,26.546,26.118,25.505,13448.8,15376.2,11010.8,1.19
2016-09-28 14:00:00,26.85,27.0,26.99,26.75,7609.82,0.14,0.52,26.384,25.893,25.416,11563.1,13871.2,10383.7,0.55
2016-09-28 13:30:00,26.18,27.17,26.85,26.16,30498.4,0.67,2.56,26.208,25.647,25.314,15608.0,13338.4,10364.9,2.21
2016-09-28 11:30:00,25.86,26.2,26.18,25.8,4732.22,0.32,1.24,26.018,25.428,25.2165,14884.1,10580.7,9613.38,0.34
2016-09-28 11:00:00,26.04,26.05,25.86,25.76,7974.27,-0.18,-0.69,25.886,25.275,25.1265,18337.6,10742.8,9597.82,0.58
2016-09-28 10:30:00,26.11,26.25,26.04,26.02,7001.0,-0.07,-0.27,25.69,25.163,25.0595,17303.5,10780.2,9369.2,0.51
2016-09-28 10:00:00,25.67,26.44,26.11,25.67,27834.0,0.44,1.71,25.402,25.055,24.989,16179.3,11518.8,9348.85,2.02
2016-09-27 15:00:00,25.52,25.99,25.9,25.48,26879.2,0.38,1.49,25.086,24.958,24.92,11068.8,9420.83,8031.18,1.95
2016-09-27 14:30:00,24.88,25.61,25.52,24.78,21999.5,0.64,2.57,24.838,24.888,24.863,6277.19,7379.59,6851.74,1.6
2016-09-27 14:00:00,24.68,24.88,24.88,24.61,2803.87,0.2,0.81,24.664,24.86,24.8245,3148.0,5977.3,5896.16,0.2
2016-09-27 13:30:00,24.52,24.68,24.6,24.52,1380.0,0.08,0.33,24.636,24.892,24.818,4256.87,6645.51,5917.88,0.1
2016-09-27 11:30:00,24.66,24.72,24.53,24.52,2281.6,-0.13,-0.53,24.708,24.939,24.8255,6858.19,6896.21,6078.97,0.17
2016-09-27 11:00:00,24.65,24.71,24.66,24.54,2921.0,0.01,0.04,24.83,24.981,24.8465,7772.83,7391.42,6487.06,0.21
2016-09-27 10:30:00,24.75,24.84,24.65,24.51,6353.53,-0.1,-0.4,24.938,25.005,24.859,8481.99,8646.1,6480.8,0.46
2016-09-27 10:00:00,24.84,24.99,24.74,24.62,8348.22,-0.1,-0.4,25.056,24.978,24.8695,8806.6,8452.84,6408.79,0.61
2016-09-26 15:00:00,25.14,25.21,24.96,24.86,14386.6,-0.18,-0.72,25.148,24.956,24.8735,9034.16,7958.22,6142.51,1.04
2016-09-26 14:30:00,25.2,25.28,25.14,25.1,6854.79,-0.06,-0.24,25.17,24.923,24.8715,6934.24,7178.94,5507.45,0.5
2016-09-26 14:00:00,25.24,25.24,25.2,25.07,6466.8,-0.04,-0.16,25.132,24.882,24.861,7010.01,6641.53,5354.92,0.47
2016-09-26 13:30:00,25.2,25.37,25.24,25.15,7976.6,0.04,0.16,25.072,24.838,24.847,8810.21,6323.89,5273.58,0.58
2016-09-26 11:30:00,25.07,25.32,25.2,25.04,9486.0,0.13,0.52,24.9,24.789,24.83,8099.07,5815.03,5410.05,0.69
2016-09-26 11:00:00,24.96,25.07,25.07,24.96,3887.0,0.11,0.44,24.764,24.744,24.8145,6882.27,5190.25,5214.2,0.28
2016-09-26 10:30:00,24.9,25.06,24.95,24.88,7233.63,0.05,0.2,24.676,24.712,24.814,7423.65,5261.73,5246.25,0.52
2016-09-26 10:00:00,24.39,25.19,24.9,24.39,15467.8,0.51,2.09,24.632,24.712,24.824,6273.05,5582.7,5123.17,1.12
2016-09-23 15:00:00,24.52,24.57,24.38,24.38,4420.93,-0.14,-0.57,24.604,24.713,24.829,3837.57,4315.51,4470.82,0.32
2016-09-23 14:30:00,24.63,24.71,24.52,24.46,3402.01,-0.11,-0.45,24.678,24.761,24.8605,3530.99,4364.74,4591.54,0.25
2016-09-23 14:00:00,24.73,24.73,24.63,24.45,6593.87,-0.1,-0.4,24.724,24.791,24.898,3498.22,4326.81,4677.59,0.48
2016-09-23 13:30:00,24.76,24.81,24.73,24.7,1480.65,-0.03,-0.12,24.748,24.82,24.9305,3099.81,3835.95,4776.28,0.11
2016-09-23 11:30:00,24.71,24.83,24.76,24.7,3290.4,0.05,0.2,24.792,24.84,24.957,4892.34,4068.31,6115.61,0.24
2016-09-23 11:00:00,24.75,24.85,24.75,24.7,2888.0,0.0,0.0,24.822,24.856,24.9385,4793.44,4223.27,6163.87,0.21
2016-09-23 10:30:00,24.75,24.95,24.75,24.72,3238.2,0.0,0.0,24.844,24.871,24.9205,5198.5,5005.07,6174.27,0.23
2016-09-23 10:00:00,24.96,25.13,24.75,24.71,4601.8,-0.21,-0.84,24.858,24.885,24.903,5155.4,5238.15,6242.92,0.33
2016-09-22 15:00:00,24.91,25.11,24.95,24.91,10443.3,0.04,0.16,24.892,24.916,24.8915,4572.09,5230.78,6157.05,0.76
2016-09-22 14:30:00,24.86,24.96,24.91,24.85,2795.92,0.05,0.2,24.888,24.936,24.861,3244.28,4663.65,5946.33,0.2
2016-09-22 14:00:00,24.82,24.9,24.86,24.71,4913.27,0.04,0.16,24.89,24.945,24.8355,3653.09,4626.13,6051.37,0.36
2016-09-22 13:30:00,24.91,24.91,24.82,24.78,3022.7,-0.09,-0.36,24.898,24.96,24.8165,4811.64,4818.34,6259.35,0.22
2016-09-22 11:30:00,24.93,24.98,24.92,24.91,1685.3,-0.01,-0.04,24.912,25.005,24.807,5320.9,5028.37,6563.22,0.12
2016-09-22 11:00:00,24.91,25.0,24.93,24.86,3804.2,0.02,0.08,24.94,25.041,24.8015,5889.46,5716.6,7032.12,0.28
2016-09-22 10:30:00,24.91,24.95,24.92,24.78,4840.0,0.01,0.04,24.984,25.074,24.788,6083.02,8162.91,7285.89,0.35
2016-09-22 10:00:00,24.99,25.09,24.9,24.71,10706.0,-0.09,-0.36,25.0,25.021,24.7795,5599.18,8104.48,7458.1,0.78
2016-09-21 15:00:00,25.05,25.06,24.89,24.87,5569.0,-0.16,-0.64,25.022,24.97,24.775,4825.05,7343.47,7209.63,0.4
2016-09-21 14:30:00,25.15,25.18,25.06,25.05,4528.1,-0.09,-0.36,25.098,24.921,24.7645,4735.85,7247.69,7081.19,0.33
2016-09-21 14:00:00,25.0,25.16,25.15,24.96,4772.02,0.15,0.6,25.142,24.867,24.7445,5543.74,7083.32,7282.67,0.35
2016-09-21 13:30:00,25.01,25.02,25.0,24.92,2420.73,-0.01,-0.04,25.164,24.786,24.728,10242.8,7229.02,7553.13,0.18
2016-09-21 11:30:00,25.27,25.27,25.01,24.93,6835.39,-0.26,-1.03,25.042,24.726,24.712,10609.8,7476.62,8662.71,0.5
2016-09-21 11:00:00,25.3,25.34,25.27,25.22,5123.0,-0.03,-0.12,24.918,24.673,24.6705,9861.9,7700.35,8867.28,0.37
2016-09-21 10:30:00,25.24,25.38,25.28,25.22,8567.58,0.04,0.16,24.744,24.609,24.618,9759.54,8098.07,9281.2,0.62
2016-09-21 10:00:00,24.43,25.48,25.26,24.43,28267.3,0.83,3.4,24.592,24.562,24.571,8622.89,8347.64,9433.23,2.05
2016-09-20 15:00:00,24.39,24.47,24.39,24.37,4255.6,0.0,0.0,24.408,24.502,24.508,4215.23,6408.87,8416.82,0.31
2016-09-20 14:30:00,24.4,24.46,24.39,24.37,3096.0,-0.01,-0.04,24.41,24.538,24.4885,4343.46,6811.73,8554.48,0.22
2016-09-20 14:00:00,24.52,24.57,24.4,24.38,4611.2,-0.12,-0.49,24.428,24.58,24.4615,5538.81,7075.79,8518.91,0.33
2016-09-20 13:30:00,24.34,24.56,24.52,24.33,2884.4,0.18,0.74,24.474,24.608,24.4345,6436.6,6914.69,9202.31,0.21
2016-09-20 11:30:00,24.39,24.5,24.34,24.3,6228.97,-0.05,-0.21,24.532,24.622,24.436,8072.38,7482.01,9586.97,0.45
2016-09-20 11:00:00,24.48,24.53,24.4,24.37,4896.73,-0.08,-0.33,24.596,24.67,24.3635,8602.5,7877.25,9482.61,0.36
2016-09-20 10:30:00,24.63,24.7,24.48,24.36,9072.73,-0.15,-0.61,24.666,24.698,24.2875,9280.0,9848.8,9339.25,0.66
2016-09-20 10:00:00,24.69,24.73,24.63,24.45,9100.16,-0.06,-0.24,24.732,24.668,24.2035,8612.77,10034.2,8948.34,0.66
2016-09-19 15:00:00,24.66,24.82,24.81,24.63,11063.3,0.15,0.61,24.742,24.627,24.1075,7392.79,10464.3,8542.65,0.8
2016-09-19 14:30:00,24.74,24.74,24.66,24.6,8879.6,-0.08,-0.32,24.712,24.58,24.003,6891.64,10518.8,8047.93,0.64
2016-09-19 14:00:00,24.81,24.82,24.75,24.67,8284.2,-0.06,-0.24,24.744,24.514,23.9075,7152.0,10424.8,7652.25,0.6
2016-09-19 13:30:00,24.68,24.82,24.81,24.65,5736.6,0.13,0.53,24.73,24.439,23.8095,10417.6,10297.2,7315.78,0.42
2016-09-19 11:30:00,24.66,24.72,24.68,24.65,3000.2,0.02,0.08,24.604,24.343,23.7105,11455.7,9962.03,7248.18,0.22
2016-09-19 11:00:00,24.84,24.85,24.66,24.61,8557.6,-0.18,-0.72,24.512,24.261,23.5915,13535.9,11489.9,7233.8,0.62
2016-09-19 10:30:00,24.68,24.83,24.82,24.6,10181.4,0.14,0.57,24.448,24.25,23.478,14146.0,11691.9,7010.39,0.74
2016-09-19 10:00:00,24.15,24.98,24.68,24.15,24612.2,0.53,2.19,24.284,24.057,23.359,13697.5,11088.0,6708.33,1.79
2016-09-14 15:00:00,24.22,24.25,24.18,23.95,10926.9,-0.04,-0.17,24.148,23.877,23.257,10176.9,8829.7,5573.38,0.79
2016-09-14 14:30:00,24.29,24.8,24.22,24.18,13401.4,-0.07,-0.29,24.082,23.739,23.1835,8468.38,7862.46,5101.33,0.97
2016-09-14 14:00:00,24.0,24.34,24.34,23.94,11608.2,0.34,1.42,24.01,23.588,23.1145,9443.96,6620.95,4484.43,0.84
2016-09-14 13:30:00,24.05,24.3,24.0,23.88,7938.96,-0.05,-0.21,24.052,23.426,23.0415,9237.85,5577.03,4031.77,0.58
2016-09-14 11:30:00,23.85,24.0,24.0,23.81,7008.8,0.15,0.63,23.83,23.301,22.979,8478.42,4879.73,3883.64,0.51
2016-09-14 11:00:00,23.86,23.93,23.85,23.81,2384.6,-0.01,-0.04,23.606,23.18,22.941,7482.54,4334.33,3655.49,0.17
2016-09-14 10:30:00,24.53,24.65,23.86,23.85,18279.2,-0.67,-2.73,23.396,23.078,22.914,7256.55,4534.33,3639.76,1.33
2016-09-14 10:00:00,22.9,24.55,24.55,22.7,10577.7,1.65,7.21,23.166,22.922,22.8885,3797.96,2977.67,2817.91,0.77
2016-09-13 15:00:00,22.87,22.96,22.89,22.75,4141.8,0.02,0.09,22.8,22.706,22.8275,1916.21,2328.84,2372.88,0.3
2016-09-13 14:30:00,22.8,22.88,22.88,22.71,2029.4,0.08,0.35,22.772,22.661,22.8535,1281.05,2328.68,2248.98,0.15
2016-09-13 14:00:00,22.71,22.82,22.8,22.68,1254.64,0.09,0.4,22.754,22.637,22.8755,1186.13,2317.06,2238.07,0.09
2016-09-13 13:30:00,22.72,22.79,22.71,22.69,986.2,-0.01,-0.04,22.76,22.628,22.903,1812.1,2340.19,2269.87,0.07
2016-09-13 11:30:00,22.75,22.81,22.72,22.68,1169.0,-0.03,-0.13,22.678,22.641,22.939,2157.39,2347.91,2332.76,0.08
2016-09-13 11:00:00,22.79,22.85,22.75,22.74,966.0,-0.04,-0.18,22.612,22.657,22.97,2741.47,2486.51,2378.41,0.07
2016-09-13 10:30:00,22.83,22.83,22.79,22.66,1554.8,-0.04,-0.18,22.55,22.657,22.9965,3376.31,2887.55,2481.71,0.11
2016-09-13 10:00:00,22.58,22.99,22.83,22.43,4384.51,0.25,1.11,22.52,22.702,23.0255,3447.99,2976.65,2479.7,0.32
2016-09-12 15:00:00,22.39,22.47,22.3,22.26,2712.63,-0.09,-0.4,22.496,22.75,23.057,2868.29,2745.2,2365.79,0.2
2016-09-12 14:30:00,22.44,22.52,22.39,22.35,4089.4,-0.05,-0.22,22.604,22.855,23.116,2538.44,2658.14,2361.5,0.3
2016-09-12 14:00:00,22.64,22.75,22.44,22.4,4140.2,-0.2,-0.88,22.702,22.949,23.163,2231.56,2416.92,2251.22,0.3
2016-09-12 13:30:00,22.71,22.74,22.64,22.58,1913.2,-0.07,-0.31,22.764,23.046,23.203,2398.8,2169.28,2174.02,0.14
2016-09-12 11:30:00,22.84,22.89,22.71,22.66,1486.0,-0.13,-0.57,22.884,23.114,23.231,2505.32,2159.07,2205.28,0.11
2016-09-12 11:00:00,22.88,22.9,22.84,22.8,1063.38,-0.04,-0.17,23.004,23.178,23.2625,2622.12,2199.55,2345.77,0.08
2016-09-12 10:30:00,22.75,23.0,22.88,22.75,2555.0,0.13,0.57,23.106,23.237,23.2925,2777.84,2317.62,2440.16,0.19
