date,open,high,close,low,volume,price_change,p_change,ma5,ma10,ma20,v_ma5,v_ma10,v_ma20,turnover
2017-01-06 15:00:00,47.91,48.17,48.15,47.75,17444.4,0.24,0.5,48.05,47.863,47.7235,10035.1,16954.1,18670.9,1.07
2017-01-06 14:30:00,48.07,48.3,47.93,47.88,9145.38,-0.14,-0.29,48.06,47.895,47.6435,14595.3,15928.0,20319.1,0.56
2017-01-06 14:00:00,48.02,48.1,48.07,47.65,10267.5,0.05,0.1,48.032,47.909,47.519,15969.0,15635.0,22085.6,0.63
2017-01-06 13:30:00,48.08,48.19,48.02,47.82,5391.36,-0.06,-0.12,47.788,47.9,47.273,21374.0,16035.5,22118.2,0.33
2017-01-06 11:30:00,48.2,48.22,48.08,47.71,7926.9,-0.12,-0.25,47.654,47.939,47.019,23529.6,17263.7,22453.4,0.49
2017-01-06 11:00:00,47.7,48.57,48.2,47.7,40245.6,0.5,1.05,47.676,48.032,46.7315,23873.1,21091.5,22252.5,2.47
2017-01-06 10:30:00,46.87,47.88,47.79,46.46,16013.4,0.92,1.96,47.73,47.982,46.434,17260.6,27049.7,20350.7,0.98
2017-01-06 10:00:00,46.88,47.28,46.85,46.25,37292.8,-0.03,-0.06,47.786,47.858,46.158,15301.1,25577.7,19707.9,2.29
2017-01-05 15:00:00,48.19,48.2,47.35,47.35,16169.4,-0.84,-1.74,48.012,47.828,45.928,10697.0,22012.3,17951.5,0.99
2017-01-05 14:30:00,48.46,48.59,48.19,47.91,9644.48,-0.27,-0.56,48.224,47.748,45.682,10997.8,20768.3,17242.4,0.59
2017-01-05 14:00:00,48.05,48.55,48.47,48.0,7182.82,0.42,0.87,48.388,47.584,45.395,18309.9,20387.7,16901.4,0.44
2017-01-05 13:30:00,47.98,48.18,48.07,47.96,6215.94,0.09,0.19,48.234,47.392,45.0965,36838.9,24710.3,16712.8,0.38
2017-01-05 11:30:00,48.42,48.6,47.98,47.73,14272.4,-0.44,-0.91,47.93,47.129,44.8245,35854.3,28536.1,16768.3,0.88
2017-01-05 11:00:00,49.02,49.02,48.41,48.25,17673.4,-0.61,-1.24,47.644,46.646,44.5335,33327.5,28200.8,16293.9,1.08
2017-01-05 10:30:00,47.68,49.57,49.01,47.53,46204.9,1.33,2.79,47.272,46.099,44.2235,30538.7,27643.0,15626.9,2.83
2017-01-05 10:00:00,46.55,48.49,47.7,46.4,99827.9,1.15,2.47,46.78,45.431,43.891,22465.4,23413.4,13524.3,6.12
2017-01-04 15:00:00,46.55,46.55,46.55,46.55,1293.01,0.0,0.0,46.55,44.886,43.6185,12581.7,13651.7,8645.6,0.08
2017-01-04 14:30:00,46.55,46.55,46.55,46.55,1638.53,0.0,0.0,46.328,44.458,43.4025,21217.9,13838.2,8745.64,0.1
2017-01-04 14:00:00,46.55,46.55,46.55,46.55,3729.33,0.0,0.0,45.648,44.028,43.177,23074.1,13890.7,8804.86,0.23
2017-01-04 13:30:00,46.55,46.55,46.55,46.55,5838.46,0.0,0.0,44.926,43.616,42.95,24747.3,13716.5,8806.36,0.36
2017-01-04 11:30:00,45.43,46.55,46.55,44.92,50409.3,1.12,2.47,44.082,43.206,42.724,24361.4,13415.1,8867.64,3.09
2017-01-04 11:00:00,43.14,45.83,45.44,43.1,44473.7,2.3,5.33,43.222,42.801,42.503,14721.7,8715.22,6863.45,2.73
2017-01-04 10:30:00,42.94,43.16,43.15,42.7,10919.8,0.21,0.49,42.588,42.52,42.3685,6458.52,5000.46,4819.97,0.67
2017-01-04 10:00:00,42.5,43.15,42.94,42.23,12095.2,0.44,1.04,42.408,42.421,42.345,4707.36,4386.97,4379.28,0.74
2017-01-03 15:00:00,42.25,42.36,42.33,42.23,3909.02,0.08,0.19,42.306,42.348,42.341,2685.71,3610.72,3843.15,0.24
2017-01-03 14:30:00,42.28,42.3,42.25,42.22,2211.0,-0.03,-0.07,42.33,42.351,42.372,2468.8,3635.16,3767.7,0.14
2017-01-03 14:00:00,42.25,42.38,42.27,42.17,3157.6,0.02,0.05,42.38,42.351,42.3985,2708.71,3639.46,3814.6,0.19
2017-01-03 13:30:00,42.42,42.43,42.25,42.24,2164.0,-0.17,-0.4,42.452,42.347,42.4255,3542.39,3653.1,3876.12,0.13
2017-01-03 11:30:00,42.45,42.51,42.43,42.25,1986.92,-0.02,-0.05,42.434,42.326,42.453,4066.59,3718.97,4152.27,0.12
2017-01-03 11:00:00,42.49,42.63,42.45,42.43,2824.5,-0.04,-0.09,42.39,42.284,42.4785,4535.73,3896.21,4260.65,0.17
2017-01-03 10:30:00,42.63,42.69,42.5,42.46,3410.51,-0.13,-0.3,42.372,42.242,42.5105,4801.51,4320.16,4245.18,0.21
2017-01-03 10:00:00,42.55,42.76,42.63,42.4,7326.01,0.08,0.19,42.322,42.205,42.5445,4570.2,5011.68,4240.43,0.45
2016-12-30 15:00:00,42.21,42.23,42.16,42.0,4785.01,-0.05,-0.12,42.242,42.217,42.579,3763.8,4639.48,4010.52,0.29
2016-12-30 14:30:00,42.37,42.42,42.21,42.15,4332.61,-0.16,-0.38,42.218,42.269,42.6445,3371.35,4371.58,4259.39,0.27
2016-12-30 14:00:00,42.25,42.36,42.36,42.18,4153.39,0.11,0.26,42.178,42.334,42.724,3256.7,4075.58,4618.52,0.25
2016-12-30 13:30:00,42.22,42.27,42.25,42.15,2254.0,0.03,0.07,42.112,42.393,42.746,3838.82,3900.24,4594.19,0.14
2016-12-30 11:30:00,42.04,42.39,42.23,42.04,3294.0,0.19,0.45,42.088,42.446,42.7715,5453.16,3989.74,4930.65,0.2
2016-12-30 11:00:00,42.01,42.11,42.04,41.92,2822.76,0.03,0.07,42.192,42.504,42.814,5515.16,4099.14,5056.08,0.17
2016-12-30 10:30:00,42.05,42.08,42.01,41.9,3759.35,-0.04,-0.1,42.32,42.58,42.871,5371.81,4585.56,5150.89,0.23
2016-12-30 10:00:00,42.15,42.48,42.03,41.85,7064.01,-0.12,-0.28,42.49,42.673,42.9325,4894.46,4625.09,5150.97,0.43
2016-12-29 15:00:00,42.75,42.75,42.13,42.02,10325.7,-0.62,-1.45,42.674,42.779,43.0085,3961.65,4170.2,4889.72,0.63
2016-12-29 14:30:00,42.68,42.79,42.75,42.6,3604.0,0.07,0.16,42.804,42.884,43.082,2526.32,3469.17,4473.36,0.22
2016-12-29 14:00:00,42.87,42.9,42.68,42.68,2106.0,-0.19,-0.44,42.816,42.941,43.118,2683.12,3381.57,4480.95,0.13
2016-12-29 13:30:00,42.95,43.0,42.86,42.82,1372.58,-0.09,-0.21,42.84,43.02,43.15,3799.31,4147.2,4678.5,0.08
2016-12-29 11:30:00,42.78,42.95,42.95,42.7,2400.0,0.17,0.4,42.856,43.114,43.1945,4355.73,5161.46,5042.73,0.15
2016-12-29 11:00:00,42.81,42.95,42.78,42.53,3149.0,-0.03,-0.07,42.884,43.099,43.2585,4378.74,5288.13,5396.39,0.19
2016-12-29 10:30:00,42.8,43.1,42.81,42.8,4388.0,0.01,0.02,42.964,43.097,43.317,4412.02,5871.56,5583.35,0.27
2016-12-29 10:00:00,42.7,42.98,42.8,42.52,7686.99,0.1,0.23,43.066,43.124,43.3255,4080.02,6013.02,5525.9,0.47
2016-12-28 15:00:00,43.09,43.1,42.94,42.76,4154.66,-0.15,-0.35,43.2,43.162,43.327,4495.08,5716.22,5266.25,0.25
2016-12-28 14:30:00,43.19,43.22,43.09,43.07,2515.06,-0.1,-0.23,43.372,43.192,43.3025,5967.19,5676.85,5275.98,0.15
2016-12-28 14:00:00,43.32,43.33,43.18,43.06,3315.38,-0.14,-0.32,43.314,43.238,43.249,6197.52,5609.24,5377.98,0.2
2016-12-28 13:30:00,43.43,43.46,43.32,43.32,2728.0,-0.11,-0.25,43.23,43.28,43.201,7331.11,5477.56,5497.78,0.17
2016-12-28 11:30:00,43.8,44.05,43.47,43.45,9762.29,-0.33,-0.75,43.182,43.295,43.1385,7946.03,5580.34,6402.55,0.6
2016-12-28 11:00:00,42.8,44.09,43.8,42.73,11515.2,1.0,2.34,43.124,43.28,43.164,6937.35,5209.81,6289.98,0.71
2016-12-28 10:30:00,42.76,42.9,42.8,42.6,3666.74,0.04,0.09,43.012,43.275,43.177,5386.52,4924.01,6099.33,0.22
2016-12-28 10:00:00,43.15,43.18,42.76,42.52,8983.32,-0.39,-0.9,43.162,43.418,43.2535,5020.97,5504.64,6130.22,0.55
2016-12-27 15:00:00,43.18,43.4,43.08,43.08,5802.59,-0.1,-0.23,43.33,43.537,43.3355,3624.0,5295.14,5989.98,0.36
2016-12-27 14:30:00,43.24,43.45,43.18,43.12,4718.93,-0.06,-0.14,43.408,43.527,43.421,3214.65,5038.78,5826.17,0.29
2016-12-27 14:00:00,43.55,43.55,43.24,43.24,3761.0,-0.31,-0.71,43.436,43.492,43.504,3482.27,4816.28,5792.42,0.23
2016-12-27 13:30:00,43.57,43.6,43.55,43.5,1839.0,-0.02,-0.05,43.538,43.413,43.589,4461.5,4875.11,5985.7,0.11
2016-12-27 11:30:00,43.47,43.67,43.6,43.47,1998.5,0.13,0.3,43.674,43.26,43.671,5988.31,5146.7,6197.2,0.12
2016-12-27 11:00:00,43.31,43.57,43.47,43.31,3755.83,0.16,0.37,43.744,43.122,43.7735,6966.27,5518.0,6316.78,0.23
2016-12-27 10:30:00,43.75,43.75,43.32,43.21,6057.01,-0.43,-0.98,43.646,42.982,43.895,6862.9,7224.76,6441.91,0.37
2016-12-27 10:00:00,43.8,44.0,43.75,43.51,8657.18,-0.05,-0.11,43.548,43.048,44.005,6150.3,7370.16,6358.51,0.53
2016-12-26 15:00:00,43.91,44.5,44.23,43.81,9473.05,0.32,0.73,43.288,43.079,44.0775,5288.71,7274.64,6077.65,0.58
2016-12-26 14:30:00,42.98,43.99,43.95,42.94,6888.27,0.97,2.26,42.846,43.089,44.132,4305.1,6755.79,5741.38,0.42
2016-12-26 14:00:00,42.86,43.11,42.98,42.7,3239.0,0.12,0.28,42.5,43.134,44.1995,4069.74,6684.82,5546.28,0.2
2016-12-26 13:30:00,42.45,42.88,42.83,42.38,2494.0,0.38,0.9,42.318,43.315,44.312,7586.62,6613.57,5680.26,0.15
2016-12-26 11:30:00,42.02,42.5,42.45,42.01,4349.23,0.43,1.02,42.548,43.516,44.436,8590.02,6768.57,6019.72,0.27
2016-12-26 11:00:00,42.24,42.24,42.02,41.92,4554.98,-0.22,-0.52,42.87,43.765,44.623,9260.57,7096.3,6092.4,0.28
2016-12-26 10:30:00,42.04,42.39,42.22,41.98,5711.49,0.18,0.43,43.332,44.082,44.823,9206.49,7247.7,6014.9,0.35
2016-12-26 10:00:00,43.74,43.74,42.07,41.42,20823.4,-1.67,-3.82,43.768,44.425,45.009,9299.89,7115.55,5878.46,1.28
2016-12-23 15:00:00,44.05,44.3,43.98,43.98,7511.0,-0.07,-0.16,44.312,44.808,45.2,5640.51,5659.06,4912.55,0.46
2016-12-23 14:30:00,44.32,44.48,44.06,43.91,7702.0,-0.26,-0.59,44.484,44.962,45.296,4947.11,5346.87,4699.48,0.47
2016-12-23 14:00:00,44.42,44.6,44.33,44.31,4284.56,-0.09,-0.2,44.66,45.076,45.3925,4932.02,4880.67,4560.08,0.26
2016-12-23 13:30:00,44.8,44.83,44.4,44.3,6178.5,-0.4,-0.89,44.832,45.175,45.485,5288.91,4726.97,4589.29,0.38
2016-12-23 11:30:00,44.84,44.94,44.79,44.76,2526.5,-0.05,-0.11,45.082,45.265,45.5815,4931.21,4407.75,4633.02,0.15
2016-12-23 11:00:00,44.94,45.0,44.84,44.78,4044.0,-0.1,-0.22,45.304,45.309,45.641,5677.62,4746.95,4756.09,0.25
2016-12-23 10:30:00,45.19,45.29,44.94,44.78,7626.53,-0.25,-0.55,45.44,45.356,45.6825,5746.62,5270.86,4701.3,0.47
2016-12-23 10:00:00,45.35,45.53,45.19,45.14,6069.0,-0.16,-0.35,45.492,45.481,45.725,4829.31,5088.5,4470.47,0.37
2016-12-22 15:00:00,45.9,45.93,45.65,45.38,4390.0,-0.25,-0.54,45.518,45.564,45.7605,4165.04,4782.1,4292.52,0.27
2016-12-22 14:30:00,45.52,45.97,45.9,45.49,6258.56,0.38,0.83,45.448,45.593,45.7905,3884.29,4641.37,4255.42,0.38
2016-12-22 14:00:00,45.2,45.58,45.52,45.05,4389.01,0.32,0.71,45.314,45.592,45.807,3816.28,4166.04,4450.6,0.27
2016-12-22 13:30:00,45.32,45.37,45.2,45.15,3040.0,-0.12,-0.26,45.272,45.63,45.8375,4795.11,4052.1,4761.35,0.19
2016-12-22 11:30:00,45.3,45.35,45.32,45.19,2747.64,0.02,0.04,45.47,45.709,45.844,5347.68,4239.5,4867.75,0.17
2016-12-22 11:00:00,45.21,45.38,45.3,45.17,2986.23,0.09,0.2,45.61,45.795,45.852,5399.16,4451.62,4876.84,0.18
2016-12-22 10:30:00,45.31,45.45,45.23,45.18,5918.5,-0.08,-0.18,45.738,45.898,45.861,5398.45,4858.29,4930.48,0.36
2016-12-22 10:00:00,46.04,46.15,45.31,45.2,9283.18,-0.73,-1.59,45.87,45.973,45.877,4515.8,4765.24,4806.83,0.57
2016-12-21 15:00:00,46.02,46.2,46.19,46.01,5802.85,0.17,0.37,45.988,46.009,45.907,3309.09,4131.73,4443.64,0.36
2016-12-21 14:30:00,45.94,46.09,46.02,45.91,3005.03,0.08,0.17,45.948,45.969,45.8895,3131.32,3852.44,4252.95,0.18
2016-12-21 14:00:00,45.88,46.1,45.94,45.85,2982.7,0.06,0.13,45.98,45.957,45.8795,3504.07,3802.94,4229.85,0.18
2016-12-21 13:30:00,45.9,45.98,45.89,45.86,1505.25,-0.01,-0.02,46.058,45.988,45.884,4318.13,3869.47,2409.78,0.09
2016-12-21 11:30:00,45.99,46.09,45.9,45.84,3249.64,-0.09,-0.2,46.076,46.022,45.8935,5014.68,4735.15,4635.67,0.2
2016-12-21 11:00:00,46.18,46.2,45.99,45.92,4914.0,-0.19,-0.41,46.03,46.045,45.9005,4954.36,5470.59,4723.06,0.3
2016-12-21 10:30:00,46.33,46.35,46.18,46.15,4868.77,-0.15,-0.32,45.99,45.979,45.9055,4573.56,5495.99,4635.34,0.3
2016-12-21 10:00:00,46.2,46.48,46.33,46.1,7053.0,0.13,0.28,45.934,45.909,45.903,4101.81,5302.06,4513.08,0.43
2016-12-20 15:00:00,45.68,45.98,45.98,45.63,4988.0,0.3,0.66,45.918,45.824,45.8815,3420.81,5002.66,4280.18,0.31
2016-12-20 14:30:00,45.79,45.79,45.67,45.61,2948.03,-0.12,-0.26,45.968,45.781,45.8865,4455.63,4848.41,4243.98,0.18
2016-12-20 14:00:00,45.88,45.9,45.79,45.62,3010.0,-0.09,-0.2,46.06,45.805,45.917,5986.82,4755.56,4554.54,0.18
2016-12-20 13:30:00,46.25,46.26,45.9,45.83,2510.0,-0.35,-0.76,45.968,45.81,45.955,6418.42,4653.46,5070.7,0.15
2016-12-20 11:30:00,46.23,46.32,46.25,46.14,3648.0,0.02,0.04,45.884,45.802,45.951,6502.32,4656.76,5238.35,0.22
2016-12-20 11:00:00,46.15,46.4,46.23,46.05,10162.1,0.08,0.17,45.73,45.78,45.92,6584.51,950.08,5439.48,0.62
2016-12-20 10:30:00,45.33,46.49,46.13,45.21,10604.0,0.8,1.76,45.594,45.765,45.887,5241.2,4536.19,5227.61,0.65
2016-12-20 10:00:00,45.88,45.88,45.33,44.96,5168.0,-0.55,-1.2,45.55,45.756,45.853,3524.3,3975.54,4872.84,0.32
2016-12-19 15:00:00,45.42,45.68,45.48,45.36,2929.48,0.06,0.13,45.652,45.832,45.856,2888.5,3774.69,4781.94,0.18
2016-12-19 14:30:00,45.55,45.6,45.48,45.37,4059.0,-0.07,-0.15,45.72,45.897,45.8795,2811.2,3724.1,5145.84,0.25
2016-12-19 14:00:00,45.91,45.91,45.55,45.5,3445.5,-0.36,-0.78,45.83,45.939,45.8715,-4684.34,3557.7,5141.24,0.21
2016-12-19 13:30:00,45.84,46.05,45.91,45.78,2019.5,0.07,0.15,45.936,45.992,45.8585,3831.18,3639.56,5272.88,0.12
2016-12-19 11:30:00,45.82,45.95,45.84,45.82,1989.0,0.02,0.04,45.962,46.029,45.803,4426.78,4353.52,5541.66,0.12
2016-12-19 11:00:00,45.99,46.09,45.82,45.8,2543.0,-0.17,-0.37,46.012,46.1,45.7465,4660.88,5487.95,5827.06,0.16
2016-12-19 10:30:00,46.08,46.09,46.03,45.77,-33418.7,-0.05,-0.11,46.074,46.1,45.6995,4637.0,5819.95,5906.51,-2.05
2016-12-19 10:00:00,46.08,46.08,46.08,46.08,46023.1,0.0,0.0,46.048,46.06,45.666,11799.8,9928.88,7790.96,2.82
2016-12-16 15:00:00,46.1,46.22,46.04,46.02,4997.51,-0.06,-0.13,46.048,46.009,45.618,3447.93,5919.04,5633.75,0.31
2016-12-16 14:30:00,46.13,46.16,46.09,46.05,3159.5,-0.04,-0.09,46.096,45.95,45.5735,4280.26,5770.14,5598.7,0.19
2016-12-16 14:00:00,45.89,46.19,46.13,45.89,2423.64,0.24,0.52,46.188,45.88,45.516,6315.02,5789.19,5856.8,0.15
2016-12-16 13:30:00,46.08,46.25,45.9,45.87,2395.0,-0.18,-0.39,46.126,45.862,45.4675,7002.89,6567.57,6102.54,0.15
2016-12-16 11:30:00,46.28,46.28,46.08,45.95,4264.0,-0.2,-0.43,46.072,45.804,45.4595,8058.0,6724.77,6307.35,0.26
2016-12-16 11:00:00,46.55,46.9,46.28,46.2,9159.15,-0.27,-0.58,45.97,45.725,45.457,8390.15,6906.21,6300.2,0.56
2016-12-16 10:30:00,45.82,46.8,46.55,45.7,13333.3,0.73,1.59,45.804,45.577,45.4515,7260.01,6729.79,6049.47,0.82
2016-12-16 10:00:00,45.63,45.9,45.82,45.39,5863.0,0.19,0.42,45.572,45.393,45.424,5263.36,6166.16,5633.72,0.36
2016-12-15 15:00:00,45.58,45.87,45.63,45.46,7670.56,0.05,0.11,45.598,45.299,45.437,6132.26,5993.07,5619.87,0.47
2016-12-15 14:30:00,45.45,45.79,45.57,45.0,5924.72,0.12,0.26,45.536,45.272,45.44,5391.54,5653.04,5520.41,0.36
2016-12-15 14:00:00,45.39,45.53,45.45,45.21,3508.5,0.06,0.13,45.48,45.227,45.444,5422.27,5348.46,5373.98,0.22
2016-12-15 13:30:00,45.95,45.97,45.39,45.37,3350.0,-0.56,-1.22,45.35,45.197,45.468,6199.57,5427.27,5435.55,0.21
2016-12-15 11:30:00,45.3,46.2,45.95,45.3,10207.5,0.65,1.43,45.214,45.152,45.4925,7068.97,5924.41,5803.45,0.63
2016-12-15 11:00:00,45.29,45.32,45.32,45.19,3967.0,0.03,0.07,45.0,45.073,45.4855,5853.89,5637.52,5875.83,0.24
2016-12-15 10:30:00,44.8,45.39,45.29,44.7,6078.35,0.49,1.09,45.008,45.115,45.5295,5914.53,5889.92,6062.43,0.37
2016-12-15 10:00:00,45.47,45.47,44.8,44.3,7395.0,-0.67,-1.47,44.974,45.189,45.5745,5274.65,5694.19,6372.05,0.45
2016-12-14 15:00:00,44.88,45.02,44.71,44.68,7697.02,-0.17,-0.38,45.044,45.326,45.703,4654.96,5369.14,6133.88,0.47
2016-12-14 14:30:00,45.35,45.35,44.88,44.88,4132.08,-0.47,-1.04,45.09,45.455,45.838,4779.84,5101.27,6012.21,0.25
2016-12-14 14:00:00,45.11,45.47,45.36,45.1,4270.22,0.25,0.55,45.146,45.575,45.9555,5421.14,5246.66,6211.4,0.26
2016-12-14 13:30:00,45.16,45.16,45.12,44.95,2878.92,-0.04,-0.09,45.222,45.608,46.0725,5865.3,5387.79,6493.4,0.18
2016-12-14 11:30:00,44.94,45.17,45.15,44.85,4296.58,0.21,0.47,45.404,45.661,46.2,6113.74,5399.5,7159.89,0.26
2016-12-14 11:00:00,45.16,45.17,44.94,44.62,8321.42,-0.22,-0.49,45.608,45.739,46.397,6083.32,5443.84,7218.01,0.51
2016-12-14 10:30:00,45.75,45.75,45.16,45.08,7338.58,-0.59,-1.29,45.82,45.833,46.61,5422.69,5682.5,7041.99,0.45
2016-12-14 10:00:00,45.88,46.0,45.74,45.6,6491.01,-0.14,-0.31,46.004,45.898,46.832,5072.18,6114.14,6795.57,0.4
2016-12-13 15:00:00,46.17,46.17,46.03,46.01,4121.11,-0.14,-0.3,45.994,45.944,47.0205,4910.27,6234.95,6561.51,0.25
2016-12-13 14:30:00,46.0,46.31,46.17,46.0,4144.48,0.17,0.37,45.918,45.96,47.203,4685.26,7049.91,6488.52,0.25
2016-12-13 14:00:00,46.08,46.31,46.0,46.0,5018.28,-0.08,-0.17,45.87,46.08,47.367,4804.36,6898.62,6485.6,0.31
2016-12-13 13:30:00,45.61,46.14,46.08,45.61,5586.0,0.47,1.03,45.846,46.221,47.5545,5942.31,6923.16,6486.04,0.34
2016-12-13 11:30:00,45.65,45.69,45.69,45.3,5681.5,0.04,0.09,45.792,46.336,47.753,7156.11,7176.14,6860.87,0.35
2016-12-13 11:00:00,45.92,45.92,45.65,45.51,2996.02,-0.27,-0.59,45.894,46.537,47.935,7559.63,7599.01,6997.29,0.18
2016-12-13 10:30:00,45.88,46.05,45.93,45.76,4740.01,0.05,0.11,46.002,46.739,48.1465,9414.56,8920.28,7107.38,0.29
2016-12-13 10:00:00,45.71,46.39,45.88,45.2,10708.0,0.17,0.37,46.29,47.055,48.341,8992.88,8992.18,7172.66,0.66
2016-12-12 15:00:00,46.21,46.3,45.81,45.8,11655.0,-0.4,-0.87,46.596,47.387,48.5285,7904.0,8401.48,6891.76,0.71
2016-12-12 14:30:00,46.18,46.67,46.2,45.93,7699.11,0.02,0.04,46.88,47.766,48.7295,7196.16,7476.99,6584.22,0.47
2016-12-12 14:00:00,47.38,47.38,46.19,45.87,12270.7,-1.19,-2.51,47.18,48.097,48.92,7638.39,6888.07,6589.52,0.75
2016-12-12 13:30:00,47.33,47.4,47.37,47.2,2631.6,0.04,0.08,47.476,48.446,49.1175,8425.99,5927.13,6256.43,0.16
2016-12-12 11:30:00,47.23,47.74,47.41,47.23,5263.61,0.18,0.38,47.82,48.654,49.267,8991.47,6072.58,6842.5,0.32
2016-12-12 11:00:00,47.7,47.7,47.23,47.01,8115.8,-0.47,-0.99,48.178,48.888,49.4325,8898.96,6048.92,6944.77,0.5
2016-12-12 10:30:00,47.67,47.75,47.7,47.31,9910.23,0.03,0.06,48.652,49.17,49.588,7757.82,6545.6,6965.13,0.61
2016-12-12 10:00:00,49.09,49.22,47.67,47.52,16208.7,-1.42,-2.89,49.014,49.333,49.7185,6137.74,6395.58,6879.69,0.99
2016-12-09 15:00:00,49.21,49.21,49.09,49.03,5459.0,-0.12,-0.24,49.416,49.554,49.8715,3428.27,5294.49,6243.5,0.33
2016-12-09 14:30:00,49.6,49.6,49.2,49.03,4801.06,-0.4,-0.81,49.488,49.627,49.9465,3153.7,5353.15,6194.95,0.29
2016-12-09 14:00:00,49.51,49.64,49.6,49.4,2410.1,0.09,0.18,49.598,49.67,50.0305,3198.88,5382.04,6165.8,0.15
2016-12-09 13:30:00,49.68,49.78,49.51,49.47,1809.85,-0.17,-0.34,49.688,49.693,50.1015,5333.38,5691.45,6613.22,0.11
2016-12-09 11:30:00,49.45,49.71,49.68,49.35,2661.32,0.23,0.47,49.652,49.743,50.159,6653.41,6290.97,7806.52,0.16
2016-12-09 11:00:00,49.75,49.75,49.45,49.34,4086.15,-0.3,-0.6,49.692,49.789,50.2495,7160.71,6585.74,9163.99,0.25
2016-12-09 10:30:00,50.01,50.1,49.75,49.66,5027.0,-0.26,-0.52,49.766,49.88,50.342,7552.61,7612.42,11374.0,0.31
2016-12-09 10:00:00,49.02,50.16,50.05,49.02,13082.6,1.03,2.1,49.742,49.977,50.302,7565.2,7840.61,11223.4,0.8
2016-12-08 15:00:00,49.89,49.93,49.33,49.21,8410.0,-0.56,-1.12,49.698,50.006,50.2415,6049.52,7384.67,10635.5,0.52
2016-12-08 14:30:00,49.85,50.45,49.88,49.8,5197.78,0.03,0.06,49.834,50.104,50.2245,5928.52,7363.8,10310.3,0.32
2016-12-08 14:00:00,49.63,50.04,49.82,49.44,6045.65,0.19,0.38,49.886,50.189,50.1685,6010.77,7192.51,10186.3,0.37
2016-12-08 13:30:00,49.82,49.88,49.63,49.6,5090.0,-0.19,-0.38,49.994,50.266,50.1185,7672.24,7036.75,10054.5,0.31
2016-12-08 11:30:00,50.0,50.09,49.83,49.81,5504.17,-0.17,-0.34,50.212,50.391,50.0905,8116.02,6949.55,10080.0,0.34
2016-12-08 11:00:00,50.14,50.3,50.01,49.91,7805.0,-0.13,-0.26,50.314,50.51,50.031,8719.82,7534.99,9965.83,0.48
2016-12-08 10:30:00,50.36,50.48,50.14,50.12,5609.03,-0.22,-0.44,50.374,50.575,49.9505,8799.08,9322.07,9692.63,0.34
2016-12-08 10:00:00,50.79,50.79,50.36,50.01,14353.0,-0.43,-0.85,50.492,50.71,49.8725,8374.26,11742.3,9523.83,0.88
2016-12-07 15:00:00,50.34,50.8,50.72,50.23,7308.9,0.38,0.75,50.538,50.804,49.791,6401.26,15135.6,8883.13,0.45
2016-12-07 14:30:00,50.31,50.49,50.34,50.03,8523.15,0.03,0.06,50.57,50.627,49.6925,5783.08,14606.2,8681.98,0.52
2016-12-07 14:00:00,50.73,50.77,50.31,50.29,8201.31,-0.42,-0.83,50.706,50.477,49.6275,6350.17,13886.3,8382.03,0.5
2016-12-07 13:30:00,50.6,50.96,50.73,50.56,3484.92,0.13,0.26,50.776,50.345,49.5665,9845.07,13256.9,8209.95,0.21
2016-12-07 11:30:00,50.88,50.93,50.59,50.5,4488.0,-0.29,-0.57,50.928,50.148,49.481,15110.2,13180.1,8683.63,0.28
2016-12-07 11:00:00,51.01,51.1,50.88,50.8,4218.03,-0.13,-0.25,51.07,49.971,49.3675,23869.9,13072.3,8827.09,0.26
2016-12-07 10:30:00,50.65,51.28,51.02,50.23,11358.6,0.37,0.73,50.684,49.79,49.245,23429.3,13210.5,8904.81,0.7
2016-12-07 10:00:00,50.0,51.4,50.66,50.0,25675.8,0.66,1.32,50.248,49.552,49.127,21422.4,12396.7,8846.81,1.57
2016-12-06 15:00:00,51.33,51.78,51.49,51.2,29810.8,0.16,0.31,49.914,49.326,49.0345,16668.6,10063.2,7902.42,1.83
2016-12-06 14:30:00,48.95,51.93,51.3,48.86,48286.3,2.35,4.8,49.368,49.035,48.92,11250.0,7305.41,6623.16,2.96
2016-12-06 14:00:00,48.84,48.99,48.95,48.83,2015.0,0.11,0.23,48.872,48.778,48.82,2274.75,2630.68,4358.81,0.12
2016-12-06 13:30:00,48.97,48.97,48.84,48.76,1324.07,-0.13,-0.27,48.896,48.758,48.8395,2991.75,2757.78,4584.94,0.08
2016-12-06 11:30:00,48.69,49.0,48.99,48.68,1907.0,0.3,0.62,48.856,48.778,48.8805,3370.95,2877.77,4768.64,0.12
2016-12-06 11:00:00,48.82,48.82,48.76,48.6,2717.5,-0.06,-0.12,48.738,48.788,48.922,3457.75,3163.05,4953.13,0.17
2016-12-06 10:30:00,49.06,49.06,48.82,48.71,3410.2,-0.24,-0.49,48.702,48.814,48.979,3360.85,4187.16,5020.46,0.21
2016-12-06 10:00:00,48.66,49.2,49.07,48.66,5600.0,0.41,0.84,48.684,48.764,49.0345,2986.6,4581.85,4996.2,0.34
2016-12-05 15:00:00,48.4,48.68,48.64,48.4,3220.03,0.24,0.5,48.62,48.7,49.077,2523.8,4599.1,4874.39,0.2
2016-12-05 14:30:00,48.58,48.6,48.4,48.34,2341.0,-0.18,-0.37,48.7,48.702,49.144,2384.6,5296.96,4804.6,0.14
2016-12-05 14:00:00,48.73,48.73,48.58,48.53,2233.0,-0.15,-0.31,48.838,48.743,49.224,2868.35,5741.66,4785.32,0.14
2016-12-05 13:30:00,48.79,48.83,48.73,48.66,1538.99,-0.06,-0.12,48.926,48.805,49.2915,5013.47,5940.9,4885.62,0.09
2016-12-05 11:30:00,49.04,49.04,48.75,48.6,3286.0,-0.29,-0.59,48.844,48.862,49.3635,6177.09,6086.94,5136.48,0.2
2016-12-05 11:00:00,49.09,49.11,49.04,48.92,2524.0,-0.05,-0.1,48.78,48.921,49.439,6674.39,6412.09,5229.99,0.15
2016-12-05 10:30:00,49.02,49.31,49.09,49.01,4759.75,0.07,0.14,48.704,48.983,49.493,8209.31,6659.5,5257.49,0.29
2016-12-05 10:00:00,47.9,49.34,49.02,47.53,12958.6,1.12,2.34,48.648,49.056,49.5495,8614.97,6743.21,5140.04,0.79
2016-12-02 15:00:00,48.41,48.51,48.32,48.31,7357.1,-0.09,-0.19,48.684,49.144,49.618,6868.34,5853.76,4562.68,0.45
2016-12-02 14:30:00,48.66,48.67,48.43,48.31,5772.51,-0.23,-0.47,48.88,49.305,49.727,5996.79,5410.55,4381.38,0.35
2016-12-02 14:00:00,48.81,48.9,48.66,48.3,10198.6,-0.15,-0.31,49.062,49.454,49.836,6149.78,5149.68,4375.53,0.63
2016-12-02 13:30:00,49.16,49.17,48.81,48.8,6788.0,-0.35,-0.71,49.262,49.586,49.947,5109.69,4312.24,4472.1,0.42
2016-12-02 11:30:00,49.33,49.45,49.2,49.2,4225.49,-0.13,-0.26,49.464,49.705,50.0125,4871.45,3828.98,4649.36,0.26
2016-12-02 11:00:00,49.34,49.36,49.3,49.22,2999.36,-0.04,-0.08,49.604,49.778,49.941,4839.18,3830.33,4677.28,0.18
2016-12-02 10:30:00,49.65,49.7,49.34,49.26,6537.5,-0.31,-0.62,49.73,49.865,49.864,4824.31,4186.03,4690.87,0.4
2016-12-02 10:00:00,49.84,49.99,49.66,49.57,4998.12,-0.18,-0.36,49.846,49.957,49.7895,4149.57,4047.89,4500.35,0.31
2016-12-01 15:00:00,49.9,49.9,49.82,49.78,5596.79,-0.08,-0.16,49.91,50.003,49.6935,3514.79,3855.48,4370.58,0.34
2016-12-01 14:30:00,49.93,49.95,49.9,49.83,4064.15,-0.03,-0.06,49.946,50.043,49.5865,2786.51,3536.86,4284.54,0.25
2016-12-01 14:00:00,49.92,49.97,49.93,49.9,2925.0,0.01,0.02,49.952,50.092,49.4775,2821.47,3271.6,4324.78,0.18
2016-12-01 13:30:00,49.98,50.03,49.92,49.9,3163.78,-0.06,-0.12,50.0,50.149,49.365,3547.75,3352.2,4570.06,0.19
2016-12-01 11:30:00,50.0,50.08,49.98,49.93,1824.23,-0.02,-0.04,50.068,50.218,49.2645,3946.21,3601.38,4885.09,0.11
2016-12-01 11:00:00,49.94,50.1,50.0,49.89,1955.41,0.06,0.12,50.096,50.308,49.1835,4196.16,4631.95,5055.52,0.12
2016-12-01 10:30:00,50.17,50.25,49.93,49.89,4238.93,-0.24,-0.48,50.14,50.32,49.0995,4287.2,5469.73,5222.72,0.26
2016-12-01 10:00:00,50.48,50.48,50.17,49.84,6556.38,-0.31,-0.61,50.232,50.104,49.0325,3721.74,5524.24,5111.67,0.4
2016-11-30 15:00:00,50.14,50.27,50.26,49.91,5156.09,0.12,0.24,50.298,49.863,48.949,3156.66,5195.72,4925.6,0.32
2016-11-30 14:30:00,50.22,50.23,50.12,50.05,3074.01,-0.1,-0.2,50.368,49.622,48.8675,3256.54,4952.81,4936.67,0.19
2016-11-30 14:00:00,50.39,50.48,50.22,50.18,2410.61,-0.17,-0.34,50.52,49.384,48.801,5067.74,4885.68,5521.92,0.15
2016-11-30 13:30:00,50.5,50.5,50.39,50.26,1411.59,-0.11,-0.22,50.5,49.13,48.718,6652.26,5032.22,6299.28,0.09
2016-11-30 11:30:00,50.61,50.7,50.5,50.25,3731.01,-0.11,-0.22,49.976,48.863,48.5925,7326.74,5377.96,6428.21,0.23
2016-11-30 11:00:00,50.9,50.9,50.61,50.5,5655.5,-0.29,-0.57,49.428,48.581,48.455,7234.77,5787.91,6408.4,0.35
2016-11-30 10:30:00,50.12,50.96,50.88,50.12,12130.0,0.76,1.52,48.876,48.311,48.311,6649.06,6168.8,6311.33,0.74
2016-11-30 10:00:00,49.05,50.36,50.12,49.05,10333.2,1.07,2.18,48.248,48.059,48.1525,4703.62,5479.08,5876.63,0.63
2016-10-13 15:00:00,47.76,47.85,47.77,47.64,4784.0,0.01,0.02,47.76,47.879,48.039,3412.17,4975.7,5574.47,0.33
2016-10-13 14:30:00,47.84,47.94,47.76,47.71,3271.15,-0.08,-0.17,47.75,47.961,48.047,3429.17,4699.1,5542.02,0.23
2016-10-13 14:00:00,47.71,47.99,47.85,47.71,2727.0,0.14,0.29,47.734,48.035,48.0615,4341.04,4655.48,5838.56,0.19
2016-10-13 13:30:00,47.68,47.74,47.74,47.64,2402.72,0.06,0.13,47.746,48.113,48.0665,5688.54,4920.54,6133.34,0.17
2016-10-13 11:30:00,47.72,47.81,47.68,47.66,3876.0,-0.04,-0.08,47.87,48.218,48.081,6254.55,6158.17,6332.66,0.27
2016-10-13 11:00:00,47.68,47.8,47.72,47.62,4869.0,0.04,0.08,47.998,48.306,48.097,6539.24,7566.35,6336.14,0.34
2016-10-13 10:30:00,47.92,48.1,47.68,47.65,7830.5,-0.24,-0.5,48.172,48.322,48.107,5969.02,7478.46,6344.73,0.54
2016-10-13 10:00:00,48.21,48.55,47.91,47.88,9464.5,-0.3,-0.62,48.336,48.329,48.1235,4969.91,7028.9,6260.43,0.66
2016-10-12 14:30:00,48.32,48.39,48.36,48.15,5232.74,0.04,0.08,48.48,48.311,48.1295,4152.54,6453.85,6300.18,0.36
2016-10-12 14:00:00,48.58,48.63,48.32,48.25,5299.44,-0.26,-0.54,48.566,48.246,48.09,6061.79,6274.18,6496.01,0.37
2016-10-12 13:30:00,48.47,48.66,48.59,48.43,2017.91,0.12,0.25,48.614,48.199,48.0305,8593.46,6173.23,6463.38,0.14
2016-10-12 11:30:00,48.62,48.62,48.5,48.34,2834.95,-0.12,-0.25,48.472,48.133,47.955,8987.89,6384.94,6848.14,0.2
2016-10-12 11:00:00,48.79,48.82,48.63,48.46,5377.65,-0.16,-0.33,48.322,48.088,47.8745,9087.89,7021.65,6953.61,0.37
2016-10-12 10:30:00,48.55,49.15,48.79,48.51,14779.0,0.24,0.49,48.142,48.02,47.7885,8755.17,7346.14,6840.79,1.02
2016-10-12 10:00:00,48.08,48.63,48.56,47.52,17957.8,0.48,1.0,47.926,47.944,47.696,6486.57,6507.16,6183.79,1.24
2016-10-11 15:00:00,47.76,47.94,47.88,47.76,3990.07,0.12,0.25,47.784,47.888,47.617,3753.01,5105.93,5439.63,0.28
2016-10-11 14:30:00,47.7,47.9,47.75,47.67,3334.93,0.05,0.1,47.794,47.892,47.5615,3781.99,5211.01,5369.47,0.23
2016-10-11 14:00:00,47.71,47.79,47.73,47.55,3714.02,0.02,0.04,47.854,47.918,47.517,4955.41,5491.97,5347.98,0.26
2016-10-11 13:30:00,47.85,47.9,47.71,47.71,3436.0,-0.14,-0.29,47.898,47.948,47.486,5937.1,6146.51,5436.88,0.24
2016-10-11 11:30:00,47.93,48.01,47.85,47.73,4290.01,-0.08,-0.17,47.962,47.934,47.458,6527.75,6717.83,5846.32,0.3
2016-10-11 11:00:00,48.02,48.06,47.93,47.9,4135.0,-0.09,-0.19,47.992,47.862,47.3905,6458.86,6753.53,6025.2,0.29
2016-10-11 10:30:00,47.97,48.42,48.05,47.97,9202.0,0.08,0.17,47.99,47.777,47.3325,6640.03,7311.33,5933.03,0.64
2016-10-11 10:00:00,48.18,48.19,47.95,47.85,8622.5,-0.23,-0.48,47.982,47.661,47.265,6028.53,6885.57,5601.53,0.6
2016-10-10 15:00:00,48.0,48.04,48.03,47.9,6389.22,0.03,0.06,47.998,47.557,47.2115,6355.93,6335.45,5274.33,0.44
2016-10-10 14:30:00,47.91,48.09,48.0,47.81,3945.59,0.09,0.19,47.906,47.448,47.154,6907.92,5860.43,5043.57,0.27
2016-10-10 14:00:00,48.01,48.15,47.92,47.9,5040.82,-0.09,-0.19,47.732,47.346,47.106,7048.2,5773.32,4965.99,0.35
2016-10-10 13:30:00,48.05,48.19,48.01,47.92,6144.5,-0.04,-0.08,47.564,47.231,47.065,7982.64,5527.94,5019.15,0.43
2016-10-10 11:30:00,47.5,48.18,48.03,47.41,10259.5,0.53,1.12,47.34,47.116,47.0095,7742.6,5203.98,5078.86,0.71
2016-10-10 11:00:00,47.08,47.79,47.57,47.04,9149.2,0.49,1.04,47.116,47.024,46.9575,6314.97,4727.24,4835.91,0.63
2016-10-10 10:30:00,47.06,47.3,47.13,46.9,4647.0,0.07,0.15,46.99,46.982,46.937,4812.93,4974.82,4514.05,0.32
2016-10-10 10:00:00,46.1,47.33,47.08,46.1,9713.0,0.98,2.13,46.96,46.919,46.9405,4498.43,5296.87,4447.88,0.67
2016-09-30 15:00:00,46.9,46.91,46.89,46.76,4944.34,-0.01,-0.02,46.898,46.888,46.942,3073.23,4554.72,4050.53,0.34
2016-09-30 14:30:00,46.94,47.12,46.91,46.9,3121.32,-0.03,-0.06,46.892,46.869,46.955,2665.36,4317.49,3891.69,0.22
2016-09-30 14:00:00,46.98,47.0,46.94,46.82,1639.0,-0.04,-0.09,46.932,46.866,46.9685,3139.5,4213.2,3854.12,0.11
2016-09-30 13:30:00,46.78,47.09,46.98,46.7,3074.5,0.2,0.43,46.974,46.86,46.9835,5136.7,4226.7,4347.77,0.21
2016-09-30 11:30:00,46.86,47.0,46.77,46.68,2587.0,-0.09,-0.19,46.878,46.866,46.9975,6095.3,4158.66,4769.69,0.18
2016-09-30 11:00:00,47.1,47.13,46.86,46.82,2905.0,-0.24,-0.51,46.878,46.899,46.999,6036.21,4510.36,5241.7,0.2
2016-09-30 10:30:00,47.12,47.17,47.11,47.01,5492.0,-0.01,-0.02,46.846,46.903,46.984,5969.61,4953.73,5463.2,0.38
2016-09-30 10:00:00,46.09,47.24,47.15,46.09,11625.0,1.06,2.3,46.8,46.891,46.958,5286.91,4944.58,5347.6,0.8
2016-09-29 15:00:00,46.78,46.83,46.5,46.48,7867.5,-0.28,-0.6,46.746,46.892,46.9335,3316.71,4053.29,4876.03,0.54
2016-09-29 14:30:00,46.7,46.89,46.77,46.66,2291.55,0.07,0.15,46.854,46.962,46.9355,2222.01,3598.89,4649.65,0.16
2016-09-29 14:00:00,46.86,46.89,46.7,46.7,2572.0,-0.16,-0.34,46.92,46.996,46.9365,2984.52,3546.34,4733.81,0.18
2016-09-29 13:30:00,46.88,46.92,46.88,46.79,2078.5,0.0,0.0,46.96,47.041,46.939,3937.86,3465.89,4973.41,0.14
2016-09-29 11:30:00,47.04,47.07,46.88,46.88,1774.0,-0.16,-0.34,46.982,47.071,46.939,4602.26,3495.04,5742.4,0.12
2016-09-29 11:00:00,47.18,47.18,47.04,46.83,2394.0,-0.14,-0.3,47.038,47.107,46.9095,4789.88,4468.84,6651.58,0.17
2016-09-29 10:30:00,46.9,47.27,47.1,46.75,6104.1,0.2,0.43,47.07,47.129,46.917,4975.78,5380.72,7053.79,0.42
2016-09-29 10:00:00,47.0,47.05,46.9,46.6,7338.68,-0.1,-0.21,47.072,47.099,46.9575,4108.16,5973.04,6981.14,0.51
2016-09-28 15:00:00,47.15,47.16,46.99,46.96,5400.5,-0.16,-0.34,47.122,47.065,47.011,2993.92,5972.67,6797.68,0.38
2016-09-28 14:30:00,47.2,47.21,47.16,47.11,2712.1,-0.04,-0.08,47.16,47.025,47.061,2387.82,5750.62,6762.53,0.19
2016-09-28 14:00:00,47.1,47.33,47.2,47.09,3323.5,0.1,0.21,47.176,46.975,47.0965,4147.8,5698.76,6951.57,0.23
2016-09-28 13:30:00,47.15,47.2,47.11,47.04,1766.0,-0.04,-0.08,47.188,46.909,47.1215,5785.66,5700.4,7567.11,0.12
2016-09-28 11:30:00,47.18,47.24,47.15,47.02,1767.52,-0.03,-0.06,47.126,46.877,47.1785,7837.92,5921.28,8295.58,0.12
2016-09-28 11:00:00,47.24,47.28,47.18,47.1,2370.0,-0.06,-0.13,47.008,46.837,47.315,8951.42,6480.92,9141.91,0.17
2016-09-28 10:30:00,47.26,47.68,47.24,47.24,11512.0,-0.02,-0.04,46.89,46.807,47.469,9113.43,7989.77,9533.99,0.8
2016-09-28 10:00:00,46.75,47.47,47.26,46.62,11512.8,0.51,1.09,46.774,46.712,47.651,7249.73,8834.31,9192.85,0.8
2016-09-27 15:00:00,46.6,47.0,46.8,46.56,12027.3,0.2,0.43,46.63,46.705,47.8275,5615.14,8726.86,8787.01,0.84
2016-09-27 14:30:00,46.6,46.6,46.56,46.15,7335.0,-0.04,-0.09,46.628,46.816,48.04,4004.63,7989.23,8365.87,0.51
2016-09-27 14:00:00,46.66,46.67,46.59,46.5,3180.0,-0.07,-0.15,46.666,46.957,48.2575,4010.43,7622.7,8512.34,0.22
2016-09-27 13:30:00,46.54,46.72,46.66,46.53,2193.53,0.12,0.26,46.724,47.097,48.4895,6866.11,7774.44,8573.43,0.15
2016-09-27 11:30:00,46.78,46.92,46.54,46.5,3339.85,-0.24,-0.51,46.65,47.218,48.7265,10418.9,8204.38,8734.19,0.23
2016-09-27 11:00:00,46.75,46.97,46.79,46.71,3974.75,0.04,0.09,46.78,47.334,48.986,11838.6,9433.83,8896.77,0.28
2016-09-27 10:30:00,46.9,47.06,46.75,46.58,7364.0,-0.15,-0.32,47.004,47.48,49.2375,11973.8,10669.9,8910.47,0.51
2016-09-27 10:00:00,46.1,47.22,46.88,45.92,17458.4,0.78,1.69,47.248,47.793,49.4955,11235.0,11802.9,8703.75,1.22
2016-09-26 15:00:00,47.18,47.56,46.29,46.18,19957.5,-0.89,-1.89,47.47,48.131,49.7545,8682.77,11078.2,7961.65,1.39
2016-09-26 14:30:00,47.91,47.91,47.19,47.08,10438.3,-0.72,-1.5,47.786,48.59,50.0465,5989.87,9551.38,7078.18,0.73
2016-09-26 14:00:00,47.96,48.0,47.91,47.75,4651.0,-0.05,-0.1,47.888,48.95,50.303,7029.06,8847.15,6733.11,0.32
2016-09-26 13:30:00,47.99,48.0,47.97,47.79,3669.65,-0.02,-0.04,47.956,49.264,50.5155,9365.92,8742.51,6645.24,0.26
2016-09-26 11:30:00,47.87,48.0,47.99,47.78,4697.37,0.12,0.25,48.338,49.558,50.721,12370.8,9401.98,6802.01,0.33
2016-09-26 11:00:00,47.7,47.99,47.87,47.67,6493.0,0.17,0.36,48.792,49.882,50.9215,13473.7,9372.42,6805.65,0.45
2016-09-26 10:30:00,48.25,48.25,47.7,47.53,15634.3,-0.55,-1.14,49.394,50.235,51.1325,13112.9,9264.0,6640.81,1.09
2016-09-26 10:00:00,49.87,50.0,48.25,48.08,16335.3,-1.62,-3.25,50.012,50.638,51.3615,10665.2,8359.72,5996.15,1.14
2016-09-23 15:00:00,50.26,50.4,49.88,49.82,18694.2,-0.38,-0.76,50.572,50.995,51.555,8119.09,7151.06,5318.63,1.31
2016-09-23 14:30:00,50.88,50.93,50.26,50.18,10211.6,-0.62,-1.22,50.778,51.198,51.661,6433.12,5604.59,4566.31,0.71
2016-09-23 14:00:00,50.79,51.0,50.88,50.69,4689.09,0.09,0.18,50.972,51.378,51.757,5271.17,4845.08,4131.43,0.33
2016-09-23 13:30:00,51.03,51.03,50.79,50.78,3396.0,-0.24,-0.47,51.076,51.503,51.8185,5415.11,4604.98,4058.14,0.24
2016-09-23 11:30:00,50.9,51.15,51.05,50.86,3604.55,0.15,0.29,51.264,51.656,51.8975,6054.19,4619.08,4253.98,0.25
2016-09-23 11:00:00,51.2,51.25,50.91,50.8,10264.4,-0.29,-0.57,51.418,51.767,51.966,6183.04,4547.98,4392.3,0.72
2016-09-23 10:30:00,51.4,51.55,51.23,51.22,4401.81,-0.17,-0.33,51.618,51.884,52.0455,4776.06,4202.03,4887.45,0.31
2016-09-23 10:00:00,51.76,52.0,51.4,51.31,5408.78,-0.36,-0.7,51.784,51.961,52.059,4419.0,4238.87,4793.58,0.38
2016-09-22 15:00:00,51.82,51.84,51.73,51.68,6591.43,-0.09,-0.17,51.93,52.03,52.0715,3794.84,4017.62,4578.89,0.46
2016-09-22 14:30:00,51.9,51.98,51.82,51.73,4248.75,-0.08,-0.15,52.048,52.085,52.0735,3183.96,3632.58,4347.5,0.3
2016-09-22 14:00:00,52.06,52.09,51.91,51.82,3229.54,-0.15,-0.29,52.116,52.115,52.0615,2912.91,3486.2,4259.74,0.23
2016-09-22 13:30:00,52.13,52.14,52.06,52.0,2616.5,-0.07,-0.13,52.15,52.124,52.0435,3628.0,3528.03,4249.11,0.18
2016-09-22 11:30:00,52.3,52.3,52.13,52.09,2288.0,-0.17,-0.33,52.138,52.136,52.0185,4058.74,3417.78,4338.06,0.16
2016-09-22 11:00:00,52.16,52.36,52.32,52.15,3537.0,0.16,0.31,52.13,52.134,52.008,4240.41,3511.31,4411.55,0.25
2016-09-22 10:30:00,52.08,52.2,52.16,52.08,2893.5,0.08,0.15,52.122,52.139,51.975,4081.21,3888.89,4371.13,0.2
2016-09-22 10:00:00,52.21,52.5,52.08,52.0,6805.0,-0.13,-0.25,52.114,52.165,51.953,4059.5,4236.62,4357.31,0.48
2016-09-21 15:00:00,52.09,52.09,52.0,51.93,4770.19,-0.09,-0.17,52.098,52.207,51.945,3428.06,5572.88,4111.46,0.33
2016-09-21 14:30:00,52.27,52.28,52.09,51.99,3196.34,-0.18,-0.34,52.134,52.157,51.939,2776.83,5348.3,3967.7,0.22
2016-09-21 14:00:00,52.12,52.3,52.28,52.08,2741.0,0.16,0.31,52.138,52.113,51.933,2782.21,5140.16,3929.53,0.19
2016-09-21 13:30:00,51.95,52.24,52.12,51.95,2784.97,0.17,0.33,52.156,52.062,51.9265,3696.58,5062.42,4013.84,0.19
2016-09-21 11:30:00,52.16,52.25,52.0,51.94,3647.82,-0.16,-0.31,52.216,52.008,51.9185,4413.73,5033.28,4442.42,0.25
2016-09-21 11:00:00,52.13,52.28,52.18,52.1,1514.0,0.05,0.1,52.316,51.963,51.889,7717.69,4970.19,4619.51,0.11
2016-09-21 10:30:00,52.37,52.37,52.11,52.01,3223.28,-0.26,-0.5,52.18,51.901,51.865,7919.77,5258.34,5115.1,0.23
2016-09-21 10:00:00,51.98,52.67,52.37,51.9,7312.83,0.39,0.75,52.088,51.882,51.8335,7498.11,5311.8,5218.39,0.51
2016-09-20 15:00:00,52.5,52.65,52.42,52.31,6370.73,-0.08,-0.15,51.968,51.811,51.806,6428.27,4853.37,4933.95,0.45
2016-09-20 14:30:00,51.5,52.96,52.5,51.5,20167.6,1.0,1.94,51.8,51.741,51.778,5652.82,4478.0,4709.98,1.41
2016-09-20 14:00:00,51.62,51.7,51.5,51.5,2524.4,-0.12,-0.23,51.61,51.683,51.7485,2222.7,2650.04,3815.8,0.18
2016-09-20 13:30:00,51.71,51.79,51.65,51.6,1115.0,-0.06,-0.12,51.622,51.721,51.7685,2596.92,2587.1,3904.79,0.08
2016-09-20 11:30:00,51.58,51.86,51.77,51.56,1963.6,0.19,0.37,51.676,51.753,51.7745,3125.48,2718.89,4465.49,0.14
2016-09-20 11:00:00,51.55,51.65,51.58,51.53,2493.5,0.03,0.06,51.654,51.791,51.8135,3278.47,2965.27,4787.28,0.17
2016-09-20 10:30:00,51.56,51.67,51.55,51.51,3017.0,-0.01,-0.02,51.682,51.829,51.8595,3303.17,3851.57,5044.87,0.21
2016-09-20 10:00:00,51.83,52.07,51.56,51.55,4395.5,-0.27,-0.52,51.756,51.815,51.906,3077.38,4268.83,5250.75,0.31
2016-09-19 15:00:00,51.66,51.94,51.92,51.64,3757.8,0.26,0.5,51.82,51.829,51.9345,2577.28,4971.86,5336.75,0.26
2016-09-19 14:30:00,51.73,51.73,51.66,51.51,2728.57,-0.07,-0.14,51.83,51.785,51.968,2312.31,5124.98,5402.99,0.19
2016-09-19 14:00:00,51.92,51.92,51.72,51.63,2617.0,-0.2,-0.39,51.928,51.801,52.0275,2652.06,5014.53,5512.2,0.18
2016-09-19 13:30:00,51.88,52.0,51.92,51.88,1888.02,0.04,0.08,51.976,51.815,52.0795,4399.96,4941.96,6043.93,0.13
2016-09-19 11:30:00,51.98,51.98,51.88,51.85,1895.0,-0.1,-0.19,51.874,51.814,52.138,5460.28,4981.56,6554.46,0.13
2016-09-19 11:00:00,52.1,52.15,51.97,51.96,2432.95,-0.13,-0.25,51.838,51.816,52.2135,7366.44,5222.48,6974.88,0.17
2016-09-19 10:30:00,51.96,52.34,52.15,51.95,4427.32,0.19,0.37,51.74,51.796,52.2995,7937.66,6212.09,7291.43,0.31
2016-09-19 10:00:00,51.36,52.39,51.96,51.36,11356.5,0.6,1.17,51.674,51.836,52.3715,7376.99,6609.29,7637.87,0.79
2016-09-14 15:00:00,51.7,51.75,51.41,51.4,7189.65,-0.29,-0.56,51.654,51.89,52.4905,5483.96,6238.17,7357.42,0.5
2016-09-14 14:30:00,51.48,51.81,51.7,51.31,11425.8,0.22,0.43,51.754,51.997,52.6415,4502.82,6232.67,7702.92,0.8
2016-09-14 14:00:00,51.83,51.9,51.48,51.46,5289.02,-0.35,-0.68,51.794,52.04,52.8065,3078.51,5701.63,8286.83,0.37
2016-09-14 13:30:00,51.86,52.06,51.82,51.82,1624.0,-0.04,-0.08,51.852,52.151,52.9905,4486.52,5681.01,8715.11,0.11
2016-09-14 11:30:00,51.91,52.0,51.86,51.81,1891.32,-0.05,-0.1,51.998,52.254,53.1835,5841.59,6009.87,9472.71,0.13
2016-09-14 11:00:00,51.9,52.08,51.91,51.85,2284.0,0.01,0.02,52.126,52.344,53.465,6992.38,7145.9,9811.76,0.16
2016-09-14 10:30:00,51.79,52.12,51.9,51.72,4304.19,0.11,0.21,52.24,52.462,53.7545,7962.53,8127.35,9965.75,0.3
2016-09-14 10:00:00,52.45,52.45,51.77,51.38,12329.1,-0.68,-1.3,52.286,52.611,54.043,8324.76,8727.28,9955.79,0.86
2016-09-13 15:00:00,52.5,52.68,52.55,52.42,8399.32,0.05,0.1,52.45,52.803,54.34,6875.49,8370.77,9617.91,0.59
2016-09-13 14:30:00,52.5,52.55,52.5,52.19,7645.28,0.0,0.0,52.51,52.907,54.62,6178.15,8666.45,9367.39,0.53
2016-09-13 14:00:00,52.1,52.9,52.48,52.1,7134.74,0.38,0.73,52.562,53.091,54.9025,7299.43,8476.68,9243.88,0.5
2016-09-13 13:30:00,52.6,52.65,52.13,52.09,6115.34,-0.47,-0.89,52.684,53.286,55.193,8292.18,9173.17,9359.41,0.43
2016-09-13 11:30:00,52.85,52.88,52.59,52.47,5082.77,-0.26,-0.49,52.936,53.573,55.517,9129.79,10872.0,10136.3,0.36
2016-09-13 11:00:00,52.76,52.97,52.85,52.73,4912.6,0.09,0.17,53.156,53.83,55.789,9866.06,11749.2,10493.7,0.34
2016-09-13 10:30:00,53.02,53.19,52.76,52.31,13251.7,-0.26,-0.49,53.304,54.113,56.0345,11154.8,12935.6,10674.3,0.93
2016-09-13 10:00:00,53.9,54.1,53.09,53.04,12098.5,-0.81,-1.5,53.62,54.586,56.304,9653.93,12477.6,10376.4,0.85
2016-09-12 15:00:00,53.68,53.74,53.39,53.39,10303.4,-0.29,-0.54,53.888,55.047,56.5605,10054.2,11804.1,10130.6,0.72
2016-09-12 14:30:00,53.65,53.99,53.69,53.36,8764.09,0.04,0.07,54.21,55.475,56.814,12614.3,11184.3,10600.2,0.61
2016-09-12 14:00:00,54.34,54.34,53.59,53.25,11356.1,-0.75,-1.38,54.504,55.877,57.0965,13632.4,10865.0,12475.5,0.79
2016-09-12 13:30:00,54.43,54.47,54.34,54.11,5747.57,-0.09,-0.17,54.922,56.333,57.257,14716.4,10068.3,12192.2,0.4
2016-09-12 11:30:00,55.0,55.08,54.43,54.02,14099.6,-0.57,-1.04,55.552,56.714,57.3595,15301.3,10011.1,12211.7,0.99
2016-09-12 11:00:00,55.18,55.18,55.0,54.93,23104.0,-0.18,-0.33,56.206,57.1,57.4585,13554.1,9545.64,11989.0,1.61
2016-09-12 10:30:00,55.68,55.85,55.16,55.12,13854.6,-0.52,-0.93,56.74,57.461,57.547,9754.34,9400.61,11093.8,0.97
