2017-06-30,40.466,40.864,39.601,38.593,40.521
2017-06-29,40.478,40.777,39.324,38.500,40.671
2017-06-28,40.618,40.863,39.097,38.473,40.809
2017-06-27,41.056,40.864,38.967,38.363,40.984
2017-06-26,41.514,40.805,38.804,38.242,41.158
2017-06-23,41.262,40.380,38.586,38.090,41.298
2017-06-22,41.076,40.023,38.349,37.925,41.430
2017-06-21,41.108,39.693,38.122,37.825,41.591
2017-06-20,40.672,39.264,37.845,37.685,41.742
2017-06-19,40.096,38.666,37.582,37.563,41.891
2017-06-16,39.498,38.339,37.457,37.542,42.074
2017-06-15,38.970,37.872,37.361,37.532,42.240
2017-06-14,38.278,37.331,37.277,37.517,42.426
2017-06-13,37.856,37.071,37.112,37.505,42.623
2017-06-12,37.236,36.803,36.960,37.480,42.839
2017-06-09,37.180,36.792,36.945,37.539,43.119
2017-06-08,36.774,36.676,36.876,37.540,43.391
2017-06-07,36.384,36.551,36.890,37.561,43.647
2017-06-06,36.286,36.427,36.896,37.714,43.908
2017-06-05,36.370,36.498,37.011,37.919,44.186
2017-06-02,36.404,36.575,37.144,38.169,44.470
2017-06-01,36.578,36.851,37.362,38.436,44.775
2017-05-31,36.718,37.224,37.609,38.804,45.037
2017-05-26,36.568,37.153,37.722,39.124,45.253
2017-05-25,36.626,37.118,37.818,39.556,45.468
2017-05-24,36.746,37.099,37.912,39.976,45.677
2017-05-23,37.124,37.076,37.971,40.452,45.901
2017-05-22,37.730,37.230,38.066,40.945,46.146
2017-05-19,37.738,37.365,38.358,41.448,46.378
2017-05-18,37.610,37.525,38.629,41.951,46.579
2017-05-17,37.452,37.713,38.965,42.450,46.753
2017-05-16,37.028,37.874,39.228,42.843,46.898
2017-05-15,36.730,37.995,39.593,43.145,47.041
2017-05-12,36.992,38.292,40.109,43.606,47.213
2017-05-11,37.440,38.518,40.775,44.074,47.394
2017-05-10,37.974,38.725,41.415,44.506,47.559
2017-05-09,38.720,38.867,42.140,44.936,47.728
2017-05-08,39.260,38.903,42.802,45.358,47.894
2017-05-05,39.592,39.351,43.490,45.799,47.985
2017-05-04,39.596,39.733,44.164,46.218,48.050
2017-05-03,39.476,40.218,44.819,46.607,48.118
2017-05-02,39.014,40.583,45.327,46.948,48.166
2017-04-28,38.546,41.192,45.720,47.336,48.236
2017-04-27,39.110,41.927,46.263,47.740,48.302
2017-04-26,39.870,43.033,46.852,48.199,48.366
2017-04-25,40.960,44.105,47.397,48.699,48.426
2017-04-24,42.152,45.414,47.970,49.243,48.521
2017-04-21,43.838,46.702,48.585,49.732,48.601
2017-04-20,44.744,47.629,49.023,50.103,48.591
2017-04-19,46.196,48.596,49.461,50.454,48.588
2017-04-18,47.250,49.420,49.801,50.771,48.572
2017-04-17,48.676,50.072,50.131,51.115,48.557
2017-04-14,49.566,50.249,50.408,51.271,48.527
2017-04-13,50.514,50.599,50.646,51.383,48.538
2017-04-12,50.996,50.671,50.782,51.380,48.496
2017-04-11,51.590,50.689,50.996,51.378,48.448
2017-04-10,51.468,50.526,51.158,51.349,48.399
2017-04-07,50.932,50.468,51.247,51.346,48.353
2017-04-06,50.684,50.417,51.339,51.307,48.284
2017-04-05,50.346,50.326,51.382,51.206,48.189
2017-03-31,49.788,50.182,51.446,51.056,48.020
2017-03-30,49.584,50.190,51.636,50.953,47.887
2017-03-29,50.004,50.567,51.782,50.937,47.786
2017-03-28,50.150,50.694,51.774,50.820,47.663
2017-03-27,50.306,50.894,51.734,50.715,47.538
2017-03-24,50.576,51.304,51.722,50.612,47.448
2017-03-23,50.796,51.790,51.760,50.520,47.361
2017-03-22,51.130,52.026,51.785,50.430,47.283
2017-03-21,51.238,52.262,51.752,50.172,47.202
2017-03-20,51.482,52.439,51.646,49.882,47.113
2017-03-17,52.032,52.710,51.492,49.630,47.021
2017-03-16,52.784,53.082,51.334,49.384,46.951
2017-03-15,52.922,52.998,51.122,49.136,46.845
2017-03-14,53.286,52.855,50.882,48.864,46.730
2017-03-13,53.396,52.574,50.625,48.532,46.621
2017-03-10,53.388,52.141,50.266,48.153,46.489
2017-03-09,53.380,51.731,49.885,47.800,46.407
2017-03-08,53.074,51.545,49.631,47.470,46.350
2017-03-07,52.424,51.243,49.126,47.080,46.305
2017-03-06,51.752,50.853,48.603,46.723,46.278
2017-03-03,50.894,50.275,48.089,46.373,46.194
2017-03-02,50.082,49.586,47.534,46.000,46.100
2017-03-01,50.016,49.246,47.205,45.782,46.077
2017-02-28,50.062,48.910,46.868,45.694,46.079
2017-02-27,49.954,48.677,46.511,45.613,46.075
2017-02-24,49.656,48.391,46.158,45.519,46.101
2017-02-23,49.090,48.040,45.834,45.450,46.122
2017-02-22,48.476,47.718,45.433,45.360,46.124
2017-02-21,47.758,47.010,44.998,45.261,46.165
2017-02-20,47.400,46.354,44.658,45.172,46.237
2017-02-17,47.126,45.904,44.422,44.985,46.310
2017-02-16,46.990,45.483,44.207,44.822,46.399
2017-02-15,46.960,45.165,44.050,44.634,46.478
2017-02-14,46.262,44.826,44.085,44.506,46.586
2017-02-13,45.308,44.345,44.080,44.361,46.668
2017-02-10,44.682,43.926,44.082,44.283,46.779
2017-02-09,43.976,43.628,44.155,44.202,46.937
2017-02-08,43.370,43.148,44.181,44.136,47.066
2017-02-07,43.390,42.986,44.386,44.233,47.263
2017-02-06,43.382,42.962,44.580,44.344,47.502
2017-02-03,43.170,42.940,44.526,44.412,47.735
2017-02-02,43.280,42.931,44.491,44.519,47.976
2017-01-26,42.926,42.936,44.369,44.553,48.213
2017-01-25,42.582,43.345,44.346,44.597,48.473
2017-01-24,42.542,43.816,44.368,44.711,48.693
2017-01-23,42.710,44.239,44.462,44.825,48.954
2017-01-20,42.582,44.682,44.489,45.014,49.168
2017-01-19,42.946,45.214,44.630,45.230,49.408
2017-01-18,44.108,45.787,44.857,45.531,49.683
2017-01-17,45.090,46.199,45.034,45.833,49.941
2017-01-16,45.768,46.112,45.148,46.015,50.209
2017-01-13,46.782,46.051,45.313,46.199,50.446
2017-01-12,47.482,45.802,45.362,46.372,50.638
2017-01-11,47.466,45.347,45.223,46.464,50.697
2017-01-10,47.308,44.921,45.158,46.537,50.716
2017-01-09,46.456,44.685,45.118,46.683,50.736
2017-01-06,45.320,44.297,45.180,46.795,50.745
2017-01-05,44.122,44.047,45.238,46.888,50.740
2017-01-04,43.228,43.927,45.403,47.069,50.751
2017-01-03,42.534,43.870,45.649,47.303,50.757
2016-12-30,42.914,44.184,45.966,47.636,50.826
2016-12-29,43.274,44.575,46.273,47.976,50.907
2016-12-28,43.972,44.922,46.656,48.322,50.983
2016-12-27,44.626,45.099,47.022,48.667,51.039
2016-12-26,45.206,45.395,47.345,48.976,51.152
2016-12-23,45.454,45.552,47.682,49.275,51.277
2016-12-22,45.876,46.063,48.044,49.672,51.411
2016-12-21,45.872,46.430,48.308,49.997,51.524
2016-12-20,45.572,46.879,48.640,50.293,51.619
2016-12-19,45.584,47.429,49.019,50.661,51.708
2016-12-16,45.650,47.748,49.361,51.058,51.826
2016-12-15,46.250,47.972,49.676,51.434,51.948
2016-12-14,46.988,48.391,50.022,51.872,52.146
2016-12-13,48.186,48.946,50.451,52.349,52.368
2016-12-12,49.274,49.296,50.767,52.676,52.541
2016-12-09,49.846,49.812,51.136,53.082,52.742
2016-12-08,49.694,50.025,51.476,53.323,52.851
2016-12-07,49.794,50.186,51.780,53.586,52.955
2016-12-06,49.706,50.402,52.000,53.836,53.051
2016-12-05,49.318,50.610,52.277,54.050,53.148
2016-12-02,49.778,50.975,52.712,54.403,53.297
2016-12-01,50.356,51.381,53.164,54.693,53.433
2016-11-30,50.578,51.653,53.613,54.904,53.550
2016-11-29,51.098,51.956,54.050,54.931,53.662
2016-11-28,51.902,52.238,54.366,54.894,53.789
2016-11-25,52.172,52.461,54.717,54.788,53.896
2016-11-24,52.406,52.928,54.972,54.695,54.030
2016-11-23,52.728,53.374,55.285,54.593,54.174
2016-11-22,52.814,53.598,55.552,54.433,54.288
2016-11-21,52.574,53.944,55.770,54.210,54.393
2016-11-18,52.750,54.450,56.117,54.017,54.527
2016-11-17,53.450,54.948,56.349,53.838,54.626
2016-11-16,54.020,55.573,56.530,53.645,54.705
2016-11-15,54.382,56.144,56.418,53.411,54.765
2016-11-14,55.314,56.494,56.222,53.328,54.872
2016-11-11,56.150,56.974,55.952,53.280,54.961
2016-11-10,56.446,57.016,55.578,53.150,54.999
2016-11-09,57.126,57.197,55.203,53.051,55.054
2016-11-08,57.906,57.507,54.850,52.945,55.145
2016-11-07,57.674,57.597,54.343,52.755,55.168
2016-11-04,57.798,57.785,53.800,52.595,55.201
2016-11-03,57.586,57.750,53.282,52.463,55.242
2016-11-02,57.268,57.487,52.680,52.420,55.237
2016-10-28,57.108,56.692,52.045,52.388,55.210
2016-10-27,57.520,55.951,51.745,52.406,55.246
2016-10-26,57.772,54.930,51.433,52.401,55.274
2016-10-25,57.914,54.140,51.217,52.379,55.319
2016-10-24,57.706,53.209,50.977,52.325,55.414
2016-10-21,56.276,52.194,50.663,52.267,55.539
2016-10-20,54.382,51.090,50.334,52.246,55.686
2016-10-19,52.088,49.816,50.000,52.191,55.804
2016-10-18,50.366,48.815,49.820,52.173,55.987
2016-10-17,48.712,47.874,49.886,52.196,56.220
2016-10-14,48.112,47.398,50.235,52.393,56.522
2016-10-13,47.798,47.540,50.633,52.683,56.867
2016-10-12,47.544,47.936,51.137,53.005,57.229
2016-10-11,47.264,48.295,51.499,53.365,57.584
2016-10-10,47.036,48.746,51.883,53.755,57.993
2016-09-30,46.684,49.133,52.303,54.143,58.447
2016-09-29,47.282,49.579,52.823,54.577,58.874
2016-09-28,48.328,50.185,53.378,55.037,59.315
2016-09-27,49.326,50.825,53.851,55.415,59.703
2016-09-26,50.456,51.899,54.356,55.765,60.090
2016-09-23,51.582,53.073,54.890,56.118,60.485
2016-09-22,51.876,53.727,55.254,56.416,60.870
2016-09-21,52.042,54.338,55.539,56.642,61.178
2016-09-20,52.324,54.703,55.901,56.847,61.485
2016-09-19,53.342,55.021,56.259,57.058,61.762
2016-09-14,54.564,55.474,56.647,57.346,62.051
2016-09-13,55.578,56.068,57.075,57.581,62.399
2016-09-12,56.634,56.572,57.462,57.807,62.711
2016-09-09,57.082,56.878,57.710,58.020,63.096
2016-09-08,56.700,56.814,57.697,58.054,63.401
2016-09-07,56.384,56.707,57.641,58.033,63.709
2016-09-06,56.558,56.782,57.761,58.086,63.931
2016-09-05,56.510,56.740,57.794,58.148,64.024
2016-09-02,56.674,57.098,57.919,58.260,64.167
2016-09-01,56.928,57.498,58.077,58.504,64.301
2016-08-31,57.030,57.821,58.281,58.812,64.324
2016-08-30,57.006,58.083,58.337,59.126,64.362
2016-08-29,56.970,58.353,58.425,59.418,64.385
2016-08-26,57.522,58.542,58.591,59.801,64.424
2016-08-25,58.068,58.581,58.675,60.244,64.457
2016-08-24,58.612,58.575,58.696,60.652,64.421
2016-08-23,59.160,58.740,58.737,61.052,64.350
2016-08-22,59.736,58.849,58.852,61.454,64.294
2016-08-19,59.562,58.740,58.840,61.804,64.256
2016-08-18,59.094,58.656,59.007,62.232,64.179
2016-08-17,58.538,58.742,59.308,62.752,64.156
2016-08-16,58.320,58.592,59.648,63.171,64.144
2016-08-15,57.962,58.497,59.950,63.593,64.116
2016-08-12,57.918,58.640,60.431,63.992,64.230
2016-08-11,58.218,58.768,61.076,64.416,64.376
2016-08-10,58.946,58.816,61.691,64.851,64.473
2016-08-09,58.864,58.735,62.208,65.324,64.442
2016-08-08,59.032,58.854,62.757,65.714,64.431
2016-08-05,59.362,58.941,63.336,66.123,65.776
2016-08-04,59.318,59.357,64.020,66.465,66.900
2016-08-03,58.686,59.873,64.758,66.757,68.024
2016-08-02,58.606,60.704,65.461,67.217,69.297
2016-08-01,58.676,61.404,66.141,67.615,70.372
2016-07-29,58.520,62.221,66.668,68.173,71.503
2016-07-28,59.396,63.384,67.241,68.747,72.461
2016-07-27,61.060,64.565,67.869,69.386,73.436
2016-07-26,62.802,65.680,68.619,69.777,74.330
2016-07-25,64.132,66.660,69.144,69.901,75.178
2016-07-22,65.922,67.730,69.715,70.074,75.871
2016-07-21,67.372,68.682,70.019,70.099,76.437
2016-07-20,68.070,69.642,70.199,69.837,76.981
2016-07-19,68.558,70.217,70.474,69.599,77.469
2016-07-18,69.188,70.877,70.721,69.352,77.863
2016-07-15,69.538,71.115,71.149,69.046,78.390
2016-07-14,69.992,71.097,71.429,68.671,78.913
2016-07-13,71.214,71.172,71.797,68.189,79.490
2016-07-12,71.876,71.557,71.826,67.648,79.965
2016-07-11,72.566,71.627,71.521,67.133,80.436
2016-07-08,72.692,71.699,71.246,66.709,80.755
2016-07-07,72.202,71.356,70.807,66.126,81.042
2016-07-06,71.130,70.756,69.934,65.560,81.187
2016-07-05,71.238,70.730,69.290,65.117,81.339
2016-07-04,70.688,70.565,68.590,64.640,81.490
2016-07-01,70.706,71.182,68.012,64.468,81.757
2016-06-30,70.510,71.760,67.458,64.336,81.924
2016-06-29,70.382,72.421,66.698,64.094,82.079
2016-06-28,70.222,72.095,65.693,63.561,82.212
2016-06-27,70.442,71.415,64.886,63.148,82.291
2016-06-24,71.658,70.793,64.214,65.428,82.381
2016-06-23,73.010,70.258,63.511,67.335,82.456
2016-06-22,74.460,69.113,62.962,69.292,82.421
2016-06-21,73.968,67.849,62.311,71.376,82.303
2016-06-20,72.388,66.614,61.678,73.130,82.193
2016-06-17,69.928,64.842,61.111,74.833,82.015
2016-06-16,67.506,63.155,60.624,76.175,81.757
2016-06-15,63.766,60.975,59.931,77.487,81.466
2016-06-14,61.730,59.291,59.294,78.882,81.320
2016-06-13,60.840,58.358,59.015,80.456,81.263
2016-06-08,59.756,57.635,62.746,81.667,81.143
2016-06-07,58.804,56.763,65.874,82.776,81.017
2016-06-06,58.184,56.810,69.381,84.125,81.091
2016-06-03,56.852,56.773,73.140,85.339,81.152
2016-06-02,55.876,56.742,76.388,86.374,81.289
2016-06-01,55.514,57.380,79.829,87.733,81.436
2016-05-31,54.722,58.092,82.684,89.155,81.596
2016-05-30,55.436,58.887,85.743,90.790,81.720
2016-05-27,56.694,59.297,88.677,92.283,81.888
2016-05-26,57.608,59.671,91.504,93.738,82.061
2016-05-25,59.246,67.856,93.683,94.801,82.188
2016-05-24,61.462,74.984,95.783,95.958,82.311
2016-05-23,62.338,81.952,97.782,96.814,82.375
2016-05-20,61.900,89.507,99.622,97.561,82.482
2016-05-19,61.734,96.033,101.190,98.340,82.567
2016-05-18,76.466,102.277,102.909,99.046,82.483
2016-05-17,88.506,107.277,104.687,99.513,82.331
2016-05-16,101.566,112.599,106.742,100.063,82.251
2016-05-13,117.114,118.058,108.776,100.863,82.203
2016-05-12,130.332,123.338,110.772,101.435,82.206
2016-05-11,128.088,119.511,108.273,99.335,80.820
2016-05-10,126.048,116.582,106.445,97.578,79.745
2016-05-09,123.632,113.612,104.245,95.550,78.657
2016-05-06,119.002,109.738,101.588,93.229,77.429
2016-05-05,116.344,106.347,99.493,91.257,76.495
2016-05-04,110.934,103.542,97.430,89.196,75.554
2016-05-03,107.116,102.097,95.630,87.340,74.767
2016-04-29,103.592,100.884,93.795,85.446,73.984
2016-04-28,100.474,99.495,92.265,83.757,73.255
2016-04-27,96.350,98.206,90.483,82.070,72.439
2016-04-26,96.150,97.035,89.247,80.619,71.805
2016-04-25,97.078,96.308,88.076,79.258,71.169
2016-04-22,98.176,94.878,86.519,78.058,70.551
2016-04-21,98.516,93.438,84.974,76.965,70.010
2016-04-20,100.062,92.639,83.711,76.205,69.687
2016-04-19,97.920,91.319,82.023,75.139,69.178
2016-04-18,95.538,89.164,79.961,74.036,68.729
2016-04-15,91.580,86.707,77.727,72.651,68.381
2016-04-14,88.360,85.036,75.888,71.494,68.237
2016-04-13,85.216,82.761,74.001,70.383,68.141
2016-04-12,84.718,81.459,72.411,69.576,68.183
2016-03-25,82.790,79.844,70.732,68.665,68.172
2016-03-24,81.834,78.161,69.647,67.937,68.226
2016-03-23,81.712,76.511,68.728,67.403,68.282
2016-03-22,80.306,74.784,67.988,66.795,68.304
2016-03-21,78.200,72.728,67.049,65.920,68.224
2016-03-18,76.898,70.759,66.472,65.150,68.333
2016-03-17,74.488,68.747,65.622,64.439,68.440
2016-03-16,71.310,66.741,64.722,63.543,68.499
2016-03-15,69.262,65.242,64.194,62.977,68.699
2016-03-14,67.256,63.363,63.634,62.306,68.841
2016-03-11,64.620,61.621,63.075,61.912,68.992
2016-03-10,63.006,61.134,62.825,61.764,69.301
2016-03-09,62.172,60.945,62.849,61.629,69.755
2016-03-08,61.222,61.192,62.801,61.733,70.148
2016-03-07,59.470,61.371,62.516,61.912,70.523
2016-03-04,58.622,62.185,62.346,62.193,70.883
2016-03-03,59.262,62.498,62.286,62.523,71.162
2016-03-02,59.718,62.704,61.944,62.753,71.295
2016-03-01,61.162,63.146,61.844,62.809,71.436
2016-02-29,63.272,63.905,61.777,62.992,71.718
2016-02-26,65.748,64.529,62.058,63.081,71.936
2016-02-25,65.734,64.516,62.079,63.044,72.074
2016-02-24,65.690,64.753,61.972,63.055,72.259
2016-02-23,65.130,64.410,62.004,63.169,72.329
2016-02-22,64.538,63.661,62.183,63.216,72.284
2016-02-19,63.310,62.507,62.198,63.422,72.293
2016-02-18,63.298,62.073,62.535,64.111,72.302
2016-02-17,63.816,61.184,62.778,64.981,72.202
2016-02-16,63.690,60.542,62.641,65.900,72.125
2016-02-15,62.784,59.649,62.535,66.791,72.098
2016-02-05,61.704,59.586,62.357,67.679,72.102
2016-02-04,60.848,59.641,62.308,68.515,72.146
2016-02-03,58.552,59.190,62.207,69.162,72.145
2016-02-02,57.394,59.598,62.549,69.812,72.177
2016-02-01,56.514,60.705,62.994,70.529,72.182
2016-01-29,57.468,61.888,63.879,71.516,72.164
2016-01-28,58.434,62.997,65.129,72.441,72.079
2016-01-27,59.828,64.371,66.880,73.455,72.077
2016-01-26,61.802,64.740,68.579,74.421,71.981
2016-01-25,64.896,65.421,70.362,75.376,71.896
2016-01-22,66.308,65.127,71.725,76.073,71.675
2016-01-21,67.560,64.975,72.952,76.839,71.449
2016-01-20,68.914,65.223,74.148,77.880,71.240
2016-01-19,67.678,65.499,74.919,78.562,70.919
2016-01-18,65.946,65.283,75.441,79.134,70.488
2016-01-15,63.946,65.870,76.330,79.573,70.046
2016-01-14,62.390,67.262,77.163,79.801,69.537
2016-01-13,61.532,69.389,77.996,79.837,69.023
2016-01-12,63.320,72.418,79.261,80.062,68.665
2016-01-11,64.620,75.303,80.353,80.445,68.304
2016-01-08,67.794,78.324,81.546,80.791,67.986
2016-01-07,72.134,80.929,82.771,81.104,67.603
2016-01-06,77.246,83.073,84.208,81.464,67.164
2016-01-05,81.516,84.340,85.094,81.489,66.617
2016-01-04,85.986,85.599,86.060,81.352,66.083
2015-12-31,88.854,86.790,86.424,81.165,65.460
2015-12-30,89.724,87.065,86.070,80.493,64.666
2015-12-29,88.900,86.604,85.061,79.424,63.776
2015-12-28,87.164,86.104,83.884,78.351,62.824
2015-12-25,85.212,85.403,83.016,77.406,61.882
2015-12-24,84.726,84.768,82.024,76.525,60.980
2015-12-23,84.406,84.613,81.191,75.777,60.089
2015-12-22,84.308,85.344,80.659,75.128,59.256
2015-12-21,85.044,85.848,80.064,74.542,58.456
2015-12-18,85.594,86.521,79.229,73.836,57.646
2015-12-17,84.810,86.059,78.353,72.812,56.759
2015-12-16,84.820,85.076,77.207,71.717,55.875
2015-12-15,86.380,83.519,75.833,70.700,54.983
2015-12-14,86.652,81.665,74.474,69.541,54.040
2015-12-11,87.448,80.630,73.407,68.417,53.095
2015-12-10,87.308,79.280,72.403,67.277,52.201
2015-12-09,85.332,77.770,71.359,66.059,51.309
2015-12-08,80.658,75.974,70.019,64.601,50.301
2015-12-07,76.678,74.280,68.888,63.276,49.368
2015-12-04,73.812,71.937,67.493,61.842,48.412
2015-12-03,71.252,70.647,66.188,60.520,47.527
2015-12-02,70.208,69.338,65.037,59.273,46.726
2015-12-01,71.290,68.148,64.290,58.209,46.051
2015-11-30,71.882,67.283,63.479,57.267,45.437
2015-11-27,70.062,66.184,62.310,56.164,44.755
2015-11-26,70.042,65.527,61.276,55.182,44.125
2015-11-25,68.468,64.948,60.204,54.102,43.422
2015-11-24,65.006,64.065,58.914,52.864,42.655
2015-11-23,62.684,63.497,57.774,51.746,41.991
2015-11-20,62.306,63.049,56.794,50.814,41.492
2015-11-19,61.012,61.729,55.456,49.754,40.981
2015-11-18,61.428,60.736,54.240,48.839,40.597
2015-11-17,63.124,60.433,53.239,48.129,40.288
2015-11-16,64.310,59.675,52.259,47.298,40.005
2015-11-13,63.792,58.437,51.153,46.358,39.660
2015-11-12,62.446,57.025,50.009,45.435,39.342
2015-11-11,60.044,55.460,48.679,44.402,38.977
2015-11-10,57.742,53.764,47.263,43.385,38.560
2015-11-09,55.040,52.052,45.870,42.371,38.078
2015-11-06,53.082,50.540,44.696,41.456,37.658
2015-11-05,51.604,49.184,43.766,40.707,37.281
2015-11-04,50.876,47.744,42.891,40.033,37.009
2015-11-03,49.786,46.045,41.977,39.267,36.714
2015-11-02,49.064,44.844,41.109,38.540,36.451
2015-10-30,47.998,43.870,40.319,37.773,36.182
2015-10-29,46.764,42.994,39.641,37.125,35.948
2015-10-28,44.612,41.898,38.873,36.560,35.765
2015-10-27,42.304,40.763,38.195,36.001,35.616
2015-10-26,40.624,39.688,37.531,35.461,35.435
2015-10-23,39.742,38.853,36.914,34.983,35.301
2015-10-22,39.224,38.349,36.469,34.535,35.206
2015-10-21,39.184,38.038,36.178,34.180,35.184
2015-10-20,39.222,37.908,35.878,33.894,35.156
2015-10-19,38.752,37.374,35.388,33.607,35.078
2015-10-16,37.964,36.768,34.724,33.346,35.055
2015-10-15,37.474,36.287,34.191,33.067,35.025
2015-10-14,36.892,35.847,33.891,32.742,34.962
2015-10-13,36.594,35.627,33.621,32.447,34.863
2015-10-12,35.996,35.374,33.347,32.236,34.706
2015-10-09,35.572,34.975,33.048,32.171,34.564
2015-10-08,35.100,34.588,32.628,32.207,34.470
2015-10-07,34.802,34.317,32.251,32.354,34.360
2015-09-30,34.660,33.848,31.887,32.448,34.296
2015-09-29,34.752,33.401,31.724,32.713,34.306
2015-09-28,34.378,32.680,31.635,32.961,34.382
2015-09-25,34.076,32.094,31.457,33.250,34.424
2015-09-24,33.832,31.934,31.190,33.552,34.552
2015-09-23,33.036,31.614,30.857,33.735,34.737
2015-09-22,32.050,31.320,30.667,33.786,34.973
2015-09-21,30.982,31.121,30.769,33.861,35.241
2015-09-18,30.112,30.668,31.017,33.856,35.489
2015-09-17,30.036,30.185,31.373,33.985,35.820
2015-09-16,30.192,29.925,31.748,34.161,36.182
2015-09-15,30.590,30.046,32.370,34.362,36.527
2015-09-14,31.260,30.589,33.102,34.591,36.970
2015-09-11,31.224,30.821,33.828,34.771,37.434
2015-09-10,30.334,30.446,34.361,34.971,37.840
2015-09-09,29.658,30.100,34.796,35.231,38.226
2015-09-08,29.502,30.013,35.019,35.409,38.571
2015-09-07,29.918,30.416,35.231,35.619,38.949
2015-09-02,30.418,31.366,35.450,35.877,39.430
2015-09-01,30.558,32.561,35.885,36.189,39.939
2015-08-31,30.542,33.571,36.279,36.418,40.349
2015-08-28,30.524,34.693,36.520,36.550,40.756
2015-08-27,30.914,35.614,36.593,36.765,41.140
2015-08-26,32.314,36.834,36.747,36.983,41.520
2015-08-25,34.564,38.277,37.234,37.181,41.904
2015-08-24,36.600,39.492,37.797,37.278,42.312
2015-08-21,38.862,40.024,38.108,37.176,42.588
2015-08-20,40.314,40.046,38.221,36.957,42.791
2015-08-19,41.354,39.534,38.133,36.732,42.953
2015-08-18,41.990,39.209,38.003,36.366,43.033
2015-08-17,42.384,38.987,37.841,36.145,43.149
2015-08-14,41.186,38.347,37.479,35.899,43.205
2015-08-13,39.778,37.571,37.341,35.803,43.239
2015-08-12,37.714,36.659,37.058,35.598,43.232
2015-08-11,36.428,36.191,36.633,35.551,43.218
2015-08-05,35.590,36.102,36.172,35.738,43.226
2015-08-04,35.508,36.191,35.752,36.161,43.289
2015-08-03,35.364,36.395,35.412,36.621,43.349
2015-07-31,35.604,36.732,35.331,37.123,43.421
2015-07-30,35.954,36.797,34.944,37.655,43.501
2015-07-29,36.614,36.695,34.724,38.203,43.617
2015-07-28,36.874,36.610,34.675,38.693,43.714
2015-07-27,37.426,37.111,34.919,39.349,43.844
2015-07-24,37.860,37.456,35.067,40.097,43.983
2015-07-23,37.640,37.075,35.231,40.708,44.049
2015-07-22,36.776,36.241,35.556,41.222,44.127
2015-07-21,36.346,35.313,36.146,41.732,44.247
2015-07-20,36.796,34.429,36.734,42.279,44.369
2015-07-17,37.052,33.931,37.319,42.983,44.493
2015-07-16,36.510,33.091,38.084,43.690,44.591
2015-07-15,35.706,32.752,38.957,44.281,44.694
2015-07-14,34.280,32.740,39.734,44.962,44.832
2015-07-13,32.062,32.727,40.468,45.516,44.923
2015-07-10,30.810,32.678,41.417,46.057,45.051
2015-07-09,29.672,33.388,42.525,46.627,45.278
2015-07-08,29.798,34.872,43.712,47.346,45.539
2015-07-07,31.200,36.980,44.941,47.999,45.803
2015-07-06,33.392,39.039,46.204,48.625,46.027
2015-07-03,34.546,40.706,47.509,49.173,46.217
2015-07-02,37.104,43.076,48.989,49.700,46.489
2015-07-01,39.946,45.163,50.045,50.154,46.683
2015-06-30,42.760,46.728,51.073,50.511,46.815
2015-06-29,44.686,48.210,51.910,50.675,46.876
2015-06-26,46.866,50.156,52.746,50.866,46.919
2015-06-25,49.048,51.662,53.247,50.886,46.900
2015-06-24,50.380,52.552,53.583,50.714,46.788
2015-06-23,50.696,52.903,53.509,50.416,46.613
2015-06-19,51.734,53.369,53.418,50.077,46.463
2015-06-18,53.446,54.313,53.406,49.719,46.336
2015-06-17,54.276,54.903,53.011,49.347,46.150
2015-06-16,54.724,54.927,52.649,49.031,45.960
2015-06-15,55.110,55.419,52.402,48.735,45.786
2015-06-12,55.004,55.610,51.908,48.338,45.581
2015-06-11,55.180,55.337,51.220,47.870,45.341
2015-06-10,55.530,54.832,50.497,47.389,45.041
2015-06-09,55.130,54.614,49.795,47.032,44.754
2015-06-08,55.728,54.115,49.172,46.762,44.486
2015-06-05,56.216,53.467,48.431,46.459,44.223
2015-06-04,55.494,52.500,47.422,46.003,43.909
2015-06-03,54.134,51.120,46.568,45.492,43.581
2015-06-02,54.098,50.372,46.083,45.107,43.356
2015-06-01,52.502,49.386,45.393,44.702,43.123
2015-05-29,50.718,48.206,44.702,44.331,42.848
2015-05-28,49.506,47.104,44.136,44.045,42.608
2015-05-27,48.106,46.163,43.667,43.929,42.425
2015-05-25,46.646,44.976,43.241,43.732,42.222
2015-05-22,46.270,44.230,43.085,43.607,42.084
2015-05-21,45.694,43.395,42.955,43.428,41.969
2015-05-20,44.702,42.344,42.754,43.261,41.881
2015-05-19,44.220,42.017,42.678,43.277,41.842
2015-05-18,43.306,41.795,42.474,43.211,41.753
2015-05-15,42.190,41.400,42.360,43.120,41.605
2015-05-14,41.096,41.198,42.393,43.077,41.460
2015-05-13,39.986,41.168,42.516,42.972,41.334
2015-05-12,39.814,41.172,42.812,42.913,41.213
2015-05-11,40.284,41.507,43.109,42.862,41.117
2015-05-08,40.610,41.941,43.295,42.810,41.037
2015-05-07,41.300,42.515,43.444,42.850,40.995
2015-05-06,42.350,43.165,43.719,42.952,40.960
2015-05-05,42.530,43.339,43.907,42.952,40.808
2015-05-04,42.730,43.154,43.919,42.888,40.619
2015-04-30,43.272,43.320,43.979,42.838,40.447
2015-04-29,43.730,43.589,44.016,42.823,40.294
2015-04-28,43.980,43.864,43.873,42.812,40.148
2015-04-27,44.148,44.452,43.784,42.693,40.010
2015-04-24,43.578,44.712,43.539,42.476,39.833
2015-04-23,43.368,44.650,43.244,42.211,39.640
2015-04-22,43.448,44.374,43.017,41.987,39.466
2015-04-21,43.748,44.274,42.845,41.815,39.293
2015-04-20,44.756,44.476,42.759,41.670,39.130
2015-04-17,45.846,44.684,42.754,41.604,38.971
2015-04-16,45.932,44.639,42.596,41.543,38.782
2015-04-15,45.300,44.443,42.440,41.366,38.572
2015-04-14,44.800,43.883,42.286,41.171,38.361
2015-04-13,44.196,43.116,41.814,40.920,38.121
2015-04-10,43.522,42.366,41.357,40.713,37.887
2015-04-09,43.346,41.838,40.991,40.560,37.687
2015-04-08,43.586,41.660,40.793,40.510,37.526
2015-04-07,42.966,41.417,40.586,40.501,37.349
2015-04-03,42.036,41.042,40.266,40.407,37.148
2015-04-02,41.210,40.825,40.064,40.294,36.974
2015-04-01,40.330,40.554,39.995,40.090,36.779
2015-03-31,39.734,40.438,39.827,39.842,36.564
2015-03-30,39.868,40.690,39.814,39.696,36.404
2015-03-27,40.048,40.512,39.822,39.513,36.258
2015-03-26,40.440,40.349,39.886,39.373,36.131
2015-03-25,40.778,40.144,39.921,39.265,36.006
2015-03-24,41.142,39.927,39.934,39.140,35.844
2015-03-23,41.512,39.755,40.042,38.967,35.671
2015-03-20,40.976,39.491,40.089,38.664,35.543
2015-03-19,40.258,39.304,40.029,38.350,35.430
2015-03-18,39.510,39.437,39.857,38.056,35.343
2015-03-17,38.712,39.216,39.544,37.766,35.223
2015-03-16,37.998,38.939,39.199,37.485,35.105
2015-03-13,38.006,39.133,39.013,37.327,35.029
2015-03-12,38.350,39.424,38.885,37.191,34.968
2015-03-11,39.364,39.699,38.825,37.070,34.920
2015-03-10,39.720,39.942,38.747,36.946,34.843
2015-03-09,39.880,40.330,38.573,36.771,34.782
2015-03-06,40.260,40.688,38.250,36.591,34.749
2015-03-05,40.498,40.754,37.873,36.338,34.735
2015-03-04,40.034,40.278,37.366,36.021,34.669
2015-03-03,40.164,39.873,37.040,35.778,34.639
2015-03-02,40.780,39.459,36.757,35.551,34.598
2015-02-27,41.116,38.894,36.424,35.321,34.561
2015-02-26,41.010,38.346,36.075,35.060,34.538
2015-02-25,40.522,37.951,35.755,34.815,34.527
2015-02-24,39.582,37.552,35.448,34.542,34.505
2015-02-17,38.138,36.816,34.991,34.197,34.439
2015-02-16,36.672,35.813,34.543,33.890,34.380
2015-02-13,35.682,34.993,34.131,33.654,34.337
2015-02-12,35.380,34.454,33.893,33.469,34.346
2015-02-11,35.522,34.208,33.730,33.286,34.381
2015-02-10,35.494,34.056,33.597,33.112,34.412
2015-02-09,34.954,33.954,33.535,33.003,34.444
2015-02-06,34.304,33.804,33.418,32.890,34.472
2015-02-05,33.528,33.560,33.247,32.748,34.529
2015-02-04,32.894,33.343,33.037,32.547,34.552
2015-02-03,32.618,33.166,32.888,32.376,34.629
2015-02-02,32.954,33.273,32.929,32.422,34.753
2015-01-30,33.304,33.268,32.985,32.510,34.901
2015-01-29,33.592,33.332,32.977,32.630,35.007
2015-01-28,33.792,33.252,32.825,32.680,35.100
2015-01-27,33.714,33.137,32.641,32.726,35.189
2015-01-26,33.592,33.116,32.527,32.731,35.268
2015-01-23,33.232,33.031,32.433,32.744,35.328
2015-01-22,33.072,32.933,32.343,32.771,35.405
2015-01-21,32.712,32.731,32.150,32.740,35.461
2015-01-20,32.560,32.609,31.981,32.793,35.503
2015-01-19,32.640,32.584,31.997,32.908,35.548
2015-01-16,32.830,32.702,32.132,33.131,35.617
2015-01-15,32.794,32.621,32.279,33.318,35.709
2015-01-14,32.750,32.398,32.395,33.501,35.853
2015-01-13,32.658,32.144,32.520,33.645,35.989
2015-01-12,32.528,31.938,32.539,33.800,36.104
2015-01-09,32.574,31.834,32.601,34.017,36.208
2015-01-08,32.448,31.752,32.690,34.239,36.323
2015-01-07,32.046,31.568,32.745,34.468,36.450
2015-01-06,31.630,31.352,32.886,34.681,36.580
2015-01-05,31.348,31.409,33.070,34.869,36.711
2014-12-31,31.094,31.561,33.346,35.019,36.853
2014-12-30,31.056,31.937,33.666,35.224,37.010
2014-12-29,31.090,32.391,34.053,35.475,37.206
2014-12-26,31.074,32.896,34.395,35.713,37.350
2014-12-25,31.470,33.140,34.732,35.886,37.442
2014-12-24,32.028,33.368,35.108,36.055,37.543
2014-12-23,32.818,33.627,35.482,36.309,37.653
2014-12-22,33.692,33.921,35.918,36.558,37.775
2014-12-19,34.718,34.419,36.346,36.882,37.877
2014-12-18,34.810,34.730,36.600,37.083,37.906
2014-12-17,34.708,35.130,36.748,37.292,37.904
2014-12-16,34.436,35.395,36.867,37.385,37.890
2014-12-15,34.150,35.714,37.018,37.520,37.870
2014-12-12,34.120,35.894,37.121,37.652,37.850
2014-12-11,34.650,36.323,37.259,37.805,37.852
2014-12-10,35.552,36.848,37.399,37.912,37.867
2014-12-09,36.354,37.337,37.650,38.040,37.886
2014-12-08,37.278,37.915,37.876,38.181,37.921
2014-12-05,37.668,38.272,38.114,38.212,37.947
2014-12-04,37.996,38.469,38.260,38.189,37.934
2014-12-03,38.144,38.366,38.373,38.103,37.845
2014-12-02,38.320,38.339,38.380,38.100,37.759
2014-12-01,38.552,38.321,38.424,38.205,37.694
2014-11-28,38.876,38.348,38.531,38.333,37.646
2014-11-27,38.942,38.194,38.547,38.408,37.596
2014-11-26,38.588,37.949,38.445,38.400,37.475
2014-11-25,38.358,37.963,38.392,38.408,37.327
2014-11-24,38.090,37.837,38.315,38.431,37.175
2014-11-21,37.820,37.955,38.182,38.479,37.025
2014-11-20,37.446,38.051,38.049,38.553,36.870
2014-11-19,37.310,38.379,37.972,38.687,36.730
2014-11-18,37.568,38.421,37.980,38.796,36.605
2014-11-17,37.584,38.526,38.147,38.936,36.477
2014-11-14,38.090,38.714,38.326,38.987,36.357
2014-11-13,38.656,38.899,38.516,38.998,36.245
2014-11-12,39.448,38.940,38.625,39.031,36.116
2014-11-11,39.274,38.821,38.630,38.997,35.946
2014-11-10,39.468,38.792,38.729,38.992,35.815
2014-11-07,39.338,38.409,38.742,38.873,35.662
2014-11-06,39.142,38.047,38.805,38.729,35.486
2014-11-05,38.432,37.565,38.842,38.517,35.303
2014-11-04,38.368,37.539,38.983,38.395,35.170
2014-11-03,38.116,37.767,39.141,38.219,35.055
2014-10-31,37.480,37.937,39.124,38.048,34.913
2014-10-30,36.952,38.132,39.048,37.899,34.797
2014-10-29,36.698,38.310,39.077,37.821,34.683
2014-10-28,36.710,38.439,39.086,37.732,34.556
2014-10-27,37.418,38.665,39.092,37.661,34.444
2014-10-24,38.394,39.074,39.105,37.682,34.383
2014-10-23,39.312,39.562,39.070,37.680,34.312
2014-10-22,39.922,40.118,38.993,37.587,34.253
2014-10-21,40.168,40.427,38.823,37.419,34.182
2014-10-20,39.912,40.515,38.445,37.183,34.009
2014-10-17,39.754,40.310,38.104,36.958,-1
2014-10-16,39.812,39.963,37.783,36.783,-1
2014-10-15,40.314,39.843,37.577,36.550,-1
2014-10-14,40.686,39.732,37.378,36.247,-1
2014-10-13,41.118,39.519,37.159,35.918,-1
2014-10-10,40.866,39.135,36.986,35.571,-1
2014-10-09,40.114,38.578,36.739,35.187,-1
2014-10-08,39.372,37.868,36.322,34.774,-1
2014-09-30,38.778,37.219,35.915,34.414,-1
2014-09-10,37.920,36.375,35.517,34.018,-1
2014-09-09,37.404,35.898,35.283,33.727,-1
2014-09-05,37.042,35.602,35.194,33.493,-1
2014-09-04,36.364,35.310,34.904,33.202,-1
2014-09-03,35.660,35.024,34.504,32.894,-1
2014-09-02,34.830,34.798,34.118,32.639,-1
2014-09-01,34.392,34.836,33.789,32.451,-1
2014-08-29,34.162,34.899,33.491,32.244,-1
2014-08-28,34.256,34.775,33.227,32.090,-1
2014-08-27,34.388,34.610,33.011,31.946,-1
2014-08-26,34.766,34.658,32.840,31.891,-1
2014-08-25,35.280,34.667,32.642,31.778,-1
2014-08-22,35.636,34.785,32.438,31.695,-1
2014-08-21,35.294,34.498,32.148,31.544,-1
2014-08-20,34.832,33.984,31.829,31.381,-1
2014-08-19,34.550,33.438,31.559,31.227,-1
2014-08-18,34.054,32.743,31.259,31.085,-1
2014-08-15,33.934,32.083,30.916,30.945,-1
2014-08-14,33.702,31.678,30.747,30.920,-1
2014-08-13,33.136,31.412,30.613,30.945,-1
2014-08-12,32.326,31.022,30.507,30.836,-1
2014-08-11,31.432,30.617,30.333,-1,-1
2014-08-08,30.232,30.092,30.150,-1,-1
2014-08-07,29.654,29.798,30.067,-1,-1
2014-08-06,29.688,29.675,30.079,-1,-1
2014-08-05,29.718,29.680,30.122,-1,-1
2014-08-04,29.802,29.775,30.256,-1,-1
2014-08-01,29.952,29.750,30.376,-1,-1
2014-07-31,29.942,29.817,30.541,-1,-1
2014-07-30,29.662,29.815,30.711,-1,-1
2014-07-29,29.642,29.993,30.742,-1,-1
2014-07-28,29.748,30.049,-1,-1,-1
2014-07-25,29.548,30.209,-1,-1,-1
2014-07-24,29.692,30.337,-1,-1,-1
2014-07-23,29.968,30.484,-1,-1,-1
2014-07-22,30.344,30.564,-1,-1,-1
2014-07-21,30.350,30.738,-1,-1,-1
2014-07-18,30.870,31.002,-1,-1,-1
2014-07-17,30.982,31.265,-1,-1,-1
2014-07-16,31.000,31.607,-1,-1,-1
2014-07-15,30.784,31.492,-1,-1,-1
2014-07-14,31.126,-1,-1,-1,-1
2014-07-11,31.134,-1,-1,-1,-1
2014-07-10,31.548,-1,-1,-1,-1
2014-07-09,32.214,-1,-1,-1,-1
2014-07-08,32.200,-1,-1,-1,-1
2014-07-07,-1,-1,-1,-1,-1
2014-07-04,-1,-1,-1,-1,-1
2014-07-03,-1,-1,-1,-1,-1
2014-07-02,-1,-1,-1,-1,-1
