Not
2017-01-06@15:00:00,-0.209,-0.074,-0.135
2017-01-06@14:30:00,-0.161,-0.040,-0.121
2017-01-06@14:00:00,-0.110,-0.010,-0.100
2017-01-06@13:30:00,-0.058,0.015,-0.073
2017-01-06@11:30:00,-0.018,0.034,-0.052
2017-01-06@11:00:00,0.013,0.047,-0.034
2017-01-06@10:30:00,0.034,0.055,-0.021
2017-01-06@10:00:00,0.082,0.060,0.022
2017-01-05@15:00:00,0.106,0.055,0.051
2017-01-05@14:30:00,0.102,0.042,0.059
2017-01-05@14:00:00,0.090,0.027,0.062
2017-01-05@13:30:00,0.077,0.012,0.065
2017-01-05@11:30:00,0.063,-0.005,0.068
2017-01-05@11:00:00,0.032,-0.021,0.053
2017-01-05@10:30:00,0.036,-0.035,0.070
2017-01-05@10:00:00,0.041,-0.052,0.093
2017-01-04@15:00:00,0.052,-0.075,0.127
2017-01-04@14:30:00,0.013,-0.107,0.120
2017-01-04@14:00:00,-0.033,-0.137,0.104
2017-01-04@13:30:00,-0.071,-0.163,0.093
2017-01-04@11:30:00,-0.118,-0.187,0.068
2017-01-04@11:00:00,-0.167,-0.204,0.036
2017-01-04@10:30:00,-0.197,-0.213,0.016
2017-01-04@10:00:00,-0.203,-0.217,0.014
2017-01-03@15:00:00,-0.198,-0.220,0.022
2017-01-03@14:30:00,-0.220,-0.226,0.006
2017-01-03@14:00:00,-0.229,-0.227,-0.001
2017-01-03@13:30:00,-0.237,-0.227,-0.011
2017-01-03@11:30:00,-0.243,-0.224,-0.019
2017-01-03@11:00:00,-0.247,-0.219,-0.028
2017-01-03@10:30:00,-0.262,-0.212,-0.049
2017-01-03@10:00:00,-0.299,-0.200,-0.099
2016-12-30@15:00:00,-0.302,-0.175,-0.127
2016-12-30@14:30:00,-0.290,-0.144,-0.146
2016-12-30@14:00:00,-0.264,-0.107,-0.156
2016-12-30@13:30:00,-0.247,-0.068,-0.179
2016-12-30@11:30:00,-0.206,-0.023,-0.182
2016-12-30@11:00:00,-0.142,0.022,-0.164
2016-12-30@10:30:00,-0.079,0.063,-0.142
2016-12-30@10:00:00,-0.007,0.099,-0.106
2016-12-29@15:00:00,0.038,0.125,-0.087
2016-12-29@14:30:00,0.084,0.147,-0.063
2016-12-29@14:00:00,0.105,0.163,-0.058
2016-12-29@13:30:00,0.122,0.177,-0.055
2016-12-29@11:30:00,0.138,0.191,-0.053
2016-12-29@11:00:00,0.146,0.204,-0.059
2016-12-29@10:30:00,0.169,0.219,-0.050
2016-12-29@10:00:00,0.200,0.232,-0.032
2016-12-28@15:00:00,0.219,0.240,-0.021
2016-12-28@14:30:00,0.252,0.245,0.008
2016-12-28@14:00:00,0.268,0.243,0.025
2016-12-28@13:30:00,0.290,0.237,0.053
2016-12-28@11:30:00,0.314,0.223,0.091
2016-12-28@11:00:00,0.312,0.201,0.112
2016-12-28@10:30:00,0.303,0.173,0.130
2016-12-28@10:00:00,0.283,0.140,0.143
2016-12-27@15:00:00,0.277,0.104,0.173
2016-12-27@14:30:00,0.223,0.061,0.161
2016-12-27@14:00:00,0.198,0.021,0.177
2016-12-27@13:30:00,0.174,-0.023,0.197
2016-12-27@11:30:00,0.121,-0.073,0.194
2016-12-27@11:00:00,0.014,-0.121,0.135
2016-12-27@10:30:00,-0.152,-0.155,0.003
2016-12-27@10:00:00,-0.170,-0.156,-0.015
2016-12-26@15:00:00,-0.203,-0.152,-0.051
2016-12-26@14:30:00,-0.246,-0.139,-0.107
2016-12-26@14:00:00,-0.289,-0.113,-0.177
2016-12-26@13:30:00,-0.290,-0.068,-0.222
2016-12-26@11:30:00,-0.262,-0.013,-0.250
2016-12-26@11:00:00,-0.203,0.049,-0.252
2016-12-26@10:30:00,-0.102,0.113,-0.214
2016-12-26@10:00:00,0.030,0.166,-0.136
2016-12-23@15:00:00,0.202,0.200,0.002
2016-12-23@14:30:00,0.252,0.200,0.053
2016-12-23@14:00:00,0.268,0.186,0.081
2016-12-23@13:30:00,0.294,0.166,0.128
2016-12-23@11:30:00,0.299,0.134,0.165
2016-12-23@11:00:00,0.266,0.093,0.173
2016-12-23@10:30:00,0.203,0.050,0.153
2016-12-23@10:00:00,0.135,0.011,0.123
2016-12-22@15:00:00,0.003,-0.019,0.023
2016-12-22@14:30:00,0.010,-0.025,0.035
2016-12-22@14:00:00,-0.005,-0.034,0.028
2016-12-22@13:30:00,-0.021,-0.041,0.020
2016-12-22@11:30:00,-0.031,-0.046,0.015
2016-12-22@11:00:00,-0.036,-0.050,0.014
2016-12-22@10:30:00,-0.025,-0.053,0.028
2016-12-22@10:00:00,-0.001,-0.060,0.060
2016-12-21@15:00:00,0.006,-0.075,0.081
2016-12-21@14:30:00,-0.031,-0.096,0.065
2016-12-21@14:00:00,-0.039,-0.112,0.073
2016-12-21@13:30:00,-0.050,-0.130,0.080
2016-12-21@11:30:00,-0.065,-0.150,0.086
2016-12-21@11:00:00,-0.082,-0.172,0.090
2016-12-21@10:30:00,-0.101,-0.194,0.093
2016-12-21@10:00:00,-0.140,-0.217,0.077
2016-12-20@15:00:00,-0.198,-0.236,0.038
2016-12-20@14:30:00,-0.215,-0.246,0.031
2016-12-20@14:00:00,-0.219,-0.253,0.035
2016-12-20@13:30:00,-0.230,-0.262,0.032
2016-12-20@11:30:00,-0.238,-0.270,0.032
2016-12-20@11:00:00,-0.263,-0.278,0.015
2016-12-20@10:30:00,-0.284,-0.282,-0.002
2016-12-20@10:00:00,-0.288,-0.282,-0.006
2016-12-19@15:00:00,-0.243,-0.280,0.037
2016-12-19@14:30:00,-0.238,-0.289,0.051
2016-12-19@14:00:00,-0.235,-0.302,0.067
2016-12-19@13:30:00,-0.227,-0.319,0.092
2016-12-19@11:30:00,-0.240,-0.342,0.102
2016-12-19@11:00:00,-0.272,-0.368,0.096
2016-12-19@10:30:00,-0.249,-0.391,0.143
2016-12-19@10:00:00,-0.244,-0.427,0.183
2016-12-16@15:00:00,-0.270,-0.473,0.203
2016-12-16@14:30:00,-0.298,-0.524,0.226
2016-12-16@14:00:00,-0.338,-0.580,0.243
2016-12-16@13:30:00,-0.383,-0.641,0.258
2016-12-16@11:30:00,-0.434,-0.705,0.271
2016-12-16@11:00:00,-0.493,-0.773,0.280
2016-12-16@10:30:00,-0.561,-0.843,0.282
2016-12-16@10:00:00,-0.649,-0.914,0.265
2016-12-15@15:00:00,-0.702,-0.980,0.278
2016-12-15@14:30:00,-0.769,-1.050,0.280
2016-12-15@14:00:00,-0.837,-1.120,0.283
2016-12-15@13:30:00,-0.901,-1.190,0.289
2016-12-15@11:30:00,-0.973,-1.263,0.290
2016-12-15@11:00:00,-1.067,-1.335,0.268
2016-12-15@10:30:00,-1.188,-1.402,0.214
2016-12-15@10:00:00,-1.294,-1.455,0.162
2016-12-14@15:00:00,-1.360,-1.496,0.136
2016-12-14@14:30:00,-1.377,-1.530,0.153
2016-12-14@14:00:00,-1.418,-1.568,0.150
2016-12-14@13:30:00,-1.502,-1.606,0.103
2016-12-14@11:30:00,-1.570,-1.631,0.061
2016-12-14@11:00:00,-1.640,-1.647,0.006
2016-12-14@10:30:00,-1.664,-1.648,-0.016
2016-12-14@10:00:00,-1.681,-1.644,-0.037
2016-12-13@15:00:00,-1.745,-1.635,-0.110
2016-12-13@14:30:00,-1.786,-1.607,-0.179
2016-12-13@14:00:00,-1.834,-1.563,-0.271
2016-12-13@13:30:00,-1.867,-1.495,-0.372
2016-12-13@11:30:00,-1.874,-1.402,-0.472
2016-12-13@11:00:00,-1.821,-1.284,-0.537
2016-12-13@10:30:00,-1.720,-1.149,-0.571
2016-12-13@10:00:00,-1.593,-1.007,-0.587
2016-12-12@15:00:00,-1.379,-0.860,-0.519
2016-12-12@14:30:00,-1.217,-0.730,-0.486
2016-12-12@14:00:00,-1.057,-0.609,-0.448
2016-12-12@13:30:00,-0.839,-0.497,-0.342
2016-12-12@11:30:00,-0.685,-0.411,-0.273
2016-12-12@11:00:00,-0.480,-0.343,-0.137
2016-12-12@10:30:00,-0.424,-0.309,-0.115
2016-12-12@10:00:00,-0.334,-0.280,-0.053
2016-12-09@15:00:00,-0.255,-0.267,0.012
2016-12-09@14:30:00,-0.243,-0.270,0.027
2016-12-09@14:00:00,-0.241,-0.276,0.036
2016-12-09@13:30:00,-0.250,-0.285,0.035
2016-12-09@11:30:00,-0.270,-0.294,0.025
2016-12-09@11:00:00,-0.302,-0.300,-0.001
2016-12-09@10:30:00,-0.292,-0.300,0.007
2016-12-09@10:00:00,-0.277,-0.302,0.024
2016-12-08@15:00:00,-0.265,-0.308,0.043
2016-12-08@14:30:00,-0.242,-0.318,0.076
2016-12-08@14:00:00,-0.247,-0.338,0.090
2016-12-08@13:30:00,-0.268,-0.360,0.092
2016-12-08@11:30:00,-0.269,-0.383,0.114
2016-12-08@11:00:00,-0.284,-0.412,0.128
2016-12-08@10:30:00,-0.297,-0.443,0.147
2016-12-08@10:00:00,-0.306,-0.480,0.174
2016-12-07@15:00:00,-0.330,-0.523,0.194
2016-12-07@14:30:00,-0.395,-0.572,0.177
2016-12-07@14:00:00,-0.470,-0.616,0.147
2016-12-07@13:30:00,-0.517,-0.653,0.136
2016-12-07@11:30:00,-0.569,-0.687,0.118
2016-12-07@11:00:00,-0.629,-0.716,0.088
2016-12-07@10:30:00,-0.677,-0.738,0.062
2016-12-07@10:00:00,-0.699,-0.754,0.055
2016-12-06@15:00:00,-0.730,-0.767,0.037
2016-12-06@14:30:00,-0.744,-0.777,0.033
2016-12-06@14:00:00,-0.762,-0.785,0.023
2016-12-06@13:30:00,-0.801,-0.791,-0.010
2016-12-06@11:30:00,-0.844,-0.788,-0.056
2016-12-06@11:00:00,-0.881,-0.774,-0.106
2016-12-06@10:30:00,-0.885,-0.748,-0.137
2016-12-06@10:00:00,-0.894,-0.713,-0.180
2016-12-05@15:00:00,-0.917,-0.668,-0.248
2016-12-05@14:30:00,-0.899,-0.606,-0.293
2016-12-05@14:00:00,-0.864,-0.533,-0.331
2016-12-05@13:30:00,-0.841,-0.450,-0.391
2016-12-05@11:30:00,-0.809,-0.352,-0.456
2016-12-05@11:00:00,-0.761,-0.238,-0.523
2016-12-05@10:30:00,-0.677,-0.108,-0.569
2016-12-05@10:00:00,-0.530,0.035,-0.565
2016-12-02@15:00:00,-0.330,0.176,-0.506
2016-12-02@14:30:00,-0.137,0.302,-0.439
2016-12-02@14:00:00,0.025,0.412,-0.387
2016-12-02@13:30:00,0.173,0.509,-0.336
2016-12-02@11:30:00,0.324,0.593,-0.269
2016-12-02@11:00:00,0.493,0.660,-0.168
2016-12-02@10:30:00,0.554,0.702,-0.149
2016-12-02@10:00:00,0.614,0.740,-0.126
2016-12-01@15:00:00,0.655,0.771,-0.116
2016-12-01@14:30:00,0.689,0.800,-0.111
2016-12-01@14:00:00,0.714,0.828,-0.114
2016-12-01@13:30:00,0.742,0.856,-0.115
2016-12-01@11:30:00,0.783,0.885,-0.102
2016-12-01@11:00:00,0.826,0.910,-0.085
2016-12-01@10:30:00,0.884,0.932,-0.048
2016-12-01@10:00:00,0.941,0.943,-0.003
2016-11-30@15:00:00,0.983,0.944,0.039
2016-11-30@14:30:00,1.017,0.934,0.082
2016-11-30@14:00:00,1.061,0.914,0.148
2016-11-30@13:30:00,1.082,0.877,0.206
2016-11-30@11:30:00,1.098,0.826,0.272
2016-11-30@11:00:00,1.091,0.757,0.333
2016-11-30@10:30:00,1.047,0.674,0.373
2016-11-30@10:00:00,0.953,0.581,0.372
2016-10-13@15:00:00,0.842,0.488,0.355
2016-10-13@14:30:00,0.717,0.399,0.318
2016-10-13@14:00:00,0.519,0.320,0.200
2016-10-13@13:30:00,0.203,0.270,-0.067
2016-10-13@11:30:00,0.225,0.286,-0.061
2016-10-13@11:00:00,0.247,0.302,-0.055
2016-10-13@10:30:00,0.268,0.315,-0.048
2016-10-13@10:00:00,0.295,0.327,-0.033
2016-10-12@14:30:00,0.301,0.336,-0.035
2016-10-12@14:00:00,0.293,0.344,-0.052
2016-10-12@13:30:00,0.317,0.357,-0.040
2016-10-12@11:30:00,0.336,0.367,-0.031
2016-10-12@11:00:00,0.342,0.375,-0.033
2016-10-12@10:30:00,0.347,0.383,-0.037
2016-10-12@10:00:00,0.347,0.393,-0.045
2016-10-11@15:00:00,0.385,0.404,-0.018
2016-10-11@14:30:00,0.399,0.408,-0.009
2016-10-11@14:00:00,0.419,0.411,0.008
2016-10-11@13:30:00,0.447,0.409,0.038
2016-10-11@11:30:00,0.473,0.399,0.073
2016-10-11@11:00:00,0.485,0.381,0.104
2016-10-11@10:30:00,0.497,0.355,0.142
2016-10-11@10:00:00,0.502,0.319,0.183
2016-10-10@15:00:00,0.482,0.274,0.209
2016-10-10@14:30:00,0.450,0.221,0.228
2016-10-10@14:00:00,0.403,0.164,0.239
2016-10-10@13:30:00,0.326,0.105,0.221
2016-10-10@11:30:00,0.269,0.049,0.220
2016-10-10@11:00:00,0.177,-0.006,0.183
2016-10-10@10:30:00,0.069,-0.052,0.121
2016-10-10@10:00:00,0.007,-0.082,0.089
2016-09-30@15:00:00,-0.047,-0.104,0.057
2016-09-30@14:30:00,-0.070,-0.118,0.048
2016-09-30@14:00:00,-0.094,-0.130,0.037
2016-09-30@13:30:00,-0.110,-0.139,0.030
2016-09-30@11:30:00,-0.120,-0.147,0.027
2016-09-30@11:00:00,-0.126,-0.154,0.027
2016-09-30@10:30:00,-0.128,-0.160,0.033
2016-09-30@10:00:00,-0.135,-0.169,0.033
2016-09-29@15:00:00,-0.152,-0.177,0.025
2016-09-29@14:30:00,-0.135,-0.183,0.048
2016-09-29@14:00:00,-0.141,-0.195,0.054
2016-09-29@13:30:00,-0.140,-0.209,0.068
2016-09-29@11:30:00,-0.149,-0.226,0.077
2016-09-29@11:00:00,-0.158,-0.245,0.087
2016-09-29@10:30:00,-0.178,-0.267,0.088
2016-09-29@10:00:00,-0.212,-0.289,0.077
2016-09-28@15:00:00,-0.252,-0.308,0.056
2016-09-28@14:30:00,-0.259,-0.322,0.063
2016-09-28@14:00:00,-0.278,-0.338,0.060
2016-09-28@13:30:00,-0.292,-0.353,0.061
2016-09-28@11:30:00,-0.312,-0.368,0.056
2016-09-28@11:00:00,-0.323,-0.382,0.059
2016-09-28@10:30:00,-0.333,-0.397,0.064
2016-09-28@10:00:00,-0.358,-0.412,0.054
2016-09-27@15:00:00,-0.385,-0.426,0.041
2016-09-27@14:30:00,-0.436,-0.436,0.001
2016-09-27@14:00:00,-0.472,-0.437,-0.035
2016-09-27@13:30:00,-0.482,-0.428,-0.054
2016-09-27@11:30:00,-0.489,-0.414,-0.074
2016-09-27@11:00:00,-0.482,-0.396,-0.086
2016-09-27@10:30:00,-0.485,-0.374,-0.111
2016-09-27@10:00:00,-0.470,-0.346,-0.124
2016-09-26@15:00:00,-0.457,-0.315,-0.141
2016-09-26@14:30:00,-0.384,-0.280,-0.104
2016-09-26@14:00:00,-0.360,-0.254,-0.106
2016-09-26@13:30:00,-0.328,-0.228,-0.100
2016-09-26@11:30:00,-0.305,-0.203,-0.103
2016-09-26@11:00:00,-0.288,-0.177,-0.111
2016-09-26@10:30:00,-0.276,-0.149,-0.126
2016-09-26@10:00:00,-0.238,-0.118,-0.120
2016-09-23@15:00:00,-0.185,-0.088,-0.098
2016-09-23@14:30:00,-0.154,-0.063,-0.091
2016-09-23@14:00:00,-0.116,-0.041,-0.075
2016-09-23@13:30:00,-0.096,-0.022,-0.074
2016-09-23@11:30:00,-0.064,-0.003,-0.061
2016-09-23@11:00:00,-0.052,0.012,-0.065
2016-09-23@10:30:00,-0.024,0.028,-0.053
2016-09-23@10:00:00,0.007,0.041,-0.034
2016-09-22@15:00:00,0.044,0.050,-0.006
2016-09-22@14:30:00,0.044,0.052,-0.007
2016-09-22@14:00:00,0.054,0.053,0.001
2016-09-22@13:30:00,0.061,0.053,0.008
2016-09-22@11:30:00,0.059,0.051,0.008
2016-09-22@11:00:00,0.053,0.049,0.004
2016-09-22@10:30:00,0.039,0.048,-0.009
2016-09-22@10:00:00,0.048,0.051,-0.003
2016-09-21@15:00:00,0.055,0.051,0.003
2016-09-21@14:30:00,0.075,0.051,0.024
2016-09-21@14:00:00,0.090,0.045,0.045
2016-09-21@13:30:00,0.081,0.033,0.048
2016-09-21@11:30:00,0.064,0.021,0.042
2016-09-21@11:00:00,0.053,0.011,0.042
2016-09-21@10:30:00,0.030,0.000,0.029
2016-09-21@10:00:00,0.012,-0.007,0.019
2016-09-20@15:00:00,-0.027,-0.012,-0.015
2016-09-20@14:30:00,-0.014,-0.008,-0.006
2016-09-20@14:00:00,0.006,-0.006,0.012
2016-09-20@13:30:00,0.030,-0.009,0.040
2016-09-20@11:30:00,0.025,-0.019,0.045
2016-09-20@11:00:00,0.013,-0.031,0.043
2016-09-20@10:30:00,nan,nan,nan
2016-09-20@10:00:00,nan,nan,nan
2016-09-19@15:00:00,nan,nan,nan
2016-09-19@14:30:00,nan,nan,nan
2016-09-19@14:00:00,nan,nan,nan
2016-09-19@13:30:00,nan,nan,nan
2016-09-19@11:30:00,nan,nan,nan
2016-09-19@11:00:00,nan,nan,nan
2016-09-19@10:30:00,nan,nan,nan
2016-09-19@10:00:00,nan,nan,nan
2016-09-14@15:00:00,nan,nan,nan
2016-09-14@14:30:00,nan,nan,nan
2016-09-14@14:00:00,nan,nan,nan
2016-09-14@13:30:00,nan,nan,nan
2016-09-14@11:30:00,nan,nan,nan
2016-09-14@11:00:00,nan,nan,nan
2016-09-14@10:00:00,nan,nan,nan
2016-09-13@15:00:00,nan,nan,nan
2016-09-13@14:30:00,nan,nan,nan
2016-09-13@14:00:00,nan,nan,nan
2016-09-13@13:30:00,nan,nan,nan
2016-09-13@11:30:00,nan,nan,nan
2016-09-13@11:00:00,nan,nan,nan
2016-09-13@10:30:00,nan,nan,nan
2016-09-13@10:00:00,nan,nan,nan
2016-09-12@15:00:00,nan,nan,nan
2016-09-12@14:30:00,nan,nan,nan
2016-09-12@14:00:00,nan,nan,nan
2016-09-12@13:30:00,nan,nan,nan
2016-09-12@11:30:00,nan,nan,nan
2016-09-12@11:00:00,nan,nan,nan
2016-09-12@10:30:00,nan,nan,nan
2016-09-12@10:00:00,nan,nan,nan
