date,open,high,close,low,volume,price_change,p_change,ma5,ma10,ma20,v_ma5,v_ma10,v_ma20,turnover
2017-06-16,34.77,38.85,37.49,32.95,94957.35,2.9,8.38,37.256,39.48,43.633,214199.54,282739.22,392939.88,24.76
2017-05-31,34.5,36.45,34.59,31.58,154300.05,0.09,0.26,37.13,39.857,43.502,232351.82,303769.41,416104.42,40.23
2017-04-28,41.5,43.68,34.5,31.46,250591.64,-6.81,-16.48,38.418,40.383,43.173,252716.47,374344.43,429332.71,65.33
2017-03-31,38.55,45.47,41.31,37.92,420708.38,2.92,7.61,40.854,40.993,42.978,345228.43,394832.08,464266.58,109.68
2017-02-28,37.0,39.59,38.39,36.51,150440.28,1.53,4.15,41.086,40.919,42.932,312489.4,404246.64,500812.74,39.22
2017-01-26,41.04,42.23,36.86,33.8,185718.77,-4.17,-10.16,41.704,41.698,42.96,351278.91,424886.26,524618.67,48.42
2016-12-30,46.3,47.0,41.03,39.21,256123.28,-5.65,-12.1,42.584,43.734,42.244,375187.0,447180.81,515345.58,69.91
2016-11-30,44.68,50.79,46.68,44.68,713151.44,4.21,9.91,42.348,45.23,42.307,495972.39,453229.0,528988.86,194.67
2016-10-28,41.7,45.77,42.47,40.5,257013.23,0.99,2.39,41.132,45.647,42.064,444435.72,410266.28,518757.61,70.16
2016-09-30,41.51,44.88,41.48,38.62,344387.81,0.22,0.53,40.752,46.84,42.041,496003.87,445401.89,534154.34,94.01
2016-08-31,40.11,42.05,41.26,38.7,305259.22,1.41,3.54,41.692,47.786,42.076,498493.62,503140.54,546014.75,83.33
2016-07-29,40.77,51.68,39.85,38.5,860050.25,-0.75,-1.85,44.884,47.147,42.13,519174.62,528439.42,562065.11,234.77
2016-06-30,40.75,44.97,40.6,37.03,455468.09,0.03,0.07,48.112,45.962,42.293,410485.61,484321.0,540780.46,124.33
2016-05-31,45.87,47.45,40.57,36.1,514854.0,-5.61,-12.15,50.162,44.962,42.423,376096.84,533701.07,547342.95,188.32
2016-04-29,57.69,60.0,46.18,44.0,356836.53,-11.04,-19.29,52.928,44.944,42.578,394799.91,597378.84,550050.36,130.52
2016-03-31,55.99,66.2,57.22,54.16,408664.25,1.23,2.2,53.88,44.221,42.25,507787.46,624351.08,567615.26,149.47
2016-02-29,51.3,66.8,55.99,50.15,316605.19,5.14,10.11,49.41,40.753,40.753,537704.22,583510.36,583510.36,115.8
2016-01-29,54.0,54.8,50.85,44.01,283524.25,-3.55,-6.53,43.812,39.06,39.06,558156.38,613166.49,613166.49,103.7
2015-12-31,51.0,60.8,54.4,48.0,608369.31,3.46,6.79,39.762,37.586,37.586,691305.31,654371.77,654371.77,222.52
2015-11-30,33.87,53.58,50.94,33.22,921774.31,16.07,46.09,36.96,35.184,35.184,799957.77,660943.55,660943.55,337.15
2015-10-30,28.31,35.67,34.87,28.31,558248.06,6.87,24.54,34.562,32.558,32.558,740914.71,617471.76,617471.76,204.19
2015-09-30,30.5,30.5,28.0,23.3,418865.97,-2.6,-8.5,32.096,32.096,32.096,629316.49,629316.49,629316.49,153.21
2015-08-31,40.39,46.88,30.6,27.68,949268.88,-9.79,-24.24,33.12,33.12,33.12,681929.13,681929.13,681929.13,347.21
2015-07-31,36.7,44.0,40.39,24.68,1151631.62,1.44,3.7,33.96,33.96,33.96,592815.87,592815.87,592815.87,421.23
2015-06-30,24.79,70.73,38.95,24.79,626559.0,16.41,72.8,30.745,30.745,30.745,313408.0,313408.0,313408.0,229.17
2015-05-29,17.08,22.54,22.54,17.08,257.0,5.69,43.97,22.54,22.54,22.54,257.0,257.0,257.0,0.09
