Not
2017-03-17@15:00:00,0.497,0.336,0.161
2017-03-17@14:00:00,0.431,0.295,0.136
2017-03-17@11:30:00,0.300,0.261,0.039
2017-03-17@10:30:00,0.271,0.251,0.019
2017-03-16@15:00:00,0.272,0.247,0.025
2017-03-16@14:00:00,0.264,0.240,0.023
2017-03-16@11:30:00,0.248,0.235,0.013
2017-03-16@10:30:00,0.249,0.231,0.018
2017-03-15@15:00:00,0.239,0.227,0.013
2017-03-15@14:00:00,0.230,0.224,0.006
2017-03-15@11:30:00,0.230,0.222,0.008
2017-03-15@10:30:00,0.225,0.220,0.005
2017-03-14@15:00:00,0.230,0.219,0.011
2017-03-14@14:00:00,0.232,0.216,0.016
2017-03-14@11:30:00,0.230,0.212,0.018
2017-03-14@10:30:00,0.222,0.207,0.015
2017-03-13@15:00:00,0.187,0.203,-0.016
2017-03-13@14:00:00,0.164,0.208,-0.043
2017-03-13@11:30:00,0.176,0.218,-0.042
2017-03-13@10:30:00,0.177,0.229,-0.052
2017-03-10@15:00:00,0.198,0.242,-0.044
2017-03-10@14:00:00,0.221,0.253,-0.032
2017-03-10@11:30:00,0.221,0.261,-0.040
2017-03-10@10:30:00,0.213,0.271,-0.058
2017-03-09@15:00:00,0.241,0.285,-0.044
2017-03-09@14:00:00,0.280,0.296,-0.016
2017-03-09@11:30:00,0.322,0.300,0.022
2017-03-09@10:30:00,0.350,0.295,0.055
2017-03-08@15:00:00,0.356,0.281,0.075
2017-03-08@14:00:00,0.320,0.263,0.058
2017-03-08@11:30:00,0.302,0.248,0.054
2017-03-08@10:30:00,0.270,0.235,0.035
2017-03-07@15:00:00,0.255,0.226,0.029
2017-03-07@14:00:00,0.254,0.219,0.035
2017-03-07@11:30:00,0.273,0.210,0.063
2017-03-07@10:30:00,0.280,0.194,0.086
2017-03-06@15:00:00,0.269,0.172,0.097
2017-03-06@14:00:00,0.205,0.148,0.056
2017-03-06@11:30:00,0.183,0.134,0.049
2017-03-06@10:30:00,0.156,0.122,0.034
2017-03-03@15:00:00,0.119,0.113,0.006
2017-03-03@14:00:00,0.109,0.112,-0.003
2017-03-03@11:30:00,0.096,0.113,-0.017
2017-03-03@10:30:00,0.083,0.117,-0.034
2017-03-02@15:00:00,0.060,0.125,-0.066
2017-03-02@14:00:00,0.080,0.142,-0.061
2017-03-02@11:30:00,0.099,0.157,-0.058
2017-03-02@10:30:00,0.121,0.172,-0.050
2017-03-01@15:00:00,0.155,0.184,-0.029
2017-03-01@14:00:00,0.175,0.191,-0.016
2017-03-01@11:30:00,0.184,0.195,-0.011
2017-03-01@10:30:00,0.187,0.198,-0.011
2017-02-28@15:00:00,0.198,0.201,-0.003
2017-02-28@14:00:00,0.211,0.202,0.010
2017-02-28@11:30:00,0.221,0.199,0.022
2017-02-28@10:30:00,0.212,0.194,0.018
2017-02-27@15:00:00,0.218,0.189,0.029
2017-02-27@14:00:00,0.234,0.182,0.052
2017-02-27@11:30:00,0.251,0.169,0.082
2017-02-27@10:30:00,0.241,0.148,0.093
2017-02-24@15:00:00,0.239,0.125,0.114
2017-02-24@14:00:00,0.196,0.097,0.099
2017-02-24@11:30:00,0.153,0.072,0.081
2017-02-24@10:30:00,0.099,0.052,0.048
2017-02-23@15:00:00,0.066,0.040,0.026
2017-02-23@14:00:00,0.060,0.033,0.026
2017-02-23@11:30:00,0.052,0.026,0.026
2017-02-23@10:30:00,0.048,0.020,0.028
2017-02-22@15:00:00,0.052,0.013,0.039
2017-02-22@14:00:00,0.032,0.003,0.029
2017-02-22@11:30:00,0.021,-0.004,0.025
2017-02-22@10:30:00,0.007,-0.010,0.017
2017-02-21@15:00:00,-0.011,-0.015,0.004
2017-02-21@14:00:00,-0.022,-0.016,-0.006
2017-02-21@11:30:00,-0.054,-0.014,-0.040
2017-02-21@10:30:00,-0.073,-0.004,-0.069
2017-02-20@15:00:00,-0.080,0.013,-0.093
2017-02-20@14:00:00,-0.067,0.036,-0.104
2017-02-20@11:30:00,-0.046,0.062,-0.109
2017-02-20@10:30:00,-0.012,0.089,-0.101
2017-02-17@15:00:00,0.017,0.115,-0.098
2017-02-17@14:00:00,0.067,0.139,-0.072
2017-02-17@11:30:00,0.113,0.157,-0.045
2017-02-17@10:30:00,0.135,0.168,-0.034
2017-02-16@15:00:00,0.135,0.177,-0.041
2017-02-16@14:00:00,0.157,0.187,-0.030
2017-02-16@11:30:00,0.174,0.195,-0.021
2017-02-16@10:30:00,0.184,0.200,-0.016
2017-02-15@15:00:00,0.187,0.204,-0.016
2017-02-15@14:00:00,0.195,0.208,-0.013
2017-02-15@11:30:00,0.173,0.211,-0.038
2017-02-15@10:30:00,0.188,0.221,-0.033
2017-02-14@15:00:00,0.208,0.229,-0.021
2017-02-14@14:00:00,0.222,0.234,-0.012
2017-02-14@11:30:00,0.241,0.237,0.004
2017-02-14@10:30:00,0.251,0.236,0.015
2017-02-13@15:00:00,0.259,0.232,0.027
2017-02-13@14:00:00,0.253,0.226,0.027
2017-02-13@11:30:00,0.238,0.219,0.019
2017-02-13@10:30:00,0.208,0.214,-0.006
2017-02-10@15:00:00,0.228,0.215,0.012
2017-02-10@14:00:00,0.250,0.212,0.037
2017-02-10@11:30:00,0.254,0.203,0.051
2017-02-10@10:30:00,0.251,0.190,0.061
2017-02-09@15:00:00,0.266,0.175,0.091
2017-02-09@14:00:00,0.247,0.152,0.095
2017-02-09@11:30:00,0.226,0.129,0.097
2017-02-09@10:30:00,0.180,0.104,0.075
2017-02-08@15:00:00,0.103,0.085,0.018
2017-02-08@14:00:00,0.086,0.081,0.005
2017-02-08@11:30:00,0.075,0.080,-0.005
2017-02-08@10:30:00,0.091,0.081,0.010
2017-02-07@15:00:00,0.118,0.078,0.040
2017-02-07@14:00:00,0.118,0.068,0.050
2017-02-07@11:30:00,0.123,0.056,0.067
2017-02-07@10:30:00,0.122,0.039,0.083
2017-02-06@15:00:00,0.101,0.018,0.083
2017-02-06@14:00:00,0.081,-0.002,0.084
2017-02-06@11:30:00,0.057,-0.023,0.080
2017-02-06@10:30:00,0.022,-0.043,0.065
2017-02-03@15:00:00,0.010,-0.059,0.069
2017-02-03@14:00:00,0.008,-0.077,0.085
2017-02-03@11:30:00,0.000,-0.098,0.098
2017-02-03@10:30:00,-0.011,-0.122,0.112
2017-01-26@15:00:00,-0.025,-0.150,0.125
2017-01-26@14:00:00,-0.047,-0.182,0.135
2017-01-26@11:30:00,-0.067,-0.215,0.148
2017-01-26@10:30:00,-0.090,-0.253,0.162
2017-01-25@15:00:00,-0.127,-0.293,0.167
2017-01-25@14:00:00,-0.171,-0.335,0.164
2017-01-25@11:30:00,-0.193,-0.376,0.183
2017-01-25@10:30:00,-0.229,-0.421,0.192
2017-01-24@15:00:00,-0.251,-0.469,0.219
2017-01-24@14:00:00,-0.292,-0.524,0.232
2017-01-24@11:30:00,-0.372,-0.582,0.210
2017-01-24@10:30:00,-0.392,-0.635,0.243
2017-01-23@15:00:00,-0.424,-0.696,0.271
2017-01-23@14:00:00,-0.485,-0.763,0.279
2017-01-23@11:30:00,-0.539,-0.833,0.294
2017-01-23@10:30:00,-0.601,-0.907,0.306
2017-01-20@15:00:00,-0.701,-0.983,0.282
2017-01-20@14:00:00,-0.784,-1.053,0.269
2017-01-20@11:30:00,-0.894,-1.121,0.227
2017-01-20@10:30:00,-1.018,-1.177,0.160
2017-01-19@15:00:00,-1.136,-1.217,0.082
2017-01-19@14:00:00,-1.188,-1.238,0.050
2017-01-19@11:30:00,-1.236,-1.250,0.015
2017-01-19@10:30:00,-1.307,-1.254,-0.053
2017-01-18@15:00:00,-1.338,-1.241,-0.097
2017-01-18@14:00:00,-1.342,-1.216,-0.126
2017-01-18@11:30:00,-1.369,-1.185,-0.184
2017-01-18@10:30:00,-1.374,-1.139,-0.235
2017-01-17@15:00:00,-1.354,-1.080,-0.273
2017-01-17@14:00:00,-1.372,-1.012,-0.360
2017-01-17@11:30:00,-1.398,-0.922,-0.476
2017-01-17@10:30:00,-1.261,-0.803,-0.459
2017-01-16@15:00:00,-1.105,-0.688,-0.416
2017-01-16@14:00:00,-0.901,-0.584,-0.317
2017-01-16@11:30:00,-0.780,-0.505,-0.275
2017-01-16@10:30:00,-0.650,-0.436,-0.214
2017-01-13@15:00:00,-0.538,-0.383,-0.155
2017-01-13@14:00:00,-0.428,-0.344,-0.084
2017-01-13@11:30:00,-0.386,-0.323,-0.063
2017-01-13@10:30:00,-0.374,-0.307,-0.066
2017-01-12@15:00:00,-0.359,-0.291,-0.068
2017-01-12@14:00:00,-0.332,-0.274,-0.058
2017-01-12@11:30:00,-0.316,-0.259,-0.057
2017-01-12@10:30:00,-0.328,-0.245,-0.083
2017-01-11@15:00:00,-0.301,-0.224,-0.077
2017-01-11@14:00:00,-0.271,-0.205,-0.065
2017-01-11@11:30:00,-0.240,-0.189,-0.051
2017-01-11@10:30:00,-0.194,-0.176,-0.017
2017-01-10@15:00:00,-0.190,-0.172,-0.018
2017-01-10@14:00:00,-0.195,-0.167,-0.027
2017-01-10@11:30:00,-0.211,-0.160,-0.050
2017-01-10@10:30:00,-0.230,-0.148,-0.083
2017-01-09@15:00:00,-0.245,-0.127,-0.118
2017-01-09@14:00:00,-0.241,-0.098,-0.144
2017-01-09@11:30:00,-0.233,-0.062,-0.171
2017-01-09@10:30:00,-0.219,-0.019,-0.200
2017-01-06@15:00:00,-0.181,0.031,-0.211
2017-01-06@14:00:00,-0.120,0.084,-0.204
2017-01-06@11:30:00,-0.010,0.135,-0.145
2017-01-06@10:30:00,0.060,0.171,-0.111
2017-01-05@15:00:00,0.160,0.198,-0.038
2017-01-05@14:00:00,0.192,0.208,-0.016
2017-01-05@11:30:00,0.210,0.212,-0.002
2017-01-05@10:30:00,0.236,0.213,0.024
2017-01-04@15:00:00,0.255,0.207,0.048
2017-01-04@14:00:00,0.252,0.195,0.058
2017-01-04@11:30:00,0.245,0.180,0.065
2017-01-04@10:30:00,0.208,0.164,0.044
2017-01-03@15:00:00,0.199,0.153,0.046
2017-01-03@14:00:00,0.175,0.141,0.034
2017-01-03@11:30:00,0.152,0.133,0.019
2017-01-03@10:30:00,0.135,0.128,0.007
2016-12-30@15:00:00,0.105,0.126,-0.021
2016-12-30@14:00:00,0.134,0.132,0.002
2016-12-30@11:30:00,0.133,0.131,0.002
2016-12-30@10:30:00,0.164,0.131,0.033
2016-12-29@15:00:00,0.182,0.122,0.060
2016-12-29@14:00:00,0.196,0.107,0.088
2016-12-29@11:30:00,0.187,0.085,0.102
2016-12-29@10:30:00,0.168,0.060,0.108
2016-12-28@15:00:00,0.167,0.033,0.134
2016-12-28@14:00:00,0.163,-0.001,0.164
2016-12-28@11:30:00,0.131,-0.042,0.173
2016-12-28@10:30:00,0.070,-0.085,0.155
2016-12-27@15:00:00,-0.010,-0.124,0.114
2016-12-27@14:00:00,-0.040,-0.152,0.113
2016-12-27@11:30:00,-0.083,-0.181,0.097
2016-12-27@10:30:00,-0.129,-0.205,0.076
2016-12-26@15:00:00,-0.187,-0.224,0.037
2016-12-26@14:00:00,-0.237,-0.233,-0.004
2016-12-26@11:30:00,-0.277,-0.232,-0.044
2016-12-26@10:30:00,-0.292,-0.221,-0.071
2016-12-23@15:00:00,-0.234,-0.203,-0.031
2016-12-23@14:00:00,-0.207,-0.196,-0.012
2016-12-23@11:30:00,-0.174,-0.193,0.019
2016-12-23@10:30:00,-0.144,-0.197,0.053
2016-12-22@15:00:00,-0.114,-0.211,0.097
2016-12-22@14:00:00,-0.126,-0.235,0.109
2016-12-22@11:30:00,-0.131,-0.262,0.131
2016-12-22@10:30:00,-0.126,-0.295,0.169
2016-12-21@15:00:00,-0.105,-0.337,0.232
2016-12-21@14:00:00,-0.163,-0.395,0.232
2016-12-21@11:30:00,-0.221,-0.453,0.232
2016-12-21@10:30:00,-0.292,-0.511,0.218
2016-12-20@15:00:00,-0.426,-0.565,0.139
2016-12-20@14:00:00,-0.471,-0.600,0.129
2016-12-20@11:30:00,-0.495,-0.633,0.138
2016-12-20@10:30:00,-0.538,-0.667,0.129
2016-12-19@15:00:00,-0.576,-0.699,0.123
2016-12-19@14:00:00,-0.586,-0.730,0.144
2016-12-19@11:30:00,-0.587,-0.766,0.179
2016-12-19@10:30:00,-0.622,-0.811,0.189
2016-12-16@15:00:00,-0.681,-0.858,0.177
2016-12-16@14:00:00,-0.745,-0.902,0.157
2016-12-16@11:30:00,-0.799,-0.941,0.143
2016-12-16@10:30:00,-0.857,-0.977,0.120
2016-12-15@15:00:00,-0.936,-1.007,0.071
2016-12-15@14:00:00,-0.988,-1.025,0.037
2016-12-15@11:30:00,-1.023,-1.034,0.010
2016-12-15@10:30:00,-1.099,-1.036,-0.062
2016-12-14@15:00:00,-1.159,-1.021,-0.138
2016-12-14@14:00:00,-1.157,-0.986,-0.171
2016-12-14@11:30:00,-1.194,-0.944,-0.250
2016-12-14@10:30:00,-1.218,-0.881,-0.336
2016-12-13@15:00:00,-1.189,-0.797,-0.392
2016-12-13@14:00:00,-1.169,-0.699,-0.470
2016-12-13@11:30:00,-1.120,-0.582,-0.538
2016-12-13@10:30:00,-1.004,-0.447,-0.557
2016-12-12@15:00:00,-0.857,-0.308,-0.549
2016-12-12@14:00:00,-0.602,-0.171,-0.431
2016-12-12@11:30:00,-0.422,-0.063,-0.359
2016-12-12@10:30:00,-0.248,0.027,-0.274
2016-12-09@15:00:00,-0.140,0.095,-0.235
2016-12-09@14:00:00,-0.064,0.154,-0.218
2016-12-09@11:30:00,0.012,0.209,-0.196
2016-12-09@10:30:00,0.092,0.258,-0.166
2016-12-08@15:00:00,0.184,0.299,-0.115
2016-12-08@14:00:00,0.257,0.328,-0.071
2016-12-08@11:30:00,0.281,0.345,-0.065
2016-12-08@10:30:00,0.297,0.362,-0.065
2016-12-07@15:00:00,0.315,0.378,-0.063
2016-12-07@14:00:00,0.292,0.394,-0.102
2016-12-07@11:30:00,0.270,0.419,-0.150
2016-12-07@10:30:00,0.270,0.457,-0.187
2016-12-06@15:00:00,0.298,0.503,-0.205
2016-12-06@14:00:00,0.330,0.555,-0.225
2016-12-06@11:30:00,0.354,0.611,-0.257
2016-12-06@10:30:00,0.374,0.675,-0.301
2016-12-05@15:00:00,0.403,0.750,-0.347
2016-12-05@14:00:00,0.482,0.837,-0.355
2016-12-05@11:30:00,0.585,0.926,-0.341
2016-12-05@10:30:00,0.711,1.011,-0.300
2016-12-02@15:00:00,0.824,1.086,-0.262
2016-12-02@14:00:00,0.991,1.151,-0.160
2016-12-02@11:30:00,1.125,1.192,-0.067
2016-12-02@10:30:00,1.281,1.208,0.073
2016-12-01@15:00:00,1.389,1.190,0.199
2016-12-01@14:00:00,1.414,1.140,0.274
2016-12-01@11:30:00,1.399,1.072,0.327
2016-12-01@10:30:00,1.364,0.990,0.373
2016-11-30@15:00:00,1.285,0.897,0.388
2016-11-30@14:00:00,1.180,0.800,0.380
2016-11-30@11:30:00,1.014,0.705,0.309
2016-11-30@10:30:00,0.870,0.628,0.243
2016-10-13@15:00:00,0.624,0.567,0.057
2016-10-13@14:00:00,0.620,0.553,0.067
2016-10-13@11:30:00,0.600,0.536,0.064
2016-10-13@10:30:00,0.559,0.520,0.039
2016-10-12@15:00:00,0.516,0.510,0.005
2016-10-12@14:00:00,0.516,0.509,0.007
2016-10-12@11:30:00,0.520,0.507,0.013
2016-10-12@10:30:00,0.496,0.504,-0.008
2016-10-11@15:00:00,0.486,0.506,-0.019
2016-10-11@14:00:00,0.504,0.511,-0.007
2016-10-11@11:30:00,0.538,0.513,0.026
2016-10-11@10:30:00,0.555,0.506,0.049
2016-10-10@15:00:00,0.552,0.494,0.059
2016-10-10@14:00:00,0.544,0.479,0.065
2016-10-10@11:30:00,0.522,0.463,0.059
2016-10-10@10:30:00,0.474,0.448,0.026
2016-09-30@15:00:00,0.446,0.442,0.004
2016-09-30@14:00:00,0.460,0.441,0.020
2016-09-30@11:30:00,0.475,0.436,0.039
2016-09-30@10:30:00,0.488,0.426,0.062
2016-09-29@15:00:00,0.484,0.410,0.073
2016-09-29@14:00:00,0.484,0.392,0.092
2016-09-29@11:30:00,0.472,0.369,0.103
2016-09-29@10:30:00,0.448,0.343,0.105
2016-09-28@15:00:00,0.402,0.317,0.085
2016-09-28@14:00:00,0.349,0.296,0.053
2016-09-28@11:30:00,0.255,0.283,-0.028
2016-09-28@10:30:00,0.257,0.290,-0.033
2016-09-27@15:00:00,0.246,0.298,-0.052
2016-09-27@14:00:00,nan,nan,nan
2016-09-27@11:30:00,nan,nan,nan
2016-09-27@10:30:00,nan,nan,nan
2016-09-26@15:00:00,nan,nan,nan
2016-09-26@14:00:00,nan,nan,nan
2016-09-26@11:30:00,nan,nan,nan
2016-09-26@10:30:00,nan,nan,nan
2016-09-23@15:00:00,nan,nan,nan
2016-09-23@14:00:00,nan,nan,nan
2016-09-23@11:30:00,nan,nan,nan
2016-09-23@10:30:00,nan,nan,nan
2016-09-22@15:00:00,nan,nan,nan
2016-09-22@14:00:00,nan,nan,nan
2016-09-22@11:30:00,nan,nan,nan
2016-09-22@10:30:00,nan,nan,nan
2016-09-21@15:00:00,nan,nan,nan
2016-09-21@14:00:00,nan,nan,nan
2016-09-21@11:30:00,nan,nan,nan
2016-09-21@10:30:00,nan,nan,nan
2016-09-20@15:00:00,nan,nan,nan
2016-09-20@14:00:00,nan,nan,nan
2016-09-20@11:30:00,nan,nan,nan
2016-09-20@10:30:00,nan,nan,nan
2016-09-19@15:00:00,nan,nan,nan
2016-09-19@14:00:00,nan,nan,nan
2016-09-19@11:30:00,nan,nan,nan
2016-09-19@10:30:00,nan,nan,nan
2016-09-14@15:00:00,nan,nan,nan
2016-09-14@14:00:00,nan,nan,nan
2016-09-14@11:30:00,nan,nan,nan
2016-09-14@10:30:00,nan,nan,nan
2016-09-13@15:00:00,nan,nan,nan
2016-09-13@14:00:00,nan,nan,nan
