2017-06-30,61.774,58.401,52.776,-1,-1
2017-06-29,61.076,57.295,51.381,-1,-1
2017-06-28,59.518,55.750,49.745,-1,-1
2017-06-27,58.558,54.252,48.016,-1,-1
2017-06-26,56.778,53.182,-1,-1,-1
2017-06-23,55.028,52.297,-1,-1,-1
2017-06-22,53.514,51.890,-1,-1,-1
2017-06-21,51.982,51.245,-1,-1,-1
2017-06-20,49.946,49.946,-1,-1,-1
2017-06-19,49.586,48.746,-1,-1,-1
2017-06-16,49.566,47.150,-1,-1,-1
2017-06-15,50.266,45.467,-1,-1,-1
2017-06-14,50.508,43.740,-1,-1,-1
2017-06-13,49.946,41.779,-1,-1,-1
2017-06-12,47.906,-1,-1,-1,-1
2017-06-07,44.734,-1,-1,-1,-1
2017-06-06,40.668,-1,-1,-1,-1
2017-06-05,36.972,-1,-1,-1,-1
2017-06-02,33.612,-1,-1,-1,-1
2017-06-01,-1,-1,-1,-1,-1
2017-05-31,-1,-1,-1,-1,-1
2017-05-26,-1,-1,-1,-1,-1
2017-05-25,-1,-1,-1,-1,-1
