Not
2017-03-17@15:00:00,0.004,-0.036,0.040
2017-03-17@14:00:00,0.004,-0.046,0.050
2017-03-17@11:30:00,-0.012,-0.059,0.047
2017-03-17@10:30:00,-0.028,-0.070,0.042
2017-03-16@15:00:00,-0.040,-0.081,0.041
2017-03-16@14:00:00,-0.060,-0.091,0.032
2017-03-16@11:30:00,-0.076,-0.099,0.023
2017-03-16@10:30:00,-0.085,-0.105,0.020
2017-03-15@15:00:00,-0.096,-0.110,0.014
2017-03-15@14:00:00,-0.101,-0.113,0.012
2017-03-15@11:30:00,-0.105,-0.117,0.011
2017-03-15@10:30:00,-0.113,-0.119,0.006
2017-03-14@15:00:00,-0.114,-0.121,0.007
2017-03-14@14:00:00,-0.115,-0.123,0.008
2017-03-14@11:30:00,-0.120,-0.125,0.005
2017-03-14@10:30:00,-0.125,-0.126,0.001
2017-03-13@15:00:00,-0.136,-0.126,-0.010
2017-03-13@14:00:00,-0.142,-0.123,-0.019
2017-03-13@11:30:00,-0.141,-0.119,-0.022
2017-03-13@10:30:00,-0.139,-0.113,-0.026
2017-03-10@15:00:00,-0.134,-0.107,-0.027
2017-03-10@14:00:00,-0.120,-0.100,-0.020
2017-03-10@11:30:00,-0.110,-0.095,-0.015
2017-03-10@10:30:00,-0.097,-0.091,-0.006
2017-03-09@15:00:00,-0.078,-0.090,0.012
2017-03-09@14:00:00,-0.075,-0.093,0.018
2017-03-09@11:30:00,-0.071,-0.097,0.026
2017-03-09@10:30:00,-0.073,-0.104,0.031
2017-03-08@15:00:00,-0.071,-0.111,0.041
2017-03-08@14:00:00,-0.082,-0.122,0.039
2017-03-08@11:30:00,-0.098,-0.131,0.033
2017-03-08@10:30:00,-0.126,-0.140,0.014
2017-03-07@15:00:00,-0.148,-0.143,-0.005
2017-03-07@14:00:00,-0.156,-0.142,-0.014
2017-03-07@11:30:00,-0.159,-0.139,-0.020
2017-03-07@10:30:00,-0.159,-0.134,-0.025
2017-03-06@15:00:00,-0.156,-0.127,-0.029
2017-03-06@14:00:00,-0.162,-0.120,-0.042
2017-03-06@11:30:00,-0.157,-0.110,-0.048
2017-03-06@10:30:00,-0.153,-0.098,-0.056
2017-03-03@15:00:00,-0.146,-0.084,-0.062
2017-03-03@14:00:00,-0.129,-0.068,-0.060
2017-03-03@11:30:00,-0.107,-0.053,-0.054
2017-03-03@10:30:00,-0.088,-0.040,-0.049
2017-03-02@15:00:00,-0.066,-0.028,-0.039
2017-03-02@14:00:00,-0.053,-0.018,-0.035
2017-03-02@11:30:00,-0.051,-0.009,-0.042
2017-03-02@10:30:00,-0.037,0.001,-0.038
2017-03-01@15:00:00,-0.015,0.011,-0.026
2017-03-01@14:00:00,-0.003,0.017,-0.020
2017-03-01@11:30:00,-0.004,0.022,-0.026
2017-03-01@10:30:00,-0.004,0.029,-0.033
2017-02-28@15:00:00,-0.001,0.037,-0.038
2017-02-28@14:00:00,0.002,0.047,-0.045
2017-02-28@11:30:00,0.014,0.058,-0.044
2017-02-28@10:30:00,0.025,0.069,-0.044
2017-02-27@15:00:00,0.040,0.080,-0.040
2017-02-27@14:00:00,0.061,0.090,-0.029
2017-02-27@11:30:00,0.084,0.097,-0.014
2017-02-27@10:30:00,0.098,0.101,-0.003
2017-02-24@15:00:00,0.114,0.102,0.013
2017-02-24@14:00:00,0.105,0.098,0.006
2017-02-24@11:30:00,0.104,0.097,0.007
2017-02-24@10:30:00,0.099,0.095,0.004
2017-02-23@15:00:00,0.101,0.094,0.007
2017-02-23@14:00:00,0.101,0.092,0.008
2017-02-23@11:30:00,0.110,0.090,0.019
2017-02-23@10:30:00,0.122,0.086,0.036
2017-02-22@15:00:00,0.128,0.076,0.052
2017-02-22@14:00:00,0.099,0.064,0.036
2017-02-22@11:30:00,0.082,0.055,0.027
2017-02-22@10:30:00,0.068,0.048,0.021
2017-02-21@15:00:00,0.047,0.043,0.004
2017-02-21@14:00:00,0.038,0.042,-0.003
2017-02-21@11:30:00,0.041,0.043,-0.002
2017-02-21@10:30:00,0.038,0.043,-0.005
2017-02-20@15:00:00,0.032,0.044,-0.012
2017-02-20@14:00:00,0.023,0.048,-0.024
2017-02-20@11:30:00,0.027,0.054,-0.026
2017-02-20@10:30:00,0.025,0.060,-0.035
2017-02-17@15:00:00,0.033,0.069,-0.036
2017-02-17@14:00:00,0.054,0.078,-0.024
2017-02-17@11:30:00,0.073,0.084,-0.011
2017-02-17@10:30:00,0.088,0.087,0.001
2017-02-16@15:00:00,0.085,0.087,-0.002
2017-02-16@14:00:00,0.069,0.087,-0.019
2017-02-16@11:30:00,0.055,0.092,-0.037
2017-02-16@10:30:00,0.069,0.101,-0.032
2017-02-15@15:00:00,0.080,0.109,-0.030
2017-02-15@14:00:00,0.109,0.117,-0.008
2017-02-15@11:30:00,0.125,0.119,0.006
2017-02-15@10:30:00,0.124,0.117,0.007
2017-02-14@15:00:00,0.130,0.115,0.015
2017-02-14@14:00:00,0.131,0.112,0.019
2017-02-14@11:30:00,0.136,0.107,0.029
2017-02-14@10:30:00,0.137,0.099,0.037
2017-02-13@15:00:00,0.137,0.090,0.046
2017-02-13@14:00:00,0.110,0.078,0.031
2017-02-13@11:30:00,0.115,0.071,0.044
2017-02-13@10:30:00,0.111,0.059,0.051
2017-02-10@15:00:00,0.114,0.047,0.067
2017-02-10@14:00:00,0.105,0.030,0.074
2017-02-10@11:30:00,0.085,0.011,0.074
2017-02-10@10:30:00,0.054,-0.007,0.061
2017-02-09@15:00:00,0.040,-0.022,0.062
2017-02-09@14:00:00,0.026,-0.038,0.063
2017-02-09@11:30:00,-0.000,-0.053,0.053
2017-02-09@10:30:00,-0.029,-0.067,0.038
2017-02-08@15:00:00,-0.061,-0.076,0.016
2017-02-08@14:00:00,-0.091,-0.080,-0.010
2017-02-08@11:30:00,-0.098,-0.078,-0.020
2017-02-08@10:30:00,-0.105,-0.073,-0.032
2017-02-07@15:00:00,-0.104,-0.065,-0.039
2017-02-07@14:00:00,-0.093,-0.055,-0.038
2017-02-07@11:30:00,-0.073,-0.046,-0.028
2017-02-07@10:30:00,-0.060,-0.039,-0.021
2017-02-06@15:00:00,-0.050,-0.033,-0.016
2017-02-06@14:00:00,-0.051,-0.029,-0.022
2017-02-06@11:30:00,-0.047,-0.024,-0.023
2017-02-06@10:30:00,-0.042,-0.018,-0.024
2017-02-03@15:00:00,-0.035,-0.012,-0.023
2017-02-03@14:00:00,-0.020,-0.007,-0.013
2017-02-03@11:30:00,-0.008,-0.003,-0.005
2017-02-03@10:30:00,0.008,-0.002,0.010
2017-01-26@15:00:00,0.011,-0.005,0.016
2017-01-26@14:00:00,0.013,-0.009,0.022
2017-01-26@11:30:00,0.010,-0.014,0.024
2017-01-26@10:30:00,0.010,-0.020,0.030
2017-01-25@15:00:00,0.003,-0.027,0.031
2017-01-25@14:00:00,-0.007,-0.035,0.028
2017-01-25@11:30:00,-0.010,-0.042,0.032
2017-01-25@10:30:00,-0.016,-0.050,0.034
2017-01-24@15:00:00,-0.020,-0.058,0.038
2017-01-24@14:00:00,-0.023,-0.068,0.045
2017-01-24@11:30:00,-0.028,-0.079,0.051
2017-01-24@10:30:00,-0.034,-0.092,0.058
2017-01-23@15:00:00,-0.041,-0.107,0.065
2017-01-23@14:00:00,-0.059,-0.123,0.064
2017-01-23@11:30:00,-0.070,-0.139,0.069
2017-01-23@10:30:00,-0.088,-0.156,0.068
2017-01-20@15:00:00,-0.115,-0.173,0.058
2017-01-20@14:00:00,-0.132,-0.187,0.055
2017-01-20@11:30:00,-0.155,-0.201,0.047
2017-01-20@10:30:00,-0.176,-0.213,0.037
2017-01-19@15:00:00,-0.203,-0.222,0.019
2017-01-19@14:00:00,-0.211,-0.227,0.016
2017-01-19@11:30:00,-0.219,-0.231,0.012
2017-01-19@10:30:00,-0.237,-0.234,-0.003
2017-01-18@15:00:00,-0.249,-0.233,-0.017
2017-01-18@14:00:00,-0.248,-0.229,-0.020
2017-01-18@11:30:00,-0.256,-0.224,-0.033
2017-01-18@10:30:00,-0.268,-0.216,-0.052
2017-01-17@15:00:00,-0.277,-0.203,-0.075
2017-01-17@14:00:00,-0.282,-0.184,-0.098
2017-01-17@11:30:00,-0.275,-0.160,-0.116
2017-01-17@10:30:00,-0.263,-0.131,-0.132
2017-01-16@15:00:00,-0.260,-0.097,-0.162
2017-01-16@14:00:00,-0.229,-0.057,-0.172
2017-01-16@11:30:00,-0.197,-0.014,-0.183
2017-01-16@10:30:00,-0.125,0.032,-0.157
2017-01-13@15:00:00,-0.044,0.071,-0.115
2017-01-13@14:00:00,0.018,0.100,-0.082
2017-01-13@11:30:00,0.076,0.121,-0.044
2017-01-13@10:30:00,0.092,0.132,-0.040
2017-01-12@15:00:00,0.093,0.141,-0.048
2017-01-12@14:00:00,0.123,0.154,-0.031
2017-01-12@11:30:00,0.158,0.161,-0.003
2017-01-12@10:30:00,0.163,0.162,0.001
2017-01-11@15:00:00,0.187,0.162,0.026
2017-01-11@14:00:00,0.171,0.155,0.016
2017-01-11@11:30:00,0.143,0.151,-0.008
2017-01-11@10:30:00,0.150,0.153,-0.003
2017-01-10@15:00:00,0.175,0.154,0.020
2017-01-10@14:00:00,0.195,0.149,0.046
2017-01-10@11:30:00,0.196,0.138,0.058
2017-01-10@10:30:00,0.192,0.123,0.069
2017-01-09@15:00:00,0.186,0.106,0.080
2017-01-09@14:00:00,0.139,0.086,0.053
2017-01-09@11:30:00,0.127,0.073,0.055
2017-01-09@10:30:00,0.092,0.059,0.033
2017-01-06@15:00:00,0.112,0.051,0.061
2017-01-06@14:00:00,0.112,0.035,0.077
2017-01-06@11:30:00,0.090,0.016,0.074
2017-01-06@10:30:00,0.058,-0.002,0.060
2017-01-05@15:00:00,0.001,-0.017,0.019
2017-01-05@14:00:00,-0.035,-0.022,-0.013
2017-01-05@11:30:00,-0.049,-0.019,-0.030
2017-01-05@10:30:00,-0.046,-0.011,-0.035
2017-01-04@15:00:00,-0.024,-0.002,-0.022
2017-01-04@14:00:00,-0.023,0.003,-0.026
2017-01-04@11:30:00,-0.029,0.010,-0.039
2017-01-04@10:30:00,-0.036,0.019,-0.056
2017-01-03@15:00:00,-0.032,0.033,-0.065
2017-01-03@14:00:00,-0.027,0.050,-0.076
2017-01-03@11:30:00,-0.016,0.069,-0.085
2017-01-03@10:30:00,-0.004,0.090,-0.094
2016-12-30@15:00:00,0.005,0.113,-0.108
2016-12-30@14:00:00,0.063,0.141,-0.077
2016-12-30@11:30:00,0.074,0.160,-0.086
2016-12-30@10:30:00,0.081,0.181,-0.100
2016-12-29@15:00:00,0.090,0.206,-0.116
2016-12-29@14:00:00,0.117,0.235,-0.119
2016-12-29@11:30:00,0.144,0.265,-0.121
2016-12-29@10:30:00,0.163,0.295,-0.132
2016-12-28@15:00:00,0.206,0.328,-0.123
2016-12-28@14:00:00,0.224,0.359,-0.135
2016-12-28@11:30:00,0.276,0.393,-0.117
2016-12-28@10:30:00,0.337,0.422,-0.085
2016-12-27@15:00:00,0.392,0.443,-0.051
2016-12-27@14:00:00,0.418,0.456,-0.037
2016-12-27@11:30:00,0.450,0.465,-0.014
2016-12-27@10:30:00,0.486,0.468,0.017
2016-12-26@15:00:00,0.518,0.464,0.054
2016-12-26@14:00:00,0.518,0.451,0.067
2016-12-26@11:30:00,0.522,0.434,0.088
2016-12-26@10:30:00,0.515,0.412,0.103
2016-12-23@15:00:00,0.512,0.386,0.126
2016-12-23@14:00:00,0.532,0.354,0.178
2016-12-23@11:30:00,0.511,0.310,0.201
2016-12-23@10:30:00,0.474,0.260,0.214
2016-12-22@15:00:00,0.429,0.206,0.223
2016-12-22@14:00:00,0.383,0.150,0.233
2016-12-22@11:30:00,0.334,0.092,0.242
2016-12-22@10:30:00,0.249,0.032,0.218
2016-12-21@15:00:00,0.120,-0.023,0.143
2016-12-21@14:00:00,0.074,-0.059,0.133
2016-12-21@11:30:00,0.007,-0.092,0.098
2016-12-21@10:30:00,-0.048,-0.116,0.069
2016-12-20@15:00:00,-0.098,-0.134,0.036
2016-12-20@14:00:00,-0.099,-0.143,0.043
2016-12-20@11:30:00,-0.098,-0.153,0.055
2016-12-20@10:30:00,-0.102,-0.167,0.065
2016-12-19@15:00:00,-0.103,-0.184,0.080
2016-12-19@14:00:00,-0.124,-0.204,0.080
2016-12-19@11:30:00,-0.138,-0.224,0.086
2016-12-19@10:30:00,-0.163,-0.245,0.082
2016-12-16@15:00:00,-0.200,-0.266,0.065
2016-12-16@14:00:00,-0.227,-0.282,0.055
2016-12-16@11:30:00,-0.257,-0.296,0.039
2016-12-16@10:30:00,-0.287,-0.305,0.018
2016-12-15@15:00:00,-0.328,-0.310,-0.018
2016-12-15@14:00:00,-0.337,-0.305,-0.031
2016-12-15@11:30:00,-0.344,-0.298,-0.047
2016-12-15@10:30:00,-0.360,-0.286,-0.074
2016-12-14@15:00:00,-0.367,-0.267,-0.100
2016-12-14@14:00:00,-0.351,-0.242,-0.109
2016-12-14@11:30:00,-0.359,-0.215,-0.144
2016-12-14@10:30:00,-0.354,-0.179,-0.175
2016-12-13@15:00:00,-0.333,-0.136,-0.197
2016-12-13@14:00:00,-0.327,-0.086,-0.241
2016-12-13@11:30:00,-0.294,-0.026,-0.268
2016-12-13@10:30:00,-0.235,0.041,-0.276
2016-12-12@15:00:00,-0.159,0.110,-0.268
2016-12-12@14:00:00,-0.080,0.177,-0.257
2016-12-12@11:30:00,-0.004,0.241,-0.246
2016-12-12@10:30:00,0.088,0.303,-0.214
2016-12-09@15:00:00,0.166,0.356,-0.190
2016-12-09@14:00:00,0.215,0.404,-0.189
2016-12-09@11:30:00,0.267,0.451,-0.184
2016-12-09@10:30:00,0.335,0.497,-0.162
2016-12-08@15:00:00,0.433,0.537,-0.104
2016-12-08@14:00:00,0.480,0.563,-0.083
2016-12-08@11:30:00,0.496,0.584,-0.088
2016-12-08@10:30:00,0.509,0.606,-0.097
2016-12-07@15:00:00,0.508,0.630,-0.122
2016-12-07@14:00:00,0.539,0.661,-0.121
2016-12-07@11:30:00,0.583,0.691,-0.108
2016-12-07@10:30:00,0.627,0.718,-0.091
2016-12-06@15:00:00,0.677,0.741,-0.063
2016-12-06@14:00:00,0.733,0.757,-0.024
2016-12-06@11:30:00,0.780,0.762,0.017
2016-12-06@10:30:00,0.820,0.758,0.062
2016-12-05@15:00:00,0.852,0.743,0.110
2016-12-05@14:00:00,0.846,0.715,0.130
2016-12-05@11:30:00,0.811,0.683,0.128
2016-12-05@10:30:00,0.771,0.651,0.120
2016-12-02@15:00:00,0.757,0.621,0.136
2016-12-02@14:00:00,0.748,0.587,0.161
2016-12-02@11:30:00,0.733,0.547,0.187
2016-12-02@10:30:00,0.706,0.500,0.206
2016-12-01@15:00:00,0.651,0.448,0.203
2016-12-01@14:00:00,0.624,0.398,0.227
2016-12-01@11:30:00,0.590,0.341,0.249
2016-12-01@10:30:00,0.519,0.279,0.240
2016-11-30@15:00:00,0.451,0.219,0.232
2016-11-30@14:00:00,0.393,0.161,0.233
2016-11-30@11:30:00,0.311,0.102,0.208
2016-11-30@10:30:00,0.200,0.050,0.149
2016-10-13@15:00:00,0.057,0.013,0.044
2016-10-13@14:00:00,0.054,0.002,0.052
2016-10-13@11:30:00,0.041,-0.011,0.052
2016-10-13@10:30:00,0.023,-0.024,0.047
2016-10-12@15:00:00,0.004,-0.036,0.040
2016-10-12@14:00:00,-0.001,-0.046,0.045
2016-10-12@11:30:00,-0.014,-0.057,0.043
2016-10-12@10:30:00,-0.015,-0.067,0.052
2016-10-11@15:00:00,-0.017,-0.080,0.064
2016-10-11@14:00:00,-0.033,-0.096,0.064
2016-10-11@11:30:00,-0.045,-0.112,0.067
2016-10-11@10:30:00,-0.066,-0.129,0.063
2016-10-10@15:00:00,-0.085,-0.145,0.060
2016-10-10@14:00:00,-0.108,-0.160,0.052
2016-10-10@11:30:00,-0.127,-0.173,0.046
2016-10-10@10:30:00,-0.150,-0.185,0.035
2016-09-30@15:00:00,-0.162,-0.193,0.031
2016-09-30@14:00:00,-0.174,-0.201,0.027
2016-09-30@11:30:00,-0.185,-0.208,0.023
2016-09-30@10:30:00,-0.196,-0.214,0.018
2016-09-29@15:00:00,-0.210,-0.218,0.008
2016-09-29@14:00:00,-0.217,-0.220,0.003
2016-09-29@11:30:00,-0.230,-0.221,-0.009
2016-09-29@10:30:00,-0.238,-0.219,-0.019
2016-09-28@15:00:00,-0.246,-0.214,-0.032
2016-09-28@14:00:00,-0.251,-0.206,-0.045
2016-09-28@11:30:00,-0.253,-0.195,-0.058
2016-09-28@10:30:00,-0.252,-0.180,-0.072
2016-09-27@15:00:00,-0.248,-0.162,-0.086
2016-09-27@14:00:00,nan,nan,nan
2016-09-27@11:30:00,nan,nan,nan
2016-09-27@10:30:00,nan,nan,nan
2016-09-26@15:00:00,nan,nan,nan
2016-09-26@14:00:00,nan,nan,nan
2016-09-26@11:30:00,nan,nan,nan
2016-09-26@10:30:00,nan,nan,nan
2016-09-23@15:00:00,nan,nan,nan
2016-09-23@14:00:00,nan,nan,nan
2016-09-23@11:30:00,nan,nan,nan
2016-09-23@10:30:00,nan,nan,nan
2016-09-22@15:00:00,nan,nan,nan
2016-09-22@14:00:00,nan,nan,nan
2016-09-22@11:30:00,nan,nan,nan
2016-09-22@10:30:00,nan,nan,nan
2016-09-21@15:00:00,nan,nan,nan
2016-09-21@14:00:00,nan,nan,nan
2016-09-21@11:30:00,nan,nan,nan
2016-09-21@10:30:00,nan,nan,nan
2016-09-20@15:00:00,nan,nan,nan
2016-09-20@14:00:00,nan,nan,nan
2016-09-20@11:30:00,nan,nan,nan
2016-09-20@10:30:00,nan,nan,nan
2016-09-19@15:00:00,nan,nan,nan
2016-09-19@14:00:00,nan,nan,nan
2016-09-19@11:30:00,nan,nan,nan
2016-09-19@10:30:00,nan,nan,nan
2016-09-14@15:00:00,nan,nan,nan
2016-09-14@14:00:00,nan,nan,nan
2016-09-14@11:30:00,nan,nan,nan
2016-09-14@10:30:00,nan,nan,nan
2016-09-13@15:00:00,nan,nan,nan
2016-09-13@14:00:00,nan,nan,nan
