2017-06-30,5.952,5.641,5.329
2017-06-29,5.929,5.614,5.299
2017-06-28,5.904,5.584,5.263
2017-06-27,5.876,5.557,5.238
2017-06-26,5.837,5.534,5.231
2017-06-23,5.796,5.514,5.232
2017-06-22,5.787,5.492,5.197
2017-06-21,5.759,5.469,5.178
2017-06-20,5.724,5.449,5.173
2017-06-19,5.676,5.430,5.183
2017-06-16,5.625,5.410,5.194
2017-06-15,5.602,5.399,5.195
2017-06-14,5.573,5.387,5.201
2017-06-13,5.547,5.373,5.199
2017-06-12,5.520,5.358,5.196
2017-06-09,5.514,5.349,5.184
2017-06-08,5.484,5.340,5.195
2017-06-07,5.470,5.336,5.202
2017-06-06,5.441,5.330,5.219
2017-06-05,5.439,5.330,5.220
2017-06-02,5.507,5.341,5.175
2017-06-01,5.601,5.361,5.120
2017-05-31,5.691,5.387,5.082
2017-05-26,5.768,5.412,5.056
2017-05-25,5.824,5.433,5.042
2017-05-24,5.871,5.452,5.033
2017-05-23,5.911,5.480,5.048
2017-05-22,5.934,5.503,5.071
2017-05-19,5.961,5.525,5.089
2017-05-18,5.981,5.544,5.107
2017-05-17,6.002,5.568,5.133
2017-05-16,6.044,5.596,5.148
2017-05-15,6.099,5.630,5.160
2017-05-12,6.153,5.671,5.188
2017-05-11,6.206,5.717,5.227
2017-05-10,6.222,5.758,5.294
2017-05-09,6.247,5.799,5.350
2017-05-08,6.268,5.835,5.401
2017-05-05,6.268,5.871,5.473
2017-05-04,6.261,5.907,5.553
2017-05-03,6.280,5.935,5.589
2017-05-02,6.295,5.953,5.611
2017-04-28,6.301,5.965,5.629
2017-04-27,6.306,5.976,5.645
2017-04-26,6.303,5.979,5.655
2017-04-25,6.298,5.984,5.670
2017-04-24,6.294,5.992,5.689
2017-04-21,6.280,6.002,5.724
2017-04-20,6.268,6.014,5.759
2017-04-19,6.246,6.027,5.808
2017-04-18,6.226,6.038,5.850
2017-04-17,6.238,6.033,5.828
2017-04-14,6.239,6.028,5.817
2017-04-13,6.235,6.017,5.799
2017-04-12,6.219,6.001,5.782
2017-04-11,6.212,5.991,5.769
2017-04-10,6.197,5.975,5.752
2017-04-07,6.177,5.961,5.744
2017-04-06,6.166,5.957,5.748
2017-04-05,6.160,5.956,5.751
2017-03-31,6.143,5.952,5.761
2017-03-30,6.128,5.948,5.767
2017-03-29,6.131,5.949,5.766
2017-03-28,6.143,5.952,5.761
2017-03-27,6.157,5.963,5.769
2017-03-24,6.164,5.971,5.778
2017-03-23,6.179,5.979,5.779
2017-03-22,6.202,5.990,5.778
2017-03-21,6.236,6.002,5.767
2017-03-20,6.270,6.014,5.757
2017-03-17,6.309,6.028,5.746
2017-03-16,6.316,6.045,5.774
2017-03-15,6.357,6.066,5.774
2017-03-14,6.355,6.076,5.797
2017-03-13,6.359,6.096,5.832
2017-03-10,6.355,6.110,5.864
2017-03-09,6.332,6.125,5.918
2017-03-08,6.306,6.133,5.960
2017-03-07,6.313,6.130,5.946
2017-03-06,6.333,6.118,5.902
2017-03-03,6.344,6.107,5.870
2017-03-02,6.352,6.101,5.850
2017-03-01,6.353,6.098,5.843
2017-02-28,6.355,6.089,5.823
2017-02-27,6.355,6.083,5.811
2017-02-24,6.360,6.076,5.791
2017-02-23,6.364,6.063,5.761
2017-02-22,6.365,6.045,5.725
2017-02-21,6.350,6.024,5.698
2017-02-20,6.332,5.999,5.666
2017-02-17,6.302,5.970,5.637
2017-02-16,6.283,5.947,5.611
2017-02-15,6.215,5.918,5.620
2017-02-14,6.194,5.907,5.620
2017-02-13,6.139,5.893,5.646
2017-02-10,6.092,5.878,5.663
2017-02-09,6.044,5.863,5.682
2017-02-08,6.024,5.857,5.689
2017-02-07,6.011,5.851,5.691
2017-02-06,6.009,5.850,5.691
2017-02-03,6.005,5.846,5.687
2017-01-26,6.000,5.842,5.683
2017-01-25,5.974,5.829,5.684
2017-01-24,5.962,5.822,5.681
2017-01-23,5.940,5.811,5.681
2017-01-20,5.931,5.803,5.674
2017-01-19,5.929,5.801,5.673
2017-01-18,5.929,5.801,5.673
2017-01-17,5.931,5.796,5.661
2017-01-16,5.932,5.799,5.666
2017-01-13,5.931,5.807,5.683
2017-01-12,5.935,5.815,5.694
2017-01-11,5.940,5.822,5.703
2017-01-10,5.952,5.825,5.697
2017-01-09,5.947,5.824,5.700
2017-01-06,6.001,5.835,5.668
2017-01-05,6.060,5.849,5.638
2017-01-04,6.122,5.865,5.607
2017-01-03,6.154,5.877,5.599
2016-12-30,6.198,5.893,5.587
2016-12-29,6.240,5.912,5.583
2016-12-28,6.287,5.933,5.579
2016-12-27,6.323,5.957,5.591
2016-12-26,6.413,5.993,5.572
2016-12-23,6.527,6.038,5.548
2016-12-22,6.595,6.079,5.562
2016-12-21,6.662,6.117,5.572
2016-12-20,6.718,6.157,5.595
2016-12-19,6.779,6.208,5.636
2016-12-16,6.809,6.247,5.685
2016-12-15,6.841,6.286,5.731
2016-12-14,6.886,6.330,5.774
2016-12-13,6.904,6.370,5.835
2016-12-12,6.929,6.410,5.890
2016-12-09,6.982,6.462,5.941
2016-12-08,7.014,6.500,5.985
2016-12-07,7.026,6.530,6.034
2016-12-06,7.021,6.551,6.080
2016-12-05,6.996,6.572,6.148
2016-12-02,6.981,6.598,6.214
2016-12-01,6.952,6.617,6.282
2016-11-30,6.922,6.633,6.343
2016-11-29,6.887,6.642,6.397
2016-11-28,6.882,6.649,6.415
2016-11-25,6.883,6.650,6.416
2016-11-24,6.886,6.656,6.426
2016-11-23,6.886,6.659,6.431
2016-11-22,6.895,6.667,6.438
2016-11-21,6.963,6.683,6.402
2016-11-18,6.963,6.682,6.400
2016-11-17,7.068,6.649,6.229
2016-11-16,7.145,6.604,6.062
2016-11-15,7.184,6.566,5.947
2016-11-14,7.193,6.527,5.860
2016-11-11,7.173,6.469,5.765
2016-11-10,7.153,6.419,5.684
2016-11-09,7.138,6.371,5.604
2016-11-08,7.131,6.330,5.529
2016-11-07,7.118,6.296,5.473
2016-11-04,7.088,6.247,5.405
2016-11-03,7.065,6.200,5.335
2016-11-02,7.037,6.155,5.272
2016-11-01,7.022,6.111,5.200
2016-10-31,6.967,6.061,5.154
2016-10-28,6.893,6.006,5.119
2016-10-27,6.798,5.954,5.109
2016-10-26,6.699,5.903,5.107
2016-10-25,6.549,5.845,5.141
2016-10-24,6.223,5.772,5.320
2016-10-21,5.997,5.720,5.443
2016-10-20,5.970,5.694,5.418
2016-10-19,5.952,5.679,5.405
2016-10-18,5.918,5.661,5.404
2016-10-17,5.864,5.647,5.429
2016-10-14,5.845,5.640,5.435
2016-10-13,5.815,5.630,5.445
2016-10-12,5.798,5.625,5.452
2016-10-11,5.776,5.619,5.461
2016-10-10,5.728,5.604,5.479
2016-09-30,5.714,5.596,5.478
2016-09-29,5.708,5.593,5.477
2016-09-28,5.703,5.589,5.474
2016-09-27,5.703,5.588,5.472
2016-09-26,5.702,5.585,5.468
2016-09-23,5.702,5.585,5.468
2016-09-22,5.697,5.581,5.465
2016-09-21,5.694,5.580,5.465
2016-09-20,5.695,5.580,5.465
2016-09-19,5.706,5.585,5.464
2016-09-14,5.759,5.600,5.440
2016-09-13,5.805,5.621,5.436
2016-09-12,5.861,5.640,5.418
2016-09-09,5.895,5.655,5.415
2016-09-08,5.913,5.663,5.412
2016-09-07,5.917,5.665,5.413
2016-09-06,5.948,5.678,5.408
2016-09-05,5.969,5.687,5.405
2016-09-02,6.004,5.702,5.399
2016-09-01,6.002,5.709,5.415
2016-08-31,6.000,5.716,5.431
2016-08-30,5.998,5.720,5.441
2016-08-29,5.997,5.728,5.458
2016-08-26,5.990,5.735,5.479
2016-08-25,5.992,5.734,5.475
2016-08-24,6.001,5.729,5.457
2016-08-23,6.010,5.725,5.440
2016-08-22,6.008,5.727,5.446
2016-08-19,6.019,5.721,5.422
2016-08-18,6.028,5.711,5.393
2016-08-17,6.017,5.696,5.375
2016-08-16,5.997,5.679,5.361
2016-08-15,5.964,5.666,5.367
2016-08-12,5.938,5.655,5.372
2016-08-11,5.927,5.651,5.375
2016-08-10,5.922,5.649,5.375
2016-08-09,5.895,5.641,5.387
2016-08-08,5.868,5.634,5.399
2016-08-05,5.813,5.608,5.403
2016-08-04,5.827,5.590,5.353
2016-08-03,5.818,5.578,5.338
2016-08-02,5.810,5.570,5.329
2016-08-01,5.790,5.558,5.325
2016-07-29,5.777,5.549,5.321
2016-07-28,5.817,5.530,5.243
2016-07-27,5.843,5.514,5.185
2016-07-26,5.858,5.500,5.142
2016-07-25,5.866,5.474,5.081
2016-07-22,5.876,5.457,5.037
2016-07-21,5.931,5.423,4.915
2016-07-20,5.944,5.391,4.838
2016-07-19,5.950,5.359,4.767
2016-07-18,5.948,5.313,4.677
2016-07-15,5.929,5.266,4.602
2016-07-14,5.874,5.219,4.564
2016-07-13,5.830,5.168,4.506
2016-07-12,5.754,5.116,4.477
2016-07-11,5.673,5.059,4.445
2016-07-08,5.641,5.016,4.390
2016-07-07,5.605,4.990,4.375
2016-07-06,5.540,4.958,4.376
2016-07-05,5.455,4.923,4.391
2016-07-04,5.358,4.891,4.423
2016-07-01,5.231,4.856,4.480
2016-06-30,5.189,4.839,4.489
2016-06-29,5.139,4.821,4.503
2016-06-28,5.070,4.795,4.519
2016-06-27,5.015,4.773,4.531
2016-06-24,4.933,4.754,4.575
2016-06-23,4.929,4.747,4.565
2016-06-22,4.909,4.733,4.557
2016-06-21,4.887,4.722,4.557
2016-06-20,4.885,4.718,4.551
2016-06-17,4.885,4.714,4.543
2016-06-16,4.873,4.706,4.538
2016-06-15,4.878,4.711,4.543
2016-06-14,4.890,4.717,4.543
2016-06-13,4.891,4.726,4.561
2016-06-08,4.887,4.738,4.589
2016-06-07,4.884,4.737,4.590
2016-06-06,4.886,4.738,4.589
2016-06-03,4.886,4.738,4.589
2016-06-02,4.943,4.748,4.553
2016-06-01,5.056,4.770,4.483
2016-05-31,5.134,4.789,4.444
2016-05-30,5.203,4.810,4.417
2016-05-27,5.248,4.835,4.421
2016-05-26,5.290,4.860,4.429
2016-05-25,5.323,4.879,4.435
2016-05-24,5.359,4.906,4.453
2016-05-23,5.389,4.936,4.483
2016-05-20,5.413,4.964,4.514
2016-05-19,5.424,4.990,4.556
2016-05-18,5.423,5.015,4.607
2016-05-17,5.437,5.049,4.660
2016-05-16,5.474,5.081,4.687
2016-05-13,5.501,5.109,4.716
2016-05-12,5.542,5.145,4.747
2016-05-11,5.586,5.183,4.779
2016-05-10,5.601,5.218,4.835
2016-05-09,5.583,5.244,4.904
2016-05-06,5.534,5.264,4.994
2016-05-05,5.525,5.270,5.014
2016-05-04,5.525,5.267,5.009
2016-05-03,5.526,5.269,5.012
2016-04-29,5.527,5.266,5.004
2016-04-28,5.529,5.264,4.998
2016-04-27,5.532,5.260,4.988
2016-04-26,5.545,5.253,4.960
2016-04-25,5.549,5.246,4.942
2016-04-22,5.549,5.240,4.931
2016-04-21,5.550,5.234,4.917
2016-04-20,5.552,5.237,4.921
2016-04-19,5.554,5.241,4.928
2016-04-18,5.554,5.241,4.928
2016-04-15,5.535,5.231,4.927
2016-04-14,5.520,5.218,4.916
2016-04-13,5.479,5.194,4.908
2016-04-12,5.405,5.168,4.931
2016-04-11,5.330,5.149,4.967
2016-04-08,5.300,5.136,4.971
2016-04-07,5.296,5.126,4.956
2016-04-06,5.294,5.125,4.955
2016-04-05,5.346,5.136,4.926
2016-04-01,5.399,5.147,4.895
2016-03-31,5.426,5.158,4.889
2016-03-30,5.449,5.170,4.890
2016-03-29,5.470,5.182,4.894
2016-03-28,5.466,5.186,4.905
2016-03-25,5.482,5.177,4.872
2016-03-24,5.485,5.172,4.858
2016-03-23,5.520,5.154,4.788
2016-03-22,5.517,5.152,4.787
2016-03-21,5.509,5.143,4.776
2016-03-18,5.490,5.126,4.761
2016-03-17,5.494,5.106,4.718
2016-03-16,5.497,5.093,4.688
2016-03-15,5.502,5.084,4.666
2016-03-14,5.509,5.071,4.632
2016-03-11,5.525,5.047,4.568
2016-03-10,5.538,5.024,4.509
2016-03-09,5.544,5.006,4.468
2016-03-08,5.543,4.980,4.417
2016-03-07,5.485,4.943,4.401
2016-03-04,5.405,4.899,4.393
2016-03-03,5.332,4.872,4.411
2016-03-02,5.249,4.838,4.427
2016-03-01,5.150,4.813,4.475
2016-02-29,5.121,4.803,4.484
2016-02-26,5.217,4.825,4.432
2016-02-25,5.265,4.837,4.409
2016-02-24,5.309,4.860,4.410
2016-02-23,5.312,4.860,4.408
2016-02-22,5.361,4.874,4.386
2016-02-19,5.383,4.883,4.382
2016-02-18,5.421,4.903,4.384
2016-02-17,5.538,4.940,4.342
2016-02-16,5.608,4.971,4.334
2016-02-15,5.691,5.011,4.330
2016-02-05,5.773,5.062,4.350
2016-02-04,5.962,5.139,4.315
2016-02-03,5.999,5.185,4.370
2016-02-02,6.145,5.265,4.384
2016-02-01,6.164,5.313,4.462
2016-01-29,6.151,5.362,4.573
2016-01-28,6.227,5.425,4.622
2016-01-27,6.277,5.497,4.716
2016-01-26,6.321,5.560,4.798
2016-01-25,6.337,5.619,4.901
2016-01-22,6.410,5.663,4.915
2016-01-21,6.467,5.710,4.953
2016-01-20,6.528,5.767,5.006
2016-01-19,6.592,5.827,5.062
2016-01-18,6.639,5.880,5.120
2016-01-15,6.628,5.933,5.238
2016-01-14,6.609,5.986,5.362
2016-01-13,6.612,6.013,5.414
2016-01-12,6.592,6.048,5.503
2016-01-11,6.590,6.083,5.576
2016-01-08,6.570,6.103,5.636
2016-01-07,6.566,6.100,5.633
2016-01-06,6.525,6.121,5.716
2016-01-05,6.518,6.109,5.699
2016-01-04,6.486,6.137,5.787
2015-12-31,6.403,6.169,5.934
2015-12-30,6.416,6.181,5.945
2015-12-29,6.428,6.190,5.951
2015-12-28,6.429,6.189,5.948
2015-12-25,6.431,6.188,5.944
2015-12-24,6.431,6.179,5.927
2015-12-23,6.499,6.197,5.895
2015-12-22,6.539,6.208,5.876
2015-12-21,6.553,6.211,5.869
2015-12-18,6.600,6.223,5.846
2015-12-17,6.699,6.251,5.803
2015-12-16,6.779,6.277,5.774
2015-12-15,6.833,6.304,5.775
2015-12-14,6.873,6.329,5.785
2015-12-11,6.901,6.345,5.789
2015-12-10,6.923,6.373,5.823
2015-12-09,6.974,6.410,5.845
2015-12-08,7.040,6.458,5.876
2015-12-07,7.090,6.510,5.930
2015-12-04,7.129,6.545,5.960
2015-12-03,7.145,6.573,6.001
2015-12-02,7.155,6.594,6.033
2015-12-01,7.151,6.600,6.049
2015-11-30,7.142,6.604,6.065
2015-11-27,7.126,6.609,6.092
2015-11-26,7.090,6.623,6.155
2015-11-25,7.089,6.618,6.147
2015-11-24,7.089,6.614,6.139
2015-11-23,7.090,6.617,6.144
2015-11-20,7.091,6.619,6.146
2015-11-19,7.078,6.611,6.144
2015-11-18,7.063,6.602,6.140
2015-11-17,7.054,6.588,6.122
2015-11-16,7.089,6.602,6.114
2015-11-13,7.137,6.621,6.105
2015-11-12,7.196,6.644,6.092
2015-11-11,7.199,6.646,6.092
2015-11-10,7.161,6.628,6.094
2015-11-09,7.118,6.612,6.105
2015-11-06,7.098,6.604,6.110
2015-11-05,7.079,6.586,6.093
2015-11-04,7.066,6.569,6.071
2015-11-03,7.101,6.548,5.994
2015-11-02,7.127,6.537,5.947
2015-10-30,7.122,6.541,5.959
2015-10-29,7.126,6.536,5.946
2015-10-28,7.126,6.536,5.946
2015-10-27,7.125,6.532,5.938
2015-10-26,7.133,6.537,5.941
2015-10-23,7.126,6.532,5.937
2015-10-22,7.115,6.519,5.923
2015-10-21,7.108,6.506,5.903
2015-10-20,7.112,6.511,5.910
2015-10-19,7.079,6.463,5.847
2015-10-16,7.006,6.439,5.871
2015-10-15,6.940,6.425,5.909
2015-10-14,6.953,6.428,5.902
2015-10-13,7.000,6.442,5.883
2015-10-12,6.991,6.438,5.885
2015-10-09,6.957,6.422,5.886
2015-10-08,6.961,6.425,5.889
2015-09-30,7.102,6.467,5.832
2015-09-29,7.131,6.511,5.890
2015-09-28,7.128,6.554,5.980
2015-09-25,7.124,6.558,5.991
2015-09-24,7.156,6.544,5.931
2015-09-23,7.161,6.550,5.938
2015-09-22,7.288,6.598,5.907
2015-09-21,7.636,6.672,5.708
2015-09-18,7.960,6.762,5.564
2015-09-17,8.486,6.903,5.319
2015-09-16,8.910,7.050,5.190
2015-09-15,9.551,7.238,4.924
2015-09-14,10.076,7.460,4.844
2015-09-11,10.551,7.661,4.770
2015-09-10,10.942,7.843,4.743
2015-09-09,11.140,7.979,4.818
2015-09-08,11.285,8.106,4.926
2015-09-07,11.312,8.203,5.094
2015-09-02,11.301,8.303,5.304
2015-09-01,11.281,8.400,5.519
2015-08-31,11.302,8.472,5.642
2015-08-28,11.282,8.549,5.816
2015-08-27,11.237,8.607,5.977
2015-08-26,11.119,8.690,6.260
2015-08-25,10.894,8.810,6.726
2015-08-24,10.754,8.871,6.987
2015-08-21,10.686,8.921,7.156
2015-08-20,10.709,8.977,7.244
2015-08-19,10.709,9.001,7.292
2015-08-18,10.688,8.977,7.266
2015-08-17,10.658,8.933,7.207
2015-08-14,10.469,8.822,7.175
2015-08-13,10.219,8.696,7.172
2015-08-12,9.909,8.545,7.180
2015-08-11,9.543,8.393,7.243
2015-08-10,9.324,8.323,7.322
2015-08-07,9.250,8.308,7.366
2015-08-06,9.232,8.297,7.362
2015-08-05,9.240,8.256,7.272
2015-08-04,9.323,8.179,7.034
2015-08-03,9.274,8.129,6.984
2015-07-31,9.253,8.083,6.912
2015-07-30,9.274,8.101,6.927
2015-07-29,9.439,8.167,6.894
2015-07-28,9.835,8.264,6.692
2015-07-27,10.515,8.445,6.374
2015-07-24,10.948,8.582,6.216
2015-07-23,11.320,8.685,6.049
2015-07-22,12.001,8.872,5.743
2015-07-21,12.669,9.082,5.494
2015-07-20,12.997,9.249,5.501
2015-07-17,13.184,9.398,5.612
2015-07-16,13.459,9.597,5.734
2015-07-15,13.777,9.847,5.916
2015-07-14,13.876,10.051,6.226
2015-07-13,13.960,10.200,6.439
2015-07-10,14.108,10.328,6.548
2015-07-09,14.154,10.471,6.788
2015-07-08,14.117,10.663,7.209
2015-07-07,13.873,10.881,7.888
2015-07-06,13.636,11.009,8.381
2015-07-03,13.293,11.117,8.941
2015-07-02,13.083,11.182,9.280
2015-07-01,13.139,11.165,9.190
2015-06-30,13.243,11.107,8.970
2015-06-29,13.297,10.989,8.680
2015-06-26,13.446,10.847,8.247
2015-06-25,13.492,10.705,7.918
2015-06-24,13.257,10.544,7.831
2015-06-23,12.908,10.351,7.794
2015-06-19,12.763,10.208,7.652
2015-06-18,12.710,10.079,7.447
2015-06-17,12.521,9.894,7.266
2015-06-16,12.130,9.671,7.212
2015-06-15,11.906,9.499,7.091
2015-06-12,11.713,9.328,6.942
2015-06-11,11.333,9.142,6.950
2015-06-10,11.000,8.997,6.994
2015-06-09,10.530,8.833,7.135
2015-06-08,9.986,8.689,7.391
2015-06-05,9.692,8.588,7.483
2015-06-04,9.527,8.502,7.476
2015-06-03,9.342,8.410,7.478
2015-06-02,9.283,8.378,7.473
2015-06-01,9.200,8.353,7.506
2015-05-29,9.310,8.375,7.439
2015-05-28,9.407,8.419,7.431
2015-05-27,9.595,8.477,7.358
2015-05-26,9.728,8.504,7.280
2015-05-25,9.767,8.517,7.266
2015-05-22,9.748,8.506,7.263
2015-05-21,9.779,8.526,7.273
2015-05-20,9.795,8.553,7.311
2015-05-19,9.804,8.584,7.363
2015-05-18,9.801,8.587,7.373
2015-05-15,9.801,8.588,7.374
2015-05-14,9.841,8.564,7.287
2015-05-13,9.906,8.512,7.117
2015-05-12,9.939,8.478,7.017
2015-05-11,9.964,8.430,6.896
2015-05-08,9.995,8.385,6.774
2015-05-07,10.035,8.345,6.655
2015-05-06,10.059,8.319,6.578
2015-05-05,10.061,8.275,6.489
2015-05-04,10.042,8.204,6.365
2015-04-30,9.883,8.084,6.285
2015-04-29,9.768,7.978,6.187
2015-04-28,9.524,7.841,6.157
2015-04-27,9.128,7.700,6.272
2015-04-24,8.846,7.579,6.311
2015-04-23,8.696,7.492,6.287
2015-04-22,8.448,7.385,6.322
2015-04-21,8.191,7.296,6.402
2015-04-20,7.866,7.213,6.559
2015-04-17,7.676,7.150,6.623
2015-04-16,7.551,7.105,6.659
2015-04-15,7.491,7.075,6.658
2015-04-14,7.481,7.048,6.615
2015-04-13,7.440,7.004,6.568
2015-04-10,7.412,6.958,6.503
2015-04-09,7.408,6.911,6.414
2015-04-08,7.431,6.866,6.301
2015-04-07,7.402,6.819,6.235
2015-04-03,7.326,6.763,6.200
2015-04-02,7.291,6.714,6.136
2015-04-01,7.270,6.664,6.058
2015-03-31,7.236,6.628,6.019
2015-03-30,7.217,6.594,5.971
2015-03-27,7.148,6.561,5.973
2015-03-26,7.113,6.531,5.948
2015-03-25,7.068,6.501,5.933
2015-03-24,7.051,6.467,5.882
2015-03-23,6.989,6.428,5.867
2015-03-20,6.901,6.388,5.874
2015-03-19,6.830,6.352,5.874
2015-03-18,6.730,6.312,5.893
2015-03-17,6.610,6.269,5.927
2015-03-16,6.517,6.234,5.950
2015-03-13,6.470,6.200,5.930
2015-03-12,6.441,6.172,5.903
2015-03-11,6.415,6.158,5.901
2015-03-10,6.419,6.160,5.900
2015-03-09,6.411,6.157,5.903
2015-03-06,6.395,6.148,5.901
2015-03-05,6.413,6.155,5.896
2015-03-04,6.470,6.174,5.877
2015-03-03,6.496,6.182,5.867
2015-03-02,6.557,6.200,5.842
2015-02-27,6.617,6.213,5.809
2015-02-26,6.667,6.230,5.792
2015-02-25,6.721,6.248,5.774
2015-02-17,6.761,6.273,5.785
2015-02-16,6.767,6.282,5.797
2015-02-13,6.771,6.290,5.808
2015-02-12,6.902,6.333,5.764
2015-02-11,7.003,6.378,5.753
2015-02-10,7.037,6.414,5.791
2015-02-09,7.091,6.458,5.825
2015-02-06,7.123,6.510,5.896
2015-02-05,7.211,6.578,5.944
2015-02-04,7.340,6.646,5.951
2015-02-03,7.533,6.718,5.903
2015-02-02,7.643,6.782,5.921
2015-01-30,7.732,6.857,5.982
2015-01-29,7.727,6.886,6.046
2015-01-28,7.723,6.898,6.074
2015-01-27,7.721,6.924,6.128
2015-01-26,7.736,6.952,6.169
2015-01-23,7.742,6.969,6.196
2015-01-22,7.738,6.976,6.214
2015-01-21,7.735,6.985,6.236
2015-01-20,7.770,7.025,6.281
2015-01-19,7.734,7.044,6.355
2015-01-16,7.773,7.034,6.295
2015-01-15,7.846,6.984,6.123
2015-01-14,7.874,6.944,6.014
2015-01-13,7.925,6.905,5.885
2015-01-12,7.948,6.862,5.776
2015-01-09,7.966,6.813,5.661
2015-01-08,7.938,6.748,5.558
2015-01-07,7.875,6.668,5.462
2015-01-06,7.713,6.592,5.472
2015-01-05,7.573,6.517,5.462
2014-12-31,7.384,6.454,5.525
2014-12-30,7.335,6.405,5.476
2014-12-29,7.320,6.354,5.388
2014-12-26,7.266,6.286,5.306
2014-12-25,7.216,6.183,5.151
2014-12-24,7.164,6.084,5.005
2014-12-23,7.133,5.996,4.860
2014-12-22,7.053,5.903,4.754
2014-12-19,6.791,5.780,4.769
2014-12-18,6.687,5.684,4.682
2014-12-17,6.677,5.617,4.558
2014-12-16,6.659,5.555,4.451
2014-12-15,6.597,5.486,4.375
2014-12-12,6.550,5.431,4.313
2014-12-11,6.476,5.376,4.276
2014-12-10,6.404,5.326,4.248
2014-12-09,6.324,5.278,4.232
2014-12-08,6.254,5.230,4.207
2014-12-05,6.097,5.160,4.224
2014-12-04,5.957,5.094,4.231
2014-12-03,5.668,5.014,4.361
2014-12-02,5.460,4.955,4.450
2014-12-01,5.287,4.915,4.543
2014-11-28,5.086,4.874,4.662
2014-11-27,5.053,4.858,4.664
2014-11-26,5.033,4.842,4.652
2014-11-25,5.034,4.822,4.611
2014-11-24,5.036,4.799,4.563
2014-11-21,5.056,4.775,4.495
2014-11-20,5.065,4.760,4.456
2014-11-19,5.072,4.748,4.424
2014-11-18,5.072,4.736,4.401
2014-11-17,5.066,4.726,4.387
2014-11-14,5.048,4.715,4.382
2014-11-13,5.018,4.699,4.381
2014-11-12,4.978,4.685,4.392
2014-11-11,4.930,4.672,4.415
2014-11-10,4.908,4.666,4.425
2014-11-07,4.915,4.668,4.422
2014-11-06,4.923,4.672,4.421
2014-11-05,4.920,4.671,4.422
2014-11-04,4.915,4.668,4.421
2014-11-03,4.881,4.657,4.434
2014-10-31,4.869,4.652,4.435
2014-10-30,4.855,4.643,4.432
2014-10-29,4.850,4.639,4.429
2014-10-28,4.850,4.642,4.434
2014-10-27,4.850,4.642,4.434
2014-10-24,4.841,4.646,4.451
2014-10-23,4.836,4.653,4.470
2014-10-22,4.831,4.660,4.490
2014-10-21,4.831,4.668,4.506
2014-10-20,4.831,4.667,4.504
2014-10-17,4.833,4.663,4.494
2014-10-16,4.838,4.658,4.478
2014-10-15,4.841,4.649,4.457
2014-10-14,4.834,4.636,4.438
2014-10-13,4.818,4.621,4.425
2014-10-10,4.782,4.603,4.425
2014-10-09,4.759,4.586,4.414
2014-10-08,4.750,4.568,4.386
2014-09-30,4.749,4.550,4.352
2014-09-29,4.752,4.529,4.307
2014-09-26,4.752,4.509,4.267
2014-09-25,4.757,4.491,4.226
2014-09-24,4.754,4.472,4.190
2014-09-23,4.741,4.452,4.164
2014-09-22,4.736,4.441,4.147
2014-09-19,4.729,4.435,4.141
2014-09-18,4.701,4.422,4.143
2014-09-17,4.667,4.410,4.153
2014-09-16,4.617,4.396,4.176
2014-09-15,4.593,4.388,4.184
2014-09-12,4.568,4.381,4.194
2014-09-11,4.551,4.375,4.199
2014-09-10,4.546,4.373,4.201
2014-09-09,4.535,4.370,4.204
2014-09-05,4.528,4.368,4.207
2014-09-04,4.516,4.364,4.211
2014-09-03,4.513,4.363,4.212
2014-09-02,4.531,4.369,4.207
2014-09-01,4.546,4.377,4.207
2014-08-29,4.550,4.385,4.220
2014-08-28,4.545,4.389,4.234
2014-08-27,4.536,4.396,4.255
2014-08-26,4.526,4.399,4.272
2014-08-25,4.516,4.402,4.288
2014-08-22,4.510,4.405,4.301
2014-08-21,4.534,4.397,4.259
2014-08-20,4.562,4.385,4.207
2014-08-19,4.590,4.367,4.144
2014-08-18,4.608,4.348,4.088
2014-08-15,4.625,4.327,4.029
2014-08-14,4.628,4.308,3.988
2014-08-13,4.628,4.289,3.951
2014-08-12,4.611,4.269,3.928
2014-08-11,4.602,4.250,3.897
2014-08-08,4.583,4.227,3.871
2014-08-07,4.568,4.206,3.844
2014-08-06,4.546,4.183,3.820
2014-08-05,4.500,4.157,3.814
2014-08-04,4.444,4.133,3.823
2014-08-01,4.393,4.112,3.832
2014-07-31,4.357,4.098,3.838
2014-07-30,4.313,4.083,3.853
2014-07-29,4.278,4.071,3.864
2014-07-28,nan,nan,nan
2014-07-25,nan,nan,nan
2014-07-24,nan,nan,nan
2014-07-23,nan,nan,nan
2014-07-22,nan,nan,nan
2014-07-21,nan,nan,nan
2014-07-18,nan,nan,nan
2014-07-17,nan,nan,nan
2014-07-16,nan,nan,nan
2014-07-15,nan,nan,nan
2014-07-14,nan,nan,nan
2014-07-11,nan,nan,nan
2014-07-10,nan,nan,nan
2014-07-09,nan,nan,nan
2014-07-08,nan,nan,nan
2014-07-07,nan,nan,nan
2014-07-04,nan,nan,nan
2014-07-03,nan,nan,nan
2014-07-02,nan,nan,nan
