2017-06-30,5.848,5.780,5.641,5.533,5.639
2017-06-29,5.808,5.749,5.614,5.515,5.642
2017-06-28,5.776,5.718,5.584,5.497,5.645
2017-06-27,5.750,5.690,5.557,5.479,5.648
2017-06-26,5.730,5.662,5.534,5.459,5.649
2017-06-23,5.712,5.625,5.514,5.441,5.650
2017-06-22,5.690,5.609,5.492,5.429,5.654
2017-06-21,5.660,5.584,5.469,5.419,5.658
2017-06-20,5.630,5.564,5.449,5.408,5.662
2017-06-19,5.594,5.533,5.430,5.397,5.667
2017-06-16,5.538,5.501,5.410,5.394,5.672
2017-06-15,5.528,5.479,5.399,5.400,5.676
2017-06-14,5.508,5.449,5.387,5.407,5.681
2017-06-13,5.498,5.424,5.373,5.416,5.687
2017-06-12,5.472,5.406,5.358,5.424,5.692
2017-06-09,5.464,5.403,5.349,5.436,5.699
2017-06-08,5.430,5.375,5.340,5.445,5.704
2017-06-07,5.390,5.353,5.336,5.453,5.710
2017-06-06,5.350,5.333,5.330,5.461,5.719
2017-06-05,5.340,5.326,5.330,5.471,5.731
2017-06-02,5.342,5.318,5.341,5.484,5.742
2017-06-01,5.320,5.318,5.361,5.503,5.754
2017-05-31,5.316,5.325,5.387,5.528,5.767
2017-05-26,5.316,5.322,5.412,5.554,5.780
2017-05-25,5.312,5.310,5.433,5.581,5.792
2017-05-24,5.294,5.295,5.452,5.604,5.802
2017-05-23,5.316,5.304,5.480,5.634,5.817
2017-05-22,5.334,5.319,5.503,5.663,5.831
2017-05-19,5.328,5.327,5.525,5.689,5.847
2017-05-18,5.308,5.333,5.544,5.716,5.861
2017-05-17,5.296,5.364,5.568,5.744,5.878
2017-05-16,5.292,5.403,5.596,5.770,5.891
2017-05-15,5.304,5.448,5.630,5.793,5.908
2017-05-12,5.326,5.502,5.671,5.818,5.921
2017-05-11,5.358,5.556,5.717,5.838,5.937
2017-05-10,5.432,5.609,5.758,5.859,5.953
2017-05-09,5.514,5.655,5.799,5.879,5.966
2017-05-08,5.592,5.686,5.835,5.897,5.976
2017-05-05,5.678,5.723,5.871,5.917,5.986
2017-05-04,5.754,5.755,5.907,5.936,5.993
2017-05-03,5.786,5.771,5.935,5.949,5.998
2017-05-02,5.796,5.789,5.953,5.952,6.000
2017-04-28,5.780,5.811,5.965,5.956,6.004
2017-04-27,5.768,5.839,5.976,5.958,6.005
2017-04-26,5.756,5.877,5.979,5.959,6.008
2017-04-25,5.756,5.907,5.984,5.963,6.010
2017-04-24,5.782,5.942,5.992,5.964,6.011
2017-04-21,5.842,5.983,6.002,5.968,6.012
2017-04-20,5.910,6.018,6.014,5.977,6.013
2017-04-19,5.998,6.059,6.027,5.990,6.013
2017-04-18,6.058,6.098,6.038,6.001,6.012
2017-04-17,6.102,6.117,6.033,6.004,6.008
2017-04-14,6.124,6.119,6.028,6.005,6.004
2017-04-13,6.126,6.112,6.017,6.005,6.000
2017-04-12,6.120,6.081,6.001,6.002,5.996
2017-04-11,6.138,6.061,5.991,6.001,5.992
2017-04-10,6.132,6.041,5.975,6.000,5.987
2017-04-07,6.114,6.021,5.961,6.000,5.983
2017-04-06,6.098,6.009,5.957,6.004,5.979
2017-04-05,6.042,5.995,5.956,6.007,5.974
2017-03-31,5.984,5.978,5.952,6.011,5.968
2017-03-30,5.950,5.949,5.948,6.013,5.963
2017-03-29,5.928,5.937,5.949,6.023,5.958
2017-03-28,5.920,5.922,5.952,6.025,5.954
2017-03-27,5.948,5.920,5.963,6.037,5.952
2017-03-24,5.972,5.920,5.971,6.046,5.950
2017-03-23,5.948,5.908,5.979,6.053,5.947
2017-03-22,5.946,5.900,5.990,6.055,5.945
2017-03-21,5.924,5.905,6.002,6.055,5.940
2017-03-20,5.892,5.916,6.014,6.050,5.937
2017-03-17,5.868,5.926,6.028,6.047,5.935
2017-03-16,5.868,5.946,6.045,6.049,5.935
2017-03-15,5.854,5.960,6.066,6.052,5.935
2017-03-14,5.886,5.982,6.076,6.053,5.936
2017-03-13,5.940,6.006,6.096,6.057,5.937
2017-03-10,5.984,6.022,6.110,6.058,5.940
2017-03-09,6.024,6.050,6.125,6.058,5.946
2017-03-08,6.066,6.080,6.133,6.057,5.951
2017-03-07,6.078,6.098,6.130,6.049,5.952
2017-03-06,6.072,6.111,6.118,6.036,5.953
2017-03-03,6.060,6.129,6.107,6.023,5.955
2017-03-02,6.076,6.144,6.101,6.013,5.958
2017-03-01,6.094,6.171,6.098,6.002,5.961
2017-02-28,6.118,6.170,6.089,5.995,5.968
2017-02-27,6.150,6.185,6.083,5.990,5.977
2017-02-24,6.198,6.197,6.076,5.984,5.985
2017-02-23,6.212,6.200,6.063,5.975,5.993
2017-02-22,6.248,6.186,6.045,5.966,6.001
2017-02-21,6.222,6.161,6.024,5.954,6.009
2017-02-20,6.220,6.124,5.999,5.941,6.015
2017-02-17,6.196,6.085,5.970,5.926,6.021
2017-02-16,6.188,6.058,5.947,5.914,6.030
2017-02-15,6.124,6.025,5.918,5.894,6.036
2017-02-14,6.100,6.008,5.907,5.884,6.047
2017-02-13,6.028,5.981,5.893,5.867,6.059
2017-02-10,5.974,5.954,5.878,5.853,6.070
2017-02-09,5.928,5.925,5.863,5.842,6.081
2017-02-08,5.926,5.904,5.857,5.835,6.090
2017-02-07,5.916,5.887,5.851,5.826,6.100
2017-02-06,5.934,5.874,5.850,5.824,6.113
2017-02-03,5.934,5.854,5.846,5.823,6.125
2017-01-26,5.922,5.836,5.842,5.822,6.136
2017-01-25,5.882,5.810,5.829,5.818,6.143
2017-01-24,5.858,5.806,5.822,5.818,6.154
2017-01-23,5.814,5.804,5.811,5.817,6.166
2017-01-20,5.774,5.801,5.803,5.823,6.179
2017-01-19,5.750,5.801,5.801,5.833,6.192
2017-01-18,5.738,5.809,5.801,5.846,6.208
2017-01-17,5.754,5.815,5.796,5.856,6.229
2017-01-16,5.794,5.826,5.799,5.870,6.242
2017-01-13,5.828,5.838,5.807,5.887,6.247
2017-01-12,5.852,5.847,5.815,5.904,6.249
2017-01-11,5.880,5.848,5.822,5.921,6.252
2017-01-10,5.876,5.837,5.825,5.941,6.253
2017-01-09,5.858,5.817,5.824,5.964,6.251
2017-01-06,5.848,5.804,5.835,5.987,6.251
2017-01-05,5.842,5.801,5.849,6.012,6.250
2017-01-04,5.816,5.793,5.865,6.035,6.248
2017-01-03,5.798,5.777,5.877,6.064,6.248
2016-12-30,5.776,5.772,5.893,6.089,6.245
2016-12-29,5.760,5.776,5.912,6.116,6.243
2016-12-28,5.760,5.782,5.933,6.147,6.240
2016-12-27,5.770,5.795,5.957,6.178,6.237
2016-12-26,5.756,5.812,5.993,6.210,6.234
2016-12-23,5.768,5.830,6.038,6.251,6.231
2016-12-22,5.792,5.865,6.079,6.288,6.229
2016-12-21,5.804,5.897,6.117,6.319,6.226
2016-12-20,5.820,5.936,6.157,6.346,6.223
2016-12-19,5.868,5.976,6.208,6.373,6.220
2016-12-16,5.892,6.013,6.247,6.403,6.216
2016-12-15,5.938,6.047,6.286,6.427,6.209
2016-12-14,5.990,6.084,6.330,6.450,6.204
2016-12-13,6.052,6.119,6.370,6.468,6.199
2016-12-12,6.084,6.173,6.410,6.490,6.194
2016-12-09,6.134,6.245,6.462,6.515,6.190
2016-12-08,6.156,6.292,6.500,6.535,6.183
2016-12-07,6.178,6.337,6.530,6.551,6.175
2016-12-06,6.186,6.377,6.551,6.570,6.166
2016-12-05,6.262,6.439,6.572,6.601,6.157
2016-12-02,6.356,6.481,6.598,6.615,6.147
2016-12-01,6.428,6.525,6.617,6.607,6.136
2016-11-30,6.496,6.576,6.633,6.594,6.125
2016-11-29,6.568,6.620,6.642,6.584,6.113
2016-11-28,6.616,6.646,6.649,6.566,6.098
2016-11-25,6.606,6.678,6.650,6.539,6.080
2016-11-24,6.622,6.707,6.656,6.515,6.063
2016-11-23,6.656,6.723,6.659,6.488,6.047
2016-11-22,6.672,6.724,6.667,6.461,6.030
2016-11-21,6.676,6.705,6.683,6.432,6.013
2016-11-18,6.750,6.714,6.682,6.402,6.000
2016-11-17,6.792,6.709,6.649,6.370,5.988
2016-11-16,6.790,6.689,6.604,6.333,5.974
2016-11-15,6.776,6.664,6.566,6.295,5.960
2016-11-14,6.734,6.651,6.527,6.257,5.945
2016-11-11,6.678,6.621,6.469,6.211,5.925
2016-11-10,6.626,6.605,6.419,6.171,5.909
2016-11-09,6.588,6.594,6.371,6.133,5.894
2016-11-08,6.552,6.609,6.330,6.100,5.883
2016-11-07,6.568,6.660,6.296,6.068,5.869
2016-11-04,6.564,6.649,6.247,6.030,5.853
2016-11-03,6.584,6.588,6.200,5.992,5.837
2016-11-02,6.600,6.518,6.155,5.958,5.823
2016-11-01,6.666,6.467,6.111,5.930,5.811
2016-10-31,6.752,6.402,6.061,5.898,5.793
2016-10-28,6.734,6.317,6.006,5.866,5.773
2016-10-27,6.592,6.232,5.954,5.831,5.753
2016-10-26,6.436,6.148,5.903,5.799,5.736
2016-10-25,6.268,6.051,5.845,5.763,5.715
2016-10-24,6.052,5.931,5.772,5.713,5.689
2016-10-21,5.900,5.844,5.720,5.679,5.672
2016-10-20,5.872,5.812,5.694,5.666,5.664
2016-10-19,5.860,5.791,5.679,5.656,5.661
2016-10-18,5.834,5.755,5.661,5.643,5.657
2016-10-17,5.810,5.719,5.647,5.630,5.653
2016-10-14,5.788,5.695,5.640,5.622,5.651
2016-10-13,5.752,5.675,5.630,5.612,5.650
2016-10-12,5.722,5.658,5.625,5.606,5.648
2016-10-11,5.676,5.639,5.619,5.600,5.643
2016-10-10,5.628,5.612,5.604,5.594,5.634
2016-09-30,5.602,5.596,5.596,5.598,5.630
2016-09-29,5.598,5.576,5.593,5.606,5.627
2016-09-28,5.594,5.566,5.589,5.615,5.624
2016-09-27,5.602,5.567,5.588,5.626,5.624
2016-09-26,5.596,5.574,5.585,5.633,5.616
2016-09-23,5.590,5.585,5.585,5.638,5.609
2016-09-22,5.554,5.585,5.581,5.647,5.602
2016-09-21,5.538,5.592,5.580,5.655,5.593
2016-09-20,5.532,5.598,5.580,5.667,5.586
2016-09-19,5.552,5.595,5.585,5.671,5.573
2016-09-14,5.580,5.596,5.600,5.676,5.562
2016-09-13,5.616,5.609,5.621,5.683,5.553
2016-09-12,5.646,5.611,5.640,5.689,5.539
2016-09-09,5.664,5.608,5.655,5.692,5.525
2016-09-08,5.638,5.596,5.663,5.688,5.511
2016-09-07,5.612,5.585,5.665,5.681,5.494
2016-09-06,5.602,5.577,5.678,5.676,5.478
2016-09-05,5.576,5.567,5.687,5.674,5.460
2016-09-02,5.552,5.562,5.702,5.668,5.442
2016-09-01,5.554,5.575,5.709,5.665,5.429
2016-08-31,5.558,5.603,5.716,5.665,5.417
2016-08-30,5.552,5.632,5.720,5.663,5.404
2016-08-29,5.558,5.668,5.728,5.666,5.392
2016-08-26,5.572,5.702,5.735,5.671,5.380
2016-08-25,5.596,5.729,5.734,5.677,5.368
2016-08-24,5.648,5.745,5.729,5.681,5.355
2016-08-23,5.712,5.779,5.725,5.687,5.340
2016-08-22,5.778,5.807,5.727,5.691,5.325
2016-08-19,5.832,5.841,5.721,5.686,5.310
2016-08-18,5.862,5.842,5.711,5.674,5.294
2016-08-17,5.842,5.828,5.696,5.661,5.273
2016-08-16,5.846,5.807,5.679,5.649,5.253
2016-08-15,5.836,5.787,5.666,5.634,5.232
2016-08-12,5.850,5.767,5.655,5.622,5.212
2016-08-11,5.822,5.738,5.651,5.599,5.192
2016-08-10,5.814,5.713,5.649,5.580,5.176
2016-08-09,5.768,5.671,5.641,5.557,5.158
2016-08-08,5.738,5.647,5.634,5.531,5.139
2016-08-05,5.684,5.600,5.608,5.504,5.121
2016-08-04,5.654,5.579,5.590,5.475,5.106
2016-08-03,5.612,5.564,5.578,5.449,5.091
2016-08-02,5.574,5.551,5.570,5.423,5.077
2016-08-01,5.556,5.544,5.558,5.390,5.065
2016-07-29,5.516,5.543,5.549,5.358,5.058
2016-07-28,5.504,5.564,5.530,5.334,5.053
2016-07-27,5.516,5.584,5.514,5.307,5.048
2016-07-26,5.528,5.611,5.500,5.281,5.043
2016-07-25,5.532,5.620,5.474,5.246,5.035
2016-07-22,5.570,5.616,5.457,5.216,5.030
2016-07-21,5.624,5.601,5.423,5.194,5.025
2016-07-20,5.652,5.592,5.391,5.169,5.020
2016-07-19,5.694,5.588,5.359,5.145,5.015
2016-07-18,5.708,5.571,5.313,5.117,5.007
2016-07-15,5.662,5.555,5.266,5.089,4.998
2016-07-14,5.578,5.496,5.219,5.058,4.991
2016-07-13,5.532,5.444,5.168,5.029,4.986
2016-07-12,5.482,5.389,5.116,4.993,4.980
2016-07-11,5.434,5.327,5.059,4.958,4.976
2016-07-08,5.448,5.297,5.016,4.935,4.979
2016-07-07,5.414,5.245,4.990,4.913,4.982
2016-07-06,5.356,5.190,4.958,4.885,4.980
2016-07-05,5.296,5.129,4.923,4.858,4.975
2016-07-04,5.220,5.054,4.891,4.830,4.969
2016-07-01,5.146,4.976,4.856,4.801,4.964
2016-06-30,5.076,4.942,4.839,4.784,4.966
2016-06-29,5.024,4.892,4.821,4.771,4.965
2016-06-28,4.962,4.842,4.795,4.758,4.964
2016-06-27,4.888,4.791,4.773,4.748,4.964
2016-06-24,4.806,4.734,4.754,4.737,4.962
2016-06-23,4.808,4.735,4.747,4.736,4.966
2016-06-22,4.760,4.726,4.733,4.734,4.970
2016-06-21,4.722,4.717,4.722,4.731,4.973
2016-06-20,4.694,4.727,4.718,4.741,4.981
2016-06-17,4.662,4.735,4.714,4.758,4.990
2016-06-16,4.662,4.736,4.706,4.771,4.998
2016-06-15,4.692,4.750,4.711,4.790,5.007
2016-06-14,4.712,4.747,4.717,4.805,5.014
2016-06-13,4.760,4.755,4.726,4.825,5.021
2016-06-08,4.808,4.774,4.738,4.844,5.029
2016-06-07,4.810,4.759,4.737,4.857,5.034
2016-06-06,4.808,4.740,4.738,4.871,5.039
2016-06-03,4.782,4.727,4.738,4.885,5.042
2016-06-02,4.750,4.709,4.748,4.896,5.047
2016-06-01,4.740,4.693,4.770,4.908,5.057
2016-05-31,4.708,4.675,4.789,4.924,5.068
2016-05-30,4.672,4.671,4.810,4.944,5.078
2016-05-27,4.672,4.686,4.835,4.968,5.089
2016-05-26,4.668,4.697,4.860,4.995,5.100
2016-05-25,4.646,4.702,4.879,5.022,5.106
2016-05-24,4.642,4.715,4.906,5.050,5.109
2016-05-23,4.670,4.735,4.936,5.074,5.116
2016-05-20,4.700,4.748,4.964,5.092,5.117
2016-05-19,4.726,4.787,4.990,5.109,5.126
2016-05-18,4.758,4.846,5.015,5.127,5.133
2016-05-17,4.788,4.903,5.049,5.147,5.138
2016-05-16,4.800,4.949,5.081,5.160,5.139
2016-05-13,4.796,4.983,5.109,5.170,5.140
2016-05-12,4.848,5.022,5.145,5.181,5.141
2016-05-11,4.934,5.056,5.183,5.187,5.140
2016-05-10,5.018,5.097,5.218,5.196,5.138
2016-05-09,5.098,5.137,5.244,5.206,5.134
2016-05-06,5.170,5.179,5.264,5.215,5.132
2016-05-05,5.196,5.193,5.270,5.222,5.125
2016-05-04,5.178,5.184,5.267,5.222,5.115
2016-05-03,5.176,5.194,5.269,5.225,5.105
2016-04-29,5.176,5.212,5.266,5.225,5.098
2016-04-28,5.188,5.234,5.264,5.223,5.090
2016-04-27,5.190,5.267,5.260,5.218,5.085
2016-04-26,5.190,5.309,5.253,5.215,5.080
2016-04-25,5.212,5.339,5.246,5.212,5.082
2016-04-22,5.248,5.350,5.240,5.207,5.083
2016-04-21,5.280,5.349,5.234,5.200,5.082
2016-04-20,5.344,5.346,5.237,5.198,5.083
2016-04-19,5.428,5.350,5.241,5.207,5.086
2016-04-18,5.466,5.344,5.241,5.213,5.083
2016-04-15,5.452,5.319,5.231,5.211,5.080
2016-04-14,5.418,5.293,5.218,5.211,5.083
2016-04-13,5.348,5.253,5.194,5.206,5.083
2016-04-12,5.272,5.196,5.168,5.189,5.083
2016-04-11,5.222,5.152,5.149,5.169,5.085
2016-04-08,5.186,5.130,5.136,5.158,5.099
2016-04-07,5.168,5.118,5.126,5.142,5.105
2016-04-06,5.158,5.127,5.125,5.144,5.123
2016-04-05,5.120,5.132,5.136,5.139,5.131
2016-04-01,5.082,5.138,5.147,5.130,5.136
2016-03-31,5.074,5.143,5.158,5.118,5.151
2016-03-30,5.068,5.143,5.170,5.109,5.168
2016-03-29,5.096,5.134,5.182,5.101,5.185
2016-03-28,5.144,5.140,5.186,5.094,5.202
2016-03-25,5.194,5.145,5.177,5.079,5.221
2016-03-24,5.212,5.141,5.172,5.063,5.239
2016-03-23,5.218,5.134,5.154,5.049,5.260
2016-03-22,5.172,5.122,5.152,5.027,5.280
2016-03-21,5.136,5.140,5.143,5.009,5.298
2016-03-18,5.096,5.156,5.126,4.985,5.314
2016-03-17,5.070,5.172,5.106,4.972,5.331
2016-03-16,5.050,5.196,5.093,4.957,5.348
2016-03-15,5.072,5.230,5.084,4.952,5.367
2016-03-14,5.144,5.231,5.071,4.945,5.388
2016-03-11,5.216,5.209,5.047,4.953,5.404
2016-03-10,5.274,5.202,5.024,4.959,5.420
2016-03-09,5.342,5.174,5.006,4.964,5.437
2016-03-08,5.388,5.182,4.980,4.967,5.451
2016-03-07,5.318,5.145,4.943,4.964,5.464
2016-03-04,5.202,5.095,4.899,4.953,5.476
2016-03-03,5.130,5.040,4.872,4.948,5.492
2016-03-02,5.006,4.989,4.838,4.956,5.508
2016-03-01,4.976,4.938,4.813,4.960,5.520
2016-02-29,4.972,4.910,4.803,4.977,5.536
2016-02-26,4.988,4.884,4.825,5.002,5.555
2016-02-25,4.950,4.845,4.837,5.041,5.581
2016-02-24,4.972,4.838,4.860,5.069,5.611
2016-02-23,4.900,4.778,4.860,5.102,5.633
2016-02-22,4.848,4.741,4.874,5.122,5.659
2016-02-19,4.780,4.703,4.883,5.142,5.689
2016-02-18,4.740,4.703,4.903,5.184,5.721
2016-02-17,4.704,4.687,4.940,5.227,5.752
2016-02-16,4.656,4.687,4.971,5.269,5.782
2016-02-15,4.634,4.695,5.011,5.311,5.813
2016-02-05,4.626,4.765,5.062,5.363,5.846
2016-02-04,4.666,4.829,5.139,5.416,5.882
2016-02-03,4.670,4.881,5.185,5.472,5.921
2016-02-02,4.718,4.942,5.265,5.532,5.961
2016-02-01,4.756,5.006,5.313,5.588,5.998
2016-01-29,4.904,5.062,5.362,5.643,6.034
2016-01-28,4.992,5.102,5.425,5.691,6.066
2016-01-27,5.092,5.193,5.497,5.740,6.095
2016-01-26,5.166,5.255,5.560,5.783,6.117
2016-01-25,5.256,5.326,5.619,5.831,6.138
2016-01-22,5.220,5.358,5.663,5.855,6.155
2016-01-21,5.212,5.448,5.710,5.882,6.175
2016-01-20,5.294,5.488,5.767,5.910,6.196
2016-01-19,5.344,5.587,5.827,5.935,6.218
2016-01-18,5.396,5.620,5.880,5.964,6.240
2016-01-15,5.496,5.662,5.933,6.000,6.265
2016-01-14,5.684,5.747,5.986,6.036,6.288
2016-01-13,5.682,5.800,6.013,6.060,6.302
2016-01-12,5.830,5.864,6.048,6.080,6.326
2016-01-11,5.844,5.912,6.083,6.096,6.350
2016-01-08,5.828,5.967,6.103,6.108,6.373
2016-01-07,5.810,5.972,6.100,6.122,6.385
2016-01-06,5.918,6.046,6.121,6.154,6.402
2016-01-05,5.898,6.067,6.109,6.163,6.410
2016-01-04,5.980,6.139,6.137,6.195,6.428
2015-12-31,6.106,6.204,6.169,6.235,6.442
2015-12-30,6.134,6.224,6.181,6.259,6.448
2015-12-29,6.174,6.226,6.190,6.278,6.446
2015-12-28,6.236,6.231,6.189,6.296,6.443
2015-12-25,6.298,6.254,6.188,6.315,6.446
2015-12-24,6.302,6.239,6.179,6.328,6.446
2015-12-23,6.314,6.227,6.197,6.349,6.450
2015-12-22,6.278,6.195,6.208,6.370,6.451
2015-12-21,6.226,6.150,6.211,6.390,6.455
2015-12-18,6.210,6.134,6.223,6.408,6.458
2015-12-17,6.176,6.133,6.251,6.426,6.460
2015-12-16,6.140,6.137,6.277,6.442,6.461
2015-12-15,6.112,6.153,6.304,6.451,6.468
2015-12-14,6.074,6.146,6.329,6.451,6.464
2015-12-11,6.058,6.121,6.345,6.446,6.468
2015-12-10,6.090,6.119,6.373,6.455,6.480
2015-12-09,6.134,6.167,6.410,6.468,6.494
2015-12-08,6.194,6.220,6.458,6.483,6.509
2015-12-07,6.218,6.272,6.510,6.502,6.520
2015-12-04,6.184,6.312,6.545,6.516,6.523
2015-12-03,6.148,6.369,6.573,6.530,6.528
2015-12-02,6.200,6.416,6.594,6.540,6.543
2015-12-01,6.246,6.455,6.600,6.544,6.553
2015-11-30,6.326,6.512,6.604,6.572,6.565
2015-11-27,6.440,6.569,6.609,6.604,6.569
2015-11-26,6.590,6.627,6.623,6.638,6.567
2015-11-25,6.632,6.652,6.618,6.648,6.568
2015-11-24,6.664,6.696,6.614,6.650,6.581
2015-11-23,6.698,6.748,6.617,6.657,6.609
2015-11-20,6.698,6.777,6.619,6.662,6.637
2015-11-19,6.664,6.777,6.611,6.650,6.677
2015-11-18,6.672,6.772,6.602,6.636,6.719
2015-11-17,6.728,6.745,6.588,6.613,6.779
2015-11-16,6.798,6.695,6.602,6.590,6.841
2015-11-13,6.856,6.649,6.621,6.577,6.907
2015-11-12,6.890,6.618,6.644,6.563,6.970
2015-11-11,6.872,6.584,6.646,6.552,7.017
2015-11-10,6.762,6.532,6.628,6.532,7.058
2015-11-09,6.592,6.486,6.612,6.520,7.084
2015-11-06,6.442,6.460,6.604,6.508,7.109
2015-11-05,6.346,6.445,6.586,6.494,7.137
2015-11-04,6.296,6.431,6.569,6.481,7.169
2015-11-03,6.302,6.431,6.548,6.484,7.202
2015-11-02,6.380,6.508,6.537,6.478,7.233
2015-10-30,6.478,6.593,6.541,6.490,7.262
2015-10-29,6.544,6.670,6.536,6.506,7.296
2015-10-28,6.566,6.707,6.536,6.521,7.319
2015-10-27,6.560,6.723,6.532,6.535,7.350
2015-10-26,6.636,6.737,6.537,6.538,7.395
2015-10-23,6.708,6.748,6.532,6.530,7.431
2015-10-22,6.796,6.727,6.519,6.526,7.466
2015-10-21,6.848,6.706,6.506,6.547,7.496
2015-10-20,6.886,6.664,6.511,6.562,7.523
2015-10-19,6.838,6.566,6.463,6.558,7.539
2015-10-16,6.788,6.488,6.439,6.534,7.548
2015-10-15,6.658,6.402,6.425,6.496,7.553
2015-10-14,6.564,6.365,6.428,6.488,7.576
2015-10-13,6.442,6.340,6.442,6.512,7.618
2015-10-12,6.294,6.337,6.438,6.560,7.646
2015-10-09,6.188,6.315,6.422,6.613,7.660
2015-10-08,6.146,6.311,6.425,6.705,7.668
2015-09-30,6.166,6.305,6.467,6.802,7.689
2015-09-29,6.238,6.358,6.511,6.944,7.714
2015-09-28,6.380,6.360,6.554,7.093,7.754
2015-09-25,6.442,6.389,6.558,7.237,7.804
2015-09-24,6.476,6.447,6.544,7.377,7.872
2015-09-23,6.444,6.490,6.550,7.483,7.955
2015-09-22,6.478,6.543,6.598,7.585,8.033
2015-09-21,6.340,6.539,6.672,7.648,8.111
2015-09-18,6.336,6.528,6.762,7.711,8.211
2015-09-17,6.418,6.539,6.903,7.780,8.320
2015-09-16,6.536,6.629,7.050,7.858,8.410
2015-09-15,6.608,6.663,7.238,7.920,8.486
2015-09-14,6.738,6.748,7.460,7.987,8.584
2015-09-11,6.720,6.726,7.661,8.035,8.684
2015-09-10,6.660,6.640,7.843,8.087,8.762
2015-09-09,6.722,6.609,7.979,8.117,8.834
2015-09-08,6.718,6.652,8.106,8.165,8.914
2015-09-07,6.758,6.805,8.203,8.253,8.990
2015-09-02,6.732,6.996,8.303,8.332,9.074
2015-09-01,6.620,7.266,8.400,8.407,9.153
2015-08-31,6.496,7.471,8.472,8.445,9.203
2015-08-28,6.586,7.812,8.549,8.485,9.249
2015-08-27,6.852,8.172,8.607,8.521,9.296
2015-08-26,7.260,8.595,8.690,8.561,9.340
2015-08-25,7.912,9.045,8.810,8.610,9.393
2015-08-24,8.446,9.349,8.871,8.665,9.434
2015-08-21,9.038,9.559,8.921,8.725,9.450
2015-08-20,9.492,9.601,8.977,8.732,9.455
2015-08-19,9.930,9.609,9.001,8.707,9.472
2015-08-18,10.178,9.534,8.977,8.630,9.470
2015-08-17,10.252,9.473,8.933,8.577,9.463
2015-08-14,10.080,9.286,8.822,8.484,9.433
2015-08-13,9.710,9.042,8.696,8.414,9.395
2015-08-12,9.288,8.784,8.545,8.372,9.354
2015-08-11,8.890,8.575,8.393,8.367,9.314
2015-08-10,8.694,8.392,8.323,8.427,9.283
2015-08-07,8.492,8.283,8.308,8.482,9.259
2015-08-06,8.374,8.352,8.297,8.574,9.255
2015-08-05,8.280,8.392,8.256,8.712,9.250
2015-08-04,8.260,8.420,8.179,8.861,9.249
2015-08-03,8.090,8.392,8.129,8.963,9.242
2015-07-31,8.074,8.358,8.083,9.051,9.234
2015-07-30,8.330,8.349,8.101,9.181,9.231
2015-07-29,8.504,8.305,8.167,9.333,9.236
2015-07-28,8.580,8.211,8.264,9.438,9.241
2015-07-27,8.694,8.254,8.445,9.551,9.269
2015-07-24,8.642,8.333,8.582,9.663,9.282
2015-07-23,8.368,8.242,8.685,9.728,9.289
2015-07-22,8.106,8.120,8.872,9.815,9.307
2015-07-21,7.842,7.937,9.082,9.899,9.316
2015-07-20,7.814,7.866,9.249,9.961,9.321
2015-07-17,8.024,7.807,9.398,10.014,9.334
2015-07-16,8.116,7.852,9.597,10.072,9.348
2015-07-15,8.134,8.028,9.847,10.119,9.367
2015-07-14,8.032,8.316,10.051,10.176,9.379
2015-07-13,7.918,8.635,10.200,10.204,9.371
2015-07-10,7.590,8.831,10.328,10.175,9.344
2015-07-09,7.588,9.127,10.471,10.179,9.326
2015-07-08,7.922,9.624,10.663,10.237,9.324
2015-07-07,8.600,10.226,10.881,10.309,9.333
2015-07-06,9.352,10.632,11.009,10.349,9.327
2015-07-03,10.072,10.989,11.117,10.382,9.321
2015-07-02,10.666,11.341,11.182,10.376,9.303
2015-07-01,11.326,11.665,11.165,10.336,9.272
2015-06-30,11.852,11.786,11.107,10.261,9.221
2015-06-29,11.912,11.764,10.989,10.140,9.149
2015-06-26,11.906,11.825,10.847,10.036,9.081
2015-06-25,12.016,11.815,10.705,9.936,9.007
2015-06-24,12.004,11.702,10.544,9.789,8.916
2015-06-23,11.720,11.535,10.351,9.637,8.815
2015-06-19,11.616,11.385,10.208,9.520,8.735
2015-06-18,11.744,11.245,10.079,9.416,8.663
2015-06-17,11.614,11.022,9.894,9.281,8.581
2015-06-16,11.400,10.664,9.671,9.140,8.489
2015-06-15,11.350,10.427,9.499,9.044,8.412
2015-06-12,11.154,10.213,9.328,8.987,8.340
2015-06-11,10.746,9.868,9.142,8.902,8.260
2015-06-10,10.430,9.595,8.997,8.849,8.186
2015-06-09,9.928,9.386,8.833,8.798,8.105
2015-06-08,9.504,9.167,8.689,8.733,8.025
2015-06-05,9.272,9.030,8.588,8.680,7.961
2015-06-04,8.990,8.912,8.502,8.655,7.904
2015-06-03,8.760,8.765,8.410,8.624,7.849
2015-06-02,8.844,8.678,8.378,8.615,7.805
2015-06-01,8.830,8.570,8.353,8.581,7.757
2015-05-29,8.788,8.442,8.375,8.539,7.708
2015-05-28,8.834,8.415,8.419,8.514,7.675
2015-05-27,8.770,8.399,8.477,8.474,7.637
2015-05-26,8.512,8.279,8.504,8.412,7.588
2015-05-25,8.310,8.210,8.517,8.357,7.542
2015-05-22,8.096,8.145,8.506,8.305,7.499
2015-05-21,7.996,8.091,8.526,8.260,7.459
2015-05-20,8.028,8.055,8.553,8.231,7.426
2015-05-19,8.046,8.078,8.584,8.209,7.394
2015-05-18,8.110,8.136,8.587,8.181,7.363
2015-05-15,8.194,8.307,8.588,8.158,7.335
2015-05-14,8.186,8.423,8.564,8.126,7.302
2015-05-13,8.082,8.554,8.512,8.078,7.264
2015-05-12,8.110,8.729,8.478,8.043,7.227
2015-05-11,8.162,8.823,8.430,7.993,7.186
2015-05-08,8.420,8.866,8.385,7.950,7.151
2015-05-07,8.660,8.961,8.345,7.910,7.123
2015-05-06,9.026,9.051,8.319,7.881,7.098
2015-05-05,9.348,9.089,8.275,7.838,7.062
2015-05-04,9.484,9.038,8.204,7.779,7.024
2015-04-30,9.312,8.868,8.084,7.693,6.974
2015-04-29,9.262,8.705,7.978,7.618,6.929
2015-04-28,9.076,8.469,7.841,7.522,6.878
2015-04-27,8.830,8.227,7.700,7.412,6.824
2015-04-24,8.592,8.037,7.579,7.317,6.779
2015-04-23,8.424,7.903,7.492,7.242,6.746
2015-04-22,8.148,7.729,7.385,7.154,6.708
2015-04-21,7.862,7.586,7.296,7.074,6.669
2015-04-20,7.624,7.461,7.213,6.996,6.630
2015-04-17,7.482,7.369,7.150,6.932,6.611
2015-04-16,7.382,7.300,7.105,6.876,6.598
2015-04-15,7.310,7.250,7.075,6.835,6.586
2015-04-14,7.310,7.212,7.048,6.800,6.580
2015-04-13,7.298,7.173,7.004,6.765,6.571
2015-04-10,7.256,7.120,6.958,6.727,6.569
2015-04-09,7.218,7.080,6.911,6.694,6.571
2015-04-08,7.190,7.041,6.866,6.658,6.581
2015-04-07,7.114,7.007,6.819,6.621,6.586
2015-04-03,7.048,6.964,6.763,6.580,6.589
2015-04-02,6.984,6.930,6.714,6.545,6.585
2015-04-01,6.942,6.910,6.664,6.511,6.579
2015-03-31,6.892,6.899,6.628,6.479,6.578
2015-03-30,6.900,6.884,6.594,6.450,6.582
2015-03-27,6.880,6.835,6.561,6.412,6.581
2015-03-26,6.876,6.795,6.531,6.380,6.579
2015-03-25,6.878,6.742,6.501,6.353,6.578
2015-03-24,6.906,6.691,6.467,6.337,6.588
2015-03-23,6.868,6.630,6.428,6.315,6.585
2015-03-20,6.790,6.562,6.388,6.286,6.570
2015-03-19,6.714,6.497,6.352,6.269,6.556
2015-03-18,6.606,6.418,6.312,6.255,6.544
2015-03-17,6.476,6.356,6.269,6.240,6.529
2015-03-16,6.392,6.304,6.234,6.234,6.518
2015-03-13,6.334,6.286,6.200,6.237,6.508
2015-03-12,6.280,6.266,6.172,6.242,6.499
2015-03-11,6.230,6.259,6.158,6.251,6.491
2015-03-10,6.236,6.242,6.160,6.263,6.490
2015-03-09,6.216,6.226,6.157,6.263,6.485
2015-03-06,6.238,6.213,6.148,6.264,6.486
2015-03-05,6.252,6.207,6.155,6.291,6.482
2015-03-04,6.288,6.205,6.174,6.320,6.475
2015-03-03,6.248,6.181,6.182,6.336,6.464
2015-03-02,6.236,6.163,6.200,6.360,6.445
2015-02-27,6.188,6.114,6.213,6.378,6.422
2015-02-26,6.162,6.078,6.230,6.411,6.401
2015-02-25,6.122,6.057,6.248,6.449,6.379
2015-02-17,6.114,6.077,6.273,6.504,6.359
2015-02-16,6.090,6.088,6.282,6.551,6.337
2015-02-13,6.040,6.083,6.290,6.599,6.314
2015-02-12,5.994,6.102,6.333,6.625,6.291
2015-02-11,5.992,6.142,6.378,6.646,6.269
2015-02-10,6.040,6.182,6.414,6.677,6.250
2015-02-09,6.086,6.236,6.458,6.714,6.232
2015-02-06,6.126,6.312,6.510,6.750,6.216
2015-02-05,6.210,6.381,6.578,6.778,6.201
2015-02-04,6.292,6.438,6.646,6.803,6.182
2015-02-03,6.324,6.469,6.718,6.840,6.157
2015-02-02,6.386,6.476,6.782,6.855,6.131
2015-01-30,6.498,6.496,6.857,6.855,6.109
2015-01-29,6.552,6.564,6.886,6.844,6.082
2015-01-28,6.584,6.614,6.898,6.834,6.056
2015-01-27,6.614,6.646,6.924,6.819,6.028
2015-01-26,6.566,6.680,6.952,6.801,5.998
2015-01-23,6.494,6.707,6.969,6.778,5.965
2015-01-22,6.576,6.774,6.976,6.757,5.932
2015-01-21,6.644,6.853,6.985,6.730,5.896
2015-01-20,6.678,6.967,7.025,6.717,5.860
2015-01-19,6.794,7.088,7.044,6.708,5.830
2015-01-16,6.920,7.218,7.034,6.709,5.800
2015-01-15,6.972,7.209,6.984,6.673,5.759
2015-01-14,7.062,7.183,6.944,6.630,5.719
2015-01-13,7.256,7.203,6.905,6.592,5.684
2015-01-12,7.382,7.225,6.862,6.531,5.646
2015-01-09,7.516,7.231,6.813,6.467,5.608
2015-01-08,7.446,7.178,6.748,6.390,5.566
2015-01-07,7.304,7.118,6.668,6.308,5.522
2015-01-06,7.150,7.084,6.592,6.215,5.474
2015-01-05,7.068,7.001,6.517,6.123,5.428
2014-12-31,6.946,6.850,6.454,6.028,5.380
2014-12-30,6.910,6.760,6.405,5.957,5.343
2014-12-29,6.932,6.705,6.354,5.892,5.309
2014-12-26,7.018,6.607,6.286,5.823,5.271
2014-12-25,6.934,6.499,6.183,5.750,5.228
2014-12-24,6.754,6.396,6.084,5.683,5.189
2014-12-23,6.610,6.318,5.996,5.625,5.154
2014-12-22,6.478,6.219,5.903,5.560,5.115
2014-12-19,6.196,6.101,5.780,5.474,5.067
2014-12-18,6.064,6.034,5.684,5.407,5.033
2014-12-17,6.038,6.059,5.617,5.363,5.009
2014-12-16,6.026,6.051,5.555,5.320,4.987
2014-12-15,5.960,6.003,5.486,5.278,4.960
2014-12-12,6.006,5.965,5.431,5.238,4.937
2014-12-11,6.004,5.868,5.376,5.195,4.911
2014-12-10,6.080,5.773,5.326,5.153,4.887
2014-12-09,6.076,5.675,5.278,5.107,4.862
2014-12-08,6.046,5.588,5.230,5.062,4.839
2014-12-05,5.924,5.459,5.160,5.003,4.811
2014-12-04,5.732,5.335,5.094,4.952,4.784
2014-12-03,5.466,5.176,5.014,4.891,4.751
2014-12-02,5.274,5.059,4.955,4.844,4.724
2014-12-01,5.130,4.969,4.915,4.807,4.701
2014-11-28,4.994,4.898,4.874,4.776,4.678
2014-11-27,4.938,4.884,4.858,4.761,4.664
2014-11-26,4.886,4.879,4.842,4.750,4.651
2014-11-25,4.844,4.881,4.822,4.742,4.639
2014-11-24,4.808,4.873,4.799,4.735,4.628
2014-11-21,4.802,4.862,4.775,4.733,4.619
2014-11-20,4.830,4.853,4.760,4.732,4.612
2014-11-19,4.872,4.853,4.748,4.732,4.606
2014-11-18,4.918,4.851,4.736,4.729,4.600
2014-11-17,4.938,4.861,4.726,4.725,4.594
2014-11-14,4.922,4.850,4.715,4.718,4.586
2014-11-13,4.876,4.833,4.699,4.707,4.577
2014-11-12,4.834,4.806,4.685,4.695,4.569
2014-11-11,4.784,4.764,4.672,4.683,4.559
2014-11-10,4.784,4.726,4.666,4.670,4.552
2014-11-07,4.778,4.689,4.668,4.660,4.545
2014-11-06,4.790,4.668,4.672,4.658,4.540
2014-11-05,4.778,4.643,4.671,4.655,4.536
2014-11-04,4.744,4.622,4.668,4.653,4.532
2014-11-03,4.668,4.592,4.657,4.642,4.524
2014-10-31,4.600,4.580,4.652,4.636,4.517
2014-10-30,4.546,4.566,4.643,4.627,4.510
2014-10-29,4.508,4.564,4.639,4.621,4.503
2014-10-28,4.500,4.581,4.642,4.618,4.499
2014-10-27,4.516,4.607,4.642,4.617,4.496
2014-10-24,4.560,4.648,4.646,4.618,4.493
2014-10-23,4.586,4.676,4.653,4.616,4.487
2014-10-22,4.620,4.699,4.660,4.612,4.479
2014-10-21,4.662,4.714,4.668,4.605,4.471
2014-10-20,4.698,4.723,4.667,4.594,4.461
2014-10-17,4.736,4.724,4.663,4.581,4.451
2014-10-16,4.766,4.721,4.658,4.568,4.441
2014-10-15,4.778,4.715,4.649,4.553,4.431
2014-10-14,4.766,4.703,4.636,4.536,4.418
2014-10-13,4.748,4.677,4.621,4.520,4.405
2014-10-10,4.712,4.644,4.603,4.505,4.391
2014-10-09,4.676,4.630,4.586,4.491,4.377
2014-10-08,4.652,4.622,4.568,4.481,4.365
2014-09-30,4.640,4.623,4.550,4.472,4.354
2014-09-29,4.606,4.612,4.529,4.463,4.342
2014-09-26,4.576,4.603,4.509,4.455,4.332
2014-09-25,4.584,4.595,4.491,4.448,4.323
2014-09-24,4.592,4.583,4.472,4.443,4.314
2014-09-23,4.606,4.569,4.452,4.436,-1
2014-09-22,4.618,4.566,4.441,4.434,-1
2014-09-19,4.630,4.563,4.435,4.430,-1
2014-09-18,4.606,4.543,4.422,4.423,-1
2014-09-17,4.574,4.514,4.410,4.417,-1
2014-09-16,4.532,4.478,4.396,4.410,-1
2014-09-15,4.514,4.447,4.388,4.406,-1
2014-09-12,4.496,4.416,4.381,4.398,-1
2014-09-11,4.480,4.388,4.375,4.393,-1
2014-09-10,4.454,4.361,4.373,4.386,-1
2014-09-09,4.424,4.336,4.370,4.380,-1
2014-09-05,4.380,4.317,4.368,4.376,-1
2014-09-04,4.336,4.307,4.364,4.367,-1
2014-09-03,4.296,4.301,4.363,4.357,-1
2014-09-02,4.268,4.306,4.369,4.347,-1
2014-09-01,4.248,4.315,4.377,4.337,-1
2014-08-29,4.254,4.330,4.385,4.328,-1
2014-08-28,4.278,4.346,4.389,4.321,-1
2014-08-27,4.306,4.362,4.396,4.314,-1
2014-08-26,4.344,4.386,4.399,4.308,-1
2014-08-25,4.382,4.403,4.402,4.301,-1
2014-08-22,4.406,4.418,4.405,4.291,-1
2014-08-21,4.414,4.420,4.397,4.277,-1
2014-08-20,4.418,4.424,4.385,4.263,-1
2014-08-19,4.428,4.432,4.367,4.249,-1
2014-08-18,4.424,4.438,4.348,4.235,-1
2014-08-15,4.430,4.440,4.327,4.222,-1
2014-08-14,4.426,4.433,4.308,4.209,-1
2014-08-13,4.430,4.429,4.289,4.198,-1
2014-08-12,4.436,4.412,4.269,4.185,-1
2014-08-11,4.452,4.401,4.250,-1,-1
2014-08-08,4.450,4.393,4.227,-1,-1
2014-08-07,4.440,4.373,4.206,-1,-1
2014-08-06,4.428,4.345,4.183,-1,-1
2014-08-05,4.388,4.302,4.157,-1,-1
2014-08-04,4.350,4.258,4.133,-1,-1
2014-08-01,4.336,4.214,4.112,-1,-1
2014-07-31,4.306,4.183,4.098,-1,-1
2014-07-30,4.262,4.150,4.083,-1,-1
2014-07-29,4.216,4.127,4.071,-1,-1
2014-07-28,4.166,4.098,-1,-1,-1
2014-07-25,4.092,4.061,-1,-1,-1
2014-07-24,4.060,4.039,-1,-1,-1
2014-07-23,4.038,4.021,-1,-1,-1
2014-07-22,4.038,4.012,-1,-1,-1
2014-07-21,4.030,4.009,-1,-1,-1
2014-07-18,4.030,4.011,-1,-1,-1
2014-07-17,4.018,4.012,-1,-1,-1
2014-07-16,4.004,4.016,-1,-1,-1
2014-07-15,3.986,4.015,-1,-1,-1
2014-07-14,3.988,-1,-1,-1,-1
2014-07-11,3.992,-1,-1,-1,-1
2014-07-10,4.006,-1,-1,-1,-1
2014-07-09,4.028,-1,-1,-1,-1
2014-07-08,4.044,-1,-1,-1,-1
2014-07-07,-1,-1,-1,-1,-1
2014-07-04,-1,-1,-1,-1,-1
2014-07-03,-1,-1,-1,-1,-1
2014-07-02,-1,-1,-1,-1,-1
