date,open,high,close,low,volume,price_change,p_change,ma5,ma10,ma20,v_ma5,v_ma10,v_ma20,turnover
2017-01-06 15:00:00,38.26,38.32,38.01,38.01,7416.64,-0.25,-0.65,38.396,38.517,38.7585,4568.93,4894.25,4987.06,1.22
2017-01-06 14:30:00,38.43,38.5,38.25,38.25,4844.0,-0.18,-0.47,38.506,38.624,38.8,3867.0,4482.8,4839.31,0.8
2017-01-06 14:00:00,38.5,38.58,38.41,38.37,4267.0,-0.09,-0.23,38.556,38.697,38.8225,3993.0,4331.81,4840.76,0.7
2017-01-06 13:30:00,38.79,38.8,38.51,38.38,2660.0,-0.28,-0.72,38.578,38.772,38.822,4145.4,4143.31,4959.21,0.44
2017-01-06 11:30:00,38.56,38.97,38.8,38.51,3657.0,0.24,0.62,38.628,38.827,38.794,4940.8,4251.5,5592.06,0.6
2017-01-06 11:00:00,38.5,38.63,38.56,38.35,3907.0,0.06,0.16,38.638,38.847,38.793,5219.57,4431.76,5670.51,0.64
2017-01-06 10:30:00,38.52,38.65,38.5,38.28,5474.0,-0.02,-0.05,38.742,38.87,38.806,5098.6,4926.46,5631.46,0.9
2017-01-06 10:00:00,38.67,38.97,38.52,38.5,5029.0,-0.15,-0.39,38.838,38.939,38.82,4670.61,5292.26,5509.42,0.83
2017-01-05 15:00:00,38.85,38.94,38.76,38.73,6637.0,-0.09,-0.23,38.966,38.981,38.8415,4141.21,5400.66,5340.46,1.09
2017-01-05 14:30:00,39.08,39.13,38.85,38.85,5050.86,-0.23,-0.59,39.026,39.019,38.8545,3562.2,5267.46,5238.76,0.83
2017-01-05 14:00:00,38.98,39.22,39.08,38.92,3302.14,0.1,0.26,39.056,39.0,38.867,3643.95,5079.88,5404.27,0.54
2017-01-05 13:30:00,39.18,39.21,38.98,38.92,3334.06,-0.2,-0.51,38.998,38.976,38.865,4754.33,5195.82,5540.91,0.55
2017-01-05 11:30:00,39.06,39.17,39.16,39.01,2382.0,0.1,0.26,39.04,38.948,38.871,5913.91,5349.72,6111.06,0.39
2017-01-05 11:00:00,39.0,39.18,39.06,38.86,3741.94,0.06,0.15,38.996,38.872,38.8165,6660.11,5775.12,6576.71,0.62
2017-01-05 10:30:00,38.79,39.15,39.0,38.79,5459.63,0.21,0.54,39.012,38.761,38.784,6972.73,6932.61,6653.87,0.9
2017-01-05 10:00:00,39.18,39.18,38.79,38.67,8854.0,-0.39,-1.0,38.944,38.739,38.771,6515.8,6909.25,6540.39,1.46
2017-01-04 15:00:00,38.9,39.22,39.19,38.9,9132.0,0.29,0.75,38.954,38.742,38.763,5637.32,6336.47,6312.54,1.5
2017-01-04 14:30:00,39.14,39.14,38.94,38.85,6113.0,-0.2,-0.51,38.856,38.701,38.736,4785.52,5726.57,6851.65,1.01
2017-01-04 14:00:00,38.66,39.17,39.14,38.5,5305.0,0.48,1.24,38.748,38.702,38.7665,4890.12,5280.27,7310.75,0.87
2017-01-04 13:30:00,38.82,38.93,38.66,38.65,3175.0,-0.16,-0.41,38.51,38.69,38.8285,6892.5,5210.07,7414.85,0.52
2017-01-04 11:30:00,38.65,38.95,38.84,38.58,4461.58,0.19,0.49,38.534,38.734,38.9375,7302.7,5728.66,7481.4,0.73
2017-01-04 11:00:00,38.4,38.76,38.7,38.4,4873.0,0.3,0.78,38.53,38.754,39.0355,7035.62,5886.0,7626.92,0.8
2017-01-04 10:30:00,37.94,38.5,38.4,37.94,6636.0,0.46,1.21,38.546,38.794,39.1565,6667.62,6872.41,7580.09,1.09
2017-01-04 10:00:00,38.97,38.99,37.95,37.88,15316.9,-1.02,-2.62,38.656,38.761,39.288,5670.43,7378.32,7333.84,2.52
2017-01-03 15:00:00,38.82,38.89,38.78,38.7,5226.0,-0.04,-0.1,38.87,38.807,39.4475,3527.64,6375.12,6675.84,0.86
2017-01-03 14:30:00,38.78,38.89,38.82,38.68,3126.19,0.04,0.1,38.934,38.803,39.569,4154.63,6171.52,6554.74,0.51
2017-01-03 14:00:00,38.96,38.97,38.78,38.78,3033.0,-0.18,-0.46,38.978,38.784,39.6785,4736.39,6288.6,6566.14,0.5
2017-01-03 13:30:00,39.02,39.09,38.95,38.93,1650.0,-0.07,-0.18,39.042,38.771,39.7865,7077.21,7976.73,6549.58,0.27
2017-01-03 11:30:00,39.1,39.37,39.02,38.93,4603.0,-0.08,-0.2,38.866,38.831,39.8985,9086.21,9341.23,6679.88,0.76
2017-01-03 11:00:00,39.04,39.38,39.1,38.91,8360.94,0.06,0.15,38.744,38.967,39.9975,9222.61,9619.63,6747.35,1.38
2017-01-03 10:30:00,39.1,39.12,39.04,38.86,6035.0,-0.06,-0.15,38.672,39.141,40.114,8188.42,9234.14,6504.2,0.99
2017-01-03 10:00:00,38.39,39.22,39.1,38.15,14737.1,0.71,1.85,38.59,39.317,40.228,7840.82,9367.83,6375.24,2.43
2016-12-30 15:00:00,38.42,38.42,38.07,38.01,11695.0,-0.35,-0.91,38.5,39.519,40.3405,8876.26,8287.77,5732.76,1.93
2016-12-30 14:30:00,38.75,38.75,38.41,38.22,5285.0,-0.34,-0.88,38.796,39.815,40.4975,9596.26,7289.37,5280.48,0.87
2016-12-30 14:00:00,38.63,38.96,38.74,38.59,3190.0,0.11,0.28,39.19,40.088,40.645,10016.7,6976.57,5175.13,0.53
2016-12-30 13:30:00,38.62,38.78,38.63,38.22,4297.0,0.01,0.03,39.61,40.335,40.7875,10279.9,6937.97,5389.43,0.71
2016-12-30 11:30:00,39.55,39.7,38.65,37.81,19914.3,-0.9,-2.28,40.044,40.573,40.9185,10894.8,6843.67,5479.43,3.28
2016-12-30 11:00:00,40.38,40.4,39.55,39.34,15295.0,-0.83,-2.06,40.538,40.802,41.0305,7699.27,5122.44,4708.05,2.52
2016-12-30 10:30:00,40.84,40.9,40.38,40.24,7387.0,-0.46,-1.13,40.834,40.966,41.1015,4982.47,4018.54,4108.43,1.22
2016-12-30 10:00:00,40.86,41.19,40.84,40.81,4505.96,-0.02,-0.05,40.986,41.028,41.132,3936.47,3875.06,3871.35,0.74
2016-12-29 15:00:00,41.12,41.15,40.8,40.78,7371.96,-0.32,-0.78,41.06,41.087,41.136,3596.08,3774.27,3755.06,1.21
2016-12-29 14:30:00,41.03,41.26,41.12,40.95,3936.44,0.09,0.22,41.102,41.139,41.145,2792.49,3382.64,3483.11,0.65
2016-12-29 14:00:00,41.14,41.15,41.03,40.89,1711.0,-0.11,-0.27,41.066,41.162,41.1425,2545.6,3177.75,3432.29,0.28
2016-12-29 13:30:00,41.3,41.35,41.14,41.14,2157.0,-0.16,-0.39,41.098,41.18,41.141,3054.6,3271.6,3696.08,0.36
2016-12-29 11:30:00,41.05,41.28,41.21,40.91,2804.0,0.16,0.39,41.07,41.202,41.1385,3813.65,3373.7,3896.68,0.46
2016-12-29 11:00:00,40.94,41.01,41.01,40.6,3354.0,0.07,0.17,41.114,41.24,41.149,3952.45,3840.9,4145.93,0.55
2016-12-29 10:30:00,41.19,41.23,40.94,40.8,2702.0,-0.25,-0.61,41.176,41.264,41.164,3972.8,4115.2,4238.98,0.45
2016-12-29 10:00:00,40.9,41.39,41.19,40.8,4256.0,0.29,0.71,41.258,41.259,41.1685,3809.9,4293.67,4203.93,0.7
2016-12-28 15:00:00,41.4,41.4,41.0,40.98,5952.27,-0.4,-0.97,41.262,41.237,41.158,3488.6,4198.32,4065.08,0.98
2016-12-28 14:30:00,41.32,41.45,41.43,41.17,3498.0,0.11,0.27,41.334,41.236,41.154,2933.75,3867.65,3863.17,0.58
2016-12-28 14:00:00,41.35,41.49,41.32,41.21,3455.73,-0.03,-0.07,41.366,41.185,41.1305,3729.35,3735.85,3819.97,0.57
2016-12-28 13:30:00,41.2,41.46,41.35,41.19,1887.52,0.15,0.36,41.352,41.151,41.11,4257.6,3583.57,3812.86,0.31
2016-12-28 11:30:00,41.36,41.37,41.21,41.13,2649.48,-0.15,-0.36,41.26,41.123,41.086,4777.44,3686.82,4171.93,0.44
2016-12-28 11:00:00,41.6,41.63,41.36,41.32,3178.0,-0.24,-0.58,41.212,41.102,41.0585,4908.05,4120.57,4348.11,0.52
2016-12-28 10:30:00,41.27,41.75,41.59,41.13,7476.0,0.32,0.78,41.138,41.075,41.035,4801.55,4419.67,4352.81,1.23
2016-12-28 10:00:00,40.52,41.4,41.25,40.52,6097.0,0.73,1.8,41.004,41.058,40.9935,3742.35,4450.97,4129.91,1.0
2016-12-27 15:00:00,40.97,41.16,40.89,40.85,4486.73,-0.08,-0.2,40.95,41.064,40.976,2909.55,4362.77,3989.77,0.74
2016-12-27 14:30:00,40.99,40.99,40.97,40.8,3302.52,-0.02,-0.05,40.986,41.078,40.981,2596.2,4114.19,3913.62,0.54
2016-12-27 14:00:00,40.92,41.08,40.99,40.82,2645.48,0.07,0.17,40.992,41.079,40.982,3333.08,3931.84,4025.35,0.44
2016-12-27 13:30:00,40.99,41.14,40.92,40.92,2180.0,-0.07,-0.17,41.012,41.072,40.965,4037.79,3858.69,4663.57,0.36
2016-12-27 11:30:00,41.01,41.18,40.98,40.91,1933.0,-0.03,-0.07,41.112,41.076,40.9845,5159.59,3904.09,5304.81,0.32
2016-12-27 11:00:00,41.0,41.15,41.07,40.9,2920.0,0.07,0.17,41.178,41.069,41.054,5815.99,4042.15,5600.67,0.48
2016-12-27 10:30:00,41.06,41.09,41.0,40.66,6986.94,-0.06,-0.15,41.17,41.049,41.136,5632.19,4657.05,5759.47,1.15
2016-12-27 10:00:00,41.19,41.5,41.09,41.01,6169.0,-0.1,-0.24,41.166,41.015,41.2155,4530.6,4575.65,5655.97,1.02
2016-12-26 15:00:00,41.31,41.45,41.42,41.16,7789.0,0.11,0.27,41.132,40.995,41.299,3679.6,4285.95,5460.83,1.28
2016-12-26 14:30:00,41.03,41.47,41.31,41.01,5215.0,0.28,0.68,41.04,40.929,41.378,2648.6,3808.85,5191.07,0.86
2016-12-26 14:00:00,40.98,41.07,41.03,40.89,2001.0,0.05,0.12,40.96,40.888,41.4585,2268.3,3616.78,5098.48,0.33
2016-12-26 13:30:00,40.92,41.03,40.98,40.82,1479.0,0.06,0.15,40.928,40.884,41.551,3681.9,3713.05,5303.33,0.24
2016-12-26 11:30:00,40.96,41.1,40.92,40.89,1914.0,-0.04,-0.1,40.864,40.885,41.677,4620.7,4118.85,5881.12,0.32
2016-12-26 11:00:00,40.91,40.97,40.96,40.7,2634.0,0.05,0.12,40.858,40.858,41.7835,4892.3,5468.45,6291.64,0.43
2016-12-26 10:30:00,40.89,41.08,40.91,40.83,3313.52,0.02,0.05,40.818,40.893,41.866,4969.1,6705.53,6639.42,0.55
2016-12-26 10:00:00,40.13,41.38,40.87,40.13,9069.0,0.74,1.84,40.816,41.039,41.93,4965.25,7159.19,6697.65,1.49
2016-12-23 15:00:00,40.91,41.0,40.66,40.65,6173.0,-0.25,-0.61,40.84,41.223,42.0025,3744.2,6861.89,6429.3,1.02
2016-12-23 14:30:00,40.8,41.08,40.89,40.77,3272.0,0.09,0.22,40.906,41.416,42.0815,3617.0,6736.29,6442.79,0.54
2016-12-23 14:00:00,40.9,41.18,40.76,40.75,3018.0,-0.14,-0.34,40.858,41.603,42.142,6044.6,6635.7,7004.21,0.5
2016-12-23 13:30:00,40.98,41.09,40.9,40.72,3294.27,-0.08,-0.2,40.968,41.827,42.2415,8441.96,6573.29,7210.93,0.54
2016-12-23 11:30:00,40.99,41.25,40.99,40.9,2963.73,0.0,0.0,41.262,42.029,42.3515,9353.13,6580.17,7988.37,0.49
2016-12-23 11:00:00,40.65,40.99,40.99,40.63,5537.0,0.34,0.84,41.606,42.218,42.4905,9979.58,6893.6,8200.89,0.91
2016-12-23 10:30:00,41.31,41.32,40.65,40.58,15410.0,-0.66,-1.6,41.926,42.469,42.625,9855.58,7643.39,8195.54,2.54
2016-12-23 10:00:00,42.01,42.08,41.31,41.21,15004.8,-0.7,-1.67,42.348,42.709,42.7975,7226.8,7114.82,7591.21,2.47
2016-12-22 15:00:00,42.71,42.71,42.37,42.31,7850.1,-0.34,-0.8,42.686,42.839,42.9385,4704.62,6573.31,7012.62,1.29
2016-12-22 14:30:00,42.59,42.76,42.71,42.49,6096.0,0.12,0.28,42.796,42.821,43.02,3807.22,6236.1,6890.19,1.0
2016-12-22 14:00:00,42.78,42.97,42.59,42.33,4917.0,-0.19,-0.44,42.83,42.782,43.084,3807.62,5996.7,6840.95,0.81
2016-12-22 13:30:00,43.04,43.04,42.76,42.73,2266.1,-0.28,-0.65,43.012,42.747,43.1535,5431.2,6149.3,7177.5,0.37
2016-12-22 11:30:00,42.92,43.0,43.0,42.75,2393.9,0.08,0.19,43.07,42.681,43.2375,7002.84,7372.72,8620.14,0.39
2016-12-22 11:00:00,42.87,43.15,42.92,42.71,3363.1,0.05,0.12,42.992,42.656,43.216,8442.0,7848.57,9184.35,0.55
2016-12-22 10:30:00,43.5,43.5,42.88,42.8,6098.0,-0.62,-1.43,42.846,42.674,43.252,8664.98,9396.56,9249.09,1.0
2016-12-22 10:00:00,42.8,43.66,43.5,42.56,13034.9,0.7,1.64,42.734,42.763,43.2955,8185.79,9508.18,9334.23,2.15
2016-12-21 15:00:00,42.61,43.05,43.05,42.5,10124.3,0.44,1.03,42.482,42.781,43.302,6867.4,8747.69,8844.53,1.67
2016-12-21 14:30:00,42.19,42.67,42.61,41.96,9589.71,0.42,1.0,42.292,42.886,43.336,7742.59,8067.6,8524.27,1.58
2016-12-21 14:00:00,42.32,42.32,42.19,42.1,4478.0,-0.13,-0.31,42.32,43.038,43.396,7255.14,7451.93,8237.43,0.74
2016-12-21 13:30:00,42.25,42.47,42.32,42.25,3702.0,0.07,0.17,42.502,43.219,43.4765,10128.1,7544.28,3550.56,0.61
2016-12-21 11:30:00,42.11,42.4,42.24,42.1,6442.96,0.13,0.31,42.792,43.386,43.6095,10830.6,7685.19,9256.46,1.06
2016-12-21 11:00:00,42.75,42.85,42.1,41.93,14500.3,-0.65,-1.52,43.08,43.56,43.7455,10628.0,8205.69,9796.98,2.39
2016-12-21 10:30:00,43.15,43.15,42.75,42.65,7152.42,-0.4,-0.93,43.48,43.794,43.8955,8392.61,9867.56,9874.27,1.18
2016-12-21 10:00:00,43.45,43.73,43.1,42.6,18843.0,-0.35,-0.81,43.756,43.776,44.0135,7648.72,10520.1,11279.6,3.1
2016-12-20 15:00:00,43.72,43.99,43.77,43.3,7214.17,0.05,0.11,43.936,43.83,44.058,4960.42,9101.62,10678.4,1.19
2016-12-20 14:30:00,44.1,44.15,43.68,43.68,5430.0,-0.42,-0.95,43.98,43.828,44.0585,4539.81,9160.28,10588.1,0.89
2016-12-20 14:00:00,44.13,44.38,44.1,44.02,3323.45,-0.03,-0.07,44.04,43.823,44.063,5783.41,8941.38,10788.9,0.55
2016-12-20 13:30:00,44.01,44.45,44.13,44.01,3433.0,0.12,0.27,44.108,43.786,44.059,11342.5,8980.93,11242.9,0.57
2016-12-20 11:30:00,43.99,44.48,44.0,43.92,5401.5,0.01,0.02,43.796,43.754,44.0425,13391.5,9022.93,11733.3,0.89
2016-12-20 11:00:00,44.0,44.15,43.99,43.75,5111.1,-0.01,-0.02,43.724,43.734,44.0235,13242.8,-443.16,12080.0,0.84
2016-12-20 10:30:00,44.5,44.83,43.98,43.87,11648.0,-0.52,-1.17,43.676,43.833,44.0,13780.7,10827.7,12175.0,1.92
2016-12-20 10:00:00,42.58,45.25,44.44,42.41,31119.0,1.86,4.37,43.606,43.931,43.971,12099.3,11388.3,11871.6,5.13
2016-12-19 15:00:00,43.64,43.74,42.57,42.09,13678.0,-1.07,-2.45,43.464,43.997,43.9115,6619.35,9880.97,10624.6,2.25
2016-12-19 14:30:00,43.76,43.76,43.64,43.38,4658.0,-0.12,-0.27,43.712,44.251,43.9575,4654.35,12039.0,10342.3,0.77
2016-12-19 14:00:00,43.63,43.75,43.75,43.3,7800.73,0.12,0.28,43.744,44.286,43.9765,-14129.1,12255.1,10480.2,1.28
2016-12-19 13:30:00,43.65,43.77,43.63,43.57,3241.0,-0.02,-0.05,43.99,44.289,43.982,7874.72,12015.9,10419.4,0.53
2016-12-19 11:30:00,43.85,43.85,43.73,43.61,3719.0,-0.12,-0.27,44.256,44.303,43.978,10677.2,12636.4,11398.0,0.61
2016-12-19 11:00:00,43.79,43.88,43.81,43.6,3853.0,0.02,0.05,44.53,44.332,43.9365,13142.6,13504.9,11854.1,0.63
2016-12-19 10:30:00,44.98,44.98,43.8,43.54,-89259.4,-1.18,-2.62,44.79,44.331,43.877,19423.6,14443.7,11972.2,-14.7
2016-12-19 10:00:00,44.98,44.98,44.98,44.98,117820.0,0.0,0.0,44.828,44.313,43.8445,38639.3,24603.2,16827.8,19.41
2016-12-16 15:00:00,45.08,45.09,44.96,44.79,17253.4,-0.12,-0.27,44.588,44.167,43.754,16157.1,13522.3,11238.3,2.84
2016-12-16 14:30:00,45.11,45.26,45.1,44.6,16046.0,-0.01,-0.02,44.35,44.011,43.6605,14595.6,12354.9,11091.1,2.64
2016-12-16 14:00:00,44.02,45.49,45.11,44.01,35258.2,1.09,2.48,44.134,43.826,43.5485,13867.2,11368.2,10771.6,5.81
2016-12-16 13:30:00,43.79,44.24,43.99,43.75,6819.0,0.2,0.46,43.872,43.664,43.438,9463.86,8645.61,9422.3,1.12
2016-12-16 11:30:00,43.77,43.89,43.78,43.69,5409.0,0.01,0.02,43.798,43.667,43.3285,10567.1,8705.41,9541.77,0.89
2016-12-16 11:00:00,44.05,44.29,43.77,43.77,9446.0,-0.28,-0.64,43.746,43.675,43.253,10887.5,8822.84,9723.47,1.56
2016-12-16 10:30:00,43.8,44.37,44.02,43.67,12404.0,0.22,0.5,43.672,43.653,43.1735,10114.2,10159.6,9566.86,2.04
2016-12-16 10:00:00,43.2,44.03,43.8,43.18,13241.3,0.6,1.39,43.518,43.541,43.0745,8869.2,10203.3,9167.76,2.18
2016-12-15 15:00:00,43.53,43.89,43.62,43.33,12335.0,0.09,0.21,43.456,43.423,43.0025,7827.34,9500.72,8710.19,2.03
2016-12-15 14:30:00,43.4,43.61,43.52,43.25,7011.0,0.12,0.28,43.536,43.376,42.9515,6843.75,9052.35,8672.8,1.15
2016-12-15 14:00:00,43.24,43.51,43.4,43.18,5579.46,0.16,0.37,43.604,43.341,42.8515,6758.23,8954.25,8489.55,0.92
2016-12-15 13:30:00,43.46,43.6,43.25,43.11,6179.3,-0.21,-0.48,43.634,43.31,42.7615,10205.0,9827.24,8458.06,1.02
2016-12-15 11:30:00,44.02,44.02,43.49,43.43,8032.0,-0.53,-1.2,43.564,43.271,42.672,11537.5,10175.0,8800.07,1.32
2016-12-15 11:00:00,43.86,44.08,44.02,43.66,7417.0,0.16,0.36,43.39,43.212,42.552,11174.1,10199.0,9116.97,1.22
2016-12-15 10:30:00,43.54,43.88,43.86,43.45,6583.37,0.32,0.73,43.216,42.99,42.501,11260.9,10378.1,9163.72,1.08
2016-12-15 10:00:00,42.7,44.33,43.55,42.7,22813.1,0.85,1.99,43.078,42.831,42.433,11150.3,10624.1,9381.2,3.76
2016-12-14 15:00:00,42.62,43.1,42.9,42.51,12842.0,0.28,0.66,42.986,42.694,42.436,9449.53,8974.16,8531.9,2.12
2016-12-14 14:30:00,43.16,43.16,42.62,42.52,6215.0,-0.54,-1.25,42.978,42.608,42.4415,8812.53,8132.16,8141.4,1.02
2016-12-14 14:00:00,43.15,43.25,43.15,42.9,7851.26,0.0,0.0,43.034,42.582,42.472,9223.88,7919.66,8039.15,1.29
2016-12-14 13:30:00,43.1,43.47,43.17,43.1,6030.0,0.07,0.16,42.764,42.527,42.4645,9495.32,8293.25,8038.25,0.99
2016-12-14 11:30:00,42.83,43.62,43.09,42.75,14309.4,0.26,0.61,42.584,42.362,42.444,10097.9,8024.84,8589.0,2.36
2016-12-14 11:00:00,42.9,42.97,42.86,42.5,9657.0,-0.04,-0.09,42.402,42.213,42.502,8498.79,7088.89,8637.13,1.59
2016-12-14 10:30:00,41.8,42.9,42.9,41.76,8271.76,1.1,2.63,42.238,42.073,42.587,7451.79,7425.13,9227.18,1.36
2016-12-14 10:00:00,42.27,42.48,41.8,41.61,9208.45,-0.47,-1.11,42.13,41.892,42.626,6615.44,8034.95,9044.75,1.52
2016-12-13 15:00:00,42.16,42.46,42.27,42.02,9043.0,0.11,0.26,42.29,42.012,42.72,7091.17,7949.3,9024.52,1.49
2016-12-13 14:30:00,42.04,42.5,42.18,42.03,6313.75,0.14,0.33,42.14,42.035,42.768,5951.77,8138.3,8792.42,1.04
2016-12-13 14:00:00,42.36,42.44,42.04,42.02,4422.0,-0.32,-0.76,42.024,42.178,42.808,5678.98,8089.63,8791.98,0.73
2016-12-13 13:30:00,42.6,42.64,42.36,42.16,4090.0,-0.24,-0.56,41.908,42.275,42.8485,7398.46,8150.63,8869.44,0.67
2016-12-13 11:30:00,41.52,42.78,42.6,41.08,11587.1,1.08,2.6,41.654,42.362,42.8695,9454.47,8158.63,9559.99,1.91
2016-12-13 11:00:00,41.63,41.88,41.52,41.29,3346.0,-0.11,-0.26,41.734,42.402,42.924,8807.44,7783.26,9446.14,0.55
2016-12-13 10:30:00,41.46,41.71,41.6,41.36,4949.8,0.14,0.34,41.93,42.526,43.0395,10324.8,9153.16,9559.9,0.82
2016-12-13 10:00:00,40.79,41.9,41.46,40.25,13019.4,0.67,1.64,42.332,42.791,43.1535,10500.3,10185.4,9586.61,2.14
2016-12-12 15:00:00,43.0,43.0,41.09,41.08,14370.0,-1.91,-4.44,42.642,43.101,43.279,8902.8,11029.2,9412.64,2.37
2016-12-12 14:30:00,42.5,43.2,43.0,42.05,8352.0,0.5,1.18,43.07,43.36,43.4565,6862.8,10054.5,9404.94,1.38
2016-12-12 14:00:00,43.62,43.73,42.5,42.5,10933.0,-1.12,-2.57,43.07,43.428,43.5035,6759.08,10099.7,9297.25,1.8
2016-12-12 13:30:00,42.98,43.78,43.61,42.91,5827.0,0.63,1.47,43.122,43.501,43.59,7981.48,9446.54,9314.86,0.96
2016-12-12 11:30:00,43.2,43.45,43.01,42.73,5032.0,-0.19,-0.44,43.25,43.438,43.592,9870.48,9494.33,9765.31,0.83
2016-12-12 11:00:00,43.0,43.29,43.23,42.71,4170.0,0.23,0.53,43.56,43.422,43.624,13155.7,9588.25,9966.71,0.69
2016-12-12 10:30:00,42.77,43.2,43.0,42.61,7833.38,0.23,0.54,43.65,43.377,43.6355,13246.3,10961.4,10011.7,1.29
2016-12-12 10:00:00,43.54,43.94,42.76,42.6,17045.0,-0.78,-1.79,43.786,43.446,43.665,13440.4,11109.0,9944.23,2.81
2016-12-09 15:00:00,44.56,44.56,44.25,44.05,15272.0,-0.31,-0.7,43.88,43.553,43.7145,10911.6,9966.64,9250.96,2.52
2016-12-09 14:30:00,43.68,44.85,44.56,43.31,21458.0,0.88,2.01,43.626,43.516,43.703,9118.19,8987.84,8820.73,3.53
2016-12-09 14:00:00,43.68,43.8,43.68,43.58,4623.1,0.0,0.0,43.284,43.457,43.6835,6020.83,7796.04,8056.38,0.76
2016-12-09 13:30:00,43.2,43.97,43.68,43.16,8803.92,0.48,1.11,43.104,43.553,43.709,8676.41,8755.32,8903.97,1.45
2016-12-09 11:30:00,42.98,43.27,43.23,42.89,4401.0,0.25,0.58,43.106,43.579,43.7045,8777.63,8494.77,9069.0,0.72
2016-12-09 11:00:00,42.85,43.14,42.98,42.43,6304.94,0.13,0.3,43.226,43.679,43.697,9021.68,9183.18,9231.96,1.04
2016-12-09 10:30:00,42.78,42.97,42.85,42.67,5971.19,0.07,0.16,43.406,43.746,43.713,8857.49,10036.3,9200.01,0.98
2016-12-09 10:00:00,43.5,43.52,42.78,42.3,17901.0,-0.72,-1.66,43.63,43.826,43.758,9571.26,10345.2,9058.81,2.95
2016-12-08 15:00:00,43.83,43.9,43.69,43.58,9310.0,-0.14,-0.32,44.002,43.894,43.809,8834.24,9062.04,8376.5,1.53
2016-12-08 14:30:00,43.88,43.94,43.83,43.66,5621.28,-0.05,-0.11,44.052,43.884,43.8115,8211.91,8779.44,8125.8,0.93
2016-12-08 14:00:00,43.97,44.0,43.88,43.78,5484.0,-0.09,-0.2,44.132,43.876,43.781,9344.68,8535.28,8093.24,0.9
2016-12-08 13:30:00,44.64,44.69,43.97,43.96,9540.0,-0.67,-1.5,44.086,43.89,43.77,11215.1,8653.61,8288.59,1.57
2016-12-08 11:30:00,43.95,44.85,44.64,43.9,14215.9,0.69,1.57,44.022,43.91,43.751,11119.1,8316.71,8501.64,2.34
2016-12-08 11:00:00,44.23,44.35,43.94,43.9,6198.38,-0.29,-0.66,43.786,43.865,43.66,9289.84,9052.62,8220.54,1.02
2016-12-08 10:30:00,43.67,44.38,44.23,43.51,11285.1,0.56,1.28,43.716,43.83,43.6035,9346.96,9643.22,8141.61,1.86
2016-12-08 10:00:00,43.7,44.09,43.65,43.51,14836.0,-0.05,-0.11,43.62,43.715,43.523,7725.89,9280.74,7746.3,2.44
2016-12-07 15:00:00,43.46,43.75,43.65,43.46,9060.09,0.19,0.44,43.694,43.68,43.4635,6092.14,8363.74,7129.3,1.49
2016-12-07 14:30:00,43.59,43.65,43.46,43.41,5069.62,-0.13,-0.3,43.798,43.69,43.4155,5514.32,7772.45,6830.25,0.84
2016-12-07 14:00:00,43.75,43.79,43.59,43.5,6484.0,-0.16,-0.37,43.944,43.724,43.384,8815.4,7690.96,6799.97,1.07
2016-12-07 13:30:00,44.0,44.03,43.75,43.7,3179.72,-0.25,-0.57,43.944,43.739,43.3515,9939.48,7472.16,6696.27,0.52
2016-12-07 11:30:00,44.17,44.26,44.02,43.8,6667.28,-0.15,-0.34,43.81,43.686,43.304,10835.6,7651.19,7151.96,1.1
2016-12-07 11:00:00,44.2,44.5,44.17,44.1,6171.0,-0.03,-0.07,43.666,43.65,43.223,10635.3,7923.56,7370.9,1.02
2016-12-07 10:30:00,43.56,44.52,44.19,43.53,21575.0,0.63,1.45,43.582,43.592,43.14,10030.6,8686.57,7292.35,3.55
2016-12-07 10:00:00,42.81,43.79,43.59,42.81,12104.4,0.78,1.82,43.504,43.455,43.074,6566.53,7388.46,6617.29,1.99
2016-12-06 15:00:00,43.3,43.35,43.08,43.01,7660.25,-0.22,-0.51,43.534,43.377,43.013,5004.85,6640.0,6496.3,1.26
2016-12-06 14:30:00,43.75,43.76,43.3,43.18,5666.0,-0.45,-1.03,43.562,43.331,42.989,4466.8,6211.87,6468.34,0.93
2016-12-06 14:00:00,43.79,43.79,43.75,43.6,3147.27,-0.04,-0.09,43.634,43.247,42.9635,5211.8,5894.87,6575.24,0.52
2016-12-06 13:30:00,43.74,43.8,43.8,43.49,4254.73,0.06,0.14,43.602,43.141,42.9265,7342.55,5888.05,7017.58,0.7
2016-12-06 11:30:00,43.22,43.89,43.74,43.18,4296.0,0.52,1.2,43.406,43.044,42.9065,8210.4,5908.97,7411.93,0.71
2016-12-06 11:00:00,43.66,43.75,43.22,43.1,4970.0,-0.44,-1.01,43.22,42.964,42.943,8275.15,5920.38,7622.98,0.82
2016-12-06 10:30:00,43.58,43.95,43.66,43.32,9391.0,0.08,0.18,43.1,42.922,43.0125,7956.95,6652.73,7580.83,1.55
2016-12-06 10:00:00,43.27,43.7,43.59,42.53,13801.0,0.32,0.74,42.86,42.796,43.0595,6577.95,6818.23,7262.63,2.27
2016-12-05 15:00:00,42.81,43.24,42.82,42.81,8594.0,0.01,0.02,42.68,42.688,43.12,4433.55,5898.13,6785.47,1.42
2016-12-05 14:30:00,42.61,42.99,42.81,42.55,4619.73,0.2,0.47,42.682,42.693,43.2055,3607.55,5846.13,6679.87,0.76
2016-12-05 14:00:00,42.46,42.8,42.62,42.44,3379.0,0.16,0.38,42.708,42.649,43.295,3565.62,6352.61,6763.94,0.56
2016-12-05 13:30:00,42.68,42.69,42.46,42.42,2496.0,-0.22,-0.52,42.744,42.647,43.404,5348.52,6724.81,6937.54,0.41
2016-12-05 11:30:00,42.82,42.82,42.69,42.5,3079.0,-0.13,-0.3,42.732,42.68,43.53,7058.52,7255.61,7484.14,0.51
2016-12-05 11:00:00,42.94,43.18,42.83,42.8,4464.0,-0.11,-0.26,42.696,42.712,43.6695,7362.72,8147.11,7761.72,0.74
2016-12-05 10:30:00,42.8,43.1,42.94,42.75,4410.1,0.14,0.33,42.704,42.769,43.7755,8084.71,8914.89,7773.57,0.73
2016-12-05 10:00:00,41.6,43.15,42.8,41.55,12293.5,1.2,2.88,42.59,42.922,43.8985,9139.59,9325.58,8124.26,2.02
2016-12-02 15:00:00,42.43,42.7,42.4,42.39,11046.0,-0.03,-0.07,42.55,43.103,44.0035,8101.1,8508.92,7728.83,1.82
2016-12-02 14:30:00,42.87,42.95,42.51,42.43,4600.0,-0.36,-0.84,42.628,43.323,44.1285,7452.7,7707.02,7364.73,0.76
2016-12-02 14:00:00,42.4,43.11,42.87,42.24,8073.93,0.47,1.11,42.728,43.552,44.248,8931.5,7672.82,7477.83,1.33
2016-12-02 13:30:00,42.46,42.5,42.37,42.06,9684.56,-0.09,-0.21,42.834,43.718,44.3345,9745.07,7513.62,7315.93,1.6
2016-12-02 11:30:00,42.8,42.98,42.6,42.5,7101.0,-0.2,-0.47,43.254,43.941,44.4465,9511.56,7175.27,7566.36,1.17
2016-12-02 11:00:00,43.01,43.1,42.79,42.61,7804.0,-0.22,-0.51,43.656,44.161,43.8055,8916.74,7150.28,7647.81,1.29
2016-12-02 10:30:00,43.42,43.77,43.01,42.83,11994.0,-0.41,-0.94,44.018,44.38,43.1465,7961.34,7712.68,7434.03,1.98
2016-12-02 10:00:00,44.41,44.41,43.4,43.3,12141.8,-1.01,-2.27,44.376,44.627,42.4675,6414.12,7376.33,6940.83,2.0
2016-12-01 15:00:00,44.6,44.68,44.47,44.35,8517.0,-0.13,-0.29,44.602,44.782,41.7665,5282.17,6632.26,6404.89,1.4
2016-12-01 14:30:00,44.6,44.7,44.61,44.35,4126.92,0.01,0.02,44.628,44.875,41.0155,4838.97,6922.94,6063.94,0.68
2016-12-01 14:00:00,44.8,44.95,44.6,44.6,3027.0,-0.2,-0.45,44.666,44.904,40.255,5383.81,6948.75,6007.6,0.5
2016-12-01 13:30:00,44.53,45.0,44.8,44.4,4257.95,0.27,0.61,44.742,44.934,39.498,7464.01,7022.44,5961.15,0.7
2016-12-01 11:30:00,44.6,44.7,44.53,44.27,6482.0,-0.07,-0.16,44.878,44.944,38.7335,8338.54,7282.84,5831.35,1.07
2016-12-01 11:00:00,44.8,44.81,44.6,44.5,6301.0,-0.2,-0.45,44.962,44.951,37.9815,7982.34,7118.24,5686.51,1.04
2016-12-01 10:30:00,44.98,45.15,44.8,44.66,6851.09,-0.18,-0.4,45.122,44.952,37.2265,9006.9,7957.44,5428.36,1.13
2016-12-01 10:00:00,45.55,45.65,44.98,44.66,13428.0,-0.57,-1.25,45.142,43.45,36.463,8513.69,8145.34,5132.8,2.21
2016-11-30 15:00:00,44.95,45.52,45.48,44.88,8630.63,0.53,1.18,45.126,41.913,35.6895,6580.87,7155.39,4532.15,1.42
2016-11-30 14:30:00,45.4,45.5,44.95,44.95,4701.0,-0.45,-0.99,45.01,40.308,34.8875,6227.15,6505.33,4182.44,0.77
2016-11-30 14:00:00,44.85,45.8,45.4,44.76,11423.8,0.55,1.23,44.94,38.751,34.116,6254.14,6177.53,4200.46,1.88
2016-11-30 13:30:00,44.9,45.09,44.9,44.75,4385.0,0.0,0.0,44.782,37.156,33.3185,6907.99,5204.95,3882.02,0.72
2016-11-30 11:30:00,44.9,45.08,44.9,44.56,3763.92,0.0,0.0,41.758,35.606,32.5645,7777.0,5066.45,3948.9,0.62
2016-11-30 11:00:00,44.6,45.13,44.9,44.1,6862.01,0.3,0.67,38.7,34.062,31.8045,7729.91,4899.86,3977.1,1.13
2016-11-30 10:30:00,44.61,44.8,44.6,44.25,4836.0,-0.01,-0.02,35.606,32.523,31.047,6783.51,4379.86,3761.95,0.8
2016-11-30 10:00:00,43.41,44.8,44.61,43.25,14693.0,1.2,2.76,32.562,31.012,30.295,6100.91,4254.77,3671.3,2.42
2016-10-13 15:00:00,29.61,29.89,29.78,29.58,8730.05,0.17,0.57,29.53,29.501,29.549,3501.91,2899.27,3072.29,1.44
2016-10-13 14:30:00,29.43,29.64,29.61,29.39,3528.5,0.18,0.61,29.454,29.476,29.5435,2355.9,2120.26,2775.29,0.58
2016-10-13 14:00:00,29.38,29.43,29.43,29.31,2130.0,0.05,0.17,29.424,29.466,29.5515,2069.8,1908.91,2712.06,0.35
2016-10-13 13:30:00,29.45,29.47,29.38,29.3,1423.0,-0.07,-0.24,29.44,29.467,29.5675,1976.2,1859.55,2828.06,0.23
2016-10-13 11:30:00,29.39,29.48,29.45,29.38,1698.0,0.06,0.2,29.462,29.481,29.5965,2408.62,2223.4,2970.09,0.28
2016-10-13 11:00:00,29.46,29.5,29.4,29.36,3000.0,-0.06,-0.2,29.472,29.481,29.615,2296.62,2559.1,3063.69,0.49
2016-10-13 10:30:00,29.52,29.68,29.46,29.43,2098.0,-0.06,-0.2,29.498,29.523,29.63,1884.62,2831.35,3011.54,0.35
2016-10-13 10:00:00,29.5,29.63,29.51,29.42,1662.0,0.01,0.03,29.508,29.547,29.6475,1748.02,3054.35,3038.69,0.27
2016-10-12 14:30:00,29.5,29.55,29.49,29.39,3585.12,-0.01,-0.03,29.494,29.571,29.664,1742.9,3144.05,3136.09,0.59
2016-10-12 14:00:00,29.53,29.61,29.5,29.47,1138.0,-0.03,-0.1,29.5,29.578,29.6725,2038.18,3087.84,3118.38,0.19
2016-10-12 13:30:00,29.54,29.63,29.53,29.53,940.0,-0.01,-0.03,29.49,29.597,29.673,2821.58,3245.31,3176.22,0.15
2016-10-12 11:30:00,29.44,29.54,29.51,29.43,1415.0,0.07,0.24,29.548,29.611,29.6705,3778.07,3430.31,3411.62,0.23
2016-10-12 11:00:00,29.52,29.52,29.44,29.43,1636.38,-0.08,-0.27,29.586,29.637,29.6735,4360.67,3515.21,3472.49,0.27
2016-10-12 10:30:00,29.46,29.52,29.52,29.31,5061.51,0.06,0.2,29.648,29.668,29.6825,4545.2,3796.57,3522.37,0.83
2016-10-12 10:00:00,29.6,29.62,29.45,29.43,5055.0,-0.15,-0.51,29.656,29.712,29.685,4137.49,3716.77,3334.46,0.83
2016-10-11 15:00:00,29.7,29.85,29.82,29.7,5722.47,0.12,0.4,29.704,29.749,29.6885,3669.04,3568.27,3161.54,0.94
2016-10-11 14:30:00,29.75,29.8,29.7,29.7,4328.0,-0.05,-0.17,29.674,29.737,29.6685,3082.55,3191.72,2957.92,0.71
2016-10-11 14:00:00,29.57,29.82,29.75,29.57,2559.0,0.18,0.61,29.688,29.748,29.6505,2669.75,3023.02,2889.12,0.42
2016-10-11 13:30:00,29.69,29.77,29.56,29.52,3023.0,-0.13,-0.44,29.688,29.757,29.635,3047.95,3128.12,2935.79,0.5
2016-10-11 11:30:00,29.67,29.8,29.69,29.67,2712.73,0.02,0.07,29.768,29.767,29.6385,3296.05,3148.92,3040.67,0.45
2016-10-11 11:00:00,29.77,29.79,29.67,29.67,2790.0,-0.1,-0.34,29.794,29.749,29.6375,3467.5,3107.12,3189.81,0.46
2016-10-11 10:30:00,29.71,29.85,29.77,29.71,2264.0,0.06,0.2,29.8,29.73,29.6415,3300.9,3392.93,3560.11,0.37
2016-10-11 10:00:00,29.9,29.94,29.75,29.72,4450.0,-0.15,-0.5,29.808,29.71,29.622,3376.3,3429.78,3588.86,0.73
2016-10-10 15:00:00,29.82,29.96,29.96,29.75,4263.5,0.14,0.47,29.826,29.697,29.6085,3208.3,3248.18,3584.5,0.7
2016-10-10 14:30:00,29.71,29.9,29.82,29.62,3570.0,0.11,0.37,29.766,29.658,29.58,3001.8,2952.14,3550.17,0.59
2016-10-10 14:00:00,29.81,29.85,29.7,29.7,1957.0,-0.11,-0.37,29.704,29.628,29.5545,2746.75,2754.82,3580.27,0.32
2016-10-10 13:30:00,29.84,29.9,29.81,29.76,2641.0,-0.03,-0.1,29.66,29.6,29.5335,3484.96,2724.12,3667.33,0.44
2016-10-10 11:30:00,29.66,29.9,29.84,29.62,3610.0,0.18,0.61,29.612,29.553,29.5005,3483.26,2755.22,3662.37,0.59
2016-10-10 11:00:00,29.5,29.7,29.66,29.43,3231.0,0.16,0.54,29.568,29.513,29.458,3288.06,2743.46,3662.5,0.53
2016-10-10 10:30:00,29.48,29.58,29.51,29.4,2294.73,0.03,0.1,29.55,29.51,29.423,2902.49,2932.42,3628.79,0.38
2016-10-10 10:00:00,29.65,29.87,29.48,29.35,5648.05,-0.17,-0.57,29.552,29.526,29.396,2762.89,3272.5,3697.36,0.93
2016-09-30 15:00:00,29.62,29.64,29.57,29.53,2632.5,-0.05,-0.17,29.54,29.553,29.376,1963.28,3727.29,3518.96,0.43
2016-09-30 14:30:00,29.57,29.8,29.62,29.56,2634.0,0.05,0.17,29.494,29.534,29.3535,2027.18,3747.94,3444.58,0.43
2016-09-30 14:00:00,29.5,29.58,29.57,29.46,1303.17,0.07,0.24,29.458,29.52,29.329,2198.87,3920.82,3391.64,0.21
2016-09-30 13:30:00,29.42,29.53,29.52,29.35,1596.75,0.1,0.34,29.47,29.502,29.308,2962.35,4148.2,3465.48,0.26
2016-09-30 11:30:00,29.34,29.47,29.42,29.34,1650.0,0.08,0.27,29.5,29.481,29.292,3782.1,4405.72,3657.8,0.27
2016-09-30 11:00:00,29.44,29.54,29.34,29.3,2952.0,-0.1,-0.34,29.566,29.467,29.2785,5491.3,4610.54,3986.23,0.49
2016-09-30 10:30:00,29.63,29.63,29.44,29.4,3492.43,-0.19,-0.64,29.574,29.448,29.2485,5468.7,4569.52,4008.33,0.58
2016-09-30 10:00:00,29.67,29.74,29.63,29.42,5120.57,-0.04,-0.13,29.582,29.403,29.196,5642.76,4581.53,3896.34,0.84
2016-09-29 15:00:00,29.75,29.8,29.67,29.61,5695.5,-0.08,-0.27,29.534,29.336,29.1395,5334.05,4325.17,3721.15,0.94
2016-09-29 14:30:00,29.38,29.9,29.75,29.38,10196.0,0.37,1.26,29.462,29.266,29.0715,5029.35,4122.22,3505.53,1.68
2016-09-29 14:00:00,29.5,29.51,29.38,29.36,2839.0,-0.12,-0.41,29.368,29.199,29.0,3729.79,3310.62,3053.73,0.47
2016-09-29 13:30:00,29.4,29.57,29.48,29.4,4362.74,0.08,0.27,29.322,29.173,28.9465,3670.34,3141.22,3078.78,0.72
2016-09-29 11:30:00,29.31,29.41,29.39,29.23,3577.0,0.08,0.27,29.224,29.138,28.901,3520.29,2862.46,3019.84,0.59
2016-09-29 11:00:00,29.28,29.37,29.31,29.23,4172.0,0.03,0.1,29.138,29.114,28.8455,3316.29,2782.76,3078.79,0.69
2016-09-29 10:30:00,29.14,29.33,29.28,29.09,3698.2,0.14,0.48,29.07,29.103,28.8045,3215.09,2909.88,3040.89,0.61
2016-09-29 10:00:00,28.99,29.2,29.15,28.82,2541.76,0.16,0.55,29.03,29.09,28.7765,2891.45,3361.92,2938.88,0.42
2016-09-28 15:00:00,28.97,29.01,28.99,28.75,3612.5,0.02,0.07,29.024,29.049,28.751,2612.1,3447.14,2908.29,0.6
2016-09-28 14:30:00,28.97,29.08,28.96,28.87,2556.99,-0.01,-0.03,29.052,28.989,28.7385,2204.63,3211.15,2777.22,0.42
2016-09-28 14:00:00,29.08,29.14,28.97,28.93,3666.0,-0.11,-0.38,29.09,28.943,28.7335,2249.23,3117.14,2788.69,0.6
2016-09-28 13:30:00,29.12,29.17,29.08,29.05,2080.0,-0.04,-0.14,29.136,28.877,28.7135,2604.67,2888.84,2782.08,0.34
2016-09-28 11:30:00,29.13,29.25,29.12,29.11,1145.0,-0.01,-0.03,29.15,28.801,28.6895,3832.39,2796.84,2989.94,0.19
2016-09-28 11:00:00,29.15,29.17,29.13,29.06,1575.17,-0.02,-0.07,29.074,28.72,28.6765,4282.18,3016.34,3142.35,0.26
2016-09-28 10:30:00,29.2,29.35,29.15,29.09,2780.0,-0.05,-0.17,28.926,28.664,28.6625,4217.67,3177.22,3228.39,0.46
2016-09-28 10:00:00,29.16,29.44,29.2,29.05,5443.16,0.04,0.14,28.796,28.577,28.657,3985.05,3374.82,3285.04,0.9
2016-09-27 15:00:00,28.74,29.2,29.15,28.7,8218.61,0.41,1.43,28.618,28.506,28.653,3173.01,3171.91,3083.14,1.35
2016-09-27 14:30:00,28.39,28.79,28.74,28.36,3393.96,0.35,1.23,28.452,28.463,28.655,1761.29,2515.85,2797.71,0.56
2016-09-27 14:00:00,28.49,28.49,28.39,28.34,1252.6,-0.1,-0.35,28.366,28.453,28.678,1750.5,2369.45,2778.36,0.21
2016-09-27 13:30:00,28.31,28.51,28.5,28.31,1616.9,0.19,0.67,28.402,28.488,28.724,2136.78,2343.29,2968.63,0.27
2016-09-27 11:30:00,28.32,28.42,28.31,28.29,1383.0,-0.01,-0.04,28.358,28.524,28.781,2764.6,2460.24,3570.72,0.23
2016-09-27 11:00:00,28.31,28.41,28.32,28.31,1160.0,0.01,0.04,28.394,28.55,28.814,3170.8,2675.32,3706.62,0.19
2016-09-27 10:30:00,28.57,28.58,28.31,28.24,3340.0,-0.26,-0.91,28.474,28.578,28.8425,3270.4,3183.03,3837.22,0.55
2016-09-27 10:00:00,28.13,28.6,28.57,28.13,3184.0,0.44,1.56,28.54,28.633,28.8705,2988.4,3268.35,3875.92,0.52
2016-09-26 15:00:00,28.49,28.53,28.28,28.27,4756.0,-0.21,-0.74,28.574,28.661,28.888,2549.8,3279.55,3825.48,0.78
2016-09-26 14:30:00,28.72,28.72,28.49,28.49,3414.0,-0.23,-0.8,28.69,28.737,28.9275,2155.88,3195.27,3768.44,0.56
2016-09-26 14:00:00,28.63,28.75,28.72,28.55,1658.0,0.09,0.31,28.706,28.8,28.9595,2179.84,2994.37,3783.18,0.27
2016-09-26 13:30:00,28.74,28.82,28.64,28.6,1930.0,-0.1,-0.35,28.682,28.847,28.982,3095.66,3079.57,4128.31,0.32
2016-09-26 11:30:00,28.85,28.92,28.74,28.72,991.0,-0.11,-0.38,28.726,28.903,29.001,3548.3,3187.27,4565.76,0.16
2016-09-26 11:00:00,28.57,28.95,28.86,28.56,2786.42,0.29,1.02,28.748,28.96,29.0005,4009.3,3593.97,4897.23,0.46
2016-09-26 10:30:00,28.6,28.68,28.57,28.46,3533.77,-0.03,-0.1,28.784,29.038,28.995,4234.65,4681.2,4980.31,0.58
2016-09-26 10:00:00,28.88,28.88,28.6,28.52,6237.11,-0.28,-0.97,28.894,29.078,29.01,3808.89,4737.93,5053.42,1.03
2016-09-23 15:00:00,28.87,29.05,28.86,28.72,4193.21,-0.01,-0.03,29.012,29.107,29.0155,3063.47,4491.42,4998.36,0.69
2016-09-23 14:30:00,29.04,29.09,28.85,28.85,3296.0,-0.19,-0.65,29.08,29.108,28.997,2826.23,4483.5,4925.48,0.54
2016-09-23 14:00:00,29.12,29.13,29.04,29.0,3913.15,-0.08,-0.27,29.172,29.115,28.98,3178.63,4371.4,4954.25,0.64
2016-09-23 13:30:00,29.19,29.25,29.12,29.11,1405.0,-0.07,-0.24,29.292,29.118,28.9485,5127.76,4341.61,5075.16,0.23
2016-09-23 11:30:00,29.2,29.28,29.19,29.1,2510.0,-0.01,-0.03,29.262,29.119,28.9055,5666.96,4571.99,5216.36,0.41
2016-09-23 11:00:00,29.32,29.34,29.2,29.17,3007.0,-0.12,-0.41,29.202,29.117,28.8485,5919.36,5177.05,5274.8,0.5
2016-09-23 10:30:00,29.6,29.62,29.31,29.3,5058.0,-0.29,-0.98,29.136,29.099,28.79,6140.76,5944.25,5187.18,0.83
2016-09-23 10:00:00,29.01,29.64,29.64,28.84,13658.8,0.63,2.17,29.058,29.041,28.7305,5564.17,6200.5,5019.92,2.25
2016-09-22 15:00:00,28.9,29.0,28.97,28.87,4101.0,0.07,0.24,28.944,28.952,28.657,3555.46,5279.42,4385.98,0.68
2016-09-22 14:30:00,28.87,28.98,28.89,28.81,3772.0,0.02,0.07,28.976,28.942,28.6175,3477.01,5368.92,4288.49,0.62
2016-09-22 14:00:00,28.92,29.11,28.87,28.87,4114.01,-0.05,-0.17,29.032,28.924,28.5855,4434.74,5505.31,4263.9,0.68
2016-09-22 13:30:00,29.07,29.1,28.92,28.9,2175.05,-0.15,-0.52,29.062,28.886,28.55,5747.73,5367.46,4222.2,0.36
2016-09-22 11:30:00,29.13,29.16,29.07,29.0,3615.22,-0.06,-0.21,29.024,28.845,28.508,6836.82,5537.1,4302.1,0.6
2016-09-22 11:00:00,29.19,29.21,29.13,29.13,3708.78,-0.06,-0.21,28.96,28.779,28.46,7003.38,5808.71,4267.12,0.61
2016-09-22 10:30:00,29.02,29.22,29.17,28.98,8560.62,0.15,0.52,28.908,28.692,28.4085,7260.82,5860.73,4121.43,1.41
2016-09-22 10:00:00,28.79,29.08,29.02,28.63,10679.0,0.23,0.8,28.816,28.58,28.356,6575.88,5372.56,3813.1,1.76
2016-09-21 15:00:00,28.75,28.85,28.73,28.7,7620.5,-0.02,-0.07,28.71,28.481,28.314,4987.18,4430.12,3398.84,1.26
2016-09-21 14:30:00,28.87,28.94,28.75,28.67,4448.0,-0.12,-0.42,28.666,28.42,28.2825,4237.38,3839.34,3071.59,0.73
2016-09-21 14:00:00,28.71,28.87,28.87,28.68,4996.0,0.16,0.56,28.598,28.362,28.2465,4614.03,3492.53,2895.34,0.82
2016-09-21 13:30:00,28.49,28.74,28.71,28.46,5135.89,0.22,0.77,28.476,28.293,28.2035,4460.63,3208.05,2895.89,0.85
2016-09-21 11:30:00,28.5,28.52,28.49,28.46,2735.5,-0.01,-0.04,28.344,28.247,28.1705,4169.24,3022.5,2889.44,0.45
2016-09-21 11:00:00,28.41,28.51,28.51,28.39,3871.5,0.1,0.35,28.252,28.214,28.123,3873.05,3076.95,2829.88,0.64
2016-09-21 10:30:00,28.26,28.54,28.41,28.24,6331.28,0.15,0.53,28.174,28.171,28.079,3441.31,3067.1,2704.66,1.04
2016-09-21 10:00:00,27.9,28.29,28.26,27.9,4229.0,0.36,1.29,28.126,28.141,28.0365,2371.03,2725.54,2509.11,0.7
2016-09-20 15:00:00,28.0,28.08,28.05,27.95,3678.93,0.05,0.18,28.11,28.125,28.008,1955.47,2382.14,2354.31,0.61
2016-09-20 14:30:00,28.12,28.15,28.03,28.03,1254.56,-0.09,-0.32,28.15,28.132,27.9895,1875.75,2253.64,2256.36,0.21
2016-09-20 14:00:00,28.17,28.17,28.12,28.08,1712.76,-0.05,-0.18,28.176,28.147,27.9715,2280.84,2367.57,2256.44,0.28
2016-09-20 13:30:00,28.17,28.22,28.17,28.15,979.92,0.0,0.0,28.168,28.145,27.9485,2692.89,2303.84,2294.0,0.16
2016-09-20 11:30:00,28.25,28.25,28.18,28.17,2151.19,-0.07,-0.25,28.156,28.131,27.9165,3080.04,2298.14,2500.33,0.35
2016-09-20 11:00:00,28.16,28.29,28.25,28.11,3280.33,0.09,0.32,28.14,28.114,27.8775,2808.8,2583.72,2472.57,0.54
2016-09-20 10:30:00,28.08,28.19,28.16,28.0,3280.0,0.08,0.28,28.114,28.094,27.835,2631.54,2756.39,2371.21,0.54
2016-09-20 10:00:00,28.27,28.27,28.08,28.02,3773.0,-0.19,-0.67,28.118,28.032,27.7985,2454.3,2582.81,2305.54,0.62
2016-09-19 15:00:00,28.08,28.12,28.11,28.01,2915.68,0.03,0.11,28.122,27.987,27.7595,1914.78,2342.23,2206.29,0.48
2016-09-19 14:30:00,28.12,28.12,28.1,28.0,795.0,-0.02,-0.07,28.106,27.932,27.7185,1516.25,2292.68,2127.51,0.13
2016-09-19 14:00:00,28.18,28.19,28.12,28.0,2394.0,-0.06,-0.21,28.088,27.891,27.68,2358.65,2326.48,2154.51,0.39
2016-09-19 13:30:00,28.1,28.2,28.18,28.1,2393.82,0.08,0.28,28.074,27.847,27.638,2881.25,2259.08,2143.04,0.39
2016-09-19 11:30:00,28.03,28.1,28.1,28.0,1075.41,0.07,0.25,27.946,27.796,27.5865,2711.32,2145.3,2162.25,0.18
2016-09-19 11:00:00,28.01,28.07,28.03,27.98,923.0,0.02,0.07,27.852,27.752,27.542,2769.68,2284.16,2234.98,0.15
2016-09-19 10:30:00,28.05,28.15,28.01,27.97,5007.0,-0.04,-0.14,27.758,27.702,27.512,3069.11,2702.52,2278.68,0.82
2016-09-19 10:00:00,27.75,28.16,28.05,27.45,5007.0,0.3,1.08,27.694,27.641,27.477,2294.31,2361.42,2181.03,0.82
2016-09-14 15:00:00,27.63,27.65,27.54,27.52,1544.2,-0.09,-0.33,27.62,27.576,27.4555,1636.92,1986.02,2022.88,0.25
2016-09-14 14:30:00,27.56,27.67,27.63,27.47,1367.19,0.07,0.25,27.646,27.565,27.463,1579.28,2028.27,2047.87,0.23
2016-09-14 14:00:00,27.69,27.74,27.56,27.56,2420.16,-0.13,-0.47,27.652,27.532,27.473,1798.64,2070.35,2090.24,0.4
2016-09-14 13:30:00,27.68,27.71,27.69,27.58,1133.0,0.01,0.04,27.646,27.505,27.484,2335.94,1962.34,2130.99,0.19
2016-09-14 11:30:00,27.67,27.74,27.68,27.67,1720.05,0.01,0.04,27.588,27.469,27.487,2428.54,1982.54,2428.24,0.28
2016-09-14 11:00:00,27.66,27.73,27.67,27.61,1256.0,0.01,0.04,27.532,27.429,27.5255,2335.13,2027.0,2482.44,0.21
2016-09-14 10:30:00,27.53,27.79,27.66,27.46,2464.0,0.13,0.47,27.484,27.377,27.56,2477.26,2179.2,2539.49,0.41
2016-09-14 10:00:00,27.29,27.59,27.53,27.27,5106.64,0.24,0.88,27.412,27.332,27.596,2342.06,2185.8,2498.06,0.84
2016-09-13 15:00:00,27.38,27.46,27.4,27.36,1596.0,0.02,0.07,27.364,27.322,27.644,1588.74,1854.84,2289.78,0.26
2016-09-13 14:30:00,27.44,27.44,27.4,27.32,1253.0,-0.04,-0.15,27.35,27.313,27.703,1536.55,2000.64,2346.12,0.21
2016-09-13 14:00:00,27.3,27.51,27.43,27.27,1966.68,0.13,0.48,27.326,27.335,27.759,1718.88,2059.74,2369.82,0.32
2016-09-13 13:30:00,27.29,27.38,27.3,27.26,1788.0,0.01,0.04,27.27,27.361,27.812,1881.14,2067.47,2556.86,0.29
2016-09-13 11:30:00,27.33,27.35,27.29,27.18,1340.0,-0.04,-0.15,27.252,27.414,27.877,2029.54,2110.12,2722.11,0.22
2016-09-13 11:00:00,27.28,27.35,27.33,27.2,1335.05,0.05,0.18,27.28,27.463,27.9235,2120.94,2299.64,2756.46,0.22
2016-09-13 10:30:00,27.16,27.28,27.28,27.14,2164.66,0.12,0.44,27.276,27.505,27.964,2464.73,2873.94,2781.44,0.36
2016-09-13 10:00:00,27.37,27.42,27.15,27.15,2778.0,-0.22,-0.8,27.344,27.622,28.012,2400.6,2937.87,2794.15,0.46
2016-09-12 15:00:00,27.43,27.49,27.21,27.2,2530.0,-0.22,-0.8,27.452,27.743,28.069,2253.8,2899.77,2693.2,0.42
2016-09-12 14:30:00,27.31,27.55,27.43,27.27,1797.0,0.12,0.44,27.576,27.86,28.123,2190.69,2810.32,2603.3,0.3
2016-09-12 14:00:00,27.62,27.69,27.31,27.25,3054.0,-0.31,-1.12,27.646,27.966,28.164,2478.34,2724.72,2602.88,0.5
2016-09-12 13:30:00,27.69,27.69,27.62,27.5,1844.0,-0.07,-0.25,27.734,28.093,28.2145,3283.14,2691.6,2572.03,0.3
2016-09-12 11:30:00,27.83,27.86,27.69,27.6,2044.0,-0.14,-0.5,27.9,28.183,28.2495,3475.14,2679.9,2651.13,0.34
2016-09-12 11:00:00,27.77,27.9,27.83,27.68,2214.46,0.06,0.22,28.034,28.263,28.2725,3545.74,3046.24,2724.68,0.36
2016-09-12 10:30:00,27.75,27.88,27.78,27.75,3235.25,0.03,0.11,28.144,28.34,28.2995,3429.95,3334.1,2717.96,0.53
