date,open,high,close,low,volume,price_change,p_change,ma5,ma10,ma20,v_ma5,v_ma10,v_ma20,turnover
2017-06-02,32.0,32.0,31.5,29.55,17658.09,-0.61,-1.9,42.26,53.155,58.001,186545.06,300379.7,497610.87,5.9
2017-05-31,42.34,42.7,32.11,31.03,146439.7,-10.64,-24.89,46.284,57.403,60.04,209585.94,382089.31,534530.32,48.95
2017-04-28,50.87,52.94,42.75,38.64,140502.05,-8.12,-15.96,52.354,61.235,62.367,245115.65,489115.28,566871.2,70.25
2017-03-31,54.07,65.5,50.87,50.5,493524.31,-3.2,-5.92,58.956,64.935,64.151,386070.4,615512.92,605632.04,246.76
2017-02-28,51.69,56.85,54.07,50.51,134601.14,2.45,4.75,62.746,65.479,65.479,390938.94,616842.81,616842.81,67.3
2017-01-26,62.57,64.89,51.62,47.54,132862.48,-10.84,-17.36,64.05,66.747,66.747,414214.34,670425.22,670425.22,66.43
2016-12-30,75.52,79.5,62.46,61.8,324088.28,-13.3,-17.55,68.522,68.638,68.638,554592.68,737620.56,737620.56,162.04
2016-11-30,71.17,88.5,75.76,70.75,845275.81,5.94,8.51,70.116,69.52,69.52,733114.9,796696.6,796696.6,422.64
2016-10-28,61.28,78.2,69.82,60.6,517867.0,9.23,15.23,70.914,68.48,68.48,844955.44,788600.06,788600.06,258.93
2016-09-30,73.69,74.29,60.59,59.6,250978.12,-13.39,-18.1,68.212,68.212,68.212,842746.68,842746.68,842746.68,125.49
2016-08-31,68.5,84.2,73.98,63.39,834754.19,3.55,5.04,70.118,70.118,70.118,990688.82,990688.82,990688.82,417.38
2016-07-29,78.45,99.88,70.43,67.0,1216699.38,-9.32,-11.69,68.83,68.83,68.83,1042667.02,1042667.02,1042667.02,608.35
2016-06-30,56.4,85.5,79.75,52.07,1404478.5,23.44,41.63,68.03,68.03,68.03,955650.85,955650.85,955650.85,702.24
2016-05-31,15.54,59.03,56.31,15.54,506823.19,2.59,20.0,56.31,56.31,56.31,506823.19,506823.19,506823.19,253.41
