2017-03-17@15:00:00,61.835,60.179,58.522
2017-03-17@14:00:00,62.327,60.389,58.451
2017-03-17@11:30:00,63.016,60.585,58.154
2017-03-17@10:30:00,63.611,60.800,57.989
2017-03-16@15:00:00,64.107,60.990,57.872
2017-03-16@14:00:00,64.187,61.049,57.910
2017-03-16@11:30:00,64.185,61.046,57.907
2017-03-16@10:30:00,64.191,61.062,57.932
2017-03-15@15:00:00,64.197,61.072,57.946
2017-03-15@14:00:00,64.633,60.861,57.089
2017-03-15@11:30:00,64.951,60.728,56.504
2017-03-15@10:30:00,65.194,60.593,55.991
2017-03-14@15:00:00,65.410,60.463,55.516
2017-03-14@14:00:00,65.611,60.263,54.914
2017-03-14@11:30:00,65.751,60.004,54.257
2017-03-14@10:30:00,65.848,59.746,53.644
2017-03-13@15:00:00,65.839,59.515,53.190
2017-03-13@14:00:00,65.673,59.228,52.782
2017-03-13@11:30:00,65.532,58.948,52.363
2017-03-13@10:30:00,65.396,58.683,51.970
2017-03-10@15:00:00,65.145,58.382,51.619
2017-03-10@14:00:00,64.560,57.973,51.385
2017-03-10@11:30:00,63.711,57.478,51.245
2017-03-10@10:30:00,62.609,56.982,51.354
2017-03-09@15:00:00,61.258,56.466,51.674
2017-03-09@14:00:00,60.281,56.071,51.860
2017-03-09@11:30:00,59.462,55.734,52.005
2017-03-09@10:30:00,58.405,55.399,52.393
2017-03-08@15:00:00,56.825,55.062,53.298
2017-03-08@14:00:00,56.673,54.977,53.281
2017-03-08@11:30:00,56.527,54.897,53.267
2017-03-08@10:30:00,56.330,54.807,53.283
2017-03-07@15:00:00,56.145,54.727,53.309
2017-03-07@14:00:00,55.999,54.643,53.286
2017-03-07@11:30:00,55.907,54.574,53.240
2017-03-07@10:30:00,55.827,54.529,53.230
2017-03-06@15:00:00,55.609,54.440,53.271
2017-03-06@14:00:00,55.369,54.326,53.283
2017-03-06@11:30:00,55.172,54.272,53.372
2017-03-06@10:30:00,55.019,54.240,53.460
2017-03-03@15:00:00,54.879,54.212,53.545
2017-03-03@14:00:00,54.879,54.212,53.545
2017-03-03@11:30:00,54.956,54.256,53.555
2017-03-03@10:30:00,54.983,54.279,53.574
2017-03-02@15:00:00,55.001,54.330,53.658
2017-03-02@14:00:00,55.005,54.354,53.702
2017-03-02@11:30:00,55.033,54.392,53.750
2017-03-02@10:30:00,55.031,54.410,53.788
2017-03-01@15:00:00,55.024,54.421,53.817
2017-03-01@14:00:00,55.212,54.466,53.720
2017-03-01@11:30:00,55.265,54.490,53.714
2017-03-01@10:30:00,55.280,54.502,53.724
2017-02-28@15:00:00,55.415,54.548,53.681
2017-02-28@14:00:00,55.719,54.466,53.212
2017-02-28@11:30:00,55.878,54.395,52.911
2017-02-28@10:30:00,56.037,54.291,52.544
2017-02-27@15:00:00,56.229,54.180,52.130
2017-02-27@14:00:00,56.426,54.077,51.728
2017-02-27@11:30:00,56.611,53.905,51.199
2017-02-27@10:30:00,56.630,53.738,50.846
2017-02-24@15:00:00,56.562,53.599,50.635
2017-02-24@14:00:00,56.428,53.492,50.556
2017-02-24@11:30:00,56.281,53.400,50.518
2017-02-24@10:30:00,56.172,53.338,50.504
2017-02-23@15:00:00,56.073,53.296,50.519
2017-02-23@14:00:00,56.048,53.287,50.525
2017-02-23@11:30:00,55.942,53.244,50.545
2017-02-23@10:30:00,55.876,53.216,50.555
2017-02-22@15:00:00,55.851,53.205,50.559
2017-02-22@14:00:00,55.644,53.148,50.652
2017-02-22@11:30:00,55.650,53.150,50.649
2017-02-22@10:30:00,55.624,53.142,50.659
2017-02-21@15:00:00,55.452,53.099,50.746
2017-02-21@14:00:00,55.574,53.190,50.805
2017-02-21@11:30:00,55.705,53.280,50.854
2017-02-21@10:30:00,55.816,53.387,50.958
2017-02-20@15:00:00,55.906,53.528,51.150
2017-02-20@14:00:00,55.855,53.658,51.460
2017-02-20@11:30:00,55.649,53.823,51.996
2017-02-20@10:30:00,55.425,53.974,52.522
2017-02-17@15:00:00,55.172,54.066,52.960
2017-02-17@14:00:00,55.068,54.099,53.129
2017-02-17@11:30:00,55.005,54.119,53.233
2017-02-17@10:30:00,54.992,54.124,53.256
2017-02-16@15:00:00,54.998,54.115,53.231
2017-02-16@14:00:00,55.002,54.117,53.232
2017-02-16@11:30:00,55.058,54.156,53.253
2017-02-16@10:30:00,55.108,54.195,53.282
2017-02-15@15:00:00,55.160,54.226,53.292
2017-02-15@14:00:00,55.280,54.150,53.019
2017-02-15@11:30:00,55.286,54.029,52.772
2017-02-15@10:30:00,55.449,53.897,52.345
2017-02-14@15:00:00,55.522,53.763,52.004
2017-02-14@14:00:00,55.525,53.663,51.800
2017-02-14@11:30:00,55.490,53.550,51.609
2017-02-14@10:30:00,55.417,53.439,51.461
2017-02-13@15:00:00,55.272,53.327,51.381
2017-02-13@14:00:00,55.188,53.256,51.323
2017-02-13@11:30:00,55.077,53.155,51.233
2017-02-13@10:30:00,54.922,53.048,51.173
2017-02-10@15:00:00,54.866,52.953,51.040
2017-02-10@14:00:00,54.859,52.868,50.876
2017-02-10@11:30:00,54.811,52.800,50.788
2017-02-10@10:30:00,54.766,52.710,50.653
2017-02-09@15:00:00,54.661,52.614,50.566
2017-02-09@14:00:00,54.414,52.479,50.543
2017-02-09@11:30:00,54.023,52.338,50.652
2017-02-09@10:30:00,53.536,52.180,50.824
2017-02-08@15:00:00,52.767,52.043,51.318
2017-02-08@14:00:00,52.692,51.967,51.242
2017-02-08@11:30:00,52.656,51.894,51.131
2017-02-08@10:30:00,52.663,51.870,51.077
2017-02-07@15:00:00,52.695,51.832,50.969
2017-02-07@14:00:00,52.722,51.757,50.791
2017-02-07@11:30:00,52.734,51.684,50.634
2017-02-07@10:30:00,52.701,51.612,50.524
2017-02-06@15:00:00,52.597,51.545,50.493
2017-02-06@14:00:00,52.407,51.490,50.573
2017-02-06@11:30:00,52.302,51.453,50.604
2017-02-06@10:30:00,52.197,51.422,50.648
2017-02-03@15:00:00,52.195,51.422,50.649
2017-02-03@14:00:00,52.176,51.398,50.620
2017-02-03@11:30:00,52.117,51.380,50.643
2017-02-03@10:30:00,52.113,51.378,50.643
2017-01-26@15:00:00,52.069,51.345,50.621
2017-01-26@14:00:00,52.123,51.280,50.436
2017-01-26@11:30:00,52.138,51.197,50.256
2017-01-26@10:30:00,52.110,51.162,50.214
2017-01-25@15:00:00,52.031,51.081,50.130
2017-01-25@14:00:00,52.066,51.021,49.976
2017-01-25@11:30:00,52.054,51.006,49.957
2017-01-25@10:30:00,52.014,50.965,49.916
2017-01-24@15:00:00,52.011,50.926,49.840
2017-01-24@14:00:00,52.112,50.976,49.839
2017-01-24@11:30:00,52.297,51.051,49.804
2017-01-24@10:30:00,52.421,50.980,49.539
2017-01-23@15:00:00,52.427,50.930,49.433
2017-01-23@14:00:00,52.394,50.837,49.279
2017-01-23@11:30:00,52.408,50.842,49.275
2017-01-23@10:30:00,52.340,50.812,49.284
2017-01-20@15:00:00,52.308,50.803,49.298
2017-01-20@14:00:00,53.166,50.970,48.774
2017-01-20@11:30:00,54.083,51.159,48.235
2017-01-20@10:30:00,54.972,51.379,47.785
2017-01-19@15:00:00,55.513,51.578,47.643
2017-01-19@14:00:00,56.809,51.975,47.140
2017-01-19@11:30:00,58.239,52.449,46.658
2017-01-19@10:30:00,59.528,52.914,46.299
2017-01-18@15:00:00,60.577,53.399,46.221
2017-01-18@14:00:00,61.405,53.886,46.367
2017-01-18@11:30:00,62.202,54.354,46.506
2017-01-18@10:30:00,62.876,54.835,46.794
2017-01-17@15:00:00,63.557,55.371,47.184
2017-01-17@14:00:00,64.316,55.869,47.421
2017-01-17@11:30:00,65.023,56.356,47.689
2017-01-17@10:30:00,65.372,56.990,48.607
2017-01-16@15:00:00,65.617,57.592,49.567
2017-01-16@14:00:00,65.504,58.182,50.860
2017-01-16@11:30:00,65.472,58.676,51.880
2017-01-16@10:30:00,65.162,59.216,53.270
2017-01-13@15:00:00,64.577,59.693,54.809
2017-01-13@14:00:00,64.346,60.042,55.738
2017-01-13@11:30:00,64.179,60.367,56.554
2017-01-13@10:30:00,63.980,60.678,57.376
2017-01-12@15:00:00,63.180,61.035,58.890
2017-01-12@14:00:00,63.214,61.284,59.354
2017-01-12@11:30:00,63.508,61.483,59.458
2017-01-12@10:30:00,63.802,61.665,59.527
2017-01-11@15:00:00,64.009,61.847,59.684
2017-01-11@14:00:00,64.292,62.076,59.859
2017-01-11@11:30:00,64.542,62.289,60.035
2017-01-11@10:30:00,64.717,62.499,60.280
2017-01-10@15:00:00,64.884,62.658,60.432
2017-01-10@14:00:00,64.925,62.734,60.542
2017-01-10@11:30:00,64.971,62.799,60.627
2017-01-10@10:30:00,65.003,62.854,60.705
2017-01-09@15:00:00,65.050,62.918,60.786
2017-01-09@14:00:00,65.010,62.967,60.924
2017-01-09@11:30:00,64.996,63.063,61.129
2017-01-09@10:30:00,64.965,63.108,61.251
2017-01-06@15:00:00,64.838,63.193,61.547
2017-01-06@14:00:00,64.723,63.284,61.845
2017-01-06@11:30:00,64.702,63.385,62.068
2017-01-06@10:30:00,64.752,63.494,62.235
2017-01-05@15:00:00,64.693,63.573,62.453
2017-01-05@14:00:00,64.923,63.662,62.400
2017-01-05@11:30:00,65.361,63.775,62.188
2017-01-05@10:30:00,65.723,63.885,62.046
2017-01-04@15:00:00,65.953,63.980,62.007
2017-01-04@14:00:00,66.062,64.022,61.982
2017-01-04@11:30:00,66.169,64.065,61.960
2017-01-04@10:30:00,66.325,64.123,61.921
2017-01-03@15:00:00,66.475,64.190,61.904
2017-01-03@14:00:00,66.612,64.305,61.998
2017-01-03@11:30:00,66.615,64.358,62.101
2017-01-03@10:30:00,66.596,64.400,62.203
2016-12-30@15:00:00,66.603,64.392,62.181
2016-12-30@14:00:00,66.551,64.513,62.475
2016-12-30@11:30:00,66.563,64.587,62.610
2016-12-30@10:30:00,66.666,64.759,62.852
2016-12-29@15:00:00,66.806,64.943,63.080
2016-12-29@14:00:00,67.604,65.222,62.840
2016-12-29@11:30:00,68.090,65.439,62.789
2016-12-29@10:30:00,68.568,65.648,62.729
2016-12-28@15:00:00,68.994,65.898,62.802
2016-12-28@14:00:00,68.993,65.911,62.829
2016-12-28@11:30:00,68.987,65.840,62.693
2016-12-28@10:30:00,68.979,65.757,62.535
2016-12-27@15:00:00,68.978,65.694,62.411
2016-12-27@14:00:00,68.988,65.640,62.293
2016-12-27@11:30:00,68.992,65.584,62.177
2016-12-27@10:30:00,68.974,65.523,62.072
2016-12-26@15:00:00,68.955,65.458,61.961
2016-12-26@14:00:00,68.932,65.390,61.848
2016-12-26@11:30:00,68.944,65.365,61.787
2016-12-26@10:30:00,68.937,65.394,61.851
2016-12-23@15:00:00,68.886,65.458,62.030
2016-12-23@14:00:00,68.887,65.461,62.035
2016-12-23@11:30:00,68.885,65.445,62.005
2016-12-23@10:30:00,68.806,65.359,61.912
2016-12-22@15:00:00,68.679,65.274,61.869
2016-12-22@14:00:00,68.048,65.051,62.054
2016-12-22@11:30:00,67.469,64.848,62.227
2016-12-22@10:30:00,66.677,64.669,62.662
2016-12-21@15:00:00,65.115,64.452,63.789
2016-12-21@14:00:00,65.134,64.347,63.559
2016-12-21@11:30:00,65.141,64.351,63.560
2016-12-21@10:30:00,65.159,64.366,63.572
2016-12-20@15:00:00,65.177,64.337,63.496
2016-12-20@14:00:00,65.203,64.360,63.517
2016-12-20@11:30:00,65.263,64.397,63.531
2016-12-20@10:30:00,65.267,64.401,63.536
2016-12-19@15:00:00,65.269,64.405,63.542
2016-12-19@14:00:00,65.341,64.365,63.389
2016-12-19@11:30:00,65.419,64.427,63.436
2016-12-19@10:30:00,66.447,64.600,62.753
2016-12-16@15:00:00,67.668,64.849,62.030
2016-12-16@14:00:00,68.326,65.037,61.749
2016-12-16@11:30:00,68.826,65.231,61.637
2016-12-16@10:30:00,69.342,65.447,61.553
2016-12-15@15:00:00,69.733,65.629,61.525
2016-12-15@14:00:00,70.394,65.910,61.427
2016-12-15@11:30:00,71.147,66.244,61.341
2016-12-15@10:30:00,71.825,66.546,61.267
2016-12-14@15:00:00,72.395,66.872,61.350
2016-12-14@14:00:00,73.065,67.333,61.602
2016-12-14@11:30:00,73.614,67.703,61.792
2016-12-14@10:30:00,73.947,68.035,62.124
2016-12-13@15:00:00,74.073,68.390,62.707
2016-12-13@14:00:00,74.221,68.709,63.197
2016-12-13@11:30:00,74.361,69.031,63.702
2016-12-13@10:30:00,74.330,69.368,64.406
2016-12-12@15:00:00,74.148,69.711,65.274
2016-12-12@14:00:00,73.460,70.095,66.730
2016-12-12@11:30:00,72.836,70.377,67.917
2016-12-12@10:30:00,72.810,70.556,68.301
2016-12-09@15:00:00,73.133,70.724,68.315
2016-12-09@14:00:00,73.356,70.937,68.518
2016-12-09@11:30:00,73.665,71.209,68.754
2016-12-09@10:30:00,73.982,71.475,68.969
2016-12-08@15:00:00,74.433,71.811,69.189
2016-12-08@14:00:00,75.772,72.198,68.625
2016-12-08@11:30:00,76.996,72.574,68.152
2016-12-08@10:30:00,77.897,72.929,67.962
2016-12-07@15:00:00,78.714,73.299,67.885
2016-12-07@14:00:00,78.964,73.468,67.973
2016-12-07@11:30:00,79.096,73.616,68.136
2016-12-07@10:30:00,79.122,73.755,68.388
2016-12-06@15:00:00,79.218,73.983,68.748
2016-12-06@14:00:00,79.349,74.233,69.117
2016-12-06@11:30:00,79.467,74.471,69.476
2016-12-06@10:30:00,79.653,74.771,69.889
2016-12-05@15:00:00,79.699,75.045,70.392
2016-12-05@14:00:00,79.686,75.051,70.416
2016-12-05@11:30:00,79.631,75.072,70.513
2016-12-05@10:30:00,79.681,75.049,70.418
2016-12-02@15:00:00,79.814,74.963,70.112
2016-12-02@14:00:00,81.116,74.549,67.981
2016-12-02@11:30:00,81.967,74.082,66.197
2016-12-02@10:30:00,82.531,73.599,64.666
2016-12-01@15:00:00,82.907,73.020,63.132
2016-12-01@14:00:00,82.725,72.321,61.917
2016-12-01@11:30:00,82.233,71.591,60.948
2016-12-01@10:30:00,81.697,70.818,59.938
2016-11-30@15:00:00,80.970,69.985,59.000
2016-11-30@14:00:00,80.605,69.228,57.851
2016-11-30@11:30:00,80.187,68.507,56.826
2016-11-30@10:30:00,79.740,67.823,55.905
2016-10-13@15:00:00,78.862,67.088,55.314
2016-10-13@14:00:00,77.670,66.318,54.965
2016-10-13@11:30:00,76.194,65.569,54.943
2016-10-13@10:30:00,74.114,64.776,55.438
2016-10-12@15:00:00,71.691,64.006,56.320
2016-10-12@14:00:00,70.548,63.500,56.452
2016-10-12@11:30:00,69.177,62.998,56.820
2016-10-12@10:30:00,67.464,62.492,57.520
2016-10-11@15:00:00,65.021,61.989,58.958
2016-10-11@14:00:00,64.601,61.834,59.067
2016-10-11@11:30:00,64.177,61.611,59.046
2016-10-11@10:30:00,63.705,61.379,59.053
2016-10-10@15:00:00,63.331,61.221,59.111
2016-10-10@14:00:00,62.817,61.060,59.303
2016-10-10@11:30:00,62.191,60.941,59.691
2016-10-10@10:30:00,62.156,60.935,59.715
2016-09-30@15:00:00,62.361,60.979,59.597
2016-09-30@14:00:00,63.267,61.180,59.093
2016-09-30@11:30:00,64.341,61.451,58.562
2016-09-30@10:30:00,65.186,61.736,58.287
2016-09-29@15:00:00,65.864,61.999,58.134
2016-09-29@14:00:00,66.616,62.305,57.994
2016-09-29@11:30:00,67.250,62.582,57.914
2016-09-29@10:30:00,67.860,62.864,57.869
2016-09-28@15:00:00,68.400,63.152,57.905
2016-09-28@14:00:00,68.864,63.453,58.042
2016-09-28@11:30:00,69.344,63.773,58.202
2016-09-28@10:30:00,69.766,64.105,58.444
2016-09-27@15:00:00,69.946,64.374,58.803
2016-09-27@14:00:00,70.179,64.646,59.114
2016-09-27@11:30:00,70.217,64.999,59.781
2016-09-27@10:30:00,70.125,65.384,60.643
2016-09-26@15:00:00,69.986,65.735,61.484
2016-09-26@14:00:00,69.775,66.114,62.454
2016-09-26@11:30:00,69.463,66.436,63.410
2016-09-26@10:30:00,69.165,66.688,64.212
2016-09-23@15:00:00,68.597,66.944,65.290
2016-09-23@14:00:00,68.349,67.016,65.684
2016-09-23@11:30:00,68.319,67.031,65.743
2016-09-23@10:30:00,68.287,67.049,65.812
2016-09-22@15:00:00,68.228,67.091,65.954
2016-09-22@14:00:00,68.284,67.054,65.824
2016-09-22@11:30:00,68.310,67.029,65.748
2016-09-22@10:30:00,nan,nan,nan
2016-09-21@15:00:00,nan,nan,nan
2016-09-21@14:00:00,nan,nan,nan
2016-09-21@11:30:00,nan,nan,nan
2016-09-21@10:30:00,nan,nan,nan
2016-09-20@15:00:00,nan,nan,nan
2016-09-20@14:00:00,nan,nan,nan
2016-09-20@11:30:00,nan,nan,nan
2016-09-20@10:30:00,nan,nan,nan
2016-09-19@15:00:00,nan,nan,nan
2016-09-19@14:00:00,nan,nan,nan
2016-09-19@11:30:00,nan,nan,nan
2016-09-19@10:30:00,nan,nan,nan
2016-09-14@15:00:00,nan,nan,nan
2016-09-14@14:00:00,nan,nan,nan
2016-09-14@11:30:00,nan,nan,nan
2016-09-14@10:30:00,nan,nan,nan
2016-09-13@15:00:00,nan,nan,nan
2016-09-13@14:00:00,nan,nan,nan
