Not
2017-06-02,-3.535,-3.278,-0.257
2017-06-01,-3.548,-3.213,-0.334
2017-05-31,-3.400,-3.130,-0.271
2017-05-26,-3.337,-3.062,-0.275
2017-05-25,-3.270,-2.993,-0.277
2017-05-24,-3.143,-2.924,-0.219
2017-05-23,-2.976,-2.869,-0.107
2017-05-22,-2.681,-2.843,0.162
2017-05-19,-2.575,-2.883,0.308
2017-05-18,-2.592,-2.960,0.369
2017-05-17,-2.675,-3.052,0.378
2017-05-16,-2.790,-3.147,0.357
2017-05-15,-2.921,-3.236,0.315
2017-05-12,-3.102,-3.315,0.213
2017-05-11,-3.181,-3.368,0.187
2017-05-10,-3.271,-3.415,0.144
2017-05-09,-3.333,-3.450,0.117
2017-05-08,-3.405,-3.480,0.074
2017-05-05,-3.391,-3.498,0.108
2017-05-04,-3.417,-3.525,0.109
2017-05-03,-3.512,-3.552,0.041
2017-05-02,-3.690,-3.563,-0.128
2017-04-28,-3.834,-3.531,-0.303
2017-04-27,-4.056,-3.455,-0.601
2017-04-26,-4.076,-3.305,-0.771
2017-04-25,-3.993,-3.112,-0.881
2017-04-24,-3.795,-2.892,-0.903
2017-04-21,-3.447,-2.666,-0.781
2017-04-20,-3.311,-2.471,-0.840
2017-04-19,-3.135,-2.261,-0.874
2017-04-18,-3.012,-2.042,-0.969
2017-04-17,-2.719,-1.800,-0.919
2017-04-14,-2.421,-1.570,-0.851
2017-04-13,-2.330,-1.358,-0.972
2017-04-12,-2.212,-1.115,-1.097
2017-04-11,-1.985,-0.840,-1.145
2017-04-10,-1.760,-0.554,-1.205
2017-04-07,-1.328,-0.253,-1.076
2017-04-06,-1.097,0.016,-1.113
2017-04-05,-0.888,0.294,-1.182
2017-03-31,-0.599,0.590,-1.189
2017-03-30,-0.083,0.887,-0.970
2017-03-29,0.557,1.130,-0.573
2017-03-28,1.068,1.273,-0.205
2017-03-27,1.258,1.324,-0.067
2017-03-24,1.506,1.341,0.165
2017-03-23,1.513,1.300,0.213
2017-03-22,1.483,1.246,0.237
2017-03-21,1.499,1.187,0.312
2017-03-20,1.540,1.109,0.431
2017-03-17,1.485,1.001,0.483
2017-03-16,1.600,0.881,0.719
2017-03-15,1.532,0.701,0.831
2017-03-14,1.443,0.493,0.950
2017-03-13,1.378,0.256,1.123
2017-03-10,1.094,-0.025,1.118
2017-03-09,0.569,-0.305,0.874
2017-03-08,0.005,-0.523,0.528
2017-03-07,-0.142,-0.655,0.513
2017-03-06,-0.280,-0.783,0.503
2017-03-03,-0.458,-0.909,0.451
2017-03-02,-0.572,-1.022,0.450
2017-03-01,-0.626,-1.134,0.509
2017-02-28,-0.741,-1.261,0.521
2017-02-27,-0.831,-1.392,0.560
2017-02-24,-0.882,-1.532,0.649
2017-02-23,-1.058,-1.694,0.636
2017-02-22,-1.228,-1.853,0.625
2017-02-21,-1.522,-2.009,0.487
2017-02-20,-1.581,-2.131,0.550
2017-02-17,-1.539,-2.269,0.730
2017-02-16,-1.581,-2.451,0.870
2017-02-15,-1.774,-2.668,0.894
2017-02-14,-1.999,-2.892,0.893
2017-02-13,-2.252,-3.115,0.863
2017-02-10,-2.528,-3.331,0.803
2017-02-09,-2.763,-3.532,0.768
2017-02-08,-3.124,-3.724,0.600
2017-02-07,-3.379,-3.874,0.494
2017-02-06,-3.605,-3.997,0.393
2017-02-03,-3.883,-4.095,0.212
2017-02-02,-4.069,-4.148,0.080
2017-01-26,-4.253,-4.168,-0.085
2017-01-25,-4.427,-4.147,-0.280
2017-01-24,-4.547,-4.077,-0.470
2017-01-23,-4.580,-3.959,-0.621
2017-01-20,-4.642,-3.804,-0.838
2017-01-19,-4.609,-3.595,-1.014
2017-01-18,-4.414,-3.341,-1.073
2017-01-17,-4.076,-3.073,-1.003
2017-01-16,-3.756,-2.822,-0.934
2017-01-13,-3.087,-2.589,-0.498
2017-01-12,-2.674,-2.464,-0.210
2017-01-11,-2.492,-2.412,-0.080
2017-01-10,-2.381,-2.392,0.010
2017-01-09,-2.396,-2.394,-0.001
2017-01-06,-2.363,-2.394,0.031
2017-01-05,-2.282,-2.402,0.120
2017-01-04,-2.331,-2.432,0.101
2017-01-03,-2.477,-2.457,-0.020
2016-12-30,-2.502,-2.452,-0.050
2016-12-29,-2.422,-2.440,0.018
2016-12-28,-2.368,-2.444,0.076
2016-12-27,-2.438,-2.463,0.025
2016-12-26,-2.519,-2.469,-0.050
2016-12-23,-2.612,-2.457,-0.155
2016-12-22,-2.639,-2.418,-0.222
2016-12-21,-3.031,-2.362,-0.669
2016-12-20,-3.118,-2.195,-0.923
2016-12-19,-3.076,-1.965,-1.111
2016-12-16,-2.971,-1.687,-1.285
2016-12-15,-2.880,-1.366,-1.515
2016-12-14,-2.670,-0.987,-1.683
2016-12-13,-2.229,-0.566,-1.663
2016-12-12,-1.794,-0.150,-1.643
2016-12-09,-1.073,0.261,-1.333
2016-12-08,-0.683,0.594,-1.277
2016-12-07,-0.312,0.913,-1.225
2016-12-06,-0.073,1.219,-1.292
2016-12-05,0.370,1.542,-1.172
2016-12-02,0.936,1.835,-0.900
2016-12-01,1.442,2.060,-0.618
2016-11-30,1.576,2.215,-0.638
2016-11-29,1.932,2.374,-0.442
2016-11-28,2.482,2.485,-0.003
2016-11-25,2.967,2.485,0.482
2016-11-24,3.169,2.365,0.804
2016-11-23,3.126,2.164,0.962
2016-11-22,2.804,1.924,0.880
2016-11-21,2.399,1.704,0.695
2016-11-18,1.687,1.530,0.157
2016-11-17,1.362,1.491,-0.129
2016-11-16,1.666,1.523,0.143
2016-11-15,1.812,1.487,0.324
2016-11-14,1.723,1.406,0.316
2016-11-11,1.514,1.327,0.187
2016-11-10,1.607,1.280,0.326
2016-11-09,1.535,1.199,0.336
2016-11-08,1.581,1.115,0.466
2016-11-07,1.454,0.998,0.456
2016-11-04,1.240,0.884,0.355
2016-11-03,1.037,0.796,0.242
2016-11-02,0.924,0.735,0.189
2016-10-28,1.014,0.688,0.327
2016-10-27,1.252,0.606,0.646
2016-10-26,1.300,0.445,0.855
2016-10-25,1.345,0.231,1.114
2016-10-24,1.113,-0.048,1.161
2016-10-21,0.874,-0.338,1.211
2016-10-20,0.510,-0.641,1.151
2016-10-19,0.328,-0.928,1.256
2016-10-18,0.157,-1.243,1.399
2016-10-17,-0.165,-1.592,1.427
2016-10-14,-0.380,-1.949,1.569
2016-10-13,-0.998,-2.341,1.344
2016-10-12,-2.013,-2.677,0.664
2016-10-11,-2.794,-2.843,0.050
2016-10-10,-3.091,-2.856,-0.235
2016-09-30,-3.341,-2.797,-0.544
2016-09-29,-3.281,-2.661,-0.620
2016-09-28,-3.156,-2.506,-0.651
2016-09-27,-2.974,-2.343,-0.631
2016-09-26,-2.780,-2.185,-0.594
2016-09-23,-2.378,-2.037,-0.342
2016-09-22,-2.244,-1.951,-0.293
2016-09-21,-2.259,-1.878,-0.381
2016-09-20,-2.279,-1.783,-0.495
2016-09-19,-2.270,-1.659,-0.611
2016-09-14,-2.346,-1.506,-0.840
2016-09-13,-2.192,-1.296,-0.896
2016-09-12,-1.952,-1.073,-0.880
2016-09-09,-1.596,-0.853,-0.744
2016-09-08,-1.368,-0.667,-0.701
2016-09-07,-1.170,-0.491,-0.679
2016-09-06,-0.945,-0.322,-0.623
2016-09-05,-0.832,-0.166,-0.667
2016-09-02,-0.594,0.001,-0.595
2016-09-01,-0.279,0.149,-0.429
2016-08-31,0.000,0.257,-0.256
2016-08-30,0.157,0.321,-0.164
2016-08-29,0.347,0.362,-0.015
2016-08-26,0.615,0.366,0.249
2016-08-25,0.720,0.303,0.417
2016-08-24,0.588,0.199,0.389
2016-08-23,0.508,0.102,0.407
2016-08-22,0.340,0.000,0.340
2016-08-19,0.552,-0.085,0.637
2016-08-18,0.401,-0.244,0.646
2016-08-17,-0.099,-0.405,0.306
2016-08-16,-0.598,-0.482,-0.116
2016-08-15,-0.900,-0.453,-0.447
2016-08-12,-1.093,-0.341,-0.752
2016-08-11,-0.938,-0.153,-0.784
2016-08-10,-0.737,0.043,-0.780
2016-08-09,-0.820,0.238,-1.058
2016-08-08,-0.916,0.502,-1.418
2016-08-05,-0.986,0.857,-1.843
2016-08-04,-0.762,1.317,-2.080
2016-08-03,-0.684,1.837,-2.521
2016-08-02,-0.707,2.468,-3.174
2016-08-01,-0.280,3.261,-3.541
2016-07-29,0.673,4.147,-3.474
2016-07-28,1.444,5.015,-3.571
2016-07-27,2.367,5.908,-3.541
2016-07-26,3.666,6.793,-3.127
2016-07-25,4.517,7.575,-3.057
2016-07-22,5.609,8.339,-2.730
2016-07-21,6.718,9.021,-2.303
2016-07-20,7.635,9.597,-1.962
2016-07-19,8.311,10.088,-1.777
2016-07-18,9.065,10.532,-1.467
2016-07-15,9.832,10.898,-1.066
2016-07-14,10.213,11.165,-0.952
2016-07-13,10.547,11.403,-0.856
2016-07-12,11.024,11.617,-0.593
2016-07-11,11.455,11.765,-0.310
2016-07-08,12.660,11.843,0.817
2016-07-07,13.129,11.638,1.490
2016-07-06,13.005,11.266,1.740
2016-07-05,12.731,10.831,1.900
2016-07-04,11.828,10.356,1.473
2016-07-01,10.617,9.988,0.629
2016-06-30,9.809,9.830,-0.021
2016-06-29,9.448,9.836,-0.388
2016-06-28,9.010,9.933,-0.923
2016-06-27,nan,nan,nan
2016-06-24,nan,nan,nan
2016-06-23,nan,nan,nan
2016-06-22,nan,nan,nan
2016-06-21,nan,nan,nan
2016-06-20,nan,nan,nan
2016-06-17,nan,nan,nan
2016-06-16,nan,nan,nan
2016-06-15,nan,nan,nan
2016-06-14,nan,nan,nan
2016-06-13,nan,nan,nan
2016-06-08,nan,nan,nan
2016-06-07,nan,nan,nan
2016-06-06,nan,nan,nan
2016-06-03,nan,nan,nan
2016-06-02,nan,nan,nan
2016-06-01,nan,nan,nan
2016-05-31,nan,nan,nan
2016-05-30,nan,nan,nan
2016-05-27,nan,nan,nan
2016-05-26,nan,nan,nan
2016-05-25,nan,nan,nan
2016-05-24,nan,nan,nan
2016-05-23,nan,nan,nan
2016-05-20,nan,nan,nan
2016-05-19,nan,nan,nan
2016-05-18,nan,nan,nan
2016-05-17,nan,nan,nan
2016-05-16,nan,nan,nan
2016-05-13,nan,nan,nan
2016-05-12,nan,nan,nan
2016-05-11,nan,nan,nan
2016-05-10,nan,nan,nan
