date,open,high,close,low,volume,price_change,p_change,ma5,ma10,ma20,v_ma5,v_ma10,v_ma20,turnover
2017-01-06 15:00:00,125.7,126.39,125.9,125.1,9218.24,0.2,0.16,128.684,132.572,136.762,7042.67,5855.42,4281.35,4.03
2017-01-06 14:30:00,129.0,129.27,125.6,125.31,6065.0,-3.4,-2.64,130.474,134.057,137.467,5573.83,5061.78,4025.9,2.65
2017-01-06 14:00:00,129.9,130.0,129.0,127.68,7163.32,-0.9,-0.69,132.256,135.638,138.145,5543.27,4560.98,4169.4,3.13
2017-01-06 13:30:00,132.8,132.9,129.91,129.3,6209.3,-2.89,-2.18,133.576,136.933,138.778,5791.04,4136.56,4093.84,2.72
2017-01-06 11:30:00,134.85,135.48,133.01,132.7,6557.5,-1.84,-1.36,135.356,138.242,139.503,5065.87,3966.77,4035.34,2.87
2017-01-06 11:00:00,135.45,135.57,134.85,134.7,1874.01,-0.6,-0.44,136.46,139.107,140.003,4668.17,3711.59,3841.91,0.82
2017-01-06 10:30:00,135.69,136.0,134.51,134.0,5912.23,-1.18,-0.87,137.64,139.562,140.376,4549.74,4077.63,3952.35,2.59
2017-01-06 10:00:00,138.18,138.75,135.6,135.21,8402.17,-2.58,-1.87,139.02,140.158,140.79,3578.68,3772.66,3726.74,3.67
2017-01-05 15:00:00,138.53,139.15,138.81,138.53,2583.43,0.28,0.2,140.29,140.647,141.193,2482.08,3095.13,3361.36,1.13
2017-01-05 14:30:00,140.75,140.79,138.53,138.35,4569.0,-2.22,-1.58,141.128,140.806,141.419,2867.68,3010.7,3303.89,2.0
2017-01-05 14:00:00,141.41,141.55,140.75,140.24,1281.88,-0.66,-0.47,141.754,140.953,141.695,2755.01,2707.28,3172.45,0.56
2017-01-05 13:30:00,141.94,142.0,141.41,141.3,1056.93,-0.53,-0.37,141.484,140.878,141.792,3605.51,2990.02,3246.98,0.46
2017-01-05 11:30:00,143.0,143.43,141.95,141.71,2919.17,-1.05,-0.73,141.296,140.652,141.871,3966.63,3777.83,3601.98,1.28
2017-01-05 11:00:00,141.66,143.45,143.0,141.66,4511.41,1.34,0.95,141.004,140.623,141.947,3708.18,4051.12,3636.74,1.97
2017-01-05 10:30:00,139.4,142.18,141.66,139.26,4005.68,2.26,1.62,140.484,140.764,141.985,3153.72,4103.9,3596.5,1.75
2017-01-05 10:00:00,140.0,141.34,139.4,139.03,5534.36,-0.6,-0.43,140.152,140.899,142.208,2659.55,3972.22,3713.44,2.42
2017-01-04 15:00:00,140.49,141.03,140.47,139.82,2862.53,-0.02,-0.01,140.272,141.189,142.434,2374.53,3827.07,3686.12,1.25
2017-01-04 14:30:00,140.6,140.99,140.49,140.01,1626.94,-0.11,-0.08,140.008,141.422,142.458,3589.03,3680.83,3645.28,0.71
2017-01-04 14:00:00,140.0,140.78,140.4,139.91,1739.08,0.4,0.29,140.242,141.738,142.493,4394.06,3627.58,3788.16,0.76
2017-01-04 13:30:00,139.9,140.15,140.0,139.5,1534.86,0.1,0.07,141.044,142.033,142.434,5054.09,3597.08,3836.01,0.67
2017-01-04 11:30:00,139.12,140.3,140.0,139.02,4109.22,0.88,0.63,141.646,142.437,142.346,5284.89,3637.62,4009.76,1.8
2017-01-04 11:00:00,141.6,142.06,139.15,139.15,8935.05,-2.45,-1.73,142.106,142.705,142.296,5279.61,3503.94,3956.88,3.91
2017-01-04 10:30:00,144.42,144.42,141.66,141.31,5652.1,-2.76,-1.91,142.836,143.09,142.399,3772.63,3426.13,3683.12,2.47
2017-01-04 10:00:00,142.99,144.97,144.41,142.99,5039.21,1.42,0.99,143.234,143.272,142.241,2861.09,3222.36,3478.24,2.2
2017-01-03 15:00:00,142.31,143.09,143.01,141.8,2688.88,0.7,0.49,143.022,143.206,141.936,2140.06,3089.11,3289.83,1.18
2017-01-03 14:30:00,142.78,142.78,142.3,141.85,4082.83,-0.48,-0.34,143.228,143.518,141.76,1990.34,3454.66,3311.51,1.79
2017-01-03 14:00:00,143.65,143.95,142.8,142.79,1400.13,-0.85,-0.59,143.304,143.678,141.58,1728.27,3545.16,3415.31,0.61
2017-01-03 13:30:00,143.64,143.8,143.65,142.9,1094.41,0.01,0.01,143.344,143.495,141.545,3079.63,3609.74,3618.99,0.48
2017-01-03 11:30:00,144.04,144.22,143.35,142.88,1434.06,-0.69,-0.48,143.31,143.249,141.344,3583.64,3948.73,3879.78,0.63
2017-01-03 11:00:00,142.59,144.45,144.04,142.59,1940.27,1.45,1.02,143.39,142.834,141.107,4038.15,4074.94,3973.37,0.85
2017-01-03 10:30:00,143.27,143.9,142.68,142.16,2772.46,-0.59,-0.41,143.808,142.255,140.915,4918.99,4381.9,3970.2,1.21
2017-01-03 10:00:00,143.69,145.44,143.0,142.11,8156.97,-0.69,-0.48,144.052,141.887,140.768,5362.06,4409.81,3951.77,3.57
2016-12-30 15:00:00,143.8,144.18,143.48,143.11,3614.42,-0.32,-0.22,143.646,141.708,140.632,4139.85,3940.1,3674.02,1.58
2016-12-30 14:30:00,146.12,146.28,143.75,143.74,3706.63,-2.37,-1.62,143.188,141.21,140.503,4313.83,3734.12,3956.28,1.62
2016-12-30 14:00:00,143.98,146.8,146.13,143.55,6344.46,2.15,1.49,142.278,140.665,140.22,4111.73,3490.55,4017.97,2.77
2016-12-30 13:30:00,141.0,143.9,143.9,140.84,4987.81,2.9,2.06,140.702,140.002,139.708,3844.81,3168.35,3915.36,2.18
2016-12-30 11:30:00,141.15,141.88,140.97,140.15,2045.91,-0.18,-0.13,139.722,139.482,139.313,3457.57,3285.46,4010.48,0.89
2016-12-30 11:00:00,139.2,141.95,141.19,139.1,4484.34,1.99,1.43,139.77,139.595,138.975,3740.36,3628.25,4161.74,1.96
2016-12-30 10:30:00,138.0,139.9,139.2,137.78,2696.15,1.2,0.87,139.232,139.439,138.605,3154.41,3810.82,4102.59,1.18
2016-12-30 10:00:00,138.25,139.66,138.25,137.12,5009.82,0.0,0.0,139.052,139.379,138.245,2869.36,3871.8,4058.91,2.19
2016-12-29 15:00:00,141.21,141.21,139.0,138.53,3051.61,-2.21,-1.57,139.302,139.574,137.936,2491.89,3558.5,3885.34,1.33
2016-12-29 14:30:00,138.33,141.57,141.21,138.33,3459.9,2.88,2.08,139.242,139.65,137.641,3113.36,3493.73,3829.16,1.51
2016-12-29 14:00:00,138.03,138.99,138.5,137.85,1554.56,0.47,0.34,139.42,139.555,137.236,3516.13,3407.94,3762.61,0.68
2016-12-29 13:30:00,139.75,139.75,138.3,138.06,1270.93,-1.45,-1.04,139.646,139.795,136.936,4467.24,4178.44,3805.94,0.56
2016-12-29 11:30:00,138.78,139.6,139.5,137.88,3122.47,0.72,0.52,139.706,139.775,136.592,4874.25,4545.39,4055.68,1.37
2016-12-29 11:00:00,142.1,142.1,138.7,138.0,6158.93,-3.4,-2.39,139.846,139.415,136.247,4625.11,4662.37,4044.5,2.69
2016-12-29 10:30:00,139.61,142.5,142.1,139.59,5473.75,2.49,1.78,140.058,139.144,135.982,3874.1,4735.5,3990.27,2.39
2016-12-29 10:00:00,137.52,140.87,139.63,137.52,6310.11,2.11,1.53,139.69,138.354,135.475,3299.75,4695.24,3836.66,2.76
2016-12-28 15:00:00,140.07,140.48,138.6,138.16,3305.97,-1.47,-1.05,139.944,137.771,135.029,3889.65,4394.35,3601.21,1.45
2016-12-28 14:30:00,139.78,140.25,140.2,139.34,1876.79,0.42,0.3,139.844,137.112,134.652,4216.53,4246.02,3613.23,0.82
2016-12-28 14:00:00,140.26,140.26,139.76,139.0,2403.86,-0.5,-0.36,138.984,136.299,134.192,4699.63,4212.18,3669.09,1.05
2016-12-28 13:30:00,141.1,141.48,140.26,140.01,2602.0,-0.84,-0.6,138.23,135.633,133.734,5596.91,4164.58,3837.72,1.14
2016-12-28 11:30:00,138.01,141.95,140.9,137.53,9259.63,2.89,2.09,137.018,134.916,133.157,6090.73,4117.28,4059.52,4.05
2016-12-28 11:00:00,135.89,138.24,138.1,135.66,4940.39,2.21,1.63,135.598,134.077,132.551,4899.06,3433.43,3719.42,2.16
2016-12-28 10:30:00,135.91,136.38,135.9,135.02,4292.28,-0.01,-0.01,134.38,133.409,132.058,4275.51,3565.96,3550.6,1.88
2016-12-28 10:00:00,133.51,136.48,135.99,133.0,6890.25,2.48,1.86,133.614,133.079,131.63,3724.73,3426.63,3411.28,3.01
2016-12-27 15:00:00,133.8,134.89,134.2,133.32,5071.11,0.4,0.3,133.036,132.82,131.205,2732.26,3245.04,3198.62,2.22
2016-12-27 14:30:00,132.0,134.08,133.8,131.96,3301.25,1.8,1.36,132.814,132.597,130.893,2143.82,2978.07,3083.93,1.44
2016-12-27 14:00:00,132.0,132.28,132.01,131.44,1822.64,0.01,0.01,132.556,132.287,130.605,1967.8,2808.07,3250.79,0.8
2016-12-27 13:30:00,133.1,133.29,132.07,132.01,1538.4,-1.03,-0.77,132.438,132.191,130.473,2856.42,2980.45,3344.15,0.67
2016-12-27 11:30:00,133.09,133.6,133.1,132.7,1927.89,0.01,0.01,132.544,132.085,130.423,3128.54,3125.99,3483.11,0.84
2016-12-27 11:00:00,132.51,133.36,133.09,132.0,2128.91,0.58,0.44,132.604,131.835,130.361,3757.82,3510.86,3533.81,0.93
2016-12-27 10:30:00,131.42,132.74,132.51,130.69,2421.18,1.09,0.83,132.38,131.398,130.322,3812.32,4001.76,3504.46,1.06
2016-12-27 10:00:00,132.5,133.2,131.42,130.7,6265.71,-1.08,-0.82,132.018,131.026,130.279,3648.33,4005.42,3473.17,2.74
2016-12-26 15:00:00,133.4,133.4,132.6,132.3,2899.0,-0.8,-0.6,131.944,130.707,130.291,3104.48,3535.23,3255.89,1.27
2016-12-26 14:30:00,131.97,133.81,133.4,131.88,5074.29,1.43,1.08,131.626,130.18,130.32,3123.44,3395.93,3284.46,2.22
2016-12-26 14:00:00,130.75,132.38,131.97,130.6,2401.44,1.22,0.93,131.066,129.59,130.314,3263.91,3152.2,3320.02,1.05
2016-12-26 13:30:00,131.07,131.41,130.7,130.43,1601.2,-0.37,-0.28,130.416,129.189,130.37,4191.2,3189.78,3498.52,0.7
2016-12-26 11:30:00,131.0,132.22,131.05,130.95,3546.47,0.05,0.04,130.034,128.924,130.335,4362.51,3693.51,3707.21,1.55
2016-12-26 11:00:00,130.51,131.6,131.01,129.79,2993.82,0.5,0.38,129.47,128.755,130.225,3965.99,3707.85,3622.88,1.31
2016-12-26 10:30:00,128.9,131.47,130.6,128.8,5776.62,1.7,1.32,128.734,128.762,130.092,3668.42,3840.23,3526.32,2.53
2016-12-26 10:00:00,125.03,129.44,128.72,124.5,7037.91,3.69,2.95,128.114,128.887,130.001,3040.49,3556.76,3350.58,3.08
2016-12-23 15:00:00,128.23,129.45,128.79,128.21,2457.71,0.56,0.44,127.962,129.245,129.956,2188.36,3007.15,3071.92,1.07
2016-12-23 14:30:00,127.5,128.5,128.23,127.42,1563.88,0.73,0.57,127.814,129.533,129.885,3024.52,2940.92,3133.73,0.68
2016-12-23 14:00:00,127.5,128.09,127.33,127.3,1506.0,-0.17,-0.13,128.04,129.875,129.876,3449.71,2976.55,3222.24,0.66
2016-12-23 13:30:00,127.86,128.08,127.5,127.02,2636.94,-0.36,-0.28,128.79,130.459,129.979,4012.04,3172.98,3301.79,1.15
2016-12-23 11:30:00,128.05,128.59,127.96,127.78,2777.25,-0.09,-0.07,129.66,131.037,130.055,4073.03,3487.85,3537.79,1.21
2016-12-23 11:00:00,129.36,129.85,128.05,127.68,6638.53,-1.31,-1.01,130.528,131.552,130.206,3825.94,3807.25,3534.26,2.9
2016-12-23 10:30:00,131.07,131.4,129.36,129.22,3689.83,-1.71,-1.3,131.252,131.745,130.291,2857.32,3720.91,3305.74,1.61
2016-12-23 10:00:00,131.66,132.77,131.08,130.31,4317.66,-0.58,-0.44,131.71,131.696,130.306,2503.39,3537.92,3256.87,1.89
2016-12-22 15:00:00,132.29,132.85,131.85,131.8,2941.88,-0.44,-0.33,132.128,131.421,130.24,2333.92,3212.4,3159.31,1.29
2016-12-22 14:30:00,131.67,132.49,132.3,131.5,1541.79,0.63,0.48,132.414,131.116,130.172,2902.67,3144.4,3129.59,0.67
2016-12-22 14:00:00,131.79,132.0,131.67,131.28,1795.44,-0.12,-0.09,132.576,130.666,130.154,3788.56,3136.68,3188.69,0.79
2016-12-22 13:30:00,133.0,133.0,131.65,131.56,1920.2,-1.35,-1.02,132.238,130.237,130.144,4584.5,3326.54,3390.22,0.84
2016-12-22 11:30:00,133.28,133.98,133.17,132.66,3470.31,-0.11,-0.08,131.682,129.878,130.27,4572.44,3467.93,3725.22,1.52
2016-12-22 11:00:00,133.11,133.52,133.28,132.3,5785.62,0.17,0.13,130.714,129.499,130.187,4090.87,3430.6,3695.54,2.53
2016-12-22 10:30:00,129.98,133.11,133.11,129.55,5971.24,3.13,2.41,129.818,129.072,130.113,3386.14,3587.74,3551.82,2.61
2016-12-22 10:00:00,128.5,131.6,129.98,128.2,5775.14,1.48,1.15,128.756,128.86,130.044,2484.81,3261.26,3351.93,2.53
2016-12-21 15:00:00,128.32,129.17,128.87,127.9,1859.9,0.55,0.43,128.236,128.837,130.143,2068.58,2890.56,3177.07,0.81
2016-12-21 14:30:00,128.8,129.0,128.33,128.17,1062.46,-0.47,-0.36,128.074,128.916,130.37,2363.42,2975.81,3256.53,0.46
2016-12-21 14:00:00,127.8,129.6,128.8,127.8,2261.95,1.0,0.78,128.284,129.058,130.566,2770.33,3106.23,3461.49,0.99
2016-12-21 13:30:00,127.23,128.26,127.8,126.81,1464.58,0.57,0.45,128.326,129.228,130.738,3789.34,3114.78,2727.54,0.64
2016-12-21 11:30:00,128.06,128.55,127.38,126.4,3694.0,-0.68,-0.53,128.964,129.641,130.758,4037.71,3240.69,4036.97,1.62
2016-12-21 11:00:00,129.4,129.82,128.06,127.79,3334.12,-1.34,-1.04,129.438,130.051,130.79,3712.54,3453.91,3974.91,1.46
2016-12-21 10:30:00,128.98,129.99,129.38,128.46,3096.99,0.4,0.31,129.758,130.663,130.786,3588.21,3982.51,3976.12,1.35
2016-12-21 10:00:00,131.01,131.47,129.01,128.7,7357.0,-2.0,-1.53,129.832,130.875,130.65,3442.13,3960.48,3937.32,3.22
2016-12-20 15:00:00,129.75,131.2,130.99,129.68,2706.46,1.24,0.96,130.13,131.153,130.469,2440.23,3515.89,3702.28,1.18
2016-12-20 14:30:00,129.66,130.28,129.75,129.33,2068.15,0.09,0.07,130.318,131.229,130.242,2443.67,3442.6,3753.86,0.9
2016-12-20 14:00:00,129.75,129.99,129.66,128.88,2712.43,-0.09,-0.07,130.664,131.448,130.13,3195.27,3463.57,3774.35,1.19
2016-12-20 13:30:00,130.61,130.76,129.75,129.61,2366.63,-0.86,-0.66,131.568,131.823,130.041,4376.81,3537.24,3864.86,1.04
2016-12-20 11:30:00,131.93,132.0,130.5,130.22,2347.47,-1.43,-1.08,131.918,132.075,129.964,4478.82,3816.75,4022.78,1.03
2016-12-20 11:00:00,131.48,132.0,131.93,131.05,2723.69,0.45,0.34,132.176,132.249,129.891,4591.56,2340.29,4051.43,1.19
2016-12-20 10:30:00,134.17,134.35,131.48,131.21,5826.15,-2.69,-2.0,132.14,131.876,129.709,4441.53,4833.24,4050.65,2.55
2016-12-20 10:00:00,130.84,134.76,134.18,130.51,8620.13,3.34,2.55,132.232,131.528,129.58,3731.87,4495.92,3865.38,3.77
2016-12-19 15:00:00,131.79,131.97,131.5,131.03,2876.64,-0.29,-0.22,132.078,130.909,129.32,2697.68,3969.74,3572.7,1.26
2016-12-19 14:30:00,131.75,131.84,131.79,130.78,2911.18,0.04,0.03,132.232,130.424,129.279,3154.68,3914.16,3628.42,1.27
2016-12-19 14:00:00,131.94,132.0,131.75,131.32,1973.53,-0.19,-0.14,132.322,129.785,129.176,89.02,3888.67,3792.04,0.86
2016-12-19 13:30:00,133.41,133.5,131.94,131.76,2277.87,-1.47,-1.1,131.612,129.256,129.107,5224.96,4065.12,4208.44,1.0
2016-12-19 11:30:00,132.31,133.61,133.41,132.0,3449.16,1.1,0.83,130.824,128.812,128.89,5259.97,4085.14,4604.79,1.51
2016-12-19 11:00:00,132.21,133.3,132.27,131.51,5161.66,0.06,0.05,129.74,128.259,128.378,5241.8,4192.48,4658.14,2.26
2016-12-19 10:30:00,128.2,132.7,132.24,128.2,-12417.1,4.04,3.15,128.616,127.852,127.925,4673.64,4228.82,4565.87,-5.43
2016-12-19 10:00:00,128.2,128.2,128.2,128.2,27653.2,0.0,0.0,127.248,127.532,127.563,7688.32,5762.58,5301.27,12.09
2016-12-16 15:00:00,127.99,128.8,128.0,127.7,2452.93,0.01,0.01,126.9,127.542,127.412,2905.27,3268.05,4015.38,1.07
2016-12-16 14:30:00,126.65,128.5,127.99,125.9,3358.33,1.34,1.06,126.8,127.632,127.34,2910.3,3234.83,3998.02,1.47
2016-12-16 14:00:00,125.4,126.99,126.65,125.4,2320.81,1.25,1.0,126.778,127.732,127.239,3143.17,3175.67,4023.71,1.02
2016-12-16 13:30:00,126.46,127.0,125.4,125.24,2656.33,-1.06,-0.84,127.088,128.135,127.191,3784.0,3342.68,4197.41,1.16
2016-12-16 11:30:00,127.5,127.6,126.46,126.12,3737.97,-1.04,-0.82,127.816,128.567,127.144,3836.83,3695.41,4839.35,1.63
2016-12-16 11:00:00,127.88,128.35,127.5,127.3,2478.06,-0.38,-0.3,128.184,128.958,127.174,3630.82,4351.77,4832.88,1.08
2016-12-16 10:30:00,128.2,129.19,127.88,127.4,4522.66,-0.32,-0.25,128.464,128.968,127.189,3559.37,5124.45,4866.9,1.98
2016-12-16 10:00:00,128.6,129.33,128.2,127.27,5524.96,-0.4,-0.31,128.686,128.498,127.219,3208.17,5123.8,4855.89,2.42
2016-12-15 15:00:00,128.35,129.5,129.04,128.3,2920.52,0.69,0.54,129.182,127.998,127.309,2901.36,4902.91,4847.45,1.28
2016-12-15 14:30:00,128.9,129.34,128.3,127.88,2707.92,-0.6,-0.47,129.318,127.594,127.319,3553.98,4839.96,5057.68,1.18
2016-12-15 14:00:00,128.99,129.92,128.9,128.89,2120.77,-0.09,-0.07,129.732,127.283,127.254,5072.72,4762.7,5019.48,0.93
2016-12-15 13:30:00,130.64,130.7,128.99,128.81,2766.7,-1.65,-1.26,129.472,127.048,127.146,6689.54,4761.2,5223.59,1.21
2016-12-15 11:30:00,129.72,132.8,130.68,129.29,3990.88,0.96,0.74,128.31,126.746,127.113,7039.42,4871.74,5822.15,1.75
2016-12-15 11:00:00,130.25,131.78,129.72,129.27,6183.63,-0.53,-0.41,126.814,126.248,126.888,6904.47,5052.15,5963.03,2.7
2016-12-15 10:30:00,127.7,130.8,130.37,127.51,10301.6,2.67,2.09,125.87,125.721,126.727,6125.95,5983.29,5856.3,4.51
2016-12-15 10:00:00,123.07,128.1,127.6,122.7,10204.9,4.53,3.68,124.834,125.39,126.448,4452.69,5313.99,5552.89,4.46
2016-12-14 15:00:00,123.2,123.8,123.18,122.91,4516.08,-0.02,-0.02,124.624,125.41,126.415,2832.86,4609.35,5216.39,1.98
2016-12-14 14:30:00,125.0,125.0,123.2,122.9,3316.14,-1.8,-1.44,125.182,125.941,126.637,2704.07,4587.99,5110.9,1.45
2016-12-14 14:00:00,125.34,125.96,125.0,124.73,2291.0,-0.34,-0.27,125.682,126.619,126.901,3199.83,4791.99,5150.14,1.0
2016-12-14 13:30:00,126.5,126.87,125.19,124.91,1935.33,-1.31,-1.04,125.572,127.044,127.036,5840.63,5275.4,5710.64,0.85
2016-12-14 11:30:00,125.97,127.38,126.55,125.97,2105.74,0.58,0.46,125.946,127.225,127.037,6175.29,5276.26,6285.02,0.92
2016-12-14 11:00:00,125.42,126.7,125.97,124.88,3872.14,0.55,0.44,126.196,127.245,127.012,6385.84,5685.98,6485.03,1.69
2016-12-14 10:30:00,124.3,125.9,125.7,122.16,5794.95,1.4,1.13,126.7,127.479,127.014,6471.9,6772.56,6815.09,2.53
2016-12-14 10:00:00,124.36,124.98,124.45,121.0,15495.0,0.09,0.07,127.556,127.529,127.088,6384.14,6873.91,6933.73,6.78
2016-12-13 15:00:00,127.68,127.68,127.06,126.76,3608.6,-0.62,-0.49,128.516,127.732,127.315,4710.16,5729.31,6304.79,1.58
2016-12-13 14:30:00,128.5,128.62,127.8,127.8,3158.51,-0.7,-0.54,128.504,127.506,127.451,4377.24,5791.79,6323.39,1.38
2016-12-13 14:00:00,129.98,130.35,128.49,128.1,4302.46,-1.49,-1.15,128.294,127.421,127.522,4986.11,5823.42,6566.07,1.88
2016-12-13 13:30:00,129.29,130.5,129.98,128.8,5356.2,0.69,0.53,128.258,127.334,127.549,7073.22,5633.82,7063.14,2.34
2016-12-13 11:30:00,127.03,129.25,129.25,126.6,7125.05,2.22,1.75,127.502,127.183,127.665,7363.68,5508.28,7735.17,3.12
2016-12-13 11:00:00,126.87,127.08,127.0,125.9,1943.98,0.13,0.1,126.948,127.028,127.963,6748.46,6145.89,8153.66,0.85
2016-12-13 10:30:00,128.0,128.45,126.75,125.33,6202.86,-1.25,-0.98,126.508,126.85,128.516,7206.35,7293.78,8300.26,2.71
2016-12-13 10:00:00,125.17,129.4,128.31,125.17,14738.0,3.14,2.51,126.548,126.78,129.122,6660.74,7284.08,8132.21,6.45
2016-12-12 15:00:00,126.48,127.8,126.2,126.0,6808.51,-0.28,-0.22,126.41,126.549,129.654,4194.42,6857.62,7597.56,2.98
2016-12-12 14:30:00,124.71,127.0,126.48,124.3,4048.94,1.77,1.42,126.864,126.647,130.262,3652.88,6993.55,7447.84,1.77
2016-12-12 14:00:00,126.68,126.99,124.8,124.25,4233.42,-1.88,-1.48,127.108,126.899,130.882,5543.32,6880.27,7588.58,1.85
2016-12-12 13:30:00,127.35,127.78,126.95,126.01,3474.83,-0.4,-0.31,127.192,127.397,131.602,7381.21,6854.98,7999.33,1.52
2016-12-12 11:30:00,128.38,128.48,127.62,127.27,2406.39,-0.76,-0.59,127.012,127.623,132.283,7907.42,7308.72,8889.96,1.05
2016-12-12 11:00:00,127.7,128.6,128.47,126.85,4100.84,0.77,0.6,126.688,127.765,132.918,9520.82,8492.47,9259.43,1.79
2016-12-12 10:30:00,125.8,129.5,127.7,124.7,13501.1,1.9,1.51,126.43,128.148,133.594,10334.2,9962.05,9673.16,5.91
2016-12-12 10:00:00,127.39,127.45,125.22,123.3,13422.9,-2.17,-1.7,126.69,128.898,134.234,8217.22,10161.4,9238.59,5.87
2016-12-09 15:00:00,125.98,126.29,126.05,125.02,6105.85,0.07,0.06,127.602,130.181,134.993,6328.76,9306.74,8881.71,2.67
2016-12-09 14:30:00,127.18,127.4,126.0,125.5,10473.4,-1.18,-0.93,128.234,131.464,135.626,6710.02,8980.34,8896.91,4.58
2016-12-09 14:00:00,129.0,129.0,127.18,126.89,8167.86,-1.82,-1.41,128.842,132.76,136.327,7464.12,8337.5,8865.64,3.57
2016-12-09 13:30:00,129.78,129.99,129.0,128.08,2916.12,-0.78,-0.6,129.866,133.877,137.067,9589.89,7902.14,9527.54,1.28
2016-12-09 11:30:00,129.21,129.88,129.78,128.24,3980.55,0.57,0.44,131.106,134.864,137.497,12105.6,8296.88,12480.6,1.74
2016-12-09 11:00:00,129.04,129.98,129.21,128.58,8012.17,0.17,0.13,132.76,135.808,137.908,12284.7,9143.68,12302.4,3.5
2016-12-09 10:30:00,132.3,132.97,129.04,128.5,14243.9,-3.26,-2.46,134.694,136.942,138.348,11250.6,10471.2,11915.8,6.23
2016-12-09 10:00:00,134.75,135.51,132.3,131.35,18796.7,-2.45,-1.82,136.678,138.071,138.797,9210.87,10026.4,11216.1,8.22
2016-12-08 15:00:00,138.05,138.2,135.2,135.13,15494.8,-2.85,-2.06,137.888,139.04,139.083,6214.38,9384.26,10296.1,6.78
2016-12-08 14:30:00,138.88,138.95,138.05,137.6,4876.07,-0.83,-0.6,138.622,139.57,139.223,4488.15,8315.76,9540.35,2.13
2016-12-08 14:00:00,138.9,139.0,138.88,138.2,2841.76,-0.02,-0.01,138.856,139.805,139.221,6002.63,8456.68,9316.95,1.24
2016-12-08 13:30:00,138.4,139.29,138.96,137.89,4045.04,0.56,0.4,139.19,139.789,139.178,9691.76,8813.49,9211.62,1.77
2016-12-08 11:30:00,138.87,139.4,138.35,138.0,3814.24,-0.52,-0.37,139.464,139.893,139.13,10841.9,9393.78,11203.4,1.67
2016-12-08 11:00:00,139.22,139.4,138.87,138.04,6863.62,-0.35,-0.25,140.192,140.257,138.486,12554.1,11152.9,11017.2,3.0
2016-12-08 10:30:00,140.7,141.91,139.22,139.01,12448.5,-1.48,-1.05,140.518,140.13,137.815,12143.4,16664.3,10676.2,5.44
2016-12-08 10:00:00,138.0,140.59,140.55,137.2,21287.4,2.55,1.85,140.754,140.009,137.127,10910.7,15461.1,10056.3,9.31
2016-12-07 15:00:00,141.9,141.9,140.33,139.79,9795.72,-1.57,-1.11,140.388,139.755,136.372,7935.21,13360.5,8993.46,4.28
2016-12-07 14:30:00,140.48,143.53,141.99,140.48,12375.5,1.51,1.07,140.322,139.523,135.629,7945.67,12405.8,8509.12,5.41
2016-12-07 14:00:00,140.4,141.0,140.5,139.01,4809.79,0.1,0.07,140.322,139.125,134.803,9751.74,11207.9,7892.19,2.1
2016-12-07 13:30:00,138.9,141.63,140.4,138.9,6285.28,1.5,1.08,139.742,138.876,134.051,21185.2,10764.9,7655.85,2.75
2016-12-07 11:30:00,140.0,140.09,138.72,137.9,6409.77,-1.28,-0.91,139.264,138.637,133.303,20011.4,10177.2,7391.2,2.8
2016-12-07 11:00:00,142.0,142.48,140.0,139.62,9847.98,-2.0,-1.41,139.122,138.566,132.07,18785.8,9609.76,7071.87,4.31
2016-12-07 10:30:00,137.7,142.92,141.99,137.3,21405.9,4.29,3.12,138.724,138.367,130.773,16865.9,13013.1,6579.72,9.36
2016-12-07 10:00:00,141.0,141.02,137.6,136.03,61976.9,-3.4,-2.41,137.928,136.714,129.376,12664.0,10881.5,5510.82,27.11
2016-12-06 15:00:00,138.01,138.01,138.01,138.01,416.53,0.0,0.0,138.01,135.5,128.198,344.71,4688.03,2413.6,0.18
2016-12-06 14:30:00,138.01,138.01,138.01,138.01,281.46,0.0,0.0,138.01,134.245,127.0,343.03,4651.58,2392.98,0.12
2016-12-06 14:00:00,138.01,138.01,138.01,138.01,248.96,0.0,0.0,138.01,132.99,125.802,433.76,4626.43,2379.75,0.11
2016-12-06 13:30:00,138.01,138.01,138.01,138.01,396.44,0.0,0.0,138.01,131.735,124.604,9160.17,4612.42,2369.01,0.17
2016-12-06 11:30:00,138.01,138.01,138.01,138.01,380.17,0.0,0.0,135.5,130.48,123.406,9098.88,4576.48,2363.09,0.17
2016-12-06 11:00:00,138.01,138.01,138.01,138.01,408.11,0.0,0.0,132.99,129.225,121.689,9031.35,4546.76,2344.63,0.18
2016-12-06 10:30:00,138.01,138.01,138.01,138.01,735.11,0.0,0.0,130.48,127.97,119.973,8960.13,4605.19,2324.37,0.32
2016-12-06 10:00:00,138.01,138.01,138.01,136.1,43881.0,0.0,0.0,127.97,125.574,118.257,8819.1,4533.97,2288.52,19.19
2016-12-05 15:00:00,125.46,125.46,125.46,125.46,90.0,0.0,0.0,125.46,123.178,116.54,64.68,146.38,94.72,0.04
2016-12-05 14:30:00,125.46,125.46,125.46,125.46,42.53,0.0,0.0,125.46,122.037,115.451,54.08,140.18,90.22,0.02
2016-12-05 14:00:00,125.46,125.46,125.46,125.46,51.99,0.0,0.0,125.46,120.896,114.362,62.17,139.18,88.14,0.02
2016-12-05 13:30:00,125.46,125.46,125.46,125.46,30.0,0.0,0.0,125.46,119.755,113.273,250.25,134.38,86.59,0.01
2016-12-05 11:30:00,125.46,125.46,125.46,125.46,108.86,0.0,0.0,123.178,118.614,112.184,248.85,133.08,96.59,0.05
2016-12-05 11:00:00,125.46,125.46,125.46,125.46,37.0,0.0,0.0,120.896,117.473,110.623,228.08,125.59,93.05,0.02
2016-12-05 10:30:00,125.46,125.46,125.46,125.46,83.0,0.0,0.0,118.614,116.332,109.063,226.28,149.7,91.85,0.04
2016-12-05 10:00:00,125.46,125.46,125.46,125.46,992.39,0.0,0.0,116.332,114.154,107.503,216.18,142.5,87.75,0.43
2016-12-02 15:00:00,114.05,114.05,114.05,114.05,23.0,0.0,0.0,114.05,111.976,105.942,18.51,43.56,38.18,0.01
2016-12-02 14:30:00,114.05,114.05,114.05,114.05,5.0,0.0,0.0,114.05,110.939,104.952,17.31,43.06,37.03,0.0
2016-12-02 14:00:00,114.05,114.05,114.05,114.05,28.0,0.0,0.0,114.05,109.902,103.962,23.11,43.06,37.58,0.01
2016-12-02 13:30:00,114.05,114.05,114.05,114.05,32.53,0.0,0.0,114.05,108.865,102.972,73.12,40.26,37.79,0.01
2016-12-02 11:30:00,114.05,114.05,114.05,114.05,4.0,0.0,0.0,111.976,107.828,101.982,68.82,37.11,46.42,0.0
2016-12-02 11:00:00,114.05,114.05,114.05,114.05,17.0,0.0,0.0,109.902,106.791,101.347,68.62,38.81,48.65,0.01
2016-12-02 10:30:00,114.05,114.05,114.05,114.05,34.0,0.0,0.0,107.828,105.754,100.641,68.82,60.11,50.41,0.01
2016-12-02 10:00:00,114.05,114.05,114.05,114.05,278.08,0.0,0.0,105.754,103.774,99.8524,63.02,60.5,51.37,0.12
2016-12-01 15:00:00,103.68,103.68,103.68,103.68,11.0,0.0,0.0,103.68,101.794,98.965,7.4,33.99,37.2,0.0
2016-12-01 14:30:00,103.68,103.68,103.68,103.68,3.0,0.0,0.0,103.68,100.851,98.6507,5.4,32.99,38.95,0.0
2016-12-01 14:00:00,103.68,103.68,103.68,103.68,18.0,0.0,0.0,103.68,99.908,98.2914,9.0,32.79,41.52,0.01
2016-12-01 13:30:00,103.68,103.68,103.68,103.68,5.0,0.0,0.0,103.68,98.965,97.8769,51.4,30.99,43.33,0.0
2016-12-01 11:30:00,103.68,103.68,103.68,103.68,0.0,0.0,0.0,101.794,98.022,97.3933,57.99,32.09,46.52,0.0
2016-12-01 11:00:00,103.68,103.68,103.68,103.68,1.0,0.0,0.0,99.908,97.079,96.8218,60.59,35.33,50.75,0.0
2016-12-01 10:30:00,103.68,103.68,103.68,103.68,21.0,0.0,0.0,98.022,96.136,96.136,60.59,55.73,55.73,0.01
2016-12-01 10:00:00,103.68,103.68,103.68,103.68,230.0,0.0,0.0,96.136,95.2978,95.2978,56.59,59.58,59.58,0.1
2016-11-30 15:00:00,94.25,94.25,94.25,94.25,37.93,0.0,0.0,94.25,94.25,94.25,10.59,38.28,38.28,0.02
2016-11-30 14:30:00,94.25,94.25,94.25,94.25,13.0,0.0,0.0,94.25,94.25,94.25,6.2,38.33,38.33,0.01
2016-11-30 14:00:00,94.25,94.25,94.25,94.25,1.0,0.0,0.0,94.25,94.25,94.25,10.06,42.55,42.55,0.0
2016-11-30 13:30:00,94.25,94.25,94.25,94.25,1.0,0.0,0.0,94.25,94.25,94.25,50.86,50.86,50.86,0.0
2016-11-30 11:30:00,94.25,94.25,94.25,94.25,0.0,0.0,0.0,94.25,94.25,94.25,63.33,63.33,63.33,0.0
2016-11-30 11:00:00,94.25,94.25,94.25,94.25,16.0,0.0,0.0,94.25,94.25,94.25,84.44,84.44,84.44,0.01
2016-11-30 10:30:00,94.25,94.25,94.25,94.25,32.32,0.0,0.0,94.25,94.25,94.25,118.66,118.66,118.66,0.01
2016-11-30 10:00:00,94.25,94.25,94.25,94.25,205.0,0.0,0.0,94.25,94.25,94.25,205.0,205.0,205.0,0.09
