2017-03-17@15:00:00,139.429,137.368,135.307
2017-03-17@14:00:00,139.324,137.401,135.479
2017-03-17@11:30:00,139.683,137.268,134.854
2017-03-17@10:30:00,139.894,137.138,134.383
2017-03-16@15:00:00,139.770,136.956,134.142
2017-03-16@14:00:00,140.155,136.627,133.099
2017-03-16@11:30:00,140.407,136.268,132.130
2017-03-16@10:30:00,140.445,135.902,131.360
2017-03-15@15:00:00,140.283,135.518,130.753
2017-03-15@14:00:00,140.249,135.338,130.427
2017-03-15@11:30:00,140.096,135.167,130.239
2017-03-15@10:30:00,139.856,135.018,130.181
2017-03-14@15:00:00,139.772,134.978,130.185
2017-03-14@14:00:00,139.573,134.808,130.043
2017-03-14@11:30:00,139.324,134.602,129.881
2017-03-14@10:30:00,139.125,134.402,129.680
2017-03-13@15:00:00,138.548,134.187,129.826
2017-03-13@14:00:00,137.902,133.979,130.057
2017-03-13@11:30:00,137.143,133.780,130.418
2017-03-13@10:30:00,136.814,133.655,130.497
2017-03-10@15:00:00,136.289,133.333,130.377
2017-03-10@14:00:00,136.313,132.999,129.686
2017-03-10@11:30:00,136.683,132.685,128.687
2017-03-10@10:30:00,136.709,132.405,128.101
2017-03-09@15:00:00,136.665,132.028,127.391
2017-03-09@14:00:00,136.743,131.868,126.993
2017-03-09@11:30:00,136.736,131.849,126.962
2017-03-09@10:30:00,136.732,131.839,126.947
2017-03-08@15:00:00,136.909,131.650,126.391
2017-03-08@14:00:00,137.021,131.347,125.674
2017-03-08@11:30:00,136.881,131.049,125.217
2017-03-08@10:30:00,136.506,130.726,124.947
2017-03-07@15:00:00,135.692,130.354,125.016
2017-03-07@14:00:00,135.334,130.179,125.025
2017-03-07@11:30:00,135.005,129.970,124.935
2017-03-07@10:30:00,134.861,129.915,124.969
2017-03-06@15:00:00,134.280,129.564,124.849
2017-03-06@14:00:00,133.524,129.214,124.904
2017-03-06@11:30:00,132.565,128.806,125.048
2017-03-06@10:30:00,131.547,128.444,125.342
2017-03-03@15:00:00,131.232,128.314,125.397
2017-03-03@14:00:00,131.215,128.174,125.134
2017-03-03@11:30:00,131.287,128.079,124.871
2017-03-03@10:30:00,131.229,128.001,124.773
2017-03-02@15:00:00,131.234,127.963,124.692
2017-03-02@14:00:00,131.169,127.877,124.585
2017-03-02@11:30:00,130.719,127.723,124.728
2017-03-02@10:30:00,130.361,127.377,124.393
2017-03-01@15:00:00,130.736,127.147,123.558
2017-03-01@14:00:00,131.368,126.862,122.356
2017-03-01@11:30:00,131.690,126.545,121.399
2017-03-01@10:30:00,131.878,126.184,120.491
2017-02-28@15:00:00,131.880,125.789,119.698
2017-02-28@14:00:00,131.392,125.394,119.396
2017-02-28@11:30:00,131.045,125.043,119.041
2017-02-28@10:30:00,129.949,124.575,119.200
2017-02-27@15:00:00,129.907,124.186,118.464
2017-02-27@14:00:00,129.758,123.770,117.783
2017-02-27@11:30:00,129.801,123.324,116.848
2017-02-27@10:30:00,129.604,122.889,116.174
2017-02-24@15:00:00,128.944,122.392,115.841
2017-02-24@14:00:00,128.471,122.083,115.696
2017-02-24@11:30:00,128.003,121.808,115.614
2017-02-24@10:30:00,127.222,121.403,115.585
2017-02-23@15:00:00,126.377,121.065,115.754
2017-02-23@14:00:00,125.329,120.687,116.046
2017-02-23@11:30:00,123.606,120.289,116.972
2017-02-23@10:30:00,122.892,120.073,117.255
2017-02-22@15:00:00,122.513,119.966,117.420
2017-02-22@14:00:00,122.868,120.061,117.255
2017-02-22@11:30:00,123.231,120.160,117.089
2017-02-22@10:30:00,123.787,120.318,116.850
2017-02-21@15:00:00,124.050,120.427,116.804
2017-02-21@14:00:00,124.202,120.474,116.747
2017-02-21@11:30:00,124.375,120.534,116.694
2017-02-21@10:30:00,124.579,120.599,116.619
2017-02-20@15:00:00,124.974,120.823,116.672
2017-02-20@14:00:00,125.228,121.043,116.858
2017-02-20@11:30:00,125.145,121.287,117.429
2017-02-20@10:30:00,125.047,121.508,117.970
2017-02-17@15:00:00,124.867,121.616,118.366
2017-02-17@14:00:00,124.856,121.631,118.406
2017-02-17@11:30:00,124.849,121.645,118.441
2017-02-17@10:30:00,124.740,121.785,118.830
2017-02-16@15:00:00,124.790,121.929,119.068
2017-02-16@14:00:00,124.650,122.053,119.456
2017-02-16@11:30:00,124.608,122.205,119.802
2017-02-16@10:30:00,124.556,122.380,120.204
2017-02-15@15:00:00,124.490,122.427,120.364
2017-02-15@14:00:00,124.450,122.377,120.304
2017-02-15@11:30:00,124.386,122.288,120.191
2017-02-15@10:30:00,124.182,122.145,120.108
2017-02-14@15:00:00,124.122,122.084,120.046
2017-02-14@14:00:00,124.386,121.862,119.337
2017-02-14@11:30:00,124.411,121.675,118.939
2017-02-14@10:30:00,124.201,121.545,118.889
2017-02-13@15:00:00,123.874,121.400,118.926
2017-02-13@14:00:00,123.736,121.360,118.985
2017-02-13@11:30:00,123.754,121.367,118.981
2017-02-13@10:30:00,123.710,121.347,118.985
2017-02-10@15:00:00,123.712,121.390,119.069
2017-02-10@14:00:00,123.701,121.407,119.114
2017-02-10@11:30:00,124.687,121.678,118.670
2017-02-10@10:30:00,125.635,121.924,118.213
2017-02-09@15:00:00,126.566,122.154,117.743
2017-02-09@14:00:00,128.466,122.615,116.765
2017-02-09@11:30:00,130.066,123.048,116.030
2017-02-09@10:30:00,131.359,123.452,115.546
2017-02-08@15:00:00,132.363,123.907,115.452
2017-02-08@14:00:00,133.418,124.396,115.374
2017-02-08@11:30:00,134.143,124.858,115.574
2017-02-08@10:30:00,134.642,125.298,115.954
2017-02-07@15:00:00,135.043,125.698,116.353
2017-02-07@14:00:00,135.063,126.225,117.388
2017-02-07@11:30:00,135.182,126.790,118.399
2017-02-07@10:30:00,135.258,127.249,119.241
2017-02-06@15:00:00,135.007,127.554,120.102
2017-02-06@14:00:00,134.875,127.668,120.461
2017-02-06@11:30:00,134.756,127.744,120.732
2017-02-06@10:30:00,134.534,127.874,121.215
2017-02-03@15:00:00,134.115,128.110,122.105
2017-02-03@14:00:00,133.621,128.262,122.904
2017-02-03@11:30:00,133.808,128.138,122.468
2017-02-03@10:30:00,134.041,127.948,121.856
2017-01-26@15:00:00,134.204,127.719,121.235
2017-01-26@14:00:00,134.445,127.119,119.794
2017-01-26@11:30:00,134.213,126.540,118.867
2017-01-26@10:30:00,133.651,126.067,118.484
2017-01-25@15:00:00,133.105,125.627,118.150
2017-01-25@14:00:00,132.233,125.207,118.181
2017-01-25@11:30:00,131.473,124.871,118.269
2017-01-25@10:30:00,130.844,124.636,118.428
2017-01-24@15:00:00,130.160,124.366,118.573
2017-01-24@14:00:00,129.471,124.079,118.687
2017-01-24@11:30:00,128.245,123.704,119.163
2017-01-24@10:30:00,127.683,123.032,118.381
2017-01-23@15:00:00,127.253,122.630,118.008
2017-01-23@14:00:00,127.035,122.397,117.759
2017-01-23@11:30:00,126.946,122.159,117.372
2017-01-23@10:30:00,126.672,121.970,117.269
2017-01-20@15:00:00,126.083,121.656,117.230
2017-01-20@14:00:00,125.848,121.491,117.135
2017-01-20@11:30:00,125.634,121.376,117.118
2017-01-20@10:30:00,125.546,121.332,117.119
2017-01-19@15:00:00,125.452,121.107,116.762
2017-01-19@14:00:00,125.427,121.167,116.907
2017-01-19@11:30:00,125.429,121.156,116.884
2017-01-19@10:30:00,125.376,121.118,116.861
2017-01-18@15:00:00,125.334,121.090,116.846
2017-01-18@14:00:00,125.092,120.912,116.733
2017-01-18@11:30:00,124.704,120.742,116.781
2017-01-18@10:30:00,123.946,120.522,117.098
2017-01-17@15:00:00,123.348,120.241,117.135
2017-01-17@14:00:00,122.892,120.109,117.326
2017-01-17@11:30:00,122.736,120.076,117.416
2017-01-17@10:30:00,122.807,120.404,118.002
2017-01-16@15:00:00,123.306,120.638,117.971
2017-01-16@14:00:00,123.483,120.743,118.004
2017-01-16@11:30:00,123.620,120.901,118.182
2017-01-16@10:30:00,124.280,121.100,117.920
2017-01-13@15:00:00,124.731,121.332,117.933
2017-01-13@14:00:00,125.512,121.607,117.703
2017-01-13@11:30:00,127.050,121.997,116.945
2017-01-13@10:30:00,129.518,122.548,115.578
2017-01-12@15:00:00,131.785,123.356,114.928
2017-01-12@14:00:00,134.933,124.287,113.641
2017-01-12@11:30:00,137.945,125.339,112.734
2017-01-12@10:30:00,140.742,126.378,112.014
2017-01-11@15:00:00,143.008,127.394,111.781
2017-01-11@14:00:00,144.609,128.437,112.266
2017-01-11@11:30:00,145.969,129.436,112.903
2017-01-11@10:30:00,147.033,130.402,113.771
2017-01-10@15:00:00,147.938,131.560,115.182
2017-01-10@14:00:00,148.977,132.678,116.379
2017-01-10@11:30:00,149.840,133.703,117.566
2017-01-10@10:30:00,150.597,134.719,118.841
2017-01-09@15:00:00,151.046,135.674,120.302
2017-01-09@14:00:00,151.148,136.738,122.328
2017-01-09@11:30:00,151.270,137.929,124.588
2017-01-09@10:30:00,150.667,138.742,126.818
2017-01-06@15:00:00,149.405,139.487,129.569
2017-01-06@14:00:00,147.873,140.142,132.411
2017-01-06@11:30:00,146.497,140.617,134.737
2017-01-06@10:30:00,145.720,140.941,136.163
2017-01-05@15:00:00,145.096,141.321,137.546
2017-01-05@14:00:00,145.115,141.310,137.506
2017-01-05@11:30:00,145.118,141.261,137.404
2017-01-05@10:30:00,145.055,141.208,137.362
2017-01-04@15:00:00,145.400,140.920,136.441
2017-01-04@14:00:00,145.961,140.607,135.253
2017-01-04@11:30:00,146.724,140.187,133.651
2017-01-04@10:30:00,147.074,139.842,132.611
2017-01-03@15:00:00,147.230,139.385,131.540
2017-01-03@14:00:00,147.053,138.864,130.676
2017-01-03@11:30:00,146.825,138.323,129.821
2017-01-03@10:30:00,146.443,137.708,128.973
2016-12-30@15:00:00,146.048,137.104,128.160
2016-12-30@14:00:00,145.509,136.369,127.230
2016-12-30@11:30:00,144.221,135.429,126.638
2016-12-30@10:30:00,143.757,134.779,125.801
2016-12-29@15:00:00,143.321,134.287,125.253
2016-12-29@14:00:00,142.752,133.929,125.107
2016-12-29@11:30:00,142.203,133.588,124.973
2016-12-29@10:30:00,141.448,133.271,125.095
2016-12-28@15:00:00,139.926,132.822,125.718
2016-12-28@14:00:00,139.116,132.335,125.555
2016-12-28@11:30:00,137.808,131.787,125.767
2016-12-28@10:30:00,135.769,131.111,126.454
2016-12-27@15:00:00,134.943,130.785,126.628
2016-12-27@14:00:00,134.479,130.625,126.771
2016-12-27@11:30:00,134.329,130.507,126.686
2016-12-27@10:30:00,134.010,130.377,126.745
2016-12-26@15:00:00,133.864,130.326,126.788
2016-12-26@14:00:00,133.698,130.271,126.844
2016-12-26@11:30:00,133.667,130.260,126.853
2016-12-26@10:30:00,134.040,130.378,126.716
2016-12-23@15:00:00,134.210,130.460,126.710
2016-12-23@14:00:00,134.256,130.420,126.585
2016-12-23@11:30:00,134.341,130.386,126.432
2016-12-23@10:30:00,134.498,130.311,126.125
2016-12-22@15:00:00,134.539,130.237,125.936
2016-12-22@14:00:00,134.362,130.097,125.832
2016-12-22@11:30:00,134.190,129.958,125.727
2016-12-22@10:30:00,133.820,129.834,125.848
2016-12-21@15:00:00,133.401,129.697,125.993
2016-12-21@14:00:00,134.077,129.412,124.748
2016-12-21@11:30:00,134.265,129.222,124.180
2016-12-21@10:30:00,134.297,129.181,124.065
2016-12-20@15:00:00,134.331,128.997,123.663
2016-12-20@14:00:00,134.116,128.800,123.485
2016-12-20@11:30:00,134.044,128.742,123.440
2016-12-20@10:30:00,133.926,128.679,123.433
2016-12-19@15:00:00,133.589,128.443,123.297
2016-12-19@14:00:00,133.212,128.178,123.144
2016-12-19@11:30:00,132.789,127.830,122.872
2016-12-19@10:30:00,131.787,127.541,123.295
2016-12-16@15:00:00,130.977,127.314,123.651
2016-12-16@14:00:00,130.905,127.216,123.528
2016-12-16@11:30:00,130.922,127.243,123.564
2016-12-16@10:30:00,131.229,127.409,123.589
2016-12-15@15:00:00,131.348,127.467,123.586
2016-12-15@14:00:00,132.889,127.775,122.661
2016-12-15@11:30:00,135.314,128.274,121.234
2016-12-15@10:30:00,136.911,128.657,120.404
2016-12-14@15:00:00,138.538,129.100,119.662
2016-12-14@14:00:00,140.172,129.957,119.743
2016-12-14@11:30:00,141.653,130.732,119.812
2016-12-14@10:30:00,142.612,131.341,120.070
2016-12-13@15:00:00,144.017,132.155,120.294
2016-12-13@14:00:00,144.584,132.703,120.822
2016-12-13@11:30:00,145.109,133.179,121.249
2016-12-13@10:30:00,145.581,133.617,121.653
2016-12-12@15:00:00,145.855,134.180,122.505
2016-12-12@14:00:00,145.923,134.143,122.363
2016-12-12@11:30:00,145.855,134.176,122.497
2016-12-12@10:30:00,146.024,134.068,122.112
2016-12-09@15:00:00,146.187,133.956,121.725
2016-12-09@14:00:00,148.016,133.356,118.696
2016-12-09@11:30:00,149.436,132.700,115.963
2016-12-09@10:30:00,150.500,131.913,113.326
2016-12-08@15:00:00,151.298,131.163,111.029
2016-12-08@14:00:00,152.896,129.588,106.279
2016-12-08@11:30:00,153.280,127.827,102.375
2016-12-08@10:30:00,153.118,126.094,99.070
2016-12-07@15:00:00,152.312,124.317,96.322
2016-12-07@14:00:00,151.879,122.013,92.147
2016-12-07@11:30:00,150.626,119.700,88.775
2016-12-07@10:30:00,149.002,117.477,85.952
2016-12-06@15:00:00,146.054,115.090,84.126
2016-12-06@14:00:00,nan,nan,nan
2016-12-06@11:30:00,nan,nan,nan
2016-12-06@10:30:00,nan,nan,nan
2016-12-05@15:00:00,nan,nan,nan
2016-12-05@14:00:00,nan,nan,nan
2016-12-05@11:30:00,nan,nan,nan
2016-12-05@10:30:00,nan,nan,nan
2016-12-02@15:00:00,nan,nan,nan
2016-12-02@14:00:00,nan,nan,nan
2016-12-02@11:30:00,nan,nan,nan
2016-12-02@10:30:00,nan,nan,nan
2016-12-01@15:00:00,nan,nan,nan
2016-12-01@14:00:00,nan,nan,nan
2016-12-01@11:30:00,nan,nan,nan
2016-12-01@10:30:00,nan,nan,nan
2016-11-30@15:00:00,nan,nan,nan
2016-11-30@14:00:00,nan,nan,nan
2016-11-30@11:30:00,nan,nan,nan
2016-11-30@10:30:00,nan,nan,nan
