2017-03-17@15:00:00,71.495,69.803,68.111
2017-03-17@14:00:00,71.681,69.688,67.695
2017-03-17@11:30:00,71.697,69.564,67.430
2017-03-17@10:30:00,71.721,69.407,67.093
2017-03-16@15:00:00,71.632,69.231,66.829
2017-03-16@14:00:00,71.532,69.034,66.535
2017-03-16@11:30:00,71.239,68.822,66.405
2017-03-16@10:30:00,71.074,68.639,66.204
2017-03-15@15:00:00,70.884,68.474,66.064
2017-03-15@14:00:00,70.631,68.350,66.068
2017-03-15@11:30:00,70.345,68.230,66.115
2017-03-15@10:30:00,69.841,68.086,66.331
2017-03-14@15:00:00,69.559,67.985,66.411
2017-03-14@14:00:00,69.434,67.930,66.426
2017-03-14@11:30:00,69.271,67.856,66.440
2017-03-14@10:30:00,69.184,67.787,66.389
2017-03-13@15:00:00,69.057,67.730,66.402
2017-03-13@14:00:00,68.888,67.670,66.452
2017-03-13@11:30:00,68.632,67.578,66.523
2017-03-13@10:30:00,68.327,67.498,66.668
2017-03-10@15:00:00,68.116,67.436,66.755
2017-03-10@14:00:00,68.135,67.409,66.682
2017-03-10@11:30:00,68.132,67.349,66.565
2017-03-10@10:30:00,68.183,67.307,66.431
2017-03-09@15:00:00,68.315,67.238,66.160
2017-03-09@14:00:00,68.351,67.210,66.069
2017-03-09@11:30:00,68.366,67.181,65.995
2017-03-09@10:30:00,68.378,67.163,65.948
2017-03-08@15:00:00,68.385,67.139,65.893
2017-03-08@14:00:00,68.327,67.066,65.804
2017-03-08@11:30:00,68.225,67.000,65.775
2017-03-08@10:30:00,68.093,66.931,65.769
2017-03-07@15:00:00,67.987,66.854,65.720
2017-03-07@14:00:00,67.906,66.734,65.561
2017-03-07@11:30:00,67.901,66.614,65.326
2017-03-07@10:30:00,67.871,66.527,65.183
2017-03-06@15:00:00,67.725,66.431,65.137
2017-03-06@14:00:00,67.518,66.360,65.201
2017-03-06@11:30:00,67.408,66.316,65.223
2017-03-06@10:30:00,67.251,66.272,65.292
2017-03-03@15:00:00,67.098,66.231,65.364
2017-03-03@14:00:00,67.030,66.208,65.385
2017-03-03@11:30:00,66.998,66.194,65.389
2017-03-03@10:30:00,66.980,66.184,65.387
2017-03-02@15:00:00,66.979,66.192,65.404
2017-03-02@14:00:00,67.124,66.234,65.343
2017-03-02@11:30:00,67.317,66.283,65.249
2017-03-02@10:30:00,67.555,66.345,65.135
2017-03-01@15:00:00,67.676,66.388,65.099
2017-03-01@14:00:00,67.874,66.286,64.697
2017-03-01@11:30:00,67.893,66.205,64.516
2017-03-01@10:30:00,67.919,66.110,64.300
2017-02-28@15:00:00,67.962,66.024,64.085
2017-02-28@14:00:00,67.976,65.999,64.021
2017-02-28@11:30:00,67.978,65.997,64.015
2017-02-28@10:30:00,68.003,65.960,63.917
2017-02-27@15:00:00,68.032,65.905,63.777
2017-02-27@14:00:00,68.020,65.818,63.616
2017-02-27@11:30:00,67.980,65.735,63.490
2017-02-27@10:30:00,67.897,65.654,63.411
2017-02-24@15:00:00,67.847,65.530,63.213
2017-02-24@14:00:00,67.828,65.387,62.945
2017-02-24@11:30:00,67.756,65.261,62.765
2017-02-24@10:30:00,67.659,65.146,62.633
2017-02-23@15:00:00,67.563,65.069,62.575
2017-02-23@14:00:00,67.266,64.962,62.657
2017-02-23@11:30:00,66.849,64.844,62.839
2017-02-23@10:30:00,66.189,64.678,63.167
2017-02-15@15:00:00,65.452,64.560,63.667
2017-02-15@14:00:00,65.462,64.579,63.696
2017-02-15@11:30:00,65.423,64.548,63.672
2017-02-15@10:30:00,65.506,64.481,63.455
2017-02-14@15:00:00,65.559,64.424,63.288
2017-02-14@14:00:00,65.492,64.384,63.276
2017-02-14@11:30:00,65.389,64.327,63.265
2017-02-14@10:30:00,65.342,64.284,63.226
2017-02-13@15:00:00,65.333,64.279,63.225
2017-02-13@14:00:00,65.330,64.278,63.225
2017-02-13@11:30:00,65.293,64.255,63.216
2017-02-13@10:30:00,65.225,64.228,63.231
2017-02-10@15:00:00,65.246,64.203,63.159
2017-02-10@14:00:00,65.371,64.160,62.948
2017-02-10@11:30:00,65.422,64.121,62.819
2017-02-10@10:30:00,65.518,64.051,62.584
2017-02-09@15:00:00,65.504,63.972,62.440
2017-02-09@14:00:00,65.367,63.894,62.421
2017-02-09@11:30:00,65.190,63.801,62.412
2017-02-09@10:30:00,65.120,63.749,62.377
2017-02-08@15:00:00,64.925,63.679,62.432
2017-02-08@14:00:00,64.784,63.609,62.434
2017-02-08@11:30:00,64.703,63.544,62.384
2017-02-08@10:30:00,64.705,63.532,62.358
2017-02-07@15:00:00,64.747,63.488,62.228
2017-02-07@14:00:00,64.716,63.388,62.060
2017-02-07@11:30:00,64.655,63.320,61.984
2017-02-07@10:30:00,64.595,63.258,61.920
2017-02-06@15:00:00,64.405,63.164,61.922
2017-02-06@14:00:00,64.186,63.104,62.021
2017-02-06@11:30:00,64.001,63.042,62.083
2017-02-06@10:30:00,63.709,62.965,62.221
2017-02-03@15:00:00,63.663,62.951,62.238
2017-02-03@14:00:00,63.660,62.956,62.252
2017-02-03@11:30:00,63.653,62.948,62.242
2017-02-03@10:30:00,63.649,62.952,62.254
2017-01-26@15:00:00,63.719,62.906,62.092
2017-01-26@14:00:00,64.053,62.759,61.464
2017-01-26@11:30:00,64.165,62.637,61.108
2017-01-26@10:30:00,64.110,62.544,60.978
2017-01-25@15:00:00,64.100,62.393,60.685
2017-01-25@14:00:00,64.046,62.277,60.508
2017-01-25@11:30:00,63.967,62.210,60.453
2017-01-25@10:30:00,63.867,62.136,60.404
2017-01-24@15:00:00,63.831,62.087,60.343
2017-01-24@14:00:00,63.889,62.117,60.344
2017-01-24@11:30:00,64.002,62.155,60.308
2017-01-24@10:30:00,64.069,62.025,59.980
2017-01-23@15:00:00,64.077,61.905,59.732
2017-01-23@14:00:00,63.922,61.763,59.604
2017-01-23@11:30:00,63.814,61.720,59.625
2017-01-23@10:30:00,63.896,61.743,59.590
2017-01-20@15:00:00,64.351,61.834,59.317
2017-01-20@14:00:00,65.407,62.046,58.684
2017-01-20@11:30:00,66.244,62.254,58.263
2017-01-20@10:30:00,67.231,62.521,57.810
2017-01-19@15:00:00,68.012,62.805,57.597
2017-01-19@14:00:00,69.184,63.270,57.355
2017-01-19@11:30:00,70.210,63.730,57.250
2017-01-19@10:30:00,71.133,64.164,57.194
2017-01-18@15:00:00,71.801,64.625,57.449
2017-01-18@14:00:00,72.286,65.043,57.799
2017-01-18@11:30:00,72.845,65.463,58.081
2017-01-18@10:30:00,73.294,65.885,58.475
2017-01-17@15:00:00,73.727,66.337,58.946
2017-01-17@14:00:00,74.093,66.706,59.319
2017-01-17@11:30:00,74.456,67.060,59.663
2017-01-17@10:30:00,74.522,67.631,60.740
2017-01-16@15:00:00,74.310,68.175,62.040
2017-01-16@14:00:00,73.729,68.663,63.597
2017-01-16@11:30:00,73.222,69.089,64.956
2017-01-16@10:30:00,72.664,69.454,66.244
2017-01-13@15:00:00,72.210,69.713,67.215
2017-01-13@14:00:00,72.010,69.808,67.605
2017-01-13@11:30:00,71.735,69.923,68.111
2017-01-13@10:30:00,71.614,70.033,68.451
2017-01-12@15:00:00,71.457,70.212,68.966
2017-01-12@14:00:00,71.619,70.291,68.962
2017-01-12@11:30:00,71.847,70.379,68.910
2017-01-12@10:30:00,72.056,70.461,68.866
2017-01-11@15:00:00,72.271,70.572,68.872
2017-01-11@14:00:00,72.463,70.719,68.975
2017-01-11@11:30:00,72.676,70.831,68.986
2017-01-11@10:30:00,72.837,70.941,69.044
2017-01-10@15:00:00,72.875,70.980,69.085
2017-01-10@14:00:00,72.915,71.044,69.173
2017-01-10@11:30:00,72.948,71.090,69.232
2017-01-10@10:30:00,72.924,71.074,69.224
2017-01-09@15:00:00,72.925,71.075,69.225
2017-01-09@14:00:00,72.916,71.094,69.271
2017-01-09@11:30:00,72.917,71.102,69.286
2017-01-09@10:30:00,72.917,71.105,69.292
2017-01-06@15:00:00,72.906,71.122,69.337
2017-01-06@14:00:00,72.691,71.217,69.742
2017-01-06@11:30:00,72.502,71.291,70.079
2017-01-06@10:30:00,72.441,71.332,70.222
2017-01-05@15:00:00,72.443,71.309,70.174
2017-01-05@14:00:00,72.436,71.277,70.118
2017-01-05@11:30:00,72.395,71.256,70.118
2017-01-05@10:30:00,72.327,71.216,70.106
2017-01-04@15:00:00,72.218,71.165,70.112
2017-01-04@14:00:00,72.031,71.088,70.145
2017-01-04@11:30:00,71.782,71.017,70.252
2017-01-04@10:30:00,71.490,70.944,70.399
2017-01-03@15:00:00,71.450,70.903,70.355
2017-01-03@14:00:00,71.380,70.886,70.392
2017-01-03@11:30:00,71.345,70.828,70.310
2017-01-03@10:30:00,71.793,70.698,69.603
2016-12-30@15:00:00,72.333,70.508,68.683
2016-12-30@14:00:00,72.370,70.427,68.483
2016-12-30@11:30:00,72.371,70.336,68.301
2016-12-30@10:30:00,72.340,70.307,68.275
2016-12-29@15:00:00,72.317,70.286,68.255
2016-12-29@14:00:00,72.463,70.336,68.210
2016-12-29@11:30:00,72.582,70.381,68.181
2016-12-29@10:30:00,72.704,70.424,68.145
2016-12-28@15:00:00,72.862,70.485,68.108
2016-12-28@14:00:00,73.031,70.552,68.074
2016-12-28@11:30:00,73.068,70.567,68.067
2016-12-28@10:30:00,73.116,70.590,68.065
2016-12-27@15:00:00,73.254,70.647,68.040
2016-12-27@14:00:00,73.281,70.666,68.051
2016-12-27@11:30:00,73.306,70.682,68.059
2016-12-27@10:30:00,73.331,70.700,68.070
2016-12-26@15:00:00,73.371,70.734,68.098
2016-12-26@14:00:00,73.341,70.711,68.082
2016-12-26@11:30:00,73.439,70.785,68.132
2016-12-26@10:30:00,73.423,70.944,68.466
2016-12-23@15:00:00,73.048,71.179,69.311
2016-12-23@14:00:00,72.923,71.328,69.734
2016-12-23@11:30:00,72.669,71.477,70.286
2016-12-23@10:30:00,72.623,71.581,70.539
2016-12-22@15:00:00,72.591,71.704,70.817
2016-12-22@14:00:00,72.583,71.697,70.810
2016-12-22@11:30:00,72.627,71.719,70.811
2016-12-22@10:30:00,72.789,71.766,70.743
2016-12-21@15:00:00,72.918,71.806,70.693
2016-12-21@14:00:00,72.891,71.765,70.638
2016-12-21@11:30:00,72.929,71.790,70.651
2016-12-21@10:30:00,72.980,71.830,70.680
2016-12-20@15:00:00,72.956,71.813,70.670
2016-12-20@14:00:00,72.939,71.832,70.724
2016-12-20@11:30:00,72.945,71.873,70.800
2016-12-20@10:30:00,73.005,71.849,70.693
2016-12-19@15:00:00,73.098,71.810,70.522
2016-12-19@14:00:00,73.055,71.873,70.691
2016-12-19@11:30:00,73.585,72.003,70.421
2016-12-19@10:30:00,75.035,72.276,69.517
2016-12-16@15:00:00,76.393,72.591,68.789
2016-12-16@14:00:00,77.944,72.991,68.037
2016-12-16@11:30:00,79.286,73.412,67.537
2016-12-16@10:30:00,80.257,73.794,67.330
2016-12-15@15:00:00,81.121,74.161,67.201
2016-12-15@14:00:00,81.958,74.598,67.238
2016-12-15@11:30:00,82.761,75.028,67.295
2016-12-15@10:30:00,83.495,75.432,67.369
2016-12-14@15:00:00,84.216,75.859,67.502
2016-12-14@14:00:00,84.874,76.393,67.911
2016-12-14@11:30:00,85.407,76.866,68.324
2016-12-14@10:30:00,85.744,77.298,68.852
2016-12-13@15:00:00,85.877,77.729,69.581
2016-12-13@14:00:00,85.914,78.197,70.479
2016-12-13@11:30:00,85.976,78.674,71.371
2016-12-13@10:30:00,85.610,79.218,72.826
2016-12-12@15:00:00,84.807,79.782,74.757
2016-12-12@14:00:00,83.793,80.249,76.705
2016-12-12@11:30:00,82.888,80.602,78.315
2016-12-12@10:30:00,82.511,80.812,79.113
2016-12-09@15:00:00,82.432,81.020,79.608
2016-12-09@14:00:00,82.609,81.148,79.687
2016-12-09@11:30:00,83.022,81.301,79.580
2016-12-09@10:30:00,83.622,81.537,79.451
2016-12-08@15:00:00,84.515,81.833,79.151
2016-12-08@14:00:00,85.295,82.119,78.942
2016-12-08@11:30:00,85.967,82.392,78.817
2016-12-08@10:30:00,86.566,82.667,78.768
2016-12-07@15:00:00,87.115,82.927,78.738
2016-12-07@14:00:00,87.674,83.174,78.673
2016-12-07@11:30:00,88.137,83.432,78.727
2016-12-07@10:30:00,88.476,83.718,78.959
2016-12-06@15:00:00,88.886,84.083,79.280
2016-12-06@14:00:00,88.790,84.212,79.634
2016-12-06@11:30:00,88.742,84.320,79.898
2016-12-06@10:30:00,88.680,84.440,80.200
2016-12-05@15:00:00,88.610,84.556,80.502
2016-12-05@14:00:00,88.482,84.713,80.943
2016-12-05@11:30:00,88.307,84.853,81.399
2016-12-05@10:30:00,88.088,85.002,81.916
2016-12-02@15:00:00,87.977,85.113,82.249
2016-12-02@14:00:00,87.840,85.196,82.551
2016-12-02@11:30:00,87.800,85.229,82.658
2016-12-02@10:30:00,87.801,85.224,82.646
2016-12-01@15:00:00,87.739,85.139,82.538
2016-12-01@14:00:00,87.650,85.087,82.523
2016-12-01@11:30:00,87.540,85.030,82.519
2016-12-01@10:30:00,87.379,84.943,82.507
2016-11-30@15:00:00,87.242,84.761,82.280
2016-11-30@14:00:00,87.305,84.453,81.600
2016-11-30@11:30:00,87.217,84.150,81.083
2016-11-30@10:30:00,87.044,83.853,80.661
2016-10-13@15:00:00,86.431,83.512,80.592
2016-10-13@14:00:00,86.663,83.335,80.006
2016-10-13@11:30:00,86.777,83.146,79.515
2016-10-13@10:30:00,86.827,82.941,79.054
2016-10-12@15:00:00,86.898,82.692,78.486
2016-10-12@14:00:00,86.901,82.395,77.888
2016-10-12@11:30:00,86.832,82.118,77.403
2016-10-12@10:30:00,86.644,81.836,77.027
2016-10-11@15:00:00,86.334,81.544,76.754
2016-10-11@14:00:00,86.031,81.300,76.569
2016-10-11@11:30:00,85.812,80.960,76.109
2016-10-11@10:30:00,85.427,80.612,75.796
2016-10-10@15:00:00,84.975,80.290,75.604
2016-10-10@14:00:00,84.195,79.915,75.636
2016-10-10@11:30:00,83.184,79.588,75.992
2016-10-10@10:30:00,82.066,79.320,76.575
2016-09-30@15:00:00,81.327,79.093,76.860
2016-09-30@14:00:00,81.244,79.070,76.896
2016-09-30@11:30:00,81.204,79.060,76.916
2016-09-30@10:30:00,81.204,79.060,76.916
2016-09-29@15:00:00,81.123,79.040,76.957
2016-09-29@14:00:00,81.203,79.066,76.930
2016-09-29@11:30:00,81.344,79.108,76.873
2016-09-29@10:30:00,81.529,79.166,76.804
2016-09-28@15:00:00,81.834,79.284,76.734
2016-09-28@14:00:00,82.020,79.405,76.791
2016-09-28@11:30:00,82.175,79.516,76.857
2016-09-28@10:30:00,82.300,79.614,76.929
2016-09-27@15:00:00,82.367,79.688,77.010
2016-09-27@14:00:00,82.390,79.718,77.046
2016-09-27@11:30:00,82.285,79.851,77.418
2016-09-27@10:30:00,82.150,79.986,77.822
2016-09-26@15:00:00,81.996,80.100,78.205
2016-09-26@14:00:00,81.733,80.231,78.729
2016-09-26@11:30:00,81.596,80.304,79.013
2016-09-26@10:30:00,81.557,80.349,79.142
2016-09-23@15:00:00,81.233,80.452,79.671
2016-09-23@14:00:00,81.268,80.424,79.581
2016-09-23@11:30:00,81.258,80.397,79.536
2016-09-23@10:30:00,81.230,80.379,79.529
2016-09-22@15:00:00,81.232,80.381,79.530
2016-09-22@14:00:00,81.227,80.365,79.503
2016-09-22@11:30:00,81.198,80.308,79.418
2016-09-22@10:30:00,81.102,80.264,79.427
2016-09-21@15:00:00,80.928,80.230,79.533
2016-09-21@14:00:00,80.892,80.222,79.553
2016-09-21@11:30:00,81.108,80.258,79.409
2016-09-21@10:30:00,81.512,80.331,79.150
2016-09-20@15:00:00,81.992,80.445,78.899
2016-09-20@14:00:00,83.092,80.689,78.287
2016-09-20@11:30:00,84.060,80.956,77.851
2016-09-20@10:30:00,84.821,81.215,77.609
2016-09-19@15:00:00,85.391,81.468,77.544
2016-09-19@14:00:00,85.783,81.686,77.589
2016-09-19@11:30:00,86.144,81.921,77.699
2016-09-19@10:30:00,86.482,82.154,77.826
2016-09-14@15:00:00,86.786,82.379,77.973
2016-09-14@14:00:00,86.904,82.606,78.309
2016-09-14@11:30:00,87.118,82.862,78.607
2016-09-14@10:30:00,87.310,83.104,78.898
2016-09-13@15:00:00,87.537,83.364,79.190
2016-09-13@14:00:00,87.567,83.617,79.667
2016-09-13@11:30:00,87.429,83.884,80.339
2016-09-13@10:30:00,nan,nan,nan
2016-09-12@15:00:00,nan,nan,nan
2016-09-12@14:00:00,nan,nan,nan
2016-09-12@11:30:00,nan,nan,nan
2016-09-12@10:30:00,nan,nan,nan
2016-09-09@15:00:00,nan,nan,nan
2016-09-09@14:00:00,nan,nan,nan
2016-09-09@11:30:00,nan,nan,nan
2016-09-09@10:30:00,nan,nan,nan
2016-09-08@15:00:00,nan,nan,nan
2016-09-08@14:00:00,nan,nan,nan
2016-09-08@11:30:00,nan,nan,nan
2016-09-08@10:30:00,nan,nan,nan
2016-09-07@15:00:00,nan,nan,nan
2016-09-07@14:00:00,nan,nan,nan
2016-09-07@11:30:00,nan,nan,nan
2016-09-07@10:30:00,nan,nan,nan
2016-09-06@15:00:00,nan,nan,nan
2016-09-06@14:00:00,nan,nan,nan
