date,open,high,close,low,volume,price_change,p_change,ma5,ma10,ma20,v_ma5,v_ma10,v_ma20,turnover
2017-01-06 15:00:00,3.92,3.93,3.92,3.91,79131.8,0.0,0.0,3.922,3.932,3.9405,70047.3,66639.9,68966.4,0.02
2017-01-06 14:30:00,3.91,3.93,3.93,3.91,52263.7,0.02,0.51,3.924,3.935,3.942,69273.2,64544.0,68579.5,0.01
2017-01-06 14:00:00,3.91,3.92,3.91,3.9,110517.0,0.0,0.0,3.924,3.936,3.943,67254.2,63912.1,70251.2,0.03
2017-01-06 13:30:00,3.93,3.93,3.92,3.91,50551.5,-0.01,-0.25,3.93,3.939,3.945,54811.8,60456.4,67742.9,0.01
2017-01-06 11:30:00,3.93,3.93,3.93,3.91,57772.6,0.0,0.0,3.936,3.943,3.9465,65633.7,63186.0,73444.6,0.01
2017-01-06 11:00:00,3.93,3.94,3.93,3.92,75261.1,0.0,0.0,3.942,3.946,3.9475,63232.4,63076.7,79189.1,0.02
2017-01-06 10:30:00,3.94,3.94,3.93,3.93,42169.0,-0.01,-0.25,3.946,3.949,3.9485,59814.8,61676.4,81097.9,0.01
2017-01-06 10:00:00,3.95,3.95,3.94,3.94,48305.0,-0.01,-0.25,3.948,3.951,3.9485,60570.0,66890.1,82794.2,0.01
2017-01-05 15:00:00,3.95,3.96,3.95,3.94,104661.0,0.0,0.0,3.948,3.952,3.9475,66101.1,74127.0,83462.0,0.03
2017-01-05 14:30:00,3.95,3.96,3.96,3.94,45765.9,0.01,0.25,3.95,3.951,3.946,60738.2,70040.5,87143.6,0.01
2017-01-05 14:00:00,3.94,3.96,3.95,3.94,58173.0,0.01,0.25,3.95,3.949,3.944,62921.0,71292.9,103129.0,0.01
2017-01-05 13:30:00,3.95,3.95,3.94,3.94,45945.0,-0.01,-0.25,3.952,3.949,3.9445,63538.0,72615.0,107390.0,0.01
2017-01-05 11:30:00,3.95,3.96,3.94,3.94,75960.0,-0.01,-0.25,3.954,3.95,3.945,73210.3,76590.4,117888.0,0.02
2017-01-05 11:00:00,3.96,3.97,3.96,3.95,77847.0,0.0,0.0,3.956,3.951,3.9435,82152.9,75029.4,119508.0,0.02
2017-01-05 10:30:00,3.95,3.96,3.96,3.95,56680.0,0.01,0.25,3.952,3.95,3.94,79342.8,83703.3,117669.0,0.01
2017-01-05 10:00:00,3.96,3.96,3.96,3.94,61258.0,0.0,0.0,3.948,3.949,3.936,79664.8,95301.5,118981.0,0.02
2017-01-04 15:00:00,3.95,3.96,3.95,3.94,94306.3,0.0,0.0,3.946,3.948,3.932,81692.1,100519.0,117895.0,0.02
2017-01-04 14:30:00,3.95,3.96,3.95,3.94,120673.0,0.0,0.0,3.946,3.946,3.928,79970.4,98698.3,116570.0,0.03
2017-01-04 14:00:00,3.95,3.95,3.94,3.94,63796.8,-0.01,-0.25,3.946,3.943,3.9245,67906.0,92797.0,112273.0,0.02
2017-01-04 13:30:00,3.95,3.95,3.94,3.94,58289.9,-0.01,-0.25,3.948,3.941,3.9215,88063.8,104247.0,113364.0,0.01
2017-01-04 11:30:00,3.94,3.95,3.95,3.93,71394.3,0.01,0.25,3.95,3.939,3.919,110938.0,134965.0,116461.0,0.02
2017-01-04 11:00:00,3.95,3.95,3.95,3.93,85698.2,0.0,0.0,3.95,3.94,3.916,119347.0,142166.0,116890.0,0.02
2017-01-04 10:30:00,3.95,3.96,3.95,3.94,60350.8,0.0,0.0,3.946,3.94,3.913,117426.0,159185.0,114494.0,0.02
2017-01-04 10:00:00,3.94,3.97,3.95,3.93,164586.0,0.01,0.25,3.94,3.936,3.91,117688.0,163986.0,115487.0,0.04
2017-01-03 15:00:00,3.96,3.96,3.95,3.94,172662.0,-0.01,-0.25,3.934,3.93,3.907,120430.0,151634.0,109231.0,0.04
2017-01-03 14:30:00,3.94,3.96,3.95,3.93,113436.0,0.01,0.25,3.928,3.923,3.904,158991.0,142661.0,103886.0,0.03
2017-01-03 14:00:00,3.92,3.95,3.93,3.92,76096.0,0.01,0.26,3.93,3.916,3.9005,164985.0,135271.0,100200.0,0.02
2017-01-03 13:30:00,3.92,3.93,3.92,3.91,61660.5,0.0,0.0,3.934,3.91,3.898,200944.0,134442.0,98444.5,0.02
2017-01-03 11:30:00,3.93,3.93,3.92,3.91,178294.0,-0.01,-0.25,3.932,3.906,3.8955,210283.0,131748.0,97917.2,0.04
2017-01-03 11:00:00,3.96,3.96,3.92,3.92,365468.0,-0.04,-1.01,3.926,3.902,3.8935,182839.0,122482.0,92200.2,0.09
2017-01-03 10:30:00,3.95,3.96,3.96,3.94,143405.0,0.01,0.25,3.918,3.899,3.8915,126332.0,97957.2,76406.0,0.04
2017-01-03 10:00:00,3.9,3.96,3.95,3.89,255892.0,0.05,1.28,3.902,3.892,3.887,105558.0,91615.2,70069.9,0.06
2016-12-30 15:00:00,3.89,3.91,3.91,3.88,108357.0,0.02,0.51,3.886,3.886,3.883,67940.2,69802.0,59485.5,0.03
2016-12-30 14:30:00,3.88,3.9,3.89,3.88,41074.3,0.01,0.26,3.88,3.884,3.8815,53212.9,66989.3,55454.6,0.01
2016-12-30 14:00:00,3.88,3.89,3.88,3.87,82930.1,0.0,0.0,3.878,3.884,3.881,62124.4,66827.2,55713.4,0.02
2016-12-30 13:30:00,3.87,3.89,3.88,3.87,39534.6,0.01,0.26,3.88,3.885,3.88,69582.8,65111.4,52882.8,0.01
2016-12-30 11:30:00,3.89,3.89,3.87,3.87,67805.1,-0.02,-0.51,3.882,3.885,3.8795,77672.8,65128.0,54067.4,0.02
2016-12-30 11:00:00,3.88,3.89,3.88,3.87,34720.4,0.0,0.0,3.886,3.886,3.8795,71663.8,62447.0,53219.1,0.01
2016-12-30 10:30:00,3.89,3.9,3.88,3.87,85631.7,-0.01,-0.26,3.888,3.885,3.8795,80765.6,64086.4,53284.4,0.02
2016-12-30 10:00:00,3.88,3.91,3.89,3.88,120222.0,0.01,0.26,3.89,3.885,3.8805,71530.1,61918.6,50626.3,0.03
2016-12-29 15:00:00,3.89,3.9,3.89,3.88,79985.0,0.0,0.0,3.89,3.884,3.8805,60639.9,54854.9,47440.9,0.02
2016-12-29 14:30:00,3.89,3.9,3.89,3.89,37760.0,0.0,0.0,3.888,3.882,3.8805,52583.1,48524.7,46112.1,0.01
2016-12-29 14:00:00,3.89,3.91,3.89,3.88,80229.5,0.0,0.0,3.886,3.88,3.8805,53230.2,49169.0,45780.3,0.02
2016-12-29 13:30:00,3.89,3.9,3.89,3.88,39454.0,0.0,0.0,3.882,3.879,3.8815,47407.2,43920.0,45941.7,0.01
2016-12-29 11:30:00,3.88,3.89,3.89,3.87,65771.2,0.01,0.26,3.88,3.878,3.882,52307.0,44599.6,46430.0,0.02
2016-12-29 11:00:00,3.88,3.88,3.88,3.87,39701.0,0.0,0.0,3.878,3.875,3.8825,49069.8,40654.2,46764.6,0.01
2016-12-29 10:30:00,3.87,3.88,3.88,3.86,40995.2,0.01,0.26,3.876,3.874,3.883,44466.2,43006.8,49047.2,0.01
2016-12-29 10:00:00,3.87,3.88,3.87,3.86,51114.6,0.0,0.0,3.874,3.873,3.883,45107.9,43991.2,51524.7,0.01
2016-12-28 15:00:00,3.88,3.88,3.88,3.86,63953.2,0.0,0.0,3.876,3.874,3.884,40432.7,42482.5,52207.3,0.02
2016-12-28 14:30:00,3.86,3.88,3.88,3.86,49584.9,0.02,0.52,3.876,3.876,3.8845,36892.1,39334.1,51411.6,0.01
2016-12-28 14:00:00,3.86,3.87,3.87,3.86,16683.0,0.01,0.26,3.872,3.877,3.8845,32238.7,40026.9,52029.5,0.0
2016-12-28 13:30:00,3.88,3.88,3.87,3.86,44203.7,-0.01,-0.26,3.872,3.879,3.8845,41547.4,43699.6,54758.2,0.01
2016-12-28 11:30:00,3.88,3.88,3.88,3.86,27738.7,0.0,0.0,3.872,3.881,3.884,42874.6,42391.5,56350.6,0.01
2016-12-28 11:00:00,3.87,3.88,3.88,3.86,46250.0,0.01,0.26,3.872,3.884,3.884,44532.3,47963.4,58800.4,0.01
2016-12-28 10:30:00,3.87,3.88,3.86,3.86,26318.0,-0.01,-0.26,3.876,3.886,3.8835,41776.1,48260.4,59328.6,0.01
2016-12-28 10:00:00,3.88,3.89,3.87,3.86,63226.5,-0.01,-0.26,3.882,3.89,3.8835,47815.1,52875.0,60963.1,0.02
2016-12-27 15:00:00,3.88,3.89,3.87,3.87,50839.8,-0.01,-0.26,3.886,3.892,3.883,45851.8,55087.7,60692.3,0.01
2016-12-27 14:30:00,3.88,3.9,3.88,3.87,36027.0,0.0,0.0,3.89,3.893,3.8825,41908.4,59058.2,61520.8,0.01
2016-12-27 14:00:00,3.88,3.9,3.9,3.88,32469.0,0.02,0.52,3.896,3.894,3.882,51394.5,61932.2,61799.0,0.01
2016-12-27 13:30:00,3.89,3.9,3.89,3.88,56513.0,0.0,0.0,3.896,3.893,3.881,54744.7,63489.1,67112.1,0.01
2016-12-27 11:30:00,3.89,3.9,3.89,3.88,53410.1,0.0,0.0,3.898,3.892,3.881,57934.9,64032.1,68805.9,0.01
2016-12-27 11:00:00,3.9,3.91,3.89,3.89,31123.1,-0.01,-0.26,3.898,3.89,3.882,64323.6,65816.7,70530.3,0.01
2016-12-27 10:30:00,3.9,3.91,3.91,3.89,83457.2,0.01,0.26,3.896,3.887,3.883,76208.0,70309.6,71259.7,0.02
2016-12-27 10:00:00,3.89,3.91,3.9,3.89,49220.0,0.01,0.26,3.892,3.884,3.8825,72469.9,69637.5,68377.2,0.01
2016-12-26 15:00:00,3.89,3.91,3.9,3.89,72464.3,0.01,0.26,3.89,3.881,3.8825,72233.6,70396.9,67681.4,0.02
2016-12-26 14:30:00,3.88,3.9,3.89,3.87,85353.2,0.01,0.26,3.886,3.877,3.883,70129.3,69051.2,67650.7,0.02
2016-12-26 14:00:00,3.89,3.89,3.88,3.87,90545.1,-0.01,-0.26,3.882,3.874,3.8835,67309.9,66296.8,68076.3,0.02
2016-12-26 13:30:00,3.89,3.89,3.89,3.87,64767.0,0.0,0.0,3.878,3.872,3.884,64411.3,63983.3,67190.3,0.02
2016-12-26 11:30:00,3.88,3.89,3.89,3.87,48038.5,0.01,0.26,3.876,3.87,3.8845,66805.0,61665.8,67985.4,0.01
2016-12-26 11:00:00,3.87,3.89,3.88,3.87,61942.6,0.01,0.26,3.872,3.869,3.887,68560.1,70735.0,70750.1,0.02
2016-12-26 10:30:00,3.86,3.89,3.87,3.86,71256.3,0.01,0.26,3.868,3.87,3.8885,67973.1,73579.6,73817.1,0.02
2016-12-26 10:00:00,3.86,3.88,3.86,3.85,76052.0,0.0,0.0,3.866,3.874,3.891,65283.8,75243.8,85319.5,0.02
2016-12-23 15:00:00,3.88,3.89,3.88,3.86,76735.8,0.0,0.0,3.866,3.879,3.893,63555.3,72209.8,90957.3,0.02
2016-12-23 14:30:00,3.87,3.88,3.87,3.86,56813.8,0.0,0.0,3.864,3.881,3.894,56526.6,67116.9,94949.9,0.01
2016-12-23 14:00:00,3.86,3.88,3.86,3.86,59007.7,0.0,0.0,3.866,3.884,3.8955,72909.9,64965.9,97006.6,0.01
2016-12-23 13:30:00,3.86,3.87,3.86,3.86,57809.7,0.0,0.0,3.872,3.889,3.898,79186.1,66250.2,99535.4,0.01
2016-12-23 11:30:00,3.88,3.88,3.86,3.86,67409.7,-0.02,-0.52,3.882,3.893,3.9,85203.8,69855.7,101352.0,0.02
2016-12-23 11:00:00,3.88,3.89,3.87,3.87,41592.3,-0.01,-0.26,3.892,3.896,3.9015,80864.3,70397.3,104803.0,0.01
2016-12-23 10:30:00,3.88,3.89,3.88,3.86,138730.0,0.0,0.0,3.898,3.899,3.9005,77707.2,74305.1,107957.0,0.03
2016-12-23 10:00:00,3.9,3.9,3.89,3.88,90389.0,-0.01,-0.26,3.902,3.905,3.8995,57021.8,70765.3,105161.0,0.02
2016-12-22 15:00:00,3.9,3.91,3.91,3.89,87897.9,0.01,0.26,3.906,3.907,3.8985,53314.3,74054.7,108604.0,0.02
2016-12-22 14:30:00,3.9,3.91,3.91,3.89,45712.3,0.01,0.26,3.904,3.908,3.897,54507.5,95395.3,108896.0,0.01
2016-12-22 14:00:00,3.9,3.91,3.9,3.9,25806.2,0.0,0.0,3.9,3.907,3.8945,59930.3,109705.0,117338.0,0.01
2016-12-22 13:30:00,3.9,3.91,3.9,3.9,35303.8,0.0,0.0,3.9,3.907,3.8945,70903.0,122783.0,126337.0,0.01
2016-12-22 11:30:00,3.9,3.91,3.91,3.89,71851.5,0.01,0.26,3.908,3.907,3.895,84508.7,129047.0,129960.0,0.02
2016-12-22 11:00:00,3.89,3.91,3.9,3.89,93863.9,0.01,0.26,3.908,3.907,3.8965,94795.0,132821.0,129493.0,0.02
2016-12-22 10:30:00,3.9,3.92,3.89,3.89,72826.2,-0.01,-0.26,3.912,3.907,3.8985,136283.0,132848.0,126498.0,0.02
2016-12-22 10:00:00,3.91,3.93,3.9,3.9,80669.8,-0.01,-0.26,3.914,3.907,3.9005,159479.0,139209.0,124830.0,0.02
2016-12-21 15:00:00,3.9,3.94,3.94,3.9,103332.0,0.04,1.03,3.914,3.902,3.9025,174663.0,141609.0,123263.0,0.03
2016-12-21 14:30:00,3.92,3.93,3.91,3.9,123283.0,-0.01,-0.26,3.906,3.894,3.9025,173586.0,139556.0,121185.0,0.03
2016-12-21 14:00:00,3.91,3.96,3.92,3.9,301304.0,0.01,0.26,3.906,3.89,3.9035,170846.0,143153.0,118022.0,0.08
2016-12-21 13:30:00,3.89,3.91,3.9,3.89,188808.0,0.01,0.26,3.902,3.886,3.9055,129414.0,122397.0,112212.0,0.05
2016-12-21 11:30:00,3.89,3.9,3.9,3.89,156588.0,0.01,0.26,3.9,3.882,3.9075,118938.0,124970.0,107787.0,0.04
2016-12-21 11:00:00,3.91,3.91,3.9,3.88,97947.8,-0.01,-0.26,3.89,3.882,3.91,108554.0,129890.0,109303.0,0.02
2016-12-21 10:30:00,3.9,3.91,3.91,3.88,109583.0,0.01,0.26,3.882,3.883,3.913,105527.0,130874.0,110347.0,0.03
2016-12-21 10:00:00,3.9,3.91,3.9,3.88,94143.2,0.0,0.0,3.874,3.886,3.9155,115460.0,126165.0,110048.0,0.02
2016-12-20 15:00:00,3.85,3.9,3.89,3.85,136430.0,0.04,1.04,3.87,3.89,3.9175,115379.0,120148.0,109712.0,0.03
2016-12-20 14:30:00,3.86,3.87,3.85,3.85,104667.0,-0.01,-0.26,3.864,3.894,3.92,131002.0,110451.0,109174.0,0.03
2016-12-20 14:00:00,3.86,3.87,3.86,3.86,82810.9,0.0,0.0,3.874,3.903,3.9255,151226.0,104917.0,110719.0,0.02
2016-12-20 13:30:00,3.88,3.9,3.87,3.86,159251.0,-0.01,-0.26,3.884,3.911,3.931,156220.0,102813.0,114590.0,0.04
2016-12-20 11:30:00,3.87,3.9,3.88,3.86,93738.8,0.01,0.26,3.898,3.917,3.936,136870.0,92891.4,113514.0,0.02
2016-12-20 11:00:00,3.89,3.89,3.86,3.86,214542.0,-0.03,-0.77,3.91,3.925,3.941,124916.0,102027.0,119322.0,0.05
2016-12-20 10:30:00,3.9,3.91,3.9,3.88,205789.0,0.0,0.0,3.924,3.933,3.9475,89899.8,90603.2,115752.0,0.05
2016-12-20 10:00:00,3.94,3.94,3.91,3.91,107781.0,-0.03,-0.76,3.932,3.938,3.9525,58607.2,88714.9,112678.0,0.03
2016-12-19 15:00:00,3.94,3.95,3.94,3.93,62500.8,0.0,0.0,3.938,3.943,3.957,49406.4,89820.6,113406.0,0.02
2016-12-19 14:30:00,3.93,3.94,3.94,3.93,33968.2,0.01,0.25,3.936,3.945,3.961,48912.4,93929.9,116561.0,0.01
2016-12-19 14:00:00,3.93,3.95,3.93,3.93,39460.1,0.0,0.0,3.94,3.945,3.9645,79137.8,99276.7,133351.0,0.01
2016-12-19 13:30:00,3.94,3.95,3.94,3.93,49325.8,0.0,0.0,3.942,3.946,3.97,91306.6,107897.0,147706.0,0.01
2016-12-19 11:30:00,3.93,3.95,3.94,3.93,61777.0,0.01,0.25,3.944,3.948,3.9745,118823.0,116522.0,166931.0,0.02
2016-12-19 11:00:00,3.96,3.97,3.93,3.93,60031.0,-0.03,-0.76,3.948,3.951,3.985,130235.0,126366.0,175780.0,0.02
2016-12-19 10:30:00,3.93,3.97,3.96,3.92,185095.0,0.03,0.76,3.954,3.955,3.9965,138947.0,134137.0,176965.0,0.05
2016-12-19 10:00:00,3.94,3.95,3.94,3.92,100304.0,0.0,0.0,3.95,3.957,4.0075,119416.0,136616.0,172952.0,0.03
2016-12-16 15:00:00,3.95,3.97,3.95,3.93,186906.0,0.0,0.0,3.95,3.962,4.019,124488.0,140900.0,170836.0,0.05
2016-12-16 14:30:00,3.96,3.97,3.96,3.94,118838.0,0.0,0.0,3.952,3.967,4.03,114221.0,136641.0,165206.0,0.03
2016-12-16 14:00:00,3.94,3.97,3.96,3.94,103594.0,0.02,0.51,3.954,3.971,4.04,122498.0,136991.0,164966.0,0.03
2016-12-16 13:30:00,3.95,3.96,3.94,3.94,87435.9,-0.01,-0.25,3.956,3.977,4.0495,129327.0,139193.0,172860.0,0.02
2016-12-16 11:30:00,3.96,3.97,3.94,3.94,125664.0,-0.02,-0.51,3.964,3.984,4.0635,153817.0,167425.0,186017.0,0.03
2016-12-16 11:00:00,3.97,3.99,3.96,3.96,135573.0,-0.01,-0.25,3.974,3.994,4.073,157312.0,187515.0,185682.0,0.03
2016-12-16 10:30:00,3.97,3.99,3.97,3.96,160222.0,0.0,0.0,3.982,4.001,4.0815,159062.0,217340.0,185334.0,0.04
2016-12-16 10:00:00,3.99,4.0,3.97,3.97,137740.0,-0.02,-0.5,3.988,4.019,4.089,151484.0,225193.0,182525.0,0.03
2016-12-15 15:00:00,3.99,4.0,3.98,3.97,209886.0,-0.01,-0.25,3.998,4.038,4.0965,149059.0,219793.0,179491.0,0.05
2016-12-15 14:30:00,4.0,4.01,3.99,3.98,143141.0,-0.01,-0.25,4.004,4.058,4.1025,181033.0,209287.0,174847.0,0.04
2016-12-15 14:00:00,4.0,4.01,4.0,3.99,144320.0,0.0,0.0,4.014,4.076,4.1085,217718.0,200771.0,172280.0,0.04
2016-12-15 13:30:00,4.02,4.04,4.0,4.0,122332.0,-0.02,-0.5,4.02,4.093,4.114,275618.0,193770.0,174987.0,0.03
2016-12-15 11:30:00,4.02,4.03,4.02,3.99,125614.0,0.0,0.0,4.05,4.109,4.1205,298903.0,192942.0,179627.0,0.03
2016-12-15 11:00:00,4.03,4.04,4.01,3.99,369759.0,-0.02,-0.5,4.078,4.122,4.1285,290528.0,206528.0,197809.0,0.09
2016-12-15 10:30:00,4.03,4.07,4.04,4.01,326564.0,0.01,0.25,4.112,4.143,4.1365,237541.0,204610.0,189121.0,0.08
2016-12-15 10:00:00,4.13,4.13,4.03,4.02,433819.0,-0.1,-2.42,4.138,4.152,4.1425,183825.0,183850.0,182771.0,0.11
2016-12-14 15:00:00,4.16,4.17,4.15,4.12,238758.0,-0.01,-0.24,4.166,4.162,4.1485,111923.0,153328.0,168784.0,0.06
2016-12-14 14:30:00,4.18,4.19,4.16,4.16,83740.9,-0.02,-0.48,4.168,4.159,4.148,86980.2,139857.0,165678.0,0.02
2016-12-14 14:00:00,4.17,4.19,4.18,4.16,104825.0,0.01,0.24,4.166,4.155,4.148,122527.0,139189.0,169669.0,0.03
2016-12-14 13:30:00,4.16,4.18,4.17,4.16,57980.0,0.01,0.24,4.174,4.147,4.1495,171678.0,140407.0,175516.0,0.01
2016-12-14 11:30:00,4.16,4.17,4.17,4.15,74310.0,0.01,0.24,4.166,4.141,4.1525,183875.0,143789.0,210893.0,0.02
2016-12-14 11:00:00,4.16,4.16,4.16,4.14,114045.0,0.0,0.0,4.158,4.135,4.1535,194733.0,156204.0,218695.0,0.03
2016-12-14 10:30:00,4.23,4.23,4.15,4.15,261476.0,-0.08,-1.89,4.15,4.132,4.155,192734.0,166312.0,220956.0,0.07
2016-12-14 10:00:00,4.12,4.22,4.22,4.12,350578.0,0.1,2.43,4.144,4.135,4.1575,155851.0,189090.0,217819.0,0.09
2016-12-13 15:00:00,4.12,4.14,4.13,4.12,118967.0,0.01,0.24,4.12,4.13,4.157,109136.0,173633.0,210043.0,0.03
2016-12-13 14:30:00,4.13,4.15,4.13,4.12,128597.0,0.0,0.0,4.116,4.133,4.1615,103702.0,181693.0,231401.0,0.03
2016-12-13 14:00:00,4.11,4.14,4.12,4.11,104053.0,0.01,0.24,4.112,4.135,4.1635,117675.0,184240.0,241969.0,0.03
2016-12-13 13:30:00,4.1,4.13,4.12,4.1,77057.6,0.02,0.49,4.114,4.137,4.1665,139891.0,191498.0,283915.0,0.02
2016-12-13 11:30:00,4.11,4.12,4.1,4.09,117005.0,-0.01,-0.24,4.126,4.141,4.1665,222328.0,200150.0,293394.0,0.03
2016-12-13 11:00:00,4.1,4.12,4.11,4.1,91797.0,0.01,0.24,4.14,4.152,4.1645,238130.0,210625.0,291771.0,0.02
2016-12-13 10:30:00,4.13,4.14,4.11,4.09,198461.0,-0.02,-0.48,4.15,4.164,4.1625,259683.0,277997.0,291606.0,0.05
2016-12-13 10:00:00,4.14,4.17,4.13,4.12,215132.0,-0.01,-0.24,4.158,4.172,4.1605,250806.0,281186.0,294804.0,0.05
2016-12-12 15:00:00,4.17,4.2,4.18,4.15,489247.0,0.01,0.24,4.16,4.178,4.1555,243106.0,275599.0,289808.0,0.12
2016-12-12 14:30:00,4.15,4.19,4.17,4.14,196013.0,0.02,0.48,4.156,4.18,4.1475,177972.0,246549.0,268152.0,0.05
2016-12-12 14:00:00,4.15,4.19,4.16,4.13,199563.0,0.01,0.24,4.164,4.184,4.1395,183120.0,246454.0,262610.0,0.05
2016-12-12 13:30:00,4.14,4.17,4.15,4.13,154074.0,0.01,0.24,4.178,4.19,4.1325,296310.0,281108.0,255938.0,0.04
2016-12-12 11:30:00,4.16,4.18,4.14,4.12,176634.0,-0.02,-0.48,4.186,4.192,4.1255,311567.0,299699.0,258425.0,0.04
2016-12-12 11:00:00,4.21,4.21,4.16,4.16,163575.0,-0.05,-1.19,4.196,4.196,4.119,308093.0,376333.0,255363.0,0.04
2016-12-12 10:30:00,4.23,4.24,4.21,4.19,221754.0,-0.02,-0.47,4.204,4.192,4.112,315126.0,386637.0,250311.0,0.06
2016-12-12 10:00:00,4.24,4.28,4.23,4.18,765515.0,-0.01,-0.24,4.204,4.177,4.103,309787.0,372916.0,241513.0,0.19
2016-12-09 15:00:00,4.18,4.2,4.19,4.16,230355.0,0.01,0.24,4.202,4.161,4.092,265907.0,305215.0,206013.0,0.06
2016-12-09 14:30:00,4.19,4.21,4.19,4.18,159264.0,0.0,0.0,4.198,4.149,4.083,287831.0,308421.0,197035.0,0.04
2016-12-09 14:00:00,4.2,4.21,4.2,4.19,198742.0,0.0,0.0,4.196,4.133,4.0735,444572.0,304016.0,195890.0,0.05
2016-12-09 13:30:00,4.21,4.22,4.21,4.19,195061.0,0.0,0.0,4.18,4.115,4.064,458149.0,289754.0,191244.0,0.05
2016-12-09 11:30:00,4.17,4.23,4.22,4.15,546111.0,0.05,1.2,4.15,4.095,4.054,436045.0,278766.0,188085.0,0.14
2016-12-09 11:00:00,4.17,4.19,4.17,4.15,339976.0,0.0,0.0,4.12,4.075,4.045,344524.0,230767.0,164002.0,0.09
2016-12-09 10:30:00,4.11,4.2,4.18,4.1,942972.0,0.07,1.7,4.1,4.059,4.039,329011.0,217151.0,150950.0,0.24
2016-12-09 10:00:00,4.05,4.12,4.12,4.04,266625.0,0.07,1.73,4.07,4.042,4.0325,163459.0,134393.0,106577.0,0.07
2016-12-08 15:00:00,4.07,4.07,4.06,4.05,84543.0,-0.01,-0.25,4.05,4.032,4.029,121359.0,113985.0,96563.3,0.02
2016-12-08 14:30:00,4.06,4.07,4.07,4.05,88501.7,0.01,0.25,4.04,4.029,4.029,121487.0,110110.0,94252.0,0.02
2016-12-08 14:00:00,4.04,4.08,4.07,4.03,262414.0,0.03,0.74,4.03,4.023,4.028,117010.0,106811.0,94840.2,0.07
2016-12-08 13:30:00,4.02,4.04,4.03,4.02,115212.0,0.01,0.25,4.018,4.017,4.027,105291.0,85649.4,85427.7,0.03
2016-12-08 11:30:00,4.01,4.02,4.02,4.0,56126.0,0.01,0.25,4.014,4.014,4.028,105327.0,87764.1,84693.5,0.01
2016-12-08 11:00:00,4.02,4.03,4.01,4.01,85181.8,-0.01,-0.25,4.014,4.013,4.03,106611.0,92733.7,96169.5,0.02
2016-12-08 10:30:00,4.02,4.03,4.02,4.02,66115.2,0.0,0.0,4.018,4.013,4.033,98731.9,97403.8,101901.0,0.02
2016-12-08 10:00:00,4.03,4.04,4.01,4.0,203819.0,-0.02,-0.5,4.016,4.015,4.0345,96611.2,97237.0,103053.0,0.05
2016-12-07 15:00:00,4.02,4.03,4.01,4.01,115394.0,-0.01,-0.25,4.016,4.019,4.0365,66007.9,84748.7,96117.9,0.03
2016-12-07 14:30:00,4.02,4.03,4.02,4.01,62545.5,0.0,0.0,4.014,4.023,4.038,70200.9,78760.3,98114.7,0.02
2016-12-07 14:00:00,4.02,4.03,4.03,4.01,45785.9,0.01,0.25,4.012,4.026,4.039,78856.2,79141.3,99751.9,0.01
2016-12-07 13:30:00,4.01,4.02,4.01,4.0,55511.7,0.0,0.0,4.008,4.029,4.0385,96075.6,78394.5,105756.0,0.01
2016-12-07 11:30:00,4.01,4.01,4.01,4.0,50802.5,0.0,0.0,4.014,4.033,4.0395,97862.7,82869.8,112395.0,0.01
2016-12-07 11:00:00,4.0,4.01,4.0,4.0,136359.0,0.0,0.0,4.022,4.037,4.0425,103490.0,85206.0,121441.0,0.03
2016-12-07 10:30:00,4.02,4.02,4.01,4.0,105822.0,-0.01,-0.25,4.032,4.042,4.045,87319.7,81622.9,130555.0,0.03
2016-12-07 10:00:00,4.03,4.05,4.01,4.01,131883.0,-0.02,-0.5,4.04,4.047,4.0485,79426.4,99605.3,139950.0,0.03
2016-12-06 15:00:00,4.05,4.05,4.04,4.03,64447.0,-0.01,-0.25,4.05,4.053,4.0505,60713.3,106398.0,139091.0,0.02
2016-12-06 14:30:00,4.05,4.06,4.05,4.04,78936.6,0.0,0.0,4.052,4.054,4.051,67876.9,108870.0,140974.0,0.02
2016-12-06 14:00:00,4.06,4.06,4.05,4.04,55509.5,-0.01,-0.25,4.052,4.054,4.0515,66922.5,107487.0,141675.0,0.01
2016-12-06 13:30:00,4.06,4.06,4.05,4.05,66356.0,-0.01,-0.25,4.052,4.053,4.053,75926.2,117469.0,143178.0,0.02
2016-12-06 11:30:00,4.05,4.06,4.06,4.05,38317.5,0.01,0.25,4.054,4.052,4.055,119784.0,120362.0,145799.0,0.01
2016-12-06 11:00:00,4.05,4.06,4.05,4.05,100265.0,0.0,0.0,4.056,4.048,4.057,152083.0,133117.0,151577.0,0.03
2016-12-06 10:30:00,4.05,4.06,4.05,4.05,74164.3,0.0,0.0,4.056,4.046,4.0595,149862.0,141920.0,151826.0,0.02
2016-12-06 10:00:00,4.06,4.07,4.05,4.04,100528.0,-0.01,-0.25,4.056,4.048,4.0625,148052.0,157677.0,150352.0,0.03
2016-12-05 15:00:00,4.07,4.08,4.06,4.05,285646.0,-0.01,-0.25,4.054,4.048,4.0655,159012.0,179488.0,148140.0,0.07
2016-12-05 14:30:00,4.04,4.08,4.07,4.04,199811.0,0.03,0.74,4.05,4.05,4.068,120941.0,180296.0,136978.0,0.05
2016-12-05 14:00:00,4.05,4.06,4.05,4.03,89162.0,0.0,0.0,4.04,4.048,4.0715,114151.0,171784.0,130572.0,0.02
2016-12-05 13:30:00,4.03,4.05,4.05,4.02,65111.7,0.02,0.5,4.036,4.048,4.0755,133978.0,173079.0,132189.0,0.02
2016-12-05 11:30:00,4.04,4.04,4.04,4.0,155330.0,0.0,0.0,4.04,4.049,4.079,167302.0,175863.0,139305.0,0.04
2016-12-05 11:00:00,4.02,4.04,4.04,4.02,95288.8,0.02,0.5,4.042,4.053,4.081,199964.0,168887.0,137232.0,0.02
2016-12-05 10:30:00,4.04,4.05,4.02,4.01,165862.0,-0.02,-0.5,4.05,4.058,4.083,239650.0,171235.0,139593.0,0.04
2016-12-05 10:00:00,4.05,4.07,4.03,4.03,188296.0,-0.02,-0.49,4.056,4.066,4.0865,229418.0,170037.0,137358.0,0.05
2016-12-02 15:00:00,4.07,4.08,4.07,4.04,231731.0,0.0,0.0,4.06,4.073,4.0895,212180.0,161733.0,133852.0,0.06
2016-12-02 14:30:00,4.08,4.09,4.05,4.04,318641.0,-0.03,-0.74,4.058,4.077,4.0915,184425.0,143027.0,128452.0,0.08
2016-12-02 14:00:00,4.04,4.1,4.08,4.04,293722.0,0.04,0.99,4.064,4.083,4.095,137809.0,116793.0,126866.0,0.07
2016-12-02 13:30:00,4.05,4.05,4.05,4.03,114698.0,0.0,0.0,4.066,4.086,4.0975,102820.0,93660.6,120265.0,0.03
2016-12-02 11:30:00,4.06,4.07,4.05,4.05,102108.0,-0.01,-0.25,4.076,4.095,4.1025,110656.0,89360.5,134391.0,0.03
2016-12-02 11:00:00,4.09,4.09,4.06,4.06,92956.6,-0.03,-0.73,4.086,4.103,4.089,111285.0,91298.6,131294.0,0.02
2016-12-02 10:30:00,4.09,4.1,4.08,4.08,85561.8,-0.01,-0.24,4.096,4.109,4.0745,101628.0,102747.0,129590.0,0.02
2016-12-02 10:00:00,4.1,4.12,4.09,4.08,118778.0,-0.01,-0.24,4.102,4.109,4.0585,95776.0,105576.0,127342.0,0.03
2016-12-01 15:00:00,4.1,4.13,4.1,4.09,153875.0,0.0,0.0,4.106,4.108,4.042,84500.7,107950.0,122342.0,0.04
2016-12-01 14:30:00,4.11,4.12,4.1,4.09,105254.0,-0.01,-0.24,4.114,4.107,4.025,68065.1,104678.0,116307.0,0.03
2016-12-01 14:00:00,4.1,4.11,4.11,4.1,44670.9,0.01,0.24,4.12,4.106,4.0085,71312.1,105972.0,114250.0,0.01
2016-12-01 13:30:00,4.11,4.12,4.11,4.1,56302.7,0.0,0.0,4.122,4.106,3.991,103865.0,113877.0,115445.0,0.01
2016-12-01 11:30:00,4.14,4.14,4.11,4.11,62400.7,-0.03,-0.72,4.116,4.107,3.974,115377.0,136940.0,114135.0,0.02
2016-12-01 11:00:00,4.13,4.14,4.14,4.12,71697.0,0.01,0.24,4.11,4.109,3.957,131400.0,146869.0,112859.0,0.02
2016-12-01 10:30:00,4.12,4.14,4.13,4.12,121489.0,0.01,0.24,4.1,4.11,3.9385,141292.0,179421.0,111947.0,0.03
2016-12-01 10:00:00,4.09,4.13,4.12,4.08,207438.0,0.03,0.73,4.092,4.075,3.92,140632.0,171289.0,108908.0,0.05
2016-11-30 15:00:00,4.08,4.1,4.08,4.07,113860.0,0.0,0.0,4.09,4.04,3.9025,123889.0,156433.0,101919.0,0.03
2016-11-30 14:30:00,4.1,4.11,4.08,4.07,142517.0,-0.02,-0.49,4.098,4.008,3.8875,158502.0,149107.0,100959.0,0.04
2016-11-30 14:00:00,4.09,4.11,4.09,4.08,121154.0,0.0,0.0,4.108,3.976,3.872,162337.0,136734.0,97723.9,0.03
2016-11-30 13:30:00,4.1,4.12,4.09,4.09,118189.0,-0.01,-0.24,4.12,3.943,3.8565,217551.0,127937.0,94376.9,0.03
2016-11-30 11:30:00,4.11,4.12,4.11,4.09,123726.0,0.0,0.0,4.058,3.911,3.842,201946.0,122528.0,93612.0,0.03
2016-11-30 11:00:00,4.14,4.15,4.12,4.11,286925.0,-0.02,-0.48,3.99,3.876,3.826,188977.0,117012.0,94832.3,0.07
2016-11-30 10:30:00,4.15,4.16,4.13,4.13,161693.0,-0.02,-0.48,3.918,3.841,3.8105,139711.0,91330.8,85246.3,0.04
2016-11-30 10:00:00,4.15,4.19,4.15,4.14,397221.0,0.0,0.0,3.844,3.805,3.794,111131.0,78848.7,83235.3,0.1
2016-10-13 15:00:00,3.76,3.78,3.78,3.76,40166.6,0.02,0.53,3.766,3.767,3.7775,38322.3,44472.6,66483.8,0.01
2016-10-13 14:30:00,3.77,3.78,3.77,3.76,58879.1,0.0,0.0,3.764,3.765,3.779,43110.0,46527.1,66250.2,0.01
2016-10-13 14:00:00,3.76,3.77,3.76,3.76,40596.4,0.0,0.0,3.762,3.765,3.7815,45046.7,47405.4,65840.7,0.01
2016-10-13 13:30:00,3.76,3.77,3.76,3.76,18794.2,0.0,0.0,3.764,3.767,3.784,42950.5,52812.0,66188.4,0.0
2016-10-13 11:30:00,3.76,3.77,3.76,3.76,33175.3,0.0,0.0,3.766,3.768,3.787,46565.9,58713.4,67670.5,0.01
2016-10-13 11:00:00,3.76,3.77,3.77,3.76,64104.8,0.01,0.27,3.768,3.77,3.79,50622.8,60817.2,73089.8,0.02
2016-10-13 10:30:00,3.77,3.78,3.76,3.76,68563.0,-0.01,-0.27,3.766,3.773,3.792,49944.3,64695.8,72958.6,0.02
2016-10-13 10:00:00,3.77,3.78,3.77,3.76,30115.2,0.0,0.0,3.768,3.776,3.795,49764.0,72652.9,72084.3,0.01
2016-10-12 14:30:00,3.77,3.77,3.77,3.76,36871.2,0.0,0.0,3.77,3.78,3.7975,62673.5,79161.8,75625.7,0.01
2016-10-12 14:00:00,3.76,3.77,3.77,3.76,53460.0,0.01,0.27,3.77,3.783,3.7995,70860.9,87621.9,76689.0,0.01
2016-10-12 13:30:00,3.77,3.77,3.76,3.76,60712.1,-0.01,-0.27,3.772,3.788,3.801,71011.5,88495.0,77383.0,0.02
2016-10-12 11:30:00,3.77,3.78,3.77,3.76,67661.7,0.0,0.0,3.78,3.793,3.8035,79447.2,85973.3,77842.7,0.02
2016-10-12 11:00:00,3.77,3.78,3.78,3.76,94662.4,0.01,0.27,3.784,3.798,3.8045,95541.7,84276.0,78282.0,0.02
2016-10-12 10:30:00,3.78,3.79,3.77,3.77,77808.3,-0.01,-0.26,3.79,3.801,3.805,95650.0,79564.8,74568.4,0.02
2016-10-12 10:00:00,3.79,3.8,3.78,3.78,54212.8,-0.01,-0.26,3.796,3.806,3.806,104383.0,76627.5,72664.8,0.01
2016-10-11 15:00:00,3.8,3.81,3.8,3.79,102891.0,0.0,0.0,3.804,3.81,3.8065,105979.0,85362.4,71032.0,0.03
2016-10-11 14:30:00,3.8,3.81,3.79,3.79,148134.0,-0.01,-0.26,3.806,3.811,3.806,92499.2,81221.4,67994.0,0.04
2016-10-11 14:00:00,3.8,3.81,3.81,3.8,95204.0,0.01,0.26,3.812,3.814,3.8065,73010.2,71515.8,62721.0,0.02
2016-10-11 13:30:00,3.82,3.82,3.8,3.8,121473.0,-0.02,-0.52,3.812,3.815,3.805,63479.6,72089.6,61216.9,0.03
2016-10-11 11:30:00,3.82,3.82,3.82,3.81,62191.0,0.0,0.0,3.816,3.816,3.8035,48872.1,65756.1,59191.4,0.02
2016-10-11 11:00:00,3.82,3.82,3.81,3.81,35494.4,-0.01,-0.26,3.816,3.814,3.8015,64746.3,66270.9,58464.1,0.01
2016-10-11 10:30:00,3.82,3.83,3.82,3.81,50688.7,0.0,0.0,3.816,3.814,3.7995,69943.6,69712.2,57919.7,0.01
2016-10-11 10:00:00,3.82,3.83,3.81,3.81,47551.0,-0.01,-0.26,3.816,3.811,3.797,70021.4,72288.0,58269.7,0.01
2016-10-10 15:00:00,3.82,3.83,3.82,3.81,48435.5,0.0,0.0,3.818,3.809,3.795,80699.6,69572.0,58375.6,0.01
2016-10-10 14:30:00,3.82,3.83,3.82,3.8,141562.0,0.0,0.0,3.816,3.806,3.7925,82640.0,68702.1,59186.2,0.04
2016-10-10 14:00:00,3.82,3.82,3.81,3.8,61481.0,-0.01,-0.26,3.812,3.803,3.79,67795.5,56701.6,55568.2,0.02
2016-10-10 13:30:00,3.81,3.82,3.82,3.81,51077.4,0.01,0.26,3.812,3.801,3.787,69480.7,54766.5,55971.2,0.01
2016-10-10 11:30:00,3.8,3.82,3.82,3.79,100942.0,0.02,0.53,3.806,3.799,3.783,74554.7,53926.2,56530.5,0.03
2016-10-10 11:00:00,3.8,3.81,3.81,3.79,58137.6,0.01,0.26,3.8,3.795,3.7795,58444.5,50344.2,53653.1,0.01
2016-10-10 10:30:00,3.81,3.81,3.8,3.8,67339.7,-0.01,-0.26,3.796,3.791,3.7765,54764.3,52626.8,52339.4,0.02
2016-10-10 10:00:00,3.8,3.82,3.81,3.8,69906.8,0.01,0.26,3.794,3.789,3.774,45607.7,50657.3,53193.2,0.02
2016-09-30 14:30:00,3.78,3.8,3.79,3.78,76447.5,0.01,0.26,3.79,3.785,3.7715,40052.4,46127.3,51022.1,0.02
2016-09-30 14:00:00,3.79,3.8,3.79,3.78,20391.0,0.0,0.0,3.792,3.783,3.77,33297.8,44251.4,47923.3,0.01
2016-09-30 13:30:00,3.79,3.8,3.79,3.78,39736.4,0.0,0.0,3.79,3.781,3.7695,42243.9,47179.1,48704.5,0.01
2016-09-30 11:30:00,3.78,3.8,3.79,3.78,21557.0,0.01,0.26,3.786,3.779,3.7685,50489.3,49670.4,49532.7,0.01
2016-09-30 11:00:00,3.79,3.8,3.79,3.78,42130.0,0.0,0.0,3.784,3.777,3.7675,55706.8,54434.8,52523.9,0.01
2016-09-30 10:30:00,3.78,3.8,3.8,3.78,42674.5,0.02,0.53,3.78,3.773,3.7655,52202.2,57175.9,54876.5,0.01
2016-09-30 10:00:00,3.77,3.79,3.78,3.77,65121.8,0.01,0.27,3.774,3.767,3.7625,55204.9,59134.7,55857.3,0.02
2016-09-29 15:00:00,3.78,3.79,3.77,3.77,80963.3,-0.01,-0.26,3.772,3.764,3.7605,52114.3,56962.0,55051.6,0.02
2016-09-29 14:30:00,3.78,3.78,3.78,3.77,47644.5,0.0,0.0,3.772,3.762,3.76,48851.4,52051.9,53251.4,0.01
2016-09-29 14:00:00,3.78,3.78,3.77,3.77,24607.0,-0.01,-0.26,3.77,3.759,3.758,53162.7,55729.1,52852.8,0.01
2016-09-29 13:30:00,3.78,3.78,3.77,3.77,57688.0,-0.01,-0.26,3.766,3.758,3.7565,62149.5,55917.0,53553.2,0.01
2016-09-29 11:30:00,3.77,3.78,3.77,3.77,49668.7,0.0,0.0,3.76,3.757,3.755,63064.5,51595.2,53298.3,0.01
2016-09-29 11:00:00,3.77,3.78,3.77,3.76,64648.8,0.0,0.0,3.756,3.758,3.7525,61809.7,50229.8,59334.9,0.02
2016-09-29 10:30:00,3.75,3.77,3.77,3.75,69201.0,0.02,0.53,3.752,3.758,3.752,55252.5,49395.0,59858.0,0.02
2016-09-29 10:00:00,3.75,3.76,3.75,3.74,69541.0,0.0,0.0,3.748,3.758,3.7515,58295.6,50613.1,58503.9,0.02
2016-09-28 15:00:00,3.74,3.75,3.74,3.73,62263.0,0.0,0.0,3.75,3.758,3.7525,49684.4,52577.2,57121.4,0.02
2016-09-28 14:30:00,3.75,3.75,3.75,3.73,43394.7,0.0,0.0,3.754,3.758,3.7535,40125.8,52579.8,54821.3,0.01
2016-09-28 14:00:00,3.75,3.76,3.75,3.74,31862.8,0.0,0.0,3.76,3.757,3.7545,38650.0,53141.2,57564.7,0.01
2016-09-28 13:30:00,3.75,3.76,3.75,3.74,84416.4,0.0,0.0,3.764,3.758,3.7545,43537.6,54450.8,59981.1,0.02
2016-09-28 11:30:00,3.76,3.77,3.76,3.75,26485.2,0.0,0.0,3.768,3.757,3.755,42930.5,49976.4,60510.6,0.01
2016-09-28 11:00:00,3.78,3.78,3.76,3.76,14470.0,-0.02,-0.53,3.766,3.755,3.756,55469.9,51189.5,61522.0,0.0
2016-09-28 10:30:00,3.76,3.78,3.78,3.76,36015.6,0.02,0.53,3.762,3.753,3.758,65033.8,55001.5,62871.4,0.01
2016-09-28 10:00:00,3.76,3.77,3.77,3.76,56300.7,0.01,0.27,3.754,3.747,3.759,67632.3,68439.9,65775.7,0.01
2016-09-27 15:00:00,3.75,3.77,3.77,3.74,81381.2,0.02,0.53,3.752,3.746,3.76,65364.0,70320.9,64484.9,0.02
2016-09-27 14:30:00,3.75,3.75,3.75,3.73,89182.2,0.0,0.0,3.746,3.745,3.7615,57022.3,66394.7,63215.0,0.02
2016-09-27 14:00:00,3.76,3.76,3.74,3.74,62289.4,-0.02,-0.53,3.744,3.747,3.763,46909.1,61665.6,60725.6,0.02
2016-09-27 13:30:00,3.76,3.76,3.74,3.74,49008.0,-0.02,-0.53,3.744,3.749,3.766,44969.1,57062.9,60493.3,0.01
2016-09-27 11:30:00,3.74,3.76,3.76,3.74,44959.0,0.02,0.53,3.74,3.752,3.769,69247.5,61988.3,59823.2,0.01
2016-09-27 11:00:00,3.75,3.76,3.74,3.74,39673.0,-0.01,-0.27,3.74,3.751,3.7705,75277.9,65511.4,60220.8,0.01
2016-09-27 10:30:00,3.75,3.75,3.74,3.74,38616.0,-0.01,-0.27,3.744,3.753,3.773,75767.1,71044.8,61706.6,0.01
2016-09-27 10:00:00,3.73,3.75,3.74,3.72,52589.5,0.01,0.27,3.75,3.757,3.776,76422.0,71854.4,63383.2,0.01
2016-09-26 15:00:00,3.76,3.76,3.72,3.72,170400.0,-0.04,-1.06,3.754,3.763,3.779,69156.7,70741.4,63768.5,0.04
2016-09-26 14:30:00,3.75,3.76,3.76,3.75,75110.8,0.01,0.27,3.764,3.771,3.7835,54729.0,63111.5,58139.0,0.02
2016-09-26 14:00:00,3.77,3.77,3.76,3.75,42119.0,-0.01,-0.27,3.762,3.774,3.7865,55744.8,58648.9,58842.0,0.01
2016-09-26 13:30:00,3.76,3.77,3.77,3.76,41890.9,0.01,0.27,3.762,3.778,3.7885,66322.4,60035.4,59487.9,0.01
2016-09-26 11:30:00,3.77,3.78,3.76,3.76,16262.5,-0.01,-0.27,3.764,3.779,3.7895,67286.8,59785.6,65160.6,0.0
2016-09-26 11:00:00,3.75,3.78,3.77,3.75,98262.0,0.02,0.53,3.772,3.783,3.79,72326.1,63923.7,66649.6,0.02
2016-09-26 10:30:00,3.75,3.76,3.75,3.75,80189.8,0.0,0.0,3.778,3.786,3.791,71493.9,57658.1,63195.8,0.02
2016-09-26 10:00:00,3.78,3.78,3.76,3.75,95007.0,-0.02,-0.53,3.786,3.79,3.793,61552.9,54930.2,64677.0,0.02
2016-09-23 15:00:00,3.8,3.8,3.78,3.78,46712.9,-0.02,-0.53,3.794,3.793,3.7935,53748.3,52368.5,62273.1,0.01
2016-09-23 14:30:00,3.8,3.8,3.8,3.79,41458.7,0.0,0.0,3.794,3.795,3.7925,52284.4,54911.9,62103.6,0.01
2016-09-23 14:00:00,3.79,3.8,3.8,3.78,94101.0,0.01,0.26,3.794,3.795,3.7905,55521.4,56795.5,61536.0,0.02
2016-09-23 13:30:00,3.79,3.8,3.79,3.78,30485.0,0.0,0.0,3.794,3.796,3.788,43822.3,53166.5,58700.9,0.01
2016-09-23 11:30:00,3.78,3.8,3.8,3.78,55984.0,0.02,0.53,3.794,3.799,3.7865,48307.4,59035.2,58860.9,0.01
2016-09-23 11:00:00,3.8,3.8,3.78,3.78,39393.4,-0.02,-0.53,3.792,3.799,3.7845,50988.7,58940.4,59022.3,0.01
2016-09-23 10:30:00,3.8,3.81,3.8,3.79,57643.6,0.0,0.0,3.796,3.8,3.7835,57539.5,70535.5,59852.0,0.01
2016-09-23 10:00:00,3.79,3.8,3.8,3.78,35605.7,0.01,0.26,3.796,3.797,3.7805,58069.7,69375.5,58889.2,0.01
2016-09-22 15:00:00,3.79,3.8,3.79,3.78,52910.4,0.0,0.0,3.798,3.796,3.778,62510.6,68733.4,59520.2,0.01
2016-09-22 14:30:00,3.81,3.81,3.79,3.79,69390.6,-0.02,-0.52,3.804,3.796,3.776,69762.9,74423.8,58204.8,0.02
2016-09-22 14:00:00,3.8,3.82,3.8,3.8,72147.0,0.0,0.0,3.806,3.794,3.774,66892.1,72177.7,57081.8,0.02
2016-09-22 13:30:00,3.81,3.82,3.8,3.8,60294.6,-0.01,-0.26,3.804,3.79,3.7715,83531.5,69295.2,55632.8,0.02
2016-09-22 11:30:00,3.82,3.82,3.81,3.8,57810.5,-0.01,-0.26,3.798,3.786,3.7695,80681.4,66276.4,54425.2,0.01
2016-09-22 11:00:00,3.8,3.82,3.82,3.8,89172.0,0.02,0.53,3.794,3.78,3.767,74956.3,64235.3,53674.6,0.02
2016-09-22 10:30:00,3.79,3.81,3.8,3.79,55036.4,0.01,0.26,3.788,3.774,3.764,79084.6,58686.7,52668.0,0.01
2016-09-22 10:00:00,3.79,3.81,3.79,3.78,155344.0,0.0,0.0,3.782,3.77,3.7615,77463.5,59104.2,52993.0,0.04
2016-09-21 15:00:00,3.79,3.79,3.77,3.77,46044.2,-0.02,-0.53,3.776,3.767,3.7605,55059.0,49168.5,47118.8,0.01
2016-09-21 14:30:00,3.79,3.79,3.79,3.78,29184.7,0.0,0.0,3.774,3.764,3.761,51871.3,48402.9,47041.7,0.01
2016-09-21 14:00:00,3.77,3.79,3.79,3.76,109814.0,0.02,0.53,3.766,3.76,3.76,53514.4,50307.1,47789.5,0.03
2016-09-21 13:30:00,3.76,3.77,3.77,3.75,46930.0,0.01,0.27,3.76,3.756,3.7595,38288.7,41985.7,45444.7,0.01
2016-09-21 11:30:00,3.76,3.76,3.76,3.75,43322.0,0.0,0.0,3.758,3.754,3.759,40744.9,41985.8,46477.5,0.01
2016-09-21 11:00:00,3.76,3.76,3.76,3.74,30106.0,0.0,0.0,3.758,3.753,3.758,43278.0,41970.3,48856.1,0.01
2016-09-21 10:30:00,3.75,3.76,3.75,3.74,37399.8,0.0,0.0,3.754,3.753,3.757,44934.4,42574.0,50079.9,0.01
2016-09-21 10:00:00,3.76,3.76,3.76,3.74,33685.6,0.0,0.0,3.754,3.754,3.756,47099.8,43113.9,52479.5,0.01
2016-09-20 15:00:00,3.75,3.76,3.76,3.74,59210.9,0.01,0.27,3.752,3.754,3.7555,45682.8,46649.4,54787.8,0.01
2016-09-20 14:30:00,3.75,3.76,3.76,3.74,55987.9,0.01,0.27,3.75,3.753,3.755,43226.8,46881.8,53298.3,0.01
2016-09-20 14:00:00,3.75,3.76,3.74,3.74,38387.9,-0.01,-0.27,3.748,3.754,3.755,40662.6,45069.1,52924.3,0.01
2016-09-20 13:30:00,3.75,3.76,3.75,3.75,48226.5,0.0,0.0,3.752,3.758,3.756,40213.7,45680.4,53111.9,0.01
2016-09-20 11:30:00,3.76,3.76,3.75,3.74,26600.8,-0.01,-0.27,3.754,3.76,3.757,39128.1,45272.0,54033.7,0.01
2016-09-20 11:00:00,3.74,3.76,3.75,3.74,46931.1,0.01,0.27,3.756,3.763,3.7585,47615.9,48903.7,55833.0,0.01
2016-09-20 10:30:00,3.75,3.76,3.75,3.74,43166.9,0.0,0.0,3.756,3.764,3.76,50536.7,50969.2,56329.0,0.01
2016-09-20 10:00:00,3.76,3.77,3.76,3.75,36143.1,0.0,0.0,3.76,3.763,3.762,49475.6,55741.8,58444.1,0.01
2016-09-19 15:00:00,3.76,3.77,3.76,3.75,42798.5,0.0,0.0,3.764,3.761,3.763,51147.2,57585.7,58273.0,0.01
2016-09-19 14:30:00,3.76,3.77,3.76,3.74,69039.9,0.0,0.0,3.766,3.758,3.7635,51415.9,61845.0,59166.4,0.02
2016-09-19 14:00:00,3.77,3.77,3.75,3.75,61535.1,-0.02,-0.53,3.77,3.757,3.7645,50191.5,62926.2,58313.0,0.02
2016-09-19 13:30:00,3.78,3.78,3.77,3.76,37861.4,-0.01,-0.26,3.772,3.757,3.766,51401.6,59714.8,58978.0,0.01
2016-09-19 11:30:00,3.77,3.78,3.78,3.76,44501.0,0.01,0.27,3.766,3.756,3.7665,62007.9,60779.6,62775.1,0.01
2016-09-19 11:00:00,3.78,3.78,3.77,3.76,44142.0,-0.01,-0.26,3.758,3.754,3.765,64024.2,60543.4,74813.4,0.01
2016-09-19 10:30:00,3.75,3.78,3.78,3.75,62918.2,0.03,0.8,3.75,3.754,3.7645,72274.2,62795.4,78192.1,0.02
2016-09-19 10:00:00,3.74,3.77,3.76,3.74,67585.5,0.02,0.53,3.744,3.754,3.764,75660.9,62762.2,80451.3,0.02
2016-09-14 15:00:00,3.74,3.75,3.74,3.72,90893.0,0.0,0.0,3.742,3.756,3.7655,68028.0,61688.9,81847.0,0.02
2016-09-14 14:30:00,3.74,3.75,3.74,3.73,54582.1,0.0,0.0,3.746,3.761,3.7675,59551.2,61146.3,85586.3,0.01
2016-09-14 14:00:00,3.75,3.75,3.73,3.73,85392.1,-0.02,-0.53,3.75,3.765,3.77,57062.6,58960.4,87798.8,0.02
2016-09-14 13:30:00,3.76,3.77,3.75,3.74,79851.8,-0.01,-0.27,3.758,3.769,3.7735,53316.6,56487.8,89860.9,0.02
2016-09-14 11:30:00,3.76,3.77,3.75,3.75,29421.0,-0.01,-0.27,3.764,3.772,3.777,49863.5,53699.7,95089.0,0.01
2016-09-14 11:00:00,3.76,3.77,3.76,3.75,48508.8,0.0,0.0,3.77,3.775,3.782,55349.9,58241.2,100044.0,0.01
2016-09-14 10:30:00,3.77,3.77,3.76,3.75,42139.4,-0.01,-0.27,3.776,3.777,3.7865,62741.5,64770.6,102375.0,0.01
2016-09-14 10:00:00,3.76,3.77,3.77,3.75,66662.0,0.01,0.27,3.78,3.776,3.792,60858.2,89083.3,102960.0,0.02
2016-09-13 15:00:00,3.78,3.79,3.78,3.77,62586.2,0.0,0.0,3.78,3.775,3.797,59659.0,93588.7,101904.0,0.02
2016-09-13 14:30:00,3.79,3.79,3.78,3.77,56853.0,-0.01,-0.26,3.78,3.774,3.8015,57535.9,98140.4,99964.9,0.01
2016-09-13 14:00:00,3.78,3.79,3.79,3.77,85467.0,0.01,0.26,3.78,3.775,3.806,61132.6,102005.0,101344.0,0.02
2016-09-13 13:30:00,3.78,3.78,3.78,3.76,32722.6,0.0,0.0,3.778,3.774,3.81,66799.6,110026.0,101442.0,0.01
2016-09-13 11:30:00,3.78,3.78,3.77,3.76,60666.0,-0.01,-0.26,3.772,3.775,3.815,117308.0,116637.0,103954.0,0.02
2016-09-13 11:00:00,3.78,3.78,3.78,3.77,51971.0,0.0,0.0,3.77,3.778,3.821,127518.0,123234.0,105527.0,0.01
2016-09-13 10:30:00,3.78,3.78,3.78,3.77,74836.4,0.0,0.0,3.768,3.782,3.826,138745.0,136478.0,109247.0,0.02
2016-09-13 10:00:00,3.78,3.79,3.78,3.76,113802.0,0.0,0.0,3.77,3.789,3.8315,142878.0,141847.0,107449.0,0.03
2016-09-12 15:00:00,3.76,3.79,3.75,3.75,285267.0,-0.01,-0.27,3.77,3.796,3.837,153253.0,139980.0,104103.0,0.07
2016-09-12 14:30:00,3.77,3.78,3.76,3.76,111716.0,-0.01,-0.27,3.778,3.808,3.844,115966.0,116836.0,94924.8,0.03
2016-09-12 14:00:00,3.78,3.79,3.77,3.77,108103.0,-0.01,-0.26,3.786,3.819,3.85,118949.0,110220.0,91913.3,0.03
2016-09-12 13:30:00,3.78,3.8,3.79,3.77,95500.4,0.01,0.26,3.796,3.829,3.8565,134212.0,101789.0,89291.2,0.02
2016-09-12 11:30:00,3.8,3.8,3.78,3.78,165679.0,-0.02,-0.53,3.808,3.837,3.862,140816.0,100683.0,87696.7,0.04
2016-09-12 11:00:00,3.8,3.81,3.79,3.79,98830.8,-0.01,-0.26,3.822,3.846,3.868,126707.0,92856.9,82529.4,0.02
2016-09-12 10:30:00,3.82,3.82,3.8,3.8,126634.0,-0.02,-0.52,3.838,3.855,3.873,117707.0,91269.9,79873.1,0.03
2016-09-12 10:00:00,3.82,3.84,3.82,3.8,184414.0,0.0,0.0,3.852,3.864,3.878,101491.0,87819.9,76502.2,0.05
