date,open,high,close,low,volume,price_change,p_change,ma5,ma10,ma20,v_ma5,v_ma10,v_ma20,turnover
2017-03-17 15:00:00,4.14,4.15,4.12,4.11,592998.0,-0.02,-0.48,4.164,4.212,4.2175,557647.0,450165.0,361559.0,0.15
2017-03-17 14:00:00,4.15,4.16,4.14,4.13,374378.0,-0.01,-0.24,4.194,4.223,4.218,493650.0,415023.0,339233.0,0.09
2017-03-17 11:30:00,4.16,4.17,4.14,4.14,303596.0,-0.02,-0.48,4.218,4.233,4.2185,481138.0,426504.0,325881.0,0.08
2017-03-17 10:30:00,4.21,4.21,4.16,4.15,686663.0,-0.05,-1.19,4.246,4.242,4.2195,522131.0,413091.0,318987.0,0.17
2017-03-16 15:00:00,4.27,4.28,4.26,4.23,830600.0,-0.01,-0.23,4.266,4.25,4.218,472953.0,361677.0,296782.0,0.21
2017-03-16 14:00:00,4.26,4.28,4.27,4.25,273013.0,0.01,0.23,4.26,4.248,4.2105,342684.0,301649.0,258128.0,0.07
2017-03-16 11:30:00,4.29,4.29,4.26,4.24,311816.0,-0.03,-0.7,4.252,4.247,4.203,336397.0,325055.0,249860.0,0.08
2017-03-16 10:30:00,4.27,4.3,4.28,4.27,508561.0,0.01,0.23,4.248,4.243,4.1955,371871.0,319199.0,240193.0,0.13
2017-03-15 15:00:00,4.23,4.27,4.26,4.22,440777.0,0.03,0.71,4.238,4.235,4.1875,304051.0,279761.0,223263.0,0.11
2017-03-15 14:00:00,4.23,4.25,4.23,4.22,179253.0,0.0,0.0,4.234,4.229,4.1825,250401.0,265160.0,207882.0,0.05
2017-03-15 11:30:00,4.24,4.26,4.23,4.23,241577.0,-0.01,-0.24,4.236,4.223,4.178,260615.0,272952.0,201303.0,0.06
2017-03-15 10:30:00,4.25,4.27,4.24,4.24,489189.0,-0.01,-0.24,4.242,4.213,4.174,313714.0,263443.0,191697.0,0.12
2017-03-14 15:00:00,4.24,4.25,4.23,4.23,169457.0,-0.01,-0.24,4.238,4.204,4.1695,266527.0,225257.0,174685.0,0.04
2017-03-14 14:00:00,4.23,4.24,4.24,4.22,172530.0,0.01,0.24,4.232,4.197,4.166,255472.0,224883.0,173244.0,0.04
2017-03-14 11:30:00,4.26,4.26,4.24,4.23,230321.0,-0.02,-0.47,4.224,4.186,4.1605,279918.0,231886.0,168850.0,0.06
2017-03-14 10:30:00,4.2,4.26,4.26,4.19,507074.0,0.06,1.43,4.21,4.173,4.1555,285289.0,214607.0,171257.0,0.13
2017-03-13 15:00:00,4.19,4.22,4.22,4.19,253251.0,0.03,0.72,4.184,4.159,4.1495,213173.0,174665.0,151693.0,0.06
2017-03-13 14:00:00,4.2,4.21,4.2,4.19,114184.0,0.0,0.0,4.17,4.148,4.1455,183987.0,161188.0,152686.0,0.03
2017-03-13 11:30:00,4.18,4.21,4.2,4.17,294761.0,0.02,0.48,4.162,4.14,4.1435,194293.0,166765.0,151327.0,0.07
2017-03-13 10:30:00,4.14,4.18,4.17,4.13,257177.0,0.03,0.72,4.148,4.136,4.141,183854.0,150605.0,144464.0,0.06
2017-03-10 15:00:00,4.16,4.16,4.13,4.13,146490.0,-0.03,-0.72,4.136,4.133,4.1405,143925.0,129655.0,135752.0,0.04
2017-03-10 14:00:00,4.16,4.17,4.15,4.15,107322.0,-0.01,-0.24,4.134,4.135,4.142,136158.0,119950.0,134658.0,0.03
2017-03-10 11:30:00,4.13,4.17,4.16,4.13,165717.0,0.03,0.73,4.126,4.135,4.143,138388.0,124114.0,133491.0,0.04
2017-03-10 10:30:00,4.12,4.15,4.13,4.11,242562.0,0.01,0.24,4.118,4.135,4.1435,139237.0,121605.0,130618.0,0.06
2017-03-09 15:00:00,4.12,4.12,4.11,4.11,57536.0,-0.01,-0.24,4.124,4.135,4.1455,117357.0,105814.0,125095.0,0.01
2017-03-09 14:00:00,4.12,4.12,4.12,4.1,107654.0,0.0,0.0,4.13,4.138,4.1495,115384.0,127906.0,126471.0,0.03
2017-03-09 11:30:00,4.12,4.13,4.11,4.1,118473.0,-0.01,-0.24,4.136,4.14,4.1535,103742.0,128721.0,125017.0,0.03
2017-03-09 10:30:00,4.14,4.14,4.12,4.11,169958.0,-0.02,-0.48,4.144,4.143,4.158,109840.0,144184.0,122782.0,0.04
2017-03-08 15:00:00,4.15,4.16,4.16,4.12,133164.0,0.01,0.24,4.152,4.147,4.162,103973.0,135890.0,128203.0,0.03
2017-03-08 14:00:00,4.15,4.16,4.14,4.14,47672.1,-0.01,-0.24,4.146,4.146,4.165,94270.1,138323.0,130991.0,0.01
2017-03-08 11:30:00,4.15,4.16,4.15,4.14,49441.3,0.0,0.0,4.146,4.148,4.1685,140427.0,141848.0,144004.0,0.01
2017-03-08 10:30:00,4.15,4.18,4.15,4.15,148964.0,0.0,0.0,4.144,4.149,4.1725,153700.0,149366.0,167329.0,0.04
2017-03-07 15:00:00,4.13,4.17,4.16,4.13,140623.0,0.03,0.73,4.142,4.151,4.175,178528.0,142869.0,185312.0,0.04
2017-03-07 14:00:00,4.14,4.15,4.13,4.13,84650.1,-0.01,-0.24,4.142,4.152,4.1745,167807.0,139630.0,186262.0,0.02
2017-03-07 11:30:00,4.14,4.15,4.14,4.11,278458.0,0.0,0.0,4.146,4.156,4.176,182376.0,144376.0,188295.0,0.07
2017-03-07 10:30:00,4.14,4.15,4.14,4.13,115807.0,0.0,0.0,4.15,4.161,4.177,143269.0,125037.0,179292.0,0.03
2017-03-06 15:00:00,4.16,4.18,4.14,4.13,273103.0,-0.02,-0.48,4.154,4.167,4.1785,145031.0,121313.0,184439.0,0.07
2017-03-06 14:00:00,4.16,4.18,4.16,4.15,87017.4,0.0,0.0,4.16,4.173,4.179,107209.0,101380.0,181302.0,0.02
2017-03-06 11:30:00,4.16,4.18,4.15,4.15,157493.0,-0.01,-0.24,4.162,4.177,4.1785,111453.0,120516.0,184694.0,0.04
2017-03-06 10:30:00,4.15,4.17,4.16,4.15,82925.4,0.01,0.24,4.166,4.184,4.178,106377.0,123660.0,182007.0,0.02
2017-03-03 15:00:00,4.16,4.18,4.16,4.15,124616.0,0.0,0.0,4.172,4.189,4.177,106805.0,146160.0,183755.0,0.03
2017-03-03 14:00:00,4.17,4.17,4.17,4.15,83993.9,0.0,0.0,4.18,4.196,4.177,97594.6,185293.0,182269.0,0.02
2017-03-03 11:30:00,4.17,4.18,4.17,4.16,108239.0,0.0,0.0,4.186,4.199,4.1765,95551.5,227755.0,184445.0,0.03
2017-03-03 10:30:00,4.19,4.19,4.17,4.16,132112.0,-0.02,-0.48,4.192,4.197,4.176,129578.0,232893.0,185250.0,0.03
2017-03-02 15:00:00,4.2,4.2,4.19,4.18,85063.2,-0.01,-0.24,4.202,4.196,4.1765,140943.0,232215.0,183549.0,0.02
2017-03-02 14:00:00,4.2,4.21,4.2,4.19,78565.0,0.0,0.0,4.206,4.193,4.177,185515.0,233546.0,184310.0,0.02
2017-03-02 11:30:00,4.21,4.21,4.2,4.19,73778.0,-0.01,-0.24,4.212,4.19,4.1765,272991.0,247565.0,184389.0,0.02
2017-03-02 10:30:00,4.21,4.25,4.2,4.2,278372.0,-0.01,-0.24,4.212,4.185,4.1755,359959.0,261224.0,184355.0,0.07
2017-03-01 15:00:00,4.21,4.22,4.22,4.2,188936.0,0.01,0.24,4.202,4.18,4.175,336208.0,248873.0,183065.0,0.05
2017-03-01 14:00:00,4.22,4.24,4.21,4.18,307924.0,-0.01,-0.24,4.19,4.172,4.174,323486.0,240355.0,180186.0,0.08
2017-03-01 11:30:00,4.21,4.25,4.23,4.2,515947.0,0.02,0.48,4.18,4.165,4.173,281577.0,221349.0,170468.0,0.13
2017-03-01 10:30:00,4.15,4.22,4.2,4.14,508617.0,0.05,1.2,4.168,4.158,4.1695,222139.0,179246.0,149462.0,0.13
2017-02-28 15:00:00,4.16,4.17,4.15,4.14,159615.0,-0.01,-0.24,4.158,4.154,4.168,162490.0,141134.0,138419.0,0.04
2017-02-28 14:00:00,4.17,4.18,4.16,4.15,125328.0,-0.01,-0.24,4.158,4.155,4.17,161538.0,137606.0,137171.0,0.03
2017-02-28 11:30:00,4.16,4.18,4.16,4.15,98379.0,0.0,0.0,4.154,4.157,4.172,157223.0,134883.0,135460.0,0.02
2017-02-28 10:30:00,4.14,4.18,4.17,4.13,218756.0,0.03,0.72,4.15,4.161,4.175,161121.0,135075.0,137528.0,0.05
2017-02-27 15:00:00,4.15,4.16,4.15,4.13,210371.0,0.0,0.0,4.148,4.163,4.1775,136352.0,121212.0,149521.0,0.05
2017-02-27 14:00:00,4.14,4.16,4.15,4.14,154857.0,0.01,0.24,4.15,4.166,4.179,119779.0,107485.0,158729.0,0.04
2017-02-27 11:30:00,4.14,4.15,4.14,4.13,103753.0,0.0,0.0,4.152,4.17,4.181,113674.0,117258.0,169034.0,0.03
2017-02-27 10:30:00,4.15,4.16,4.14,4.13,117869.0,-0.01,-0.24,4.16,4.176,4.184,112543.0,120018.0,174771.0,0.03
2017-02-24 15:00:00,4.16,4.16,4.16,4.15,94911.2,0.0,0.0,4.172,4.181,4.1865,109028.0,119587.0,197105.0,0.02
2017-02-24 14:00:00,4.16,4.17,4.16,4.14,127505.0,0.0,0.0,4.178,4.181,4.1835,106072.0,119679.0,199256.0,0.03
2017-02-24 11:30:00,4.18,4.18,4.16,4.15,124333.0,-0.02,-0.48,4.182,4.182,4.181,95191.1,135703.0,198497.0,0.03
2017-02-24 10:30:00,4.19,4.19,4.18,4.17,98099.4,-0.01,-0.24,4.188,4.185,4.18,120841.0,136735.0,196729.0,0.02
2017-02-23 15:00:00,4.19,4.2,4.2,4.18,100292.0,0.01,0.24,4.192,4.187,4.179,127491.0,136037.0,197975.0,0.03
2017-02-23 14:00:00,4.18,4.2,4.19,4.18,80131.5,0.01,0.24,4.19,4.189,4.1765,130146.0,139982.0,197772.0,0.02
2017-02-23 11:30:00,4.19,4.2,4.18,4.18,73099.2,-0.01,-0.24,4.184,4.192,4.1745,133286.0,177830.0,199226.0,0.02
2017-02-23 10:30:00,4.19,4.21,4.19,4.17,252585.0,0.0,0.0,4.182,4.192,4.173,176214.0,209972.0,200917.0,0.06
2017-02-22 15:00:00,4.19,4.21,4.2,4.17,131350.0,0.01,0.24,4.182,4.192,4.1715,152628.0,220810.0,197594.0,0.03
2017-02-22 14:00:00,4.17,4.19,4.19,4.16,113564.0,0.02,0.48,4.182,4.192,4.1685,144584.0,229524.0,202113.0,0.03
2017-02-22 11:30:00,4.17,4.18,4.16,4.16,95830.8,-0.01,-0.24,4.188,4.192,4.1675,149817.0,274623.0,210868.0,0.02
2017-02-22 10:30:00,4.18,4.19,4.17,4.16,287742.0,-0.01,-0.24,4.2,4.186,4.1675,222374.0,278832.0,215618.0,0.07
2017-02-21 15:00:00,4.19,4.21,4.19,4.18,134655.0,0.0,0.0,4.202,4.18,4.167,243731.0,261292.0,216726.0,0.03
2017-02-21 14:00:00,4.22,4.22,4.2,4.18,91125.5,-0.02,-0.47,4.202,4.175,4.1635,288991.0,256722.0,214325.0,0.02
2017-02-21 11:30:00,4.22,4.22,4.22,4.2,139732.0,0.0,0.0,4.202,4.171,4.159,314465.0,259912.0,213403.0,0.04
2017-02-21 10:30:00,4.19,4.25,4.22,4.19,458615.0,0.03,0.72,4.196,4.164,4.154,399430.0,255563.0,209925.0,0.12
2017-02-20 15:00:00,4.18,4.2,4.18,4.14,394526.0,0.0,0.0,4.172,4.157,4.1485,335290.0,220622.0,194417.0,0.1
2017-02-20 14:00:00,4.21,4.22,4.19,4.17,360957.0,-0.02,-0.48,4.158,4.154,4.146,278853.0,191862.0,181921.0,0.09
2017-02-20 11:30:00,4.2,4.21,4.2,4.17,218496.0,0.0,0.0,4.148,4.151,4.1435,224453.0,174378.0,173778.0,0.05
2017-02-20 10:30:00,4.09,4.21,4.19,4.09,564555.0,0.1,2.44,4.14,4.145,4.141,205358.0,174702.0,171827.0,0.14
2017-02-17 15:00:00,4.12,4.12,4.1,4.09,137918.0,-0.02,-0.49,4.132,4.143,4.138,111695.0,147112.0,162094.0,0.03
2017-02-17 14:00:00,4.14,4.14,4.11,4.11,112337.0,-0.03,-0.72,4.142,4.149,4.1375,105954.0,152403.0,164101.0,0.03
2017-02-17 11:30:00,4.16,4.16,4.14,4.13,88960.1,-0.02,-0.48,4.15,4.154,4.137,104871.0,172159.0,164052.0,0.02
2017-02-17 10:30:00,4.16,4.17,4.16,4.15,123021.0,0.0,0.0,4.154,4.152,4.134,124302.0,171927.0,166162.0,0.03
2017-02-16 15:00:00,4.16,4.16,4.15,4.14,96240.4,-0.01,-0.24,4.15,4.147,4.13,144047.0,166894.0,172460.0,0.02
2017-02-16 14:00:00,4.15,4.16,4.15,4.14,109210.0,0.0,0.0,4.154,4.144,4.1255,182528.0,164287.0,170737.0,0.03
2017-02-16 11:30:00,4.16,4.16,4.15,4.14,106924.0,-0.01,-0.24,4.156,4.14,4.1205,198853.0,168212.0,167586.0,0.03
2017-02-16 10:30:00,4.15,4.18,4.16,4.14,186116.0,0.01,0.24,4.158,4.138,4.115,239448.0,171980.0,168091.0,0.05
2017-02-15 15:00:00,4.17,4.17,4.14,4.14,221743.0,-0.03,-0.72,4.15,4.136,4.1095,219552.0,173178.0,171686.0,0.06
2017-02-15 14:00:00,4.16,4.17,4.17,4.15,288649.0,0.01,0.24,4.144,4.137,4.105,189741.0,168951.0,167793.0,0.07
2017-02-15 11:30:00,4.15,4.17,4.16,4.15,190832.0,0.01,0.24,4.134,4.133,4.0985,146045.0,177076.0,157146.0,0.05
2017-02-15 10:30:00,4.12,4.18,4.16,4.11,309899.0,0.04,0.97,4.124,4.126,4.091,137571.0,175798.0,150408.0,0.08
2017-02-14 15:00:00,4.12,4.13,4.12,4.11,86638.6,0.0,0.0,4.118,4.12,4.0835,104513.0,155945.0,140795.0,0.02
2017-02-14 14:00:00,4.11,4.12,4.11,4.1,72687.7,0.0,0.0,4.122,4.116,4.079,126803.0,160397.0,141622.0,0.02
2017-02-14 11:30:00,4.11,4.13,4.12,4.1,70169.5,0.01,0.24,4.13,4.113,4.0755,148160.0,178025.0,141090.0,0.02
2017-02-14 10:30:00,4.13,4.15,4.11,4.1,148459.0,-0.02,-0.48,4.132,4.107,4.071,208106.0,177187.0,140384.0,0.04
2017-02-13 15:00:00,4.14,4.14,4.13,4.11,144611.0,-0.01,-0.24,4.128,4.101,4.0675,214026.0,166960.0,137370.0,0.04
2017-02-13 14:00:00,4.15,4.15,4.14,4.14,198090.0,-0.01,-0.24,4.122,4.092,4.063,207378.0,164201.0,133961.0,0.05
2017-02-13 11:30:00,4.14,4.15,4.15,4.12,179471.0,0.01,0.24,4.11,4.083,4.058,193991.0,170193.0,128052.0,0.05
2017-02-13 10:30:00,4.1,4.14,4.13,4.09,369899.0,0.03,0.73,4.096,4.073,4.053,207890.0,166635.0,122011.0,0.09
2017-02-10 15:00:00,4.1,4.1,4.09,4.08,178059.0,-0.01,-0.24,4.082,4.064,4.0495,146268.0,137216.0,111812.0,0.04
2017-02-10 14:00:00,4.09,4.1,4.1,4.07,111370.0,0.01,0.24,4.074,4.056,4.0465,119894.0,125017.0,106213.0,0.03
2017-02-10 11:30:00,4.08,4.09,4.08,4.07,131155.0,0.0,0.0,4.062,4.047,4.044,121025.0,125644.0,102428.0,0.03
2017-02-10 10:30:00,4.06,4.1,4.08,4.05,248967.0,0.02,0.49,4.056,4.042,4.043,146396.0,122847.0,100266.0,0.06
2017-02-09 15:00:00,4.05,4.06,4.06,4.04,61791.5,0.01,0.25,4.05,4.038,4.0415,125379.0,104155.0,93039.0,0.02
2017-02-09 14:00:00,4.05,4.06,4.05,4.04,46189.0,0.0,0.0,4.046,4.035,4.0425,128164.0,103581.0,94931.7,0.01
2017-02-09 11:30:00,4.05,4.06,4.04,4.04,117022.0,-0.01,-0.25,4.038,4.034,4.0445,130139.0,107780.0,97426.0,0.03
2017-02-09 10:30:00,4.05,4.06,4.05,4.03,258008.0,0.0,0.0,4.032,4.034,4.047,130264.0,103721.0,96526.6,0.06
2017-02-08 15:00:00,4.04,4.05,4.05,4.03,143885.0,0.01,0.25,4.028,4.033,4.049,99298.8,85910.6,96636.3,0.04
2017-02-08 14:00:00,4.02,4.04,4.04,4.01,75714.2,0.02,0.5,4.026,4.033,4.049,82930.4,77387.0,95001.5,0.02
2017-02-08 11:30:00,4.01,4.03,4.01,4.01,56066.0,0.0,0.0,4.024,4.035,4.0495,78999.3,86407.8,94219.2,0.01
2017-02-08 10:30:00,4.03,4.04,4.01,4.01,117645.0,-0.02,-0.5,4.03,4.037,4.0515,85421.4,87409.6,94468.8,0.03
2017-02-07 15:00:00,4.04,4.05,4.03,4.02,103184.0,-0.01,-0.25,4.036,4.041,4.053,77179.2,79211.7,94240.8,0.03
2017-02-07 14:00:00,4.03,4.05,4.04,4.03,62042.8,0.01,0.25,4.038,4.044,4.054,72522.4,77685.0,109856.0,0.02
2017-02-07 11:30:00,4.03,4.05,4.03,4.03,56058.9,0.0,0.0,4.04,4.045,4.054,71843.6,81923.2,115559.0,0.01
2017-02-07 10:30:00,4.04,4.05,4.04,4.03,88176.0,0.0,0.0,4.046,4.05,4.0535,93816.3,86281.9,117758.0,0.02
2017-02-06 15:00:00,4.04,4.05,4.04,4.03,76434.2,0.0,0.0,4.044,4.055,4.0525,89397.8,87071.8,118074.0,0.02
2017-02-06 14:00:00,4.06,4.06,4.04,4.03,79900.3,-0.02,-0.49,4.046,4.06,4.0505,81244.2,89331.8,120622.0,0.02
2017-02-06 11:30:00,4.05,4.06,4.05,4.04,58648.8,0.0,0.0,4.05,4.065,4.049,82847.5,107362.0,120372.0,0.01
2017-02-06 10:30:00,4.05,4.06,4.06,4.03,165922.0,0.01,0.25,4.05,4.065,4.047,92002.6,112616.0,120070.0,0.04
2017-02-03 15:00:00,4.05,4.06,4.03,4.03,66084.0,-0.02,-0.49,4.054,4.064,4.045,78747.5,102031.0,118501.0,0.02
2017-02-03 14:00:00,4.06,4.06,4.05,4.04,35666.0,-0.01,-0.25,4.066,4.066,4.0435,84745.8,101528.0,122026.0,0.01
2017-02-03 11:30:00,4.06,4.06,4.06,4.04,87916.7,0.0,0.0,4.074,4.065,4.041,97419.5,109270.0,125648.0,0.02
2017-02-03 10:30:00,4.08,4.09,4.05,4.05,104425.0,-0.03,-0.74,4.08,4.064,4.0385,131876.0,142027.0,133055.0,0.03
2017-01-26 15:00:00,4.08,4.1,4.08,4.07,99646.0,0.0,0.0,4.08,4.063,4.035,133229.0,149195.0,133215.0,0.03
2017-01-26 14:00:00,4.09,4.1,4.09,4.08,96075.5,0.0,0.0,4.074,4.057,4.0295,125314.0,149233.0,137630.0,0.02
2017-01-26 11:30:00,4.1,4.1,4.09,4.08,99034.2,-0.01,-0.24,4.066,4.05,4.0245,118310.0,149077.0,138590.0,0.02
2017-01-26 10:30:00,4.06,4.11,4.09,4.06,260201.0,0.03,0.74,4.056,4.041,4.0205,121120.0,151912.0,137026.0,0.07
2017-01-25 15:00:00,4.05,4.07,4.05,4.04,111190.0,0.0,0.0,4.048,4.033,4.017,152179.0,133382.0,130919.0,0.03
2017-01-25 14:00:00,4.05,4.06,4.05,4.04,60067.3,0.0,0.0,4.046,4.029,4.0145,165161.0,127523.0,132148.0,0.02
2017-01-25 11:30:00,4.03,4.06,4.05,4.03,61057.5,0.02,0.5,4.04,4.026,4.012,173153.0,134972.0,136010.0,0.02
2017-01-25 10:30:00,4.05,4.06,4.04,4.02,113086.0,-0.01,-0.25,4.034,4.021,4.009,179843.0,142525.0,138089.0,0.03
2017-01-24 15:00:00,4.04,4.06,4.05,4.03,415492.0,0.01,0.25,4.026,4.017,4.007,182704.0,142027.0,149277.0,0.1
2017-01-24 14:00:00,4.02,4.04,4.04,4.01,176104.0,0.02,0.5,4.018,4.013,4.0025,114585.0,124083.0,135075.0,0.04
2017-01-24 11:30:00,4.02,4.02,4.02,4.01,100025.0,0.0,0.0,4.012,4.007,3.998,89885.5,117234.0,133572.0,0.03
2017-01-24 10:30:00,3.99,4.02,4.02,3.98,94510.4,0.03,0.75,4.012,4.002,3.995,96790.8,126026.0,135230.0,0.02
2017-01-23 15:00:00,4.01,4.01,4.0,3.98,127390.0,-0.01,-0.25,4.008,3.999,3.9915,105207.0,128103.0,138237.0,0.03
2017-01-23 14:00:00,4.01,4.02,4.01,4.0,74894.1,0.0,0.0,4.008,4.0,3.99,101350.0,122141.0,188525.0,0.02
2017-01-23 11:30:00,4.02,4.02,4.01,4.01,52608.5,-0.01,-0.25,4.008,4.001,3.987,133582.0,128456.0,201383.0,0.01
2017-01-23 10:30:00,4.0,4.02,4.02,4.0,134551.0,0.02,0.5,4.002,4.0,3.981,144583.0,136772.0,204501.0,0.03
2017-01-20 15:00:00,4.0,4.01,4.0,3.99,136589.0,0.0,0.0,3.992,3.998,3.976,155261.0,137048.0,213240.0,0.03
2017-01-20 14:00:00,4.0,4.01,4.0,3.99,108106.0,0.0,0.0,3.99,3.997,3.972,150999.0,133652.0,217918.0,0.03
2017-01-20 11:30:00,3.98,4.01,4.01,3.97,236054.0,0.03,0.75,3.992,3.997,3.968,142931.0,156527.0,218133.0,0.06
2017-01-20 10:30:00,3.98,4.0,3.98,3.97,107617.0,0.0,0.0,3.994,3.992,3.9635,123331.0,146067.0,217992.0,0.03
2017-01-19 15:00:00,3.99,4.0,3.97,3.96,187940.0,-0.02,-0.5,3.998,3.989,3.96,128960.0,149909.0,217226.0,0.05
2017-01-19 14:00:00,4.01,4.02,3.99,3.98,115276.0,-0.02,-0.5,4.004,3.988,3.956,118835.0,144435.0,212384.0,0.03
2017-01-19 11:30:00,4.02,4.02,4.01,4.01,67770.0,-0.01,-0.25,4.004,3.984,3.9515,116306.0,148372.0,212835.0,0.02
2017-01-19 10:30:00,3.99,4.02,4.02,3.98,138053.0,0.03,0.75,4.002,3.98,3.9465,170122.0,254909.0,211948.0,0.03
2017-01-18 15:00:00,4.0,4.01,4.0,3.98,135760.0,0.0,0.0,3.99,3.973,3.941,168804.0,274309.0,211361.0,0.03
2017-01-18 14:00:00,3.99,4.01,4.0,3.99,137316.0,0.01,0.25,3.98,3.962,3.936,170858.0,272231.0,210957.0,0.03
2017-01-18 11:30:00,3.99,4.0,3.99,3.98,102631.0,0.0,0.0,3.972,3.954,3.9315,170035.0,289433.0,209209.0,0.03
2017-01-18 10:30:00,3.95,4.02,4.0,3.95,336848.0,0.05,1.27,3.964,3.947,3.928,180437.0,302184.0,210136.0,0.08
2017-01-17 15:00:00,3.95,3.97,3.96,3.95,131464.0,0.01,0.25,3.958,3.939,3.924,339696.0,279738.0,201876.0,0.03
2017-01-17 14:00:00,3.96,3.97,3.95,3.95,146032.0,-0.01,-0.25,3.956,3.935,3.9215,379813.0,289917.0,199111.0,0.04
2017-01-17 11:30:00,3.95,3.97,3.96,3.94,133198.0,0.01,0.25,3.944,3.931,3.9205,373604.0,284543.0,198240.0,0.03
2017-01-17 10:30:00,3.95,3.97,3.95,3.94,154644.0,0.0,0.0,3.936,3.924,3.918,408831.0,280334.0,197640.0,0.04
2017-01-16 15:00:00,3.94,4.0,3.97,3.93,1133140.0,0.03,0.76,3.93,3.919,3.916,423932.0,277298.0,195040.0,0.28
2017-01-16 14:00:00,3.89,3.95,3.95,3.89,332053.0,0.06,1.54,3.92,3.913,3.913,219781.0,168987.0,145180.0,0.08
2017-01-16 11:30:00,3.92,3.92,3.89,3.89,114985.0,-0.03,-0.77,3.914,3.909,3.911,200020.0,148414.0,131680.0,0.03
2017-01-16 10:30:00,3.92,3.93,3.92,3.9,309331.0,0.0,0.0,3.918,3.91,3.9125,195482.0,149684.0,132435.0,0.08
2017-01-13 15:00:00,3.93,3.94,3.92,3.91,230150.0,-0.01,-0.25,3.912,3.909,3.9115,151837.0,128985.0,124099.0,0.06
2017-01-13 14:00:00,3.93,3.93,3.92,3.91,112388.0,-0.01,-0.25,3.908,3.909,3.9115,130665.0,118088.0,119161.0,0.03
2017-01-13 11:30:00,3.9,3.94,3.92,3.9,233245.0,0.02,0.51,3.906,3.909,3.911,118192.0,124014.0,121595.0,0.06
2017-01-13 10:30:00,3.9,3.91,3.91,3.88,92297.4,0.01,0.26,3.904,3.908,3.9115,96807.9,108305.0,116585.0,0.02
2017-01-12 15:00:00,3.9,3.91,3.89,3.88,91104.0,-0.01,-0.26,3.902,3.91,3.9125,103885.0,111937.0,116494.0,0.02
2017-01-12 14:00:00,3.91,3.92,3.9,3.89,124292.0,-0.01,-0.26,3.906,3.912,3.9155,106134.0,114946.0,119460.0,0.03
2017-01-12 11:30:00,3.91,3.92,3.91,3.9,50024.0,0.0,0.0,3.91,3.913,3.918,105510.0,112782.0,118451.0,0.01
2017-01-12 10:30:00,3.9,3.92,3.91,3.9,126322.0,0.01,0.26,3.912,3.913,3.9195,129835.0,121374.0,123640.0,0.03
2017-01-11 15:00:00,3.91,3.92,3.9,3.9,127682.0,-0.01,-0.26,3.912,3.913,3.922,119802.0,114946.0,123221.0,0.03
2017-01-11 14:00:00,3.91,3.92,3.91,3.9,102348.0,0.0,0.0,3.918,3.915,3.9245,119989.0,115186.0,127586.0,0.03
2017-01-11 11:30:00,3.93,3.93,3.92,3.91,121176.0,-0.01,-0.25,3.918,3.914,3.926,123758.0,119213.0,128573.0,0.03
2017-01-11 10:30:00,3.91,3.93,3.92,3.9,171649.0,0.01,0.26,3.916,3.914,3.9275,120054.0,120235.0,130369.0,0.04
2017-01-10 15:00:00,3.93,3.93,3.91,3.91,76154.5,-0.02,-0.51,3.914,3.913,3.929,112912.0,119177.0,133033.0,0.02
2017-01-10 14:00:00,3.91,3.93,3.93,3.9,128616.0,0.02,0.51,3.914,3.915,3.931,110091.0,124864.0,143530.0,0.03
2017-01-10 11:30:00,3.91,3.91,3.91,3.9,121196.0,0.0,0.0,3.912,3.915,3.931,110384.0,121050.0,143987.0,0.03
2017-01-10 10:30:00,3.92,3.92,3.91,3.9,102654.0,-0.01,-0.26,3.91,3.919,3.9315,114667.0,123973.0,165115.0,0.03
2017-01-09 15:00:00,3.91,3.92,3.91,3.91,135941.0,0.0,0.0,3.912,3.923,3.934,120415.0,124120.0,179948.0,0.03
2017-01-09 14:00:00,3.93,3.93,3.91,3.91,62047.3,-0.02,-0.51,3.912,3.926,3.934,125441.0,125906.0,180622.0,0.02
2017-01-09 11:30:00,3.91,3.93,3.92,3.9,130081.0,0.01,0.26,3.916,3.931,3.9325,139638.0,131495.0,183643.0,0.03
2017-01-09 10:30:00,3.91,3.92,3.9,3.9,142612.0,-0.01,-0.26,3.918,3.934,3.93,131717.0,139985.0,182265.0,0.04
2017-01-06 15:00:00,3.91,3.93,3.92,3.91,131395.0,0.01,0.26,3.928,3.938,3.929,133280.0,137933.0,185427.0,0.03
2017-01-06 14:00:00,3.93,3.93,3.91,3.9,161069.0,-0.02,-0.51,3.934,3.941,3.9275,127824.0,140503.0,184745.0,0.04
2017-01-06 11:30:00,3.93,3.94,3.93,3.91,133034.0,0.0,0.0,3.94,3.945,3.9265,126372.0,146889.0,182675.0,0.03
2017-01-06 10:30:00,3.95,3.95,3.93,3.93,90474.0,-0.02,-0.51,3.946,3.947,3.9245,123353.0,162196.0,181297.0,0.02
2017-01-05 15:00:00,3.95,3.96,3.95,3.94,150427.0,0.0,0.0,3.95,3.947,3.922,148254.0,166924.0,181379.0,0.04
2017-01-05 14:00:00,3.95,3.96,3.95,3.94,104118.0,0.0,0.0,3.948,3.944,3.9185,142586.0,206257.0,179535.0,0.03
2017-01-05 11:30:00,3.96,3.97,3.94,3.94,153807.0,-0.02,-0.51,3.948,3.945,3.9145,153181.0,235775.0,177373.0,0.04
2017-01-05 10:30:00,3.96,3.96,3.96,3.94,117938.0,0.0,0.0,3.95,3.942,3.9115,167407.0,235338.0,173382.0,0.03
2017-01-04 15:00:00,3.95,3.96,3.95,3.94,214979.0,0.0,0.0,3.948,3.934,3.9065,201039.0,235790.0,171963.0,0.05
2017-01-04 14:00:00,3.95,3.95,3.94,3.94,122087.0,-0.01,-0.25,3.944,3.926,3.9025,185594.0,224545.0,165557.0,0.03
2017-01-04 11:30:00,3.95,3.95,3.95,3.93,157093.0,0.0,0.0,3.94,3.92,3.9005,269929.0,232922.0,163902.0,0.04
2017-01-04 10:30:00,3.94,3.97,3.95,3.93,224936.0,0.01,0.25,3.942,3.914,3.8975,318370.0,228987.0,160274.0,0.06
2017-01-03 15:00:00,3.94,3.96,3.95,3.93,286098.0,0.01,0.25,3.934,3.908,3.8955,303269.0,218462.0,155661.0,0.07
2017-01-03 14:00:00,3.92,3.95,3.93,3.91,137756.0,0.01,0.26,3.92,3.902,3.893,270542.0,200399.0,149247.0,0.03
2017-01-03 11:30:00,3.96,3.96,3.92,3.91,543762.0,-0.04,-1.01,3.908,3.897,3.8905,263496.0,195834.0,150125.0,0.14
2017-01-03 10:30:00,3.9,3.96,3.96,3.89,399297.0,0.06,1.54,3.9,3.893,3.889,195914.0,152812.0,128436.0,0.1
2016-12-30 15:00:00,3.88,3.91,3.91,3.88,149431.0,0.03,0.77,3.886,3.884,3.8845,139604.0,118971.0,115836.0,0.04
2016-12-30 14:00:00,3.87,3.89,3.88,3.87,122465.0,0.01,0.26,3.882,3.881,3.883,133655.0,111427.0,115042.0,0.03
2016-12-30 11:30:00,3.88,3.89,3.87,3.87,102525.0,-0.01,-0.26,3.884,3.879,3.882,130256.0,108135.0,114760.0,0.03
2016-12-30 10:30:00,3.88,3.91,3.88,3.87,205854.0,0.0,0.0,3.886,3.879,3.8815,128173.0,106569.0,115083.0,0.05
2016-12-29 15:00:00,3.89,3.9,3.89,3.88,117745.0,0.0,0.0,3.886,3.881,3.8815,109710.0,94881.8,116247.0,0.03
2016-12-29 14:00:00,3.89,3.91,3.89,3.88,119684.0,0.0,0.0,3.882,3.881,3.8825,98338.0,91560.5,117040.0,0.03
2016-12-29 11:30:00,3.88,3.89,3.89,3.87,105472.0,0.01,0.26,3.88,3.883,3.883,89199.1,92859.9,114111.0,0.03
2016-12-29 10:30:00,3.87,3.88,3.88,3.86,92109.8,0.01,0.26,3.874,3.884,3.884,86013.5,98094.5,117123.0,0.02
2016-12-28 15:00:00,3.86,3.88,3.88,3.86,113538.0,0.02,0.52,3.872,3.884,3.8845,84965.0,104415.0,120193.0,0.03
2016-12-28 14:00:00,3.88,3.88,3.87,3.86,60886.7,-0.01,-0.26,3.876,3.885,3.8875,80053.7,104059.0,125847.0,0.02
2016-12-28 11:30:00,3.87,3.88,3.88,3.86,73988.7,0.01,0.26,3.88,3.885,3.89,84783.0,112701.0,147308.0,0.02
2016-12-28 10:30:00,3.88,3.89,3.86,3.86,89544.5,-0.02,-0.52,3.886,3.885,3.891,96520.7,118657.0,156335.0,0.02
2016-12-27 15:00:00,3.88,3.9,3.87,3.87,86866.8,-0.01,-0.26,3.894,3.885,3.8935,110175.0,121384.0,162044.0,0.02
2016-12-27 14:00:00,3.89,3.9,3.9,3.88,88982.0,0.01,0.26,3.896,3.884,3.8945,123864.0,123598.0,169756.0,0.02
2016-12-27 11:30:00,3.9,3.91,3.89,3.88,84533.2,-0.01,-0.26,3.894,3.882,3.8925,128064.0,137612.0,177410.0,0.02
2016-12-27 10:30:00,3.89,3.91,3.91,3.89,132677.0,0.02,0.51,3.89,3.884,3.892,140619.0,142519.0,188597.0,0.03
2016-12-26 15:00:00,3.88,3.91,3.9,3.87,157818.0,0.02,0.52,3.884,3.883,3.8915,140794.0,135363.0,197642.0,0.04
2016-12-26 14:00:00,3.89,3.89,3.88,3.87,155312.0,-0.01,-0.26,3.876,3.884,3.8935,132594.0,136152.0,194574.0,0.04
2016-12-26 11:30:00,3.87,3.89,3.89,3.87,109981.0,0.02,0.52,3.872,3.885,3.896,123332.0,135971.0,191248.0,0.03
2016-12-26 10:30:00,3.86,3.89,3.87,3.85,147308.0,0.01,0.26,3.87,3.89,3.8985,147159.0,147634.0,191839.0,0.04
2016-12-23 15:00:00,3.87,3.89,3.88,3.86,133550.0,0.01,0.26,3.878,3.895,3.903,144420.0,181914.0,198744.0,0.03
2016-12-23 14:00:00,3.86,3.88,3.86,3.86,116817.0,0.0,0.0,3.882,3.897,3.9065,129932.0,194013.0,207354.0,0.03
2016-12-23 11:30:00,3.88,3.89,3.86,3.86,109002.0,-0.02,-0.52,3.892,3.902,3.9115,139711.0,202704.0,211064.0,0.03
2016-12-23 10:30:00,3.9,3.9,3.88,3.86,229119.0,-0.02,-0.51,3.898,3.905,3.9155,148610.0,215914.0,218676.0,0.06
2016-12-22 15:00:00,3.9,3.91,3.91,3.89,133610.0,0.01,0.26,3.91,3.903,3.92,148109.0,217208.0,222118.0,0.03
2016-12-22 14:00:00,3.9,3.91,3.9,3.9,61110.1,0.0,0.0,3.912,3.9,3.9235,219409.0,234675.0,233089.0,0.02
2016-12-22 11:30:00,3.89,3.91,3.91,3.89,165715.0,0.02,0.51,3.912,3.9,3.9285,258095.0,259921.0,243366.0,0.04
2016-12-22 10:30:00,3.91,3.93,3.89,3.89,153496.0,-0.02,-0.51,3.912,3.903,3.934,265697.0,252996.0,259849.0,0.04
2016-12-21 15:00:00,3.92,3.94,3.94,3.9,226614.0,0.02,0.51,3.912,3.907,3.9415,283217.0,246525.0,290193.0,0.06
2016-12-21 14:00:00,3.89,3.96,3.92,3.89,490112.0,0.03,0.77,3.896,3.907,3.952,286307.0,236045.0,294988.0,0.12
2016-12-21 11:30:00,3.91,3.91,3.9,3.88,254536.0,-0.01,-0.26,3.888,3.911,3.965,249941.0,215574.0,278622.0,0.06
2016-12-21 10:30:00,3.9,3.91,3.91,3.88,203727.0,0.01,0.26,3.888,3.916,3.9785,261747.0,220694.0,275313.0,0.05
2016-12-20 15:00:00,3.86,3.9,3.89,3.85,241097.0,0.03,0.78,3.894,3.921,3.9905,240296.0,219425.0,295730.0,0.06
2016-12-20 14:00:00,3.88,3.9,3.86,3.86,242062.0,-0.02,-0.52,3.902,3.926,4.0025,209834.0,221439.0,296053.0,0.06
2016-12-20 11:30:00,3.89,3.9,3.88,3.86,308281.0,-0.01,-0.26,3.918,3.937,4.0155,185783.0,227029.0,293005.0,0.08
2016-12-20 10:30:00,3.94,3.94,3.9,3.88,313570.0,-0.04,-1.02,3.934,3.947,4.0265,181206.0,231503.0,288031.0,0.08
2016-12-19 15:00:00,3.93,3.95,3.94,3.93,96469.0,0.01,0.25,3.944,3.957,4.037,179641.0,226811.0,293033.0,0.02
2016-12-19 14:00:00,3.94,3.95,3.93,3.93,88785.9,-0.01,-0.25,3.948,3.965,4.049,198553.0,266702.0,322472.0,0.02
2016-12-19 11:30:00,3.96,3.97,3.94,3.93,121808.0,-0.02,-0.51,3.95,3.976,4.0605,233044.0,333861.0,335715.0,0.03
2016-12-19 10:30:00,3.94,3.97,3.96,3.92,285399.0,0.02,0.51,3.956,3.997,4.0705,268274.0,353930.0,346635.0,0.07
2016-12-16 15:00:00,3.96,3.97,3.95,3.93,305744.0,-0.01,-0.25,3.96,4.019,4.083,281800.0,341671.0,381728.0,0.08
2016-12-16 14:00:00,3.95,3.97,3.96,3.94,191030.0,0.01,0.25,3.97,4.041,4.095,273981.0,329932.0,385922.0,0.05
2016-12-16 11:30:00,3.97,3.99,3.94,3.94,261237.0,-0.03,-0.76,3.982,4.06,4.107,334850.0,372035.0,396061.0,0.07
2016-12-16 10:30:00,3.99,4.0,3.97,3.96,297962.0,-0.02,-0.5,4.002,4.079,4.121,434679.0,370667.0,427303.0,0.07
2016-12-15 15:00:00,4.0,4.01,3.98,3.97,353026.0,-0.02,-0.5,4.038,4.094,4.1315,439587.0,358982.0,472885.0,0.09
2016-12-15 14:00:00,4.02,4.04,4.0,3.99,266651.0,-0.02,-0.5,4.078,4.106,4.1355,401542.0,344560.0,463886.0,0.07
2016-12-15 11:30:00,4.03,4.04,4.02,3.99,495373.0,-0.01,-0.25,4.112,4.117,4.139,385883.0,359254.0,469435.0,0.12
2016-12-15 10:30:00,4.13,4.13,4.04,4.01,760384.0,-0.09,-2.18,4.138,4.133,4.139,409219.0,378243.0,451731.0,0.19
2016-12-14 15:00:00,4.18,4.19,4.15,4.12,322499.0,-0.03,-0.72,4.156,4.145,4.138,306655.0,337568.0,427209.0,0.08
2016-12-14 14:00:00,4.16,4.19,4.18,4.16,162805.0,0.02,0.48,4.15,4.144,4.131,278378.0,339339.0,419981.0,0.04
2016-12-14 11:30:00,4.16,4.17,4.17,4.14,188355.0,0.01,0.24,4.134,4.147,4.1235,287577.0,421785.0,416906.0,0.05
2016-12-14 10:30:00,4.12,4.23,4.15,4.12,612054.0,0.03,0.73,4.122,4.149,4.1155,332625.0,441912.0,416846.0,0.15
2016-12-13 15:00:00,4.13,4.15,4.13,4.12,247564.0,0.0,0.0,4.128,4.154,4.1085,347266.0,420087.0,398129.0,0.06
2016-12-13 14:00:00,4.1,4.14,4.12,4.1,181111.0,0.02,0.49,4.134,4.163,4.104,368480.0,483939.0,392920.0,0.05
2016-12-13 11:30:00,4.1,4.12,4.1,4.09,208802.0,0.0,0.0,4.138,4.169,4.1005,400300.0,586788.0,389957.0,0.05
2016-12-13 10:30:00,4.14,4.17,4.11,4.09,413593.0,-0.03,-0.72,4.16,4.165,4.0985,555993.0,583212.0,386446.0,0.1
2016-12-12 15:00:00,4.15,4.2,4.18,4.14,685260.0,0.03,0.72,4.176,4.161,4.0955,551199.0,579615.0,374501.0,0.17
2016-12-12 14:00:00,4.14,4.19,4.16,4.13,353636.0,0.02,0.48,4.18,4.145,4.0895,492907.0,525220.0,364511.0,0.09
2016-12-12 11:30:00,4.21,4.21,4.14,4.12,340209.0,-0.07,-1.66,4.192,4.131,4.084,599398.0,516850.0,354543.0,0.09
2016-12-12 10:30:00,4.24,4.28,4.21,4.18,987269.0,-0.03,-0.71,4.2,4.118,4.079,773276.0,500623.0,350063.0,0.25
2016-12-09 15:00:00,4.19,4.21,4.19,4.16,389619.0,0.0,0.0,4.17,4.1,4.0695,610431.0,412026.0,318408.0,0.1
2016-12-09 14:00:00,4.21,4.22,4.2,4.19,393803.0,-0.01,-0.24,4.146,4.082,4.0635,608032.0,391780.0,326446.0,0.1
2016-12-09 11:30:00,4.17,4.23,4.22,4.15,886088.0,0.05,1.2,4.11,4.063,4.0575,557533.0,376170.0,327176.0,0.22
2016-12-09 10:30:00,4.05,4.2,4.18,4.04,1209600.0,0.13,3.21,4.07,4.045,4.049,434302.0,301900.0,292625.0,0.3
2016-12-08 15:00:00,4.06,4.07,4.06,4.05,173045.0,0.0,0.0,4.036,4.032,4.044,227970.0,193127.0,242362.0,0.04
2016-12-08 14:00:00,4.02,4.08,4.07,4.02,377626.0,0.05,1.24,4.03,4.032,4.046,213621.0,189680.0,246667.0,0.09
2016-12-08 11:30:00,4.02,4.03,4.02,4.0,141308.0,0.0,0.0,4.018,4.03,4.048,175528.0,169387.0,232834.0,0.04
2016-12-08 10:30:00,4.03,4.04,4.02,4.0,269934.0,-0.01,-0.25,4.016,4.034,4.0525,194808.0,203802.0,232473.0,0.07
2016-12-07 15:00:00,4.02,4.03,4.01,4.01,177939.0,-0.01,-0.25,4.02,4.037,4.058,169498.0,192236.0,235423.0,0.04
2016-12-07 14:00:00,4.01,4.03,4.03,4.0,101298.0,0.02,0.5,4.028,4.04,4.0615,158283.0,199504.0,239345.0,0.03
2016-12-07 11:30:00,4.0,4.01,4.01,4.0,187162.0,0.01,0.25,4.034,4.039,4.0645,165740.0,224790.0,246247.0,0.05
2016-12-07 10:30:00,4.03,4.05,4.01,4.0,237705.0,-0.02,-0.5,4.042,4.045,4.0695,163246.0,261111.0,257422.0,0.06
2016-12-06 15:00:00,4.05,4.06,4.04,4.03,143384.0,-0.01,-0.25,4.052,4.052,4.0755,212796.0,278182.0,273482.0,0.04
2016-12-06 14:00:00,4.06,4.06,4.05,4.04,121866.0,-0.01,-0.25,4.054,4.053,4.0625,214974.0,283350.0,271265.0,0.03
2016-12-06 11:30:00,4.05,4.06,4.06,4.05,138582.0,0.01,0.25,4.052,4.056,4.048,240725.0,291598.0,268141.0,0.03
2016-12-06 10:30:00,4.06,4.07,4.05,4.04,174692.0,-0.01,-0.25,4.044,4.06,4.033,283840.0,303653.0,266076.0,0.04
2016-12-05 15:00:00,4.04,4.08,4.06,4.04,485457.0,0.02,0.5,4.048,4.066,4.0185,358976.0,296281.0,262276.0,0.12
2016-12-05 14:00:00,4.03,4.06,4.05,4.02,154274.0,0.02,0.5,4.052,4.071,4.004,343569.0,261145.0,241828.0,0.04
2016-12-05 11:30:00,4.02,4.04,4.04,4.0,250619.0,0.02,0.5,4.052,4.079,3.99,351727.0,278610.0,239823.0,0.06
2016-12-05 10:30:00,4.05,4.07,4.02,4.01,354158.0,-0.03,-0.74,4.06,4.083,3.9765,342471.0,279186.0,235408.0,0.09
2016-12-02 15:00:00,4.08,4.09,4.07,4.04,550372.0,-0.01,-0.25,4.076,4.09,3.964,323465.0,267705.0,224301.0,0.14
2016-12-02 14:00:00,4.05,4.1,4.08,4.03,408420.0,0.03,0.74,4.084,4.094,3.9505,233586.0,253732.0,209334.0,0.1
2016-12-02 11:30:00,4.09,4.09,4.05,4.05,195065.0,-0.04,-0.98,4.09,4.099,3.937,178721.0,268782.0,199746.0,0.05
2016-12-02 10:30:00,4.1,4.12,4.08,4.08,204339.0,-0.02,-0.49,4.106,4.072,3.9255,205494.0,259180.0,194877.0,0.05
2016-12-01 15:00:00,4.11,4.13,4.1,4.09,259130.0,-0.01,-0.24,4.106,4.04,3.9125,215901.0,244685.0,189572.0,0.07
2016-12-01 14:00:00,4.11,4.12,4.11,4.1,100974.0,0.0,0.0,4.104,4.006,3.8985,211944.0,228500.0,186116.0,0.03
2016-12-01 11:30:00,4.13,4.14,4.11,4.11,134098.0,-0.02,-0.48,4.104,3.971,3.8835,273879.0,228270.0,186695.0,0.03
2016-12-01 10:30:00,4.09,4.14,4.13,4.08,328927.0,0.04,0.98,4.108,3.937,3.869,358842.0,222510.0,187944.0,0.08
2016-11-30 15:00:00,4.1,4.11,4.08,4.07,256377.0,-0.02,-0.49,4.038,3.901,3.8525,312866.0,201035.0,178360.0,0.06
2016-11-30 14:00:00,4.1,4.12,4.09,4.08,239343.0,-0.01,-0.24,3.974,3.87,3.838,273469.0,191630.0,172992.0,0.06
2016-11-30 11:30:00,4.14,4.15,4.11,4.09,410651.0,-0.03,-0.72,3.908,3.838,3.823,245056.0,180897.0,164032.0,0.1
2016-11-30 10:30:00,4.15,4.19,4.13,4.13,558914.0,-0.02,-0.48,3.838,3.807,3.807,182662.0,164935.0,146683.0,0.14
2016-10-13 15:00:00,3.77,3.78,3.78,3.76,99045.6,0.01,0.27,3.766,3.775,3.7905,86178.6,130711.0,124127.0,0.02
2016-10-13 14:00:00,3.76,3.77,3.76,3.76,59390.6,0.0,0.0,3.764,3.779,3.79,89203.9,130575.0,125606.0,0.01
2016-10-13 11:30:00,3.76,3.77,3.76,3.76,97280.0,0.0,0.0,3.766,3.785,3.7905,109791.0,134460.0,126751.0,0.02
2016-10-13 10:30:00,3.77,3.78,3.76,3.76,98678.2,-0.01,-0.27,3.768,3.791,3.791,116739.0,143732.0,127603.0,0.02
2016-10-12 15:00:00,3.77,3.78,3.77,3.76,76498.6,0.0,0.0,3.776,3.796,3.7915,147208.0,145120.0,129606.0,0.02
2016-10-12 14:00:00,3.77,3.77,3.77,3.76,114172.0,0.0,0.0,3.784,3.801,3.79,175244.0,153378.0,131064.0,0.03
2016-10-12 11:30:00,3.77,3.78,3.77,3.76,162324.0,0.0,0.0,3.794,3.804,3.789,171946.0,155685.0,131169.0,0.04
2016-10-12 10:30:00,3.79,3.8,3.77,3.77,132021.0,-0.02,-0.53,3.804,3.806,3.7885,159129.0,154355.0,125101.0,0.03
2016-10-11 15:00:00,3.8,3.81,3.8,3.79,251024.0,0.0,0.0,3.814,3.808,3.789,170725.0,147166.0,123116.0,0.06
2016-10-11 14:00:00,3.82,3.82,3.81,3.8,216677.0,-0.01,-0.26,3.816,3.807,3.7875,143032.0,128432.0,119092.0,0.05
2016-10-11 11:30:00,3.82,3.82,3.82,3.81,97685.4,0.0,0.0,3.818,3.806,3.784,131512.0,117544.0,113823.0,0.02
2016-10-11 10:30:00,3.82,3.83,3.82,3.81,98239.7,0.0,0.0,3.814,3.801,3.781,139425.0,120636.0,113171.0,0.02
2016-10-10 15:00:00,3.82,3.83,3.82,3.8,189998.0,0.0,0.0,3.808,3.796,3.777,149580.0,119041.0,112819.0,0.05
2016-10-10 14:00:00,3.81,3.82,3.81,3.8,112558.0,0.0,0.0,3.802,3.791,3.772,123606.0,111474.0,115595.0,0.03
2016-10-10 11:30:00,3.8,3.82,3.82,3.79,159080.0,0.02,0.53,3.798,3.787,3.7695,113832.0,114092.0,114167.0,0.04
2016-10-10 10:30:00,3.8,3.82,3.8,3.8,137247.0,0.0,0.0,3.794,3.779,3.7665,103575.0,108750.0,111939.0,0.03
2016-09-30 15:00:00,3.78,3.8,3.79,3.78,149019.0,0.01,0.26,3.788,3.774,3.764,101848.0,106653.0,113837.0,0.04
2016-09-30 14:00:00,3.79,3.8,3.79,3.78,60127.4,0.0,0.0,3.784,3.771,3.7635,88502.7,95846.6,110795.0,0.02
2016-09-30 11:30:00,3.79,3.8,3.79,3.78,63687.0,0.0,0.0,3.78,3.77,3.764,99340.8,99065.4,114018.0,0.02
2016-09-30 10:30:00,3.77,3.8,3.8,3.77,107796.0,0.03,0.8,3.776,3.768,3.7645,114352.0,109753.0,115602.0,0.03
2016-09-29 15:00:00,3.78,3.79,3.77,3.77,128608.0,-0.01,-0.26,3.764,3.762,3.7645,113924.0,110103.0,114875.0,0.03
2016-09-29 14:00:00,3.78,3.78,3.77,3.77,82295.0,-0.01,-0.26,3.76,3.761,3.7655,111458.0,105706.0,114559.0,0.02
2016-09-29 11:30:00,3.77,3.78,3.77,3.76,114318.0,0.0,0.0,3.758,3.758,3.767,103190.0,106597.0,117067.0,0.03
2016-09-29 10:30:00,3.75,3.77,3.77,3.74,138742.0,0.02,0.53,3.76,3.753,3.769,98790.1,119716.0,118700.0,0.03
2016-09-28 15:00:00,3.75,3.75,3.74,3.73,105658.0,-0.01,-0.27,3.76,3.752,3.7705,105154.0,114243.0,122282.0,0.03
2016-09-28 14:00:00,3.75,3.76,3.75,3.74,116279.0,0.0,0.0,3.76,3.754,3.772,106282.0,115129.0,120761.0,0.03
2016-09-28 11:30:00,3.78,3.78,3.76,3.75,40955.2,-0.02,-0.53,3.762,3.754,3.774,99952.7,121021.0,122784.0,0.01
2016-09-28 10:30:00,3.76,3.78,3.78,3.76,92316.3,0.02,0.53,3.758,3.756,3.774,110003.0,125743.0,124407.0,0.02
2016-09-27 15:00:00,3.75,3.77,3.77,3.73,170563.0,0.02,0.53,3.746,3.758,3.7725,140642.0,128970.0,123346.0,0.04
2016-09-27 14:00:00,3.76,3.76,3.74,3.74,111297.0,-0.02,-0.53,3.744,3.761,3.772,123331.0,121451.0,120578.0,0.03
2016-09-27 11:30:00,3.75,3.76,3.76,3.74,84632.0,0.01,0.27,3.748,3.767,3.772,123976.0,119646.0,119344.0,0.02
2016-09-27 10:30:00,3.73,3.75,3.74,3.72,91205.5,0.01,0.27,3.746,3.77,3.7715,142089.0,123413.0,118789.0,0.02
2016-09-26 15:00:00,3.75,3.76,3.72,3.72,245511.0,-0.03,-0.8,3.754,3.776,3.772,141483.0,127537.0,118194.0,0.06
2016-09-26 14:00:00,3.76,3.77,3.76,3.75,84009.8,0.0,0.0,3.77,3.785,3.774,117298.0,117684.0,111510.0,0.02
2016-09-26 11:30:00,3.75,3.78,3.76,3.75,114524.0,0.01,0.27,3.778,3.789,3.7735,119571.0,130321.0,112279.0,0.03
2016-09-26 10:30:00,3.78,3.78,3.75,3.75,175197.0,-0.03,-0.79,3.786,3.79,3.7745,115316.0,126392.0,110985.0,0.04
2016-09-23 15:00:00,3.8,3.8,3.78,3.78,88171.6,-0.02,-0.53,3.794,3.794,3.776,104737.0,124546.0,108751.0,0.02
2016-09-23 14:00:00,3.79,3.8,3.8,3.78,124586.0,0.01,0.26,3.798,3.792,3.774,113591.0,123072.0,111616.0,0.03
2016-09-23 11:30:00,3.8,3.8,3.8,3.78,95377.4,0.0,0.0,3.8,3.787,3.7705,118071.0,117722.0,113649.0,0.02
2016-09-23 10:30:00,3.79,3.81,3.8,3.78,93249.3,0.01,0.26,3.8,3.783,3.768,141071.0,119704.0,112776.0,0.02
2016-09-22 15:00:00,3.81,3.81,3.79,3.78,122301.0,-0.02,-0.52,3.794,3.777,3.766,137467.0,119041.0,113554.0,0.03
2016-09-22 14:00:00,3.81,3.82,3.8,3.8,132442.0,-0.01,-0.26,3.794,3.773,3.7655,144356.0,114164.0,113411.0,0.03
2016-09-22 11:30:00,3.8,3.82,3.81,3.8,146983.0,0.01,0.26,3.786,3.768,3.765,132553.0,108851.0,112698.0,0.04
2016-09-22 10:30:00,3.79,3.81,3.8,3.78,210381.0,0.01,0.26,3.774,3.763,3.763,117373.0,105336.0,110981.0,0.05
2016-09-21 15:00:00,3.79,3.79,3.77,3.77,75228.9,-0.02,-0.53,3.766,3.758,3.762,98337.1,94237.6,109894.0,0.02
2016-09-21 14:00:00,3.76,3.79,3.79,3.75,156744.0,0.03,0.8,3.76,3.759,3.761,100614.0,95579.0,125982.0,0.04
2016-09-21 11:30:00,3.76,3.76,3.76,3.74,73428.0,0.0,0.0,3.752,3.758,3.76,83971.7,92955.0,128325.0,0.02
2016-09-21 10:30:00,3.76,3.76,3.75,3.74,71085.4,-0.01,-0.27,3.75,3.756,3.761,85148.1,100160.0,137879.0,0.02
2016-09-20 15:00:00,3.75,3.76,3.76,3.74,115199.0,0.01,0.27,3.752,3.754,3.7635,93298.6,109576.0,149877.0,0.03
2016-09-20 14:00:00,3.75,3.76,3.74,3.74,86614.4,-0.01,-0.27,3.75,3.753,3.768,90138.2,105849.0,155300.0,0.02
2016-09-20 11:30:00,3.74,3.76,3.75,3.74,73531.9,0.01,0.27,3.758,3.755,3.7745,90543.9,108067.0,155938.0,0.02
2016-09-20 10:30:00,3.76,3.77,3.75,3.74,79310.0,-0.01,-0.27,3.764,3.758,3.7805,101938.0,112658.0,157673.0,0.02
2016-09-19 15:00:00,3.76,3.77,3.76,3.74,111838.0,0.0,0.0,3.762,3.762,3.7865,115171.0,116546.0,162227.0,0.03
2016-09-19 14:00:00,3.78,3.78,3.75,3.75,99396.5,-0.03,-0.79,3.756,3.763,3.793,125852.0,116626.0,167560.0,0.02
2016-09-19 11:30:00,3.78,3.78,3.78,3.76,88643.0,0.0,0.0,3.756,3.766,3.8,121559.0,125550.0,166878.0,0.02
2016-09-19 10:30:00,3.74,3.78,3.78,3.74,130504.0,0.04,1.07,3.752,3.763,3.8055,125591.0,156384.0,170105.0,0.03
2016-09-14 15:00:00,3.74,3.75,3.74,3.72,145475.0,0.0,0.0,3.752,3.762,3.8115,123378.0,163694.0,169544.0,0.04
2016-09-14 14:00:00,3.76,3.77,3.73,3.73,165244.0,-0.03,-0.8,3.762,3.766,3.8195,117921.0,175598.0,167672.0,0.04
2016-09-14 11:30:00,3.76,3.77,3.75,3.75,77929.8,-0.01,-0.27,3.77,3.773,3.828,107399.0,190178.0,164618.0,0.02
2016-09-14 10:30:00,3.76,3.77,3.76,3.75,108801.0,0.0,0.0,3.776,3.783,3.8355,129541.0,204750.0,166501.0,0.03
2016-09-13 15:00:00,3.79,3.79,3.78,3.77,119439.0,-0.01,-0.26,3.774,3.794,3.8425,187177.0,203809.0,171031.0,0.03
2016-09-13 14:00:00,3.78,3.79,3.79,3.76,118190.0,0.01,0.26,3.772,3.803,3.849,204010.0,202688.0,194543.0,0.03
