2017-06-30,40.978,38.989,36.999
2017-06-29,41.167,39.095,37.022
2017-06-28,41.251,39.063,36.875
2017-06-27,41.295,39.045,36.794
2017-06-26,41.304,39.086,36.867
2017-06-23,41.487,38.994,36.501
2017-06-22,41.586,38.933,36.280
2017-06-21,41.679,38.851,36.023
2017-06-20,41.626,38.744,35.861
2017-06-19,41.651,38.754,35.856
2017-06-16,42.199,38.881,35.563
2017-06-15,42.963,39.064,35.165
2017-06-14,43.658,39.255,34.851
2017-06-13,44.572,39.569,34.565
2017-06-12,45.280,39.849,34.418
2017-06-09,46.383,40.289,34.195
2017-06-08,47.365,40.681,33.996
2017-06-07,48.329,41.061,33.792
2017-06-06,49.859,41.541,33.223
2017-06-05,50.998,42.025,33.051
2017-06-02,52.021,42.504,32.987
2017-06-01,53.376,43.074,32.772
2017-05-31,54.488,43.851,33.214
2017-05-30,54.648,44.382,34.116
2017-05-26,54.918,44.836,34.754
2017-05-25,54.730,45.385,36.040
2017-05-24,54.353,45.897,37.441
2017-05-23,53.686,46.382,39.077
2017-05-22,52.844,46.815,40.786
2017-05-19,52.287,47.144,42.000
2017-05-18,52.108,47.394,42.680
2017-05-17,52.158,47.686,43.214
2017-05-16,52.089,47.951,43.813
2017-05-15,52.101,48.182,44.263
2017-05-12,52.622,48.597,44.571
2017-05-11,53.134,48.886,44.638
2017-05-10,53.441,49.133,44.824
2017-05-09,54.003,49.427,44.850
2017-05-08,54.192,49.504,44.816
2017-05-05,55.331,49.832,44.332
2017-05-04,56.510,50.196,43.881
2017-05-03,57.334,50.437,43.539
2017-05-02,57.746,50.580,43.414
2017-04-28,58.366,50.991,43.616
2017-04-27,60.063,51.634,43.205
2017-04-26,61.916,52.412,42.908
2017-04-25,63.419,53.217,43.015
2017-04-24,64.967,54.135,43.303
2017-04-21,66.318,55.103,43.888
2017-04-20,66.878,55.918,44.957
2017-04-19,67.360,56.682,46.003
2017-04-18,67.676,57.301,46.926
2017-04-17,67.755,57.931,48.106
2017-04-14,67.920,58.634,49.348
2017-04-13,68.114,59.107,50.100
2017-04-12,68.235,59.632,51.028
2017-04-11,67.971,60.132,52.293
2017-04-10,67.683,60.511,53.338
2017-04-07,66.974,60.983,54.991
2017-04-06,66.896,61.308,55.719
2017-04-05,66.765,61.544,56.323
2017-03-31,66.508,61.775,57.042
2017-03-30,65.767,62.034,58.300
2017-03-29,64.761,62.311,59.860
2017-03-28,64.812,62.418,60.023
2017-03-27,65.497,62.584,59.671
2017-03-24,65.450,62.530,59.610
2017-03-23,65.153,62.371,59.589
2017-03-22,64.626,62.147,59.667
2017-03-21,64.559,62.087,59.615
2017-03-20,64.645,62.118,59.590
2017-03-17,64.672,62.144,59.615
2017-03-16,64.761,62.211,59.661
2017-03-15,64.697,62.187,59.677
2017-03-14,64.943,62.285,59.626
2017-03-13,66.013,62.514,59.015
2017-03-10,66.654,62.756,58.857
2017-03-09,66.669,62.742,58.815
2017-03-08,66.871,62.613,58.354
2017-03-07,68.001,62.154,56.306
2017-03-06,68.801,61.719,54.637
2017-03-03,69.422,61.277,53.132
2017-03-02,70.055,60.823,51.590
2017-03-01,70.384,60.340,50.295
2017-02-28,70.397,59.769,49.140
2017-02-27,69.840,59.015,48.189
2017-02-24,69.677,58.514,47.350
2017-02-23,69.504,58.005,46.505
2017-02-22,69.412,57.441,45.470
2017-02-21,69.092,56.861,44.629
2017-02-20,68.278,56.301,44.324
2017-02-17,67.577,55.726,43.875
2017-02-16,66.741,55.373,44.005
2017-02-15,66.485,55.299,44.113
2017-02-14,66.065,55.190,44.315
2017-02-13,65.158,55.010,44.862
2017-02-10,64.418,54.866,45.314
2017-02-09,65.133,55.045,44.957
2017-02-08,66.330,55.377,44.423
2017-02-07,68.074,56.056,44.038
2017-02-06,69.591,56.758,43.924
2017-02-03,70.372,57.330,44.288
2017-01-26,71.104,57.997,44.890
2017-01-25,71.843,58.686,45.528
2017-01-24,72.531,59.406,46.280
2017-01-23,73.016,60.154,47.292
2017-01-20,73.365,60.855,48.345
2017-01-19,73.856,61.721,49.585
2017-01-18,73.706,62.638,51.570
2017-01-17,73.048,63.488,53.928
2017-01-16,72.416,64.226,56.035
2017-01-13,70.697,65.078,59.459
2017-01-12,69.549,65.665,61.781
2017-01-11,69.335,65.926,62.516
2017-01-10,69.110,66.180,63.249
2017-01-09,69.021,66.267,63.513
2017-01-06,70.232,66.691,63.150
2017-01-05,71.971,67.216,62.460
2017-01-04,73.586,67.718,61.849
2017-01-03,74.888,68.139,61.390
2016-12-30,75.949,68.550,61.151
2016-12-29,76.909,69.153,61.396
2016-12-28,78.623,69.904,61.185
2016-12-27,79.969,70.596,61.223
2016-12-26,81.095,71.251,61.407
2016-12-23,82.545,72.025,61.505
2016-12-22,84.205,72.916,61.626
2016-12-21,85.766,73.685,61.604
2016-12-20,87.055,74.485,61.914
2016-12-19,88.792,75.510,62.227
2016-12-16,89.968,76.472,62.976
2016-12-15,90.869,77.369,63.868
2016-12-14,91.161,78.163,65.164
2016-12-13,90.742,78.833,66.923
2016-12-12,90.268,79.582,68.896
2016-12-09,89.094,80.449,71.803
2016-12-08,88.793,80.980,73.166
2016-12-07,89.542,81.669,73.796
2016-12-06,89.815,82.223,74.630
2016-12-05,89.777,82.730,75.682
2016-12-02,89.435,82.857,76.279
2016-12-01,89.115,82.982,76.848
2016-11-30,89.206,82.921,76.636
2016-11-29,89.781,82.689,75.597
2016-11-28,89.881,82.614,75.347
2016-11-25,89.984,82.422,74.859
2016-11-24,89.989,82.077,74.165
2016-11-23,89.901,81.715,73.528
2016-11-22,89.745,81.353,72.961
2016-11-21,88.922,80.834,72.745
2016-11-18,88.323,80.262,72.201
2016-11-17,87.597,79.765,71.933
2016-11-16,87.154,79.415,71.675
2016-11-15,87.121,79.158,71.194
2016-11-14,86.888,78.762,70.636
2016-11-11,86.460,78.303,70.145
2016-11-10,85.963,77.850,69.737
2016-11-09,83.860,77.080,70.299
2016-11-08,81.889,76.385,70.880
2016-11-07,80.104,75.576,71.048
2016-11-04,80.247,75.171,70.095
2016-11-03,80.147,74.714,69.280
2016-11-02,79.876,74.260,68.643
2016-10-28,80.149,73.931,67.713
2016-10-27,79.712,73.739,67.765
2016-10-26,79.317,73.600,67.882
2016-10-25,79.140,73.538,67.936
2016-10-24,78.823,73.408,67.993
2016-10-21,78.529,73.301,68.072
2016-10-20,78.108,73.156,68.203
2016-10-19,78.025,73.117,68.208
2016-10-18,77.759,73.012,68.264
2016-10-17,77.802,73.022,68.242
2016-10-14,78.338,73.167,67.996
2016-10-13,78.964,73.366,67.767
2016-10-12,79.880,73.656,67.431
2016-10-11,80.618,73.931,67.244
2016-10-10,81.516,74.297,67.078
2016-09-30,82.649,74.762,66.874
2016-09-29,84.044,75.511,66.978
2016-09-28,84.471,76.070,67.669
2016-09-27,84.640,76.628,68.616
2016-09-26,84.653,77.191,69.729
2016-09-23,84.373,77.891,71.409
2016-09-22,84.720,78.293,71.866
2016-09-21,85.011,78.623,72.235
2016-09-20,85.151,78.869,72.586
2016-09-19,86.908,79.610,72.312
2016-09-14,89.576,80.540,71.504
2016-09-13,91.398,81.455,71.512
2016-09-12,92.727,82.353,71.978
2016-09-09,93.871,83.303,72.734
2016-09-08,94.560,83.988,73.415
2016-09-07,95.387,84.682,73.977
2016-09-06,95.821,85.290,74.758
2016-09-05,96.410,85.886,75.361
2016-09-02,96.308,86.232,76.156
2016-09-01,96.473,86.135,75.796
2016-08-31,96.507,86.092,75.676
2016-08-30,96.572,85.899,75.226
2016-08-29,97.139,85.593,74.047
2016-08-26,97.694,85.271,72.847
2016-08-25,97.682,85.301,72.919
2016-08-24,97.688,85.263,72.837
2016-08-23,97.688,85.294,72.901
2016-08-22,98.108,85.699,73.290
2016-08-19,98.430,86.151,73.871
2016-08-18,98.419,86.145,73.871
2016-08-17,98.408,86.141,73.875
2016-08-16,99.241,86.367,73.492
2016-08-15,100.120,86.620,73.120
2016-08-12,101.141,86.905,72.669
2016-08-11,103.745,87.608,71.470
2016-08-10,106.205,88.303,70.401
2016-08-09,107.459,88.808,70.156
2016-08-08,108.721,89.302,69.882
2016-08-05,109.005,89.601,70.197
2016-08-04,110.179,90.783,71.386
2016-08-03,111.684,91.955,72.226
2016-08-02,113.716,93.380,73.044
2016-08-01,113.171,94.599,76.027
2016-07-29,111.585,95.403,79.221
2016-07-28,110.894,95.858,80.821
2016-07-27,110.784,95.897,81.010
2016-07-26,112.101,95.504,78.906
2016-07-25,114.825,94.414,74.003
2016-07-22,117.885,93.022,68.158
2016-07-21,120.993,91.383,61.772
2016-07-20,123.696,89.276,54.856
2016-07-19,125.675,86.744,47.812
2016-07-18,127.138,83.992,40.846
2016-07-15,127.885,80.980,34.074
2016-07-14,127.155,77.493,27.831
2016-07-13,125.487,73.791,22.095
2016-07-12,123.922,70.211,16.499
2016-07-11,121.420,66.449,11.477
2016-07-08,119.656,63.029,6.401
2016-07-07,115.417,59.011,2.604
2016-07-06,109.596,54.769,-0.058
2016-07-05,101.259,50.210,-0.840
2016-07-04,93.911,46.065,-1.782
2016-07-01,87.464,42.296,-2.872
2016-06-30,79.512,38.450,-2.612
2016-06-29,72.281,34.954,-2.374
2016-06-28,65.709,31.775,-2.159
2016-06-27,nan,nan,nan
2016-06-24,nan,nan,nan
2016-06-23,nan,nan,nan
2016-06-22,nan,nan,nan
2016-06-21,nan,nan,nan
2016-06-20,nan,nan,nan
2016-06-17,nan,nan,nan
2016-06-16,nan,nan,nan
2016-06-15,nan,nan,nan
2016-06-14,nan,nan,nan
2016-06-13,nan,nan,nan
2016-06-08,nan,nan,nan
2016-06-07,nan,nan,nan
2016-06-06,nan,nan,nan
2016-06-03,nan,nan,nan
2016-06-02,nan,nan,nan
2016-06-01,nan,nan,nan
2016-05-31,nan,nan,nan
2016-05-30,nan,nan,nan
