Not
2017-03-17@15:00:00,0.283,0.313,-0.029
2017-03-17@14:00:00,0.398,0.320,0.078
2017-03-17@11:30:00,0.400,0.301,0.099
2017-03-17@10:30:00,0.407,0.276,0.131
2017-03-16@15:00:00,0.385,0.243,0.141
2017-03-16@14:00:00,0.332,0.208,0.125
2017-03-16@11:30:00,0.269,0.177,0.093
2017-03-16@10:30:00,0.236,0.154,0.082
2017-03-15@15:00:00,0.187,0.133,0.054
2017-03-15@14:00:00,0.186,0.120,0.066
2017-03-15@11:30:00,0.220,0.103,0.117
2017-03-15@10:30:00,0.237,0.074,0.164
2017-03-14@15:00:00,0.281,0.033,0.248
2017-03-14@14:00:00,0.227,-0.029,0.256
2017-03-14@11:30:00,0.131,-0.093,0.224
2017-03-14@10:30:00,0.005,-0.149,0.155
2017-03-13@15:00:00,-0.119,-0.188,0.069
2017-03-13@14:00:00,-0.163,-0.205,0.042
2017-03-13@11:30:00,-0.237,-0.216,-0.022
2017-03-13@10:30:00,-0.234,-0.210,-0.023
2017-03-10@15:00:00,-0.225,-0.204,-0.020
2017-03-10@14:00:00,-0.197,-0.199,0.002
2017-03-10@11:30:00,-0.206,-0.200,-0.006
2017-03-10@10:30:00,-0.193,-0.198,0.005
2017-03-09@15:00:00,-0.128,-0.200,0.072
2017-03-09@14:00:00,-0.115,-0.218,0.103
2017-03-09@11:30:00,-0.094,-0.243,0.149
2017-03-09@10:30:00,-0.116,-0.280,0.165
2017-03-08@15:00:00,-0.132,-0.322,0.190
2017-03-08@14:00:00,-0.240,-0.369,0.129
2017-03-08@11:30:00,-0.287,-0.401,0.115
2017-03-08@10:30:00,-0.359,-0.430,0.071
2017-03-07@15:00:00,-0.418,-0.448,0.030
2017-03-07@14:00:00,-0.491,-0.455,-0.036
2017-03-07@11:30:00,-0.513,-0.446,-0.067
2017-03-07@10:30:00,-0.522,-0.430,-0.093
2017-03-06@15:00:00,-0.556,-0.407,-0.149
2017-03-06@14:00:00,-0.602,-0.369,-0.233
2017-03-06@11:30:00,-0.600,-0.311,-0.289
2017-03-06@10:30:00,-0.603,-0.239,-0.365
2017-03-03@15:00:00,-0.580,-0.148,-0.433
2017-03-03@14:00:00,-0.506,-0.039,-0.466
2017-03-03@11:30:00,-0.399,0.077,-0.476
2017-03-03@10:30:00,-0.271,0.196,-0.467
2017-03-02@15:00:00,-0.070,0.313,-0.383
2017-03-02@14:00:00,0.069,0.409,-0.339
2017-03-02@11:30:00,0.251,0.494,-0.243
2017-03-02@10:30:00,0.428,0.554,-0.126
2017-03-01@15:00:00,0.693,0.586,0.107
2017-03-01@14:00:00,0.833,0.559,0.274
2017-03-01@11:30:00,0.850,0.490,0.359
2017-03-01@10:30:00,0.901,0.401,0.501
2017-02-28@15:00:00,0.812,0.275,0.537
2017-02-28@14:00:00,0.629,0.141,0.488
2017-02-28@11:30:00,0.423,0.019,0.404
2017-02-28@10:30:00,0.225,-0.082,0.307
2017-02-27@15:00:00,-0.078,-0.158,0.080
2017-02-27@14:00:00,-0.086,-0.178,0.092
2017-02-27@11:30:00,-0.135,-0.201,0.066
2017-02-27@10:30:00,-0.198,-0.218,0.020
2017-02-24@15:00:00,-0.345,-0.223,-0.122
2017-02-24@14:00:00,-0.372,-0.192,-0.180
2017-02-24@11:30:00,-0.404,-0.147,-0.256
2017-02-24@10:30:00,-0.406,-0.083,-0.322
2017-02-23@15:00:00,-0.383,-0.003,-0.381
2017-02-23@14:00:00,-0.339,0.092,-0.432
2017-02-23@11:30:00,-0.241,0.200,-0.441
2017-02-23@10:30:00,-0.108,0.311,-0.419
2017-02-22@15:00:00,0.033,0.415,-0.382
2017-02-22@14:00:00,0.131,0.511,-0.380
2017-02-22@11:30:00,0.225,0.606,-0.381
2017-02-22@10:30:00,0.369,0.701,-0.332
2017-02-21@15:00:00,0.567,0.784,-0.217
2017-02-21@14:00:00,0.600,0.839,-0.239
2017-02-21@11:30:00,0.603,0.898,-0.296
2017-02-21@10:30:00,0.562,0.972,-0.410
2017-02-20@15:00:00,0.437,1.075,-0.638
2017-02-20@14:00:00,0.510,1.234,-0.724
2017-02-20@11:30:00,0.662,1.415,-0.753
2017-02-20@10:30:00,0.814,1.604,-0.789
2017-02-17@15:00:00,1.030,1.801,-0.771
2017-02-17@14:00:00,1.142,1.994,-0.852
2017-02-17@11:30:00,1.356,2.207,-0.850
2017-02-17@10:30:00,1.658,2.419,-0.761
2017-02-16@15:00:00,1.916,2.609,-0.693
2017-02-16@14:00:00,2.159,2.783,-0.623
2017-02-16@11:30:00,2.406,2.939,-0.532
2017-02-16@10:30:00,2.647,3.072,-0.424
2017-02-15@15:00:00,2.958,3.178,-0.220
2017-02-15@14:00:00,3.265,3.233,0.032
2017-02-15@11:30:00,3.473,3.225,0.248
2017-02-15@10:30:00,3.643,3.163,0.481
2017-02-14@15:00:00,3.806,3.042,0.763
2017-02-14@14:00:00,3.798,2.852,0.946
2017-02-14@11:30:00,3.575,2.615,0.960
2017-02-14@10:30:00,3.202,2.375,0.827
2017-02-13@15:00:00,2.792,2.168,0.624
2017-02-13@14:00:00,2.413,2.013,0.401
2017-02-13@11:30:00,2.158,1.912,0.245
2017-02-13@10:30:00,2.285,1.851,0.434
2017-02-10@15:00:00,2.530,1.743,0.787
2017-02-10@14:00:00,2.560,1.546,1.014
2017-02-10@11:30:00,2.357,1.292,1.064
2017-02-10@10:30:00,2.035,1.026,1.008
2017-02-09@15:00:00,1.533,0.774,0.759
2017-02-09@14:00:00,1.342,0.584,0.758
2017-02-09@11:30:00,1.080,0.395,0.685
2017-02-09@10:30:00,0.729,0.224,0.505
2017-02-08@15:00:00,0.271,0.097,0.174
2017-02-08@14:00:00,0.227,0.054,0.173
2017-02-08@11:30:00,0.148,0.011,0.137
2017-02-08@10:30:00,0.164,-0.024,0.187
2017-02-07@15:00:00,0.185,-0.070,0.255
2017-02-07@14:00:00,0.159,-0.134,0.293
2017-02-07@11:30:00,0.108,-0.207,0.316
2017-02-07@10:30:00,0.047,-0.286,0.333
2017-02-06@15:00:00,-0.127,-0.369,0.243
2017-02-06@14:00:00,-0.201,-0.430,0.229
2017-02-06@11:30:00,-0.278,-0.487,0.209
2017-02-06@10:30:00,-0.369,-0.540,0.170
2017-02-03@15:00:00,-0.426,-0.582,0.156
2017-02-03@14:00:00,-0.435,-0.621,0.186
2017-02-03@11:30:00,-0.460,-0.668,0.208
2017-02-03@10:30:00,-0.462,-0.720,0.258
2017-01-26@15:00:00,-0.496,-0.784,0.288
2017-01-26@14:00:00,-0.546,-0.856,0.311
2017-01-26@11:30:00,-0.604,-0.934,0.330
2017-01-26@10:30:00,-0.652,-1.017,0.365
2017-01-25@15:00:00,-0.757,-1.108,0.351
2017-01-25@14:00:00,-0.827,-1.196,0.368
2017-01-25@11:30:00,-0.899,-1.288,0.389
2017-01-25@10:30:00,-0.979,-1.385,0.406
2017-01-24@15:00:00,-1.055,-1.486,0.432
2017-01-24@14:00:00,-1.112,-1.594,0.483
2017-01-24@11:30:00,-1.183,-1.715,0.532
2017-01-24@10:30:00,-1.275,-1.848,0.574
2017-01-23@15:00:00,-1.363,-1.991,0.628
2017-01-23@14:00:00,-1.508,-2.149,0.640
2017-01-23@11:30:00,-1.653,-2.309,0.656
2017-01-23@10:30:00,-1.825,-2.473,0.648
2017-01-20@15:00:00,-2.077,-2.635,0.557
2017-01-20@14:00:00,-2.257,-2.774,0.517
2017-01-20@11:30:00,-2.481,-2.903,0.423
2017-01-20@10:30:00,-2.694,-3.009,0.315
2017-01-19@15:00:00,-2.884,-3.088,0.203
2017-01-19@14:00:00,-2.967,-3.139,0.171
2017-01-19@11:30:00,-3.075,-3.181,0.106
2017-01-19@10:30:00,-3.233,-3.208,-0.025
2017-01-18@15:00:00,-3.294,-3.202,-0.092
2017-01-18@14:00:00,-3.344,-3.179,-0.166
2017-01-18@11:30:00,-3.405,-3.137,-0.268
2017-01-18@10:30:00,-3.435,-3.071,-0.365
2017-01-17@15:00:00,-3.406,-2.979,-0.427
2017-01-17@14:00:00,-3.525,-2.873,-0.653
2017-01-17@11:30:00,-3.635,-2.710,-0.926
2017-01-17@10:30:00,-3.438,-2.478,-0.959
2017-01-16@15:00:00,-3.219,-2.238,-0.981
2017-01-16@14:00:00,-2.942,-1.993,-0.949
2017-01-16@11:30:00,-2.716,-1.756,-0.960
2017-01-16@10:30:00,-2.371,-1.516,-0.855
2017-01-13@15:00:00,-1.937,-1.302,-0.635
2017-01-13@14:00:00,-1.682,-1.144,-0.538
2017-01-13@11:30:00,-1.485,-1.009,-0.476
2017-01-13@10:30:00,-1.272,-0.890,-0.382
2017-01-12@15:00:00,-0.960,-0.795,-0.166
2017-01-12@14:00:00,-0.918,-0.753,-0.165
2017-01-12@11:30:00,-0.885,-0.712,-0.173
2017-01-12@10:30:00,-0.862,-0.669,-0.193
2017-01-11@15:00:00,-0.799,-0.621,-0.178
2017-01-11@14:00:00,-0.711,-0.576,-0.135
2017-01-11@11:30:00,-0.649,-0.542,-0.107
2017-01-11@10:30:00,-0.591,-0.516,-0.075
2017-01-10@15:00:00,-0.561,-0.497,-0.064
2017-01-10@14:00:00,-0.547,-0.481,-0.067
2017-01-10@11:30:00,-0.567,-0.464,-0.103
2017-01-10@10:30:00,-0.605,-0.439,-0.166
2017-01-09@15:00:00,-0.638,-0.397,-0.241
2017-01-09@14:00:00,-0.600,-0.337,-0.264
2017-01-09@11:30:00,-0.546,-0.271,-0.275
2017-01-09@10:30:00,-0.467,-0.202,-0.265
2017-01-06@15:00:00,-0.338,-0.136,-0.203
2017-01-06@14:00:00,-0.237,-0.085,-0.152
2017-01-06@11:30:00,-0.125,-0.047,-0.078
2017-01-06@10:30:00,-0.063,-0.027,-0.036
2017-01-05@15:00:00,0.049,-0.018,0.067
2017-01-05@14:00:00,0.132,-0.035,0.167
2017-01-05@11:30:00,0.133,-0.077,0.210
2017-01-05@10:30:00,0.139,-0.129,0.269
2017-01-04@15:00:00,0.108,-0.197,0.305
2017-01-04@14:00:00,0.037,-0.273,0.310
2017-01-04@11:30:00,-0.018,-0.350,0.332
2017-01-04@10:30:00,-0.144,-0.433,0.289
2017-01-03@15:00:00,-0.220,-0.505,0.286
2017-01-03@14:00:00,-0.380,-0.577,0.197
2017-01-03@11:30:00,-0.536,-0.626,0.090
2017-01-03@10:30:00,-0.645,-0.648,0.003
2016-12-30@15:00:00,-0.765,-0.649,-0.116
2016-12-30@14:00:00,-0.730,-0.620,-0.110
2016-12-30@11:30:00,-0.699,-0.593,-0.106
2016-12-30@10:30:00,-0.609,-0.566,-0.043
2016-12-29@15:00:00,-0.574,-0.556,-0.019
2016-12-29@14:00:00,-0.518,-0.551,0.033
2016-12-29@11:30:00,-0.511,-0.559,0.049
2016-12-29@10:30:00,-0.527,-0.572,0.045
2016-12-28@15:00:00,-0.508,-0.583,0.075
2016-12-28@14:00:00,-0.486,-0.601,0.116
2016-12-28@11:30:00,-0.517,-0.630,0.114
2016-12-28@10:30:00,-0.565,-0.659,0.094
2016-12-27@15:00:00,-0.607,-0.682,0.076
2016-12-27@14:00:00,-0.650,-0.701,0.052
2016-12-27@11:30:00,-0.715,-0.714,-0.001
2016-12-27@10:30:00,-0.808,-0.714,-0.095
2016-12-26@15:00:00,-0.875,-0.690,-0.184
2016-12-26@14:00:00,-0.944,-0.644,-0.300
2016-12-26@11:30:00,-0.887,-0.569,-0.318
2016-12-26@10:30:00,-0.753,-0.489,-0.263
2016-12-23@15:00:00,-0.475,-0.424,-0.052
2016-12-23@14:00:00,-0.377,-0.411,0.034
2016-12-23@11:30:00,-0.283,-0.419,0.136
2016-12-23@10:30:00,-0.211,-0.453,0.242
2016-12-22@15:00:00,-0.152,-0.514,0.362
2016-12-22@14:00:00,-0.217,-0.604,0.387
2016-12-22@11:30:00,-0.304,-0.701,0.397
2016-12-22@10:30:00,-0.443,-0.800,0.358
2016-12-21@15:00:00,-0.621,-0.890,0.269
2016-12-21@14:00:00,-0.728,-0.957,0.228
2016-12-21@11:30:00,-0.801,-1.014,0.213
2016-12-21@10:30:00,-0.864,-1.067,0.203
2016-12-20@15:00:00,-0.941,-1.118,0.177
2016-12-20@14:00:00,-0.982,-1.162,0.180
2016-12-20@11:30:00,-0.994,-1.207,0.213
2016-12-20@10:30:00,-1.038,-1.261,0.222
2016-12-19@15:00:00,-1.094,-1.316,0.222
2016-12-19@14:00:00,-1.129,-1.372,0.242
2016-12-19@11:30:00,-1.153,-1.432,0.280
2016-12-19@10:30:00,-1.220,-1.502,0.282
2016-12-16@15:00:00,-1.220,-1.573,0.353
2016-12-16@14:00:00,-1.314,-1.661,0.347
2016-12-16@11:30:00,-1.424,-1.748,0.324
2016-12-16@10:30:00,-1.534,-1.828,0.295
2016-12-15@15:00:00,-1.660,-1.902,0.242
2016-12-15@14:00:00,-1.765,-1.963,0.198
2016-12-15@11:30:00,-1.871,-2.012,0.141
2016-12-15@10:30:00,-2.035,-2.048,0.012
2016-12-14@15:00:00,-2.165,-2.051,-0.114
2016-12-14@14:00:00,-2.195,-2.022,-0.172
2016-12-14@11:30:00,-2.295,-1.979,-0.316
2016-12-14@10:30:00,-2.374,-1.900,-0.474
2016-12-13@15:00:00,-2.378,-1.781,-0.597
2016-12-13@14:00:00,-2.370,-1.632,-0.738
2016-12-13@11:30:00,-2.392,-1.447,-0.945
2016-12-13@10:30:00,-2.155,-1.211,-0.943
2016-12-12@15:00:00,-1.837,-0.975,-0.861
2016-12-12@14:00:00,-1.405,-0.760,-0.645
2016-12-12@11:30:00,-1.101,-0.599,-0.502
2016-12-12@10:30:00,-0.940,-0.474,-0.467
2016-12-09@15:00:00,-0.761,-0.357,-0.404
2016-12-09@14:00:00,-0.633,-0.256,-0.377
2016-12-09@11:30:00,-0.508,-0.162,-0.347
2016-12-09@10:30:00,-0.385,-0.075,-0.310
2016-12-08@15:00:00,-0.217,0.003,-0.220
2016-12-08@14:00:00,-0.162,0.057,-0.219
2016-12-08@11:30:00,-0.134,0.112,-0.246
2016-12-08@10:30:00,-0.103,0.174,-0.277
2016-12-07@15:00:00,-0.100,0.243,-0.343
2016-12-07@14:00:00,-0.089,0.329,-0.418
2016-12-07@11:30:00,-0.056,0.433,-0.489
2016-12-07@10:30:00,0.058,0.555,-0.497
2016-12-06@15:00:00,0.215,0.680,-0.464
2016-12-06@14:00:00,0.310,0.796,-0.486
2016-12-06@11:30:00,0.379,0.917,-0.538
2016-12-06@10:30:00,0.467,1.052,-0.585
2016-12-05@15:00:00,0.611,1.198,-0.586
2016-12-05@14:00:00,0.794,1.344,-0.550
2016-12-05@11:30:00,0.966,1.482,-0.516
2016-12-05@10:30:00,1.211,1.611,-0.400
2016-12-02@15:00:00,1.438,1.711,-0.273
2016-12-02@14:00:00,1.712,1.779,-0.067
2016-12-02@11:30:00,1.873,1.796,0.077
2016-12-02@10:30:00,2.044,1.777,0.267
2016-12-01@15:00:00,2.107,1.710,0.397
2016-12-01@14:00:00,2.097,1.611,0.486
2016-12-01@11:30:00,2.041,1.489,0.552
2016-12-01@10:30:00,1.970,1.351,0.619
2016-11-30@15:00:00,1.843,1.197,0.646
2016-11-30@14:00:00,1.683,1.035,0.648
2016-11-30@11:30:00,1.441,0.873,0.567
2016-11-30@10:30:00,1.191,0.731,0.460
2016-10-13@15:00:00,0.761,0.617,0.145
2016-10-13@14:00:00,0.782,0.580,0.202
2016-10-13@11:30:00,0.795,0.530,0.265
2016-10-13@10:30:00,0.782,0.464,0.319
2016-10-12@15:00:00,0.786,0.384,0.402
2016-10-12@14:00:00,0.776,0.283,0.492
2016-10-12@11:30:00,0.734,0.160,0.574
2016-10-12@10:30:00,0.589,0.017,0.572
2016-10-11@15:00:00,0.317,-0.126,0.444
2016-10-11@14:00:00,0.218,-0.237,0.455
2016-10-11@11:30:00,0.186,-0.351,0.537
2016-10-11@10:30:00,0.084,-0.485,0.570
2016-10-10@15:00:00,-0.068,-0.628,0.560
2016-10-10@14:00:00,-0.236,-0.768,0.532
2016-10-10@11:30:00,-0.503,-0.901,0.398
2016-10-10@10:30:00,-0.730,-1.000,0.270
2016-09-30@15:00:00,-0.912,-1.068,0.156
2016-09-30@14:00:00,-0.968,-1.107,0.139
2016-09-30@11:30:00,-1.012,-1.141,0.129
2016-09-30@10:30:00,-1.065,-1.174,0.108
2016-09-29@15:00:00,-1.139,-1.201,0.062
2016-09-29@14:00:00,-1.217,-1.216,-0.001
2016-09-29@11:30:00,-1.281,-1.216,-0.066
2016-09-29@10:30:00,-1.341,-1.199,-0.142
2016-09-28@15:00:00,-1.399,-1.164,-0.236
2016-09-28@14:00:00,-1.448,-1.105,-0.343
2016-09-28@11:30:00,-1.503,-1.019,-0.484
2016-09-28@10:30:00,-1.492,-0.898,-0.594
2016-09-27@15:00:00,-1.465,-0.749,-0.716
2016-09-27@14:00:00,nan,nan,nan
2016-09-27@11:30:00,nan,nan,nan
2016-09-27@10:30:00,nan,nan,nan
2016-09-26@15:00:00,nan,nan,nan
2016-09-26@14:00:00,nan,nan,nan
2016-09-26@11:30:00,nan,nan,nan
2016-09-26@10:30:00,nan,nan,nan
2016-09-23@15:00:00,nan,nan,nan
2016-09-23@14:00:00,nan,nan,nan
2016-09-23@11:30:00,nan,nan,nan
2016-09-23@10:30:00,nan,nan,nan
2016-09-22@15:00:00,nan,nan,nan
2016-09-22@14:00:00,nan,nan,nan
2016-09-22@11:30:00,nan,nan,nan
2016-09-22@10:30:00,nan,nan,nan
2016-09-21@15:00:00,nan,nan,nan
2016-09-21@14:00:00,nan,nan,nan
2016-09-21@11:30:00,nan,nan,nan
2016-09-21@10:30:00,nan,nan,nan
2016-09-20@15:00:00,nan,nan,nan
2016-09-20@14:00:00,nan,nan,nan
2016-09-20@11:30:00,nan,nan,nan
2016-09-20@10:30:00,nan,nan,nan
2016-09-19@15:00:00,nan,nan,nan
2016-09-19@14:00:00,nan,nan,nan
2016-09-19@11:30:00,nan,nan,nan
2016-09-19@10:30:00,nan,nan,nan
2016-09-14@15:00:00,nan,nan,nan
2016-09-14@14:00:00,nan,nan,nan
2016-09-14@11:30:00,nan,nan,nan
2016-09-14@10:30:00,nan,nan,nan
2016-09-13@15:00:00,nan,nan,nan
2016-09-13@14:00:00,nan,nan,nan
