2017-06-30,43.154,40.326,37.498
2017-06-29,42.904,40.076,37.248
2017-06-28,42.602,39.789,36.976
2017-06-27,42.323,39.604,36.884
2017-06-26,42.139,39.402,36.664
2017-06-23,42.010,39.242,36.473
2017-06-22,41.940,39.050,36.160
2017-06-21,41.895,38.877,35.859
2017-06-20,41.317,38.630,35.942
2017-06-19,41.157,38.531,35.905
2017-06-16,41.136,38.524,35.912
2017-06-15,41.120,38.518,35.916
2017-06-14,41.146,38.525,35.904
2017-06-13,41.084,38.458,35.831
2017-06-12,41.057,38.387,35.717
2017-06-09,41.060,38.351,35.642
2017-06-08,40.855,38.202,35.548
2017-06-07,40.222,38.049,35.876
2017-06-06,39.873,37.939,36.004
2017-06-05,40.409,38.083,35.757
2017-06-02,40.963,38.227,35.490
2017-06-01,41.568,38.432,35.296
2017-05-31,42.799,38.796,34.793
2017-05-26,45.420,39.352,33.284
2017-05-25,47.235,39.931,32.627
2017-05-24,48.561,40.472,32.382
2017-05-23,49.555,41.031,32.506
2017-05-22,51.109,41.756,32.403
2017-05-19,52.599,42.494,32.388
2017-05-18,53.675,43.144,32.612
2017-05-17,54.451,43.650,32.848
2017-05-16,54.883,44.085,33.286
2017-05-15,55.250,44.465,33.679
2017-05-12,55.659,45.076,34.493
2017-05-11,55.814,45.690,35.566
2017-05-10,55.718,46.277,36.835
2017-05-09,56.039,47.102,38.165
2017-05-08,56.242,47.842,39.442
2017-05-05,56.427,48.711,40.995
2017-05-04,56.941,49.469,41.997
2017-05-03,57.175,50.190,43.205
2017-05-02,57.032,50.862,44.692
2017-04-28,57.071,51.400,45.729
2017-04-27,57.478,51.685,45.891
2017-04-26,58.980,52.245,45.509
2017-04-25,60.992,52.984,44.975
2017-04-24,62.552,53.745,44.937
2017-04-21,63.816,54.310,44.804
2017-04-20,66.010,55.067,44.123
2017-04-19,68.052,55.918,43.784
2017-04-18,69.297,56.728,44.159
2017-04-17,70.376,57.673,44.970
2017-04-14,70.358,58.360,46.362
2017-04-13,70.216,58.842,47.467
2017-04-12,69.937,59.376,48.815
2017-04-11,69.329,59.900,50.471
2017-04-10,69.160,60.183,51.206
2017-04-07,69.294,60.733,52.172
2017-04-06,69.179,60.967,52.755
2017-04-05,69.303,60.894,52.485
2017-03-31,70.099,60.585,51.071
2017-03-30,71.549,60.079,48.609
2017-03-29,73.419,59.374,45.328
2017-03-28,75.452,58.489,41.525
2017-03-27,77.201,57.174,37.147
2017-03-24,78.408,55.557,32.705
2017-03-23,79.289,53.799,28.309
2017-03-22,79.899,51.948,23.996
2017-03-21,79.444,49.750,20.056
2017-03-20,78.343,47.401,16.458
2017-03-17,77.075,45.053,13.032
2017-03-16,75.071,42.569,10.066
2017-03-15,nan,nan,nan
2017-03-14,nan,nan,nan
2017-03-13,nan,nan,nan
2017-03-10,nan,nan,nan
2017-03-09,nan,nan,nan
2017-03-08,nan,nan,nan
2017-03-07,nan,nan,nan
2017-03-06,nan,nan,nan
2017-03-03,nan,nan,nan
2017-03-02,nan,nan,nan
2017-03-01,nan,nan,nan
2017-02-28,nan,nan,nan
2017-02-27,nan,nan,nan
2017-02-24,nan,nan,nan
2017-02-23,nan,nan,nan
2017-02-22,nan,nan,nan
2017-02-21,nan,nan,nan
2017-02-20,nan,nan,nan
2017-02-17,nan,nan,nan
