2017-03-17@15:00:00,67.584,61.354,55.125
2017-03-17@14:00:00,66.634,60.954,55.275
2017-03-17@11:30:00,65.567,60.600,55.634
2017-03-17@10:30:00,64.565,60.356,56.148
2017-03-16@15:00:00,62.859,60.113,57.367
2017-03-16@14:00:00,63.475,60.241,57.008
2017-03-16@11:30:00,64.258,60.398,56.538
2017-03-16@10:30:00,64.908,60.583,56.259
2017-03-15@15:00:00,65.408,60.761,56.115
2017-03-15@14:00:00,65.412,60.782,56.153
2017-03-15@11:30:00,65.405,60.837,56.269
2017-03-15@10:30:00,65.407,60.866,56.326
2017-03-14@15:00:00,65.405,60.903,56.402
2017-03-14@14:00:00,65.892,60.619,55.346
2017-03-14@11:30:00,66.212,60.321,54.431
2017-03-14@10:30:00,66.446,60.048,53.651
2017-03-13@15:00:00,66.598,59.773,52.949
2017-03-13@14:00:00,67.413,59.281,51.150
2017-03-13@11:30:00,67.957,58.803,49.649
2017-03-13@10:30:00,68.363,58.373,48.384
2017-03-10@15:00:00,68.687,58.003,47.319
2017-03-10@14:00:00,69.342,57.299,45.257
2017-03-10@11:30:00,69.640,56.560,43.480
2017-03-10@10:30:00,69.499,55.736,41.974
2017-03-09@15:00:00,68.917,54.842,40.767
2017-03-09@14:00:00,68.271,53.679,39.086
2017-03-09@11:30:00,66.997,52.459,37.920
2017-03-09@10:30:00,65.434,51.264,37.095
2017-03-08@15:00:00,63.557,50.092,36.627
2017-03-08@14:00:00,62.701,48.954,35.207
2017-03-08@11:30:00,61.465,47.816,34.167
2017-03-08@10:30:00,59.840,46.678,33.516
2017-03-07@15:00:00,57.781,45.540,33.299
2017-03-07@14:00:00,57.003,44.505,32.008
2017-03-07@11:30:00,55.880,43.471,31.062
2017-03-07@10:30:00,54.404,42.436,30.469
2017-03-06@15:00:00,52.532,41.402,30.272
2017-03-06@14:00:00,51.825,40.461,29.098
2017-03-06@11:30:00,50.803,39.521,28.239
2017-03-06@10:30:00,49.461,38.580,27.700
2017-03-03@15:00:00,47.759,37.640,27.521
2017-03-03@14:00:00,47.116,36.785,26.454
2017-03-03@11:30:00,46.187,35.930,25.673
2017-03-03@10:30:00,44.966,35.075,25.184
2017-03-02@15:00:00,43.419,34.220,25.021
2017-03-02@14:00:00,42.834,33.442,24.051
2017-03-02@11:30:00,41.989,32.665,23.341
2017-03-02@10:30:00,40.880,31.887,22.895
2017-03-01@15:00:00,39.473,31.110,22.747
2017-03-01@14:00:00,38.942,30.403,21.864
2017-03-01@11:30:00,38.175,29.696,21.217
2017-03-01@10:30:00,37.167,28.989,20.811
2017-02-28@15:00:00,35.888,28.282,20.676
2017-02-28@14:00:00,35.406,27.639,19.872
2017-02-28@11:30:00,34.709,26.996,19.283
2017-02-28@10:30:00,33.792,26.353,18.914
2017-02-27@15:00:00,32.836,25.615,18.393
2017-02-27@14:00:00,32.360,25.030,17.700
2017-02-27@11:30:00,31.696,24.446,17.195
2017-02-27@10:30:00,31.022,23.774,16.526
2017-02-24@15:00:00,30.096,23.103,16.109
2017-02-24@14:00:00,29.601,22.571,15.541
2017-02-24@11:30:00,28.945,22.040,15.134
2017-02-24@10:30:00,nan,nan,nan
2017-02-23@15:00:00,nan,nan,nan
2017-02-23@14:00:00,nan,nan,nan
2017-02-23@11:30:00,nan,nan,nan
2017-02-23@10:30:00,nan,nan,nan
2017-02-22@15:00:00,nan,nan,nan
2017-02-22@14:00:00,nan,nan,nan
2017-02-22@11:30:00,nan,nan,nan
2017-02-22@10:30:00,nan,nan,nan
2017-02-21@15:00:00,nan,nan,nan
2017-02-21@14:00:00,nan,nan,nan
2017-02-21@11:30:00,nan,nan,nan
2017-02-20@15:00:00,nan,nan,nan
2017-02-20@14:00:00,nan,nan,nan
2017-02-20@11:30:00,nan,nan,nan
2017-02-17@15:00:00,nan,nan,nan
2017-02-17@14:00:00,nan,nan,nan
2017-02-17@11:30:00,nan,nan,nan
2017-02-17@10:30:00,nan,nan,nan
