date,open,high,close,low,volume,price_change,p_change,ma5,ma10,ma20,v_ma5,v_ma10,v_ma20,turnover
2017-01-06 15:00:00,60.24,60.45,59.73,59.6,4829.78,-0.51,-0.85,60.532,61.555,63.019,3398.29,3554.15,2779.22,1.44
2017-01-06 14:30:00,60.43,60.7,60.23,59.95,3068.0,-0.2,-0.33,60.858,61.993,63.2975,3387.74,3183.58,2633.53,0.92
2017-01-06 14:00:00,60.88,60.88,60.45,60.0,4832.66,-0.43,-0.71,61.144,62.366,63.5505,3619.94,2958.58,2669.6,1.44
2017-01-06 13:30:00,61.3,61.3,60.89,60.83,2323.0,-0.41,-0.67,61.59,62.735,63.7665,3599.61,2608.72,2573.11,0.69
2017-01-06 11:30:00,61.36,61.58,61.36,61.11,1938.0,0.0,0.0,62.11,63.052,63.9455,3633.79,2720.12,2590.96,0.58
2017-01-06 11:00:00,61.66,61.79,61.36,60.9,4777.03,-0.3,-0.49,62.578,63.38,64.1025,3710.01,2683.92,2661.81,1.43
2017-01-06 10:30:00,62.69,62.71,61.66,61.58,4229.0,-1.03,-1.64,63.128,63.71,64.2555,2979.43,2472.01,2531.18,1.26
2017-01-06 10:00:00,63.0,63.39,62.68,62.5,4731.0,-0.32,-0.51,63.588,64.032,64.4005,2297.23,2285.44,2553.41,1.41
2017-01-05 15:00:00,63.71,63.87,63.49,63.32,2493.93,-0.22,-0.35,63.88,64.232,64.442,1617.83,1981.46,2345.82,0.74
2017-01-05 14:30:00,64.11,64.18,63.7,63.68,2319.1,-0.41,-0.64,63.994,64.368,64.435,1806.44,2008.17,2283.77,0.69
2017-01-05 14:00:00,63.96,64.3,64.11,63.94,1124.11,0.15,0.23,64.182,64.483,64.427,1657.82,2004.28,2230.02,0.34
2017-01-05 13:30:00,64.15,64.25,63.96,63.91,818.0,-0.19,-0.3,64.292,64.602,64.4115,1964.6,2083.47,2298.96,0.24
2017-01-05 11:30:00,64.06,64.14,64.14,63.9,1334.0,0.08,0.12,64.476,64.735,64.3865,2273.66,2380.61,2473.52,0.4
2017-01-05 11:00:00,64.64,64.65,64.06,63.89,3437.0,-0.58,-0.9,64.584,64.798,64.306,2345.09,2537.5,2509.76,1.03
2017-01-05 10:30:00,64.66,64.75,64.64,64.45,1576.0,-0.02,-0.03,64.742,64.839,64.243,2209.89,2461.8,2376.92,0.47
2017-01-05 10:00:00,64.51,64.83,64.66,64.13,2658.0,0.15,0.23,64.784,64.825,64.166,2350.74,2639.71,2385.37,0.79
2017-01-04 15:00:00,64.69,64.92,64.88,64.58,2363.31,0.19,0.29,64.912,64.801,64.083,2202.34,2590.35,2321.18,0.71
2017-01-04 14:30:00,64.86,64.9,64.68,64.67,1691.16,-0.18,-0.28,64.994,64.769,63.969,2487.56,2821.37,2278.77,0.51
2017-01-04 14:00:00,64.85,64.9,64.85,64.51,2761.0,0.0,0.0,65.012,64.652,63.8745,2729.91,2710.17,2234.21,0.82
2017-01-04 13:30:00,65.34,65.34,64.85,64.8,2280.22,-0.49,-0.75,64.936,64.502,63.7755,2713.71,2559.37,2158.61,0.68
2017-01-04 11:30:00,65.26,65.35,65.3,65.04,1916.0,0.04,0.06,64.866,64.371,63.6835,2928.68,2455.75,2138.65,0.57
2017-01-04 11:00:00,64.8,65.36,65.29,64.71,3789.43,0.49,0.76,64.69,64.221,63.567,2978.37,2514.45,2147.48,1.13
2017-01-04 10:30:00,64.47,64.9,64.77,64.3,2902.92,0.3,0.47,64.544,64.038,63.46,3155.17,2566.42,2020.66,0.87
2017-01-04 10:00:00,64.25,64.76,64.47,64.16,2680.0,0.22,0.34,64.292,63.814,63.3675,2690.43,2482.03,1924.87,0.8
2017-01-03 15:00:00,64.42,64.94,64.5,64.4,3355.05,0.08,0.12,64.068,63.647,63.3035,2405.03,2292.03,1830.92,1.0
2017-01-03 14:30:00,64.58,64.6,64.42,64.25,2164.44,-0.16,-0.25,63.876,63.507,63.248,1982.82,2131.03,1756.61,0.65
2017-01-03 14:00:00,63.51,64.86,64.56,63.51,4673.46,1.05,1.65,63.752,63.365,63.1725,2050.54,2052.0,1769.44,1.4
2017-01-03 13:30:00,63.42,63.51,63.51,63.27,579.22,0.09,0.14,63.532,63.169,63.089,1977.66,1736.17,1611.07,0.17
2017-01-03 11:30:00,63.54,63.69,63.35,63.26,1253.0,-0.19,-0.3,63.336,63.097,63.0735,2273.62,1758.24,1711.12,0.37
2017-01-03 11:00:00,63.8,63.86,63.54,63.5,1244.0,-0.26,-0.41,63.226,63.049,63.053,2179.02,1757.84,1795.52,0.37
2017-01-03 10:30:00,63.51,63.98,63.8,63.33,2503.0,0.29,0.46,63.138,62.996,63.0665,2279.24,1821.54,1777.68,0.75
2017-01-03 10:00:00,62.75,63.8,63.46,62.54,4309.09,0.71,1.13,62.978,62.913,63.073,2053.46,1780.52,1703.88,1.29
2016-12-30 15:00:00,62.8,62.82,62.53,62.45,2059.0,-0.27,-0.43,62.806,62.882,63.103,1494.67,1474.91,1545.18,0.61
2016-12-30 14:30:00,63.12,63.12,62.8,62.7,780.0,-0.32,-0.51,62.858,62.921,63.176,1242.87,1367.71,1491.03,0.23
2016-12-30 14:00:00,63.0,63.2,63.1,62.7,1745.11,0.1,0.16,62.872,62.96,63.236,1336.67,1369.81,1540.94,0.52
2016-12-30 13:30:00,62.61,63.0,63.0,62.4,1374.1,0.39,0.62,62.854,62.989,63.254,1363.85,1382.2,1590.34,0.41
2016-12-30 11:30:00,62.79,62.88,62.6,62.36,1515.15,-0.19,-0.3,62.848,62.98,63.3,1507.57,1486.88,1662.78,0.45
2016-12-30 11:00:00,62.87,62.96,62.79,62.72,800.0,-0.08,-0.13,62.958,63.009,63.3785,1455.14,1485.97,1687.38,0.24
2016-12-30 10:30:00,63.01,63.01,62.87,62.71,1249.0,-0.14,-0.22,62.984,63.05,63.46,1492.54,1663.99,1698.68,0.37
2016-12-30 10:00:00,62.92,63.28,63.01,62.8,1881.0,0.09,0.14,63.048,63.057,63.5365,1402.94,1833.2,1716.43,0.56
2016-12-29 15:00:00,63.1,63.14,62.97,62.71,2092.72,-0.13,-0.21,63.124,63.137,63.609,1400.54,1733.82,1708.18,0.63
2016-12-29 14:30:00,62.92,63.27,63.15,62.81,1252.98,0.23,0.37,63.112,63.233,63.6855,1466.18,1627.24,1668.89,0.37
2016-12-29 14:00:00,63.18,63.18,62.92,62.92,987.0,-0.26,-0.41,63.06,63.324,63.759,1516.8,1615.46,1677.89,0.29
2016-12-29 13:30:00,63.39,63.45,63.19,63.13,801.0,-0.2,-0.32,63.116,63.431,63.822,1835.44,1614.36,1844.06,0.24
2016-12-29 11:30:00,62.91,63.5,63.39,62.87,1869.0,0.48,0.76,63.066,63.512,63.9065,2263.46,1712.08,1964.81,0.56
2016-12-29 11:00:00,62.89,63.05,62.91,62.53,2420.92,0.02,0.03,63.15,63.519,63.9935,2067.1,1798.48,1996.83,0.72
2016-12-29 10:30:00,63.2,63.29,62.89,62.89,1506.08,-0.31,-0.49,63.354,63.62,64.103,1788.31,1838.69,2026.38,0.45
2016-12-29 10:00:00,62.6,63.47,63.2,62.55,2580.18,0.6,0.96,63.588,63.748,64.147,1714.12,1888.78,2045.94,0.77
2016-12-28 15:00:00,63.81,63.9,62.94,62.93,2941.13,-0.87,-1.36,63.746,63.87,64.167,1393.28,1733.36,1993.99,0.88
2016-12-28 14:30:00,63.93,64.0,63.81,63.66,887.17,-0.12,-0.19,63.958,64.016,64.198,1160.7,1599.65,1939.33,0.26
2016-12-28 14:00:00,64.07,64.08,63.93,63.69,1026.99,-0.14,-0.22,63.888,64.081,64.1575,1529.86,1682.53,2004.77,0.31
2016-12-28 13:30:00,63.99,64.38,64.06,63.91,1135.11,0.07,0.11,63.886,64.138,64.0995,1889.07,1710.54,2065.91,0.34
2016-12-28 11:30:00,63.98,64.0,63.99,63.7,976.0,0.01,0.02,63.908,64.194,64.0315,2063.45,1740.32,2394.71,0.29
2016-12-28 11:00:00,63.47,64.08,64.0,63.47,1778.22,0.53,0.84,63.994,64.213,64.1035,2073.45,2073.75,2493.06,0.53
2016-12-28 10:30:00,63.92,63.92,63.46,63.23,2733.0,-0.46,-0.72,64.074,64.301,64.179,2038.6,2217.55,2541.29,0.82
2016-12-28 10:00:00,64.18,64.27,63.92,63.61,2823.02,-0.26,-0.41,64.274,64.468,64.295,1835.2,2195.18,2523.89,0.84
2016-12-27 15:00:00,64.41,64.63,64.17,64.15,2007.0,-0.24,-0.37,64.39,64.586,64.399,1532.0,2214.08,2540.14,0.6
2016-12-27 14:30:00,64.4,64.58,64.42,64.2,1026.0,0.02,0.03,64.48,64.546,64.526,1417.2,2203.1,2568.19,0.31
2016-12-27 14:00:00,64.46,64.7,64.4,64.18,1604.0,-0.06,-0.09,64.432,64.464,64.673,2074.06,2254.61,2603.18,0.48
2016-12-27 13:30:00,64.5,64.7,64.46,64.24,1716.0,-0.04,-0.06,64.528,64.38,64.8205,2396.49,2279.01,2757.97,0.51
2016-12-27 11:30:00,64.65,64.85,64.5,64.18,1307.0,-0.15,-0.23,64.662,64.234,65.0015,2555.16,2327.01,2935.74,0.39
2016-12-27 11:00:00,64.18,64.63,64.62,64.08,1433.0,0.44,0.69,64.782,64.061,65.1415,2896.16,2421.28,3046.79,0.43
2016-12-27 10:30:00,64.88,65.07,64.18,63.95,4310.29,-0.7,-1.08,64.612,63.869,65.2835,2989.0,3049.1,3148.28,1.29
2016-12-27 10:00:00,64.5,65.3,64.88,64.5,3216.15,0.38,0.59,64.496,63.994,65.428,2435.16,2912.37,3011.92,0.96
2016-12-26 15:00:00,65.1,65.23,65.13,64.65,2509.34,0.03,0.05,64.232,64.057,65.519,2161.53,2865.03,2887.82,0.75
2016-12-26 14:30:00,63.77,65.22,65.1,63.75,3012.0,1.33,2.09,63.806,64.122,65.5975,2098.86,2852.6,2813.85,0.9
2016-12-26 14:00:00,63.58,63.93,63.77,63.46,1897.2,0.19,0.3,63.34,64.212,65.68,1946.4,2866.21,2795.15,0.57
2016-12-26 13:30:00,63.49,63.74,63.6,63.17,1541.11,0.11,0.17,63.126,64.506,65.8055,3109.2,2933.29,2804.49,0.46
2016-12-26 11:30:00,63.0,63.74,63.56,62.96,1848.0,0.56,0.89,63.492,64.882,65.954,3389.57,2951.74,2895.35,0.55
2016-12-26 11:00:00,62.76,63.23,63.0,62.5,2196.0,0.24,0.38,63.882,65.261,66.1375,3568.53,3236.94,2987.15,0.66
2016-12-26 10:30:00,62.7,63.24,62.77,62.65,2249.67,0.07,0.11,64.438,65.769,66.3255,3606.33,3544.48,2959.85,0.67
2016-12-26 10:00:00,64.48,64.48,62.7,62.12,7711.2,-1.78,-2.76,65.084,66.222,66.5075,3786.02,3672.3,2960.33,2.3
2016-12-23 15:00:00,65.51,66.0,65.43,65.3,2943.0,-0.08,-0.12,65.886,66.698,66.681,2757.38,3247.47,2672.45,0.88
2016-12-23 14:30:00,65.71,66.08,65.51,65.23,2742.8,-0.2,-0.3,66.272,66.862,66.713,2513.92,3111.48,2650.96,0.82
2016-12-23 14:00:00,66.1,66.25,65.78,65.65,2385.0,-0.32,-0.48,66.64,66.981,66.7565,2905.34,2910.6,2639.02,0.71
2016-12-23 13:30:00,66.7,66.7,66.0,65.8,3148.12,-0.7,-1.05,67.1,67.073,66.8135,3482.62,2775.1,2644.97,0.94
2016-12-23 11:30:00,67.36,67.55,66.71,66.71,2568.0,-0.65,-0.96,67.36,67.148,66.869,3558.57,2724.08,2731.95,0.77
2016-12-23 11:00:00,67.34,67.74,67.36,67.21,1725.66,0.02,0.03,67.51,67.105,66.8435,3737.56,2675.68,2709.61,0.52
2016-12-23 10:30:00,68.18,68.3,67.35,67.2,4699.91,-0.83,-1.22,67.452,67.026,66.757,3709.05,2838.96,2698.43,1.4
2016-12-23 10:00:00,66.91,68.28,68.08,66.91,5271.41,1.17,1.75,67.322,67.014,66.684,2915.86,2737.37,2524.68,1.57
2016-12-22 15:00:00,67.46,67.5,67.3,67.05,3527.85,-0.16,-0.24,67.046,66.882,66.57,2067.58,2375.23,2318.31,1.05
2016-12-22 14:30:00,67.07,67.49,67.46,66.9,3462.95,0.39,0.58,66.936,66.793,66.518,1889.6,2248.37,2194.17,1.03
2016-12-22 14:00:00,66.7,67.11,67.07,66.66,1583.11,0.37,0.55,66.7,66.664,66.455,1613.81,2097.44,2198.48,0.47
2016-12-22 13:30:00,66.85,66.85,66.7,66.58,734.0,-0.15,-0.22,66.6,66.564,66.418,1968.87,2190.43,2275.48,0.22
2016-12-22 11:30:00,66.74,66.9,66.7,66.52,1030.0,-0.04,-0.06,66.706,66.532,66.383,2558.88,2367.43,2509.33,0.31
2016-12-22 11:00:00,66.28,67.0,66.75,65.93,2637.96,0.47,0.71,66.718,66.554,66.3795,2682.88,2514.83,2599.89,0.79
2016-12-22 10:30:00,66.57,66.58,66.28,66.24,2084.0,-0.29,-0.44,66.65,66.59,66.398,2607.13,2739.81,2582.52,0.62
2016-12-22 10:00:00,67.25,67.27,66.57,66.2,3358.37,-0.68,-1.01,66.628,66.582,66.447,2581.06,2743.53,2548.47,1.0
2016-12-21 15:00:00,66.72,67.28,67.23,66.66,3684.07,0.51,0.76,66.528,66.488,66.4795,2412.0,2557.9,2425.77,1.1
2016-12-21 14:30:00,66.41,66.76,66.76,66.3,1650.0,0.35,0.53,66.358,66.354,66.4775,2175.99,2311.98,2300.14,0.49
2016-12-21 14:00:00,66.17,66.83,66.41,66.12,2259.21,0.24,0.36,66.39,66.258,66.4865,2346.79,2261.38,2334.14,0.67
2016-12-21 13:30:00,66.12,66.18,66.17,65.68,1953.66,0.05,0.08,66.53,66.243,66.537,2872.49,2139.98,1248.94,0.58
2016-12-21 11:30:00,66.38,66.49,66.07,65.68,2513.06,-0.31,-0.47,66.536,66.246,66.6185,2906.0,2299.53,2393.18,0.75
2016-12-21 11:00:00,66.91,66.91,66.38,66.28,2504.0,-0.53,-0.79,66.448,66.272,66.7005,2703.79,2360.52,2449.04,0.75
2016-12-21 10:30:00,67.14,67.17,66.92,66.85,2504.0,-0.22,-0.33,66.35,66.234,66.7665,2447.98,2651.22,2480.18,0.75
2016-12-21 10:00:00,67.0,67.43,67.11,66.49,4887.74,0.11,0.16,66.126,66.205,66.7835,2175.98,2684.94,2461.51,1.46
2016-12-20 15:00:00,65.63,66.24,66.2,65.57,2121.21,0.57,0.87,65.956,66.206,66.7625,1407.47,2425.23,2340.02,0.63
2016-12-20 14:30:00,65.88,65.96,65.63,65.51,1502.0,-0.25,-0.38,65.956,66.312,66.8125,1693.06,2353.41,2314.74,0.45
2016-12-20 14:00:00,65.8,66.09,65.89,65.61,1224.93,0.09,0.14,66.096,66.471,66.895,2017.26,2293.64,2383.59,0.37
2016-12-20 13:30:00,66.24,66.27,65.8,65.68,1144.0,-0.44,-0.66,66.118,66.601,66.9805,2854.47,2288.31,2491.11,0.34
2016-12-20 11:30:00,66.2,66.48,66.26,66.02,1045.22,0.06,0.09,66.284,66.715,67.061,3193.9,2406.91,2695.25,0.31
2016-12-20 11:00:00,66.33,66.5,66.2,65.6,3549.14,-0.13,-0.2,66.456,66.831,67.1315,3442.99,357.9,2807.77,1.06
2016-12-20 10:30:00,66.0,66.77,66.33,65.8,3123.0,0.33,0.5,66.668,66.991,67.151,3013.75,2486.83,2760.91,0.93
2016-12-20 10:00:00,66.01,66.4,66.0,65.31,5411.0,-0.01,-0.02,66.846,67.129,67.182,2570.02,2537.55,2739.83,1.62
2016-12-19 15:00:00,67.12,67.16,66.63,66.54,2841.15,-0.49,-0.73,67.084,67.299,67.216,1722.14,2309.13,2645.13,0.85
2016-12-19 14:30:00,67.26,67.26,67.12,66.61,2290.66,-0.14,-0.21,67.146,67.362,67.272,1619.91,2238.07,2680.13,0.68
2016-12-19 14:00:00,67.22,67.26,67.26,66.9,1402.96,0.04,0.06,67.206,67.319,67.3085,-2727.18,2254.81,2869.3,0.42
2016-12-19 13:30:00,67.17,67.28,67.22,66.96,904.32,0.05,0.07,67.314,67.313,67.2915,1959.91,2276.06,3072.31,0.27
2016-12-19 11:30:00,66.94,67.25,67.19,66.89,1171.61,0.25,0.37,67.412,67.319,67.232,2505.08,2473.54,3352.49,0.35
2016-12-19 11:00:00,67.42,67.5,66.94,66.85,2330.0,-0.48,-0.71,67.514,67.36,67.114,2896.13,2693.92,3444.76,0.7
2016-12-19 10:30:00,67.8,67.8,67.42,67.22,-19444.8,-0.38,-0.56,67.578,67.407,67.013,2856.24,2983.6,3452.86,-5.81
2016-12-19 10:00:00,67.8,67.8,67.8,67.8,24838.4,0.0,0.0,67.432,67.432,66.936,7236.79,5257.64,4524.8,7.42
2016-12-16 15:00:00,67.82,67.82,67.71,67.33,3630.18,-0.11,-0.16,67.312,67.311,66.849,2592.22,3035.0,3374.84,1.08
2016-12-16 14:30:00,67.26,67.85,67.7,66.9,3126.86,0.44,0.65,67.226,67.235,66.773,2442.0,2942.12,3433.83,0.93
2016-12-16 14:00:00,66.68,67.47,67.26,66.65,2130.53,0.58,0.87,67.206,67.133,66.666,2491.7,2981.13,3434.89,0.64
2016-12-16 13:30:00,67.2,67.22,66.69,66.66,2458.0,-0.51,-0.76,67.236,67.182,66.534,3110.96,3122.18,3516.27,0.73
2016-12-16 11:30:00,67.28,67.33,67.2,67.01,1615.55,-0.08,-0.12,67.432,67.298,66.4665,3278.48,3483.78,3583.27,0.48
2016-12-16 11:00:00,67.6,68.15,67.28,67.2,2879.07,-0.32,-0.47,67.31,67.27,66.3775,3477.77,3868.56,3672.44,0.86
2016-12-16 10:30:00,67.41,67.99,67.6,67.3,3375.37,0.19,0.28,67.244,67.145,66.32,3442.23,4231.44,3637.84,1.01
2016-12-16 10:00:00,67.3,67.5,67.41,66.63,5226.81,0.11,0.16,67.06,66.868,66.245,3470.56,4195.61,3594.22,1.56
2016-12-15 15:00:00,66.7,67.67,67.67,66.66,3295.61,0.97,1.45,67.128,66.619,66.172,3133.41,3922.13,3477.57,0.98
2016-12-15 14:30:00,66.95,66.95,66.59,66.2,2612.0,-0.36,-0.54,67.164,66.44,66.0675,3689.09,3791.96,3469.66,0.78
2016-12-15 14:00:00,66.7,67.1,66.95,66.61,2701.38,0.25,0.37,67.23,66.387,65.991,4259.35,3714.68,3481.14,0.81
2016-12-15 13:30:00,67.74,67.74,66.68,66.68,3517.0,-1.06,-1.56,67.046,66.311,65.8935,5020.65,3925.54,3497.97,1.05
2016-12-15 11:30:00,67.85,68.39,67.75,67.7,3541.05,-0.1,-0.15,66.676,66.199,65.8,4920.65,3888.64,3569.31,1.06
2016-12-15 11:00:00,66.92,67.97,67.85,66.83,6074.0,0.93,1.39,66.11,65.886,65.6505,4710.84,3910.35,3737.82,1.81
2016-12-15 10:30:00,66.15,66.97,66.92,66.15,5463.31,0.77,1.16,65.716,65.635,65.558,3894.84,3682.75,3679.66,1.63
2016-12-15 10:00:00,64.7,66.55,66.03,64.7,6507.91,1.33,2.06,65.544,65.485,65.547,3170.0,3476.32,3681.65,1.94
2016-12-14 15:00:00,64.92,65.25,64.83,64.56,3017.0,-0.09,-0.14,65.576,65.495,65.6955,2830.42,3044.23,3537.0,0.9
2016-12-14 14:30:00,65.9,65.9,64.92,64.88,2492.0,-0.98,-1.49,65.722,65.622,65.919,2856.63,2992.83,3479.35,0.74
2016-12-14 14:00:00,66.07,66.35,65.88,65.78,1994.0,-0.19,-0.29,65.662,65.725,66.182,3109.86,3033.01,3434.55,0.6
2016-12-14 13:30:00,66.19,66.3,66.06,65.85,1839.1,-0.13,-0.2,65.554,65.695,66.3925,3470.66,3147.36,3590.88,0.55
2016-12-14 11:30:00,65.56,66.5,66.19,65.56,4810.0,0.63,0.96,65.426,65.595,66.5545,3782.64,3247.6,3775.13,1.44
2016-12-14 11:00:00,64.6,65.58,65.56,64.3,3148.03,0.96,1.49,65.414,65.476,66.8105,3258.04,3070.4,3782.13,0.94
2016-12-14 10:30:00,65.34,65.34,64.62,64.25,3758.15,-0.72,-1.1,65.522,65.401,67.094,3129.04,3249.98,3735.23,1.12
2016-12-14 10:00:00,65.05,65.57,65.34,64.71,3798.0,0.29,0.45,65.788,65.415,67.453,2956.16,3565.28,3615.22,1.13
2016-12-13 15:00:00,66.12,66.12,65.42,65.32,3399.0,-0.7,-1.06,65.836,65.481,67.7915,2824.07,3676.58,3507.87,1.02
2016-12-13 14:30:00,66.1,66.5,66.13,66.1,2187.0,0.03,0.05,65.764,65.609,68.1075,2712.56,3886.98,3507.82,0.65
2016-12-13 14:00:00,65.95,66.59,66.1,65.95,2503.06,0.15,0.23,65.538,65.896,68.359,2882.77,4029.78,3542.57,0.75
2016-12-13 13:30:00,65.6,66.25,65.95,65.5,2893.75,0.35,0.53,65.28,66.216,68.6055,3370.92,3965.87,3657.54,0.86
2016-12-13 11:30:00,65.06,65.58,65.58,64.82,3137.56,0.52,0.8,65.042,66.639,68.92,4174.41,3836.1,3761.66,0.94
2016-12-13 11:00:00,65.0,65.4,65.06,64.8,2841.42,0.06,0.09,65.126,67.09,69.306,4529.08,4034.4,3794.28,0.85
2016-12-13 10:30:00,64.85,65.07,65.0,64.63,3038.08,0.15,0.23,65.454,67.514,69.754,5061.4,4302.66,3760.71,0.91
2016-12-13 10:00:00,64.1,65.4,64.81,63.8,4943.81,0.71,1.11,66.254,68.145,70.219,5176.78,4493.85,3697.6,1.48
2016-12-12 15:00:00,66.0,66.2,64.76,64.58,6911.16,-1.24,-1.88,67.152,68.787,70.694,4560.82,4220.47,3505.86,2.06
2016-12-12 14:30:00,66.71,66.99,66.0,65.78,4910.93,-0.71,-1.06,68.236,69.491,71.189,3497.79,3665.15,3275.96,1.47
2016-12-12 14:00:00,68.91,69.01,66.7,66.66,5503.0,-2.21,-3.21,69.054,70.102,71.639,3539.71,3339.16,3286.61,1.64
2016-12-12 13:30:00,69.3,69.3,69.0,68.73,3615.0,-0.3,-0.43,69.574,70.606,72.039,3543.91,3128.66,3176.81,1.08
2016-12-12 11:30:00,70.18,70.18,69.3,69.21,1864.0,-0.88,-1.25,70.036,70.822,72.3165,3810.92,3055.36,3197.87,0.56
2016-12-12 11:00:00,70.09,70.26,70.18,69.6,1596.0,0.09,0.13,70.422,70.995,72.576,3880.12,3349.22,3276.57,0.48
2016-12-12 10:30:00,69.3,70.2,70.09,69.01,5120.57,0.79,1.14,70.746,71.201,72.766,3832.52,3687.22,3285.34,1.53
2016-12-12 10:00:00,71.71,71.99,69.3,69.2,5524.0,-2.41,-3.36,71.15,71.522,72.956,3138.61,3554.16,3156.41,1.65
2016-12-09 15:00:00,71.24,72.06,71.31,70.84,4950.03,0.07,0.1,71.638,71.994,73.176,2713.41,3218.76,3020.56,1.48
2016-12-09 14:30:00,71.8,71.91,71.23,71.21,2210.0,-0.57,-0.79,71.608,72.293,73.282,2299.8,2901.36,2846.02,0.66
2016-12-09 14:00:00,72.11,72.19,71.8,71.71,1358.0,-0.31,-0.43,71.568,72.601,73.3755,2818.32,2791.26,2835.35,0.41
2016-12-09 13:30:00,71.7,72.4,72.11,71.54,1651.0,0.41,0.57,71.656,72.887,73.4055,3541.92,2886.76,2930.55,0.49
2016-12-09 11:30:00,71.16,71.74,71.74,70.76,3398.0,0.58,0.82,71.894,73.176,73.4295,3969.72,3234.06,3156.4,1.01
2016-12-09 11:00:00,71.05,71.7,71.16,71.05,2882.0,0.11,0.15,72.35,73.472,73.5075,3724.12,3224.96,3159.6,0.86
2016-12-09 10:30:00,72.26,72.7,71.03,70.9,4802.59,-1.23,-1.7,72.978,73.811,73.6375,3502.92,3340.38,3091.8,1.43
2016-12-09 10:00:00,73.21,73.57,72.24,72.09,4976.0,-0.97,-1.32,73.634,74.157,73.7935,2764.2,3203.93,2914.82,1.49
2016-12-08 15:00:00,74.02,74.13,73.3,73.18,3790.0,-0.72,-0.97,74.118,74.331,73.885,2231.61,2883.45,2720.17,1.13
2016-12-08 14:30:00,74.3,74.36,74.02,73.81,2170.0,-0.28,-0.38,74.458,74.39,73.926,2498.41,2758.65,2577.58,0.65
2016-12-08 14:00:00,74.31,74.53,74.3,74.03,1776.0,-0.01,-0.01,74.594,74.358,73.9205,2725.81,2822.35,2574.46,0.53
2016-12-08 13:30:00,74.66,74.67,74.31,74.31,1109.0,-0.35,-0.47,74.644,74.271,73.915,3177.85,2790.67,2622.56,0.33
2016-12-08 11:30:00,74.99,74.99,74.66,74.4,2313.05,-0.33,-0.44,74.68,74.15,73.901,3643.65,2879.44,2845.94,0.69
2016-12-08 11:00:00,74.7,75.6,75.0,74.68,5124.0,0.3,0.4,74.544,73.924,73.8365,3535.3,2974.34,2900.04,1.53
2016-12-08 10:30:00,74.6,74.84,74.7,74.2,3307.0,0.1,0.13,74.322,73.683,73.759,3018.9,3078.74,2727.09,0.99
2016-12-08 10:00:00,74.0,74.6,74.55,74.0,4036.21,0.55,0.74,74.122,73.543,73.6925,2918.9,3094.24,2624.25,1.21
2016-12-07 15:00:00,73.98,74.49,74.49,73.84,3438.0,0.51,0.69,73.898,73.464,73.659,2403.5,2843.22,2498.55,1.03
2016-12-07 14:30:00,73.89,74.15,73.98,73.86,1771.28,0.09,0.12,73.62,73.43,73.6075,2115.24,2625.72,2470.73,0.53
2016-12-07 14:00:00,73.7,74.19,73.89,73.67,2542.0,0.19,0.26,73.304,73.439,73.5875,2413.38,2556.89,2471.87,0.76
2016-12-07 13:30:00,73.45,73.94,73.7,73.2,2807.0,0.25,0.34,73.044,73.462,73.6085,3138.58,2396.51,2487.38,0.84
2016-12-07 11:30:00,73.1,73.43,73.43,73.1,1459.2,0.33,0.45,72.964,73.483,73.6485,3269.58,2326.57,2772.47,0.44
2016-12-07 11:00:00,72.4,73.3,73.1,72.22,1996.71,0.7,0.97,73.03,73.559,73.6945,3282.94,2454.45,3434.08,0.6
2016-12-07 10:30:00,72.63,72.8,72.4,72.15,3262.0,-0.23,-0.32,73.24,73.652,73.8045,3136.2,2812.44,3659.79,0.97
2016-12-07 10:00:00,73.73,73.73,72.59,72.44,6168.0,-1.14,-1.55,73.574,73.749,74.0395,2700.4,2825.75,3717.64,1.84
2016-12-06 15:00:00,73.78,73.85,73.3,73.11,3462.0,-0.48,-0.65,73.88,73.835,74.276,1654.44,2375.43,3602.54,1.03
2016-12-06 14:30:00,74.15,74.18,73.76,73.7,1526.0,-0.39,-0.53,74.002,73.842,74.476,1383.57,2154.25,3671.67,0.46
2016-12-06 14:00:00,74.06,74.19,74.15,73.9,1263.0,0.09,0.12,74.088,73.854,74.723,1625.97,2153.88,3819.46,0.38
2016-12-06 13:30:00,74.15,74.27,74.07,74.0,1083.0,-0.08,-0.11,74.064,73.785,74.966,2488.67,2315.74,4307.25,0.32
2016-12-06 11:30:00,73.92,74.12,74.12,73.68,938.22,0.2,0.27,73.924,73.736,75.3025,2951.1,2386.84,4659.55,0.28
2016-12-06 11:00:00,74.19,74.24,73.91,73.85,2107.61,-0.28,-0.38,73.79,73.755,75.724,3096.42,2578.24,4790.99,0.63
2016-12-06 10:30:00,74.09,74.45,74.19,74.0,2738.0,0.1,0.13,73.682,73.814,76.141,2924.94,3218.37,4805.73,0.82
2016-12-06 10:00:00,74.15,74.7,74.03,73.6,5576.54,-0.12,-0.16,73.62,73.83,76.5695,2681.8,4413.7,4884.58,1.67
2016-12-05 15:00:00,73.45,73.64,73.37,73.2,3395.11,-0.08,-0.11,73.506,73.957,76.9865,2142.81,4507.15,4733.26,1.01
2016-12-05 14:30:00,73.37,73.79,73.45,73.01,1664.85,0.08,0.11,73.548,74.33,77.416,1822.59,4609.54,4656.07,0.5
2016-12-05 14:00:00,73.86,74.13,73.37,73.1,1250.19,-0.49,-0.66,73.72,74.717,77.8455,2060.06,4829.65,4700.33,0.37
2016-12-05 13:30:00,73.52,74.09,73.88,73.35,1522.29,0.36,0.49,73.946,75.11,78.2465,3511.8,5189.1,4956.48,0.45
2016-12-05 11:30:00,73.61,73.68,73.46,73.1,2881.63,-0.15,-0.2,74.04,75.592,78.6475,6145.6,5485.05,5043.29,0.86
2016-12-05 11:00:00,74.31,74.5,73.58,73.58,1794.0,-0.73,-0.98,74.408,76.147,79.084,6871.48,6298.76,5049.5,0.54
2016-12-05 10:30:00,74.5,75.08,74.31,74.2,2852.19,-0.19,-0.26,75.112,76.869,79.512,7396.48,6932.26,5076.19,0.85
2016-12-05 10:00:00,73.5,74.93,74.5,72.38,8508.9,1.0,1.36,75.714,77.693,79.8965,7599.24,7003.74,5007.33,2.54
2016-12-02 15:00:00,75.31,75.68,74.35,74.34,14691.3,-0.96,-1.27,76.274,78.468,80.2815,6866.39,6393.09,4692.41,4.39
2016-12-02 14:30:00,77.1,77.1,75.3,75.0,6511.0,-1.8,-2.33,77.144,79.309,80.6365,4824.49,5355.47,4062.4,1.94
2016-12-02 14:00:00,77.35,77.48,77.1,76.52,4419.01,-0.25,-0.32,77.886,80.016,80.9505,5726.05,4959.37,3832.45,1.32
2016-12-02 13:30:00,77.19,77.46,77.32,76.88,3866.0,0.13,0.17,78.626,80.502,81.2005,6468.05,4702.6,3765.37,1.15
2016-12-02 11:30:00,78.77,78.97,77.3,77.03,4844.64,-1.47,-1.87,79.672,80.974,81.4345,6408.25,4571.01,3860.77,1.45
2016-12-02 11:00:00,78.95,79.35,78.7,78.39,4481.79,-0.25,-0.32,80.662,81.383,81.103,5919.79,4723.87,4121.78,1.34
2016-12-02 10:30:00,80.81,80.97,79.01,78.23,11018.8,-1.8,-2.23,81.474,81.703,80.7185,5886.45,4601.53,4186.47,3.29
2016-12-02 10:00:00,82.52,82.52,80.8,80.66,8129.0,-1.72,-2.08,82.146,82.021,80.323,4192.68,3800.24,3939.22,2.43
2016-12-01 15:00:00,82.25,82.74,82.55,82.21,3567.0,0.3,0.36,82.378,82.155,79.848,2937.15,3220.12,3862.02,1.07
2016-12-01 14:30:00,82.76,82.77,82.25,82.05,2402.37,-0.51,-0.62,82.276,82.1,79.3145,2733.78,3010.92,3874.58,0.72
2016-12-01 14:00:00,82.37,83.18,82.76,82.37,4315.05,0.39,0.47,82.104,82.095,78.816,3527.95,2991.73,4046.67,1.29
2016-12-01 13:30:00,81.96,82.57,82.37,81.96,2550.0,0.41,0.5,81.932,81.964,78.2835,3316.61,2769.33,4357.17,0.76
2016-12-01 11:30:00,82.0,82.19,81.96,81.71,1851.32,-0.04,-0.05,81.896,81.885,77.83,3407.81,2705.53,5240.08,0.55
2016-12-01 11:00:00,81.39,82.14,82.04,81.32,2550.17,0.65,0.8,81.932,81.899,77.2855,3503.1,2828.15,5643.43,0.76
2016-12-01 10:30:00,81.9,81.94,81.39,80.97,6373.2,-0.51,-0.62,81.924,81.895,76.7475,3288.07,3150.52,5900.14,1.9
2016-12-01 10:00:00,81.71,82.34,81.9,81.71,3258.34,0.19,0.23,82.086,80.823,76.268,2455.52,3519.69,5774.67,0.97
2016-11-30 15:00:00,82.14,82.4,82.19,81.9,3006.0,0.05,0.06,81.996,79.734,75.7885,2222.05,3771.42,5867.68,0.9
2016-11-30 14:30:00,82.0,82.5,82.14,81.86,2327.79,0.14,0.17,81.874,78.625,75.2955,2003.25,4078.19,6031.41,0.7
2016-11-30 14:00:00,82.16,82.16,82.0,81.83,1475.0,-0.16,-0.19,81.866,77.541,74.7885,2153.2,4503.92,6336.53,0.44
2016-11-30 13:30:00,81.45,82.25,82.2,81.31,2210.45,0.75,0.92,81.866,76.529,74.274,3012.98,4738.25,7490.49,0.66
2016-11-30 11:30:00,81.58,81.73,81.45,81.1,2091.0,-0.13,-0.16,79.56,75.537,73.8035,4583.87,5101.61,7828.64,0.62
2016-11-30 11:00:00,82.1,82.15,81.58,81.37,1912.0,-0.52,-0.63,77.472,74.603,73.411,5320.8,5945.01,8222.71,0.57
2016-11-30 10:30:00,82.0,82.38,82.1,81.9,3077.54,0.1,0.12,75.376,73.775,72.9935,6153.13,7774.64,8578.54,0.92
2016-11-30 10:00:00,81.58,82.53,82.0,81.01,5773.91,0.42,0.51,73.216,72.672,72.4535,6854.65,8458.71,8672.79,1.72
2016-10-13 15:00:00,71.14,71.21,70.67,70.5,10064.9,-0.47,-0.66,71.192,71.6,71.981,6463.51,8649.75,8764.31,3.01
2016-10-13 14:30:00,71.08,71.8,71.01,70.73,5775.63,-0.07,-0.1,71.514,71.713,72.015,5619.35,8029.65,8978.05,1.73
2016-10-13 14:00:00,71.31,71.44,71.1,70.94,6073.67,-0.21,-0.29,71.734,71.843,72.0245,6569.22,7963.93,9697.74,1.81
2016-10-13 13:30:00,71.9,71.94,71.3,71.1,6585.15,-0.6,-0.83,72.174,71.966,72.1345,9396.15,7984.63,12138.7,1.97
2016-10-13 11:30:00,72.28,72.42,71.88,71.75,3818.21,-0.4,-0.55,72.128,72.036,72.0905,10062.8,8169.13,11906.0,1.14
2016-10-13 11:00:00,72.09,72.45,72.28,71.68,5844.07,0.19,0.26,72.008,72.019,72.0175,10836.0,10242.7,11753.9,1.75
2016-10-13 10:30:00,73.37,73.44,72.11,71.7,10525.0,-1.26,-1.72,71.912,72.07,71.9245,10440.0,10555.7,11899.2,3.14
2016-10-13 10:00:00,71.4,73.69,73.3,71.4,20208.3,1.9,2.66,71.952,72.219,71.84,9358.64,10500.4,11852.6,6.04
2016-10-12 14:30:00,71.25,71.29,71.07,70.6,9918.22,-0.18,-0.25,71.758,72.212,71.665,6573.12,9382.43,12284.5,2.96
2016-10-12 14:00:00,71.8,72.04,71.28,71.01,7684.39,-0.52,-0.72,71.944,72.235,71.483,6275.5,8886.87,12707.6,2.3
2016-10-12 13:30:00,72.35,72.37,71.8,71.71,3863.89,-0.55,-0.76,72.03,72.362,71.2225,9649.47,8878.87,13123.4,1.15
2016-10-12 11:30:00,72.33,72.39,72.31,71.62,5118.41,-0.02,-0.03,72.228,72.317,70.863,10671.4,9926.45,14125.1,1.53
2016-10-12 11:00:00,72.0,72.74,72.33,72.0,6280.7,0.33,0.46,72.486,72.206,70.4475,11642.2,11431.5,14315.4,1.88
2016-10-12 10:30:00,71.7,72.25,72.0,71.38,8430.13,0.3,0.42,72.666,72.303,70.0555,12191.7,16292.7,14159.1,2.52
2016-10-12 10:00:00,71.5,72.39,71.71,70.6,24554.2,0.21,0.29,72.526,72.145,69.667,11498.2,15642.8,13876.4,7.33
2016-10-11 15:00:00,73.61,74.08,72.79,72.55,8973.43,-0.82,-1.11,72.694,72.016,69.2945,8108.27,13265.1,12758.5,2.68
2016-10-11 14:30:00,73.3,75.39,73.6,73.2,9972.49,0.3,0.41,72.406,71.779,68.8625,9181.52,13242.7,12650.2,2.98
2016-10-11 14:00:00,71.36,73.94,73.23,71.25,9028.46,1.87,2.62,71.926,71.461,68.4105,11220.9,13204.8,12561.0,2.7
2016-10-11 13:30:00,72.54,72.54,71.3,70.88,4962.56,-1.24,-1.71,71.94,71.118,67.989,20393.7,15186.6,12631.4,1.48
2016-10-11 11:30:00,71.35,72.56,72.55,71.22,7604.39,1.2,1.68,71.764,70.731,67.7065,19787.4,16528.4,14181.6,2.27
2016-10-11 11:00:00,71.25,71.58,71.35,70.45,14339.7,0.1,0.14,71.338,70.083,67.249,18422.0,17367.9,14349.3,4.28
2016-10-11 10:30:00,73.25,73.25,71.2,71.2,20169.4,-2.05,-2.8,71.152,69.409,66.9305,17303.9,18323.8,14283.1,6.02
2016-10-11 10:00:00,70.8,73.98,73.3,70.66,54892.4,2.5,3.53,70.996,68.689,66.6065,15188.6,17199.2,13574.1,16.4
2016-10-10 15:00:00,70.42,70.42,70.42,70.42,1931.0,0.0,0.0,70.296,67.808,66.1335,9979.54,12025.6,11015.5,0.58
2016-10-10 14:30:00,70.42,70.42,70.42,70.42,777.44,0.0,0.0,69.698,67.189,65.8265,13269.5,12110.0,11252.7,0.23
2016-10-10 14:00:00,70.42,70.42,70.42,70.42,8749.4,0.0,0.0,68.828,66.573,65.5055,16313.8,12251.9,11588.1,2.61
2016-10-10 13:30:00,69.8,70.42,70.42,69.8,9592.84,0.62,0.89,67.666,65.946,65.1935,19343.7,12057.8,11797.6,2.87
2016-10-10 11:30:00,67.48,70.42,69.8,67.45,28847.0,2.32,3.44,66.382,65.36,64.848,19209.8,11917.2,13400.9,8.62
2016-10-10 11:00:00,66.08,67.43,67.43,65.99,18380.7,1.35,2.04,65.32,64.86,64.594,14071.6,10076.1,12724.6,5.49
2016-10-10 10:30:00,64.61,66.29,66.07,64.61,15999.0,1.46,2.26,64.68,64.682,64.5225,10950.5,11834.8,12240.1,4.78
2016-10-10 10:00:00,65.0,65.42,64.61,64.0,23898.9,-0.39,-0.6,64.318,64.415,64.5155,8190.04,11330.6,11732.6,7.14
2016-09-30 15:00:00,64.5,64.88,64.0,63.7,8923.26,-0.5,-0.78,64.226,64.452,64.585,4771.82,10242.4,10840.1,2.67
2016-09-30 14:30:00,64.35,64.5,64.49,64.12,3156.02,0.14,0.22,64.338,64.524,64.695,4624.62,9948.93,10766.7,0.94
2016-09-30 14:00:00,64.26,64.57,64.23,64.1,2775.44,-0.03,-0.05,64.4,64.459,64.765,6080.62,10005.5,11109.6,0.83
2016-09-30 13:30:00,64.18,64.5,64.26,64.18,2196.63,0.08,0.12,64.684,64.464,64.839,12719.1,10395.3,12024.3,0.66
2016-09-30 11:30:00,64.55,64.55,64.15,63.84,6807.77,-0.4,-0.62,64.512,64.438,64.9335,14471.2,10924.3,16310.6,2.03
2016-09-30 11:00:00,64.75,64.89,64.56,64.0,8187.24,-0.19,-0.29,64.678,64.441,65.011,15712.9,11537.4,15973.4,2.45
2016-09-30 10:30:00,65.61,65.94,64.8,64.78,10436.0,-0.81,-1.23,64.71,64.336,65.068,15273.2,14884.6,15572.6,3.12
2016-09-30 10:00:00,63.8,66.4,65.65,63.12,35967.7,1.85,2.9,64.518,64.328,65.113,13930.4,15373.1,15056.8,10.74
2016-09-29 15:00:00,64.94,65.17,63.4,63.4,10957.5,-1.54,-2.37,64.244,64.363,65.1155,8071.59,12645.4,13267.3,3.27
2016-09-29 14:30:00,64.72,65.85,64.98,64.44,13016.0,0.26,0.4,64.364,64.616,65.2305,7377.28,12134.5,12723.0,3.89
2016-09-29 14:00:00,63.84,64.75,64.72,63.58,5989.03,0.88,1.38,64.204,64.718,65.2665,7361.86,11437.8,12076.4,1.79
2016-09-29 13:30:00,64.3,64.3,63.84,63.77,3721.64,-0.46,-0.72,63.962,64.866,65.3155,14496.0,11584.4,11784.9,1.11
2016-09-29 11:30:00,63.99,64.95,64.28,63.99,6673.74,0.29,0.45,64.138,65.071,65.4085,16815.9,12213.7,11698.9,1.99
2016-09-29 11:00:00,64.18,64.28,64.0,63.72,7485.97,-0.18,-0.28,64.482,65.214,65.181,17219.2,13653.3,11372.4,2.24
2016-09-29 10:30:00,63.49,64.33,64.18,63.44,12938.9,0.69,1.09,64.868,65.429,64.9675,16891.7,21697.0,10999.2,3.86
2016-09-29 10:00:00,63.4,63.95,63.51,62.0,41659.6,0.11,0.17,65.232,65.581,64.745,15513.8,20409.5,10356.7,12.44
2016-09-28 15:00:00,66.0,66.0,64.72,64.51,15321.1,-1.28,-1.94,65.77,65.8,64.556,8672.89,16260.7,8276.33,4.58
2016-09-28 14:30:00,65.94,66.18,66.0,65.65,8690.67,0.06,0.09,66.004,65.898,64.3065,7611.48,14740.6,7511.22,2.6
2016-09-28 14:00:00,66.01,66.05,65.93,65.93,5848.05,-0.08,-0.12,65.946,65.868,63.993,10087.3,13889.2,7077.89,1.75
2016-09-28 13:30:00,66.19,66.2,66.0,65.71,6049.37,-0.19,-0.29,65.99,65.845,63.683,26502.3,13311.6,6790.6,1.81
2016-09-28 11:30:00,65.89,67.0,66.2,65.88,7455.29,0.31,0.47,65.93,65.815,63.3695,25305.3,12714.9,6494.33,2.23
2016-09-28 11:00:00,65.7,66.55,65.89,65.5,10014.0,0.19,0.29,65.83,65.765,62.7745,23848.5,11985.3,6122.01,2.99
2016-09-28 10:30:00,66.15,67.74,65.71,65.35,21069.9,-0.44,-0.67,65.792,65.746,62.195,21869.7,11184.1,5621.31,6.29
2016-09-28 10:00:00,70.0,70.0,66.15,63.1,87923.1,-3.85,-5.5,65.79,65.148,61.6245,17691.0,9091.52,4568.22,26.26
2016-09-27 15:00:00,65.7,65.7,65.7,65.7,64.05,0.0,0.0,65.7,64.506,61.032,120.77,301.41,172.06,0.02
2016-09-27 14:30:00,65.7,65.7,65.7,65.7,171.2,0.0,0.0,65.7,63.909,60.462,124.57,303.8,168.86,0.05
2016-09-27 14:00:00,65.7,65.7,65.7,65.7,120.05,0.0,0.0,65.7,63.312,59.892,122.19,291.99,160.45,0.04
2016-09-27 13:30:00,65.7,65.7,65.7,65.7,176.5,0.0,0.0,65.7,62.715,59.322,498.53,281.88,155.3,0.05
2016-09-27 11:30:00,65.7,65.7,65.7,65.7,72.05,0.0,0.0,64.506,62.118,58.752,492.05,266.63,147.88,0.02
2016-09-27 11:00:00,65.7,65.7,65.7,65.7,83.06,0.0,0.0,63.312,61.521,57.935,482.04,269.64,144.53,0.02
2016-09-27 10:30:00,65.7,65.7,65.7,65.7,159.3,0.0,0.0,62.118,60.924,57.118,483.03,273.73,140.38,0.05
2016-09-27 10:00:00,65.7,65.7,65.7,65.7,2001.75,0.0,0.0,60.924,59.784,56.301,461.78,258.7,132.41,0.6
2016-09-26 15:00:00,59.73,59.73,59.73,59.73,144.11,0.0,0.0,59.73,58.644,55.484,65.23,58.53,32.42,0.04
2016-09-26 14:30:00,59.73,59.73,59.73,59.73,22.0,0.0,0.0,59.73,58.101,54.9655,41.21,44.92,25.72,0.01
2016-09-26 14:00:00,59.73,59.73,59.73,59.73,88.0,0.0,0.0,59.73,57.558,54.447,57.24,42.72,24.87,0.03
2016-09-26 13:30:00,59.73,59.73,59.73,59.73,53.03,0.0,0.0,59.73,57.015,53.9285,64.44,33.92,20.72,0.02
2016-09-26 11:30:00,59.73,59.73,59.73,59.73,19.0,0.0,0.0,58.644,56.472,53.41,55.63,28.92,18.67,0.01
2016-09-26 11:00:00,59.73,59.73,59.73,59.73,24.0,0.0,0.0,57.558,55.929,52.667,51.83,28.72,17.77,0.01
2016-09-26 10:30:00,59.73,59.73,59.73,59.73,102.15,0.0,0.0,56.472,55.386,51.924,48.63,29.13,16.72,0.03
2016-09-26 10:00:00,59.73,59.73,59.73,59.73,124.0,0.0,0.0,55.386,54.349,51.181,28.2,19.42,11.61,0.04
2016-09-23 15:00:00,54.3,54.3,54.3,54.3,9.0,0.0,0.0,54.3,53.312,50.438,3.4,7.02,5.41,0.0
2016-09-23 14:30:00,54.3,54.3,54.3,54.3,0.0,0.0,0.0,54.3,52.818,49.9665,2.2,6.12,4.96,0.0
2016-09-23 14:00:00,54.3,54.3,54.3,54.3,8.0,0.0,0.0,54.3,52.324,49.495,5.6,6.32,5.21,0.0
2016-09-23 13:30:00,54.3,54.3,54.3,54.3,0.0,0.0,0.0,54.3,51.83,49.0235,9.64,6.52,4.81,0.0
2016-09-23 11:30:00,54.3,54.3,54.3,54.3,0.0,0.0,0.0,53.312,51.336,48.552,10.64,7.02,7.26,0.0
2016-09-23 11:00:00,54.3,54.3,54.3,54.3,3.0,0.0,0.0,52.324,50.842,47.8765,10.64,7.52,7.51,0.0
2016-09-23 10:30:00,54.3,54.3,54.3,54.3,17.0,0.0,0.0,51.336,50.348,47.201,10.04,8.42,7.36,0.01
2016-09-23 10:00:00,54.3,54.3,54.3,54.3,28.18,0.0,0.0,50.348,49.405,46.5255,7.04,6.82,6.51,0.01
2016-09-22 15:00:00,49.36,49.36,49.36,49.36,5.0,0.0,0.0,49.36,48.462,45.85,3.4,4.3,5.1,0.0
2016-09-22 14:30:00,49.36,49.36,49.36,49.36,0.0,0.0,0.0,49.36,48.013,45.4215,3.4,3.8,5.0,0.0
2016-09-22 14:00:00,49.36,49.36,49.36,49.36,0.0,0.0,0.0,49.36,47.564,44.993,4.4,3.8,5.0,0.0
2016-09-22 13:30:00,49.36,49.36,49.36,49.36,2.0,0.0,0.0,49.36,47.115,44.5645,6.8,3.8,5.0,0.0
2016-09-22 11:30:00,49.36,49.36,49.36,49.36,10.0,0.0,0.0,48.462,46.666,44.136,6.6,4.1,5.4,0.0
2016-09-22 11:00:00,49.36,49.36,49.36,49.36,5.0,0.0,0.0,47.564,46.217,43.522,5.2,3.1,4.9,0.0
2016-09-22 10:30:00,49.36,49.36,49.36,49.36,5.0,0.0,0.0,46.666,45.768,42.908,4.2,7.5,4.65,0.0
2016-09-22 10:00:00,49.36,49.36,49.36,49.36,12.0,0.0,0.0,45.768,44.911,42.294,3.2,7.5,4.4,0.0
2016-09-21 15:00:00,44.87,44.87,44.87,44.87,1.0,0.0,0.0,44.87,44.054,41.68,0.8,6.3,3.95,0.0
2016-09-21 14:30:00,44.87,44.87,44.87,44.87,3.0,0.0,0.0,44.87,43.646,41.2905,1.6,6.2,3.9,0.0
2016-09-21 14:00:00,44.87,44.87,44.87,44.87,0.0,0.0,0.0,44.87,43.238,40.901,1.0,5.9,3.95,0.0
2016-09-21 13:30:00,44.87,44.87,44.87,44.87,0.0,0.0,0.0,44.87,42.83,40.5115,10.8,6.2,3.95,0.0
2016-09-21 11:30:00,44.87,44.87,44.87,44.87,0.0,0.0,0.0,44.054,42.422,40.122,11.8,6.2,5.2,0.0
2016-09-21 11:00:00,44.87,44.87,44.87,44.87,5.0,0.0,0.0,43.238,42.014,39.564,11.8,6.2,5.95,0.0
2016-09-21 10:30:00,44.87,44.87,44.87,44.87,0.0,0.0,0.0,42.422,41.606,39.006,10.8,6.7,6.05,0.0
2016-09-21 10:00:00,44.87,44.87,44.87,44.87,49.0,0.0,0.0,41.606,40.827,38.448,10.8,6.7,6.3,0.01
2016-09-20 15:00:00,40.79,40.79,40.79,40.79,5.0,0.0,0.0,40.79,40.048,37.89,1.6,1.8,5.0,0.0
2016-09-20 14:30:00,40.79,40.79,40.79,40.79,0.0,0.0,0.0,40.79,39.677,37.536,0.6,1.3,5.05,0.0
2016-09-20 14:00:00,40.79,40.79,40.79,40.79,0.0,0.0,0.0,40.79,39.306,37.182,0.6,1.6,5.55,0.0
2016-09-20 13:30:00,40.79,40.79,40.79,40.79,0.0,0.0,0.0,40.79,38.935,36.828,2.6,1.6,8.1,0.0
2016-09-20 11:30:00,40.79,40.79,40.79,40.79,3.0,0.0,0.0,40.048,38.564,36.4605,2.6,2.0,8.41,0.0
2016-09-20 11:00:00,40.79,40.79,40.79,40.79,0.0,0.0,0.0,39.306,38.193,36.2326,2.0,1.7,8.69,0.0
2016-09-20 10:30:00,40.79,40.79,40.79,40.79,0.0,0.0,0.0,38.564,37.822,35.9794,2.0,4.2,9.17,0.0
2016-09-20 10:00:00,40.79,40.79,40.79,40.79,10.0,0.0,0.0,37.822,37.114,35.6965,2.6,5.7,9.71,0.0
2016-09-19 15:00:00,37.08,37.08,37.08,37.08,0.0,0.0,0.0,37.08,36.406,35.3781,0.6,5.4,9.69,0.0
2016-09-19 14:30:00,37.08,37.08,37.08,37.08,0.0,0.0,0.0,37.08,36.069,35.2647,1.4,5.9,10.34,0.0
2016-09-19 14:00:00,37.08,37.08,37.08,37.08,0.0,0.0,0.0,37.08,35.732,35.135,1.4,8.21,11.08,0.0
2016-09-19 13:30:00,37.08,37.08,37.08,37.08,3.0,0.0,0.0,37.08,35.395,34.9854,6.4,8.81,11.93,0.0
2016-09-19 11:30:00,37.08,37.08,37.08,37.08,0.0,0.0,0.0,36.406,35.058,34.8108,8.8,9.51,12.68,0.0
2016-09-19 11:00:00,37.08,37.08,37.08,37.08,4.0,0.0,0.0,35.732,34.721,34.6045,10.2,14.61,13.83,0.0
2016-09-19 10:30:00,37.08,37.08,37.08,37.08,0.0,0.0,0.0,35.058,34.357,34.357,10.4,14.81,14.81,0.0
2016-09-19 10:00:00,37.08,37.08,37.08,37.08,25.0,0.0,0.0,34.384,34.0544,34.0544,15.01,16.46,16.46,0.01
2016-09-14 15:00:00,33.71,33.71,33.71,33.71,15.0,0.0,0.0,33.71,33.6763,33.6763,11.21,15.39,15.39,0.0
2016-09-14 14:30:00,33.71,33.71,33.71,33.71,7.0,0.0,0.0,33.71,33.6714,33.6714,10.21,15.44,15.44,0.0
2016-09-14 14:00:00,33.71,33.71,33.71,33.71,5.0,0.0,0.0,33.71,33.665,33.665,19.01,16.85,16.85,0.0
2016-09-14 13:30:00,33.71,33.71,33.71,33.71,23.06,0.0,0.0,33.656,33.656,33.656,19.22,19.22,19.22,0.01
2016-09-14 11:30:00,33.71,33.71,33.71,33.71,6.0,0.0,0.0,33.6425,33.6425,33.6425,18.26,18.26,18.26,0.0
2016-09-14 11:00:00,33.71,33.71,33.71,33.71,10.0,0.0,0.0,33.62,33.62,33.62,22.35,22.35,22.35,0.0
2016-09-14 10:30:00,33.44,33.71,33.71,33.44,51.0,0.27,0.81,33.575,33.575,33.575,28.53,28.53,28.53,0.02
2016-09-14 10:00:00,28.09,33.44,33.44,28.09,6.05,5.35,19.05,33.44,33.44,33.44,6.05,6.05,6.05,0.0
