2017-02-03@15:00:00,55.664,55.038,54.412
2017-02-03@14:00:00,55.689,55.007,54.325
2017-02-03@11:30:00,55.619,54.968,54.316
2017-02-03@10:30:00,55.617,54.957,54.296
2017-01-26@15:00:00,55.604,54.941,54.278
2017-01-26@14:00:00,55.801,54.843,53.884
2017-01-26@11:30:00,55.873,54.753,53.632
2017-01-26@10:30:00,55.862,54.728,53.593
2017-01-25@15:00:00,55.976,54.650,53.323
2017-01-25@14:00:00,56.014,54.540,53.066
2017-01-25@11:30:00,55.974,54.443,52.912
2017-01-25@10:30:00,55.943,54.360,52.776
2017-01-24@15:00:00,55.953,54.266,52.578
2017-01-24@14:00:00,55.935,54.233,52.531
2017-01-24@11:30:00,55.867,54.193,52.519
2017-01-24@10:30:00,56.281,53.996,51.711
2017-01-23@15:00:00,56.491,53.798,51.104
2017-01-23@14:00:00,56.523,53.540,50.556
2017-01-23@11:30:00,56.342,53.359,50.375
2017-01-23@10:30:00,56.100,53.156,50.211
2017-01-20@15:00:00,55.791,53.003,50.214
2017-01-20@14:00:00,55.746,52.987,50.227
2017-01-20@11:30:00,55.758,52.990,50.222
2017-01-20@10:30:00,55.986,53.045,50.104
2017-01-19@15:00:00,56.123,53.082,50.040
2017-01-19@14:00:00,56.823,53.279,49.735
2017-01-19@11:30:00,57.536,53.494,49.452
2017-01-19@10:30:00,58.315,53.708,49.100
2017-01-18@15:00:00,59.024,53.976,48.927
2017-01-18@14:00:00,59.605,54.240,48.874
2017-01-18@11:30:00,60.203,54.512,48.821
2017-01-18@10:30:00,60.695,54.773,48.851
2017-01-17@15:00:00,61.208,55.077,48.946
2017-01-17@14:00:00,61.600,55.319,49.038
2017-01-17@11:30:00,62.017,55.564,49.111
2017-01-17@10:30:00,62.245,56.007,49.768
2017-01-16@15:00:00,62.318,56.440,50.562
2017-01-16@14:00:00,62.111,56.871,51.630
2017-01-16@11:30:00,61.903,57.211,52.518
2017-01-16@10:30:00,61.525,57.603,53.680
2017-01-13@15:00:00,60.986,57.909,54.831
2017-01-13@14:00:00,60.820,58.190,55.560
2017-01-13@11:30:00,60.776,58.473,56.170
2017-01-13@10:30:00,61.041,58.751,56.460
2017-01-12@15:00:00,61.167,59.059,56.950
2017-01-12@14:00:00,62.078,59.371,56.663
2017-01-12@11:30:00,62.987,59.690,56.392
2017-01-12@10:30:00,63.747,59.967,56.186
2017-01-11@15:00:00,64.499,60.273,56.047
2017-01-11@14:00:00,65.174,60.602,56.029
2017-01-11@11:30:00,65.750,60.907,56.063
2017-01-11@10:30:00,66.318,61.245,56.171
2017-01-10@15:00:00,66.718,61.533,56.348
2017-01-10@14:00:00,66.982,61.829,56.676
2017-01-10@11:30:00,67.220,62.107,56.993
2017-01-10@10:30:00,67.290,62.302,57.314
2017-01-09@15:00:00,67.357,62.527,57.697
2017-01-09@14:00:00,67.243,62.709,58.174
2017-01-09@11:30:00,67.032,62.942,58.851
2017-01-09@10:30:00,66.833,63.111,59.389
2017-01-06@15:00:00,66.372,63.335,60.297
2017-01-06@14:00:00,66.056,63.497,60.937
2017-01-06@11:30:00,65.788,63.620,61.452
2017-01-06@10:30:00,65.631,63.722,61.812
2017-01-05@15:00:00,65.492,63.783,62.074
2017-01-05@14:00:00,65.500,63.756,62.011
2017-01-05@11:30:00,65.485,63.747,62.008
2017-01-05@10:30:00,65.472,63.739,62.006
2017-01-04@15:00:00,65.366,63.680,61.994
2017-01-04@14:00:00,65.256,63.645,62.033
2017-01-04@11:30:00,65.178,63.622,62.066
2017-01-04@10:30:00,64.998,63.582,62.166
2017-01-03@15:00:00,64.891,63.553,62.214
2017-01-03@14:00:00,65.035,63.584,62.133
2017-01-03@11:30:00,64.928,63.545,62.161
2017-01-03@10:30:00,64.936,63.555,62.174
2016-12-30@15:00:00,64.920,63.504,62.087
2016-12-30@14:00:00,65.222,63.649,62.075
2016-12-30@11:30:00,65.586,63.783,61.979
2016-12-30@10:30:00,66.114,63.988,61.862
2016-12-29@15:00:00,66.728,64.212,61.696
2016-12-29@14:00:00,67.210,64.429,61.647
2016-12-29@11:30:00,67.553,64.636,61.719
2016-12-29@10:30:00,67.791,64.802,61.812
2016-12-28@15:00:00,67.892,64.971,62.050
2016-12-28@14:00:00,68.108,65.186,62.263
2016-12-28@11:30:00,68.219,65.310,62.400
2016-12-28@10:30:00,68.275,65.414,62.552
2016-12-27@15:00:00,68.372,65.587,62.801
2016-12-27@14:00:00,68.407,65.688,62.969
2016-12-27@11:30:00,68.417,65.763,63.108
2016-12-27@10:30:00,68.448,65.851,63.253
2016-12-26@15:00:00,68.446,65.958,63.470
2016-12-26@14:00:00,68.507,66.033,63.559
2016-12-26@11:30:00,68.504,66.208,63.911
2016-12-26@10:30:00,68.372,66.389,64.406
2016-12-23@15:00:00,67.767,66.622,65.476
2016-12-23@14:00:00,67.837,66.736,65.634
2016-12-23@11:30:00,67.840,66.810,65.779
2016-12-23@10:30:00,67.877,66.834,65.791
2016-12-22@15:00:00,67.920,66.847,65.773
2016-12-22@14:00:00,67.981,66.865,65.749
2016-12-22@11:30:00,67.972,66.859,65.746
2016-12-22@10:30:00,68.087,66.912,65.736
2016-12-21@15:00:00,68.082,66.944,65.805
2016-12-21@14:00:00,68.278,66.824,65.369
2016-12-21@11:30:00,68.300,66.797,65.294
2016-12-21@10:30:00,68.295,66.803,65.311
2016-12-20@15:00:00,68.455,66.688,64.921
2016-12-20@14:00:00,68.490,66.649,64.808
2016-12-20@11:30:00,68.486,66.660,64.833
2016-12-20@10:30:00,68.505,66.626,64.746
2016-12-19@15:00:00,68.565,66.559,64.553
2016-12-19@14:00:00,68.619,66.466,64.312
2016-12-19@11:30:00,68.563,66.438,64.312
2016-12-19@10:30:00,68.992,66.543,64.094
2016-12-16@15:00:00,69.556,66.677,63.797
2016-12-16@14:00:00,70.355,66.857,63.358
2016-12-16@11:30:00,71.193,67.084,62.974
2016-12-16@10:30:00,71.895,67.311,62.726
2016-12-15@15:00:00,72.345,67.482,62.619
2016-12-15@14:00:00,73.249,67.764,62.278
2016-12-15@11:30:00,74.293,68.131,61.969
2016-12-15@10:30:00,75.258,68.477,61.695
2016-12-14@15:00:00,76.121,68.866,61.610
2016-12-14@14:00:00,76.750,69.349,61.947
2016-12-14@11:30:00,77.223,69.749,62.275
2016-12-14@10:30:00,77.562,70.111,62.660
2016-12-13@15:00:00,77.566,70.500,63.434
2016-12-13@14:00:00,77.655,70.894,64.133
2016-12-13@11:30:00,77.822,71.297,64.771
2016-12-13@10:30:00,77.799,71.724,65.648
2016-12-12@15:00:00,77.498,72.183,66.868
2016-12-12@14:00:00,76.708,72.614,68.519
2016-12-12@11:30:00,76.020,72.947,69.874
2016-12-12@10:30:00,75.736,73.155,70.574
2016-12-09@15:00:00,75.573,73.366,71.159
2016-12-09@14:00:00,75.549,73.518,71.487
2016-12-09@11:30:00,76.196,73.783,71.370
2016-12-09@10:30:00,76.735,74.061,71.387
2016-12-08@15:00:00,77.554,74.460,71.366
2016-12-08@14:00:00,79.564,74.923,70.281
2016-12-08@11:30:00,81.093,75.346,69.598
2016-12-08@10:30:00,82.126,75.711,69.295
2016-12-07@15:00:00,82.897,76.045,69.193
2016-12-07@14:00:00,83.740,76.430,69.120
2016-12-07@11:30:00,84.431,76.836,69.240
2016-12-07@10:30:00,84.917,77.237,69.556
2016-12-06@15:00:00,85.344,77.722,70.099
2016-12-06@14:00:00,85.594,77.590,69.586
2016-12-06@11:30:00,85.806,77.438,69.069
2016-12-06@10:30:00,85.925,77.326,68.726
2016-12-05@15:00:00,86.018,77.222,68.425
2016-12-05@14:00:00,86.109,77.138,68.167
2016-12-05@11:30:00,86.224,77.034,67.843
2016-12-05@10:30:00,86.269,76.976,67.683
2016-12-02@15:00:00,86.339,76.861,67.382
2016-12-02@14:00:00,86.367,76.783,67.198
2016-12-02@11:30:00,86.296,76.589,66.882
2016-12-02@10:30:00,86.208,76.352,66.495
2016-12-01@15:00:00,85.983,75.961,65.939
2016-12-01@14:00:00,85.174,75.355,65.535
2016-12-01@11:30:00,84.161,74.738,65.314
2016-12-01@10:30:00,83.172,74.130,65.087
2016-11-30@15:00:00,82.412,73.364,64.315
2016-11-30@14:00:00,81.427,72.454,63.481
2016-11-30@11:30:00,80.090,71.566,63.041
2016-11-30@10:30:00,78.519,70.701,62.882
2016-10-13@15:00:00,76.089,69.836,63.582
2016-10-13@14:00:00,76.307,69.472,62.637
2016-10-13@11:30:00,76.245,69.153,62.061
2016-10-13@10:30:00,76.052,68.773,61.494
2016-10-12@15:00:00,75.748,68.377,61.005
2016-10-12@14:00:00,75.398,68.028,60.657
2016-10-12@11:30:00,75.026,67.760,60.494
2016-10-12@10:30:00,74.438,67.455,60.471
2016-10-11@15:00:00,73.837,67.140,60.443
2016-10-11@14:00:00,72.981,66.786,60.590
2016-10-11@11:30:00,71.863,66.409,60.955
2016-10-11@10:30:00,70.739,66.067,61.394
2016-10-10@15:00:00,69.827,65.792,61.756
2016-10-10@14:00:00,69.524,65.257,60.990
2016-10-10@11:30:00,68.947,64.723,60.498
2016-10-10@10:30:00,68.301,64.219,60.137
2016-09-30@15:00:00,68.329,63.902,59.475
2016-09-30@14:00:00,69.508,63.417,57.326
2016-09-30@11:30:00,70.173,62.921,55.668
2016-09-30@10:30:00,70.564,62.428,54.292
2016-09-29@15:00:00,70.688,61.903,53.118
2016-09-29@14:00:00,71.508,61.201,50.894
2016-09-29@11:30:00,71.810,60.433,49.056
2016-09-29@10:30:00,71.884,59.687,47.490
2016-09-28@15:00:00,71.747,58.946,46.145
2016-09-28@14:00:00,71.842,57.954,44.065
2016-09-28@11:30:00,71.390,56.901,42.411
2016-09-28@10:30:00,70.567,55.834,41.101
2016-09-27@15:00:00,69.531,54.792,40.053
2016-09-27@14:00:00,68.595,53.546,38.498
2016-09-27@11:30:00,67.243,52.301,37.359
2016-09-27@10:30:00,65.465,51.055,36.646
2016-09-26@15:00:00,63.212,49.810,36.408
2016-09-26@14:00:00,62.361,48.677,34.994
2016-09-26@11:30:00,61.130,47.545,33.960
2016-09-26@10:30:00,59.514,46.412,33.311
2016-09-23@15:00:00,57.464,45.280,33.096
2016-09-23@14:00:00,56.689,44.250,31.812
2016-09-23@11:30:00,55.570,43.221,30.872
2016-09-23@10:30:00,54.100,42.192,30.283
2016-09-22@15:00:00,52.236,41.162,30.088
2016-09-22@14:00:00,nan,nan,nan
2016-09-22@11:30:00,nan,nan,nan
2016-09-22@10:30:00,nan,nan,nan
2016-09-21@15:00:00,nan,nan,nan
2016-09-21@14:00:00,nan,nan,nan
2016-09-21@11:30:00,nan,nan,nan
2016-09-21@10:30:00,nan,nan,nan
2016-09-20@15:00:00,nan,nan,nan
2016-09-20@14:00:00,nan,nan,nan
2016-09-20@11:30:00,nan,nan,nan
2016-09-20@10:30:00,nan,nan,nan
2016-09-19@15:00:00,nan,nan,nan
2016-09-19@14:00:00,nan,nan,nan
2016-09-19@11:30:00,nan,nan,nan
2016-09-19@10:30:00,nan,nan,nan
2016-09-14@15:00:00,nan,nan,nan
2016-09-14@14:00:00,nan,nan,nan
2016-09-14@11:30:00,nan,nan,nan
2016-09-14@10:30:00,nan,nan,nan
