Not
2017-01-06@15:00:00,-1.393,-1.095,-0.298
2017-01-06@14:30:00,-1.348,-1.021,-0.327
2017-01-06@14:00:00,-1.285,-0.939,-0.347
2017-01-06@13:30:00,-1.212,-0.852,-0.360
2017-01-06@11:30:00,-1.117,-0.762,-0.355
2017-01-06@11:00:00,-1.027,-0.674,-0.354
2017-01-06@10:30:00,-0.905,-0.585,-0.320
2017-01-06@10:00:00,-0.752,-0.505,-0.247
2017-01-05@15:00:00,-0.615,-0.443,-0.172
2017-01-05@14:30:00,-0.515,-0.400,-0.115
2017-01-05@14:00:00,-0.455,-0.371,-0.083
2017-01-05@13:30:00,-0.412,-0.351,-0.061
2017-01-05@11:30:00,-0.358,-0.335,-0.022
2017-01-05@11:00:00,-0.305,-0.330,0.025
2017-01-05@10:30:00,-0.265,-0.336,0.072
2017-01-05@10:00:00,-0.238,-0.354,0.116
2017-01-04@15:00:00,-0.206,-0.383,0.177
2017-01-04@14:30:00,-0.243,-0.427,0.185
2017-01-04@14:00:00,-0.289,-0.473,0.185
2017-01-04@13:30:00,-0.376,-0.520,0.143
2017-01-04@11:30:00,-0.447,-0.555,0.109
2017-01-04@11:00:00,-0.468,-0.582,0.114
2017-01-04@10:30:00,-0.477,-0.611,0.134
2017-01-04@10:00:00,-0.463,-0.644,0.181
2017-01-03@15:00:00,-0.440,-0.690,0.250
2017-01-03@14:30:00,-0.513,-0.752,0.239
2017-01-03@14:00:00,-0.612,-0.812,0.200
2017-01-03@13:30:00,-0.718,-0.862,0.144
2017-01-03@11:30:00,-0.749,-0.898,0.149
2017-01-03@11:00:00,-0.768,-0.935,0.166
2017-01-03@10:30:00,-0.782,-0.976,0.194
2017-01-03@10:00:00,-0.846,-1.025,0.179
2016-12-30@15:00:00,-0.880,-1.070,0.190
2016-12-30@14:30:00,-0.943,-1.117,0.174
2016-12-30@14:00:00,-1.012,-1.161,0.149
2016-12-30@13:30:00,-1.156,-1.198,0.042
2016-12-30@11:30:00,-1.230,-1.208,-0.021
2016-12-30@11:00:00,-1.311,-1.203,-0.108
2016-12-30@10:30:00,-1.288,-1.176,-0.111
2016-12-30@10:00:00,-1.239,-1.148,-0.091
2016-12-29@15:00:00,-1.213,-1.126,-0.087
2016-12-29@14:30:00,-1.157,-1.104,-0.053
2016-12-29@14:00:00,-1.159,-1.091,-0.068
2016-12-29@13:30:00,-1.153,-1.074,-0.079
2016-12-29@11:30:00,-1.191,-1.054,-0.137
2016-12-29@11:00:00,-1.246,-1.020,-0.226
2016-12-29@10:30:00,-1.266,-0.963,-0.303
2016-12-29@10:00:00,-1.264,-0.887,-0.376
2016-12-28@15:00:00,-1.273,-0.793,-0.480
2016-12-28@14:30:00,-1.143,-0.673,-0.470
2016-12-28@14:00:00,-1.036,-0.556,-0.480
2016-12-28@13:30:00,-0.980,-0.436,-0.544
2016-12-28@11:30:00,-0.915,-0.300,-0.615
2016-12-28@11:00:00,-0.814,-0.147,-0.668
2016-12-28@10:30:00,-0.670,0.020,-0.690
2016-12-28@10:00:00,-0.490,0.193,-0.683
2016-12-27@15:00:00,-0.247,0.364,-0.611
2016-12-27@14:30:00,-0.228,0.516,-0.744
2016-12-27@14:00:00,-0.157,0.702,-0.860
2016-12-27@13:30:00,-0.029,0.917,-0.947
2016-12-27@11:30:00,0.103,1.154,-1.051
2016-12-27@11:00:00,0.267,1.417,-1.150
2016-12-27@10:30:00,0.455,1.704,-1.250
2016-12-27@10:00:00,0.670,2.017,-1.347
2016-12-26@15:00:00,0.903,2.354,-1.450
2016-12-26@14:30:00,1.256,2.716,-1.460
2016-12-26@14:00:00,1.550,3.081,-1.532
2016-12-26@13:30:00,1.885,3.464,-1.580
2016-12-26@11:30:00,2.264,3.859,-1.595
2016-12-26@11:00:00,2.702,4.258,-1.556
2016-12-26@10:30:00,3.246,4.647,-1.400
2016-12-26@10:00:00,3.990,4.997,-1.007
2016-12-23@15:00:00,4.733,5.248,-0.515
2016-12-23@14:30:00,5.073,5.377,-0.304
2016-12-23@14:00:00,5.272,5.453,-0.181
2016-12-23@13:30:00,5.446,5.499,-0.053
2016-12-23@11:30:00,5.523,5.512,0.012
2016-12-23@11:00:00,5.648,5.509,0.139
2016-12-23@10:30:00,5.735,5.474,0.261
2016-12-23@10:00:00,5.637,5.409,0.228
2016-12-22@15:00:00,5.208,5.352,-0.144
2016-12-22@14:30:00,5.374,5.388,-0.014
2016-12-22@14:00:00,5.508,5.391,0.116
2016-12-22@13:30:00,5.598,5.362,0.236
2016-12-22@11:30:00,5.632,5.303,0.329
2016-12-22@11:00:00,5.594,5.221,0.373
2016-12-22@10:30:00,5.464,5.128,0.336
2016-12-22@10:00:00,nan,nan,nan
2016-12-21@15:00:00,nan,nan,nan
2016-12-21@14:30:00,nan,nan,nan
2016-12-21@14:00:00,nan,nan,nan
2016-12-21@13:30:00,nan,nan,nan
2016-12-21@11:30:00,nan,nan,nan
2016-12-21@11:00:00,nan,nan,nan
2016-12-21@10:30:00,nan,nan,nan
2016-12-21@10:00:00,nan,nan,nan
2016-12-20@15:00:00,nan,nan,nan
2016-12-20@14:30:00,nan,nan,nan
2016-12-20@14:00:00,nan,nan,nan
2016-12-20@13:30:00,nan,nan,nan
2016-12-20@11:30:00,nan,nan,nan
2016-12-20@11:00:00,nan,nan,nan
2016-12-20@10:30:00,nan,nan,nan
2016-12-20@10:00:00,nan,nan,nan
2016-12-19@15:00:00,nan,nan,nan
2016-12-19@14:30:00,nan,nan,nan
2016-12-19@14:00:00,nan,nan,nan
2016-12-19@13:30:00,nan,nan,nan
2016-12-19@11:30:00,nan,nan,nan
2016-12-19@11:00:00,nan,nan,nan
2016-12-19@10:30:00,nan,nan,nan
2016-12-19@10:00:00,nan,nan,nan
2016-12-16@15:00:00,nan,nan,nan
2016-12-16@14:30:00,nan,nan,nan
2016-12-16@14:00:00,nan,nan,nan
2016-12-16@13:30:00,nan,nan,nan
2016-12-16@11:30:00,nan,nan,nan
2016-12-16@11:00:00,nan,nan,nan
2016-12-16@10:30:00,nan,nan,nan
2016-12-16@10:00:00,nan,nan,nan
