Not
2017-06-30,0.799,0.865,-0.067
2017-06-29,0.815,0.882,-0.067
2017-06-28,0.795,0.899,-0.104
2017-06-27,0.855,0.925,-0.070
2017-06-26,0.885,0.942,-0.057
2017-06-23,0.855,0.956,-0.102
2017-06-22,0.925,0.982,-0.056
2017-06-21,0.944,0.996,-0.052
2017-06-20,0.823,1.009,-0.186
2017-06-19,0.919,1.055,-0.136
2017-06-16,1.063,1.089,-0.026
2017-06-15,1.189,1.096,0.093
2017-06-14,1.193,1.073,0.120
2017-06-13,1.187,1.043,0.144
2017-06-12,1.208,1.006,0.202
2017-06-09,1.165,0.956,0.209
2017-06-08,1.111,0.904,0.207
2017-06-07,1.022,0.852,0.170
2017-06-06,0.919,0.810,0.109
2017-06-05,0.852,0.782,0.070
2017-06-02,0.799,0.765,0.034
2017-06-01,0.864,0.756,0.107
2017-05-31,0.952,0.730,0.223
2017-05-26,0.927,0.674,0.253
2017-05-25,0.924,0.611,0.314
2017-05-24,0.906,0.532,0.374
2017-05-23,0.822,0.439,0.383
2017-05-22,0.710,0.343,0.367
2017-05-19,0.582,0.252,0.330
2017-05-18,0.413,0.169,0.244
2017-05-17,0.263,0.108,0.155
2017-05-16,0.195,0.069,0.125
2017-05-15,0.153,0.038,0.115
2017-05-12,0.111,0.009,0.102
2017-05-11,0.103,-0.016,0.120
2017-05-10,0.083,-0.046,0.129
2017-05-09,0.051,-0.079,0.130
2017-05-08,0.035,-0.111,0.146
2017-05-05,0.058,-0.148,0.206
2017-05-04,0.035,-0.199,0.235
2017-05-03,-0.045,-0.258,0.213
2017-05-02,-0.174,-0.311,0.137
2017-04-28,-0.287,-0.345,0.058
2017-04-27,-0.428,-0.360,-0.068
2017-04-26,-0.481,-0.343,-0.138
2017-04-25,-0.453,-0.308,-0.145
2017-04-24,-0.415,-0.272,-0.143
2017-04-21,-0.364,-0.236,-0.128
2017-04-20,-0.350,-0.204,-0.146
2017-04-19,-0.346,-0.168,-0.179
2017-04-18,-0.310,-0.123,-0.187
2017-04-17,-0.303,-0.076,-0.226
2017-04-14,-0.227,-0.020,-0.208
2017-04-13,-0.157,0.032,-0.189
2017-04-12,-0.088,0.080,-0.168
2017-04-11,-0.042,0.122,-0.163
2017-04-10,0.025,0.163,-0.137
2017-04-07,0.081,0.197,-0.115
2017-04-06,0.063,0.226,-0.163
2017-04-05,0.044,0.266,-0.223
2017-03-31,0.071,0.322,-0.251
2017-03-30,0.193,0.385,-0.192
2017-03-29,0.323,0.433,-0.109
2017-03-28,0.409,0.460,-0.051
2017-03-27,0.437,0.473,-0.036
2017-03-24,0.534,0.482,0.053
2017-03-23,0.556,0.469,0.087
2017-03-22,0.569,0.447,0.123
2017-03-21,0.581,0.416,0.165
2017-03-20,0.538,0.375,0.163
2017-03-17,0.554,0.334,0.219
2017-03-16,0.539,0.279,0.259
2017-03-15,0.465,0.215,0.251
2017-03-14,0.369,0.152,0.217
2017-03-13,0.281,0.098,0.183
2017-03-10,0.203,0.052,0.152
2017-03-09,0.092,0.014,0.078
2017-03-08,0.083,-0.006,0.088
2017-03-07,0.059,-0.028,0.087
2017-03-06,-0.002,-0.050,0.047
2017-03-03,-0.090,-0.061,-0.028
2017-03-02,-0.060,-0.054,-0.006
2017-03-01,-0.025,-0.053,0.028
2017-02-28,-0.043,-0.060,0.017
2017-02-27,-0.073,-0.064,-0.009
2017-02-24,-0.071,-0.062,-0.010
2017-02-23,-0.103,-0.059,-0.044
2017-02-22,-0.082,-0.048,-0.034
2017-02-21,-0.061,-0.040,-0.021
2017-02-20,-0.060,-0.035,-0.025
2017-02-17,0.005,-0.028,0.034
2017-02-16,0.045,-0.037,0.082
2017-02-15,0.048,-0.057,0.105
2017-02-14,0.077,-0.084,0.161
2017-02-13,0.071,-0.124,0.195
2017-02-10,0.020,-0.173,0.193
2017-02-09,-0.059,-0.221,0.162
2017-02-08,-0.129,-0.262,0.133
2017-02-07,-0.188,-0.295,0.107
2017-02-06,-0.243,-0.321,0.079
2017-02-03,-0.302,-0.341,0.040
2017-01-26,-0.308,-0.351,0.043
2017-01-25,-0.356,-0.362,0.005
2017-01-24,-0.395,-0.363,-0.032
2017-01-23,-0.428,-0.355,-0.073
2017-01-20,-0.457,-0.337,-0.120
2017-01-19,-0.486,-0.307,-0.179
2017-01-18,-0.435,-0.262,-0.173
2017-01-17,-0.394,-0.219,-0.175
2017-01-16,-0.342,-0.175,-0.167
2017-01-13,-0.207,-0.133,-0.074
2017-01-12,-0.108,-0.114,0.006
2017-01-11,-0.024,-0.116,0.092
2017-01-10,0.001,-0.139,0.140
2017-01-09,0.018,-0.174,0.192
2017-01-06,-0.012,-0.222,0.210
2017-01-05,-0.036,-0.275,0.239
2017-01-04,-0.119,-0.335,0.216
2017-01-03,-0.185,-0.389,0.204
2016-12-30,-0.207,-0.439,0.232
2016-12-29,-0.243,-0.498,0.255
2016-12-28,-0.350,-0.561,0.212
2016-12-27,-0.461,-0.614,0.153
2016-12-26,-0.498,-0.653,0.154
2016-12-23,-0.552,-0.691,0.139
2016-12-22,-0.587,-0.726,0.138
2016-12-21,-0.666,-0.760,0.094
2016-12-20,-0.814,-0.784,-0.030
2016-12-19,-0.933,-0.776,-0.157
2016-12-16,-0.929,-0.737,-0.192
2016-12-15,-0.915,-0.689,-0.226
2016-12-14,-0.869,-0.633,-0.236
2016-12-13,-0.740,-0.574,-0.166
2016-12-12,-0.697,-0.532,-0.164
2016-12-09,-0.645,-0.491,-0.153
2016-12-08,-0.599,-0.453,-0.146
2016-12-07,-0.555,-0.417,-0.138
2016-12-06,-0.563,-0.382,-0.181
2016-12-05,-0.524,-0.337,-0.187
2016-12-02,-0.420,-0.290,-0.130
2016-12-01,-0.322,-0.257,-0.065
2016-11-30,-0.317,-0.241,-0.075
2016-11-29,-0.286,-0.222,-0.064
2016-11-28,-0.226,-0.206,-0.019
2016-11-25,-0.140,-0.202,0.062
2016-11-24,-0.090,-0.217,0.127
2016-11-23,-0.054,-0.249,0.195
2016-11-22,-0.066,-0.297,0.232
2016-11-21,-0.133,-0.355,0.222
2016-11-18,-0.242,-0.411,0.169
2016-11-17,-0.340,-0.453,0.113
2016-11-16,-0.348,-0.481,0.134
2016-11-15,-0.386,-0.515,0.129
2016-11-14,-0.468,-0.547,0.079
2016-11-11,-0.555,-0.567,0.012
2016-11-10,-0.644,-0.570,-0.074
2016-11-09,-0.719,-0.551,-0.168
2016-11-08,-0.708,-0.509,-0.199
2016-11-07,-0.684,-0.459,-0.225
2016-11-04,-0.589,-0.403,-0.186
2016-11-03,-0.581,-0.357,-0.224
2016-11-02,-0.564,-0.301,-0.263
2016-11-01,-0.524,-0.235,-0.289
2016-10-31,-0.461,-0.163,-0.298
2016-10-28,-0.303,-0.089,-0.215
2016-10-27,-0.056,-0.035,-0.021
2016-10-26,-0.016,-0.030,0.013
2016-10-25,0.006,-0.033,0.039
2016-10-24,-0.047,-0.043,-0.005
2016-10-21,-0.018,-0.041,0.023
2016-10-20,-0.006,-0.047,0.041
2016-10-19,0.006,-0.057,0.064
2016-10-18,0.015,-0.073,0.088
2016-10-17,-0.011,-0.095,0.084
2016-10-14,0.005,-0.116,0.121
2016-10-13,-0.007,-0.147,0.140
2016-10-12,-0.032,-0.182,0.150
2016-10-11,-0.094,-0.219,0.125
2016-10-10,-0.160,-0.250,0.090
2016-09-30,-0.182,-0.273,0.091
2016-09-29,-0.171,-0.296,0.124
2016-09-28,-0.165,-0.327,0.162
2016-09-27,-0.199,-0.367,0.169
2016-09-26,-0.253,-0.409,0.156
2016-09-23,-0.283,-0.448,0.165
2016-09-22,-0.355,-0.490,0.134
2016-09-21,-0.409,-0.523,0.114
2016-09-20,-0.477,-0.552,0.074
2016-09-19,-0.526,-0.570,0.044
2016-09-14,-0.553,-0.581,0.029
2016-09-13,-0.556,-0.589,0.033
2016-09-12,-0.557,-0.597,0.040
2016-09-09,-0.516,-0.607,0.091
2016-09-08,-0.547,-0.630,0.083
2016-09-07,-0.598,-0.650,0.052
2016-09-06,-0.607,-0.663,0.056
2016-09-05,-0.654,-0.677,0.024
2016-09-02,-0.673,-0.683,0.011
2016-09-01,-0.638,-0.686,0.048
2016-08-31,-0.655,-0.698,0.043
2016-08-30,-0.710,-0.709,-0.001
2016-08-29,-0.768,-0.709,-0.059
2016-08-26,-0.751,-0.694,-0.057
2016-08-25,-0.766,-0.680,-0.086
2016-08-24,-0.698,-0.658,-0.040
2016-08-23,-0.675,-0.648,-0.027
2016-08-22,-0.613,-0.642,0.029
2016-08-19,-0.609,-0.649,0.040
2016-08-18,-0.669,-0.659,-0.010
2016-08-17,-0.745,-0.656,-0.089
2016-08-16,-0.773,-0.634,-0.139
2016-08-15,-0.825,-0.599,-0.226
2016-08-12,-0.870,-0.543,-0.328
2016-08-11,-0.814,-0.461,-0.354
2016-08-10,-0.730,-0.372,-0.358
2016-08-09,-0.724,-0.283,-0.442
2016-08-08,-0.647,-0.172,-0.475
2016-08-05,-0.547,-0.053,-0.493
2016-08-04,-0.391,0.070,-0.461
2016-08-03,-0.187,0.185,-0.372
2016-08-02,-0.038,0.278,-0.316
2016-08-01,0.164,0.357,-0.193
2016-07-29,0.367,0.406,-0.039
2016-07-28,0.400,0.415,-0.015
2016-07-27,0.460,0.419,0.041
2016-07-26,0.441,0.409,0.032
2016-07-25,0.357,0.401,-0.044
2016-07-22,0.237,0.412,-0.175
2016-07-21,0.153,0.455,-0.302
2016-07-20,0.235,0.531,-0.296
2016-07-19,0.248,0.605,-0.357
2016-07-18,0.280,0.694,-0.414
2016-07-15,0.386,0.798,-0.412
2016-07-14,0.467,0.901,-0.433
2016-07-13,0.550,1.009,-0.459
2016-07-12,0.715,1.124,-0.409
2016-07-11,0.907,1.226,-0.319
2016-07-08,1.177,1.306,-0.129
2016-07-07,1.284,1.338,-0.054
2016-07-06,1.298,1.351,-0.053
2016-07-05,1.292,1.364,-0.072
2016-07-04,1.287,1.383,-0.096
2016-07-01,1.160,1.406,-0.247
2016-06-30,1.214,1.468,-0.254
2016-06-29,1.274,1.532,-0.258
2016-06-28,1.364,1.596,-0.232
2016-06-27,1.418,1.654,-0.236
2016-06-24,1.505,1.713,-0.208
2016-06-23,1.647,1.765,-0.118
2016-06-22,1.816,1.795,0.021
2016-06-21,1.891,1.790,0.102
2016-06-20,1.925,1.764,0.161
2016-06-17,1.874,1.724,0.150
2016-06-16,1.982,1.686,0.296
2016-06-15,2.044,1.612,0.431
2016-06-14,1.931,1.505,0.427
2016-06-13,1.912,1.398,0.514
2016-06-08,2.031,1.270,0.761
2016-06-07,1.645,1.079,0.565
2016-06-06,1.377,0.938,0.439
2016-06-03,1.107,0.828,0.279
2016-06-02,0.951,0.758,0.192
2016-06-01,0.747,0.710,0.036
2016-05-31,0.481,0.701,-0.221
2016-05-30,0.326,0.756,-0.430
2016-05-27,0.321,0.864,-0.543
2016-05-26,0.301,1.000,-0.698
2016-05-25,0.503,1.174,-0.671
2016-05-24,0.742,1.342,-0.600
2016-05-23,0.915,1.492,-0.577
2016-05-20,0.985,1.636,-0.652
2016-05-19,1.148,1.799,-0.652
2016-05-18,1.401,1.962,-0.561
2016-05-17,1.673,2.102,-0.429
2016-05-16,1.883,2.210,-0.326
2016-05-13,1.986,2.291,-0.306
2016-05-12,2.132,2.368,-0.235
2016-05-11,2.140,2.427,-0.287
2016-05-10,2.323,2.498,-0.175
2016-05-09,2.518,2.542,-0.024
2016-05-06,2.749,2.548,0.201
2016-05-05,2.853,2.498,0.355
2016-05-04,2.807,2.409,0.398
2016-05-03,2.619,2.309,0.309
2016-04-29,2.519,2.232,0.287
2016-04-28,2.457,2.160,0.297
2016-04-27,2.296,2.086,0.210
2016-04-26,2.105,2.033,0.071
2016-04-25,2.072,2.016,0.056
2016-04-22,1.963,2.002,-0.039
2016-04-21,1.830,2.011,-0.181
2016-04-20,1.847,2.056,-0.210
2016-04-19,2.065,2.109,-0.044
2016-04-18,2.172,2.120,0.052
2016-04-15,2.256,2.107,0.149
2016-04-14,2.286,2.069,0.217
2016-04-13,2.331,2.015,0.316
2016-04-12,2.359,1.936,0.423
2016-04-11,2.391,1.831,0.560
2016-04-08,2.299,1.691,0.608
2016-04-07,2.314,1.539,0.776
2016-04-06,2.212,1.345,0.867
2016-04-05,2.012,1.128,0.885
2016-04-01,1.687,0.907,0.781
2016-03-31,1.478,0.711,0.766
2016-03-30,1.069,0.520,0.549
2016-03-29,0.811,0.383,0.428
2016-03-28,0.773,0.276,0.497
2016-03-25,0.744,0.151,0.593
2016-03-24,0.687,0.003,0.684
2016-03-23,0.549,-0.168,0.717
2016-03-22,0.283,-0.347,0.630
2016-03-21,-0.041,-0.504,0.463
2016-03-18,-0.306,-0.620,0.314
2016-03-17,-0.561,-0.699,0.138
2016-03-16,-0.667,-0.733,0.066
2016-03-15,-0.667,-0.750,0.083
2016-03-14,-0.713,-0.770,0.057
2016-03-11,-0.854,-0.785,-0.069
2016-03-10,-0.883,-0.767,-0.116
2016-03-09,-0.869,-0.738,-0.131
2016-03-08,-0.805,-0.706,-0.099
2016-03-07,-0.812,-0.681,-0.132
2016-03-04,-0.801,-0.648,-0.153
2016-03-03,-0.672,-0.610,-0.063
2016-03-02,-0.671,-0.594,-0.078
2016-03-01,-0.691,-0.574,-0.116
2016-02-29,-0.607,-0.545,-0.062
2016-02-26,-0.381,-0.530,0.149
2016-02-25,-0.214,-0.567,0.353
2016-02-24,-0.047,-0.655,0.608
2016-02-23,-0.130,-0.807,0.677
2016-02-22,-0.258,-0.977,0.718
2016-02-19,-0.447,-1.156,0.709
2016-02-18,-0.607,-1.334,0.727
2016-02-17,-0.775,-1.515,0.740
2016-02-16,-0.992,-1.700,0.708
2016-02-15,-1.275,-1.877,0.602
2016-02-05,-1.534,-2.028,0.493
2016-02-04,-1.799,-2.151,0.352
2016-02-03,-2.138,-2.239,0.101
2016-02-02,-2.355,-2.264,-0.090
2016-02-01,-2.485,-2.242,-0.244
2016-01-29,-2.491,-2.181,-0.310
2016-01-28,-2.463,-2.103,-0.360
2016-01-27,-2.289,-2.013,-0.276
2016-01-26,-2.204,-1.944,-0.260
2016-01-25,-2.097,-1.879,-0.218
2016-01-22,-2.211,-1.825,-0.386
2016-01-21,-2.258,-1.729,-0.530
2016-01-20,-2.211,-1.596,-0.615
2016-01-19,-2.298,-1.442,-0.855
2016-01-18,-2.399,-1.228,-1.170
2016-01-15,-2.348,-0.936,-1.412
2016-01-14,-2.102,-0.583,-1.519
2016-01-13,-1.850,-0.203,-1.646
2016-01-12,-1.364,0.208,-1.573
2016-01-11,-0.867,0.602,-1.469
2016-01-08,-0.245,0.969,-1.214
2016-01-07,0.247,1.272,-1.025
2016-01-06,0.739,1.529,-0.789
2016-01-05,1.019,1.726,-0.707
2016-01-04,1.384,1.903,-0.519
2015-12-31,1.844,2.033,-0.188
2015-12-30,2.033,2.080,-0.047
2015-12-29,2.081,2.092,-0.010
2015-12-28,2.059,2.094,-0.035
2015-12-25,2.066,2.103,-0.037
2015-12-24,2.121,2.112,0.009
2015-12-23,2.197,2.110,0.087
2015-12-22,2.283,2.088,0.195
2015-12-21,2.235,2.040,0.196
2015-12-18,2.162,1.991,0.171
2015-12-17,1.938,1.948,-0.009
2015-12-16,1.822,1.950,-0.128
2015-12-15,1.735,1.982,-0.247
2015-12-14,1.761,2.044,-0.283
2015-12-11,1.910,2.115,-0.205
2015-12-10,2.035,2.166,-0.131
2015-12-09,1.979,2.198,-0.220
2015-12-08,1.965,2.253,-0.288
2015-12-07,2.095,2.325,-0.231
2015-12-04,2.250,2.383,-0.133
2015-12-03,2.438,2.416,0.022
2015-12-02,2.623,2.411,0.212
2015-12-01,2.779,2.358,0.422
2015-11-30,2.789,2.252,0.537
2015-11-27,2.796,2.118,0.678
2015-11-26,2.805,1.948,0.856
2015-11-25,2.544,1.734,0.809
2015-11-24,2.170,1.532,0.638
2015-11-23,2.002,1.373,0.629
2015-11-20,1.760,1.215,0.545
2015-11-19,1.577,1.079,0.498
2015-11-18,1.449,0.954,0.495
2015-11-17,1.342,0.831,0.511
2015-11-16,1.020,0.703,0.317
2015-10-30,0.815,0.624,0.191
2015-10-29,0.810,0.576,0.234
2015-10-28,0.791,0.518,0.274
2015-10-27,0.806,0.449,0.357
2015-10-26,0.729,0.360,0.369
2015-10-23,0.623,0.268,0.355
2015-10-22,0.569,0.179,0.390
2015-10-21,0.575,0.082,0.493
2015-10-20,0.692,-0.042,0.734
2015-10-19,0.561,-0.225,0.786
2015-10-16,0.417,-0.422,0.839
2015-10-15,0.157,-0.632,0.788
2015-10-14,-0.119,-0.829,0.710
2015-10-13,-0.286,-1.006,0.720
2015-10-12,-0.521,-1.186,0.665
2015-10-09,-0.792,-1.352,0.561
2015-10-08,-0.977,-1.492,0.515
2015-09-30,-1.198,-1.621,0.423
2015-09-29,-1.300,-1.727,0.427
2015-09-28,-1.345,-1.834,0.488
2015-09-25,-1.450,-1.956,0.506
2015-09-24,-1.521,-2.082,0.561
2015-09-23,-1.672,-2.222,0.550
2015-09-22,-1.800,-2.360,0.559
2015-09-21,-2.025,-2.500,0.474
2015-09-18,-2.286,-2.618,0.332
2015-09-17,-2.455,-2.701,0.247
2015-09-16,-2.570,-2.763,0.193
2015-09-15,-2.709,-2.811,0.103
2015-09-14,-2.659,-2.837,0.178
2015-09-11,-2.633,-2.882,0.248
2015-09-10,-2.793,-2.944,0.151
2015-09-09,-2.952,-2.981,0.029
2015-09-08,-3.190,-2.989,-0.201
2015-09-07,-3.387,-2.939,-0.449
2015-09-02,-3.440,-2.826,-0.614
2015-09-01,-3.356,-2.673,-0.683
2015-08-31,-3.154,-2.502,-0.652
2015-08-28,-3.054,-2.339,-0.715
2015-08-27,-3.045,-2.160,-0.885
2015-08-26,-2.845,-1.939,-0.905
2015-08-25,-2.375,-1.713,-0.662
2015-08-24,-1.924,-1.547,-0.376
2015-08-21,-1.567,-1.453,-0.113
2015-08-20,-1.367,-1.425,0.058
2015-08-19,-1.262,-1.439,0.178
2015-08-18,-1.310,-1.484,0.173
2015-08-17,-1.128,-1.527,0.399
2015-08-14,-1.204,-1.627,0.423
2015-08-13,-1.308,-1.733,0.425
2015-08-12,-1.430,-1.839,0.409
2015-08-11,-1.524,-1.941,0.417
2015-08-10,-1.733,-2.045,0.312
2015-08-07,-2.003,-2.123,0.120
2015-08-06,-2.087,-2.154,0.067
2015-08-05,-1.998,-2.170,0.172
2015-08-04,-1.954,-2.213,0.259
2015-08-03,-1.978,-2.278,0.300
2015-07-31,-1.780,-2.353,0.573
2015-07-30,-1.832,-2.496,0.664
2015-07-29,-1.975,-2.662,0.688
2015-07-28,-2.133,-2.834,0.701
2015-07-27,-2.087,-3.010,0.922
2015-07-24,-2.349,-3.240,0.891
2015-07-23,-2.715,-3.463,0.748
2015-07-22,-3.134,-3.650,0.516
2015-07-21,-3.483,-3.779,0.296
2015-07-20,-3.932,-3.853,-0.079
2015-07-17,-4.395,-3.833,-0.562
2015-07-16,-4.799,-3.692,-1.106
2015-07-15,-4.942,-3.416,-1.527
2015-07-14,-4.932,-3.034,-1.898
2015-07-13,-4.920,-2.560,-2.361
2015-07-07,-4.563,-1.969,-2.594
2015-07-06,-3.795,-1.321,-2.474
2015-07-03,-3.021,-0.702,-2.318
2015-07-02,-2.276,-0.123,-2.153
2015-07-01,-1.605,0.415,-2.021
2015-06-30,-1.102,0.921,-2.022
2015-06-29,-0.657,1.426,-2.083
2015-06-26,0.168,1.947,-1.779
2015-06-25,0.813,2.392,-1.579
2015-06-24,1.177,2.786,-1.610
2015-06-23,1.557,3.189,-1.632
2015-06-19,1.856,3.597,-1.741
2015-06-18,2.426,4.032,-1.606
2015-06-17,3.081,4.434,-1.352
2015-06-16,3.558,4.772,-1.214
2015-06-15,4.209,5.076,-0.866
2015-06-12,4.580,5.292,-0.712
2015-06-11,4.709,5.470,-0.761
2015-06-10,5.112,5.660,-0.549
2015-06-09,5.481,5.797,-0.316
2015-06-08,5.971,5.876,0.095
2015-06-05,6.589,5.853,0.736
2015-06-04,6.875,5.669,1.207
2015-06-03,6.897,5.367,1.529
2015-06-02,6.618,4.985,1.633
2015-06-01,6.028,4.577,1.452
2015-05-29,5.407,4.214,1.193
2015-05-28,5.064,3.915,1.149
2015-05-27,5.035,3.628,1.407
2015-05-26,4.636,3.276,1.360
2015-05-25,3.982,2.936,1.045
2015-05-22,3.520,2.675,0.845
2015-05-21,3.311,2.464,0.847
2015-05-20,3.243,2.252,0.991
2015-05-19,3.089,2.004,1.084
2015-05-18,2.833,1.733,1.100
2015-05-15,2.354,1.458,0.896
2015-05-14,1.977,1.234,0.743
2015-05-13,1.676,1.049,0.627
2015-05-12,1.447,0.892,0.555
2015-05-11,1.119,0.753,0.366
2015-05-08,0.740,0.661,0.078
2015-05-07,0.520,0.642,-0.122
2015-05-06,0.438,0.672,-0.235
2015-05-05,0.419,0.731,-0.312
2015-05-04,0.469,0.809,-0.340
2015-04-30,0.499,0.894,-0.395
2015-04-29,0.610,0.993,-0.383
2015-04-28,0.753,1.089,-0.335
2015-04-27,0.991,1.172,-0.181
2015-04-24,1.074,1.218,-0.144
2015-04-23,1.138,1.254,-0.115
2015-04-22,1.097,1.282,-0.185
2015-04-21,1.161,1.329,-0.168
2015-04-20,1.243,1.371,-0.127
2015-04-17,1.326,1.403,-0.077
2015-04-16,1.322,1.422,-0.100
2015-04-15,1.296,1.447,-0.150
2015-04-14,1.359,1.484,-0.126
2015-04-13,1.405,1.516,-0.111
2015-04-10,1.462,1.543,-0.081
2015-04-09,1.479,1.563,-0.084
2015-04-08,1.611,1.585,0.026
2015-04-07,1.666,1.578,0.088
2015-04-03,1.638,1.556,0.082
2015-04-02,1.556,1.535,0.021
2015-04-01,1.531,1.530,0.001
2015-03-31,1.539,1.530,0.009
2015-03-30,1.609,1.528,0.081
2015-03-27,1.649,1.508,0.141
2015-03-26,1.660,1.472,0.188
2015-03-25,1.657,1.425,0.232
2015-03-24,1.574,1.367,0.207
2015-03-23,1.569,1.316,0.254
2015-03-20,1.463,1.252,0.211
2015-03-19,1.359,1.199,0.160
2015-03-18,1.297,1.159,0.138
2015-03-17,1.310,1.125,0.186
2015-03-16,1.332,1.078,0.253
2015-03-13,1.304,1.015,0.288
2015-03-12,1.280,0.943,0.337
2015-03-11,1.229,0.859,0.370
2015-03-10,1.106,0.766,0.340
2015-03-09,1.048,0.681,0.367
2015-03-06,0.987,0.589,0.398
2015-03-05,0.919,0.490,0.429
2015-03-04,0.744,0.383,0.362
2015-03-03,0.602,0.292,0.310
2015-03-02,0.434,0.215,0.219
2015-02-27,0.235,0.160,0.075
2015-02-26,0.190,0.142,0.048
2015-02-25,0.178,0.130,0.048
2015-02-17,0.186,0.117,0.068
2015-02-16,0.156,0.100,0.055
2015-02-13,0.115,0.086,0.028
2015-02-12,0.080,0.079,0.001
2015-02-11,0.074,0.079,-0.005
2015-02-10,0.064,0.080,-0.017
2015-02-09,0.059,0.085,-0.026
2015-02-06,0.127,0.091,0.036
2015-02-05,0.194,0.082,0.111
2015-02-04,0.229,0.054,0.175
2015-02-03,0.227,0.011,0.216
2015-02-02,0.188,-0.043,0.232
2015-01-30,0.145,-0.101,0.246
2015-01-29,0.075,-0.163,0.238
2015-01-21,-0.018,-0.222,0.205
2015-01-20,-0.111,-0.273,0.163
2015-01-19,-0.212,-0.314,0.102
2015-01-16,-0.231,-0.340,0.109
2015-01-15,-0.278,-0.367,0.089
2015-01-14,-0.321,-0.389,0.069
2015-01-13,-0.368,-0.406,0.039
2015-01-12,-0.388,-0.416,0.028
2015-01-09,-0.380,-0.423,0.043
2015-01-08,-0.399,-0.434,0.035
2015-01-07,-0.420,-0.443,0.023
2015-01-06,-0.440,-0.448,0.008
2015-01-05,-0.490,-0.450,-0.039
2014-12-31,-0.523,-0.441,-0.082
2014-12-30,-0.521,-0.420,-0.101
2014-12-29,-0.486,-0.395,-0.091
2014-12-26,-0.485,-0.372,-0.113
2014-12-25,-0.508,-0.344,-0.164
2014-12-24,-0.518,-0.303,-0.215
2014-12-23,-0.508,-0.249,-0.259
2014-12-22,-0.409,-0.184,-0.225
2014-12-19,-0.301,-0.128,-0.173
2014-12-18,-0.238,-0.085,-0.153
2014-12-17,-0.190,-0.047,-0.143
2014-12-16,-0.152,-0.011,-0.141
2014-12-15,-0.134,0.024,-0.159
2014-12-12,-0.129,0.064,-0.193
2014-12-11,-0.110,0.112,-0.222
2014-12-10,-0.069,0.168,-0.237
2014-12-09,0.025,0.227,-0.202
2014-12-08,0.187,0.277,-0.090
2014-12-05,0.235,0.300,-0.065
2014-12-04,0.303,0.316,-0.013
2014-12-03,0.292,0.319,-0.027
2014-12-02,0.302,0.326,-0.024
2014-12-01,0.311,0.332,-0.021
2014-11-28,0.357,0.337,0.020
2014-11-27,0.372,0.332,0.039
2014-11-26,0.358,0.322,0.035
2014-11-25,0.318,0.314,0.004
2014-11-24,0.317,0.313,0.005
2014-11-21,0.302,0.311,-0.010
2014-11-20,0.273,0.314,-0.041
2014-11-19,0.262,0.324,-0.063
2014-11-18,0.268,0.340,-0.072
2014-11-17,0.270,0.358,-0.088
2014-11-14,0.305,0.380,-0.075
2014-11-13,0.371,0.398,-0.028
2014-11-12,0.433,0.405,0.028
2014-11-11,0.454,0.398,0.056
2014-11-10,0.519,0.384,0.134
2014-11-07,0.513,0.351,0.163
2014-11-06,0.522,0.310,0.212
2014-11-05,0.490,0.257,0.232
2014-11-04,0.462,0.199,0.263
2014-11-03,0.380,0.133,0.246
2014-10-31,0.306,0.072,0.234
2014-10-30,0.221,0.013,0.208
2014-10-29,0.113,-0.039,0.152
2014-10-28,-0.027,-0.077,0.050
2014-10-27,-0.119,-0.089,-0.029
2014-10-24,-0.109,-0.082,-0.026
2014-10-23,-0.094,-0.076,-0.019
2014-10-22,-0.083,-0.071,-0.012
2014-10-21,-0.102,-0.068,-0.034
2014-10-20,-0.110,-0.059,-0.051
2014-10-17,-0.120,-0.047,-0.073
2014-10-16,-0.107,-0.028,-0.078
2014-10-15,-0.064,-0.009,-0.055
2014-10-14,-0.048,0.005,-0.053
2014-10-13,-0.024,0.018,-0.042
2014-10-10,0.006,0.029,-0.023
2014-10-09,0.065,0.035,0.030
2014-10-08,0.047,0.027,0.020
2014-09-30,-0.002,0.022,-0.024
2014-09-29,-0.019,0.028,-0.047
2014-09-26,-0.038,0.040,-0.078
2014-09-25,-0.036,0.059,-0.096
2014-09-24,-0.028,0.083,-0.111
2014-09-23,-0.019,0.111,-0.130
2014-09-22,0.004,0.144,-0.140
2014-09-19,0.065,0.179,-0.113
2014-09-18,0.097,0.207,-0.109
2014-09-17,0.137,0.234,-0.097
2014-09-16,0.178,0.259,-0.081
2014-09-15,0.199,0.279,-0.079
2014-09-12,0.196,0.299,-0.102
2014-09-11,0.229,0.324,-0.095
2014-09-10,0.254,0.348,-0.094
2014-09-09,0.284,0.371,-0.087
2014-09-05,0.317,0.393,-0.076
2014-09-04,0.344,0.412,-0.068
2014-09-03,0.355,0.429,-0.074
2014-09-02,0.363,0.448,-0.084
2014-09-01,0.376,0.469,-0.093
2014-08-29,0.418,0.492,-0.074
2014-08-28,0.481,0.511,-0.029
2014-08-27,0.563,0.518,0.045
2014-08-26,0.581,0.507,0.074
2014-08-25,0.620,0.488,0.132
2014-08-22,0.635,0.455,0.179
2014-08-21,0.618,0.410,0.208
2014-08-20,0.624,0.358,0.266
2014-08-19,0.601,0.292,0.309
2014-08-18,0.536,0.215,0.321
2014-08-15,nan,nan,nan
2014-08-14,nan,nan,nan
2014-08-13,nan,nan,nan
2014-08-12,nan,nan,nan
2014-08-11,nan,nan,nan
2014-08-08,nan,nan,nan
2014-08-07,nan,nan,nan
2014-08-06,nan,nan,nan
2014-08-05,nan,nan,nan
2014-08-04,nan,nan,nan
2014-08-01,nan,nan,nan
2014-07-31,nan,nan,nan
2014-07-30,nan,nan,nan
2014-07-29,nan,nan,nan
2014-07-28,nan,nan,nan
2014-07-25,nan,nan,nan
2014-07-24,nan,nan,nan
2014-07-23,nan,nan,nan
2014-07-22,nan,nan,nan
2014-07-21,nan,nan,nan
2014-07-18,nan,nan,nan
2014-07-17,nan,nan,nan
2014-07-16,nan,nan,nan
2014-07-15,nan,nan,nan
2014-07-14,nan,nan,nan
2014-07-11,nan,nan,nan
2014-07-10,nan,nan,nan
2014-07-09,nan,nan,nan
2014-07-08,nan,nan,nan
2014-07-07,nan,nan,nan
2014-07-04,nan,nan,nan
2014-07-03,nan,nan,nan
2014-07-02,nan,nan,nan
