date,open,high,close,low,volume,price_change,p_change,ma5,ma10,ma20,v_ma5,v_ma10,v_ma20,turnover
2017-06-30,21.79,27.39,27.39,19.94,1312653.38,5.28,23.88,28.428,33.88,33.861,1033295.78,1735206.06,1675654.01,94.75
2017-05-31,25.5,26.49,22.11,21.2,602625.25,-3.48,-13.6,30.264,35.601,35.092,1359236.1,2125173.62,1646291.68,43.5
2017-04-28,32.37,33.3,25.59,23.56,594741.25,-6.79,-20.97,32.006,36.785,35.781,1599492.07,2441038.65,1650599.12,42.93
2017-03-31,34.88,36.6,32.38,31.83,1227707.38,-2.29,-6.61,34.898,37.36,35.972,2054023.52,2709821.27,1648484.33,88.62
2017-02-28,36.3,39.5,34.67,34.07,1428751.62,-1.9,-5.2,38.012,36.672,35.694,2088546.47,2640635.31,1591965.49,103.13
2017-01-26,31.16,40.5,36.57,30.9,2942355.0,5.75,18.66,39.332,35.733,35.268,2437116.35,2600215.81,1527509.66,212.39
2016-12-30,38.0,40.43,30.82,30.1,1803905.12,-9.23,-23.05,40.938,35.436,34.737,2891111.15,2354482.14,1394667.31,130.22
2016-11-30,50.1,53.03,40.05,36.47,2867398.5,-7.9,-16.48,41.564,35.934,34.585,3282585.22,2227700.01,1323977.23,206.98
2016-10-28,41.9,49.49,47.95,40.72,1400322.12,6.68,16.19,39.822,35.88,33.859,3365619.02,2005805.89,1193007.39,144.09
2016-09-30,44.14,44.7,41.27,36.14,3171601.0,-3.33,-7.47,35.332,33.764,32.734,3192724.15,1933136.66,1153379.81,326.34
2016-08-31,33.0,47.89,44.6,28.64,5212329.0,10.65,31.37,32.134,33.842,31.726,2763315.26,1616101.96,1007643.1,536.33
2016-07-29,30.62,35.8,33.95,29.8,3761275.5,2.61,8.33,29.934,34.583,30.527,1817853.14,1167409.74,758973.42,387.02
2016-06-30,25.22,32.85,31.34,21.8,3282567.5,5.84,22.9,30.304,34.776,29.859,1172814.8,860159.6,584633.84,337.76
2016-05-31,25.0,27.0,25.5,23.0,535847.75,0.22,0.87,31.938,34.584,29.297,645992.76,587147.38,428101.46,55.14
2016-01-20,33.39,33.39,25.28,18.96,1024556.56,-8.32,-24.76,32.196,34.716,28.98,673549.16,543295.66,407647.23,105.42
2015-12-31,35.69,39.75,33.6,32.32,485018.38,-2.2,-6.14,35.55,34.802,28.629,468888.65,454803.51,363235.3,49.91
2015-11-30,37.55,41.71,35.8,32.5,536083.81,-3.71,-9.39,39.232,34.037,27.94,516966.35,434852.48,360599.7,80.13
2015-10-30,26.86,48.5,39.51,26.82,648457.31,12.72,47.48,39.248,33.235,27.15,547504.4,420254.44,353902.23,432.3
2015-09-30,37.85,37.85,26.79,24.6,673629.75,-15.26,-36.29,37.23,31.837,26.164,528302.0,380208.89,350402.59,449.09
2015-08-31,46.72,46.72,42.05,42.05,1254.0,-9.96,-19.15,37.236,31.703,26.018,413042.16,373622.95,348909.38,0.84
2015-05-28,35.56,52.87,52.01,33.78,725406.88,16.13,44.95,34.054,29.61,24.707,440718.37,399184.24,361861.48,483.6
2015-04-30,29.42,39.05,35.88,28.68,688774.06,6.46,21.96,28.842,26.471,22.961,352738.6,350537.09,341331.04,459.18
2015-03-31,26.82,31.55,29.42,26.03,552445.31,2.6,9.69,27.222,24.941,22.009,293004.48,309108.07,355294.61,368.3
2015-02-27,26.16,27.4,26.82,25.35,97330.55,0.68,2.6,26.444,24.01,21.371,232115.78,269055.53,361490.75,64.89
2015-01-30,26.03,27.65,26.14,24.22,139635.06,0.19,0.73,26.17,23.244,20.829,334203.75,271998.8,363864.82,93.09
2014-12-31,27.84,28.6,25.95,23.7,285508.03,-1.83,-6.59,25.166,22.455,20.301,357650.11,271667.09,372415.92,190.34
2014-11-28,25.57,28.88,27.78,24.6,390103.47,2.25,8.81,24.1,21.842,19.679,348335.58,286346.92,362945.31,260.07
2014-10-31,25.48,27.72,25.53,23.85,248001.81,0.08,0.31,22.66,21.065,19.0,325211.66,287550.02,360075.68,165.33
2014-09-30,21.12,27.4,25.45,21.01,607770.38,4.33,20.5,21.576,20.49,18.582,305995.28,320596.29,358165.2,405.18
2014-08-29,20.6,21.97,21.12,20.0,256866.84,0.5,2.42,20.318,20.333,18.088,209793.85,324195.81,354210.72,171.24
2014-07-31,20.58,21.66,20.62,19.65,238935.41,0.04,0.19,19.744,19.803,17.859,185684.07,324538.73,383045.14,159.29
2014-06-30,20.24,22.05,20.58,19.2,274483.88,0.47,2.34,19.584,19.451,17.425,224358.25,332124.99,420335.37,182.99
2014-05-30,19.16,20.87,20.11,18.5,151919.89,0.95,4.96,19.47,19.077,17.258,249888.37,401481.14,428011.76,101.28
2014-04-30,18.4,20.99,19.16,18.19,126763.22,0.91,4.99,19.404,18.731,17.1,335197.29,453925.98,443350.2,84.51
2014-03-31,19.79,20.55,18.25,17.51,136317.97,-1.57,-7.92,20.348,18.414,16.979,438597.76,455730.83,461972.96,90.88
2014-02-28,20.01,23.39,19.82,19.06,432306.31,-0.19,-0.95,19.862,18.147,16.899,463393.39,473164.74,482326.4,288.2
2014-01-30,20.1,22.0,20.01,19.22,402134.47,0.23,1.16,19.318,17.515,16.705,439891.72,439543.7,485661.07,268.09
2013-12-31,22.2,22.97,19.78,18.9,578464.5,-4.1,-17.17,18.684,16.934,16.469,553073.91,432601.35,491627.26,385.64
2013-11-29,15.71,24.35,23.88,15.36,643765.56,8.06,50.95,18.058,16.674,16.214,572654.66,395734.11,484947.47,429.18
2013-10-31,17.14,18.49,15.82,15.09,260296.09,-1.28,-7.49,16.48,15.843,15.575,472863.9,384225.64,471712.63,173.53
2013-09-30,16.73,18.48,17.1,16.38,314798.0,0.26,1.54,16.432,15.914,15.553,482936.1,441551.56,490932.31,209.87
2013-08-30,16.46,20.2,16.84,16.15,968045.38,0.19,1.14,15.712,15.398,15.398,439195.69,508545.75,508545.75,645.36
2013-07-31,15.7,17.98,16.65,13.87,676368.25,0.66,4.13,15.184,15.238,15.238,312128.79,457490.23,457490.23,450.91
2013-06-28,15.48,15.99,15.99,12.65,144811.78,0.41,2.63,15.29,15.061,15.061,218813.56,430130.48,430130.48,96.54
2013-05-31,13.5,16.36,15.58,13.26,310657.09,2.08,15.41,15.206,14.929,14.929,295587.38,470890.29,470890.29,207.1
2013-04-26,14.33,14.36,13.5,13.0,96095.93,-0.7,-4.93,15.396,14.82,14.82,400167.02,497595.83,497595.83,64.06
2013-03-29,17.0,18.3,14.2,14.18,332710.91,-2.98,-17.35,15.084,15.084,15.084,577895.81,577895.81,577895.81,221.81
2013-02-28,15.4,17.18,17.18,15.32,209792.11,1.61,10.34,15.305,15.305,15.305,639192.03,639192.03,639192.03,139.86
2013-01-31,16.57,17.61,15.57,15.3,528680.88,-0.96,-5.81,14.68,14.68,14.68,782325.34,782325.34,782325.34,352.45
2012-12-31,11.82,18.55,16.53,11.38,833555.25,4.59,38.44,14.235,14.235,14.235,909147.57,909147.57,909147.57,555.7
2012-11-30,15.62,18.75,11.94,11.35,984739.88,16.17,626.74,11.94,11.94,11.94,984739.88,984739.88,984739.88,656.49
