date,open,high,close,low,volume,price_change,p_change,ma5,ma10,ma20,v_ma5,v_ma10,v_ma20,turnover
2017-06-30,37.0,40.59,39.87,36.77,100784.28,2.57,6.89,38.264,40.809,44.718,93110.55,131583.9,172799.97,22.65
2017-06-23,38.7,39.88,37.3,36.35,105231.2,-1.33,-3.44,38.092,41.327,45.021,99653.41,143907.78,177300.95,23.65
2017-06-16,37.68,40.46,38.63,36.33,108626.97,0.26,0.68,39.43,42.72,45.535,112889.11,166188.31,182105.6,24.41
2017-06-09,37.61,39.15,38.37,36.8,85438.07,1.22,3.28,40.334,44.906,46.029,130719.71,179778.45,187354.07,19.2
2017-06-02,40.6,40.86,37.15,35.88,65472.25,-1.86,-4.77,41.262,47.254,46.618,139393.69,252458.36,195193.76,14.71
2017-05-26,43.98,44.29,39.01,37.11,133498.55,-4.98,-11.32,43.354,50.192,47.407,170057.25,247042.25,206003.89,30.0
2017-05-19,42.32,45.53,43.99,41.91,171409.72,0.84,1.95,44.562,50.422,48.17,188162.16,233816.56,212595.28,38.52
2017-05-12,42.9,44.57,43.15,39.91,197779.98,0.14,0.33,46.01,48.588,48.588,219487.51,216713.84,216713.84,44.44
2017-05-05,47.62,48.0,43.01,43.0,128807.95,-4.6,-9.66,49.478,49.192,49.192,228837.18,218817.6,218817.6,28.95
2017-04-28,45.1,48.76,47.61,41.0,218790.06,2.56,5.68,53.246,49.965,49.965,365523.03,230068.81,230068.81,49.17
2017-04-21,48.51,49.35,45.05,44.6,224023.09,-6.18,-12.06,57.03,50.301,50.301,324027.25,231680.06,231680.06,50.34
2017-04-14,59.41,59.41,51.23,49.47,328036.47,-9.26,-15.31,56.282,51.177,51.177,279470.96,232956.22,232956.22,73.72
2017-04-07,60.7,63.62,60.49,59.02,244528.34,-1.36,-2.2,51.166,51.166,51.166,213940.17,213940.17,213940.17,54.95
2017-03-31,73.18,80.5,61.85,60.06,812237.19,-4.68,-7.03,48.835,48.835,48.835,206293.13,206293.13,206293.13,182.53
2017-03-24,45.44,66.53,66.53,45.44,11311.17,25.22,61.05,44.497,44.497,44.497,4311.77,4311.77,4311.77,2.54
2017-03-17,28.22,41.31,41.31,28.22,1241.63,15.66,61.05,33.48,33.48,33.48,812.07,812.07,812.07,0.28
2017-03-10,16.06,25.65,25.65,16.06,382.51,5.35,43.96,25.65,25.65,25.65,382.51,382.51,382.51,0.09
