Not
2017-06-30,-0.117,-0.386,0.269
2017-06-29,-0.170,-0.454,0.284
2017-06-28,-0.189,-0.524,0.335
2017-06-27,-0.175,-0.608,0.433
2017-06-26,-0.236,-0.717,0.481
2017-06-23,-0.373,-0.837,0.464
2017-06-22,-0.459,-0.953,0.494
2017-06-21,-0.502,-1.076,0.574
2017-06-20,-0.680,-1.220,0.540
2017-06-19,-0.890,-1.355,0.465
2017-06-16,-1.008,-1.471,0.463
2017-06-15,-1.149,-1.587,0.438
2017-06-14,-1.392,-1.696,0.304
2017-06-13,-1.493,-1.772,0.279
2017-06-12,-1.600,-1.842,0.242
2017-06-09,-1.640,-1.903,0.263
2017-06-08,-1.738,-1.968,0.231
2017-06-07,-1.891,-2.026,0.135
2017-06-06,-2.028,-2.060,0.032
2017-06-05,-2.030,-2.068,0.038
2017-06-02,-2.043,-2.077,0.035
2017-06-01,-2.046,-2.086,0.040
2017-05-31,-1.969,-2.096,0.127
2017-05-26,-2.054,-2.128,0.073
2017-05-25,-2.132,-2.146,0.014
2017-05-24,-2.231,-2.150,-0.081
2017-05-23,-2.116,-2.129,0.013
2017-05-22,-1.887,-2.133,0.246
2017-05-19,-1.801,-2.194,0.393
2017-05-18,-1.833,-2.292,0.459
2017-05-17,-1.854,-2.407,0.553
2017-05-16,-1.957,-2.545,0.588
2017-05-15,-2.077,-2.692,0.615
2017-05-12,-2.196,-2.846,0.650
2017-05-11,-2.401,-3.008,0.607
2017-05-10,-2.483,-3.160,0.677
2017-05-09,-2.664,-3.329,0.666
2017-05-08,-3.020,-3.496,0.476
2017-05-05,-3.281,-3.615,0.334
2017-05-04,-3.730,-3.698,-0.032
2017-05-03,-4.014,-3.690,-0.323
2017-05-02,-3.940,-3.610,-0.330
2017-04-28,-3.672,-3.527,-0.145
2017-04-27,-3.519,-3.491,-0.028
2017-04-26,-3.342,-3.484,0.142
2017-01-26,-3.253,-3.519,0.267
2017-01-25,-3.553,-3.586,0.032
2017-01-24,-3.850,-3.594,-0.256
2017-01-23,-4.179,-3.530,-0.649
2017-01-20,-4.357,-3.368,-0.989
2017-01-19,-4.420,-3.120,-1.300
2017-01-18,-4.394,-2.795,-1.598
2017-01-17,-4.135,-2.396,-1.739
2017-01-16,-3.813,-1.961,-1.852
2017-01-13,-3.204,-1.498,-1.706
2017-01-12,-2.818,-1.072,-1.746
2017-01-11,-2.249,-0.635,-1.614
2017-01-10,-1.711,-0.232,-1.480
2017-01-09,-1.400,0.138,-1.538
2017-01-06,-0.922,0.523,-1.445
2017-01-05,-0.647,0.884,-1.531
2017-01-04,-0.228,1.267,-1.495
2017-01-03,0.039,1.641,-1.602
2016-12-30,0.521,2.041,-1.520
2016-12-29,1.271,2.421,-1.150
2016-12-28,1.901,2.709,-0.808
2016-12-27,2.499,2.911,-0.412
2016-12-26,3.191,3.014,0.178
2016-12-23,3.418,2.969,0.448
2016-12-22,4.079,2.857,1.222
2016-12-21,4.200,2.551,1.649
2016-12-20,3.555,2.139,1.415
2016-12-19,2.526,1.785,0.741
2016-12-16,1.863,1.600,0.262
2016-12-15,1.527,1.535,-0.008
2016-12-14,1.077,1.537,-0.460
2016-12-13,0.925,1.652,-0.727
2016-12-12,1.252,1.833,-0.581
2016-12-09,1.689,1.979,-0.289
2016-12-08,1.934,2.051,-0.116
2016-12-07,2.336,2.080,0.256
2016-12-06,2.482,2.016,0.466
2016-12-05,2.580,1.899,0.681
2016-12-02,2.296,1.729,0.567
2016-12-01,2.139,1.587,0.552
2016-11-30,2.044,1.449,0.595
2016-11-29,1.947,1.301,0.646
2016-11-28,1.322,1.139,0.183
2016-11-25,1.075,1.093,-0.019
2016-11-24,0.949,1.098,-0.149
2016-11-23,0.897,1.136,-0.239
2016-11-22,0.910,1.195,-0.286
2016-11-21,0.887,1.267,-0.380
2016-11-18,0.988,1.361,-0.374
2016-11-17,1.215,1.455,-0.240
2016-11-16,1.572,1.515,0.057
2016-11-15,1.766,1.500,0.265
2016-11-14,1.792,1.434,0.358
2016-11-11,1.803,1.345,0.458
2016-11-10,1.807,1.230,0.577
2016-11-09,1.672,1.086,0.586
2016-11-08,1.610,0.939,0.671
2016-11-07,1.462,0.772,0.690
2016-11-04,1.168,0.599,0.569
2016-11-03,0.997,0.457,0.540
2016-11-02,0.873,0.322,0.551
2016-10-28,0.572,0.184,0.388
2016-10-27,0.422,0.087,0.335
2016-10-26,0.178,0.003,0.175
2016-10-25,0.210,-0.041,0.251
2016-10-24,0.116,-0.103,0.220
2016-10-21,0.093,-0.158,0.251
2016-10-20,0.049,-0.221,0.271
2016-10-19,0.017,-0.289,0.306
2016-10-18,-0.161,-0.365,0.205
2016-10-17,-0.494,-0.417,-0.078
2016-10-14,-0.649,-0.397,-0.251
2016-10-13,-0.719,-0.334,-0.385
2016-10-12,-0.729,-0.238,-0.490
2016-10-11,-0.774,-0.115,-0.658
2016-10-10,-0.831,0.049,-0.880
2016-09-30,-0.904,0.269,-1.173
2016-09-29,-0.816,0.562,-1.379
2016-09-28,-0.662,0.907,-1.570
2016-09-27,-0.364,1.300,-1.663
2016-09-26,0.019,1.715,-1.696
2016-09-23,0.559,2.139,-1.580
2016-09-22,0.933,2.535,-1.601
2016-09-21,1.163,2.935,-1.771
2016-09-20,1.353,3.378,-2.025
2016-09-19,1.692,3.884,-2.192
2016-09-14,2.005,4.432,-2.427
2016-09-13,2.405,5.038,-2.634
2016-09-12,2.836,5.697,-2.861
2016-09-09,3.455,6.412,-2.957
2016-09-08,4.108,7.151,-3.043
2016-09-07,4.781,7.912,-3.131
2016-09-06,5.492,8.695,-3.203
2016-09-05,6.166,9.496,-3.330
2016-09-02,7.016,10.328,-3.313
2016-09-01,7.752,11.156,-3.404
2016-08-31,8.408,12.007,-3.600
2016-08-30,9.064,12.907,-3.844
2016-08-29,9.975,13.868,-3.893
2016-08-26,11.006,14.842,-3.835
2016-08-25,nan,nan,nan
2016-08-24,nan,nan,nan
2016-08-23,nan,nan,nan
2016-08-22,nan,nan,nan
2016-08-19,nan,nan,nan
2016-08-18,nan,nan,nan
2016-08-17,nan,nan,nan
2016-08-16,nan,nan,nan
2016-08-15,nan,nan,nan
2016-08-12,nan,nan,nan
2016-08-11,nan,nan,nan
2016-08-10,nan,nan,nan
2016-08-09,nan,nan,nan
2016-08-08,nan,nan,nan
2016-08-05,nan,nan,nan
2016-08-04,nan,nan,nan
2016-08-03,nan,nan,nan
2016-08-02,nan,nan,nan
2016-08-01,nan,nan,nan
2016-07-29,nan,nan,nan
2016-07-28,nan,nan,nan
2016-07-27,nan,nan,nan
2016-07-26,nan,nan,nan
2016-07-25,nan,nan,nan
2016-07-22,nan,nan,nan
2016-07-21,nan,nan,nan
2016-07-20,nan,nan,nan
2016-07-19,nan,nan,nan
2016-07-18,nan,nan,nan
2016-07-15,nan,nan,nan
2016-07-14,nan,nan,nan
2016-07-13,nan,nan,nan
2016-07-12,nan,nan,nan
