date,open,high,close,low,volume,price_change,p_change,ma5,ma10,ma20,v_ma5,v_ma10,v_ma20,turnover
2017-01-20 11:30:00,11.92,11.92,11.92,11.92,0.0,0.0,0.0,11.92,11.92,11.92,0.8,3.3,5.15,0.0
2017-01-20 11:25:00,11.92,11.92,11.92,11.92,3.0,0.0,0.0,11.92,11.92,11.92,2.8,4.3,6.05,0.0
2017-01-20 11:20:00,11.92,11.92,11.92,11.92,0.0,0.0,0.0,11.92,11.92,11.92,4.0,5.0,10.6,0.0
2017-01-20 11:15:00,11.92,11.92,11.92,11.92,0.0,0.0,0.0,11.92,11.92,11.92,6.0,5.0,14.7,0.0
2017-01-20 11:10:00,11.92,11.92,11.92,11.92,1.0,0.0,0.0,11.92,11.92,11.92,6.0,6.0,26.7,0.0
2017-01-20 11:05:00,11.92,11.92,11.92,11.92,10.0,0.0,0.0,11.92,11.92,11.866,5.8,6.4,26.65,0.0
2017-01-20 11:00:00,11.92,11.92,11.92,11.92,9.0,0.0,0.0,11.92,11.92,11.812,5.8,7.4,26.15,0.0
2017-01-20 10:55:00,11.92,11.92,11.92,11.92,10.0,0.0,0.0,11.92,11.92,11.758,6.0,6.5,25.7,0.0
2017-01-20 10:50:00,11.92,11.92,11.92,11.92,0.0,0.0,0.0,11.92,11.92,11.704,4.0,5.5,25.2,0.0
2017-01-20 10:45:00,11.92,11.92,11.92,11.92,0.0,0.0,0.0,11.92,11.92,11.65,6.0,5.5,25.2,0.0
2017-01-20 10:40:00,11.92,11.92,11.92,11.92,10.0,0.0,0.0,11.92,11.92,11.596,7.0,7.0,25.2,0.0
2017-01-20 10:35:00,11.92,11.92,11.92,11.92,10.0,0.0,0.0,11.92,11.92,11.542,9.0,7.8,25.2,0.0
2017-01-20 10:30:00,11.92,11.92,11.92,11.92,0.0,0.0,0.0,11.92,11.92,11.488,7.0,16.2,24.95,0.0
2017-01-20 10:25:00,11.92,11.92,11.92,11.92,10.0,0.0,0.0,11.92,11.92,11.434,7.0,24.4,24.95,0.0
2017-01-20 10:20:00,11.92,11.92,11.92,11.92,5.0,0.0,0.0,11.92,11.92,11.38,5.0,47.4,24.95,0.0
2017-01-20 10:15:00,11.92,11.92,11.92,11.92,20.0,0.0,0.0,11.92,11.812,11.326,7.0,46.9,24.7,0.0
2017-01-20 10:10:00,11.92,11.92,11.92,11.92,0.0,0.0,0.0,11.92,11.704,11.272,6.6,44.9,23.7,0.0
2017-01-20 10:05:00,11.92,11.92,11.92,11.92,0.0,0.0,0.0,11.92,11.596,11.218,25.4,44.9,23.75,0.0
2017-01-20 10:00:00,11.92,11.92,11.92,11.92,0.0,0.0,0.0,11.92,11.488,11.164,41.8,44.9,23.75,0.0
2017-01-20 09:55:00,11.92,11.92,11.92,11.92,15.0,0.0,0.0,11.92,11.38,11.11,89.8,44.9,23.75,0.0
2017-01-20 09:50:00,11.92,11.92,11.92,11.92,18.0,0.0,0.0,11.704,11.272,11.056,86.8,43.4,23.0,0.0
2017-01-20 09:45:00,11.92,11.92,11.92,11.92,94.0,0.0,0.0,11.488,11.164,11.002,83.2,42.6,22.1,0.01
2017-01-20 09:40:00,11.92,11.92,11.92,11.92,82.0,0.0,0.0,11.272,11.056,10.948,64.4,33.7,17.4,0.01
2017-01-20 09:35:00,11.92,11.92,11.92,11.92,240.0,0.0,0.0,11.056,10.948,10.894,48.0,25.5,13.3,0.02
2017-01-19 15:00:00,10.84,10.84,10.84,10.84,0.0,0.0,0.0,10.84,10.84,10.84,0.0,2.5,1.3,0.0
2017-01-19 14:55:00,10.84,10.84,10.84,10.84,0.0,0.0,0.0,10.84,10.84,10.84,0.0,2.5,1.3,0.0
2017-01-19 14:50:00,10.84,10.84,10.84,10.84,0.0,0.0,0.0,10.84,10.84,10.84,2.0,2.5,1.3,0.0
2017-01-19 14:45:00,10.84,10.84,10.84,10.84,0.0,0.0,0.0,10.84,10.84,10.84,3.0,2.6,1.3,0.0
2017-01-19 14:40:00,10.84,10.84,10.84,10.84,0.0,0.0,0.0,10.84,10.84,10.84,3.0,2.6,2.0,0.0
2017-01-19 14:35:00,10.84,10.84,10.84,10.84,0.0,0.0,0.0,10.84,10.84,10.84,5.0,2.6,2.0,0.0
2017-01-19 14:30:00,10.84,10.84,10.84,10.84,10.0,0.0,0.0,10.84,10.84,10.84,5.0,2.6,2.0,0.0
2017-01-19 14:25:00,10.84,10.84,10.84,10.84,5.0,0.0,0.0,10.84,10.84,10.84,3.0,1.6,1.5,0.0
2017-01-19 14:20:00,10.84,10.84,10.84,10.84,0.0,0.0,0.0,10.84,10.84,10.84,2.2,1.1,1.25,0.0
2017-01-19 14:15:00,10.84,10.84,10.84,10.84,10.0,0.0,0.0,10.84,10.84,10.84,2.2,1.1,1.25,0.0
2017-01-19 14:10:00,10.84,10.84,10.84,10.84,0.0,0.0,0.0,10.84,10.84,10.84,0.2,0.1,0.75,0.0
2017-01-19 14:05:00,10.84,10.84,10.84,10.84,0.0,0.0,0.0,10.84,10.84,10.84,0.2,0.1,1.25,0.0
2017-01-19 14:00:00,10.84,10.84,10.84,10.84,1.0,0.0,0.0,10.84,10.84,10.84,0.2,0.1,1.25,0.0
2017-01-19 13:55:00,10.84,10.84,10.84,10.84,0.0,0.0,0.0,10.84,10.84,10.84,0.0,0.0,1.2,0.0
2017-01-19 13:50:00,10.84,10.84,10.84,10.84,0.0,0.0,0.0,10.84,10.84,10.84,0.0,1.4,1.7,0.0
2017-01-19 13:45:00,10.84,10.84,10.84,10.84,0.0,0.0,0.0,10.84,10.84,10.84,0.0,1.4,1.7,0.0
2017-01-19 13:40:00,10.84,10.84,10.84,10.84,0.0,0.0,0.0,10.84,10.84,10.84,0.0,1.4,1.7,0.0
2017-01-19 13:35:00,10.84,10.84,10.84,10.84,0.0,0.0,0.0,10.84,10.84,10.84,0.0,1.4,1.7,0.0
2017-01-19 13:30:00,10.84,10.84,10.84,10.84,0.0,0.0,0.0,10.84,10.84,10.84,0.0,1.4,2.2,0.0
2017-01-19 13:25:00,10.84,10.84,10.84,10.84,0.0,0.0,0.0,10.84,10.84,10.84,2.8,1.4,2.2,0.0
2017-01-19 13:20:00,10.84,10.84,10.84,10.84,0.0,0.0,0.0,10.84,10.84,10.84,2.8,1.4,2.45,0.0
2017-01-19 13:15:00,10.84,10.84,10.84,10.84,0.0,0.0,0.0,10.84,10.84,10.84,2.8,2.4,2.95,0.0
2017-01-19 13:10:00,10.84,10.84,10.84,10.84,0.0,0.0,0.0,10.84,10.84,10.84,2.8,2.4,3.45,0.0
2017-01-19 13:05:00,10.84,10.84,10.84,10.84,14.0,0.0,0.0,10.84,10.84,10.84,2.8,2.4,3.55,0.0
2017-01-19 11:30:00,10.84,10.84,10.84,10.84,0.0,0.0,0.0,10.84,10.84,10.84,0.0,2.0,3.35,0.0
2017-01-19 11:25:00,10.84,10.84,10.84,10.84,0.0,0.0,0.0,10.84,10.84,10.84,0.0,2.0,3.35,0.0
2017-01-19 11:20:00,10.84,10.84,10.84,10.84,0.0,0.0,0.0,10.84,10.84,10.84,2.0,2.0,3.85,0.0
2017-01-19 11:15:00,10.84,10.84,10.84,10.84,0.0,0.0,0.0,10.84,10.84,10.84,2.0,2.0,5.0,0.0
2017-01-19 11:10:00,10.84,10.84,10.84,10.84,0.0,0.0,0.0,10.84,10.84,10.84,2.0,3.0,9.1,0.0
2017-01-19 11:05:00,10.84,10.84,10.84,10.84,0.0,0.0,0.0,10.84,10.84,10.7905,4.0,3.0,10.6,0.0
2017-01-19 11:00:00,10.84,10.84,10.84,10.84,10.0,0.0,0.0,10.84,10.84,10.741,4.0,3.5,10.6,0.0
2017-01-19 10:55:00,10.84,10.84,10.84,10.84,0.0,0.0,0.0,10.84,10.84,10.6915,2.0,3.5,10.1,0.0
2017-01-19 10:50:00,10.84,10.84,10.84,10.84,0.0,0.0,0.0,10.84,10.84,10.642,2.0,4.5,10.1,0.0
2017-01-19 10:45:00,10.84,10.84,10.84,10.84,10.0,0.0,0.0,10.84,10.84,10.5925,4.0,4.7,10.6,0.0
2017-01-19 10:40:00,10.84,10.84,10.84,10.84,0.0,0.0,0.0,10.84,10.84,10.543,2.0,4.7,10.6,0.0
2017-01-19 10:35:00,10.84,10.84,10.84,10.84,0.0,0.0,0.0,10.84,10.84,10.4935,3.0,4.7,11.1,0.0
2017-01-19 10:30:00,10.84,10.84,10.84,10.84,0.0,0.0,0.0,10.84,10.84,10.444,5.0,5.7,11.1,0.0
2017-01-19 10:25:00,10.84,10.84,10.84,10.84,10.0,0.0,0.0,10.84,10.84,10.3945,7.0,8.0,11.15,0.0
2017-01-19 10:20:00,10.84,10.84,10.84,10.84,0.0,0.0,0.0,10.84,10.84,10.345,5.4,15.2,10.65,0.0
2017-01-19 10:15:00,10.84,10.84,10.84,10.84,5.0,0.0,0.0,10.84,10.741,10.2955,7.4,18.2,10.65,0.0
2017-01-19 10:10:00,10.84,10.84,10.84,10.84,10.0,0.0,0.0,10.84,10.642,10.246,6.4,17.7,10.4,0.0
2017-01-19 10:05:00,10.84,10.84,10.84,10.84,10.0,0.0,0.0,10.84,10.543,10.1965,6.4,16.7,9.9,0.0
2017-01-19 10:00:00,10.84,10.84,10.84,10.84,2.0,0.0,0.0,10.84,10.444,10.147,9.0,15.7,9.4,0.0
2017-01-19 09:55:00,10.84,10.84,10.84,10.84,10.0,0.0,0.0,10.84,10.345,10.0975,25.0,16.5,9.3,0.0
2017-01-19 09:50:00,10.84,10.84,10.84,10.84,0.0,0.0,0.0,10.642,10.246,10.048,29.0,16.5,9.05,0.0
2017-01-19 09:45:00,10.84,10.84,10.84,10.84,10.0,0.0,0.0,10.444,10.147,9.9985,29.0,17.5,9.16,0.0
2017-01-19 09:40:00,10.84,10.84,10.84,10.84,23.0,0.0,0.0,10.246,10.048,9.949,27.0,16.5,8.66,0.0
2017-01-19 09:35:00,10.84,10.84,10.84,10.84,82.0,0.0,0.0,10.048,9.949,9.8995,22.4,14.3,7.51,0.01
2017-01-18 15:00:00,9.85,9.85,9.85,9.85,30.0,0.0,0.0,9.85,9.85,9.85,8.0,6.1,3.41,0.0
2017-01-18 14:55:00,9.85,9.85,9.85,9.85,0.0,0.0,0.0,9.85,9.85,9.85,4.0,3.1,1.91,0.0
2017-01-18 14:50:00,9.85,9.85,9.85,9.85,0.0,0.0,0.0,9.85,9.85,9.85,6.0,3.1,2.16,0.0
2017-01-18 14:45:00,9.85,9.85,9.85,9.85,0.0,0.0,0.0,9.85,9.85,9.85,6.0,3.1,2.16,0.0
2017-01-18 14:40:00,9.85,9.85,9.85,9.85,10.0,0.0,0.0,9.85,9.85,9.85,6.2,3.1,4.66,0.0
2017-01-18 14:35:00,9.85,9.85,9.85,9.85,10.0,0.0,0.0,9.85,9.85,9.85,4.2,2.1,4.21,0.0
2017-01-18 14:30:00,9.85,9.85,9.85,9.85,10.0,0.0,0.0,9.85,9.85,9.85,2.2,1.6,4.24,0.0
2017-01-18 14:25:00,9.85,9.85,9.85,9.85,0.0,0.0,0.0,9.85,9.85,9.85,0.2,0.82,4.99,0.0
2017-01-18 14:20:00,9.85,9.85,9.85,9.85,1.0,0.0,0.0,9.85,9.85,9.85,0.2,0.82,4.99,0.0
2017-01-18 14:15:00,9.85,9.85,9.85,9.85,0.0,0.0,0.0,9.85,9.85,9.85,0.0,0.72,5.44,0.0
2017-01-18 14:10:00,9.85,9.85,9.85,9.85,0.0,0.0,0.0,9.85,9.85,9.85,0.0,0.72,6.94,0.0
2017-01-18 14:05:00,9.85,9.85,9.85,9.85,0.0,0.0,0.0,9.85,9.85,9.85,1.0,0.72,7.48,0.0
2017-01-18 14:00:00,9.85,9.85,9.85,9.85,0.0,0.0,0.0,9.85,9.85,9.85,1.43,1.22,8.3,0.0
2017-01-18 13:55:00,9.85,9.85,9.85,9.85,0.0,0.0,0.0,9.85,9.85,9.85,1.43,1.22,8.6,0.0
2017-01-18 13:50:00,9.85,9.85,9.85,9.85,0.0,0.0,0.0,9.85,9.85,9.85,1.43,6.22,9.1,0.0
2017-01-18 13:45:00,9.85,9.85,9.85,9.85,5.0,0.0,0.0,9.85,9.85,9.85,1.43,6.32,9.6,0.0
2017-01-18 13:40:00,9.85,9.85,9.85,9.85,2.16,0.0,0.0,9.85,9.85,9.85,0.43,6.89,9.35,0.0
2017-01-18 13:35:00,9.85,9.85,9.85,9.85,0.0,0.0,0.0,9.85,9.85,9.85,1.0,9.17,10.49,0.0
2017-01-18 13:30:00,9.85,9.85,9.85,9.85,0.0,0.0,0.0,9.85,9.85,9.85,1.0,9.17,10.99,0.0
2017-01-18 13:25:00,9.85,9.85,9.85,9.85,0.0,0.0,0.0,9.85,9.85,9.85,11.0,10.17,12.49,0.0
2017-01-18 13:20:00,9.85,9.85,9.85,9.85,0.0,0.0,0.0,9.85,9.85,9.85,11.2,13.17,12.49,0.0
2017-01-18 13:15:00,9.85,9.85,9.85,9.85,5.0,0.0,0.0,9.85,9.85,9.85,13.34,14.24,13.84,0.0
2017-01-18 13:10:00,9.85,9.85,9.85,9.85,0.0,0.0,0.0,9.85,9.85,9.85,17.34,15.38,16.09,0.0
2017-01-18 13:05:00,9.85,9.85,9.85,9.85,50.0,0.0,0.0,9.85,9.85,9.85,17.34,15.98,17.34,0.0
2017-01-18 11:30:00,9.85,9.85,9.85,9.85,1.0,0.0,0.0,9.85,9.85,9.85,9.34,11.98,17.34,0.0
2017-01-18 11:25:00,9.85,9.85,9.85,9.85,10.69,0.0,0.0,9.85,9.85,9.85,15.14,12.88,18.04,0.0
2017-01-18 11:20:00,9.85,9.85,9.85,9.85,25.0,0.0,0.0,9.85,9.85,9.85,15.14,11.81,18.85,0.0
2017-01-18 11:15:00,9.85,9.85,9.85,9.85,0.0,0.0,0.0,9.85,9.85,9.85,13.42,11.81,20.85,0.0
2017-01-18 11:10:00,9.85,9.85,9.85,9.85,10.0,0.0,0.0,9.85,9.85,9.85,14.62,12.81,25.3,0.0
2017-01-18 11:05:00,9.85,9.85,9.85,9.85,30.0,0.0,0.0,9.85,9.85,9.85,14.62,14.81,26.11,0.0
2017-01-18 11:00:00,9.85,9.85,9.85,9.85,10.71,0.0,0.0,9.85,9.85,9.85,10.62,11.81,25.89,0.0
2017-01-18 10:55:00,9.85,9.85,9.85,9.85,16.38,0.0,0.0,9.85,9.85,9.85,8.48,13.44,26.79,0.0
2017-01-18 10:50:00,9.85,9.85,9.85,9.85,6.0,0.0,0.0,9.85,9.85,9.85,10.2,16.8,27.44,0.0
2017-01-18 10:45:00,9.85,9.85,9.85,9.85,10.0,0.0,0.0,9.85,9.85,9.85,11.0,18.7,28.87,0.0
2017-01-18 10:40:00,9.85,9.85,9.85,9.85,10.0,0.0,0.0,9.85,9.85,9.85,15.0,22.7,30.21,0.0
2017-01-18 10:35:00,9.85,9.85,9.85,9.85,0.0,0.0,0.0,9.85,9.85,9.85,13.0,23.2,31.77,0.0
2017-01-18 10:30:00,9.85,9.85,9.85,9.85,25.0,0.0,0.0,9.85,9.85,9.85,18.4,25.9,34.42,0.0
2017-01-18 10:25:00,9.85,9.85,9.85,9.85,10.0,0.0,0.0,9.85,9.85,9.85,23.4,29.9,35.27,0.0
2017-01-18 10:20:00,9.85,9.85,9.85,9.85,30.0,0.0,0.0,9.85,9.85,9.85,26.4,37.8,37.8,0.0
2017-01-18 10:15:00,9.85,9.85,9.85,9.85,0.0,0.0,0.0,9.85,9.85,9.85,30.4,38.67,38.67,0.0
2017-01-18 10:10:00,9.85,9.85,9.85,9.85,27.0,0.0,0.0,9.85,9.85,9.85,33.4,43.5,43.5,0.0
2017-01-18 10:05:00,9.85,9.85,9.85,9.85,50.0,0.0,0.0,9.85,9.85,9.85,33.4,45.86,45.86,0.0
2017-01-18 10:00:00,9.85,9.85,9.85,9.85,25.0,0.0,0.0,9.85,9.85,9.85,36.4,45.17,45.17,0.0
2017-01-18 09:55:00,9.85,9.85,9.85,9.85,50.0,0.0,0.0,9.85,9.85,9.85,49.2,49.2,49.2,0.0
2017-01-18 09:50:00,9.85,9.85,9.85,9.85,15.0,0.0,0.0,9.85,9.85,9.85,49.0,49.0,49.0,0.0
2017-01-18 09:45:00,9.85,9.85,9.85,9.85,27.0,0.0,0.0,9.85,9.85,9.85,60.33,60.33,60.33,0.0
2017-01-18 09:40:00,9.85,9.85,9.85,9.85,65.0,0.0,0.0,9.85,9.85,9.85,77.0,77.0,77.0,0.0
2017-01-18 09:35:00,9.85,9.85,9.85,9.85,89.0,0.0,0.0,9.85,9.85,9.85,89.0,89.0,89.0,0.01
