date,open,high,close,low,volume,price_change,p_change,ma5,ma10,ma20,v_ma5,v_ma10,v_ma20,turnover
2017-03-17 15:00:00,20.9,20.9,20.54,20.52,82047.2,-0.36,-1.72,21.02,20.837,20.6105,82779.7,71912.8,66823.5,6.29
2017-03-17 14:00:00,20.92,21.12,20.9,20.83,34194.7,-0.02,-0.1,21.156,20.826,20.6045,87503.4,67724.3,67574.7,2.62
2017-03-17 11:30:00,21.68,21.69,20.93,20.9,79624.7,-0.75,-3.46,21.12,20.768,20.5915,87746.0,71085.8,68133.4,6.1
2017-03-17 10:30:00,20.81,21.7,21.68,20.81,129491.0,0.87,4.18,21.104,20.765,20.5865,87575.7,69454.9,66183.7,9.92
2017-03-16 15:00:00,21.22,21.49,21.05,21.05,88540.9,-0.17,-0.8,20.806,20.686,20.5445,72819.2,61308.3,66626.3,6.78
2017-03-16 14:00:00,20.73,21.5,21.22,20.73,105666.0,0.49,2.36,20.654,20.648,20.52,61045.8,57582.5,66528.0,8.1
2017-03-16 11:30:00,20.85,20.85,20.72,20.54,35407.5,-0.13,-0.62,20.496,20.608,20.486,47945.1,58485.1,65157.0,2.71
2017-03-16 10:30:00,20.3,20.87,20.85,20.25,78773.6,0.55,2.71,20.416,20.556,20.5075,54425.6,60408.5,65888.1,6.04
2017-03-15 15:00:00,20.29,20.39,20.19,20.19,55707.9,-0.1,-0.49,20.426,20.482,20.524,51334.1,56049.3,71672.2,4.27
2017-03-15 14:00:00,20.43,20.52,20.29,20.18,29674.2,-0.14,-0.69,20.566,20.453,20.6105,49797.3,53823.8,77623.9,2.27
2017-03-15 11:30:00,20.3,20.59,20.43,20.15,40162.5,0.13,0.64,20.642,20.384,20.674,54119.1,61734.2,80918.0,3.08
2017-03-15 10:30:00,20.51,20.78,20.32,20.32,67810.1,-0.19,-0.93,20.72,20.383,20.6945,69025.2,67425.2,84063.5,5.2
2017-03-14 15:00:00,20.88,20.92,20.9,20.54,63315.7,0.02,0.1,20.696,20.415,20.688,66391.4,65180.9,86492.8,4.85
2017-03-14 14:00:00,20.67,20.97,20.89,20.53,48024.2,0.22,1.06,20.538,20.408,20.64,60764.4,62912.6,87720.2,3.68
2017-03-14 11:30:00,20.82,20.82,20.67,20.32,51282.8,-0.15,-0.72,20.34,20.403,20.605,57850.2,71944.3,87080.2,3.93
2017-03-14 10:30:00,20.1,20.89,20.82,20.01,114693.0,0.72,3.58,20.126,20.392,20.565,69349.2,75473.5,87013.1,8.79
2017-03-13 15:00:00,20.11,20.28,20.2,20.01,54641.4,0.09,0.45,20.046,20.364,20.5225,65825.2,71828.8,91310.4,4.19
2017-03-13 14:00:00,19.9,20.27,20.11,19.86,35180.8,0.21,1.06,20.134,20.459,20.4675,63970.5,71367.7,93224.4,2.7
2017-03-13 11:30:00,19.6,19.94,19.9,19.51,33453.0,0.3,1.53,20.278,20.566,20.408,65060.7,87295.1,93061.5,2.56
2017-03-13 10:30:00,20.01,20.06,19.6,19.3,108778.0,-0.41,-2.05,20.466,20.768,20.3455,86038.4,101424.0,93240.8,8.34
2017-03-10 15:00:00,20.6,20.63,20.42,19.95,97072.7,-0.18,-0.87,20.658,20.964,20.3035,81597.9,100102.0,92796.5,7.44
2017-03-10 14:00:00,20.85,20.98,20.64,20.48,45367.8,-0.21,-1.01,20.682,21.006,20.215,77832.4,100702.0,92138.8,3.48
2017-03-10 11:30:00,20.87,21.03,20.83,20.8,40631.8,-0.04,-0.19,20.784,20.961,20.103,78764.9,107805.0,91266.5,3.11
2017-03-10 10:30:00,20.59,21.5,20.84,20.59,138342.0,0.25,1.21,20.854,20.872,19.9795,109530.0,112528.0,90899.7,10.6
2017-03-09 15:00:00,20.54,20.82,20.56,20.37,86575.0,0.02,0.1,21.07,20.807,19.8465,116810.0,102216.0,92070.7,6.63
2017-03-09 14:00:00,21.14,21.14,20.54,20.34,78245.3,-0.6,-2.84,21.27,20.738,19.7645,118606.0,98552.6,94153.4,6.0
2017-03-09 11:30:00,21.2,21.5,21.15,20.88,50030.2,-0.05,-0.24,21.33,20.681,19.7095,123571.0,110792.0,99589.8,3.83
2017-03-09 10:30:00,21.34,21.58,21.18,20.6,194455.0,-0.16,-0.75,21.138,20.476,19.567,136845.0,115081.0,102101.0,14.9
2017-03-08 15:00:00,21.56,21.93,21.92,21.3,174743.0,0.36,1.67,20.89,20.25,19.4035,115526.0,98827.9,97444.3,13.39
2017-03-08 14:00:00,20.8,21.66,21.56,20.66,95556.1,0.76,3.65,20.544,19.923,19.1915,87622.5,85057.6,91338.9,7.32
2017-03-08 11:30:00,20.19,20.99,20.84,20.01,103072.0,0.65,3.22,20.206,19.643,18.9985,78499.4,85491.1,88115.0,7.9
2017-03-08 10:30:00,19.9,20.32,20.19,19.71,116397.0,0.29,1.46,20.032,19.424,18.846,98013.0,83575.7,84982.1,8.92
2017-03-07 15:00:00,20.2,20.5,19.94,19.81,87863.0,-0.26,-1.29,19.814,19.245,18.735,93317.7,74728.3,84749.0,6.73
2017-03-07 14:00:00,19.87,20.22,20.19,19.77,35224.2,0.32,1.61,19.61,19.087,18.635,82129.6,69271.5,84841.2,2.7
2017-03-07 11:30:00,19.97,20.26,19.87,19.68,49940.6,-0.1,-0.5,19.302,18.886,18.506,82492.7,81925.2,86455.6,3.83
2017-03-07 10:30:00,19.09,20.62,19.97,19.01,200640.0,0.88,4.61,19.08,18.791,18.3925,92482.7,89754.0,85243.3,15.37
2017-03-06 15:00:00,18.97,19.34,19.1,18.8,92920.7,0.13,0.69,18.816,18.738,18.2675,69138.5,88387.6,77369.4,7.12
2017-03-06 14:00:00,18.65,18.92,18.92,18.6,31922.5,0.27,1.45,18.676,18.658,18.177,56138.9,89121.8,74929.4,2.45
2017-03-06 11:30:00,18.76,18.85,18.65,18.55,37039.8,-0.11,-0.59,18.564,18.557,18.106,56413.3,96060.8,74487.4,2.84
2017-03-06 10:30:00,18.6,19.09,18.76,18.53,99891.0,0.16,0.86,18.47,18.46,18.057,81357.8,97620.3,74133.8,7.65
2017-03-03 15:00:00,18.4,18.68,18.65,18.28,83918.5,0.25,1.36,18.502,18.354,17.994,87025.4,90738.9,72471.2,6.43
2017-03-03 14:00:00,18.37,18.48,18.4,18.24,27922.8,0.03,0.16,18.66,18.268,17.9475,107637.0,86388.4,71672.8,2.14
2017-03-03 11:30:00,18.18,18.44,18.36,18.18,33294.5,0.18,0.99,18.64,18.225,17.916,122105.0,94769.7,72472.8,2.55
2017-03-03 10:30:00,18.5,18.53,18.18,18.12,161762.0,-0.32,-1.73,18.55,18.183,17.879,135708.0,100411.0,72256.1,12.4
2017-03-02 15:00:00,19.44,19.44,18.92,18.82,128229.0,-0.52,-2.67,18.45,18.126,17.849,113883.0,90986.0,70525.2,9.83
2017-03-02 14:00:00,18.3,19.44,19.44,18.26,186975.0,1.14,6.23,18.206,17.994,17.766,94452.6,80732.5,66721.5,14.33
2017-03-02 11:30:00,17.9,18.45,18.3,17.76,100263.0,0.4,2.23,17.876,17.797,17.6535,65140.3,66351.2,59947.3,7.68
2017-03-02 10:30:00,17.51,18.17,17.91,17.51,101312.0,0.4,2.28,17.81,17.696,17.604,67434.6,60736.9,57804.9,7.76
2017-03-01 15:00:00,17.71,17.83,17.68,17.62,52635.0,-0.03,-0.17,17.816,17.655,17.563,65113.7,52914.1,55827.5,4.03
2017-03-01 14:00:00,17.79,17.88,17.7,17.69,31077.6,-0.09,-0.51,17.802,17.654,17.5365,68089.1,50647.3,56285.6,2.38
2017-03-01 11:30:00,17.97,17.99,17.79,17.68,40413.6,-0.18,-1.0,17.782,17.634,17.4945,67012.5,54203.4,56156.0,3.1
2017-03-01 10:30:00,18.02,18.41,17.97,17.91,111735.0,-0.05,-0.28,17.718,17.627,17.446,67562.3,56957.2,56994.7,8.56
2017-02-28 15:00:00,17.62,17.95,17.94,17.56,89707.3,0.32,1.82,17.582,17.607,17.3765,54039.2,50176.0,55959.2,6.87
2017-02-28 14:00:00,17.52,17.85,17.61,17.5,67512.0,0.09,0.51,17.494,17.575,17.342,40714.4,44101.2,54110.3,5.17
2017-02-28 11:30:00,17.47,17.6,17.6,17.28,25694.6,0.13,0.74,17.506,17.572,17.3215,33205.4,50064.4,51914.6,1.97
2017-02-28 10:30:00,17.16,17.62,17.47,17.16,43162.3,0.31,1.81,17.486,17.538,17.3025,41394.2,52710.5,52484.7,3.31
2017-02-27 15:00:00,17.5,17.58,17.29,17.29,44119.9,-0.21,-1.2,17.536,17.51,17.2935,46352.1,53543.4,54125.6,3.38
2017-02-27 14:00:00,17.67,17.7,17.5,17.41,23083.3,-0.17,-0.96,17.632,17.512,17.2845,46312.8,54872.9,54767.9,1.77
2017-02-27 11:30:00,17.5,17.8,17.67,17.5,29967.1,0.17,0.97,17.656,17.471,17.269,47487.9,58740.9,55240.4,2.3
2017-02-27 10:30:00,17.55,17.62,17.5,17.3,66638.5,-0.05,-0.28,17.638,17.419,17.248,66923.3,61924.0,57426.8,5.11
2017-02-24 15:00:00,17.79,17.84,17.72,17.61,67951.9,-0.07,-0.39,17.59,17.355,17.23,64026.7,58108.6,64274.2,5.21
2017-02-24 14:00:00,17.62,17.8,17.77,17.52,43923.4,0.15,0.85,17.484,17.265,17.273,60734.7,57032.3,64774.2,3.37
2017-02-24 11:30:00,17.59,17.7,17.62,17.48,28958.7,0.03,0.17,17.392,17.146,17.338,63433.0,61742.4,65277.6,2.22
2017-02-24 10:30:00,17.11,17.94,17.58,17.0,127144.0,0.47,2.75,17.286,17.109,17.4145,69994.0,64119.4,68245.0,9.74
2017-02-23 15:00:00,17.19,17.32,17.26,17.01,52155.4,0.07,0.41,17.2,17.071,17.518,56924.6,53764.7,75469.7,4.0
2017-02-23 14:00:00,17.31,17.5,17.19,17.18,51491.9,-0.12,-0.69,17.12,17.067,17.581,52190.5,52259.0,78361.2,3.95
2017-02-23 11:30:00,17.08,17.39,17.31,17.03,57415.0,0.23,1.35,17.046,17.077,17.632,53329.8,54707.9,78684.9,4.4
2017-02-23 10:30:00,17.01,17.24,17.09,16.8,61763.5,0.08,0.47,16.9,17.057,17.678,60051.8,54662.9,79436.5,4.73
2017-02-22 15:00:00,16.87,17.18,17.15,16.71,61797.3,0.28,1.66,16.932,17.067,17.7345,58244.8,51739.8,84785.8,4.74
2017-02-22 14:00:00,16.75,17.03,16.86,16.74,28484.6,0.11,0.66,16.942,17.077,17.8165,50604.9,52929.6,88750.3,2.18
2017-02-22 11:30:00,16.58,16.83,16.82,16.37,57188.8,0.24,1.45,17.014,17.105,17.926,52327.6,70439.8,90268.3,4.38
2017-02-22 10:30:00,17.08,17.08,16.58,16.53,91024.7,-0.5,-2.93,17.108,17.281,18.0425,56085.9,72516.1,93179.9,6.98
2017-02-21 15:00:00,17.2,17.27,17.25,17.11,52728.5,0.05,0.29,17.214,17.53,18.152,49273.9,68812.8,105110.0,4.04
2017-02-21 14:00:00,17.21,17.32,17.2,17.17,23597.8,-0.01,-0.06,17.202,17.72,18.2005,45234.8,72370.7,109534.0,1.81
2017-02-21 11:30:00,17.31,17.33,17.22,17.03,37098.1,-0.09,-0.52,17.212,17.965,18.2525,55254.3,97174.6,113417.0,2.84
2017-02-21 10:30:00,16.93,17.57,17.29,16.93,75980.4,0.36,2.13,17.196,18.095,18.299,88552.0,104463.0,116978.0,5.82
2017-02-20 15:00:00,17.19,17.4,17.11,17.07,56964.8,-0.08,-0.47,17.454,18.187,18.334,88946.4,102662.0,131551.0,4.37
2017-02-20 14:00:00,17.27,17.56,17.19,17.05,32532.9,-0.08,-0.46,17.846,18.299,18.3575,88351.8,104210.0,128877.0,2.49
2017-02-20 11:30:00,17.14,17.26,17.25,16.74,73695.2,0.11,0.64,18.238,18.402,18.377,99506.6,117832.0,127426.0,5.65
2017-02-20 10:30:00,18.03,18.15,17.14,16.99,203587.0,-0.89,-4.94,18.718,18.556,18.3935,139095.0,124571.0,124193.0,15.6
2017-02-17 15:00:00,19.07,19.19,18.58,18.41,77952.0,-0.49,-2.57,18.994,18.747,18.4155,120375.0,110097.0,135790.0,5.97
2017-02-17 14:00:00,19.13,19.24,19.07,18.72,53991.8,-0.06,-0.31,18.92,18.804,18.2865,116377.0,113844.0,136073.0,4.14
2017-02-17 11:30:00,19.65,19.69,19.15,18.93,88306.7,-0.5,-2.54,18.752,18.774,18.135,120068.0,141407.0,135307.0,6.77
2017-02-17 10:30:00,18.31,20.31,19.65,18.22,271637.0,1.34,7.32,18.566,18.681,17.974,136157.0,146696.0,133903.0,20.82
2017-02-16 15:00:00,18.21,18.63,18.52,17.97,109985.0,0.31,1.7,18.394,18.54,17.799,110047.0,129660.0,128746.0,8.43
2017-02-16 14:00:00,18.23,18.52,18.21,18.13,57966.0,-0.02,-0.11,18.5,18.503,17.674,99818.9,129492.0,128031.0,4.44
2017-02-16 11:30:00,18.23,18.3,18.23,17.9,72447.7,0.0,0.0,18.688,18.481,17.5525,111310.0,160441.0,126670.0,5.55
2017-02-16 10:30:00,18.33,18.52,18.22,17.92,168749.0,-0.11,-0.6,18.796,18.416,17.4285,162746.0,153545.0,126565.0,12.93
2017-02-15 15:00:00,19.05,19.84,18.79,18.6,141088.0,-0.26,-1.36,18.796,18.352,17.31,157236.0,137020.0,124068.0,10.81
2017-02-15 14:00:00,19.14,19.2,19.05,18.66,58843.9,-0.09,-0.47,18.686,18.231,17.173,149274.0,123815.0,122788.0,4.51
2017-02-15 11:30:00,18.73,19.48,19.15,18.55,115422.0,0.42,2.24,18.506,18.084,17.017,159165.0,161483.0,127968.0,8.84
2017-02-15 10:30:00,17.5,18.93,18.77,17.5,329628.0,1.27,7.26,18.274,17.769,16.837,209571.0,158302.0,125275.0,25.26
2017-02-14 15:00:00,18.24,18.85,18.22,18.08,141197.0,-0.02,-0.11,18.036,17.496,16.674,144343.0,129207.0,114592.0,10.82
2017-02-14 14:00:00,18.15,18.46,18.24,17.87,101277.0,0.09,0.5,17.908,17.267,16.548,116804.0,121110.0,111645.0,7.76
2017-02-14 11:30:00,17.99,18.47,18.15,17.93,108299.0,0.16,0.89,17.776,17.058,16.419,98356.4,127831.0,108752.0,8.3
2017-02-14 10:30:00,17.9,18.3,17.99,17.33,367456.0,0.09,0.5,17.662,16.845,16.2935,163802.0,126570.0,107898.0,28.16
2017-02-13 15:00:00,17.58,17.58,17.58,17.58,3485.0,0.0,0.0,17.264,16.624,16.193,107032.0,92900.0,106147.0,0.27
2017-02-13 14:00:00,17.58,17.58,17.58,17.58,3502.46,0.0,0.0,16.956,16.441,16.112,114071.0,99585.7,106247.0,0.27
2017-02-13 11:30:00,17.58,17.58,17.58,17.58,9039.94,0.0,0.0,16.626,16.268,16.031,125416.0,111115.0,110817.0,0.69
2017-02-13 10:30:00,16.16,17.58,17.58,16.07,435527.0,1.42,8.79,16.34,16.115,15.938,157306.0,121761.0,113596.0,33.37
2017-02-10 15:00:00,16.03,16.17,16.0,15.85,83604.9,-0.03,-0.19,16.028,15.95,15.823,89337.0,94452.7,108846.0,6.41
2017-02-10 14:00:00,15.93,16.1,16.04,15.79,38681.8,0.11,0.69,15.984,15.905,15.748,78768.1,92248.1,107155.0,2.96
2017-02-10 11:30:00,16.15,16.15,15.93,15.7,60225.6,-0.22,-1.36,15.926,15.852,15.677,85100.1,99977.0,107064.0,4.61
2017-02-10 10:30:00,15.98,16.65,16.15,15.95,168490.0,0.17,1.06,15.91,15.829,15.6055,96815.1,102181.0,106642.0,12.91
2017-02-09 15:00:00,15.77,16.05,16.02,15.68,95682.8,0.25,1.59,15.89,15.78,15.5215,86215.8,89673.0,106523.0,7.33
2017-02-09 14:00:00,15.77,15.87,15.78,15.74,30760.5,0.01,0.06,15.872,15.742,15.481,99568.4,89226.6,106706.0,2.36
2017-02-09 11:30:00,15.88,15.89,15.75,15.62,70341.6,-0.13,-0.82,15.826,15.762,15.456,105728.0,119395.0,107789.0,5.39
2017-02-09 10:30:00,16.02,16.05,15.85,15.71,118800.0,-0.17,-1.06,15.778,15.783,15.4295,114854.0,112909.0,109590.0,9.1
2017-02-08 15:00:00,15.93,16.1,16.05,15.85,115494.0,0.12,0.75,15.748,15.794,15.394,107546.0,110519.0,120986.0,8.85
2017-02-08 14:00:00,15.6,16.16,15.93,15.5,162446.0,0.33,2.12,15.67,15.761,15.3845,93130.2,105431.0,115432.0,12.45
2017-02-08 11:30:00,15.52,15.67,15.55,15.47,61558.4,0.03,0.19,15.612,15.696,15.381,78884.8,123239.0,107692.0,4.72
2017-02-08 10:30:00,15.39,15.66,15.51,15.16,115971.0,0.12,0.78,15.698,15.591,15.3965,133062.0,122062.0,105210.0,8.89
2017-02-07 15:00:00,15.66,15.75,15.7,15.56,82261.6,0.04,0.26,15.788,15.502,15.414,110964.0,114150.0,120736.0,6.3
2017-02-07 14:00:00,15.6,15.82,15.66,15.57,43414.1,0.06,0.38,15.84,15.382,15.35,113492.0,111104.0,116673.0,3.33
2017-02-07 11:30:00,15.98,16.07,15.64,15.55,91218.8,-0.34,-2.13,15.852,15.263,15.288,117731.0,123373.0,114541.0,6.99
2017-02-07 10:30:00,16.5,16.58,15.98,15.94,332444.0,-0.52,-3.15,15.78,15.22,15.227,167593.0,124186.0,110021.0,25.47
2017-02-06 15:00:00,15.96,15.96,15.96,15.96,5481.74,0.0,0.0,15.484,15.15,15.149,111063.0,96183.9,94995.0,0.42
2017-02-06 14:00:00,15.71,15.96,15.96,15.62,94902.5,0.25,1.59,15.216,15.076,15.0065,117337.0,106271.0,94735.4,7.27
2017-02-06 11:30:00,15.3,15.85,15.72,15.26,64610.0,0.42,2.75,14.924,14.994,14.864,108715.0,131452.0,89998.4,4.95
2017-02-06 10:30:00,14.79,15.96,15.28,14.63,340526.0,0.49,3.31,14.674,15.008,14.7335,129015.0,125433.0,86772.7,26.09
2017-02-03 15:00:00,14.61,14.63,14.5,14.44,49792.9,-0.11,-0.75,14.66,15.066,14.625,80779.9,92145.0,69791.3,3.82
2017-02-03 14:00:00,14.5,14.7,14.62,14.3,36852.4,0.12,0.83,14.816,15.202,14.496,81305.2,88357.8,67308.6,2.82
2017-02-03 11:30:00,14.47,14.54,14.5,14.25,51796.0,0.03,0.21,14.936,15.326,14.361,95204.3,127321.0,65469.9,3.97
2017-02-03 10:30:00,15.05,15.19,14.47,14.39,166107.0,-0.58,-3.85,15.064,15.318,14.232,154189.0,122243.0,62882.7,12.73
2017-01-26 15:00:00,15.26,15.28,15.21,15.0,99351.1,-0.05,-0.33,15.342,15.313,14.1045,121850.0,105709.0,54601.6,7.61
2017-01-26 14:00:00,15.21,15.52,15.28,15.09,52419.5,0.07,0.46,15.472,15.234,13.886,103510.0,95855.6,49635.3,4.02
2017-01-26 11:30:00,15.14,15.27,15.22,14.88,106348.0,0.08,0.53,15.588,15.148,13.664,95410.3,93806.1,47015.0,8.15
2017-01-26 10:30:00,16.0,16.44,15.14,15.12,346719.0,-0.86,-5.38,15.716,14.937,13.445,159438.0,83200.2,41698.6,26.57
2017-01-25 15:00:00,15.86,15.86,15.86,15.86,4414.64,0.0,0.0,15.572,14.734,13.23,90296.2,48544.7,24370.8,0.34
2017-01-25 14:00:00,15.86,15.86,15.86,15.86,7649.57,0.0,0.0,15.284,14.459,12.9295,89568.2,48112.7,24153.1,0.59
2017-01-25 11:30:00,15.86,15.86,15.86,15.86,11920.3,0.0,0.0,14.996,14.184,12.629,88201.0,47437.6,23773.7,0.91
2017-01-25 10:30:00,14.46,15.86,15.86,14.46,426489.0,1.4,9.68,14.708,13.79,12.3285,92201.8,46259.4,23184.2,32.68
2017-01-24 15:00:00,14.42,14.42,14.42,14.42,1007.58,0.0,0.0,14.158,13.396,12.028,6961.88,3618.34,1880.42,0.08
2017-01-24 14:00:00,14.42,14.42,14.42,14.42,774.54,0.0,0.0,13.896,13.146,11.9021,6793.17,3522.88,1926.36,0.06
2017-01-24 11:30:00,14.42,14.42,14.42,14.42,813.7,0.0,0.0,13.634,12.896,11.7622,6657.26,3493.83,1990.35,0.06
2017-01-24 10:30:00,14.42,14.42,14.42,14.42,31924.6,0.0,0.0,13.372,12.538,11.6059,6674.12,3414.96,2059.56,2.45
2017-01-23 15:00:00,13.11,13.11,13.11,13.11,289.0,0.0,0.0,12.872,12.18,11.43,317.0,224.0,193.0,0.02
2017-01-23 14:00:00,13.11,13.11,13.11,13.11,164.0,0.0,0.0,12.634,11.953,11.318,274.8,197.1,186.6,0.01
2017-01-23 11:30:00,13.11,13.11,13.11,13.11,95.0,0.0,0.0,12.396,11.726,11.19,252.6,196.9,188.21,0.01
2017-01-23 10:30:00,13.11,13.11,13.11,13.11,897.99,0.0,0.0,12.158,11.4,11.0423,330.4,193.5,195.38,0.07
2017-01-20 15:00:00,11.92,11.92,11.92,11.92,139.0,0.0,0.0,11.704,11.074,10.87,155.8,109.92,136.83,0.01
2017-01-20 14:00:00,11.92,11.92,11.92,11.92,78.0,0.0,0.0,11.488,10.867,10.7745,131.0,108.99,136.63,0.01
2017-01-20 11:30:00,11.92,11.92,11.92,11.92,53.0,0.0,0.0,11.272,10.66,10.66,119.4,142.49,142.49,0.0
2017-01-20 10:30:00,11.92,11.92,11.92,11.92,484.0,0.0,0.0,11.056,10.52,10.52,141.2,152.44,152.44,0.04
2017-01-19 15:00:00,10.84,10.84,10.84,10.84,25.0,0.0,0.0,10.642,10.345,10.345,56.6,110.99,110.99,0.0
2017-01-19 14:00:00,10.84,10.84,10.84,10.84,15.0,0.0,0.0,10.444,10.2743,10.2743,64.03,123.28,123.28,0.0
2017-01-19 11:30:00,10.84,10.84,10.84,10.84,20.0,0.0,0.0,10.246,10.18,10.18,86.99,141.32,141.32,0.0
2017-01-19 10:30:00,10.84,10.84,10.84,10.84,162.0,0.0,0.0,10.048,10.048,10.048,165.59,165.59,165.59,0.01
2017-01-18 15:00:00,9.85,9.85,9.85,9.85,61.0,0.0,0.0,9.85,9.85,9.85,166.49,166.49,166.49,0.0
2017-01-18 14:00:00,9.85,9.85,9.85,9.85,62.16,0.0,0.0,9.85,9.85,9.85,201.65,201.65,201.65,0.0
2017-01-18 11:30:00,9.85,9.85,9.85,9.85,129.78,0.0,0.0,9.85,9.85,9.85,271.39,271.39,271.39,0.01
2017-01-18 10:30:00,9.85,9.85,9.85,9.85,413.0,0.0,0.0,9.85,9.85,9.85,413.0,413.0,413.0,0.03
