2017-06-30,12.928,12.493,12.057
2017-06-29,12.924,12.483,12.042
2017-06-28,12.938,12.477,12.015
2017-06-27,12.932,12.501,12.069
2017-06-26,12.937,12.513,12.088
2017-06-23,12.936,12.516,12.095
2017-06-22,12.929,12.524,12.119
2017-06-21,12.929,12.523,12.117
2017-06-20,13.032,12.545,12.057
2017-06-19,13.301,12.594,11.886
2017-06-16,13.605,12.658,11.711
2017-06-15,13.887,12.733,11.579
2017-06-14,14.046,12.787,11.527
2017-06-13,14.102,12.833,11.564
2017-06-12,14.182,12.890,11.597
2017-06-09,14.272,12.968,11.664
2017-06-08,14.409,13.036,11.663
2017-06-07,14.575,13.118,11.660
2017-06-06,14.683,13.180,11.677
2017-06-05,14.830,13.276,11.721
2017-06-02,15.053,13.398,11.742
2017-06-01,15.292,13.540,11.788
2017-05-31,15.361,13.675,11.989
2017-05-26,15.486,13.792,12.098
2017-05-25,15.596,13.917,12.237
2017-05-24,15.562,14.021,12.480
2017-05-23,15.466,14.111,12.756
2017-05-22,15.291,14.203,13.115
2017-05-19,15.292,14.285,13.277
2017-05-18,15.348,14.342,13.336
2017-05-17,15.463,14.401,13.338
2017-05-16,15.475,14.417,13.358
2017-05-15,15.475,14.445,13.415
2017-05-12,15.499,14.542,13.584
2017-05-11,15.663,14.656,13.649
2017-05-10,15.796,14.759,13.721
2017-05-09,16.070,14.876,13.681
2017-05-08,16.204,14.960,13.715
2017-05-05,16.726,15.132,13.538
2017-05-04,17.289,15.311,13.333
2017-05-03,17.734,15.463,13.192
2017-05-02,18.064,15.591,13.118
2017-04-28,18.341,15.739,13.136
2017-04-27,18.624,15.887,13.150
2017-04-26,19.102,16.084,13.065
2017-04-25,19.767,16.367,12.966
2017-04-24,20.357,16.677,12.996
2017-04-21,20.900,17.004,13.108
2017-04-20,21.477,17.322,13.167
2017-04-19,21.926,17.630,13.334
2017-04-18,22.257,17.907,13.557
2017-04-17,22.409,18.211,14.012
2017-04-14,22.539,18.540,14.541
2017-04-13,22.550,18.787,15.023
2017-04-12,22.652,19.038,15.424
2017-04-11,22.583,19.258,15.933
2017-04-10,22.539,19.461,16.382
2017-04-07,22.344,19.692,17.040
2017-04-06,22.530,19.913,17.296
2017-04-05,22.473,20.012,17.550
2017-03-31,22.381,20.070,17.759
2017-03-30,22.274,20.115,17.955
2017-03-29,22.117,20.175,18.233
2017-03-28,22.162,20.164,18.165
2017-03-27,22.279,20.111,17.943
2017-03-24,22.459,19.969,17.479
2017-03-23,22.498,19.834,17.170
2017-03-22,22.510,19.661,16.812
2017-03-21,22.419,19.462,16.504
2017-03-20,22.288,19.271,16.254
2017-03-17,22.165,19.090,16.014
2017-03-16,21.997,18.991,15.985
2017-03-15,21.723,18.866,16.009
2017-03-14,21.589,18.798,16.006
2017-03-13,21.295,18.665,16.035
2017-03-10,21.104,18.534,15.963
2017-03-09,20.960,18.312,15.664
2017-03-08,20.701,18.084,15.466
2017-03-07,19.892,17.790,15.687
2017-03-06,19.624,17.578,15.531
2017-03-03,19.458,17.421,15.383
2017-03-02,19.534,17.215,14.895
2017-03-01,19.366,17.031,14.696
2017-02-28,19.309,16.941,14.572
2017-02-27,19.327,16.765,14.203
2017-02-24,19.556,16.556,13.555
2017-02-23,19.828,16.266,12.703
2017-02-22,20.181,15.944,11.706
2017-02-21,20.532,15.578,10.623
2017-02-20,nan,nan,nan
2017-02-17,nan,nan,nan
2017-02-16,nan,nan,nan
2017-02-15,nan,nan,nan
2017-02-14,nan,nan,nan
2017-02-13,nan,nan,nan
2017-02-10,nan,nan,nan
2017-02-09,nan,nan,nan
2017-02-08,nan,nan,nan
2017-02-07,nan,nan,nan
2017-02-06,nan,nan,nan
2017-02-03,nan,nan,nan
2017-01-26,nan,nan,nan
2017-01-25,nan,nan,nan
2017-01-24,nan,nan,nan
2017-01-23,nan,nan,nan
2017-01-20,nan,nan,nan
2017-01-19,nan,nan,nan
2017-01-18,nan,nan,nan
