date,open,high,close,low,volume,price_change,p_change,ma5,ma10,ma20,v_ma5,v_ma10,v_ma20,turnover
2017-03-17 15:00:00,26.56,26.67,26.46,26.0,14698.2,-0.1,-0.38,26.41,26.156,26.0065,18273.3,13274.9,12628.5,1.69
2017-03-17 14:00:00,26.33,26.74,26.56,26.33,7503.87,0.23,0.87,26.3,26.124,25.96,17111.4,12316.1,12390.3,0.86
2017-03-17 11:30:00,26.59,26.65,26.33,26.2,11462.0,-0.26,-0.98,26.164,26.074,25.897,17258.4,13631.9,12137.1,1.32
2017-03-17 10:30:00,26.18,27.17,26.59,25.93,39774.7,0.41,1.57,26.076,26.056,25.843,16750.1,15863.9,11724.1,4.57
2017-03-16 15:00:00,25.92,26.16,26.11,25.9,17927.6,0.19,0.73,25.928,25.969,25.7825,10898.5,12367.0,9989.4,2.06
2017-03-16 14:00:00,25.88,25.92,25.91,25.84,8889.0,0.03,0.12,25.902,25.948,25.743,8276.61,11475.4,9447.3,1.02
2017-03-16 11:30:00,25.89,25.92,25.88,25.86,8238.97,-0.01,-0.04,25.948,25.948,25.7205,7520.81,11700.0,9323.0,0.95
2017-03-16 10:30:00,25.88,26.11,25.89,25.83,8920.18,0.01,0.04,25.984,25.947,25.6925,10005.3,12345.6,9180.78,1.03
2017-03-15 15:00:00,25.98,26.05,25.85,25.71,10516.9,-0.13,-0.5,26.036,25.931,25.6685,14977.7,12106.6,9368.44,1.21
2017-03-15 14:00:00,26.13,26.2,25.98,25.9,4818.0,-0.15,-0.57,26.01,25.915,25.666,13835.5,11661.2,9391.74,0.55
2017-03-15 11:30:00,26.06,26.2,26.14,25.99,5110.0,0.08,0.31,25.994,25.857,25.6675,14674.1,11982.1,9427.11,0.59
2017-03-15 10:30:00,26.09,26.3,26.06,25.8,20661.4,-0.03,-0.11,25.948,25.796,25.663,15879.1,12464.5,9728.66,2.37
2017-03-14 15:00:00,25.72,26.3,26.15,25.55,33782.0,0.43,1.67,25.91,25.72,25.6725,14686.0,10642.3,9897.03,3.88
2017-03-14 14:00:00,25.9,25.92,25.72,25.71,4806.12,-0.18,-0.69,25.826,25.63,25.647,9235.63,7584.24,8726.73,0.55
2017-03-14 11:30:00,25.92,26.0,25.9,25.83,9011.13,-0.02,-0.08,25.82,25.596,25.6295,9486.96,7611.78,8764.52,1.04
2017-03-14 10:30:00,25.91,26.02,25.91,25.69,11134.9,0.0,0.0,25.72,25.538,25.6055,9290.04,7419.22,8599.4,1.28
2017-03-13 15:00:00,25.73,26.12,25.87,25.69,14695.7,0.14,0.54,25.644,25.493,25.5765,9049.85,6946.03,8811.51,1.69
2017-03-13 14:00:00,25.69,25.78,25.73,25.51,6530.31,0.04,0.16,25.53,25.438,25.5725,6598.7,6015.92,8431.6,0.75
2017-03-13 11:30:00,25.38,25.71,25.69,25.37,6062.75,0.31,1.22,25.434,25.406,25.5745,5932.84,6630.25,8510.29,0.7
2017-03-13 10:30:00,25.5,25.5,25.4,25.18,8026.52,-0.1,-0.39,25.372,25.417,25.572,5736.61,7122.25,10084.3,0.92
2017-03-10 15:00:00,25.3,25.7,25.53,25.24,9933.97,0.23,0.91,25.356,25.478,25.545,5548.41,6872.13,10087.2,1.14
2017-03-10 14:00:00,25.21,25.39,25.3,25.21,2439.96,0.09,0.36,25.342,25.53,25.512,4842.22,6992.85,11121.7,0.28
2017-03-10 11:30:00,25.39,25.46,25.25,25.25,3201.0,-0.14,-0.55,25.346,25.625,25.476,5433.13,9151.73,11156.8,0.37
2017-03-10 10:30:00,25.45,25.55,25.38,25.24,5081.6,-0.07,-0.28,25.378,25.664,25.4475,7327.65,9869.23,11295.0,0.58
2017-03-09 15:00:00,25.46,25.52,25.32,25.29,7085.5,-0.14,-0.55,25.462,25.663,25.3935,8507.89,9917.25,11259.3,0.81
2017-03-09 14:00:00,25.35,25.59,25.46,25.3,6403.02,0.11,0.43,25.6,25.673,25.3375,8195.86,9779.57,11175.8,0.74
2017-03-09 11:30:00,25.39,25.48,25.32,25.25,5394.54,-0.07,-0.28,25.718,25.66,25.2705,9143.48,10677.0,10971.0,0.62
2017-03-09 10:30:00,25.81,25.91,25.41,25.05,12673.6,-0.4,-1.55,25.904,25.707,25.21,12870.3,10847.3,10871.7,1.46
2017-03-08 15:00:00,26.01,26.01,25.8,25.67,10982.8,-0.21,-0.81,25.95,25.743,25.1445,12410.8,10390.3,10449.6,1.26
2017-03-08 14:00:00,26.05,26.12,26.01,25.95,5525.35,-0.04,-0.15,25.864,25.727,25.0625,11326.6,13046.3,10157.1,0.64
2017-03-08 11:30:00,26.21,26.26,26.05,25.9,11141.1,-0.16,-0.61,25.746,25.612,24.976,11363.3,13302.3,10063.6,1.28
2017-03-08 10:30:00,25.7,26.33,26.25,25.32,24028.8,0.55,2.14,25.602,25.494,24.884,12210.5,15250.5,9673.66,2.76
2017-03-07 15:00:00,25.37,25.69,25.64,25.29,10376.0,0.27,1.06,25.51,25.327,24.7845,8824.24,13161.8,8903.18,1.19
2017-03-07 14:00:00,25.43,25.44,25.37,25.24,5561.83,-0.06,-0.24,25.536,25.231,24.71,8369.84,12720.8,8757.61,0.64
2017-03-07 11:30:00,25.33,25.42,25.42,25.26,5708.66,0.09,0.36,25.59,25.124,24.6435,14766.0,12601.4,8847.02,0.66
2017-03-07 10:30:00,25.85,25.85,25.33,25.24,15377.3,-0.52,-2.01,25.478,25.002,24.586,15241.2,12572.1,8737.09,1.77
2017-03-06 15:00:00,25.77,25.82,25.79,25.69,7097.39,0.02,0.08,25.386,24.881,24.538,18290.5,11265.1,8494.97,0.82
2017-03-06 14:00:00,25.64,25.88,25.77,25.64,8104.03,0.13,0.51,25.144,24.713,24.4695,17499.4,10896.2,8694.9,0.93
2017-03-06 11:30:00,24.86,26.17,25.64,24.85,37542.6,0.78,3.14,24.926,24.546,24.415,17071.7,10508.8,8570.95,4.32
2017-03-06 10:30:00,24.8,25.04,24.86,24.7,8084.83,0.06,0.24,24.658,24.398,24.3745,10436.8,7267.95,7045.42,0.93
2017-03-03 15:00:00,24.58,25.16,24.87,24.58,30623.8,0.29,1.18,24.526,24.34,24.3715,9902.92,6824.87,8360.12,3.52
2017-03-03 14:00:00,24.68,24.74,24.58,24.5,3141.69,-0.1,-0.41,24.376,24.274,24.404,4239.57,4096.8,7713.46,0.36
2017-03-03 11:30:00,24.3,24.75,24.68,24.25,5965.52,0.38,1.56,24.282,24.242,24.4545,4293.04,4644.54,8488.98,0.69
2017-03-03 10:30:00,24.29,24.39,24.3,24.18,4368.11,0.01,0.04,24.166,24.189,24.4795,3945.93,4794.46,8478.55,0.5
2017-03-02 15:00:00,24.12,24.25,24.2,24.09,5415.46,0.08,0.33,24.138,24.163,24.549,4099.11,5092.65,9719.66,0.62
2017-03-02 14:00:00,24.11,24.21,24.12,24.08,2307.09,0.01,0.04,24.154,24.17,24.5845,3746.82,4902.1,9863.68,0.27
2017-03-02 11:30:00,24.1,24.14,24.11,24.05,3409.0,0.01,0.04,24.172,24.195,24.6145,3954.02,5724.89,9932.29,0.39
2017-03-02 10:30:00,24.04,24.25,24.1,24.04,4230.0,0.06,0.25,24.202,24.226,24.6385,4996.04,6493.59,9891.25,0.49
2017-03-01 15:00:00,24.27,24.34,24.16,24.07,5134.0,-0.11,-0.45,24.212,24.284,24.665,5642.99,6633.09,10042.0,0.59
2017-03-01 14:00:00,24.22,24.32,24.28,24.22,3654.0,0.06,0.25,24.188,24.351,24.6875,6086.19,6822.89,10038.8,0.42
2017-03-01 11:30:00,24.26,24.34,24.21,24.14,3343.09,-0.05,-0.21,24.186,24.403,24.7135,6057.39,9895.36,10030.0,0.38
2017-03-01 10:30:00,24.09,24.36,24.26,23.98,8619.09,0.17,0.71,24.218,24.534,24.741,7495.77,11330.1,10425.2,0.99
2017-02-28 15:00:00,24.04,24.21,24.15,23.98,7464.75,0.11,0.46,24.25,24.667,24.746,7991.15,12333.4,10157.4,0.86
2017-02-28 14:00:00,24.27,24.28,24.04,24.04,7350.0,-0.23,-0.95,24.356,24.77,24.7575,7623.2,12162.6,10047.1,0.84
2017-02-28 11:30:00,24.37,24.42,24.27,24.26,3510.0,-0.1,-0.41,24.514,24.935,24.7785,7559.6,14346.7,9860.53,0.4
2017-02-28 10:30:00,24.35,24.65,24.37,24.23,10535.0,0.02,0.08,24.62,24.999,24.789,13733.3,14825.2,9841.53,1.21
2017-02-27 15:00:00,24.68,24.75,24.42,24.35,11096.0,-0.26,-1.05,24.85,25.034,24.7905,15164.5,14139.7,9518.43,1.28
2017-02-27 14:00:00,24.83,24.84,24.68,24.64,5625.0,-0.15,-0.6,25.084,25.051,24.789,16675.7,13288.9,9270.66,0.65
2017-02-27 11:30:00,24.8,24.98,24.83,24.67,7032.0,0.03,0.12,25.184,25.046,24.76,16702.1,13450.8,9296.36,0.81
2017-02-27 10:30:00,25.15,26.6,24.8,24.7,34378.7,-0.35,-1.39,25.356,25.024,24.724,21133.8,13254.7,9187.73,3.95
2017-02-24 15:00:00,25.56,25.78,25.52,25.3,17690.7,-0.04,-0.16,25.378,25.024,24.6875,15917.2,10164.7,8089.61,2.95
2017-02-24 14:00:00,25.18,25.6,25.59,25.13,18652.0,0.41,1.63,25.218,24.948,24.634,13114.9,9520.37,7442.12,3.11
2017-02-24 11:30:00,25.69,25.7,25.18,25.18,5757.0,-0.51,-1.99,25.018,24.825,24.581,9902.14,7981.3,6736.99,0.96
2017-02-24 10:30:00,24.69,26.29,25.69,24.69,29190.4,1.0,4.05,24.908,24.745,24.5545,10199.6,7931.53,6701.8,4.87
2017-02-23 15:00:00,24.73,24.95,24.91,24.65,8295.68,0.18,0.73,24.692,24.622,24.515,5375.72,5374.38,5901.76,1.38
2017-02-23 14:00:00,24.59,24.73,24.72,24.54,3679.45,0.13,0.53,24.67,24.579,24.5185,4412.32,4857.81,6142.57,0.61
2017-02-23 11:30:00,24.62,24.66,24.59,24.53,2588.15,-0.03,-0.12,24.678,24.547,24.5205,5925.83,4897.16,6409.8,0.43
2017-02-23 10:30:00,24.58,24.82,24.63,24.37,7244.11,0.05,0.2,24.632,24.527,24.5405,6060.46,5252.41,7013.36,1.21
2017-02-22 15:00:00,24.8,24.85,24.61,24.6,5071.2,-0.19,-0.77,24.582,24.474,24.5325,5663.5,5141.9,7012.97,0.85
2017-02-22 14:00:00,24.76,24.88,24.8,24.71,3478.67,0.04,0.16,24.552,24.424,24.5015,5373.04,5120.71,7162.64,0.58
2017-02-22 11:30:00,24.36,24.95,24.76,24.33,11247.0,0.4,1.64,24.488,24.351,24.4825,5303.31,6014.49,7480.26,1.87
2017-02-22 10:30:00,24.4,24.5,24.36,24.33,3261.32,-0.04,-0.16,24.416,24.32,24.45,3868.5,5363.88,7126.38,0.54
2017-02-21 15:00:00,24.45,24.46,24.38,24.36,5259.31,-0.07,-0.29,24.422,24.337,24.444,4444.36,5492.68,7551.47,0.88
2017-02-21 14:00:00,24.48,24.54,24.46,24.38,3618.89,-0.02,-0.08,24.366,24.364,24.424,4620.3,5472.07,7518.61,0.6
2017-02-21 11:30:00,24.4,24.56,24.48,24.33,3129.98,0.08,0.33,24.296,24.408,24.3975,4868.38,6429.15,7445.86,0.52
2017-02-21 10:30:00,24.31,24.46,24.4,24.2,4073.0,0.09,0.37,24.214,24.458,24.3685,6725.66,7427.33,7454.11,0.68
2017-02-20 15:00:00,24.1,24.45,24.39,24.1,6140.61,0.29,1.2,24.224,24.494,24.3485,6859.26,7922.43,8092.9,1.02
2017-02-20 14:00:00,24.11,24.45,24.1,23.96,6139.0,-0.01,-0.04,24.252,24.554,24.2855,6541.01,8774.31,7896.62,1.02
2017-02-20 11:30:00,24.07,24.12,24.11,23.92,4859.31,0.04,0.17,24.362,24.591,24.2345,6323.84,8884.04,7775.27,0.81
2017-02-20 10:30:00,24.63,24.63,24.07,23.92,12416.4,-0.56,-2.27,24.52,24.579,24.186,7989.92,9204.57,7728.66,2.07
2017-02-17 15:00:00,24.53,24.66,24.45,24.41,4740.99,-0.08,-0.33,24.702,24.614,24.134,8129.0,8946.03,7336.17,0.79
2017-02-17 14:00:00,24.66,24.7,24.53,24.42,4549.36,-0.13,-0.53,24.764,24.58,24.0535,8985.6,8888.89,7320.71,0.76
2017-02-17 11:30:00,24.91,24.94,24.65,24.65,5053.13,-0.26,-1.04,24.856,24.551,23.9775,11007.6,9610.25,7172.34,0.84
2017-02-17 10:30:00,24.88,25.17,24.9,24.63,13189.7,0.02,0.08,24.82,24.484,23.8935,11444.2,9565.14,7082.46,2.2
2017-02-16 15:00:00,24.75,25.0,24.98,24.63,13111.8,0.23,0.93,24.638,24.387,23.8035,10419.2,8462.58,6626.58,2.19
2017-02-16 14:00:00,24.98,25.04,24.76,24.62,9023.99,-0.22,-0.88,24.526,24.279,23.717,9763.07,7480.9,6192.88,1.5
2017-02-16 11:30:00,24.47,24.99,24.99,24.26,14659.4,0.52,2.13,24.396,24.203,23.6385,8792.18,8263.37,6074.4,2.44
2017-02-16 10:30:00,23.93,24.47,24.47,23.85,7236.32,0.54,2.26,24.246,24.017,23.541,8212.9,7018.93,5424.83,1.21
2017-02-15 15:00:00,24.42,24.5,23.99,23.95,8064.65,-0.43,-1.76,24.148,23.878,23.4675,7686.05,6666.49,5300.92,1.34
2017-02-15 14:00:00,24.12,24.59,24.42,24.12,9831.0,0.3,1.24,24.136,23.793,23.4145,6505.92,6252.74,5063.94,1.64
2017-02-15 11:30:00,24.24,24.26,24.11,23.93,4169.51,-0.13,-0.54,24.032,23.654,23.3355,5198.72,5726.3,4708.16,0.69
2017-02-15 10:30:00,23.76,24.77,24.24,23.76,11763.0,0.48,2.02,24.01,23.527,23.266,7734.57,5752.53,4567.9,1.96
2017-02-14 15:00:00,23.93,24.09,23.98,23.92,4602.1,0.05,0.21,23.788,23.404,23.196,5824.96,4734.43,4124.74,0.77
2017-02-14 14:00:00,23.9,24.0,23.93,23.88,2164.0,0.03,0.13,23.608,23.303,23.1405,5646.93,4599.78,3964.74,0.36
2017-02-14 11:30:00,24.0,24.09,23.9,23.89,3295.0,-0.1,-0.42,23.45,23.22,23.0895,5999.55,4790.58,3940.12,0.55
2017-02-14 10:30:00,23.15,24.39,24.0,23.12,16848.7,0.85,3.67,23.276,23.155,23.033,6253.88,4904.86,3873.02,2.81
2017-02-13 15:00:00,23.08,23.15,23.13,23.04,2215.0,0.05,0.22,23.044,23.074,22.9765,3770.5,3885.44,3142.73,0.37
2017-02-13 14:00:00,23.15,23.21,23.08,23.05,3711.95,-0.07,-0.3,23.02,23.065,22.9665,3643.91,3830.74,3244.82,0.62
2017-02-13 11:30:00,23.03,23.18,23.14,22.95,3927.1,0.11,0.48,22.998,23.057,22.9545,3552.62,3935.36,3315.45,0.65
2017-02-13 10:30:00,22.87,23.05,23.03,22.7,4566.68,0.16,0.7,22.99,23.036,22.9425,3581.61,3875.15,3508.99,0.76
2017-02-10 15:00:00,23.01,23.04,22.84,22.8,4431.75,-0.17,-0.74,23.034,23.017,22.9305,3555.84,3690.01,3600.51,0.74
2017-02-10 14:00:00,22.97,23.15,23.01,22.94,1582.06,0.04,0.17,23.104,23.005,22.942,4000.38,3383.26,3484.91,0.26
2017-02-10 11:30:00,23.1,23.13,22.97,22.92,3255.53,-0.13,-0.56,23.11,22.988,22.95,4017.56,3515.05,3507.21,0.54
2017-02-10 10:30:00,23.25,23.38,23.1,23.05,4072.02,-0.15,-0.65,23.116,22.978,22.9655,4318.09,3329.7,3559.11,0.68
2017-02-09 15:00:00,23.2,23.27,23.25,23.14,4437.85,0.05,0.22,23.082,22.959,22.972,4168.68,3089.65,3597.9,0.74
2017-02-09 14:00:00,23.05,23.37,23.19,23.01,6654.46,0.14,0.61,23.0,22.911,22.9555,3824.18,2841.17,3435.29,1.11
2017-02-09 11:30:00,23.0,23.04,23.04,22.94,1667.95,0.04,0.17,22.906,22.879,22.936,2766.13,2400.02,3176.67,0.28
2017-02-09 10:30:00,22.94,23.05,23.0,22.86,4758.16,0.06,0.26,22.866,22.868,22.923,3012.54,2658.9,3187.99,0.79
2017-02-08 15:00:00,22.84,22.95,22.93,22.81,3325.0,0.09,0.39,22.84,22.852,22.9215,2341.3,2695.54,3044.91,0.55
2017-02-08 14:00:00,22.72,22.86,22.84,22.71,2715.33,0.12,0.53,22.836,22.849,22.912,2010.62,3142.84,2978.56,0.45
2017-02-08 11:30:00,22.82,22.83,22.72,22.69,1364.23,-0.1,-0.44,22.822,22.844,22.9095,1858.16,3511.01,2880.04,0.23
2017-02-08 10:30:00,22.98,22.98,22.84,22.66,2899.96,-0.14,-0.61,22.852,22.879,22.9175,2033.92,3586.56,2885.64,0.48
2017-02-07 15:00:00,22.91,22.91,22.87,22.85,1402.0,-0.04,-0.17,22.87,22.912,22.912,2305.27,3499.37,2901.31,0.23
2017-02-07 14:00:00,22.77,22.93,22.91,22.72,1671.6,0.14,0.61,22.864,22.953,22.904,3049.78,3788.52,3010.12,0.28
2017-02-07 11:30:00,22.87,22.92,22.77,22.77,1953.02,-0.1,-0.44,22.862,22.985,22.902,4275.06,4106.16,2993.09,0.33
2017-02-07 10:30:00,22.91,22.94,22.87,22.79,2243.0,-0.04,-0.17,22.866,23.0,22.9145,5163.85,4029.41,3041.04,0.37
2017-02-06 15:00:00,22.84,22.96,22.93,22.76,4256.75,0.09,0.39,22.906,22.993,22.932,5139.21,3953.31,3234.91,0.71
2017-02-06 14:00:00,22.93,22.97,22.84,22.79,5124.52,-0.09,-0.39,22.954,22.978,22.925,4693.46,3717.08,3202.71,0.85
2017-02-06 11:30:00,22.79,22.98,22.9,22.72,7798.0,0.11,0.48,23.042,22.991,22.9215,4527.25,3394.27,3051.58,1.3
2017-02-06 10:30:00,23.02,23.16,22.79,22.71,6397.0,-0.23,-1.0,23.108,22.975,22.909,3937.25,2814.27,2812.37,1.07
2017-02-03 15:00:00,23.17,23.17,23.07,22.98,2119.79,-0.1,-0.43,23.134,22.975,22.899,2894.96,2249.07,2731.42,0.35
2017-02-03 14:00:00,23.26,23.27,23.17,23.1,2028.0,-0.09,-0.39,23.08,22.956,22.85,2767.4,2184.71,2884.77,0.34
2017-02-03 11:30:00,23.23,23.3,23.28,23.16,4293.47,0.05,0.22,23.002,22.912,22.804,2740.69,2303.25,2879.94,0.72
2017-02-03 10:30:00,22.95,23.28,23.23,22.71,4848.0,0.28,1.22,22.94,22.855,22.758,2261.29,2231.73,2785.83,0.81
2017-01-26 15:00:00,22.8,22.94,22.92,22.79,1185.55,0.12,0.53,22.842,22.819,22.7095,1691.29,1880.03,2662.13,0.2
2017-01-26 14:00:00,22.88,22.88,22.8,22.7,1482.0,-0.08,-0.35,22.816,22.829,22.6565,1603.18,2052.67,2674.65,0.25
2017-01-26 11:30:00,22.97,23.0,22.78,22.75,1894.43,-0.19,-0.83,22.832,22.871,22.6115,1602.01,2516.52,2670.52,0.32
2017-01-26 10:30:00,22.75,23.06,22.97,22.75,1896.49,0.22,0.97,22.822,22.872,22.5675,1865.81,2688.34,2649.14,0.32
2017-01-25 15:00:00,22.79,22.8,22.74,22.71,1998.0,-0.05,-0.22,22.77,22.852,22.505,2202.16,2708.88,2684.12,0.33
2017-01-25 14:00:00,22.87,22.89,22.79,22.79,745.0,-0.08,-0.35,22.796,22.843,22.467,2068.76,2810.46,2683.75,0.12
2017-01-25 11:30:00,22.73,22.99,22.88,22.73,1476.12,0.15,0.66,22.842,22.823,22.43,2502.16,3213.77,2743.4,0.25
2017-01-25 10:30:00,22.7,23.16,22.73,22.7,3213.44,0.03,0.13,22.91,22.744,22.3835,3431.03,3584.84,2783.1,0.54
2017-01-24 15:00:00,22.87,22.97,22.71,22.7,3578.26,-0.16,-0.7,22.922,22.696,22.3385,3510.86,3456.63,2844.23,0.6
2017-01-24 14:00:00,23.02,23.02,22.87,22.84,1331.0,-0.15,-0.65,22.934,22.661,22.327,3215.6,3339.94,3098.88,0.22
2017-01-24 11:30:00,23.22,23.24,23.02,22.9,2912.0,-0.2,-0.86,22.89,22.6,22.291,3552.16,3444.24,3420.66,0.49
2017-01-24 10:30:00,22.8,23.47,23.22,22.66,6120.43,0.42,1.84,22.804,22.484,22.194,3925.38,3296.63,3910.2,1.02
2017-01-23 15:00:00,22.77,22.95,22.79,22.65,3612.63,0.02,0.09,22.578,22.352,22.1395,3738.66,2824.52,3814.18,0.6
2017-01-23 14:00:00,22.65,22.78,22.77,22.65,2101.96,0.12,0.53,22.47,22.263,22.114,3402.39,2609.95,4166.2,0.35
2017-01-23 11:30:00,22.59,22.9,22.65,22.58,3013.77,0.06,0.27,22.388,22.158,22.098,3464.27,2659.35,4398.85,0.5
2017-01-23 10:30:00,22.1,22.9,22.59,22.07,4778.1,0.49,2.22,22.31,22.091,22.14,3336.32,2557.04,4541.41,0.8
2017-01-20 15:00:00,22.27,22.27,22.09,21.99,5186.83,-0.18,-0.81,22.164,22.037,22.219,2667.88,2273.03,4492.75,0.86
2017-01-20 14:00:00,22.36,22.38,22.25,22.24,1931.3,-0.11,-0.49,22.126,22.023,22.339,1910.39,1981.36,4353.06,0.32
2017-01-20 11:30:00,22.26,22.45,22.36,22.22,2411.37,0.1,0.45,22.056,21.981,22.4615,1817.51,2231.84,4330.65,0.4
2017-01-20 10:30:00,22.3,22.3,22.26,21.79,2374.0,-0.04,-0.18,21.928,21.993,22.586,1854.43,2857.83,4280.83,0.4
2017-01-19 15:00:00,21.9,21.96,21.86,21.79,1435.89,-0.04,-0.18,21.872,21.982,22.703,1777.75,3397.09,4302.55,0.24
2017-01-19 14:00:00,21.9,21.96,21.9,21.84,1399.4,0.0,0.0,21.91,21.904,22.8445,1878.19,4523.78,4507.7,0.23
2017-01-19 11:30:00,21.72,21.95,21.9,21.7,1466.9,0.18,0.83,21.92,21.927,22.987,2052.33,4803.83,4588.18,0.24
2017-01-19 10:30:00,21.8,22.0,21.72,21.36,2595.94,-0.08,-0.37,21.906,21.965,23.153,2646.17,5722.44,4587.28,0.43
2017-01-18 15:00:00,22.05,22.09,21.98,21.88,1990.62,-0.07,-0.32,22.058,22.038,23.331,3861.23,6138.34,4570.29,0.33
2017-01-18 14:00:00,21.96,22.19,22.05,21.94,1938.07,0.09,0.41,22.092,22.189,23.5015,5016.43,6525.78,4559.76,0.32
2017-01-18 11:30:00,21.83,22.0,21.95,21.81,2270.1,0.12,0.55,21.898,22.401,23.6685,7169.38,6712.48,4530.56,0.38
2017-01-18 10:30:00,22.23,22.39,21.83,21.7,4436.11,-0.4,-1.8,21.934,22.655,23.844,7555.33,6724.77,4510.0,0.74
2017-01-17 15:00:00,22.15,22.49,22.48,22.12,8671.23,0.33,1.49,22.024,22.942,24.035,8798.71,6429.46,4381.97,1.45
2017-01-17 14:00:00,21.1,22.17,22.15,21.0,7766.65,1.05,4.98,22.018,23.179,24.1925,8415.46,5703.83,4045.4,1.29
2017-01-17 11:30:00,22.11,22.17,21.08,20.85,12702.8,-1.03,-4.66,22.286,23.424,24.3665,8035.14,5208.02,3700.67,2.12
2017-01-17 10:30:00,22.3,22.42,22.13,22.06,4199.87,-0.17,-0.76,22.904,23.785,24.5935,6255.57,4491.62,3135.06,0.7
2017-01-16 15:00:00,22.45,22.45,22.28,22.05,10653.0,-0.17,-0.76,23.376,24.047,24.7725,5894.2,4372.54,3044.6,1.78
2017-01-16 14:00:00,23.48,23.48,22.45,22.14,6755.0,-1.03,-4.39,23.86,24.341,24.941,4060.2,3452.11,2614.85,1.13
2017-01-16 11:30:00,24.17,24.17,23.49,23.41,5865.0,-0.68,-2.81,24.34,24.624,25.1,2992.2,3002.24,2338.25,0.98
2017-01-16 10:30:00,24.68,24.68,24.17,24.17,3805.0,-0.51,-2.07,24.562,24.814,25.2125,2380.9,2593.74,2184.3,0.63
2017-01-13 15:00:00,24.7,24.7,24.49,24.45,2393.0,-0.21,-0.85,24.666,24.936,25.279,2727.67,2348.64,2113.9,0.4
2017-01-13 14:00:00,24.85,24.85,24.7,24.62,1483.0,-0.15,-0.6,24.718,25.033,25.342,2850.87,2295.24,2197.36,0.25
2017-01-13 11:30:00,24.64,24.95,24.85,24.55,1415.0,0.21,0.85,24.822,25.128,25.383,2844.02,2334.48,2265.56,0.24
2017-01-13 10:30:00,24.68,25.1,24.6,24.49,2808.5,-0.08,-0.32,24.908,25.206,25.4155,3012.27,2386.96,2316.49,0.47
2017-01-12 15:00:00,24.8,24.9,24.69,24.6,5538.86,-0.11,-0.44,25.066,25.309,25.4665,2806.57,2193.31,2323.59,0.92
2017-01-12 14:00:00,25.24,25.25,24.75,24.75,3009.0,-0.49,-1.94,25.206,25.402,25.5195,1969.6,1778.5,2261.85,0.5
2017-01-12 11:30:00,25.28,25.29,25.22,25.19,1448.75,-0.06,-0.24,25.348,25.498,25.5895,1739.6,1716.66,2505.42,0.24
2017-01-12 10:30:00,25.6,25.6,25.28,25.27,2256.25,-0.32,-1.25,25.434,25.541,25.6285,1824.94,1777.58,2710.08,0.38
2017-01-11 15:00:00,25.39,25.64,25.39,25.32,1780.0,0.0,0.0,25.504,25.576,25.661,1761.65,1674.26,2846.27,0.3
2017-01-11 14:00:00,25.45,25.45,25.39,25.29,1354.0,-0.06,-0.24,25.552,25.611,25.6805,1580.05,1774.86,2989.24,0.23
2017-01-11 11:30:00,25.65,25.67,25.46,25.45,1859.0,-0.19,-0.74,25.598,25.622,25.7075,1587.4,1879.16,3106.32,0.31
2017-01-11 10:30:00,25.79,25.79,25.65,25.51,1875.43,-0.14,-0.54,25.648,25.651,25.7285,1693.71,2099.48,3279.52,0.31
2017-01-10 15:00:00,25.63,25.68,25.63,25.55,1939.82,0.0,0.0,25.648,25.638,25.735,1730.23,2196.65,3385.51,0.32
2017-01-10 14:00:00,25.61,25.67,25.63,25.6,872.0,0.02,0.08,25.648,25.625,25.7335,1586.86,2246.02,3537.62,0.15
2017-01-10 11:30:00,25.67,25.71,25.62,25.58,1390.76,-0.05,-0.19,25.67,25.624,25.7325,1969.67,2453.87,3755.31,0.23
2017-01-10 10:30:00,25.65,25.73,25.71,25.55,2390.56,0.06,0.23,25.646,25.637,25.728,2170.92,2745.19,4163.56,0.4
2017-01-09 15:00:00,25.63,25.69,25.65,25.57,2058.0,0.02,0.08,25.654,25.681,25.6995,2505.24,3294.18,4289.98,0.34
2017-01-09 14:00:00,25.74,25.75,25.63,25.6,1223.0,-0.11,-0.43,25.628,25.716,25.66,2663.07,3642.58,4317.58,0.2
2017-01-09 11:30:00,25.5,25.75,25.74,25.44,2786.03,0.24,0.94,25.602,25.746,25.625,2905.19,4018.28,4318.48,0.46
2017-01-09 10:30:00,25.61,25.72,25.5,25.4,2397.0,-0.11,-0.43,25.578,25.75,25.5815,2938.07,4203.61,4247.93,0.4
2017-01-06 15:00:00,25.52,25.82,25.75,25.52,4062.19,0.23,0.9,25.628,25.793,25.547,3319.47,4333.48,4208.38,0.68
2017-01-06 14:00:00,25.49,25.52,25.52,25.36,2847.14,0.03,0.12,25.708,25.806,25.4945,4083.11,4459.56,4088.12,0.47
2017-01-06 11:30:00,25.62,25.62,25.5,25.49,2433.57,-0.12,-0.47,25.804,25.832,25.46,4622.08,4574.36,3991.66,0.41
2017-01-06 10:30:00,25.72,25.96,25.62,25.58,2950.43,-0.1,-0.39,25.89,25.842,25.433,5131.37,4829.21,3960.88,0.49
2017-01-05 15:00:00,26.15,26.15,25.75,25.75,4304.0,-0.4,-1.53,25.922,25.841,25.393,5469.16,5056.76,3926.81,0.72
2017-01-05 14:00:00,25.98,26.3,26.15,25.91,7880.4,0.17,0.65,25.958,25.819,25.3525,5347.49,5581.94,3905.74,1.31
2017-01-05 11:30:00,25.93,26.12,26.0,25.82,5542.0,0.07,0.27,25.904,25.718,25.3,4836.01,5285.78,3708.0,0.92
2017-01-05 10:30:00,25.88,25.94,25.93,25.66,4980.0,0.05,0.19,25.86,25.604,25.247,4526.64,4992.58,3484.75,0.83
2017-01-04 15:00:00,25.93,25.93,25.78,25.71,4639.38,-0.15,-0.58,25.794,25.504,25.2,4527.05,4618.68,3380.0,0.77
2017-01-04 14:00:00,25.88,25.95,25.93,25.83,3695.69,0.05,0.19,25.76,25.413,25.154,4644.36,4292.24,3308.99,0.62
2017-01-04 11:30:00,25.77,25.92,25.88,25.77,5323.0,0.11,0.43,25.68,25.301,25.099,5816.38,4083.27,3192.1,0.89
2017-01-04 10:30:00,25.39,25.78,25.78,25.31,3995.15,0.39,1.54,25.532,25.183,25.0475,5735.55,3716.67,2999.2,0.67
2017-01-03 15:00:00,25.61,25.63,25.6,25.55,4982.05,-0.01,-0.04,25.348,25.088,24.9955,5458.52,3408.96,2951.9,0.83
2017-01-03 14:00:00,25.5,25.69,25.61,25.5,5225.91,0.11,0.43,25.214,25.024,24.959,4710.31,3092.55,2943.23,0.87
2017-01-03 11:30:00,25.15,25.73,25.53,25.11,9555.8,0.38,1.51,25.066,24.945,24.917,3940.12,2796.86,2867.69,1.59
2017-01-03 10:30:00,24.84,25.15,25.14,24.76,4918.86,0.3,1.21,24.922,24.886,24.8555,2350.16,2229.54,2508.33,0.82
2016-12-30 15:00:00,24.93,24.98,24.86,24.81,2610.0,-0.07,-0.28,24.834,24.882,24.8065,1697.79,2130.21,2473.08,0.44
2016-12-30 14:00:00,24.87,24.93,24.93,24.82,1241.0,0.06,0.24,24.828,24.89,24.79,1359.39,1976.91,2471.18,0.21
2016-12-30 11:30:00,24.81,24.91,24.87,24.81,1374.96,0.06,0.24,24.834,24.896,24.773,1474.79,2141.31,2536.38,0.23
2016-12-30 10:30:00,25.03,25.03,24.81,24.7,1606.0,-0.22,-0.88,24.824,24.895,24.765,1653.6,2325.74,2553.03,0.27
2016-12-29 15:00:00,24.84,24.9,24.7,24.68,1657.0,-0.14,-0.56,24.85,24.897,24.767,2108.92,2300.94,2620.48,0.28
2016-12-29 14:00:00,24.98,24.98,24.83,24.8,918.0,-0.15,-0.6,24.93,24.912,24.7765,2562.63,2281.73,2679.03,0.15
2016-12-29 11:30:00,24.82,24.98,24.96,24.69,1818.0,0.14,0.56,24.952,24.903,24.776,2594.43,2494.85,2705.83,0.3
2016-12-29 10:30:00,24.87,25.1,24.82,24.81,2269.0,-0.05,-0.2,24.958,24.894,24.773,2807.83,2793.91,2692.23,0.38
2016-12-28 15:00:00,25.09,25.1,24.94,24.89,3882.62,-0.15,-0.6,24.966,24.889,24.775,2997.87,2938.51,2928.66,0.65
2016-12-28 14:00:00,24.94,25.17,25.1,24.94,3925.51,0.16,0.64,24.944,24.825,24.7875,2492.95,2787.12,2853.96,0.65
2016-12-28 11:30:00,24.99,24.99,24.94,24.92,1077.0,-0.05,-0.2,24.894,24.731,24.7905,2000.83,2815.96,2899.68,0.18
2016-12-28 10:30:00,24.86,25.04,24.99,24.86,2885.0,0.13,0.52,24.854,24.69,24.802,2395.28,2965.44,2966.47,0.48
2016-12-27 15:00:00,24.83,24.98,24.86,24.81,3219.23,0.03,0.12,24.83,24.65,24.8185,2780.0,2931.44,3017.83,0.54
2016-12-27 14:00:00,24.85,24.88,24.83,24.82,1358.0,-0.02,-0.08,24.812,24.635,24.837,2879.15,2780.32,2976.63,0.23
2016-12-27 11:30:00,24.74,24.87,24.85,24.68,1464.91,0.11,0.44,24.706,24.637,24.861,3081.3,2940.02,3046.28,0.24
2016-12-27 10:30:00,24.9,24.96,24.74,24.73,3049.25,-0.16,-0.64,24.568,24.641,24.89,3631.08,3076.33,3229.18,0.51
2016-12-26 15:00:00,24.77,24.98,24.87,24.76,4808.59,0.1,0.4,24.526,24.649,24.91,3535.61,2916.8,3265.66,0.8
2016-12-26 14:00:00,24.3,24.86,24.77,24.29,3715.0,0.47,1.93,24.47,24.652,24.921,3082.89,2590.54,3222.95,0.62
2016-12-26 11:30:00,24.16,24.35,24.3,24.07,2368.75,0.14,0.58,24.458,24.661,24.93,2681.49,2918.8,3085.2,0.39
2016-12-26 10:30:00,24.67,24.67,24.16,24.02,4213.82,-0.51,-2.07,24.568,24.75,24.965,2798.74,2920.8,3062.96,0.7
2016-12-23 15:00:00,24.59,24.65,24.53,24.52,2571.88,-0.06,-0.24,24.714,24.85,25.012,2521.58,2983.41,3064.42,0.43
2016-12-23 14:00:00,24.71,24.71,24.59,24.57,2545.0,-0.12,-0.49,24.772,24.914,25.0355,2298.0,2967.5,3085.22,0.42
2016-12-23 11:30:00,24.85,24.86,24.71,24.71,1708.0,-0.14,-0.56,24.834,24.987,25.053,2098.2,3104.22,3043.37,0.28
2016-12-23 10:30:00,25.04,25.04,24.85,24.75,2955.0,-0.19,-0.76,24.864,25.039,25.059,3156.11,3172.93,3086.12,0.49
2016-12-22 15:00:00,24.82,24.95,24.89,24.82,2828.0,0.07,0.28,24.932,25.085,25.063,3042.86,3152.53,3101.97,0.47
2016-12-22 14:00:00,24.9,24.92,24.82,24.81,1454.0,-0.08,-0.32,24.986,25.139,25.0575,3445.24,3382.04,3069.38,0.24
2016-12-22 11:30:00,24.86,25.0,24.9,24.8,1546.0,0.04,0.16,25.056,25.171,25.0515,3637.0,3614.51,3175.03,0.26
2016-12-22 10:30:00,25.1,25.25,24.86,24.79,6997.55,-0.24,-0.96,25.14,25.19,25.0575,4110.24,3855.35,3283.76,1.17
2016-12-21 15:00:00,25.16,25.27,25.19,25.16,2388.74,0.03,0.12,25.214,25.199,25.0505,3189.76,3251.59,3217.56,0.4
2016-12-21 14:00:00,25.2,25.22,25.16,25.05,4839.93,-0.04,-0.16,25.238,25.18,25.024,3262.21,3205.12,3290.33,0.81
2016-12-21 11:30:00,25.32,25.33,25.17,25.16,2412.77,-0.15,-0.59,25.292,25.174,25.015,3318.83,3145.43,3188.78,0.4
2016-12-21 10:30:00,25.08,25.5,25.32,25.08,3912.23,0.24,0.96,25.286,25.157,25.009,3592.03,3202.95,3195.84,0.65
2016-12-20 15:00:00,25.3,25.3,25.23,25.15,2395.11,-0.07,-0.28,25.24,25.119,24.995,3600.45,2982.53,3330.48,0.4
2016-12-20 14:00:00,25.41,25.41,25.31,25.28,2750.99,-0.1,-0.39,25.184,25.079,24.977,3313.43,2999.3,3404.53,0.46
2016-12-20 11:30:00,25.14,25.5,25.43,25.11,5123.07,0.29,1.15,25.122,25.041,24.949,3148.03,3051.4,3454.77,0.85
2016-12-20 10:30:00,25.19,25.22,25.14,24.94,3778.74,-0.05,-0.2,25.056,24.976,24.904,2972.02,2756.73,3382.4,0.63
2016-12-19 15:00:00,24.95,25.13,25.09,24.84,3954.34,0.14,0.56,25.028,24.932,24.875,2813.87,2735.56,3600.22,0.66
2016-12-19 14:00:00,25.0,25.02,24.95,24.94,960.0,-0.05,-0.2,24.998,24.925,24.873,2364.6,2712.18,3791.56,0.16
2016-12-19 11:30:00,25.1,25.1,25.0,24.89,1924.0,-0.1,-0.4,24.974,24.902,24.9095,2685.18,3183.54,3979.61,0.32
2016-12-19 10:30:00,24.99,25.13,25.1,24.99,4243.02,0.11,0.44,24.96,24.868,24.9445,2954.78,3375.54,4204.21,0.71
2016-12-16 15:00:00,24.94,25.01,25.0,24.85,2988.0,0.06,0.24,24.896,24.856,24.9985,2541.43,3232.14,4400.53,0.5
2016-12-16 14:00:00,24.83,24.95,24.94,24.79,1708.0,0.11,0.44,24.836,24.861,25.089,2657.24,3188.74,4545.82,0.28
2016-12-16 11:30:00,24.91,25.03,24.83,24.78,2562.88,-0.08,-0.32,24.852,24.871,25.177,3059.75,3678.44,4613.31,0.43
2016-12-16 10:30:00,24.95,25.07,24.93,24.72,3272.0,-0.02,-0.08,24.83,24.875,25.2765,3681.9,3809.75,4617.37,0.55
2016-12-15 15:00:00,24.71,24.95,24.78,24.68,2176.28,0.07,0.28,24.776,24.857,25.364,3796.29,3858.14,4821.27,0.36
2016-12-15 14:00:00,25.02,25.02,24.7,24.69,3567.03,-0.32,-1.28,24.816,24.832,25.4745,3922.84,4008.07,5348.81,0.59
2016-12-15 11:30:00,24.72,25.09,25.02,24.72,3720.55,0.3,1.21,24.886,24.818,25.5915,3720.23,4464.88,5471.08,0.62
2016-12-15 10:30:00,24.55,24.98,24.72,24.3,5673.62,0.17,0.69,24.89,24.821,25.6855,4297.12,4870.94,5572.56,0.95
2016-12-14 15:00:00,24.98,25.0,24.66,24.47,3843.99,-0.32,-1.28,24.92,24.917,25.791,3937.6,4775.68,5860.38,0.64
2016-12-14 14:00:00,25.05,25.06,24.98,24.96,2809.0,-0.07,-0.28,24.938,25.021,25.9155,3919.98,5032.88,6548.93,0.47
2016-12-14 11:30:00,25.04,25.06,25.05,24.87,2554.01,0.01,0.04,24.848,25.141,26.011,4093.3,5568.93,7056.25,0.43
2016-12-14 10:30:00,25.2,25.43,25.04,24.95,6605.0,-0.16,-0.63,24.75,25.317,26.0905,5209.52,5902.89,7586.64,1.1
2016-12-13 15:00:00,24.75,25.09,24.87,24.75,3876.0,0.12,0.48,24.752,25.483,26.15,5444.75,5548.18,7534.7,0.65
2016-12-13 14:00:00,24.53,24.81,24.75,24.45,3755.88,0.22,0.9,24.914,25.678,26.2135,5613.75,5425.0,7571.74,0.63
2016-12-13 11:30:00,24.57,24.8,24.53,24.45,3675.6,-0.04,-0.16,25.104,25.871,26.2825,6145.78,5784.41,7532.2,0.61
2016-12-13 10:30:00,25.23,25.23,24.56,24.15,8135.1,-0.67,-2.66,25.434,26.117,26.3595,7044.56,6689.55,7487.21,1.36
2016-12-12 15:00:00,25.68,25.7,25.05,25.0,7781.18,-0.63,-2.45,25.884,26.365,26.4305,6596.27,6477.29,7286.25,1.3
2016-12-12 14:00:00,25.68,25.91,25.68,25.6,4721.0,0.0,0.0,26.214,26.55,26.4755,5651.6,6274.17,7079.45,0.79
2016-12-12 11:30:00,26.17,26.17,25.7,25.7,6416.0,-0.47,-1.8,26.442,26.665,26.4895,5236.24,6945.09,6904.79,1.07
2016-12-12 10:30:00,26.81,26.84,26.18,26.05,8169.52,-0.63,-2.35,26.638,26.81,26.4985,5423.04,8064.97,6809.34,1.36
2016-12-09 15:00:00,26.72,26.86,26.81,26.61,5893.66,0.09,0.34,26.8,26.881,26.488,6334.54,8543.57,6808.65,0.98
2016-12-09 14:00:00,26.82,26.85,26.7,26.62,3057.82,-0.12,-0.45,26.846,26.864,26.437,6358.31,9270.4,6955.37,0.51
2016-12-09 11:30:00,26.68,26.82,26.82,26.67,2644.22,0.14,0.52,26.886,26.817,26.4015,6896.75,9521.21,7156.48,0.44
2016-12-09 10:30:00,27.0,27.0,26.68,26.66,7350.0,-0.32,-1.19,26.888,26.749,26.3645,8653.94,9718.49,7332.68,1.23
2016-12-08 15:00:00,27.04,27.2,26.99,26.91,12727.0,-0.05,-0.18,26.982,26.694,26.343,10706.9,9279.99,7322.41,2.12
2016-12-08 14:00:00,26.91,27.09,27.04,26.89,6012.52,0.13,0.48,26.962,26.602,26.324,10752.6,8284.86,6851.7,1.0
2016-12-08 11:30:00,26.83,26.91,26.9,26.74,5750.0,0.07,0.26,26.882,26.496,26.2985,12182.5,8095.21,6637.57,0.96
2016-12-08 10:30:00,27.19,27.29,26.83,26.82,11430.2,-0.36,-1.32,26.748,26.401,26.2795,12145.7,7884.73,6489.83,1.91
2016-12-07 15:00:00,26.89,27.19,27.15,26.88,17614.8,0.26,0.97,26.61,26.314,26.2655,10783.0,6864.48,6153.12,2.94
2016-12-07 14:00:00,26.65,26.91,26.89,26.64,12955.5,0.24,0.9,26.406,26.187,26.2375,7853.07,5553.7,5429.46,2.16
2016-12-07 11:30:00,26.24,26.69,26.64,26.24,13161.9,0.4,1.52,26.242,26.095,26.219,5817.12,5073.74,4943.53,2.19
2016-12-07 10:30:00,26.14,26.26,26.23,26.12,5566.0,0.09,0.34,26.11,26.01,26.219,4007.94,4640.34,4420.84,0.93
2016-12-06 15:00:00,26.13,26.17,26.14,26.1,4617.0,0.01,0.04,26.054,25.986,26.2445,3623.78,4791.74,4404.98,0.77
2016-12-06 14:00:00,26.08,26.15,26.13,26.05,2965.0,0.05,0.19,26.018,25.98,26.259,2945.93,4946.86,4529.49,0.49
2016-12-06 11:30:00,25.98,26.08,26.07,25.92,2775.7,0.09,0.35,25.968,25.992,26.2745,3254.33,5364.83,4595.64,0.46
2016-12-06 10:30:00,25.8,26.17,25.98,25.8,4116.0,0.18,0.7,25.948,26.046,26.294,4330.35,5418.55,4720.71,0.69
2016-12-05 15:00:00,25.96,25.96,25.95,25.8,3645.18,-0.01,-0.04,25.91,26.101,26.322,5272.74,5179.93,4785.61,0.61
2016-12-05 14:00:00,25.89,26.02,25.96,25.89,1227.76,0.07,0.27,25.918,26.158,26.3535,5959.71,5094.94,5076.8,0.2
2016-12-05 11:30:00,25.97,26.03,25.88,25.78,4507.0,-0.09,-0.35,25.942,26.217,26.3865,6947.79,5441.76,5186.18,0.75
2016-12-05 10:30:00,25.69,26.09,25.97,25.68,8155.83,0.28,1.09,26.016,26.288,26.4225,7475.33,5305.21,5049.43,1.36
2016-12-02 15:00:00,25.99,26.0,25.79,25.78,8827.95,-0.2,-0.77,26.144,26.343,26.454,6506.74,4813.33,4852.28,1.47
2016-12-02 14:00:00,26.09,26.11,25.99,25.93,7080.0,-0.1,-0.38,26.292,26.428,26.5015,5087.12,4201.33,4743.6,1.18
2016-12-02 11:30:00,26.25,26.31,26.08,26.06,6168.18,-0.17,-0.65,26.398,26.503,26.5275,4230.16,4018.22,4710.89,1.03
2016-12-02 10:30:00,26.61,26.69,26.25,26.23,7144.7,-0.36,-1.35,26.492,26.538,26.558,3935.73,4112.13,4692.72,1.19
2016-12-01 15:00:00,26.55,26.64,26.61,26.51,3312.87,0.06,0.23,26.56,26.557,26.5855,3135.09,3826.46,4651.29,0.55
2016-12-01 14:00:00,26.52,26.58,26.53,26.52,1729.83,0.01,0.04,26.542,26.542,26.5975,3119.91,4022.87,4682.26,0.29
2016-12-01 11:30:00,26.55,26.6,26.52,26.51,2795.23,-0.03,-0.11,26.564,26.543,26.6135,3315.55,4391.29,4849.19,0.47
2016-12-01 10:30:00,26.49,26.69,26.55,26.48,4696.0,0.06,0.23,26.608,26.549,26.6145,3806.28,5058.67,5030.39,0.78
2016-11-30 15:00:00,26.52,26.59,26.59,26.46,3141.5,0.07,0.26,26.584,26.556,26.608,4288.53,4930.6,5058.99,0.52
2016-11-30 14:00:00,26.64,26.64,26.52,26.49,3237.0,-0.12,-0.45,26.554,26.557,26.5965,4517.83,4793.65,5131.36,0.54
2016-11-30 11:30:00,26.74,26.75,26.64,26.6,2708.0,-0.1,-0.37,26.542,26.565,26.589,4925.83,4891.24,5073.56,0.45
2016-11-30 10:30:00,26.5,26.79,26.74,26.4,5248.88,0.24,0.91,26.522,26.575,26.5815,5467.03,5285.88,5329.59,0.87
2016-10-13 15:00:00,26.44,26.54,26.43,26.38,7107.27,-0.01,-0.04,26.49,26.552,26.5485,6311.06,5403.56,5182.88,1.18
2016-10-13 14:00:00,26.45,26.48,26.44,26.38,4288.0,-0.01,-0.04,26.528,26.578,26.5245,5572.67,5273.31,5040.22,0.71
2016-10-13 11:30:00,26.53,26.59,26.46,26.45,5277.0,-0.07,-0.26,26.56,26.614,26.5015,5069.47,5476.12,5018.48,0.88
2016-10-13 10:30:00,26.73,26.73,26.54,26.51,5414.0,-0.19,-0.71,26.588,26.653,26.487,4856.64,5341.66,4893.34,0.9
2016-10-12 15:00:00,26.63,26.64,26.58,26.5,9469.01,-0.05,-0.19,26.628,26.684,26.47,5104.72,5307.08,4767.14,1.58
2016-10-12 14:00:00,26.6,26.75,26.62,26.59,3415.34,0.02,0.08,26.614,26.68,26.4475,4496.06,5002.11,4502.19,0.57
2016-10-12 11:30:00,26.6,26.63,26.6,26.57,1772.0,0.0,0.0,26.628,26.66,26.4225,4973.95,5187.38,4488.45,0.3
2016-10-12 10:30:00,26.68,26.68,26.6,26.51,4212.86,-0.08,-0.3,26.668,26.636,26.405,5882.77,5469.08,4476.56,0.7
2016-10-11 15:00:00,26.5,26.74,26.74,26.49,6654.39,0.24,0.91,26.718,26.613,26.3945,5826.67,5255.89,4381.39,1.11
2016-10-11 14:00:00,26.69,26.7,26.51,26.46,6425.71,-0.18,-0.67,26.74,26.588,26.379,5509.45,5373.31,4323.69,1.07
2016-10-11 11:30:00,26.8,26.8,26.69,26.65,5804.8,-0.11,-0.41,26.746,26.545,26.343,5508.16,4962.2,4327.43,0.97
2016-10-11 10:30:00,26.9,26.9,26.8,26.63,6316.09,-0.1,-0.37,26.692,26.471,26.3155,5400.8,4807.12,4185.86,1.05
2016-10-10 15:00:00,26.85,26.9,26.85,26.79,3932.36,0.0,0.0,26.604,26.389,26.29,5055.38,4560.84,4119.22,0.66
2016-10-10 14:00:00,26.56,26.9,26.85,26.56,5068.29,0.29,1.09,26.508,26.321,26.263,4685.11,4445.01,4520.67,0.84
2016-10-10 11:30:00,26.42,26.54,26.54,26.41,6419.26,0.12,0.45,26.436,26.256,26.2695,5237.17,4227.18,4398.4,1.07
2016-10-10 10:30:00,26.55,26.57,26.42,26.31,5268.0,-0.13,-0.49,26.344,26.215,26.2985,4416.23,4002.27,4175.79,0.88
2016-09-30 15:00:00,26.36,26.41,26.36,26.3,4589.0,0.0,0.0,26.25,26.185,26.3265,4213.44,3789.52,4202.71,0.76
2016-09-30 14:00:00,26.46,26.5,26.37,26.35,2081.0,-0.09,-0.34,26.174,26.174,26.3845,4066.3,3484.04,4182.66,0.35
2016-09-30 11:30:00,26.08,26.5,26.49,26.04,7828.59,0.41,1.57,26.134,26.176,26.442,4204.92,3506.88,4217.11,1.3
2016-09-30 10:30:00,26.03,26.15,26.08,26.0,2314.57,0.05,0.19,26.076,26.17,26.4995,3217.2,3274.06,3969.63,0.39
2016-09-29 15:00:00,25.98,26.08,25.95,25.91,4254.03,-0.03,-0.12,26.086,26.141,26.5795,3588.31,3692.66,4133.57,0.71
2016-09-29 14:00:00,26.17,26.21,25.98,25.92,3853.31,-0.19,-0.73,26.12,26.16,26.668,3365.61,3564.6,4305.51,0.64
2016-09-29 11:30:00,26.23,26.25,26.17,26.14,2774.09,-0.06,-0.23,26.174,26.191,26.7605,2901.78,3677.59,4341.43,0.46
2016-09-29 10:30:00,26.13,26.4,26.2,26.13,2890.0,0.07,0.27,26.218,26.205,26.852,2808.85,4596.32,4497.21,0.48
2016-09-28 15:00:00,26.12,26.2,26.13,26.1,4170.1,0.01,0.04,26.264,26.283,26.944,3330.93,4569.62,4736.76,0.7
2016-09-28 14:00:00,26.25,26.25,26.12,26.08,3140.56,-0.13,-0.5,26.196,26.382,27.0495,3797.02,4349.31,4718.92,0.52
2016-09-28 11:30:00,26.37,26.39,26.25,26.21,1534.13,-0.12,-0.46,26.2,26.468,27.1625,3763.59,4615.89,4685.92,0.26
2016-09-28 10:30:00,26.43,26.43,26.39,26.14,2309.46,-0.04,-0.15,26.208,26.595,27.267,4453.4,4881.27,4799.66,0.38
2016-09-27 15:00:00,25.8,26.43,26.43,25.69,5500.4,0.63,2.44,26.192,26.708,27.3615,6383.79,4927.33,5090.43,0.92
2016-09-27 14:00:00,26.13,26.14,25.79,25.64,6500.54,-0.34,-1.3,26.302,26.829,27.435,5808.31,4665.19,5092.37,1.08
2016-09-27 11:30:00,26.29,26.3,26.14,26.1,2973.44,-0.15,-0.57,26.568,27.018,27.537,4901.6,4574.48,4866.29,0.5
2016-09-27 10:30:00,26.1,26.54,26.29,26.1,4983.18,0.19,0.73,26.736,27.176,27.623,5468.19,5046.42,4818.26,0.83
2016-09-26 15:00:00,26.98,26.98,26.31,26.3,11961.4,-0.67,-2.48,26.982,27.33,27.7035,5309.13,5005.26,4785.08,1.99
2016-09-26 14:00:00,27.12,27.12,26.98,26.97,2623.0,-0.14,-0.52,27.224,27.499,27.775,3470.86,4398.1,4451.98,0.44
2016-09-26 11:30:00,27.01,27.24,27.12,26.96,1967.0,0.11,0.41,27.356,27.605,27.8145,3522.06,4903.89,4426.78,0.33
2016-09-26 10:30:00,27.6,27.69,26.98,26.96,5806.36,-0.62,-2.25,27.468,27.717,27.845,4247.35,5088.53,4450.95,0.97
2016-09-23 15:00:00,27.52,27.62,27.52,27.5,4187.95,0.0,0.0,27.616,27.857,27.883,4624.64,4755.95,4567.8,0.7
2016-09-23 14:00:00,27.64,27.69,27.52,27.52,2770.0,-0.12,-0.43,27.678,27.939,27.881,4701.38,4718.06,4837.76,0.46
2016-09-23 11:30:00,27.68,27.69,27.64,27.56,2879.0,-0.04,-0.14,27.774,28.015,27.8805,5325.34,5253.53,5200.84,0.48
2016-09-23 10:30:00,28.03,28.03,27.68,27.52,5593.44,-0.35,-1.25,27.854,28.041,27.8885,6285.73,5519.55,5489.53,0.93
2016-09-22 15:00:00,27.83,27.93,27.72,27.71,7692.82,-0.11,-0.4,27.966,28.056,27.9145,5929.71,5158.11,5598.72,1.28
2016-09-22 14:00:00,28.0,28.0,27.83,27.8,4571.64,-0.17,-0.61,28.098,28.07,27.949,4887.26,4590.11,5744.92,0.76
2016-09-22 11:30:00,28.04,28.1,28.0,27.96,5889.78,-0.04,-0.14,28.2,28.077,27.98,4734.73,4564.89,5710.7,0.98
2016-09-22 10:30:00,28.39,28.5,28.04,27.96,7680.95,-0.35,-1.23,28.256,28.051,28.0055,5181.72,4505.87,5617.75,1.28
2016-09-21 15:00:00,28.39,28.39,28.24,28.17,3813.37,-0.15,-0.53,28.228,28.024,28.041,4753.38,3949.67,5506.32,0.64
2016-09-21 14:00:00,28.34,28.42,28.38,28.34,2480.57,0.04,0.14,28.146,27.973,28.065,4386.51,3813.36,5675.11,0.41
2016-09-21 11:30:00,28.28,28.41,28.34,28.25,3809.0,0.06,0.21,28.042,27.909,28.07,4292.96,4379.65,5867.58,0.63
2016-09-21 10:30:00,28.02,28.42,28.28,28.02,8124.7,0.26,0.93,27.954,27.823,28.0925,4395.05,4957.46,5949.16,1.35
2016-09-20 15:00:00,27.82,28.04,27.9,27.82,5539.24,0.08,0.29,27.846,27.746,28.125,3830.02,5148.15,5953.99,0.92
2016-09-20 14:00:00,27.86,27.88,27.83,27.8,1979.02,-0.03,-0.11,27.82,27.736,28.22,3145.97,5459.5,5938.73,0.33
2016-09-20 11:30:00,27.9,27.93,27.86,27.82,2012.84,-0.04,-0.14,27.8,27.773,28.316,3240.21,6039.34,5963.48,0.34
2016-09-20 10:30:00,27.8,28.06,27.9,27.67,4319.46,0.1,0.36,27.776,27.828,28.413,4466.35,6899.72,6021.54,0.72
2016-09-19 15:00:00,27.77,27.78,27.74,27.68,5299.54,-0.03,-0.11,27.692,27.883,28.506,5519.86,6856.51,6003.14,0.88
2016-09-19 14:00:00,27.74,27.8,27.77,27.7,2119.0,0.03,0.11,27.646,27.96,28.604,6466.27,6729.62,6188.85,0.35
2016-09-19 11:30:00,27.74,27.76,27.73,27.68,2450.23,-0.01,-0.04,27.652,28.058,28.705,7773.03,7062.97,6206.85,0.41
2016-09-19 10:30:00,27.49,27.83,27.74,27.49,8143.5,0.25,0.91,27.746,28.157,28.8125,8838.46,7536.85,6233.54,1.36
2016-09-14 15:00:00,27.51,27.54,27.48,27.38,9587.03,-0.03,-0.11,27.88,28.231,28.919,9333.1,7355.5,5978.51,1.6
2016-09-14 14:00:00,27.8,27.93,27.51,27.4,10031.6,-0.29,-1.04,28.074,28.362,29.034,8193.16,6940.87,5912.01,1.67
2016-09-14 11:30:00,28.19,28.21,27.8,27.8,8652.81,-0.39,-1.38,28.274,28.504,29.152,6992.98,6759.84,5669.33,1.44
2016-09-14 10:30:00,28.17,28.4,28.2,28.1,7777.37,0.03,0.11,28.464,28.704,29.2595,6352.91,6417.96,5496.39,1.3
2016-09-13 15:00:00,28.45,28.45,28.41,28.05,10616.7,-0.04,-0.14,28.568,28.859,29.3475,6235.24,5887.62,5611.03,1.77
2016-09-13 14:00:00,28.51,28.6,28.45,28.4,3887.33,-0.06,-0.21,28.582,28.998,29.436,5377.9,5143.35,5579.3,0.65
