Not
2017-06-30,-0.433,-0.467,0.034
2017-06-29,-0.469,-0.475,0.006
2017-06-28,-0.474,-0.477,0.003
2017-06-27,-0.477,-0.477,0.000
2017-06-26,-0.475,-0.477,0.003
2017-06-23,-0.473,-0.478,0.005
2017-06-22,-0.459,-0.479,0.020
2017-06-21,-0.430,-0.484,0.054
2017-06-20,-0.439,-0.498,0.059
2017-06-19,-0.456,-0.513,0.056
2017-06-16,-0.475,-0.527,0.052
2017-06-15,-0.483,-0.540,0.057
2017-06-14,-0.515,-0.554,0.039
2017-06-13,-0.513,-0.564,0.051
2017-06-12,-0.534,-0.577,0.042
2017-06-09,-0.489,-0.587,0.098
2017-06-08,-0.503,-0.612,0.108
2017-06-07,-0.569,-0.639,0.070
2017-06-06,-0.698,-0.656,-0.042
2017-06-05,-0.732,-0.646,-0.086
2017-06-02,-0.732,-0.624,-0.107
2017-06-01,-0.713,-0.598,-0.115
2017-05-31,-0.678,-0.569,-0.109
2017-05-26,-0.677,-0.541,-0.136
2017-05-25,-0.653,-0.508,-0.145
2017-05-24,-0.629,-0.471,-0.158
2017-05-23,-0.592,-0.432,-0.161
2017-05-22,-0.434,-0.391,-0.042
2017-05-19,-0.393,-0.381,-0.012
2017-05-18,-0.386,-0.378,-0.008
2017-05-17,-0.370,-0.376,0.006
2017-05-16,-0.380,-0.377,-0.002
2017-05-15,-0.387,-0.377,-0.011
2017-05-12,-0.375,-0.374,-0.001
2017-05-11,-0.374,-0.374,-0.000
2017-05-10,-0.401,-0.374,-0.027
2017-05-09,-0.415,-0.367,-0.048
2017-05-08,-0.392,-0.355,-0.036
2017-05-05,-0.323,-0.346,0.023
2017-05-04,-0.262,-0.352,0.089
2017-05-03,-0.270,-0.374,0.104
2017-05-02,-0.275,-0.400,0.125
2017-04-28,-0.309,-0.431,0.122
2017-04-27,-0.370,-0.461,0.092
2017-04-26,-0.460,-0.484,0.025
2017-04-25,-0.537,-0.491,-0.046
2017-04-24,-0.624,-0.479,-0.145
2017-04-21,-0.630,-0.443,-0.187
2017-04-20,-0.631,-0.396,-0.235
2017-04-19,-0.616,-0.337,-0.279
2017-04-18,-0.572,-0.267,-0.304
2017-04-17,-0.511,-0.191,-0.319
2017-04-14,-0.411,-0.112,-0.299
2017-04-13,-0.346,-0.037,-0.309
2017-04-12,-0.278,0.041,-0.319
2017-04-11,-0.188,0.120,-0.308
2017-04-10,-0.121,0.197,-0.319
2017-04-07,-0.065,0.277,-0.342
2017-04-06,0.030,0.363,-0.332
2017-04-05,0.139,0.446,-0.307
2017-03-31,0.255,0.523,-0.268
2017-03-30,0.446,0.590,-0.144
2017-03-29,0.614,0.626,-0.012
2017-03-28,0.699,0.629,0.071
2017-03-27,0.708,0.611,0.097
2017-03-24,0.704,0.587,0.117
2017-03-23,0.700,0.557,0.143
2017-03-22,0.634,0.522,0.112
2017-03-21,0.592,0.494,0.098
2017-03-20,0.561,0.469,0.092
2017-03-17,0.563,0.446,0.117
2017-03-16,0.519,0.417,0.102
2017-03-15,0.503,0.391,0.112
2017-03-14,0.500,0.363,0.136
2017-03-13,0.457,0.329,0.127
2017-03-10,0.421,0.297,0.124
2017-03-09,0.408,0.266,0.141
2017-03-08,0.406,0.231,0.175
2017-03-07,0.348,0.187,0.160
2017-03-06,0.287,0.147,0.140
2017-03-03,0.190,0.113,0.077
2017-03-02,0.156,0.093,0.063
2017-03-01,0.172,0.078,0.094
2017-02-28,0.201,0.054,0.147
2017-02-27,0.235,0.017,0.218
2017-02-24,0.250,-0.037,0.287
2017-02-23,0.153,-0.109,0.262
2017-02-22,0.086,-0.174,0.261
2017-02-21,0.035,-0.240,0.274
2017-02-20,-0.012,-0.308,0.296
2017-02-17,-0.071,-0.382,0.311
2017-02-16,-0.152,-0.460,0.307
2017-02-15,-0.309,-0.537,0.228
2017-02-14,-0.403,-0.594,0.191
2017-02-13,-0.515,-0.642,0.127
2017-02-10,-0.562,-0.673,0.111
2017-02-09,-0.590,-0.701,0.111
2017-02-08,-0.653,-0.729,0.076
2017-02-07,-0.695,-0.748,0.053
2017-02-06,-0.731,-0.761,0.030
2017-02-03,-0.773,-0.769,-0.005
2017-01-26,-0.829,-0.767,-0.062
2017-01-25,-0.877,-0.752,-0.125
2017-01-24,-0.904,-0.720,-0.184
2017-01-23,-0.921,-0.675,-0.247
2017-01-20,-0.937,-0.613,-0.325
2017-01-19,-0.875,-0.532,-0.344
2017-01-18,-0.759,-0.446,-0.313
2017-01-17,-0.610,-0.367,-0.243
2017-01-16,-0.462,-0.307,-0.155
2017-01-13,-0.250,-0.268,0.018
2017-01-12,-0.199,-0.273,0.073
2017-01-11,-0.151,-0.291,0.140
2017-01-10,-0.158,-0.326,0.168
2017-01-09,-0.191,-0.368,0.177
2017-01-06,-0.230,-0.412,0.182
2017-01-05,-0.288,-0.458,0.170
2017-01-04,-0.357,-0.500,0.143
2017-01-03,-0.444,-0.536,0.092
2016-12-30,-0.530,-0.559,0.029
2016-12-29,-0.554,-0.566,0.012
2016-12-28,-0.562,-0.569,0.007
2016-12-27,-0.590,-0.571,-0.020
2016-12-26,-0.608,-0.566,-0.043
2016-12-23,-0.623,-0.555,-0.068
2016-12-22,-0.598,-0.538,-0.060
2016-12-21,-0.594,-0.523,-0.071
2016-12-20,-0.610,-0.505,-0.104
2016-12-19,-0.624,-0.479,-0.144
2016-12-16,-0.625,-0.443,-0.182
2016-12-15,-0.604,-0.398,-0.206
2016-12-14,-0.547,-0.346,-0.200
2016-12-13,-0.452,-0.296,-0.156
2016-12-12,-0.348,-0.257,-0.091
2016-12-09,-0.228,-0.234,0.006
2016-12-08,-0.251,-0.235,-0.015
2016-12-07,-0.294,-0.232,-0.063
2016-12-06,-0.363,-0.216,-0.147
2016-12-05,-0.341,-0.179,-0.162
2016-12-02,-0.288,-0.139,-0.149
2016-12-01,-0.200,-0.102,-0.098
2016-11-30,-0.168,-0.077,-0.091
2016-11-29,-0.123,-0.054,-0.069
2016-11-28,-0.056,-0.037,-0.019
2016-11-25,-0.019,-0.033,0.014
2016-11-24,0.006,-0.036,0.042
2016-11-23,0.037,-0.046,0.084
2016-11-22,0.042,-0.067,0.109
2016-11-21,0.009,-0.095,0.104
2016-11-18,-0.003,-0.121,0.117
2016-11-17,-0.025,-0.150,0.125
2016-11-16,-0.095,-0.181,0.086
2016-11-15,-0.153,-0.203,0.050
2016-11-14,-0.170,-0.215,0.045
2016-11-11,-0.179,-0.226,0.047
2016-11-10,-0.170,-0.238,0.068
2016-11-09,-0.159,-0.255,0.096
2016-11-08,-0.120,-0.279,0.159
2016-11-07,-0.148,-0.319,0.171
2016-11-04,-0.186,-0.361,0.176
2016-11-03,-0.214,-0.405,0.191
2016-11-02,-0.245,-0.453,0.208
2016-10-28,-0.289,-0.505,0.216
2016-10-27,-0.291,-0.559,0.268
2016-10-26,-0.329,-0.626,0.297
2016-10-25,-0.408,-0.700,0.292
2016-10-24,-0.549,-0.774,0.225
2016-10-21,-0.628,-0.830,0.202
2016-10-20,-0.682,-0.880,0.199
2016-10-19,-0.806,-0.930,0.124
2016-10-18,-0.851,-0.961,0.110
2016-10-17,-0.912,-0.988,0.077
2016-10-14,-0.961,-1.007,0.047
2016-10-13,-1.004,-1.019,0.015
2016-10-12,-1.033,-1.023,-0.010
2016-10-11,-1.071,-1.020,-0.050
2016-10-10,-1.120,-1.008,-0.112
2016-09-30,-1.176,-0.980,-0.197
2016-09-29,-1.181,-0.931,-0.250
2016-09-28,-1.129,-0.868,-0.261
2016-09-27,-1.065,-0.803,-0.263
2016-09-26,-0.999,-0.737,-0.262
2016-09-23,-0.886,-0.671,-0.215
2016-09-22,-0.853,-0.618,-0.235
2016-09-21,-0.819,-0.559,-0.261
2016-09-20,-0.817,-0.494,-0.323
2016-09-19,-0.768,-0.413,-0.354
2016-09-14,-0.678,-0.324,-0.354
2016-09-13,-0.528,-0.236,-0.292
2016-09-12,-0.423,-0.163,-0.260
2016-09-09,-0.307,-0.098,-0.209
2016-09-08,-0.264,-0.046,-0.219
2016-09-07,-0.204,0.009,-0.213
2016-09-06,-0.130,0.062,-0.193
2016-09-05,-0.076,0.110,-0.186
2016-09-02,0.051,0.157,-0.106
2016-09-01,0.172,0.183,-0.011
2016-08-31,0.231,0.186,0.045
2016-08-30,0.276,0.175,0.101
2016-08-29,0.286,0.150,0.136
2016-08-26,0.281,0.116,0.166
2016-08-25,0.239,0.074,0.165
2016-08-24,0.115,0.033,0.081
2016-08-23,0.054,0.013,0.041
2016-08-22,0.046,0.002,0.044
2016-08-19,0.056,-0.009,0.065
2016-08-18,0.025,-0.025,0.050
2016-08-17,0.034,-0.037,0.071
2016-08-16,-0.016,-0.055,0.039
2016-08-15,-0.024,-0.065,0.042
2016-08-12,-0.069,-0.075,0.007
2016-08-11,-0.051,-0.077,0.026
2016-08-10,-0.025,-0.084,0.059
2016-08-09,-0.088,-0.098,0.010
2016-08-08,-0.203,-0.101,-0.102
2016-08-05,-0.353,-0.076,-0.278
2016-08-04,-0.316,-0.006,-0.310
2016-08-03,-0.296,0.071,-0.367
2016-08-02,-0.170,0.163,-0.333
2016-08-01,-0.003,0.247,-0.249
2016-07-29,0.185,0.309,-0.124
2016-07-28,0.297,0.340,-0.043
2016-07-27,0.371,0.351,0.020
2016-07-26,0.487,0.346,0.142
2016-07-25,0.476,0.310,0.165
2016-07-22,0.449,0.269,0.180
2016-07-21,0.521,0.224,0.297
2016-07-20,0.470,0.150,0.321
2016-07-19,0.359,0.070,0.290
2016-07-18,0.281,-0.003,0.284
2016-07-15,0.201,-0.074,0.275
2016-07-14,0.053,-0.142,0.195
2016-07-13,-0.080,-0.191,0.111
2016-07-12,-0.117,-0.219,0.102
2016-07-11,-0.121,-0.244,0.123
2016-07-08,-0.125,-0.275,0.150
2016-07-07,-0.180,-0.313,0.133
2016-07-06,-0.275,-0.346,0.071
2016-07-05,-0.240,-0.363,0.124
2016-07-04,-0.185,-0.394,0.209
2016-07-01,-0.212,-0.447,0.235
2016-06-30,-0.237,-0.505,0.268
2016-06-29,-0.241,-0.572,0.332
2016-06-28,-0.361,-0.655,0.294
2016-06-27,-0.383,-0.729,0.345
2016-06-24,-0.388,-0.815,0.427
2016-06-23,-0.369,-0.922,0.553
2016-06-22,-0.442,-1.060,0.618
2016-06-21,-0.635,-1.215,0.580
2016-06-20,-0.850,-1.360,0.510
2016-06-17,-0.912,-1.487,0.575
2016-06-16,-0.981,-1.631,0.650
2016-06-15,-1.058,-1.793,0.735
2016-06-14,-1.176,-1.977,0.801
2016-06-13,-1.210,-2.177,0.968
2016-06-08,-1.182,-2.419,1.237
2016-06-07,-1.335,-2.729,1.393
2016-06-06,-1.612,-3.077,1.465
2016-06-03,-1.915,-3.443,1.528
2016-06-02,-2.394,-3.825,1.431
2016-06-01,-2.964,-4.183,1.219
2016-05-31,-3.368,-4.488,1.119
2016-05-30,-3.695,-4.768,1.072
2016-05-27,-3.948,-5.036,1.088
2016-05-26,-4.188,-5.308,1.120
2016-05-25,-4.451,-5.588,1.136
2016-05-24,-4.712,-5.872,1.159
2016-05-23,-4.963,-6.162,1.199
2016-05-20,-5.279,-6.461,1.182
2016-05-19,-5.556,-6.757,1.201
2016-05-18,-5.844,-7.057,1.213
2016-05-17,-6.126,-7.360,1.234
2016-05-16,-6.509,-7.669,1.160
2016-05-13,-6.836,-7.958,1.123
2016-05-12,-7.127,-8.239,1.112
2016-05-11,-7.444,-8.517,1.074
2016-05-10,-7.744,-8.786,1.042
2016-05-09,-8.015,-9.046,1.031
2016-05-06,-8.203,-9.304,1.100
2016-05-05,-8.558,-9.579,1.020
2016-05-04,-9.090,-9.834,0.744
2016-05-03,-9.515,-10.020,0.505
2016-04-29,-9.941,-10.146,0.205
2016-04-28,-10.280,-10.198,-0.082
2016-04-27,-10.681,-10.177,-0.504
2016-04-26,-11.089,-10.051,-1.038
2016-04-25,-11.460,-9.792,-1.669
2016-04-22,-11.596,-9.374,-2.221
2016-04-21,-11.721,-8.819,-2.902
2016-04-20,-11.419,-8.094,-3.325
2016-04-19,-11.085,-7.262,-3.823
2016-04-18,-10.844,-6.307,-4.538
2016-04-15,-10.401,-5.172,-5.228
2016-04-14,-9.658,-3.865,-5.793
2016-04-13,-8.657,-2.417,-6.240
2016-04-12,-7.260,-0.857,-6.403
2016-04-11,-5.374,0.743,-6.117
2016-04-01,-3.051,2.273,-5.324
2016-03-31,-0.297,3.604,-3.901
2016-03-30,3.128,4.579,-1.451
2016-03-29,7.825,4.942,2.883
2016-03-28,7.286,4.221,3.065
2016-03-25,6.233,3.455,2.779
2016-03-24,5.744,2.760,2.984
2016-03-23,4.481,2.014,2.467
2016-03-22,3.288,1.397,1.891
2016-03-21,2.542,0.925,1.617
2016-03-18,1.584,0.520,1.063
2016-03-17,0.846,0.254,0.592
2016-03-16,0.417,0.107,0.311
2016-03-15,0.383,0.029,0.354
2016-03-14,-0.195,-0.060,-0.135
2016-03-11,-0.773,-0.026,-0.747
2016-03-10,-1.010,0.161,-1.170
2016-03-09,-0.962,0.454,-1.415
2016-03-08,-0.521,0.807,-1.328
2016-03-07,-0.151,1.139,-1.291
2016-03-04,0.247,1.462,-1.215
2016-03-03,0.947,1.766,-0.819
2016-03-02,1.181,1.971,-0.789
2016-03-01,1.247,2.168,-0.921
2016-02-29,1.627,2.398,-0.771
2016-02-26,2.484,2.591,-0.107
2016-02-25,3.032,2.618,0.414
2016-02-24,3.674,2.514,1.160
2016-02-23,3.659,2.224,1.435
2016-02-22,3.007,1.865,1.142
2016-02-19,2.485,1.580,0.905
2016-02-18,2.086,1.353,0.733
2016-02-17,1.448,1.170,0.278
2016-02-16,1.020,1.101,-0.080
2016-02-15,0.968,1.121,-0.153
2016-02-05,1.162,1.159,0.003
2016-02-04,1.412,1.159,0.254
2016-02-03,1.275,1.095,0.179
2016-02-02,1.223,1.050,0.173
2016-02-01,0.966,1.007,-0.041
2016-01-29,1.025,1.017,0.008
2016-01-28,1.016,1.016,0.000
2016-01-27,1.390,1.015,0.374
2016-01-26,1.141,0.922,0.219
2016-01-25,1.229,0.867,0.361
2016-01-22,0.671,0.777,-0.106
2016-01-21,0.293,0.803,-0.510
2016-01-20,0.439,0.931,-0.492
2016-01-19,0.149,1.054,-0.905
2016-01-18,0.156,1.280,-1.124
2016-01-15,0.536,1.561,-1.025
2016-01-14,1.149,1.818,-0.668
2016-01-13,1.352,1.985,-0.633
2016-01-12,1.749,2.143,-0.394
2016-01-11,2.461,2.241,0.219
2016-01-08,2.657,2.187,0.471
2016-01-07,2.119,2.069,0.050
2016-01-06,2.083,2.056,0.027
2016-01-05,1.586,2.050,-0.463
2016-01-04,1.587,2.166,-0.578
2015-12-31,2.164,2.310,-0.146
2015-12-30,2.346,2.346,-0.000
2015-12-29,2.428,2.347,0.081
2015-12-28,2.390,2.326,0.064
2015-12-25,2.581,2.310,0.270
2015-12-24,2.473,2.243,0.230
2015-12-23,2.211,2.185,0.026
2015-12-22,1.742,2.179,-0.437
2015-12-21,1.750,2.288,-0.537
2015-12-18,1.821,2.422,-0.602
2015-12-17,1.938,2.573,-0.635
2015-12-16,1.852,2.731,-0.880
2015-12-15,1.977,2.951,-0.974
2015-12-14,2.172,3.195,-1.023
2015-12-11,2.331,3.450,-1.120
2015-12-10,2.779,3.730,-0.952
2015-12-09,3.296,3.968,-0.672
2015-12-08,3.780,4.136,-0.356
2015-12-07,4.025,4.225,-0.200
2015-12-04,4.289,4.275,0.014
2015-12-03,4.414,4.272,0.143
2015-12-02,4.348,4.236,0.112
2015-12-01,4.540,4.208,0.332
2015-11-30,4.597,4.125,0.473
2015-11-27,4.321,4.006,0.315
2015-11-26,4.474,3.928,0.546
2015-11-25,4.291,3.791,0.500
2015-11-24,4.027,3.666,0.361
2015-11-23,3.656,3.576,0.080
2015-11-20,3.709,3.556,0.153
2015-11-19,3.548,3.518,0.031
2015-11-18,3.641,3.510,0.131
2015-11-17,4.089,3.477,0.612
2015-11-16,4.345,3.324,1.021
2015-11-13,4.355,3.069,1.286
2015-11-12,4.374,2.748,1.626
2015-11-11,3.704,2.341,1.363
2015-11-10,3.049,2.000,1.049
2015-11-09,2.719,1.738,0.981
2015-11-06,2.284,1.493,0.792
2015-11-05,1.928,1.295,0.633
2015-11-04,1.745,1.137,0.609
2015-11-03,1.397,0.985,0.412
2015-11-02,1.065,0.882,0.184
2015-10-30,0.921,0.836,0.086
2015-10-29,0.868,0.814,0.054
2015-10-28,0.879,0.801,0.079
2015-10-27,0.929,0.781,0.148
2015-10-26,0.865,0.744,0.121
2015-10-23,0.825,0.714,0.111
2015-10-22,0.837,0.686,0.151
2015-10-21,0.941,0.648,0.292
2015-10-20,1.167,0.575,0.591
2015-10-19,1.048,0.427,0.621
2015-10-16,1.030,0.272,0.758
2015-10-15,0.876,0.083,0.793
2015-10-14,0.620,-0.116,0.736
2015-10-13,0.395,-0.300,0.695
2015-10-12,0.123,-0.473,0.596
2015-10-09,-0.283,-0.622,0.339
2015-10-08,-0.557,-0.707,0.149
2015-10-07,-0.667,-0.744,0.077
2015-09-30,-0.651,-0.763,0.113
2015-09-29,-0.612,-0.792,0.180
2015-09-28,-0.523,-0.837,0.314
2015-09-25,-0.555,-0.915,0.360
2015-09-24,-0.512,-1.005,0.493
2015-09-23,-0.602,-1.128,0.527
2015-09-22,-0.702,-1.260,0.558
2015-09-21,-0.823,-1.400,0.577
2015-09-18,-1.084,-1.544,0.460
2015-09-17,-1.198,-1.659,0.461
2015-09-16,-1.364,-1.774,0.410
2015-09-15,-1.837,-1.876,0.040
2015-09-14,-2.073,-1.886,-0.186
2015-09-11,-2.305,-1.840,-0.465
2015-09-10,-2.382,-1.723,-0.658
2015-09-09,-2.387,-1.559,-0.828
2015-09-08,-2.554,-1.352,-1.202
2015-09-07,-2.657,-1.051,-1.605
2015-09-02,-2.434,-0.650,-1.784
2015-09-01,-1.962,-0.204,-1.758
2015-08-31,-1.431,0.236,-1.667
2015-08-28,-1.105,0.652,-1.758
2015-08-27,-1.088,1.092,-2.180
2015-08-26,-0.898,1.637,-2.535
2015-08-25,-0.453,2.271,-2.723
2015-08-24,0.469,2.951,-2.483
2015-08-21,1.396,3.572,-2.176
2015-08-20,2.149,4.116,-1.967
2015-08-19,2.851,4.608,-1.757
2015-08-18,3.359,5.047,-1.688
2015-08-17,4.148,5.469,-1.321
2015-08-14,4.739,5.799,-1.060
2015-08-13,nan,nan,nan
2015-08-12,nan,nan,nan
2015-08-11,nan,nan,nan
2015-08-10,nan,nan,nan
2015-08-07,nan,nan,nan
2015-08-06,nan,nan,nan
2015-08-05,nan,nan,nan
2015-08-04,nan,nan,nan
2015-08-03,nan,nan,nan
2015-07-31,nan,nan,nan
2015-07-30,nan,nan,nan
2015-07-29,nan,nan,nan
2015-07-28,nan,nan,nan
2015-07-27,nan,nan,nan
2015-07-24,nan,nan,nan
2015-07-23,nan,nan,nan
2015-07-22,nan,nan,nan
2015-07-21,nan,nan,nan
2015-07-20,nan,nan,nan
2015-07-17,nan,nan,nan
2015-07-16,nan,nan,nan
2015-07-15,nan,nan,nan
2015-07-14,nan,nan,nan
2015-07-13,nan,nan,nan
2015-07-10,nan,nan,nan
2015-07-09,nan,nan,nan
2015-07-08,nan,nan,nan
2015-07-07,nan,nan,nan
2015-07-06,nan,nan,nan
2015-07-03,nan,nan,nan
2015-07-02,nan,nan,nan
2015-07-01,nan,nan,nan
2015-06-30,nan,nan,nan
