date,open,high,close,low,volume,price_change,p_change,ma5,ma10,ma20,v_ma5,v_ma10,v_ma20,turnover
2017-03-17 15:00:00,36.95,37.17,36.73,36.56,21690.7,-0.22,-0.6,37.052,36.592,35.899,30161.5,25982.1,22218.8,5.19
2017-03-17 14:00:00,36.8,37.43,36.95,36.69,13970.1,0.15,0.41,37.1,36.471,35.8305,31704.3,24978.1,22301.3,3.34
2017-03-17 11:30:00,37.99,38.27,36.8,36.7,35515.2,-1.19,-3.13,37.052,36.297,35.7705,34554.0,25223.7,22049.3,8.5
2017-03-17 10:30:00,36.61,38.16,37.99,36.4,52278.6,1.38,3.77,36.952,36.199,35.7165,33497.8,23714.8,20754.5,12.51
2017-03-16 15:00:00,36.97,37.1,36.79,36.68,27352.7,-0.18,-0.49,36.43,35.984,35.5885,25667.2,19751.8,19745.8,6.54
2017-03-16 14:00:00,36.72,37.19,36.97,36.72,29404.7,0.25,0.68,36.132,35.852,35.5495,21802.8,18367.3,19678.9,7.03
2017-03-16 11:30:00,36.3,36.79,36.71,36.01,28218.8,0.41,1.13,35.842,35.725,35.522,18252.0,18780.4,18775.7,6.75
2017-03-16 10:30:00,35.53,36.33,36.3,35.46,30234.2,0.77,2.17,35.542,35.562,35.523,15893.3,17713.8,18448.4,7.23
2017-03-15 15:00:00,35.3,35.58,35.38,35.26,13125.8,0.08,0.23,35.446,35.422,35.524,13931.8,15834.8,21341.0,3.14
2017-03-15 14:00:00,35.54,35.57,35.3,35.23,8030.37,-0.24,-0.68,35.538,35.329,35.6775,13836.4,15642.1,22554.6,1.92
2017-03-15 11:30:00,35.21,35.72,35.52,35.1,11650.9,0.31,0.88,35.572,35.206,35.873,14931.9,18455.5,24516.8,2.79
2017-03-15 10:30:00,35.74,35.79,35.21,35.02,16425.4,-0.53,-1.48,35.608,35.19,36.016,19308.7,19624.4,25697.7,3.93
2017-03-14 15:00:00,35.84,35.86,35.82,35.37,20426.5,-0.02,-0.06,35.582,35.244,36.1805,19534.3,18874.9,29774.4,4.89
2017-03-14 14:00:00,35.47,35.94,35.84,35.47,12648.6,0.37,1.04,35.398,35.234,36.2735,17737.9,17794.2,31105.6,3.03
2017-03-14 11:30:00,35.73,35.89,35.47,35.17,13508.1,-0.26,-0.73,35.12,35.193,36.343,17447.8,19739.9,31630.9,3.23
2017-03-14 10:30:00,34.86,36.09,35.7,34.86,33534.9,0.84,2.41,34.84,35.247,36.4225,21979.1,20990.4,33220.7,8.02
2017-03-13 15:00:00,34.9,35.19,35.08,34.63,17553.5,0.18,0.52,34.772,35.319,36.5035,19940.1,18771.0,37438.7,4.2
2017-03-13 14:00:00,34.45,34.99,34.9,34.27,11444.2,0.45,1.31,34.906,35.484,36.6475,18215.4,19183.0,36656.6,2.74
2017-03-13 11:30:00,34.09,34.46,34.45,33.92,11198.4,0.36,1.06,35.07,35.626,36.8005,17850.6,26847.1,36365.7,2.68
2017-03-13 10:30:00,35.13,35.13,34.07,33.5,36164.5,-1.06,-3.02,35.266,36.026,36.976,22031.9,29467.1,38547.0,8.65
2017-03-10 15:00:00,35.75,35.86,35.36,35.26,23340.1,-0.39,-1.09,35.654,36.54,37.1585,20001.7,30578.1,46660.5,5.58
2017-03-10 14:00:00,35.75,36.14,35.75,35.72,8929.95,0.0,0.0,35.866,36.842,37.116,17601.8,31771.0,45500.2,2.14
2017-03-10 11:30:00,35.45,35.96,35.72,35.45,9619.86,0.27,0.76,36.062,37.117,37.054,20150.6,40673.9,45057.9,2.3
2017-03-10 10:30:00,35.85,36.19,35.43,35.25,32105.1,-0.42,-1.17,36.182,37.313,36.9935,35843.7,44416.9,44585.7,7.68
2017-03-09 15:00:00,36.45,36.6,36.01,35.98,26013.5,-0.44,-1.21,36.786,37.493,36.9475,36902.3,43522.0,43231.5,6.22
2017-03-09 14:00:00,36.73,36.73,36.42,36.08,11340.6,-0.31,-0.84,37.426,37.598,36.7155,41154.5,45451.1,41940.5,2.71
2017-03-09 11:30:00,36.33,36.85,36.73,35.89,21673.7,0.4,1.1,37.818,37.688,36.463,45940.3,56106.3,41377.9,5.19
2017-03-09 10:30:00,37.6,37.6,36.32,35.6,88085.6,-1.28,-3.4,38.172,37.811,36.195,61197.3,54130.2,40306.6,21.07
2017-03-08 15:00:00,39.21,39.27,38.45,38.22,37397.9,-0.76,-1.94,38.444,37.975,35.9475,52990.1,45884.3,36033.8,8.95
2017-03-08 14:00:00,38.39,39.5,39.21,38.39,47274.7,0.82,2.14,38.2,37.926,35.451,50141.6,47626.8,34171.2,11.31
2017-03-08 11:30:00,38.52,38.99,38.38,38.1,35269.4,-0.14,-0.36,37.77,37.777,34.9165,49747.7,62743.0,31810.7,8.44
2017-03-08 10:30:00,37.49,38.96,38.5,37.18,97958.8,1.01,2.69,37.558,37.39,34.4235,66272.4,59229.5,30050.2,23.44
2017-03-07 15:00:00,37.23,37.99,37.68,37.17,47049.8,0.45,1.21,37.45,36.991,33.9245,47063.2,49441.9,25222.4,11.26
2017-03-07 14:00:00,37.06,37.5,37.23,36.71,23155.6,0.17,0.46,37.506,36.674,33.337,38778.6,44754.5,22872.9,5.54
2017-03-07 11:30:00,37.32,37.34,37.06,36.45,45304.9,-0.26,-0.7,37.652,36.402,32.772,45112.0,42941.1,21717.0,10.84
2017-03-07 10:30:00,36.74,37.96,37.32,36.4,117893.0,0.58,1.58,37.784,35.833,32.2155,75738.3,38429.9,19455.3,28.2
2017-03-06 15:00:00,37.96,37.96,37.96,37.96,1912.7,0.0,0.0,37.222,35.238,31.646,52186.5,26649.5,13587.8,0.46
2017-03-06 14:00:00,37.96,37.96,37.96,37.95,5626.6,0.0,0.0,36.532,34.579,30.9265,51820.6,26482.9,13493.2,1.35
2017-03-06 11:30:00,37.71,37.96,37.96,37.51,54822.8,0.25,0.66,35.842,33.92,30.207,50730.4,26183.2,13212.3,13.12
2017-03-06 10:30:00,35.75,37.78,37.72,35.2,198436.0,1.97,5.51,35.152,32.976,29.4875,40770.3,20715.5,10472.4,47.47
2017-03-03 15:00:00,34.51,34.51,34.51,34.51,134.34,0.0,0.0,33.882,32.056,28.78,1121.47,878.41,568.03,0.03
2017-03-03 14:00:00,34.51,34.51,34.51,34.51,83.0,0.0,0.0,33.254,31.457,28.126,1112.6,870.98,564.46,0.02
2017-03-03 11:30:00,34.51,34.51,34.51,34.51,176.0,0.0,0.0,32.626,30.858,27.472,1145.24,1003.03,562.16,0.04
2017-03-03 10:30:00,34.51,34.51,34.51,34.51,5022.0,0.0,0.0,31.998,30.0,26.818,1635.95,991.33,555.36,1.2
2017-03-02 15:00:00,31.37,31.37,31.37,31.37,192.0,0.0,0.0,30.8,29.142,26.164,660.75,492.93,325.61,0.05
2017-03-02 14:00:00,31.37,31.37,31.37,31.37,90.0,0.0,0.0,30.23,28.598,25.5695,635.35,480.73,317.89,0.02
2017-03-02 11:30:00,31.37,31.37,31.37,31.37,246.19,0.0,0.0,29.66,28.054,24.975,629.35,526.03,315.69,0.06
2017-03-02 10:30:00,31.37,31.37,31.37,31.37,2629.56,0.0,0.0,29.09,27.274,24.3805,860.82,503.41,305.72,0.63
2017-03-01 15:00:00,28.52,28.52,28.52,28.52,146.0,0.0,0.0,28.002,26.494,23.786,346.7,241.45,185.94,0.03
2017-03-01 14:00:00,28.52,28.52,28.52,28.52,65.0,0.0,0.0,27.484,25.999,23.2455,325.1,229.25,178.89,0.02
2017-03-01 11:30:00,28.52,28.52,28.52,28.52,60.01,0.0,0.0,26.966,25.504,22.705,326.1,257.65,177.19,0.01
2017-03-01 10:30:00,28.52,28.52,28.52,28.52,1403.51,0.0,0.0,26.448,24.795,22.1645,422.7,257.95,175.44,0.34
2017-02-28 15:00:00,25.93,25.93,25.93,25.93,59.0,0.0,0.0,25.458,24.086,21.624,146.0,121.3,112.42,0.01
2017-02-28 14:00:00,25.93,25.93,25.93,25.93,38.0,0.0,0.0,24.986,23.636,21.1325,136.2,119.4,110.37,0.01
2017-02-28 11:30:00,25.93,25.93,25.93,25.93,70.0,0.0,0.0,24.514,23.186,20.641,133.4,158.3,108.57,0.02
2017-02-28 10:30:00,25.93,25.93,25.93,25.93,543.0,0.0,0.0,24.042,22.541,20.1495,189.2,155.06,106.32,0.13
2017-02-27 15:00:00,23.57,23.57,23.57,23.57,20.0,0.0,0.0,23.142,21.896,19.658,93.2,105.36,86.32,0.0
2017-02-27 14:00:00,23.57,23.57,23.57,23.57,10.0,0.0,0.0,22.714,21.487,19.2115,96.6,108.04,86.02,0.0
2017-02-27 11:30:00,23.57,23.57,23.57,23.57,24.0,0.0,0.0,22.286,21.078,18.765,102.6,130.44,85.82,0.01
2017-02-27 10:30:00,23.57,23.57,23.57,23.57,349.0,0.0,0.0,21.858,20.492,18.3185,183.2,128.54,85.98,0.08
2017-02-24 15:00:00,21.43,21.43,21.43,21.43,63.0,0.0,0.0,21.04,19.906,17.872,120.92,96.74,74.28,0.02
2017-02-24 14:00:00,21.43,21.43,21.43,21.43,37.0,0.0,0.0,20.65,19.534,17.466,117.52,92.94,72.13,0.01
2017-02-24 11:30:00,21.43,21.43,21.43,21.43,40.0,0.0,0.0,20.26,19.162,17.06,119.47,103.54,70.28,0.01
2017-02-24 10:30:00,21.43,21.43,21.43,21.43,427.0,0.0,0.0,19.87,18.629,16.654,158.27,101.34,69.48,0.1
2017-02-23 15:00:00,19.48,19.48,19.48,19.48,37.62,0.0,0.0,19.126,18.096,16.248,73.87,58.84,52.98,0.01
2017-02-23 14:00:00,19.48,19.48,19.48,19.48,46.0,0.0,0.0,18.772,17.758,15.879,72.55,57.57,51.1,0.01
2017-02-23 11:30:00,19.48,19.48,19.48,19.48,46.74,0.0,0.0,18.418,17.42,15.51,68.35,67.27,49.15,0.01
2017-02-23 10:30:00,19.48,19.48,19.48,19.48,234.0,0.0,0.0,18.064,16.936,15.141,87.6,64.0,47.07,0.06
2017-02-22 15:00:00,17.71,17.71,17.71,17.71,5.0,0.0,0.0,17.388,16.452,14.772,44.4,41.2,36.37,0.0
2017-02-22 14:00:00,17.71,17.71,17.71,17.71,31.0,0.0,0.0,17.066,16.145,14.4365,43.8,43.43,36.22,0.01
2017-02-22 11:30:00,17.71,17.71,17.71,17.71,25.0,0.0,0.0,16.744,15.838,14.101,42.6,51.83,34.67,0.01
2017-02-22 10:30:00,17.71,17.71,17.71,17.71,143.0,0.0,0.0,16.422,15.398,13.7655,66.2,51.33,33.67,0.03
2017-02-21 15:00:00,16.1,16.1,16.1,16.1,18.0,0.0,0.0,15.808,14.958,13.43,40.4,37.03,27.37,0.0
2017-02-21 14:00:00,16.1,16.1,16.1,16.1,2.0,0.0,0.0,15.516,14.679,13.125,38.0,37.63,26.72,0.0
2017-02-21 11:30:00,16.1,16.1,16.1,16.1,25.0,0.0,0.0,15.224,14.4,12.82,43.06,47.13,26.87,0.01
2017-02-21 10:30:00,16.1,16.1,16.1,16.1,143.0,0.0,0.0,14.932,14.0,12.515,61.06,44.63,25.62,0.03
2017-02-20 15:00:00,14.64,14.64,14.64,14.64,14.0,0.0,0.0,14.374,13.6,12.21,36.46,31.03,19.62,0.0
2017-02-20 14:00:00,14.64,14.64,14.64,14.64,6.0,0.0,0.0,14.108,13.346,11.9325,33.66,30.13,19.42,0.0
2017-02-20 11:30:00,14.64,14.64,14.64,14.64,27.31,0.0,0.0,13.842,13.092,11.655,37.26,31.53,19.57,0.01
2017-02-20 10:30:00,14.64,14.64,14.64,14.64,115.0,0.0,0.0,13.576,12.728,11.3775,51.2,29.0,19.3,0.03
2017-02-17 15:00:00,13.31,13.31,13.31,13.31,20.0,0.0,0.0,13.068,12.364,11.1,28.2,17.5,17.2,0.0
2017-02-17 14:00:00,13.31,13.31,13.31,13.31,0.0,0.0,0.0,12.826,12.133,10.9837,25.6,16.0,17.05,0.0
2017-02-17 11:30:00,13.31,13.31,13.31,13.31,24.0,0.0,0.0,12.584,11.902,10.8544,26.6,17.7,18.0,0.01
2017-02-17 10:30:00,13.31,13.31,13.31,13.31,97.0,0.0,0.0,12.342,11.571,10.71,25.8,15.8,17.65,0.02
2017-02-16 15:00:00,12.1,12.1,12.1,12.1,0.0,0.0,0.0,11.88,11.24,10.5475,6.8,6.6,12.69,0.0
2017-02-16 14:00:00,12.1,12.1,12.1,12.1,7.0,0.0,0.0,11.66,11.03,10.444,6.8,6.6,13.53,0.0
2017-02-16 11:30:00,12.1,12.1,12.1,12.1,5.0,0.0,0.0,11.44,10.82,10.3257,6.4,8.2,14.0,0.0
2017-02-16 10:30:00,12.1,12.1,12.1,12.1,20.0,0.0,0.0,11.22,10.519,10.1892,8.8,8.7,14.69,0.0
2017-02-15 15:00:00,11.0,11.0,11.0,11.0,2.0,0.0,0.0,10.8,10.218,10.03,5.8,7.6,14.25,0.0
2017-02-15 14:00:00,11.0,11.0,11.0,11.0,0.0,0.0,0.0,10.6,10.027,9.94182,6.4,9.6,15.36,0.0
2017-02-15 11:30:00,11.0,11.0,11.0,11.0,5.0,0.0,0.0,10.4,9.836,9.836,6.4,16.9,16.9,0.0
2017-02-15 10:30:00,11.0,11.0,11.0,11.0,17.0,0.0,0.0,10.2,9.70667,9.70667,10.0,18.22,18.22,0.0
2017-02-14 15:00:00,10.0,10.0,10.0,10.0,5.0,0.0,0.0,9.818,9.545,9.545,8.6,18.38,18.38,0.0
2017-02-14 14:00:00,10.0,10.0,10.0,10.0,5.0,0.0,0.0,9.636,9.48,9.48,9.4,20.29,20.29,0.0
2017-02-14 11:30:00,10.0,10.0,10.0,10.0,0.0,0.0,0.0,9.454,9.39333,9.39333,12.8,22.84,22.84,0.0
2017-02-14 10:30:00,10.0,10.0,10.0,10.0,23.0,0.0,0.0,9.272,9.272,9.272,27.4,27.4,27.4,0.01
2017-02-13 15:00:00,9.09,9.09,9.09,9.09,10.0,0.0,0.0,9.09,9.09,9.09,28.5,28.5,28.5,0.0
2017-02-13 14:00:00,9.09,9.09,9.09,9.09,9.0,0.0,0.0,9.09,9.09,9.09,34.67,34.67,34.67,0.0
2017-02-13 11:30:00,9.09,9.09,9.09,9.09,22.0,0.0,0.0,9.09,9.09,9.09,47.51,47.51,47.51,0.01
2017-02-13 10:30:00,8.24,9.09,9.09,8.24,73.01,0.85,10.32,9.09,9.09,9.09,73.01,73.01,73.01,0.02
