Not
2017-06-30,1.064,0.679,0.385
2017-06-29,0.882,0.583,0.299
2017-06-28,0.800,0.508,0.292
2017-06-27,0.713,0.435,0.278
2017-06-26,0.554,0.365,0.189
2017-06-23,0.485,0.318,0.167
2017-06-22,0.496,0.276,0.220
2017-06-21,0.518,0.221,0.297
2017-06-20,0.466,0.147,0.319
2017-06-19,0.404,0.067,0.337
2017-06-16,0.347,-0.017,0.364
2017-06-15,0.247,-0.108,0.355
2017-06-14,0.099,-0.197,0.296
2017-06-13,-0.011,-0.271,0.260
2017-06-12,-0.149,-0.336,0.186
2017-06-09,-0.140,-0.382,0.243
2017-06-08,-0.169,-0.443,0.274
2017-06-07,-0.204,-0.511,0.307
2017-06-06,-0.314,-0.588,0.275
2017-06-05,-0.417,-0.657,0.240
2017-06-02,-0.514,-0.717,0.203
2017-06-01,-0.641,-0.767,0.127
2017-05-31,-0.690,-0.799,0.109
2017-05-26,-0.742,-0.826,0.085
2017-05-25,-0.784,-0.848,0.063
2017-05-24,-0.771,-0.863,0.092
2017-05-23,-0.741,-0.887,0.146
2017-05-22,-0.668,-0.923,0.255
2017-05-19,-0.667,-0.987,0.320
2017-05-18,-0.735,-1.067,0.332
2017-05-17,-0.815,-1.150,0.334
2017-05-16,-0.960,-1.233,0.273
2017-05-15,-1.116,-1.301,0.186
2017-05-12,-1.253,-1.348,0.095
2017-05-11,-1.338,-1.371,0.033
2017-05-10,-1.410,-1.380,-0.030
2017-05-09,-1.426,-1.372,-0.054
2017-05-08,-1.444,-1.359,-0.085
2017-05-05,-1.383,-1.337,-0.046
2017-05-04,-1.426,-1.326,-0.100
2017-05-03,-1.498,-1.301,-0.197
2017-05-02,-1.577,-1.252,-0.325
2017-04-28,-1.624,-1.171,-0.454
2017-04-27,-1.715,-1.057,-0.658
2017-04-26,-1.789,-0.893,-0.896
2017-04-25,-1.758,-0.668,-1.090
2017-04-24,-1.656,-0.396,-1.260
2017-04-21,-1.455,-0.081,-1.374
2017-04-20,-1.279,0.263,-1.541
2017-04-19,-1.070,0.648,-1.718
2017-04-18,-0.829,1.077,-1.906
2017-04-17,-0.415,1.554,-1.969
2017-04-14,0.045,2.046,-2.001
2017-04-13,0.360,2.546,-2.186
2017-04-12,0.756,3.093,-2.336
2017-04-11,1.251,3.677,-2.426
2017-04-10,1.720,4.283,-2.563
2017-04-07,2.391,4.924,-2.533
2017-04-06,2.905,5.557,-2.652
2017-04-05,3.490,6.220,-2.730
2017-03-31,4.200,6.902,-2.702
2017-03-30,5.128,7.578,-2.450
2017-03-29,nan,nan,nan
2017-03-28,nan,nan,nan
2017-03-27,nan,nan,nan
2017-03-24,nan,nan,nan
2017-03-23,nan,nan,nan
2017-03-22,nan,nan,nan
2017-03-21,nan,nan,nan
2017-03-20,nan,nan,nan
2017-03-17,nan,nan,nan
2017-03-16,nan,nan,nan
2017-03-15,nan,nan,nan
2017-03-14,nan,nan,nan
2017-03-13,nan,nan,nan
2017-03-10,nan,nan,nan
2017-03-09,nan,nan,nan
2017-03-08,nan,nan,nan
2017-03-07,nan,nan,nan
2017-03-06,nan,nan,nan
2017-03-03,nan,nan,nan
2017-03-02,nan,nan,nan
2017-03-01,nan,nan,nan
2017-02-28,nan,nan,nan
2017-02-27,nan,nan,nan
2017-02-24,nan,nan,nan
2017-02-23,nan,nan,nan
2017-02-22,nan,nan,nan
2017-02-21,nan,nan,nan
2017-02-20,nan,nan,nan
2017-02-17,nan,nan,nan
2017-02-16,nan,nan,nan
2017-02-15,nan,nan,nan
2017-02-14,nan,nan,nan
2017-02-13,nan,nan,nan
