2017-06-30,28.224,27.143,26.067,25.184,25.036
2017-06-29,27.432,26.787,25.797,25.017,25.031
2017-06-28,26.932,26.608,25.556,24.898,25.105
2017-06-27,26.632,26.378,25.329,24.774,25.217
2017-06-26,26.236,26.110,25.077,24.615,25.386
2017-06-23,26.062,25.800,24.867,24.495,25.575
2017-06-22,26.142,25.638,24.708,24.393,25.772
2017-06-21,26.284,25.491,24.546,24.302,25.960
2017-06-20,26.124,25.338,24.397,24.166,26.160
2017-06-19,25.984,25.165,24.292,24.080,26.363
2017-06-16,25.538,24.992,24.204,24.016,26.557
2017-06-15,25.134,24.807,24.131,23.947,26.731
2017-06-14,24.698,24.504,24.043,23.863,26.904
2017-06-13,24.552,24.280,23.972,23.823,27.066
2017-06-12,24.346,24.044,23.867,23.778,27.237
2017-06-09,24.446,23.934,23.843,23.761,27.424
2017-06-08,24.480,23.779,23.771,23.717,27.610
2017-06-07,24.310,23.601,23.707,23.658,27.806
2017-06-06,24.008,23.456,23.580,23.610,28.033
2017-06-05,23.742,23.420,23.538,23.583,28.251
2017-06-02,23.422,23.417,23.528,23.580,28.479
2017-06-01,23.078,23.456,23.517,23.542,28.648
2017-05-31,22.892,23.583,23.543,23.563,28.781
2017-05-26,22.904,23.665,23.595,23.673,28.866
2017-05-25,23.098,23.690,23.645,23.787,28.911
2017-05-24,23.412,23.752,23.674,23.919,28.926
2017-05-23,23.834,23.763,23.685,24.100,28.905
2017-05-22,24.274,23.814,23.686,24.256,28.855
2017-05-19,24.426,23.705,23.686,24.480,28.760
2017-05-18,24.282,23.656,23.665,24.687,28.624
2017-05-17,24.092,23.639,23.661,24.888,28.464
2017-05-16,23.692,23.579,23.585,25.045,28.273
2017-05-15,23.354,23.503,23.553,25.312,28.063
2017-05-12,22.984,23.525,23.676,25.660,27.843
2017-05-11,23.030,23.600,23.835,26.157,27.618
2017-05-10,23.186,23.596,24.003,26.654,27.381
2017-05-09,23.466,23.608,24.268,27.151,-1
2017-05-08,23.652,23.558,24.477,27.618,-1
2017-05-05,24.066,23.668,24.867,28.154,-1
2017-05-04,24.170,23.674,25.202,28.646,-1
2017-05-03,24.006,23.684,25.512,29.097,-1
2017-05-02,23.750,23.592,25.777,29.514,-1
2017-04-28,23.464,23.603,26.216,29.944,-1
2017-04-27,23.270,23.828,26.728,30.309,-1
2017-04-26,23.178,24.071,27.435,30.695,-1
2017-04-25,23.362,24.410,28.182,31.088,-1
2017-04-24,23.434,24.928,28.922,31.503,-1
2017-04-21,23.742,25.396,29.648,31.955,-1
2017-04-20,24.386,26.066,30.396,32.456,-1
2017-04-19,24.964,26.731,31.132,32.919,-1
2017-04-18,25.458,27.341,31.803,33.378,-1
2017-04-17,26.422,27.963,32.475,33.753,-1
2017-04-14,27.050,28.830,33.114,33.998,-1
2017-04-13,27.746,29.628,33.549,34.060,-1
2017-04-12,28.498,30.800,34.007,34.035,-1
2017-04-11,29.224,31.955,34.427,33.932,-1
2017-04-10,29.504,32.916,34.790,33.710,-1
2017-04-07,30.610,33.901,35.234,33.454,-1
2017-04-06,31.510,34.727,35.651,33.040,-1
2017-04-05,33.102,35.533,36.014,32.562,-1
2017-03-31,34.686,36.266,36.397,32.040,-1
2017-03-30,36.328,36.987,36.648,31.500,-1
2017-03-29,37.192,37.399,36.583,30.815,-1
2017-03-28,37.944,37.471,36.276,30.026,-1
2017-03-27,37.964,37.214,35.653,29.080,-1
2017-03-24,37.846,36.899,34.920,28.109,-1
2017-03-23,37.646,36.665,34.106,-1,-1
2017-03-22,37.606,36.568,33.231,-1,-1
2017-03-21,36.998,36.574,32.196,-1,-1
2017-03-20,36.464,36.494,31.076,-1,-1
2017-03-17,35.952,36.527,29.927,-1,-1
2017-03-16,35.684,36.308,28.757,-1,-1
2017-03-15,35.530,35.766,27.523,-1,-1
2017-03-14,36.150,35.081,26.304,-1,-1
2017-03-13,36.524,34.091,25.012,-1,-1
2017-03-10,37.102,32.941,23.713,-1,-1
2017-03-09,36.932,31.548,-1,-1,-1
2017-03-08,36.002,29.894,-1,-1,-1
2017-03-07,34.012,27.818,-1,-1,-1
2017-03-06,31.658,25.658,-1,-1,-1
2017-03-03,28.780,23.326,-1,-1,-1
2017-03-02,26.164,21.206,-1,-1,-1
2017-03-01,23.786,19.279,-1,-1,-1
2017-02-28,21.624,17.527,-1,-1,-1
2017-02-27,19.658,15.934,-1,-1,-1
2017-02-24,17.872,14.486,-1,-1,-1
2017-02-23,16.248,-1,-1,-1,-1
2017-02-22,14.772,-1,-1,-1,-1
2017-02-21,13.430,-1,-1,-1,-1
2017-02-20,12.210,-1,-1,-1,-1
2017-02-17,11.100,-1,-1,-1,-1
2017-02-16,-1,-1,-1,-1,-1
2017-02-15,-1,-1,-1,-1,-1
2017-02-14,-1,-1,-1,-1,-1
2017-02-13,-1,-1,-1,-1,-1
