date,open,high,close,low,volume,price_change,p_change,ma5,ma10,ma20,v_ma5,v_ma10,v_ma20,turnover
2017-03-17 15:00:00,38.05,38.48,38.12,37.75,22363.1,0.07,0.18,38.062,37.75,37.1265,24361.8,21297.1,19421.8,6.39
2017-03-17 14:00:00,37.83,38.34,38.05,37.75,12465.2,0.22,0.58,38.118,37.672,37.0335,25128.2,20178.4,19196.5,3.56
2017-03-17 11:30:00,38.5,38.85,37.84,37.51,25389.1,-0.66,-1.71,38.05,37.585,36.979,25540.9,21317.0,19019.0,7.25
2017-03-17 10:30:00,37.7,38.66,38.5,37.51,33706.6,0.8,2.12,37.982,37.527,36.9545,25047.4,21210.2,18440.2,9.63
2017-03-16 15:00:00,38.4,38.5,37.8,37.8,27885.0,-0.6,-1.56,37.612,37.423,36.8655,21533.0,20130.4,17908.6,7.97
2017-03-16 14:00:00,37.71,38.55,38.4,37.71,26195.1,0.69,1.83,37.438,37.323,36.788,18232.4,18519.5,17994.6,7.48
2017-03-16 11:30:00,37.5,37.72,37.71,37.38,14528.9,0.21,0.56,37.226,37.164,36.7325,15228.7,18229.2,17201.7,4.15
2017-03-16 10:30:00,37.08,37.7,37.5,36.8,22921.7,0.42,1.13,37.12,36.991,36.721,17093.0,17971.2,17161.0,6.55
2017-03-15 15:00:00,36.93,37.1,36.65,36.65,16134.5,-0.28,-0.76,37.072,36.826,36.7315,17372.9,16497.6,17775.1,4.61
2017-03-15 14:00:00,37.34,37.49,36.93,36.71,11381.8,-0.41,-1.1,37.234,36.682,36.839,18727.7,15679.8,18970.3,3.25
2017-03-15 11:30:00,37.18,37.52,37.34,36.94,11176.6,0.16,0.43,37.208,36.503,36.9135,18806.6,17546.6,19939.3,3.19
2017-03-15 10:30:00,36.88,37.68,37.18,36.6,23850.2,0.3,0.81,37.102,36.395,36.927,21229.7,18214.6,20316.2,6.81
2017-03-14 15:00:00,37.46,37.46,37.26,36.92,24321.2,-0.2,-0.53,36.862,36.373,36.9305,18849.4,16721.1,20945.1,6.95
2017-03-14 14:00:00,36.81,37.5,37.46,36.75,22908.8,0.65,1.77,36.58,36.382,36.9125,15622.3,15670.2,21119.9,6.55
2017-03-14 11:30:00,36.81,36.86,36.8,36.34,11776.0,-0.01,-0.03,36.13,36.308,36.8575,12632.0,15686.8,20495.1,3.36
2017-03-14 10:30:00,35.95,37.08,36.81,35.5,23292.5,0.86,2.39,35.798,36.253,36.8215,16286.6,17469.7,20868.4,6.66
2017-03-13 15:00:00,35.85,36.28,35.98,35.61,11948.3,0.13,0.36,35.688,36.301,36.781,15199.4,16174.1,21308.7,3.41
2017-03-13 14:00:00,35.2,35.85,35.85,35.2,8186.02,0.65,1.85,35.884,36.451,36.753,14592.7,16350.9,21721.4,2.34
2017-03-13 11:30:00,35.11,35.25,35.21,34.75,7956.92,0.1,0.28,36.184,36.637,36.7395,15718.0,19052.5,21880.5,2.27
2017-03-13 10:30:00,35.63,35.99,35.14,33.63,30049.3,-0.49,-1.38,36.486,36.996,36.749,18741.6,22260.8,21945.8,8.59
2017-03-10 15:00:00,36.91,36.97,36.26,36.15,17856.3,-0.65,-1.76,36.708,37.324,36.7545,18652.9,22331.9,22195.3,5.1
2017-03-10 14:00:00,37.37,37.4,36.96,36.82,8915.17,-0.41,-1.1,36.914,37.459,36.6865,17148.8,22417.8,22429.3,2.55
2017-03-10 11:30:00,36.7,37.45,37.35,36.6,13812.2,0.65,1.77,37.018,37.488,36.5835,18109.0,25169.2,22652.2,3.95
2017-03-10 10:30:00,36.06,36.99,36.72,35.41,23074.9,0.66,1.83,37.09,37.443,36.475,22387.1,26569.6,23228.6,6.59
2017-03-09 15:00:00,37.29,37.4,36.25,36.21,29605.8,-1.04,-2.79,37.506,37.407,36.396,25780.0,25303.5,24270.3,8.46
2017-03-09 14:00:00,37.48,37.66,37.29,37.15,10335.9,-0.19,-0.51,37.94,37.39,36.409,26011.0,24267.2,24225.0,2.95
2017-03-09 11:30:00,37.73,37.93,37.48,37.21,13716.4,-0.25,-0.66,38.004,37.261,36.395,27686.9,26443.4,24472.4,3.92
2017-03-09 10:30:00,38.4,38.46,37.71,37.16,35202.5,-0.69,-1.8,37.958,37.055,36.401,32229.4,27091.9,24853.3,10.06
2017-03-08 15:00:00,38.42,39.25,38.8,37.83,40039.2,0.38,0.99,37.796,36.842,36.3305,30752.2,24708.5,27200.1,11.44
2017-03-08 14:00:00,37.61,38.6,38.42,37.6,30760.8,0.81,2.15,37.308,36.502,36.3485,24827.0,21630.8,25288.8,8.79
2017-03-08 11:30:00,37.25,37.66,37.61,36.95,18715.6,0.36,0.97,36.84,36.185,36.3855,22523.4,22058.8,24014.2,5.35
2017-03-08 10:30:00,37.0,37.37,37.25,36.53,36428.8,0.25,0.68,36.518,35.914,36.463,25199.8,22440.7,25280.5,10.41
2017-03-07 15:00:00,36.35,36.99,36.9,36.19,27816.6,0.55,1.51,36.152,35.679,36.6005,21954.5,20135.1,29510.5,7.95
2017-03-07 14:00:00,36.09,36.38,36.36,35.99,10413.0,0.27,0.75,35.888,35.507,36.931,18664.9,19887.6,31499.7,2.98
2017-03-07 11:30:00,36.01,36.4,36.08,35.8,19242.8,0.07,0.19,35.696,35.385,37.0985,18434.6,23237.1,33471.3,5.5
2017-03-07 10:30:00,35.46,36.19,36.0,35.33,32097.9,0.54,1.52,35.53,35.428,37.2765,21594.2,24182.8,34419.4,9.17
2017-03-06 15:00:00,35.58,35.62,35.42,35.33,20202.2,-0.16,-0.45,35.31,35.529,37.4695,19681.6,22501.5,36000.0,5.77
2017-03-06 14:00:00,35.36,35.65,35.58,35.36,11368.5,0.22,0.62,35.206,35.747,37.6735,18315.8,22614.6,36925.1,3.25
2017-03-06 11:30:00,35.29,35.65,35.4,35.25,9261.64,0.11,0.31,35.126,35.819,37.856,21110.3,29691.7,37451.1,2.65
2017-03-06 10:30:00,35.08,35.8,35.25,35.0,35040.6,0.17,0.48,35.074,36.195,38.044,28039.5,28946.8,38576.5,10.01
2017-03-03 15:00:00,34.9,35.2,34.9,34.63,22534.8,0.0,0.0,35.326,36.586,38.2045,26771.4,25969.6,39480.8,6.44
2017-03-03 14:00:00,35.21,35.22,34.9,34.62,13373.3,-0.31,-0.88,35.748,37.012,38.35,25321.5,28120.4,39446.4,3.82
2017-03-03 11:30:00,35.16,35.43,35.18,34.61,25341.3,0.02,0.06,36.288,37.522,38.5145,26913.5,38885.8,40515.3,7.24
2017-03-03 10:30:00,35.6,35.98,35.14,35.02,43907.6,-0.46,-1.29,36.512,38.355,38.6455,38273.1,43111.9,43882.2,12.55
2017-03-02 15:00:00,37.01,37.44,36.51,36.4,28700.2,-0.5,-1.35,37.316,38.812,38.8655,29854.2,43705.5,45036.5,8.2
2017-03-02 14:00:00,37.6,38.05,37.01,36.88,15285.0,-0.59,-1.57,37.846,39.125,38.929,25167.7,44656.1,44937.1,4.37
2017-03-02 11:30:00,36.3,38.38,37.6,35.88,21333.2,1.3,3.58,38.276,39.41,38.9725,30919.3,49498.4,45399.6,6.1
2017-03-02 10:30:00,36.98,36.98,36.3,35.3,82139.5,-0.68,-1.84,38.756,39.6,38.949,50858.1,51235.5,46127.0,23.47
2017-03-01 15:00:00,39.16,39.16,39.16,39.16,1813.0,0.0,0.0,40.198,39.893,38.934,47950.6,45210.5,44639.9,0.52
2017-03-01 14:00:00,39.16,39.16,39.16,39.16,5268.01,0.0,0.0,40.308,39.893,38.771,57556.8,48206.2,45724.5,1.51
2017-03-01 11:30:00,39.98,40.36,39.16,39.16,44043.0,-0.82,-2.05,40.404,39.823,38.62,64144.4,52992.0,46717.4,12.58
2017-03-01 10:30:00,43.03,43.55,40.0,39.16,121027.0,-3.03,-7.04,40.544,39.688,38.426,68077.4,50772.3,45562.7,34.58
2017-02-28 15:00:00,39.71,43.51,43.51,39.0,67602.0,3.8,9.57,40.444,39.507,38.172,51612.9,42144.7,42745.0,19.31
2017-02-28 14:00:00,39.64,40.36,39.71,39.63,49844.0,0.07,0.18,39.588,38.936,37.7515,42470.5,44652.6,40416.1,14.24
2017-02-28 11:30:00,39.86,40.5,39.64,38.94,38206.0,-0.22,-0.55,39.478,38.919,37.541,38855.6,46367.4,38854.8,10.92
2017-02-28 10:30:00,39.2,40.3,39.86,39.02,63708.3,0.66,1.68,39.242,38.733,37.3495,41839.5,45218.1,42860.9,18.2
2017-02-27 15:00:00,39.23,40.19,39.5,39.06,38704.4,0.27,0.69,38.832,38.535,37.081,33467.3,41300.7,42999.4,11.06
2017-02-27 14:00:00,39.16,39.73,39.23,38.6,21889.7,0.07,0.18,38.57,38.298,36.7885,32676.6,41018.4,42526.4,6.25
2017-02-27 11:30:00,38.45,39.48,39.16,38.23,31769.6,0.71,1.85,38.284,37.975,36.5875,46834.7,44069.2,44199.0,9.08
2017-02-27 10:30:00,37.11,38.75,38.46,36.7,53125.5,1.35,3.64,38.36,37.649,36.2895,53879.3,43242.8,44674.8,15.18
2017-02-24 15:00:00,38.19,38.51,37.81,37.4,21847.2,-0.38,-1.0,38.224,37.417,35.9,48596.6,40442.8,45028.4,6.24
2017-02-24 14:00:00,37.82,38.78,38.19,37.7,34750.8,0.37,0.98,38.238,37.164,35.7135,49134.2,40353.1,45063.1,9.93
2017-02-24 11:30:00,39.53,40.0,37.8,36.45,92680.3,-1.73,-4.38,38.026,36.837,35.53,49360.2,43345.2,43946.8,26.48
2017-02-24 10:30:00,37.38,39.99,39.54,37.15,66992.6,2.16,5.78,37.666,36.567,35.376,41303.7,36179.6,40564.4,19.14
2017-02-23 15:00:00,37.92,38.58,37.78,37.38,26712.3,-0.14,-0.37,36.938,36.163,35.1385,32606.4,31342.1,45777.2,7.63
2017-02-23 14:00:00,37.13,37.88,37.88,36.65,24534.9,0.75,2.02,36.61,35.966,34.9135,32288.9,40503.7,44445.4,7.01
2017-02-23 11:30:00,36.01,37.49,37.13,35.98,35881.0,1.12,3.11,36.09,35.627,34.6835,31572.0,44698.0,43221.2,10.25
2017-02-23 10:30:00,35.85,36.71,36.0,35.0,52397.8,0.15,0.42,35.648,35.279,34.491,37330.1,44034.4,41429.7,14.97
2017-02-22 15:00:00,36.14,36.14,35.9,35.35,23506.0,-0.24,-0.66,35.468,35.2,34.355,31055.6,44328.8,38916.6,6.72
2017-02-22 14:00:00,35.29,36.51,36.14,35.29,25124.9,0.85,2.41,35.388,34.93,34.0725,30077.8,46106.8,37747.2,7.18
2017-02-22 11:30:00,34.92,35.85,35.28,34.83,20950.2,0.36,1.03,35.322,34.383,33.778,48718.4,49614.1,36492.6,5.99
2017-02-22 10:30:00,34.25,35.98,34.92,34.2,64671.7,0.67,1.96,35.164,34.263,33.5265,57824.1,49773.2,35449.8,18.48
2017-02-21 15:00:00,35.5,35.5,35.1,34.89,21025.1,-0.4,-1.13,34.91,34.223,33.293,50738.8,44548.5,32279.4,6.01
2017-02-21 14:00:00,35.8,36.23,35.5,35.2,18617.2,-0.3,-0.84,34.932,34.185,32.913,57602.0,44949.1,31233.2,5.32
2017-02-21 11:30:00,34.5,37.03,35.81,34.41,118328.0,1.31,3.8,34.472,34.114,32.513,62135.9,60212.4,30305.2,33.81
2017-02-21 10:30:00,32.67,34.95,34.49,32.0,66478.3,1.82,5.57,33.444,33.861,32.0975,50509.7,48387.1,24393.7,18.99
2017-02-20 15:00:00,35.2,35.34,33.65,32.68,29245.3,-1.55,-4.4,33.362,33.74,31.748,41722.2,41744.3,21235.5,8.36
2017-02-20 14:00:00,33.19,35.48,35.21,33.12,55341.1,2.02,6.09,33.536,33.703,31.3155,38358.3,38824.9,19792.1,15.81
2017-02-20 11:30:00,30.67,33.45,33.2,30.67,41286.4,2.53,8.25,33.438,33.51,30.805,32296.3,33504.5,17029.3,11.8
2017-02-20 10:30:00,31.98,32.0,30.67,30.67,60197.6,-1.31,-4.1,33.756,33.215,30.395,58288.8,29387.6,14970.2,17.2
2017-02-17 15:00:00,34.52,35.45,34.08,34.08,22540.8,-0.44,-1.27,34.278,33.173,30.1115,46264.5,23371.0,12048.7,6.44
2017-02-17 14:00:00,34.68,34.68,34.52,34.27,12425.5,-0.16,-0.46,34.118,32.79,29.544,41766.3,21126.4,10925.1,3.55
2017-02-17 11:30:00,34.78,35.11,34.72,34.2,25031.2,-0.06,-0.17,33.87,32.363,28.9545,39291.4,20010.2,10306.1,7.15
2017-02-17 10:30:00,36.61,36.61,34.79,34.28,171249.0,-1.82,-4.97,33.582,31.641,28.355,34712.7,17517.3,9055.66,48.93
2017-02-16 15:00:00,33.28,33.28,33.28,33.28,76.0,0.0,0.0,32.674,30.912,27.752,486.34,398.14,517.2,0.02
2017-02-16 14:00:00,33.28,33.28,33.28,33.28,50.0,0.0,0.0,32.068,30.334,27.121,477.54,400.24,518.67,0.01
2017-02-16 11:30:00,33.28,33.28,33.28,33.28,51.0,0.0,0.0,31.462,29.756,26.49,486.47,726.71,516.47,0.01
2017-02-16 10:30:00,33.28,33.28,33.28,33.28,2137.31,0.0,0.0,30.856,28.928,25.859,728.94,759.32,517.34,0.61
2017-02-15 15:00:00,30.25,30.25,30.25,30.25,117.39,0.0,0.0,29.7,28.1,25.228,321.88,554.05,432.32,0.03
2017-02-15 14:00:00,30.25,30.25,30.25,30.25,32.0,0.0,0.0,29.15,27.575,24.6545,309.93,552.81,428.15,0.01
2017-02-15 11:30:00,30.25,30.25,30.25,30.25,94.63,0.0,0.0,28.6,27.05,24.081,322.94,726.35,427.69,0.03
2017-02-15 10:30:00,30.25,30.25,30.25,30.25,1263.39,0.0,0.0,28.05,26.298,23.5075,966.96,723.79,424.15,0.36
2017-02-14 15:00:00,27.5,27.5,27.5,27.5,102.0,0.0,0.0,27.0,25.546,22.934,789.69,602.05,379.99,0.03
2017-02-14 14:00:00,27.5,27.5,27.5,27.5,57.63,0.0,0.0,26.5,25.069,22.4125,786.22,594.05,375.69,0.02
2017-02-14 11:30:00,27.5,27.5,27.5,27.5,97.07,0.0,0.0,26.0,24.592,21.891,795.69,636.27,374.36,0.03
2017-02-14 10:30:00,27.5,27.5,27.5,27.5,3314.69,0.0,0.0,25.5,23.908,21.3695,1129.76,637.1,371.16,0.95
2017-02-13 15:00:00,25.0,25.0,25.0,25.0,377.06,0.0,0.0,24.546,23.224,20.848,480.63,306.23,223.18,0.11
2017-02-13 14:00:00,25.0,25.0,25.0,25.0,84.63,0.0,0.0,24.092,22.79,20.374,414.41,275.37,206.12,0.02
2017-02-13 11:30:00,25.0,25.0,25.0,25.0,105.0,0.0,0.0,23.638,22.356,19.9,401.89,310.6,204.63,0.03
2017-02-13 10:30:00,25.0,25.0,25.0,25.0,1767.44,0.0,0.0,23.184,21.734,19.426,476.84,303.5,200.78,0.5
2017-02-10 15:00:00,22.73,22.73,22.73,22.73,69.0,0.0,0.0,22.316,21.112,18.952,144.44,129.02,128.42,0.02
2017-02-10 14:00:00,22.73,22.73,22.73,22.73,46.0,0.0,0.0,21.902,20.717,18.521,131.84,124.52,127.31,0.01
2017-02-10 11:30:00,22.73,22.73,22.73,22.73,22.0,0.0,0.0,21.488,20.322,18.09,136.32,157.93,127.16,0.01
2017-02-10 10:30:00,22.73,22.73,22.73,22.73,479.77,0.0,0.0,21.074,19.756,17.659,219.31,157.33,127.11,0.14
2017-02-09 15:00:00,20.66,20.66,20.66,20.66,105.41,0.0,0.0,20.284,19.19,17.228,130.15,112.45,116.0,0.03
2017-02-09 14:00:00,20.66,20.66,20.66,20.66,6.0,0.0,0.0,19.908,18.831,16.8365,113.6,105.21,111.33,0.0
2017-02-09 11:30:00,20.66,20.66,20.66,20.66,68.4,0.0,0.0,19.532,18.472,16.445,117.2,140.14,111.13,0.02
2017-02-09 10:30:00,20.66,20.66,20.66,20.66,436.95,0.0,0.0,19.156,17.958,16.0535,179.54,136.87,109.16,0.12
2017-02-08 15:00:00,18.78,18.78,18.78,18.78,34.0,0.0,0.0,18.438,17.444,15.662,95.35,98.66,93.69,0.01
2017-02-08 14:00:00,18.78,18.78,18.78,18.78,22.63,0.0,0.0,18.096,17.118,15.306,94.75,98.06,92.49,0.01
2017-02-08 11:30:00,18.78,18.78,18.78,18.78,24.0,0.0,0.0,17.754,16.792,14.95,96.82,127.83,92.01,0.01
2017-02-08 10:30:00,18.78,18.78,18.78,18.78,380.12,0.0,0.0,17.412,16.325,14.594,163.08,130.11,91.56,0.11
2017-02-07 15:00:00,17.07,17.07,17.07,17.07,16.0,0.0,0.0,16.76,15.858,14.238,94.21,96.4,76.19,0.0
2017-02-07 14:00:00,17.07,17.07,17.07,17.07,31.0,0.0,0.0,16.45,15.562,13.9145,101.96,96.9,75.89,0.01
2017-02-07 11:30:00,17.07,17.07,17.07,17.07,33.0,0.0,0.0,16.14,15.266,13.591,101.36,119.55,74.34,0.01
2017-02-07 10:30:00,17.07,17.07,17.07,17.07,355.26,0.0,0.0,15.83,14.842,13.2675,158.84,117.45,72.89,0.1
2017-02-06 15:00:00,15.52,15.52,15.52,15.52,35.77,0.0,0.0,15.238,14.418,12.944,97.15,82.12,55.93,0.01
2017-02-06 14:00:00,15.52,15.52,15.52,15.52,54.77,0.0,0.0,14.956,14.149,12.65,98.59,81.45,54.89,0.02
2017-02-06 11:30:00,15.52,15.52,15.52,15.52,28.0,0.0,0.0,14.674,13.88,12.356,91.84,88.73,52.67,0.01
2017-02-06 10:30:00,15.52,15.52,15.52,15.52,320.39,0.0,0.0,14.392,13.494,12.062,137.74,86.93,51.52,0.09
2017-02-03 15:00:00,14.11,14.11,14.11,14.11,46.81,0.0,0.0,13.854,13.108,11.768,76.06,56.19,37.25,0.01
2017-02-03 14:00:00,14.11,14.11,14.11,14.11,43.0,0.0,0.0,13.598,12.863,11.5005,67.1,53.01,35.16,0.01
2017-02-03 11:30:00,14.11,14.11,14.11,14.11,21.0,0.0,0.0,13.342,12.618,11.233,64.3,55.99,33.76,0.01
2017-02-03 10:30:00,14.11,14.11,14.11,14.11,257.49,0.0,0.0,13.086,12.267,10.9655,85.62,54.89,35.56,0.07
2017-01-26 15:00:00,12.83,12.83,12.83,12.83,12.0,0.0,0.0,12.596,11.916,10.698,36.13,29.14,25.18,0.0
2017-01-26 14:00:00,12.83,12.83,12.83,12.83,2.0,0.0,0.0,12.362,11.693,10.5858,36.33,28.34,25.88,0.0
2017-01-26 11:30:00,12.83,12.83,12.83,12.83,29.0,0.0,0.0,12.128,11.47,10.4611,38.93,29.74,27.2,0.01
2017-01-26 10:30:00,12.83,12.83,12.83,12.83,127.63,0.0,0.0,11.894,11.151,10.3218,47.67,28.34,27.1,0.04
2017-01-25 15:00:00,11.66,11.66,11.66,11.66,10.0,0.0,0.0,11.448,10.832,10.165,24.15,16.6,20.81,0.0
2017-01-25 14:00:00,11.66,11.66,11.66,11.66,13.0,0.0,0.0,11.236,10.63,10.0653,22.15,16.1,21.53,0.0
2017-01-25 11:30:00,11.66,11.66,11.66,11.66,15.0,0.0,0.0,11.024,10.428,9.95143,20.35,18.3,22.14,0.0
2017-01-25 10:30:00,11.66,11.66,11.66,11.66,72.73,0.0,0.0,10.812,10.138,9.82,20.55,17.3,22.69,0.02
2017-01-24 15:00:00,10.6,10.6,10.6,10.6,10.0,0.0,0.0,10.408,9.848,9.66667,9.0,11.53,18.52,0.0
2017-01-24 14:00:00,10.6,10.6,10.6,10.6,0.0,0.0,0.0,10.216,9.664,9.58182,9.05,16.23,19.3,0.0
2017-01-24 11:30:00,10.6,10.6,10.6,10.6,4.0,0.0,0.0,10.024,9.48,9.48,10.05,21.23,21.23,0.0
2017-01-24 10:30:00,10.6,10.6,10.6,10.6,16.0,0.0,0.0,9.832,9.35556,9.35556,16.25,23.14,23.14,0.0
2017-01-23 15:00:00,9.64,9.64,9.64,9.64,15.0,0.0,0.0,9.464,9.2,9.2,14.05,24.03,24.03,0.0
2017-01-23 14:00:00,9.64,9.64,9.64,9.64,10.26,0.0,0.0,9.288,9.13714,9.13714,14.05,25.32,25.32,0.0
2017-01-23 11:30:00,9.64,9.64,9.64,9.64,5.0,0.0,0.0,9.112,9.05333,9.05333,23.4,27.84,27.84,0.0
2017-01-23 10:30:00,9.64,9.64,9.64,9.64,35.0,0.0,0.0,8.936,8.936,8.936,32.4,32.4,32.4,0.01
2017-01-20 15:00:00,8.76,8.76,8.76,8.76,5.0,0.0,0.0,8.76,8.76,8.76,31.75,31.75,31.75,0.0
2017-01-20 14:00:00,8.76,8.76,8.76,8.76,15.01,0.0,0.0,8.76,8.76,8.76,40.67,40.67,40.67,0.0
2017-01-20 11:30:00,8.76,8.76,8.76,8.76,57.0,0.0,0.0,8.76,8.76,8.76,53.5,53.5,53.5,0.02
2017-01-20 10:30:00,8.76,8.76,8.76,8.76,50.0,0.0,0.0,8.76,8.76,8.76,50.0,50.0,50.0,0.01
