Not
2017-06-30,0.024,-0.018,0.042
2017-06-29,0.040,-0.028,0.068
2017-06-28,0.048,-0.045,0.094
2017-06-27,0.033,-0.069,0.102
2017-06-26,0.042,-0.094,0.137
2017-06-23,0.046,-0.128,0.175
2017-06-22,0.036,-0.172,0.208
2017-06-21,-0.026,-0.224,0.198
2017-06-20,-0.032,-0.274,0.242
2017-06-19,-0.046,-0.334,0.288
2017-06-16,-0.082,-0.406,0.324
2017-06-15,-0.133,-0.487,0.354
2017-06-14,-0.237,-0.575,0.339
2017-06-13,-0.406,-0.660,0.254
2017-06-12,-0.564,-0.724,0.160
2017-06-09,-0.663,-0.764,0.101
2017-06-08,-0.717,-0.789,0.072
2017-06-07,-0.767,-0.807,0.040
2017-06-06,-0.825,-0.817,-0.008
2017-06-05,-0.857,-0.815,-0.043
2017-06-02,-0.873,-0.804,-0.069
2017-06-01,-0.877,-0.787,-0.090
2017-05-31,-0.832,-0.764,-0.067
2017-05-26,-0.828,-0.748,-0.080
2017-05-25,-0.795,-0.727,-0.067
2017-05-24,-0.747,-0.711,-0.037
2017-05-23,-0.676,-0.701,0.025
2017-05-22,-0.609,-0.708,0.099
2017-05-19,-0.589,-0.732,0.143
2017-05-18,-0.586,-0.768,0.182
2017-05-17,-0.608,-0.814,0.205
2017-05-16,-0.679,-0.865,0.186
2017-05-15,-0.799,-0.911,0.112
2017-05-12,-0.874,-0.939,0.065
2017-05-11,-0.904,-0.956,0.051
2017-05-10,-0.929,-0.969,0.040
2017-05-09,-0.980,-0.979,-0.001
2017-05-08,-0.989,-0.978,-0.011
2017-05-05,-0.968,-0.976,0.008
2017-05-04,-0.983,-0.978,-0.005
2017-05-03,-0.996,-0.976,-0.020
2017-05-02,-1.018,-0.971,-0.046
2017-04-28,-1.054,-0.960,-0.094
2017-04-27,-1.095,-0.936,-0.159
2017-04-26,-1.123,-0.897,-0.227
2017-04-25,-1.129,-0.840,-0.289
2017-04-24,-1.071,-0.768,-0.303
2017-04-21,-0.923,-0.692,-0.231
2017-04-20,-0.850,-0.634,-0.216
2017-04-19,-0.758,-0.580,-0.178
2017-04-18,-0.686,-0.536,-0.150
2017-04-17,-0.576,-0.498,-0.078
2017-04-14,-0.519,-0.479,-0.040
2017-04-13,-0.507,-0.469,-0.039
2017-04-12,-0.500,-0.459,-0.041
2017-04-11,-0.481,-0.449,-0.032
2017-04-10,-0.467,-0.441,-0.026
2017-04-07,-0.476,-0.434,-0.042
2017-04-06,-0.473,-0.424,-0.050
2017-04-05,-0.491,-0.411,-0.080
2017-03-31,-0.552,-0.391,-0.160
2017-03-30,-0.495,-0.351,-0.143
2017-03-29,-0.418,-0.315,-0.102
2017-03-28,-0.381,-0.290,-0.092
2017-03-27,-0.361,-0.267,-0.094
2017-03-24,-0.332,-0.243,-0.089
2017-03-23,-0.302,-0.221,-0.081
2017-03-22,-0.271,-0.201,-0.070
2017-03-21,-0.214,-0.184,-0.030
2017-03-20,-0.193,-0.176,-0.017
2017-03-17,-0.167,-0.172,0.005
2017-03-16,-0.142,-0.173,0.032
2017-03-15,-0.155,-0.181,0.026
2017-03-14,-0.146,-0.188,0.042
2017-03-13,-0.144,-0.198,0.055
2017-03-10,-0.142,-0.212,0.071
2017-03-09,-0.137,-0.230,0.093
2017-03-08,-0.151,-0.253,0.102
2017-03-07,-0.228,-0.278,0.051
2017-03-06,-0.255,-0.291,0.036
2017-03-03,-0.278,-0.300,0.022
2017-03-02,-0.265,-0.306,0.041
2017-03-01,-0.256,-0.316,0.060
2017-02-28,-0.267,-0.331,0.064
2017-02-27,-0.277,-0.347,0.070
2017-02-24,-0.283,-0.365,0.081
2017-02-23,-0.306,-0.385,0.079
2017-02-22,-0.308,-0.405,0.097
2017-02-21,-0.322,-0.429,0.107
2017-02-20,-0.334,-0.456,0.122
2017-02-17,-0.319,-0.486,0.167
2017-02-16,-0.319,-0.528,0.209
2017-02-15,-0.337,-0.580,0.243
2017-02-14,-0.350,-0.641,0.291
2017-02-13,-0.367,-0.714,0.347
2017-02-10,-0.413,-0.801,0.387
2017-02-09,-0.462,-0.898,0.436
2017-02-08,-0.563,-1.006,0.443
2017-02-07,-0.687,-1.117,0.430
2017-02-06,-0.855,-1.225,0.370
2017-02-03,-0.973,-1.317,0.345
2017-01-26,-1.073,-1.403,0.331
2017-01-25,-1.212,-1.486,0.274
2017-01-24,-1.426,-1.555,0.129
2017-01-23,-1.630,-1.587,-0.043
2017-01-20,-1.677,-1.576,-0.100
2017-01-19,-1.692,-1.551,-0.141
2017-01-18,-1.659,-1.516,-0.143
2017-01-17,-1.600,-1.480,-0.120
2017-01-16,-1.544,-1.450,-0.094
2017-01-13,-1.397,-1.427,0.030
2017-01-12,-1.356,-1.434,0.078
2017-01-11,-1.394,-1.454,0.060
2017-01-10,-1.465,-1.469,0.004
2017-01-09,-1.516,-1.470,-0.047
2017-01-06,-1.548,-1.458,-0.090
2017-01-05,-1.574,-1.435,-0.139
2017-01-04,-1.593,-1.401,-0.193
2017-01-03,-1.619,-1.353,-0.267
2016-12-30,-1.576,-1.286,-0.290
2016-12-29,-1.491,-1.213,-0.277
2016-12-28,-1.350,-1.144,-0.206
2016-12-27,-1.240,-1.093,-0.147
2016-12-26,-1.223,-1.056,-0.167
2016-12-23,-1.258,-1.014,-0.244
2016-12-22,-1.255,-0.953,-0.302
2016-12-21,-1.190,-0.877,-0.313
2016-12-20,-1.182,-0.799,-0.383
2016-12-19,-1.179,-0.703,-0.475
2016-12-16,-1.132,-0.585,-0.547
2016-12-15,-1.113,-0.448,-0.665
2016-12-14,-0.978,-0.282,-0.697
2016-12-13,-0.785,-0.108,-0.677
2016-12-12,-0.541,0.062,-0.603
2016-12-09,-0.197,0.213,-0.409
2016-12-08,-0.017,0.315,-0.332
2016-12-07,0.070,0.398,-0.328
2016-12-06,0.149,0.480,-0.331
2016-12-05,0.183,0.563,-0.380
2016-12-02,0.176,0.658,-0.482
2016-12-01,0.254,0.778,-0.524
2016-11-30,0.406,0.909,-0.503
2016-11-29,0.605,1.035,-0.430
2016-11-28,0.853,1.142,-0.289
2016-11-25,1.047,1.214,-0.167
2016-11-24,1.208,1.256,-0.048
2016-11-23,1.261,1.268,-0.007
2016-11-22,1.361,1.270,0.091
2016-11-21,1.352,1.247,0.105
2016-11-18,1.230,1.221,0.009
2016-11-17,1.190,1.218,-0.028
2016-11-16,1.248,1.225,0.022
2016-11-15,1.221,1.220,0.001
2016-11-14,1.182,1.220,-0.038
2016-11-11,1.236,1.229,0.007
2016-11-10,1.225,1.227,-0.002
2016-11-09,1.318,1.228,0.090
2016-11-08,1.448,1.205,0.243
2016-11-07,1.526,1.145,0.382
2016-11-04,1.543,1.049,0.494
2016-11-03,1.552,0.926,0.626
2016-11-02,1.407,0.769,0.638
2016-10-28,1.210,0.610,0.600
2016-10-27,1.198,0.460,0.738
2016-10-26,1.031,0.275,0.756
2016-10-25,0.707,0.086,0.621
2016-10-24,0.389,-0.069,0.458
2016-10-21,0.246,-0.183,0.429
2016-10-20,0.158,-0.291,0.449
2016-10-19,-0.033,-0.403,0.370
2016-10-18,-0.127,-0.496,0.368
2016-10-17,-0.277,-0.588,0.311
2016-10-14,-0.450,-0.665,0.215
2016-10-13,-0.564,-0.719,0.155
2016-10-12,-0.697,-0.758,0.061
2016-10-11,-0.754,-0.773,0.020
2016-10-10,-0.805,-0.778,-0.027
2016-09-30,-0.863,-0.771,-0.091
2016-09-29,-0.845,-0.749,-0.096
2016-09-28,-0.819,-0.725,-0.095
2016-09-27,-0.787,-0.701,-0.086
2016-09-26,-0.762,-0.679,-0.082
2016-09-23,-0.696,-0.659,-0.038
2016-09-22,-0.698,-0.649,-0.048
2016-09-21,-0.704,-0.637,-0.067
2016-09-20,-0.699,-0.620,-0.079
2016-09-19,-0.689,-0.601,-0.089
2016-09-14,-0.669,-0.578,-0.091
2016-09-13,-0.612,-0.556,-0.056
2016-09-12,-0.550,-0.542,-0.008
2016-09-09,-0.454,-0.540,0.086
2016-09-08,-0.447,-0.561,0.114
2016-09-07,-0.484,-0.590,0.106
2016-09-06,-0.469,-0.616,0.147
2016-09-05,-0.480,-0.653,0.173
2016-09-02,-0.481,-0.696,0.215
2016-09-01,-0.487,-0.750,0.263
2016-08-31,-0.529,-0.816,0.287
2016-08-30,-0.605,-0.888,0.282
2016-08-29,-0.724,-0.958,0.234
2016-08-26,-0.750,-1.017,0.267
2016-08-25,-0.732,-1.083,0.351
2016-08-24,-0.711,-1.171,0.461
2016-08-23,-0.740,-1.286,0.546
2016-08-22,-0.814,-1.423,0.609
2016-08-19,-0.861,-1.575,0.714
2016-08-18,-1.036,-1.754,0.718
2016-08-17,-1.319,-1.933,0.614
2016-08-16,-1.654,-2.086,0.432
2016-08-15,-1.807,-2.195,0.387
2016-08-12,-1.941,-2.291,0.351
2016-08-11,-2.044,-2.379,0.335
2016-08-10,-2.145,-2.463,0.318
2016-08-09,-2.338,-2.542,0.204
2016-08-08,-2.447,-2.593,0.146
2016-08-05,-2.541,-2.630,0.089
2016-08-04,-2.585,-2.652,0.067
2016-08-03,-2.646,-2.669,0.022
2016-08-02,-2.680,-2.674,-0.006
2016-08-01,-2.631,-2.673,0.042
2016-07-29,-2.499,-2.683,0.184
2016-07-28,-2.436,-2.729,0.293
2016-07-27,-2.381,-2.803,0.422
2016-07-26,-2.344,-2.908,0.564
2016-07-25,-2.468,-3.049,0.581
2016-07-22,-2.584,-3.194,0.610
2016-07-21,-2.673,-3.347,0.674
2016-07-20,-2.814,-3.515,0.701
2016-07-19,-3.029,-3.691,0.661
2016-07-18,-3.160,-3.856,0.696
2016-07-15,-3.280,-4.030,0.750
2016-07-14,-3.430,-4.217,0.788
2016-07-13,-3.608,-4.414,0.807
2016-07-12,-3.779,-4.616,0.837
2016-07-11,-3.914,-4.825,0.911
2016-07-08,-4.045,-5.053,1.008
2016-07-07,-4.268,-5.305,1.037
2016-07-06,-4.486,-5.564,1.078
2016-07-05,-4.752,-5.834,1.082
2016-07-04,-5.109,-6.104,0.995
2016-07-01,-5.396,-6.353,0.957
2016-06-30,-5.677,-6.592,0.916
2016-06-29,-5.964,-6.821,0.857
2016-06-28,-6.475,-7.035,0.560
2016-06-27,-6.894,-7.175,0.281
2016-06-24,-7.388,-7.246,-0.142
2016-06-23,-7.815,-7.210,-0.605
2016-06-22,-7.965,-7.059,-0.906
2016-06-21,-8.082,-6.832,-1.250
2016-06-20,-8.129,-6.520,-1.609
2016-06-17,-8.252,-6.118,-2.134
2016-06-16,-8.265,-5.584,-2.681
2016-06-15,-8.151,-4.914,-3.237
2016-06-14,-7.932,-4.105,-3.827
2016-06-13,-7.449,-3.148,-4.301
2016-06-08,-6.717,-2.073,-4.645
2016-06-07,-6.016,-0.912,-5.104
2016-06-06,-5.216,0.364,-5.581
2016-06-03,-3.894,1.759,-5.653
2016-06-02,-2.243,3.173,-5.416
2016-06-01,-0.102,4.527,-4.629
2016-05-31,2.937,5.684,-2.747
2016-05-30,7.049,6.371,0.678
2016-05-27,7.083,6.201,0.882
2016-05-26,7.067,5.981,1.087
2016-05-25,7.085,5.709,1.376
2016-05-24,6.718,5.365,1.353
2016-05-23,5.947,5.027,0.920
2016-05-20,5.443,4.797,0.646
2016-05-19,4.725,4.635,0.090
2016-05-18,4.432,4.613,-0.181
2016-05-17,3.994,4.658,-0.664
2016-05-16,3.860,4.824,-0.963
2016-05-13,3.896,5.065,-1.169
2016-05-12,4.447,5.357,-0.910
2016-05-11,4.917,5.584,-0.667
2016-05-10,5.675,5.751,-0.076
2016-05-09,6.219,5.770,0.449
2016-05-06,6.189,5.658,0.531
2016-05-05,6.142,5.525,0.616
2016-05-04,5.736,5.371,0.365
2016-05-03,5.657,5.280,0.377
2016-04-29,5.623,5.186,0.437
2016-04-28,5.666,5.077,0.589
2016-04-27,5.785,4.929,0.856
2016-04-26,5.849,4.715,1.133
2016-04-25,5.622,4.432,1.190
2016-04-22,5.286,4.134,1.151
2016-04-21,5.134,3.847,1.287
2016-04-20,5.038,3.525,1.513
2016-04-19,4.969,3.146,1.822
2016-04-18,4.436,2.691,1.746
2016-04-15,4.081,2.254,1.827
2016-04-14,3.589,1.798,1.791
2016-04-13,2.657,1.350,1.307
2016-04-12,1.927,1.023,0.904
2016-04-11,1.419,0.797,0.622
2016-04-08,1.161,0.642,0.520
2016-04-07,0.969,0.512,0.457
2016-04-06,0.910,0.397,0.513
2016-04-05,0.708,0.269,0.439
2016-04-01,0.419,0.160,0.259
2016-03-31,0.397,0.095,0.302
2016-03-30,0.269,0.019,0.250
2016-03-29,0.206,-0.043,0.250
2016-03-28,0.311,-0.106,0.417
2016-03-25,0.296,-0.210,0.506
2016-03-24,0.230,-0.336,0.567
2016-03-23,0.171,-0.478,0.649
2016-03-22,-0.130,-0.640,0.510
2016-03-21,-0.433,-0.768,0.335
2016-03-18,-0.710,-0.851,0.141
2016-03-17,-0.978,-0.887,-0.092
2016-03-16,-1.103,-0.864,-0.239
2016-03-15,-1.123,-0.804,-0.319
2016-03-14,-1.200,-0.724,-0.476
2016-03-11,-1.273,-0.605,-0.668
2016-03-10,-1.195,-0.438,-0.756
2016-03-09,-1.048,-0.249,-0.798
2016-03-08,-0.899,-0.050,-0.849
2016-03-07,-0.732,0.163,-0.895
2016-03-04,-0.538,0.386,-0.924
2016-03-03,-0.223,0.618,-0.840
2016-03-02,-0.054,0.828,-0.881
2016-03-01,0.087,1.048,-0.961
2016-02-29,0.445,1.288,-0.843
2016-02-26,0.993,1.499,-0.506
2016-02-25,1.340,1.625,-0.286
2016-02-24,1.658,1.697,-0.039
2016-02-23,1.645,1.707,-0.061
2016-02-22,1.419,1.722,-0.303
2016-02-19,1.282,1.798,-0.515
2016-02-18,1.281,1.926,-0.646
2016-02-17,1.163,2.088,-0.925
2016-02-16,1.242,2.319,-1.077
2016-02-15,nan,nan,nan
2016-02-05,nan,nan,nan
2016-02-04,nan,nan,nan
2016-02-03,nan,nan,nan
2016-02-02,nan,nan,nan
2016-02-01,nan,nan,nan
2016-01-29,nan,nan,nan
2016-01-28,nan,nan,nan
2016-01-27,nan,nan,nan
2016-01-26,nan,nan,nan
2016-01-25,nan,nan,nan
2016-01-22,nan,nan,nan
2016-01-21,nan,nan,nan
2016-01-20,nan,nan,nan
2016-01-19,nan,nan,nan
2016-01-18,nan,nan,nan
2016-01-15,nan,nan,nan
2016-01-14,nan,nan,nan
2016-01-13,nan,nan,nan
2016-01-12,nan,nan,nan
2016-01-11,nan,nan,nan
2016-01-08,nan,nan,nan
2016-01-07,nan,nan,nan
2016-01-06,nan,nan,nan
2016-01-05,nan,nan,nan
2016-01-04,nan,nan,nan
2015-12-31,nan,nan,nan
2015-12-30,nan,nan,nan
2015-12-29,nan,nan,nan
2015-12-28,nan,nan,nan
2015-12-25,nan,nan,nan
2015-12-24,nan,nan,nan
2015-12-23,nan,nan,nan
