Not
2017-06-30,-4.384,-2.828,-1.556
2017-06-29,-4.253,-2.439,-1.814
2017-06-28,-3.929,-1.986,-1.944
2017-06-27,-3.566,-1.500,-2.066
2017-06-26,-3.127,-0.983,-2.144
2017-06-23,-2.518,-0.447,-2.071
2017-06-22,-1.976,0.070,-2.047
2017-06-21,-1.442,0.582,-2.024
2017-06-20,-0.367,1.088,-1.455
2017-06-19,0.598,1.452,-0.854
2017-06-16,1.362,1.665,-0.303
2017-06-15,1.809,1.741,0.068
2017-06-14,1.787,1.724,0.064
2017-06-13,1.797,1.708,0.089
2017-06-12,1.815,1.686,0.129
2017-06-09,1.787,1.653,0.134
2017-06-08,1.614,1.620,-0.006
2017-06-07,1.471,1.621,-0.150
2017-06-06,1.452,1.659,-0.207
2017-06-05,1.539,1.711,-0.172
2017-06-02,1.514,1.754,-0.240
2017-06-01,1.611,1.814,-0.203
2017-05-31,1.754,1.864,-0.110
2017-05-26,1.911,1.892,0.019
2017-05-25,1.963,1.887,0.076
2017-05-24,1.999,1.868,0.131
2017-05-23,2.021,1.835,0.186
2017-05-22,2.097,1.789,0.308
2017-05-19,2.056,1.712,0.344
2017-05-18,1.838,1.626,0.212
2017-05-17,1.590,1.573,0.018
2017-05-16,1.357,1.568,-0.211
2017-05-15,1.523,1.621,-0.098
2017-05-12,1.614,1.646,-0.032
2017-05-11,1.626,1.654,-0.027
2017-05-10,1.546,1.660,-0.114
2017-05-09,1.472,1.689,-0.217
2017-05-08,1.446,1.743,-0.297
2017-05-05,1.585,1.817,-0.233
2017-05-04,1.675,1.876,-0.201
2017-05-03,1.713,1.926,-0.213
2017-05-02,1.695,1.979,-0.284
2017-04-28,1.777,2.050,-0.273
2017-04-27,1.774,2.118,-0.344
2017-04-26,1.744,2.204,-0.460
2017-04-25,1.824,2.319,-0.496
2017-04-24,1.814,2.443,-0.629
2017-04-21,1.909,2.601,-0.692
2017-04-20,1.944,2.774,-0.830
2017-04-19,1.909,2.981,-1.072
2017-04-18,2.127,3.249,-1.122
2017-04-17,2.467,3.530,-1.062
2017-04-14,2.890,3.795,-0.906
2017-04-13,3.102,4.022,-0.920
2017-04-12,3.338,4.252,-0.914
2017-04-11,3.638,4.480,-0.843
2017-04-10,3.793,4.691,-0.898
2017-04-07,4.007,4.915,-0.909
2017-04-06,4.023,5.142,-1.119
2017-04-05,4.094,5.422,-1.328
2017-03-31,4.276,5.754,-1.479
2017-03-30,4.781,6.124,-1.343
2017-03-29,5.396,6.460,-1.063
2017-03-28,5.969,6.726,-0.756
2017-03-27,6.207,6.915,-0.708
2017-03-24,6.401,7.092,-0.691
2017-03-23,nan,nan,nan
2017-03-22,nan,nan,nan
2017-03-21,nan,nan,nan
2017-03-20,nan,nan,nan
2017-03-17,nan,nan,nan
2017-03-16,nan,nan,nan
2017-03-15,nan,nan,nan
2017-03-14,nan,nan,nan
2017-03-13,nan,nan,nan
2017-03-10,nan,nan,nan
2017-03-09,nan,nan,nan
2017-03-08,nan,nan,nan
2017-03-07,nan,nan,nan
2017-03-06,nan,nan,nan
2017-03-03,nan,nan,nan
2017-03-02,nan,nan,nan
2017-03-01,nan,nan,nan
2017-02-28,nan,nan,nan
2017-02-27,nan,nan,nan
2017-02-24,nan,nan,nan
2017-02-23,nan,nan,nan
2017-02-22,nan,nan,nan
2017-02-21,nan,nan,nan
2017-02-20,nan,nan,nan
2017-02-17,nan,nan,nan
2017-02-16,nan,nan,nan
2017-02-15,nan,nan,nan
2017-02-14,nan,nan,nan
2017-02-13,nan,nan,nan
2017-02-10,nan,nan,nan
2017-02-09,nan,nan,nan
2017-02-08,nan,nan,nan
2017-02-07,nan,nan,nan
