2017-06-30,34.982,37.544,45.735,47.884,47.490
2017-06-29,35.686,39.068,46.571,48.466,47.616
2017-06-28,36.940,41.241,47.433,48.922,47.751
2017-06-27,37.254,43.247,48.242,49.374,47.891
2017-06-26,38.226,45.145,49.072,49.828,48.084
2017-06-23,40.106,47.071,49.905,50.307,48.281
2017-06-22,42.450,48.839,50.602,50.679,48.452
2017-06-21,45.542,50.325,51.170,50.962,48.561
2017-06-20,49.240,51.995,51.973,51.303,48.708
2017-06-19,52.064,53.130,52.639,51.530,48.792
2017-06-16,54.036,53.926,53.053,51.624,48.779
2017-06-15,55.228,54.074,53.165,51.565,48.672
2017-06-14,55.108,53.624,52.762,51.279,48.498
2017-06-13,54.750,53.236,52.438,51.040,48.267
2017-06-12,54.196,52.998,52.169,50.811,48.031
2017-06-09,53.816,52.739,51.924,50.528,47.773
2017-06-08,52.920,52.364,51.599,50.236,47.478
2017-06-07,52.140,52.014,51.280,49.933,47.199
2017-06-06,51.722,51.950,50.957,49.710,46.999
2017-06-05,51.800,52.149,50.730,49.547,46.801
2017-06-02,51.662,52.181,50.473,49.252,46.570
2017-06-01,51.808,52.257,50.311,48.976,46.358
2017-05-31,51.888,51.900,50.106,48.706,46.135
2017-05-26,52.178,51.640,49.941,48.529,45.909
2017-05-25,52.498,51.341,49.718,48.310,45.685
2017-05-24,52.700,51.110,49.422,48.074,45.449
2017-05-23,52.706,50.835,49.172,47.897,45.269
2017-05-22,51.912,50.547,48.893,47.722,45.038
2017-05-19,51.102,49.964,48.590,47.577,44.733
2017-05-18,50.184,49.311,48.246,47.352,44.354
2017-05-17,49.520,48.765,47.787,47.097,43.937
2017-05-16,48.964,48.365,47.335,46.766,43.494
2017-05-15,49.182,48.312,47.109,46.581,43.092
2017-05-12,48.826,48.243,46.974,46.407,42.638
2017-05-11,48.438,48.095,46.794,46.340,42.139
2017-05-10,48.010,47.735,46.556,46.255,41.598
2017-05-09,47.766,47.509,46.428,46.225,41.039
2017-05-08,47.442,47.239,46.310,46.159,40.471
2017-05-05,47.660,47.217,46.384,46.112,39.912
2017-05-04,47.752,47.182,46.373,46.054,39.323
2017-05-03,47.460,46.810,46.263,45.935,-1
2017-05-02,47.252,46.306,45.967,45.778,-1
2017-04-28,47.036,45.906,45.715,45.718,-1
2017-04-27,46.774,45.705,45.488,45.494,-1
2017-04-26,46.612,45.494,45.462,45.250,-1
2017-04-25,46.160,45.377,45.515,45.018,-1
2017-04-24,45.360,45.348,45.583,44.720,-1
2017-04-21,44.776,45.381,45.619,44.465,-1
2017-04-20,44.636,45.551,45.559,44.288,-1
2017-04-19,44.376,45.564,45.489,44.054,-1
2017-04-18,44.594,45.716,45.497,43.887,-1
2017-04-17,45.336,45.628,45.514,43.739,-1
2017-04-14,45.986,45.524,45.624,43.564,-1
2017-04-13,46.466,45.272,45.389,43.288,-1
2017-04-12,46.752,45.430,45.129,43.059,-1
2017-04-11,46.838,45.653,44.838,42.824,-1
2017-04-10,45.920,45.818,44.405,42.640,-1
2017-04-07,45.062,45.857,44.006,42.354,-1
2017-04-06,44.078,45.568,43.656,41.888,-1
2017-04-05,44.108,45.415,43.298,41.355,-1
2017-03-31,44.468,45.278,42.973,40.776,-1
2017-03-30,45.716,45.400,42.795,40.222,-1
2017-03-29,46.652,45.724,42.583,39.603,-1
2017-03-28,47.058,45.505,42.295,38.869,-1
2017-03-27,46.722,44.827,41.873,37.937,-1
2017-03-24,46.088,44.023,41.409,36.941,-1
2017-03-23,45.084,42.993,41.051,35.853,-1
2017-03-22,44.796,42.156,40.602,34.783,-1
2017-03-21,43.952,41.744,40.048,33.712,-1
2017-03-20,42.932,41.182,39.325,32.592,-1
2017-03-17,41.958,40.668,38.525,-1,-1
2017-03-16,40.902,40.190,37.633,-1,-1
2017-03-15,39.516,39.443,36.542,-1,-1
2017-03-14,39.536,39.086,35.551,-1,-1
2017-03-13,39.432,38.920,34.492,-1,-1
2017-03-10,39.378,38.796,33.400,-1,-1
2017-03-09,39.478,39.109,32.283,-1,-1
2017-03-08,39.370,39.048,31.096,-1,-1
2017-03-07,38.636,38.353,29.696,-1,-1
2017-03-06,38.408,37.468,28.297,-1,-1
2017-03-03,38.214,36.383,-1,-1,-1
2017-03-02,38.740,35.076,-1,-1,-1
2017-03-01,38.726,33.642,-1,-1,-1
2017-02-28,38.070,32.016,-1,-1,-1
2017-02-27,36.528,30.065,-1,-1,-1
2017-02-24,34.552,28.004,-1,-1,-1
2017-02-23,31.412,25.458,-1,-1,-1
2017-02-22,28.558,23.144,-1,-1,-1
2017-02-21,25.962,21.040,-1,-1,-1
2017-02-20,23.602,19.127,-1,-1,-1
2017-02-17,21.456,-1,-1,-1,-1
2017-02-16,19.504,-1,-1,-1,-1
2017-02-15,17.730,-1,-1,-1,-1
2017-02-14,16.118,-1,-1,-1,-1
2017-02-13,14.652,-1,-1,-1,-1
2017-02-10,-1,-1,-1,-1,-1
2017-02-09,-1,-1,-1,-1,-1
2017-02-08,-1,-1,-1,-1,-1
2017-02-07,-1,-1,-1,-1,-1
