Not
2017-06-30,-5.766,-5.346,-0.420
2017-06-23,-5.814,-5.241,-0.572
2017-06-16,-5.815,-5.098,-0.717
2017-06-09,-5.925,-4.919,-1.006
2017-06-02,-5.804,-4.667,-1.137
2017-05-26,-5.472,-4.383,-1.089
2017-05-19,-5.108,-4.111,-0.997
2017-05-12,-4.972,-3.862,-1.110
2017-05-05,-4.663,-3.584,-1.079
2017-04-28,-4.383,-3.314,-1.068
2017-04-21,-4.108,-3.047,-1.061
2017-04-14,-3.640,-2.782,-0.858
2017-04-07,-3.283,-2.567,-0.715
2017-03-31,-3.160,-2.389,-0.771
2017-03-24,-2.948,-2.196,-0.753
2017-03-17,-3.030,-2.008,-1.023
2017-03-10,-3.078,-1.752,-1.327
2017-03-03,-3.099,-1.420,-1.679
2017-02-24,-2.907,-1.000,-1.906
2017-02-17,-2.676,-0.524,-2.152
2017-02-10,-2.154,0.014,-2.168
2017-02-03,-1.845,0.556,-2.402
2017-01-26,-1.260,1.157,-2.416
2017-01-20,-0.541,1.761,-2.301
2017-01-13,0.430,2.336,-1.906
2017-01-06,1.307,2.813,-1.506
2016-12-30,1.973,3.189,-1.216
2016-12-23,2.639,3.493,-0.854
2016-12-16,3.379,3.707,-0.328
2016-12-09,4.019,3.789,0.231
2016-12-02,4.240,3.731,0.509
2016-11-25,4.574,3.604,0.971
2016-11-18,4.074,3.361,0.713
2016-11-11,3.384,3.183,0.202
2016-11-04,2.825,3.132,-0.307
2016-10-28,1.883,3.209,-1.326
2016-10-21,2.034,3.541,-1.506
2016-10-14,2.093,3.917,-1.824
2016-09-30,nan,nan,nan
2016-09-23,nan,nan,nan
2016-09-14,nan,nan,nan
2016-09-09,nan,nan,nan
2016-09-02,nan,nan,nan
2016-08-26,nan,nan,nan
2016-08-19,nan,nan,nan
2016-08-12,nan,nan,nan
2016-08-05,nan,nan,nan
2016-07-29,nan,nan,nan
2016-07-22,nan,nan,nan
2016-07-15,nan,nan,nan
2016-07-08,nan,nan,nan
2016-07-01,nan,nan,nan
2016-06-24,nan,nan,nan
2016-06-17,nan,nan,nan
2016-06-08,nan,nan,nan
2016-06-03,nan,nan,nan
2016-05-27,nan,nan,nan
2016-05-20,nan,nan,nan
2016-05-13,nan,nan,nan
2016-05-06,nan,nan,nan
2016-04-29,nan,nan,nan
2016-04-22,nan,nan,nan
2016-04-15,nan,nan,nan
2016-04-08,nan,nan,nan
2016-04-01,nan,nan,nan
2016-03-25,nan,nan,nan
2016-03-18,nan,nan,nan
2016-03-11,nan,nan,nan
2016-03-04,nan,nan,nan
2016-02-26,nan,nan,nan
2016-02-19,nan,nan,nan
