Not
2017-01-06@15:00:00,1.265,1.295,-0.030
2017-01-06@14:30:00,1.305,1.303,0.002
2017-01-06@14:00:00,1.338,1.302,0.035
2017-01-06@13:30:00,1.360,1.293,0.066
2017-01-06@11:30:00,1.368,1.277,0.091
2017-01-06@11:00:00,1.359,1.254,0.104
2017-01-06@10:30:00,1.327,1.228,0.099
2017-01-06@10:00:00,1.267,1.203,0.064
2017-01-05@15:00:00,1.172,1.187,-0.015
2017-01-05@14:30:00,1.209,1.191,0.018
2017-01-05@14:00:00,1.237,1.187,0.051
2017-01-05@13:30:00,1.256,1.174,0.082
2017-01-05@11:30:00,1.261,1.154,0.108
2017-01-05@11:00:00,1.250,1.127,0.123
2017-01-05@10:30:00,nan,nan,nan
2017-01-05@10:00:00,nan,nan,nan
2017-01-04@15:00:00,nan,nan,nan
2017-01-04@14:30:00,nan,nan,nan
2017-01-04@14:00:00,nan,nan,nan
2017-01-04@13:30:00,nan,nan,nan
2017-01-04@11:30:00,nan,nan,nan
2017-01-04@11:00:00,nan,nan,nan
2017-01-04@10:30:00,nan,nan,nan
2017-01-03@15:00:00,nan,nan,nan
2017-01-03@14:30:00,nan,nan,nan
2017-01-03@14:00:00,nan,nan,nan
2017-01-03@13:30:00,nan,nan,nan
2017-01-03@11:30:00,nan,nan,nan
2017-01-03@11:00:00,nan,nan,nan
2017-01-03@10:30:00,nan,nan,nan
2017-01-03@10:00:00,nan,nan,nan
2016-12-30@15:00:00,nan,nan,nan
2016-12-30@14:30:00,nan,nan,nan
2016-12-30@14:00:00,nan,nan,nan
2016-12-30@13:30:00,nan,nan,nan
2016-12-30@11:30:00,nan,nan,nan
2016-12-30@11:00:00,nan,nan,nan
2016-12-30@10:30:00,nan,nan,nan
2016-12-30@10:00:00,nan,nan,nan
2016-12-29@15:00:00,nan,nan,nan
2016-12-29@14:30:00,nan,nan,nan
2016-12-29@14:00:00,nan,nan,nan
2016-12-29@13:30:00,nan,nan,nan
2016-12-29@11:30:00,nan,nan,nan
2016-12-29@11:00:00,nan,nan,nan
2016-12-29@10:30:00,nan,nan,nan
2016-12-29@10:00:00,nan,nan,nan
