Not
2017-03-17@15:00:00,4.874,4.178,0.695
2017-03-17@14:00:00,4.861,4.004,0.857
2017-03-17@11:30:00,4.644,3.790,0.854
2017-03-17@10:30:00,4.416,3.577,0.839
2017-03-16@15:00:00,3.943,3.367,0.577
2017-03-16@14:00:00,3.808,3.223,0.585
2017-03-16@11:30:00,3.580,3.076,0.503
2017-03-16@10:30:00,3.492,2.950,0.542
2017-03-15@15:00:00,3.303,2.815,0.488
2017-03-15@14:00:00,3.415,2.693,0.722
2017-03-15@11:30:00,3.276,2.512,0.764
2017-03-15@10:30:00,3.075,2.322,0.754
2017-03-14@15:00:00,2.642,2.133,0.509
2017-03-14@14:00:00,2.559,2.006,0.553
2017-03-14@11:30:00,2.536,1.868,0.668
2017-03-14@10:30:00,2.542,1.701,0.841
2017-03-13@15:00:00,2.423,1.491,0.932
2017-03-13@14:00:00,2.178,1.257,0.920
2017-03-13@11:30:00,1.834,1.027,0.807
2017-03-13@10:30:00,1.446,0.826,0.620
2017-03-10@15:00:00,1.094,0.671,0.423
2017-03-10@14:00:00,0.957,0.565,0.392
2017-03-10@11:30:00,0.768,0.467,0.301
2017-03-10@10:30:00,0.516,0.392,0.125
2017-03-09@15:00:00,0.187,0.361,-0.174
2017-03-09@14:00:00,0.283,0.404,-0.121
2017-03-09@11:30:00,0.348,0.434,-0.086
2017-03-09@10:30:00,0.450,0.456,-0.005
2017-03-08@15:00:00,0.546,0.457,0.089
2017-03-08@14:00:00,0.595,0.435,0.161
2017-03-08@11:30:00,0.588,0.395,0.193
2017-03-08@10:30:00,0.549,0.346,0.203
2017-03-07@15:00:00,0.479,0.295,0.184
2017-03-07@14:00:00,0.438,0.249,0.188
2017-03-07@11:30:00,0.374,0.202,0.172
2017-03-07@10:30:00,0.356,0.160,0.196
2017-03-06@15:00:00,0.330,0.111,0.219
2017-03-06@14:00:00,0.293,0.056,0.237
2017-03-06@11:30:00,0.190,-0.004,0.193
2017-03-06@10:30:00,0.066,-0.052,0.117
2017-03-03@15:00:00,-0.114,-0.081,-0.033
2017-03-03@14:00:00,-0.158,-0.073,-0.085
2017-03-03@11:30:00,-0.152,-0.052,-0.100
2017-03-03@10:30:00,-0.154,-0.027,-0.127
2017-03-02@15:00:00,-0.162,0.005,-0.167
2017-03-02@14:00:00,-0.146,0.047,-0.193
2017-03-02@11:30:00,-0.123,0.095,-0.218
2017-03-02@10:30:00,-0.129,0.150,-0.279
2017-03-01@15:00:00,-0.049,0.219,-0.269
2017-03-01@14:00:00,0.014,0.287,-0.273
2017-03-01@11:30:00,0.094,0.355,-0.261
2017-03-01@10:30:00,0.177,0.420,-0.243
2017-02-28@15:00:00,0.179,0.481,-0.302
2017-02-28@14:00:00,0.306,0.556,-0.250
2017-02-28@11:30:00,0.436,0.619,-0.183
2017-02-28@10:30:00,0.475,0.664,-0.190
2017-02-27@15:00:00,0.557,0.712,-0.155
2017-02-27@14:00:00,0.633,0.751,-0.118
2017-02-27@11:30:00,0.700,0.780,-0.081
2017-02-27@10:30:00,0.775,0.800,-0.026
2017-02-24@15:00:00,0.918,0.807,0.111
2017-02-24@14:00:00,0.931,0.779,0.152
2017-02-24@11:30:00,0.932,0.741,0.192
2017-02-24@10:30:00,0.840,0.693,0.147
2017-02-23@15:00:00,0.795,0.656,0.139
2017-02-23@14:00:00,0.686,0.622,0.065
2017-02-23@11:30:00,0.540,0.605,-0.066
2017-02-23@10:30:00,0.406,0.622,-0.216
2017-02-22@15:00:00,0.462,0.676,-0.214
2017-02-22@14:00:00,0.537,0.730,-0.193
2017-02-22@11:30:00,0.599,0.778,-0.178
2017-02-22@10:30:00,0.638,0.822,-0.184
2017-02-21@15:00:00,0.700,0.868,-0.169
2017-02-21@14:00:00,0.731,0.911,-0.180
2017-02-21@11:30:00,0.796,0.956,-0.159
2017-02-21@10:30:00,0.815,0.995,-0.180
2017-02-20@15:00:00,0.849,1.040,-0.192
2017-02-20@14:00:00,0.879,1.088,-0.210
2017-02-20@11:30:00,0.949,1.141,-0.192
2017-02-20@10:30:00,1.032,1.189,-0.157
2017-02-17@15:00:00,1.069,1.228,-0.159
2017-02-17@14:00:00,1.131,1.268,-0.137
2017-02-17@11:30:00,1.242,1.302,-0.060
2017-02-17@10:30:00,1.319,1.317,0.003
2017-02-16@15:00:00,1.284,1.316,-0.032
2017-02-16@14:00:00,1.303,1.324,-0.021
2017-02-16@11:30:00,1.423,1.330,0.093
2017-02-16@10:30:00,1.431,1.306,0.125
2017-02-15@15:00:00,1.464,1.275,0.189
2017-02-15@14:00:00,1.499,1.228,0.271
2017-02-15@11:30:00,1.384,1.160,0.224
2017-02-15@10:30:00,1.234,1.104,0.130
2017-02-14@15:00:00,1.112,1.071,0.040
2017-02-14@14:00:00,1.011,1.061,-0.050
2017-02-14@11:30:00,1.000,1.074,-0.073
2017-02-14@10:30:00,0.983,1.092,-0.110
2017-02-13@15:00:00,0.945,1.120,-0.174
2017-02-13@14:00:00,0.931,1.163,-0.232
2017-02-13@11:30:00,0.939,1.221,-0.283
2017-02-13@10:30:00,0.943,1.292,-0.349
2017-02-10@15:00:00,1.003,1.379,-0.376
2017-02-10@14:00:00,1.186,1.473,-0.287
2017-02-10@11:30:00,1.294,1.545,-0.251
2017-02-10@10:30:00,1.378,1.608,-0.230
2017-02-09@15:00:00,1.469,1.665,-0.196
2017-02-09@14:00:00,1.546,1.714,-0.168
2017-02-09@11:30:00,1.588,1.756,-0.168
2017-02-09@10:30:00,1.658,1.798,-0.140
2017-02-08@15:00:00,1.743,1.833,-0.090
2017-02-08@14:00:00,1.761,1.855,-0.094
2017-02-08@11:30:00,1.764,1.879,-0.115
2017-02-08@10:30:00,1.825,1.908,-0.083
2017-02-07@15:00:00,1.910,1.929,-0.018
2017-02-07@14:00:00,1.958,1.933,0.025
2017-02-07@11:30:00,1.939,1.927,0.012
2017-02-07@10:30:00,1.903,1.924,-0.021
2017-02-06@15:00:00,1.846,1.929,-0.083
2017-02-06@14:00:00,1.815,1.950,-0.135
2017-02-06@11:30:00,1.814,1.984,-0.170
2017-02-06@10:30:00,1.856,2.026,-0.170
2017-02-03@15:00:00,1.894,2.069,-0.175
2017-02-03@14:00:00,1.957,2.112,-0.156
2017-02-03@11:30:00,2.000,2.151,-0.152
2017-02-03@10:30:00,2.042,2.189,-0.147
2017-01-26@15:00:00,2.083,2.226,-0.143
2017-01-26@14:00:00,2.098,2.262,-0.164
2017-01-26@11:30:00,2.067,2.302,-0.235
2017-01-26@10:30:00,2.113,2.361,-0.248
2017-01-25@15:00:00,2.129,2.423,-0.294
2017-01-25@14:00:00,2.137,2.497,-0.360
2017-01-25@11:30:00,2.132,2.587,-0.455
2017-01-25@10:30:00,2.209,2.700,-0.492
2017-01-24@15:00:00,2.277,2.823,-0.546
2017-01-24@14:00:00,2.377,2.960,-0.582
2017-01-24@11:30:00,2.510,3.105,-0.595
2017-01-24@10:30:00,2.669,3.254,-0.585
2017-01-23@15:00:00,2.885,3.400,-0.516
2017-01-23@14:00:00,3.006,3.529,-0.523
2017-01-23@11:30:00,3.158,3.660,-0.502
2017-01-23@10:30:00,3.296,3.786,-0.490
2017-01-20@15:00:00,3.373,3.908,-0.535
2017-01-20@14:00:00,3.566,4.042,-0.476
2017-01-20@11:30:00,3.751,4.161,-0.410
2017-01-20@10:30:00,3.961,4.263,-0.303
2017-01-19@15:00:00,4.116,4.339,-0.223
2017-01-19@14:00:00,4.373,4.395,-0.022
2017-01-19@11:30:00,4.457,4.400,0.056
2017-01-19@10:30:00,4.463,4.386,0.077
2017-01-18@15:00:00,4.651,4.367,0.284
2017-01-18@14:00:00,4.665,4.296,0.369
2017-01-18@11:30:00,4.615,4.204,0.412
2017-01-18@10:30:00,4.485,4.101,0.384
2017-01-17@15:00:00,4.253,4.005,0.248
2017-01-17@14:00:00,4.268,3.943,0.325
2017-01-17@11:30:00,4.225,3.862,0.363
2017-01-17@10:30:00,4.108,3.771,0.337
2017-01-16@15:00:00,3.900,3.686,0.213
2017-01-16@14:00:00,3.916,3.633,0.283
2017-01-16@11:30:00,3.879,3.562,0.317
2017-01-16@10:30:00,3.777,3.483,0.293
2017-01-13@15:00:00,3.591,3.410,0.181
2017-01-13@14:00:00,3.608,3.365,0.244
2017-01-13@11:30:00,3.578,3.304,0.275
2017-01-13@10:30:00,3.488,3.235,0.253
2017-01-12@15:00:00,3.323,3.172,0.151
2017-01-12@14:00:00,3.343,3.134,0.209
2017-01-12@11:30:00,3.320,3.082,0.238
2017-01-12@10:30:00,3.242,3.023,0.219
2017-01-11@15:00:00,3.096,2.968,0.128
2017-01-11@14:00:00,3.118,2.936,0.183
2017-01-11@11:30:00,nan,nan,nan
2017-01-11@10:30:00,nan,nan,nan
2017-01-10@15:00:00,nan,nan,nan
2017-01-10@14:00:00,nan,nan,nan
2017-01-10@11:30:00,nan,nan,nan
2017-01-10@10:30:00,nan,nan,nan
2017-01-09@15:00:00,nan,nan,nan
2017-01-09@14:00:00,nan,nan,nan
2017-01-09@11:30:00,nan,nan,nan
2017-01-09@10:30:00,nan,nan,nan
2017-01-06@15:00:00,nan,nan,nan
2017-01-06@14:00:00,nan,nan,nan
2017-01-06@11:30:00,nan,nan,nan
2017-01-06@10:30:00,nan,nan,nan
2017-01-05@15:00:00,nan,nan,nan
2017-01-05@14:00:00,nan,nan,nan
2017-01-05@11:30:00,nan,nan,nan
2017-01-05@10:30:00,nan,nan,nan
2017-01-04@15:00:00,nan,nan,nan
2017-01-04@14:00:00,nan,nan,nan
2017-01-04@11:30:00,nan,nan,nan
2017-01-03@15:00:00,nan,nan,nan
2017-01-03@14:00:00,nan,nan,nan
2017-01-03@11:30:00,nan,nan,nan
2017-01-03@10:30:00,nan,nan,nan
2016-12-30@15:00:00,nan,nan,nan
2016-12-30@14:00:00,nan,nan,nan
2016-12-30@11:30:00,nan,nan,nan
2016-12-30@10:30:00,nan,nan,nan
2016-12-29@15:00:00,nan,nan,nan
2016-12-29@14:00:00,nan,nan,nan
2016-12-29@11:30:00,nan,nan,nan
2016-12-29@10:30:00,nan,nan,nan
