2017-06-30,41.081,39.409,37.737
2017-06-29,41.044,39.258,37.471
2017-06-28,41.462,39.046,36.629
2017-06-27,41.374,38.910,36.446
2017-06-26,41.300,38.768,36.236
2017-06-23,41.522,38.597,35.671
2017-06-22,41.823,38.416,35.009
2017-06-21,42.146,38.211,34.275
2017-06-20,42.047,38.123,34.198
2017-06-19,41.934,38.083,34.232
2017-06-16,41.841,38.049,34.257
2017-06-15,41.827,38.044,34.261
2017-06-14,41.908,38.066,34.224
2017-06-13,42.458,38.198,33.937
2017-06-12,44.423,38.584,32.745
2017-06-09,46.395,39.062,31.729
2017-06-08,48.096,39.517,30.937
2017-06-07,49.579,40.065,30.551
2017-06-06,50.712,40.528,30.343
2017-06-05,52.327,41.173,30.018
2017-06-02,52.961,41.622,30.283
2017-06-01,53.645,42.148,30.650
2017-05-31,54.208,42.807,31.405
2017-05-26,54.640,43.325,32.009
2017-05-25,54.866,43.819,32.771
2017-05-24,54.795,44.387,33.979
2017-05-23,54.457,45.017,35.577
2017-05-22,53.577,45.630,37.682
2017-05-19,53.323,46.210,39.097
2017-05-18,53.237,46.706,40.174
2017-05-17,52.881,47.199,41.517
2017-05-16,52.251,47.657,43.062
2017-05-15,51.421,48.040,44.658
2017-05-12,50.814,48.400,45.986
2017-05-11,50.884,48.490,46.096
2017-05-10,51.029,48.551,46.073
2017-05-09,52.457,48.820,45.183
2017-05-08,53.749,49.131,44.512
2017-05-05,55.228,49.546,43.863
2017-05-04,56.279,49.818,43.356
2017-05-03,57.398,50.324,43.250
2017-05-02,58.060,50.707,43.354
2017-04-28,58.453,50.995,43.537
2017-04-27,59.569,51.545,43.520
2017-04-26,61.697,52.378,43.058
2017-04-25,62.878,53.118,43.357
2017-04-24,63.643,53.781,43.919
2017-04-21,64.153,54.508,44.862
2017-04-20,64.743,55.089,45.435
2017-04-19,65.318,55.680,46.042
2017-04-18,65.697,56.267,46.837
2017-04-17,65.876,56.867,47.858
2017-04-14,65.568,57.385,49.201
2017-04-13,65.200,57.777,50.353
2017-04-12,64.495,58.189,51.882
2017-04-11,63.667,58.611,53.555
2017-04-10,63.515,58.728,53.940
2017-04-07,63.460,58.763,54.065
2017-04-06,63.475,58.866,54.256
2017-04-05,63.463,58.952,54.440
2017-03-31,63.491,59.053,54.615
2017-03-30,63.567,59.328,55.088
2017-03-29,63.905,59.812,55.719
2017-03-28,63.912,59.788,55.663
2017-03-27,63.533,59.369,55.206
2017-03-24,63.902,58.919,53.936
2017-03-23,64.320,58.479,52.638
2017-03-22,64.342,58.079,51.817
2017-03-21,64.225,57.691,51.157
2017-03-20,63.923,57.269,50.616
2017-03-17,63.746,56.759,49.773
2017-03-16,63.485,56.222,48.959
2017-03-15,63.490,55.743,47.997
2017-03-14,63.497,55.322,47.148
2017-03-13,63.427,54.917,46.407
2017-03-10,63.278,54.383,45.489
2017-03-09,63.004,54.098,45.193
2017-03-08,62.800,53.862,44.924
2017-03-07,62.186,53.455,44.724
2017-03-06,61.681,53.245,44.809
2017-03-03,61.901,53.299,44.698
2017-03-02,63.606,53.603,43.600
2017-03-01,64.414,53.747,43.081
2017-02-28,66.357,54.216,42.075
2017-02-13,67.813,54.723,41.633
2017-02-10,68.906,55.284,41.662
2017-02-09,69.737,55.842,41.948
2017-02-08,70.528,56.364,42.201
2017-02-07,71.705,57.026,42.348
2017-02-06,72.559,57.631,42.704
2017-02-03,72.890,58.191,43.493
2017-02-02,73.092,58.781,44.471
2017-01-26,73.098,59.415,45.732
2017-01-25,72.917,60.026,47.136
2017-01-24,72.544,60.619,48.694
2017-01-23,71.663,61.303,50.943
2017-01-20,71.057,61.719,52.381
2017-01-19,70.239,62.146,54.053
2017-01-18,68.880,62.623,56.366
2017-01-17,68.084,62.875,57.666
2016-10-28,68.237,62.780,57.323
2016-10-27,67.579,62.503,57.427
2016-10-26,66.979,62.317,57.656
2016-10-25,66.162,62.122,58.083
2016-10-24,65.932,62.061,58.191
2016-10-21,66.337,62.170,58.003
2016-10-20,67.064,62.382,57.701
2016-10-19,67.411,62.513,57.615
2016-10-18,67.489,62.532,57.575
2016-10-17,67.542,62.549,57.557
2016-10-14,67.704,62.663,57.623
2016-10-13,67.959,62.819,57.679
2016-10-12,68.416,63.047,57.678
2016-10-11,68.753,63.275,57.797
2016-10-10,69.041,63.520,57.999
2016-09-30,69.461,63.807,58.154
2016-09-29,69.859,64.237,58.616
2016-09-28,70.034,64.620,59.207
2016-09-27,70.111,64.972,59.833
2016-09-26,70.014,65.411,60.809
2016-09-23,69.297,65.884,62.471
2016-09-22,69.188,66.215,63.242
2016-09-21,69.186,66.448,63.710
2016-09-20,69.071,66.618,64.166
2016-09-19,70.988,67.111,63.235
2016-09-14,72.517,67.536,62.556
2016-09-13,73.462,67.856,62.251
2016-09-12,74.363,68.265,62.167
2016-09-09,75.204,68.649,62.094
2016-09-08,75.639,69.031,62.423
2016-09-07,75.803,69.430,63.058
2016-09-06,76.239,69.880,63.521
2016-09-05,76.642,70.248,63.855
2016-09-02,76.792,70.592,64.393
2016-09-01,76.638,70.731,64.825
2016-08-31,76.596,70.918,65.240
2016-08-30,76.566,70.971,65.377
2016-08-29,77.183,70.745,64.308
2016-08-26,77.712,70.516,63.321
2016-08-25,77.782,70.428,63.074
2016-08-24,77.882,70.321,62.759
2016-08-23,77.922,70.236,62.550
2016-08-22,78.131,70.462,62.793
2016-08-19,78.205,70.679,63.153
2016-08-18,78.090,70.635,63.179
2016-08-17,78.583,70.769,62.955
2016-08-16,79.475,71.023,62.570
2016-08-15,80.110,71.221,62.332
2016-08-12,81.032,71.492,61.952
2016-08-11,82.568,71.956,61.345
2016-08-10,83.655,72.378,61.101
2016-08-09,84.512,72.700,60.889
2016-08-08,85.631,73.116,60.601
2016-08-05,86.462,73.507,60.553
2016-08-04,89.042,74.538,60.035
2016-08-03,91.355,75.491,59.627
2016-08-02,93.236,76.508,59.780
2016-08-01,95.010,78.011,61.012
2016-07-29,95.395,79.316,63.237
2016-07-28,95.751,80.404,65.058
2016-07-27,95.446,81.454,67.463
2016-07-26,96.527,82.921,69.316
2016-07-25,97.276,83.931,70.586
2016-07-22,96.631,84.568,72.505
2016-07-21,95.977,85.068,74.159
2016-07-20,95.722,85.423,75.125
2016-07-19,95.545,85.728,75.912
2016-07-18,95.654,85.682,75.710
2016-07-15,97.058,85.200,73.341
2016-07-14,99.394,84.270,69.146
2016-07-13,102.125,83.125,64.126
2016-07-12,104.937,81.725,58.514
2016-07-11,107.526,80.003,52.481
2016-07-08,109.930,78.135,46.340
2016-07-07,111.116,75.634,40.153
2016-07-06,111.720,72.931,34.142
2016-07-05,111.808,70.081,28.354
2016-07-04,110.755,66.912,23.068
2016-07-01,109.726,63.820,17.913
2016-06-30,108.159,60.640,13.121
2016-06-29,106.154,57.419,8.684
2016-06-28,101.563,53.634,5.705
2016-06-27,96.674,49.922,3.170
2016-06-24,92.645,46.547,0.450
2016-06-23,87.943,43.149,-1.645
2016-06-22,nan,nan,nan
2016-06-21,nan,nan,nan
2016-06-20,nan,nan,nan
2016-06-17,nan,nan,nan
2016-06-16,nan,nan,nan
2016-06-15,nan,nan,nan
2016-06-14,nan,nan,nan
2016-06-13,nan,nan,nan
2016-06-08,nan,nan,nan
2016-06-07,nan,nan,nan
2016-06-06,nan,nan,nan
2016-06-03,nan,nan,nan
2016-06-02,nan,nan,nan
2016-06-01,nan,nan,nan
2016-05-31,nan,nan,nan
2016-05-30,nan,nan,nan
2016-05-27,nan,nan,nan
2016-05-26,nan,nan,nan
2016-05-25,nan,nan,nan
