Not
2017-03-17@15:00:00,0.730,0.362,0.368
2017-03-17@14:00:00,0.628,0.270,0.358
2017-03-17@11:30:00,0.366,0.180,0.186
2017-03-17@10:30:00,0.229,0.134,0.095
2017-03-16@15:00:00,0.223,0.110,0.113
2017-03-16@14:00:00,0.175,0.082,0.093
2017-03-16@11:30:00,0.115,0.058,0.057
2017-03-16@10:30:00,0.046,0.044,0.002
2017-03-15@15:00:00,0.008,0.044,-0.035
2017-03-15@14:00:00,0.031,0.053,-0.022
2017-03-15@11:30:00,0.040,0.058,-0.018
2017-03-15@10:30:00,0.050,0.062,-0.012
2017-03-14@15:00:00,0.068,0.066,0.002
2017-03-14@14:00:00,0.114,0.065,0.049
2017-03-14@11:30:00,0.101,0.053,0.048
2017-03-14@10:30:00,0.044,0.041,0.003
2017-03-13@15:00:00,0.036,0.040,-0.004
2017-03-13@14:00:00,-0.028,0.041,-0.068
2017-03-13@11:30:00,-0.074,0.058,-0.132
2017-03-13@10:30:00,-0.102,0.091,-0.194
2017-03-10@15:00:00,-0.163,0.139,-0.303
2017-03-10@14:00:00,-0.135,0.215,-0.350
2017-03-10@11:30:00,-0.105,0.303,-0.408
2017-03-10@10:30:00,-0.065,0.405,-0.469
2017-03-09@15:00:00,-0.054,0.522,-0.576
2017-03-09@14:00:00,0.108,0.666,-0.558
2017-03-09@11:30:00,0.275,0.806,-0.531
2017-03-09@10:30:00,0.456,0.938,-0.483
2017-03-08@15:00:00,0.685,1.059,-0.374
2017-03-08@14:00:00,0.739,1.152,-0.414
2017-03-08@11:30:00,0.819,1.256,-0.437
2017-03-08@10:30:00,0.883,1.365,-0.482
2017-03-07@15:00:00,1.025,1.486,-0.461
2017-03-07@14:00:00,1.166,1.601,-0.435
2017-03-07@11:30:00,1.297,1.710,-0.412
2017-03-07@10:30:00,1.475,1.813,-0.338
2017-03-06@15:00:00,1.622,1.897,-0.275
2017-03-06@14:00:00,1.781,1.966,-0.184
2017-03-06@11:30:00,1.915,2.012,-0.097
2017-03-06@10:30:00,2.085,2.036,0.048
2017-03-03@15:00:00,2.288,2.024,0.264
2017-03-03@14:00:00,2.307,1.958,0.349
2017-03-03@11:30:00,2.345,1.871,0.474
2017-03-03@10:30:00,2.480,1.752,0.727
2017-03-02@15:00:00,2.351,1.571,0.780
2017-03-02@14:00:00,1.949,1.376,0.574
2017-03-02@11:30:00,1.774,1.232,0.542
2017-03-02@10:30:00,1.682,1.097,0.585
2017-03-01@15:00:00,1.487,0.950,0.537
2017-03-01@14:00:00,1.341,0.816,0.525
2017-03-01@11:30:00,1.202,0.685,0.517
2017-03-01@10:30:00,0.864,0.556,0.308
2017-02-28@15:00:00,0.881,0.479,0.402
2017-02-28@14:00:00,0.762,0.378,0.384
2017-02-28@11:30:00,0.613,0.282,0.330
2017-02-28@10:30:00,0.403,0.200,0.203
2017-02-13@15:00:00,0.131,0.149,-0.018
2017-02-13@14:00:00,0.117,0.154,-0.037
2017-02-13@11:30:00,0.124,0.163,-0.038
2017-02-13@10:30:00,0.100,0.172,-0.072
2017-02-10@15:00:00,0.116,0.190,-0.074
2017-02-10@14:00:00,0.168,0.209,-0.041
2017-02-10@11:30:00,0.219,0.219,-0.000
2017-02-10@10:30:00,0.297,0.219,0.078
2017-02-09@15:00:00,0.379,0.200,0.180
2017-02-09@14:00:00,0.383,0.155,0.228
2017-02-09@11:30:00,0.375,0.097,0.277
2017-02-09@10:30:00,0.369,0.028,0.341
2017-02-08@15:00:00,0.319,-0.057,0.376
2017-02-08@14:00:00,0.266,-0.151,0.417
2017-02-08@11:30:00,0.230,-0.255,0.486
2017-02-08@10:30:00,0.194,-0.377,0.571
2017-02-07@15:00:00,0.139,-0.519,0.659
2017-02-07@14:00:00,0.022,-0.684,0.706
2017-02-07@11:30:00,-0.153,-0.861,0.708
2017-02-07@10:30:00,-0.370,-1.037,0.667
2017-02-06@15:00:00,-0.723,-1.204,0.481
2017-02-06@14:00:00,-0.849,-1.325,0.475
2017-02-06@11:30:00,-0.976,-1.444,0.467
2017-02-06@10:30:00,-1.126,-1.560,0.435
2017-02-03@15:00:00,-1.254,-1.669,0.415
2017-02-03@14:00:00,-1.373,-1.773,0.400
2017-02-03@11:30:00,-1.554,-1.873,0.319
2017-02-03@10:30:00,-1.614,-1.952,0.338
2017-01-26@15:00:00,-1.695,-2.037,0.342
2017-01-26@14:00:00,-1.777,-2.123,0.345
2017-01-26@11:30:00,-1.918,-2.209,0.290
2017-01-26@10:30:00,-2.050,-2.281,0.231
2017-01-25@15:00:00,-2.214,-2.339,0.125
2017-01-25@14:00:00,-2.338,-2.371,0.033
2017-01-25@11:30:00,-2.368,-2.379,0.011
2017-01-25@10:30:00,-2.404,-2.382,-0.023
2017-01-24@15:00:00,-2.459,-2.376,-0.083
2017-01-24@14:00:00,-2.345,-2.355,0.010
2017-01-24@11:30:00,-2.346,-2.358,0.012
2017-01-24@10:30:00,-2.326,-2.361,0.035
2017-01-23@15:00:00,-2.370,-2.369,-0.001
2017-01-23@14:00:00,-2.456,-2.369,-0.086
2017-01-23@11:30:00,-2.553,-2.348,-0.205
2017-01-23@10:30:00,-2.630,-2.296,-0.334
2017-01-20@15:00:00,-2.697,-2.213,-0.485
2017-01-20@14:00:00,-2.694,-2.092,-0.602
2017-01-20@11:30:00,-2.695,-1.941,-0.754
2017-01-20@10:30:00,-2.621,-1.753,-0.868
2017-01-19@15:00:00,-2.486,-1.536,-0.950
2017-01-19@14:00:00,-2.241,-1.298,-0.943
2017-01-19@11:30:00,-2.044,-1.062,-0.982
2017-01-19@10:30:00,-1.783,-0.817,-0.966
2017-01-18@15:00:00,-1.408,-0.575,-0.833
2017-01-18@14:00:00,-1.121,-0.367,-0.754
2017-01-18@11:30:00,-0.746,-0.179,-0.567
2017-01-18@10:30:00,-0.464,-0.037,-0.427
2017-01-17@15:00:00,-0.094,0.070,-0.164
2017-01-17@14:00:00,-0.022,0.111,-0.133
2017-01-17@11:30:00,0.070,0.144,-0.074
2017-01-17@10:30:00,0.187,0.163,0.024
2016-10-13@15:00:00,0.333,0.157,0.176
2016-10-13@14:00:00,0.345,0.112,0.233
2016-10-13@11:30:00,0.304,0.054,0.250
2016-10-13@10:30:00,0.207,-0.008,0.215
2016-10-12@15:00:00,0.155,-0.062,0.217
2016-10-12@14:00:00,0.148,-0.116,0.264
2016-10-12@11:30:00,0.104,-0.182,0.286
2016-10-12@10:30:00,0.039,-0.254,0.293
2016-10-11@15:00:00,-0.073,-0.327,0.254
2016-10-11@14:00:00,-0.113,-0.390,0.278
2016-10-11@11:30:00,-0.146,-0.460,0.314
2016-10-11@10:30:00,-0.205,-0.538,0.333
2016-10-10@15:00:00,-0.255,-0.621,0.366
2016-10-10@14:00:00,-0.356,-0.713,0.356
2016-10-10@11:30:00,-0.492,-0.802,0.310
2016-10-10@10:30:00,-0.668,-0.880,0.212
2016-09-30@15:00:00,-0.752,-0.933,0.180
2016-09-30@14:00:00,-0.776,-0.978,0.202
2016-09-30@11:30:00,-0.823,-1.028,0.205
2016-09-30@10:30:00,-0.851,-1.079,0.228
2016-09-29@15:00:00,-0.893,-1.136,0.244
2016-09-29@14:00:00,-0.935,-1.197,0.263
2016-09-29@11:30:00,-0.979,-1.263,0.284
2016-09-29@10:30:00,-1.059,-1.334,0.275
2016-09-28@15:00:00,-1.200,-1.403,0.202
2016-09-28@14:00:00,-1.302,-1.453,0.151
2016-09-28@11:30:00,-1.546,-1.491,-0.055
2016-09-28@10:30:00,-1.636,-1.477,-0.159
2016-09-27@15:00:00,-1.694,-1.438,-0.256
2016-09-27@14:00:00,-1.746,-1.373,-0.372
2016-09-27@11:30:00,-1.718,-1.280,-0.437
2016-09-27@10:30:00,-1.644,-1.171,-0.473
2016-09-26@15:00:00,-1.514,-1.053,-0.461
2016-09-26@14:00:00,-1.328,-0.937,-0.391
2016-09-26@11:30:00,-1.206,-0.840,-0.366
2016-09-26@10:30:00,-1.073,-0.748,-0.325
2016-09-23@15:00:00,-0.862,-0.667,-0.195
2016-09-23@14:00:00,-0.765,-0.618,-0.147
2016-09-23@11:30:00,-0.734,-0.581,-0.153
2016-09-23@10:30:00,-0.687,-0.543,-0.145
2016-09-22@15:00:00,-0.640,-0.507,-0.133
2016-09-22@14:00:00,-0.603,-0.473,-0.130
2016-09-22@11:30:00,-0.556,-0.441,-0.115
2016-09-22@10:30:00,-0.561,-0.412,-0.148
2016-09-21@15:00:00,-0.557,-0.375,-0.181
2016-09-21@14:00:00,-0.511,-0.330,-0.181
2016-09-21@11:30:00,-0.492,-0.285,-0.207
2016-09-21@10:30:00,-0.467,-0.233,-0.234
2016-09-20@15:00:00,-0.387,-0.174,-0.213
2016-09-20@14:00:00,-0.314,-0.121,-0.193
2016-09-20@11:30:00,-0.215,-0.073,-0.142
2016-09-20@10:30:00,-0.108,-0.037,-0.070
2016-09-19@15:00:00,0.040,-0.020,0.060
2016-09-19@14:00:00,0.067,-0.035,0.102
2016-09-19@11:30:00,0.122,-0.060,0.182
2016-09-19@10:30:00,0.126,-0.106,0.231
2016-09-14@15:00:00,0.059,-0.164,0.223
2016-09-14@14:00:00,-0.031,-0.219,0.189
2016-09-14@11:30:00,-0.107,-0.267,0.160
2016-09-14@10:30:00,-0.145,-0.306,0.161
2016-09-13@15:00:00,-0.220,-0.347,0.127
2016-09-13@14:00:00,-0.243,-0.379,0.135
2016-09-13@11:30:00,-0.241,-0.412,0.172
2016-09-13@10:30:00,-0.280,-0.455,0.175
2016-09-12@15:00:00,-0.298,-0.499,0.201
2016-09-12@14:00:00,-0.409,-0.549,0.140
2016-09-12@11:30:00,-0.432,-0.584,0.152
2016-09-12@10:30:00,-0.496,-0.622,0.126
2016-09-09@15:00:00,-0.557,-0.654,0.097
2016-09-09@14:00:00,-0.584,-0.678,0.094
2016-09-09@11:30:00,-0.699,-0.702,0.003
2016-09-09@10:30:00,-0.770,-0.703,-0.067
2016-09-08@15:00:00,-0.782,-0.686,-0.096
2016-09-08@14:00:00,-0.729,-0.662,-0.067
2016-09-08@11:30:00,-0.692,-0.645,-0.047
2016-09-08@10:30:00,-0.660,-0.633,-0.027
2016-09-07@15:00:00,-0.617,-0.627,0.009
2016-09-07@14:00:00,-0.567,-0.629,0.062
2016-09-07@11:30:00,-0.590,-0.645,0.055
2016-09-07@10:30:00,-0.613,-0.658,0.046
2016-09-06@15:00:00,-0.663,-0.670,0.006
2016-09-06@14:00:00,-0.733,-0.671,-0.062
2016-09-06@11:30:00,-0.788,-0.656,-0.133
2016-09-06@10:30:00,-0.725,-0.623,-0.103
2016-09-05@15:00:00,-0.642,-0.597,-0.045
2016-09-05@14:00:00,-0.621,-0.586,-0.036
2016-09-05@11:30:00,-0.601,-0.577,-0.025
2016-09-05@10:30:00,-0.603,-0.571,-0.032
2016-09-02@15:00:00,-0.598,-0.563,-0.036
2016-09-02@14:00:00,-0.523,-0.554,0.031
2016-09-01@15:00:00,-0.430,-0.561,0.131
2016-09-01@14:00:00,-0.402,-0.594,0.192
2016-09-01@11:30:00,-0.411,-0.642,0.231
2016-09-01@10:30:00,-0.463,-0.700,0.237
2016-08-31@15:00:00,-0.522,-0.759,0.237
2016-08-31@14:00:00,-0.605,-0.818,0.213
2016-08-31@11:30:00,-0.713,-0.871,0.158
2016-08-31@10:30:00,-0.812,-0.911,0.099
2016-08-30@15:00:00,-0.772,-0.936,0.164
2016-08-30@14:00:00,-0.810,-0.977,0.167
2016-08-30@11:30:00,-0.874,-1.018,0.144
2016-08-30@10:30:00,-0.924,-1.054,0.130
2016-08-29@15:00:00,-0.975,-1.087,0.111
2016-08-29@14:00:00,-0.998,-1.115,0.117
2016-08-29@11:30:00,-1.009,-1.144,0.135
2016-08-29@10:30:00,-1.031,-1.178,0.147
2016-08-26@15:00:00,-1.047,-1.214,0.167
2016-08-26@14:00:00,-1.114,-1.256,0.143
2016-08-26@11:30:00,-1.170,-1.292,0.122
2016-08-26@10:30:00,-1.272,-1.322,0.050
2016-08-25@15:00:00,-1.408,-1.335,-0.074
2016-08-25@14:00:00,-1.476,-1.316,-0.159
2016-08-25@11:30:00,-1.541,-1.277,-0.265
2016-08-25@10:30:00,-1.460,-1.210,-0.250
2016-08-24@15:00:00,-1.368,-1.148,-0.220
2016-08-24@14:00:00,-1.386,-1.093,-0.293
2016-08-24@11:30:00,-1.420,-1.020,-0.400
2016-08-24@10:30:00,-1.449,-0.920,-0.529
2016-08-23@15:00:00,-1.477,-0.787,-0.689
2016-08-23@14:00:00,-1.397,-0.615,-0.782
2016-08-23@11:30:00,-1.232,-0.420,-0.812
2016-08-23@10:30:00,-1.044,-0.217,-0.828
2016-08-22@15:00:00,-0.863,-0.010,-0.853
2016-08-22@14:00:00,-0.474,0.204,-0.677
2016-08-22@11:30:00,-0.190,0.373,-0.563
2016-08-22@10:30:00,0.205,0.514,-0.309
2016-08-19@15:00:00,0.572,0.591,-0.019
2016-08-19@14:00:00,0.647,0.596,0.051
2016-08-19@11:30:00,0.650,0.583,0.067
2016-08-19@10:30:00,0.627,0.566,0.060
2016-08-18@15:00:00,0.438,0.551,-0.113
2016-08-18@14:00:00,0.416,0.580,-0.163
2016-08-18@11:30:00,0.444,0.621,-0.177
2016-08-18@10:30:00,0.484,0.665,-0.180
2016-08-17@15:00:00,0.523,0.710,-0.187
2016-08-17@14:00:00,0.588,0.757,-0.169
2016-08-17@11:30:00,0.515,0.799,-0.284
2016-08-17@10:30:00,0.663,0.870,-0.206
2016-08-16@15:00:00,0.864,0.921,-0.057
2016-08-16@14:00:00,0.941,0.936,0.005
2016-08-16@11:30:00,0.922,0.935,-0.013
2016-08-16@10:30:00,0.897,0.938,-0.041
2016-08-15@15:00:00,0.850,0.948,-0.098
2016-08-15@14:00:00,0.842,0.973,-0.130
2016-08-15@11:30:00,0.790,1.005,-0.215
2016-08-15@10:30:00,0.758,1.059,-0.301
2016-08-12@15:00:00,0.817,1.134,-0.317
2016-08-12@14:00:00,0.885,1.214,-0.329
2016-08-12@11:30:00,0.995,1.296,-0.300
2016-08-12@10:30:00,1.181,1.371,-0.190
2016-08-11@15:00:00,1.309,1.418,-0.109
2016-08-11@14:00:00,1.519,1.446,0.073
2016-08-11@11:30:00,1.611,1.427,0.183
2016-08-11@10:30:00,1.659,1.381,0.277
2016-08-10@15:00:00,1.726,1.312,0.413
2016-08-10@14:00:00,1.762,1.209,0.554
2016-08-10@11:30:00,1.641,1.070,0.571
2016-08-10@10:30:00,1.547,0.928,0.620
2016-08-09@15:00:00,1.361,0.773,0.588
2016-08-09@14:00:00,1.226,0.626,0.600
2016-08-09@11:30:00,1.061,0.476,0.585
2016-08-09@10:30:00,0.951,0.329,0.621
2016-08-08@15:00:00,0.688,0.174,0.514
2016-08-08@14:00:00,0.409,0.045,0.363
2016-08-08@11:30:00,0.100,-0.045,0.145
2016-08-08@10:30:00,0.185,-0.082,0.266
2016-08-05@15:00:00,0.360,-0.148,0.508
2016-08-05@14:00:00,0.392,-0.275,0.667
2016-08-05@11:30:00,0.453,-0.442,0.895
2016-08-05@10:30:00,0.431,-0.666,1.096
2016-08-04@15:00:00,0.372,-0.940,1.311
2016-08-04@14:00:00,0.170,-1.268,1.438
2016-08-04@11:30:00,-0.230,-1.627,1.397
2016-08-04@10:30:00,-0.707,-1.976,1.269
2016-08-03@15:00:00,-1.301,-2.294,0.992
2016-08-03@14:00:00,-1.769,-2.542,0.772
2016-08-03@11:30:00,-2.094,-2.735,0.640
2016-08-03@10:30:00,-2.541,-2.895,0.354
2016-08-02@15:00:00,-2.855,-2.983,0.128
2016-08-02@14:00:00,-2.973,-3.015,0.043
2016-08-02@11:30:00,-3.048,-3.026,-0.022
2016-08-01@15:00:00,-3.117,-3.021,-0.097
2016-08-01@14:00:00,-3.148,-2.996,-0.152
2016-08-01@11:30:00,-3.098,-2.958,-0.139
2016-08-01@10:30:00,-2.951,-2.924,-0.028
2016-07-29@15:00:00,-2.730,-2.917,0.187
2016-07-29@14:00:00,-2.848,-2.963,0.115
2016-07-29@11:30:00,-3.027,-2.992,-0.034
2016-07-29@10:30:00,-3.280,-2.984,-0.296
2016-07-28@15:00:00,-3.314,-2.910,-0.404
2016-07-28@14:00:00,-3.340,-2.809,-0.531
2016-07-28@11:30:00,-3.191,-2.676,-0.515
2016-07-28@10:30:00,-2.974,-2.547,-0.427
2016-07-27@15:00:00,-2.847,-2.440,-0.407
2016-07-27@14:00:00,-2.673,-2.339,-0.334
2016-07-27@11:30:00,-2.415,-2.255,-0.160
2016-07-27@10:30:00,-2.231,-2.215,-0.016
2016-07-26@15:00:00,-2.160,-2.211,0.052
2016-07-26@14:00:00,-2.246,-2.224,-0.022
2016-07-26@11:30:00,-2.320,-2.219,-0.101
2016-07-26@10:30:00,-2.410,-2.194,-0.216
2016-07-25@15:00:00,nan,nan,nan
2016-07-25@14:00:00,nan,nan,nan
2016-07-25@11:30:00,nan,nan,nan
2016-07-25@10:30:00,nan,nan,nan
2016-07-22@15:00:00,nan,nan,nan
2016-07-22@14:00:00,nan,nan,nan
2016-07-22@11:30:00,nan,nan,nan
2016-07-22@10:30:00,nan,nan,nan
2016-07-21@15:00:00,nan,nan,nan
2016-07-21@14:00:00,nan,nan,nan
2016-07-21@11:30:00,nan,nan,nan
2016-07-21@10:30:00,nan,nan,nan
2016-07-20@15:00:00,nan,nan,nan
2016-07-20@14:00:00,nan,nan,nan
2016-07-20@11:30:00,nan,nan,nan
2016-07-20@10:30:00,nan,nan,nan
2016-07-19@15:00:00,nan,nan,nan
2016-07-19@14:00:00,nan,nan,nan
2016-07-19@11:30:00,nan,nan,nan
2016-07-19@10:30:00,nan,nan,nan
2016-07-18@15:00:00,nan,nan,nan
2016-07-18@14:00:00,nan,nan,nan
2016-07-18@11:30:00,nan,nan,nan
2016-07-18@10:30:00,nan,nan,nan
2016-07-15@15:00:00,nan,nan,nan
2016-07-15@14:00:00,nan,nan,nan
2016-07-15@11:30:00,nan,nan,nan
2016-07-15@10:30:00,nan,nan,nan
2016-07-14@15:00:00,nan,nan,nan
2016-07-14@14:00:00,nan,nan,nan
2016-07-14@11:30:00,nan,nan,nan
2016-07-14@10:30:00,nan,nan,nan
2016-07-13@15:00:00,nan,nan,nan
