Not
2017-06-30,-0.479,-0.893,0.415
2017-06-29,-0.612,-0.997,0.385
2017-06-28,-0.692,-1.093,0.402
2017-06-27,-0.824,-1.194,0.369
2017-06-26,-0.966,-1.286,0.321
2017-06-23,-1.017,-1.366,0.349
2017-06-22,-1.003,-1.454,0.451
2017-06-21,-0.952,-1.566,0.614
2017-06-20,-0.991,-1.720,0.729
2017-06-19,-1.140,-1.902,0.763
2017-06-16,-1.291,-2.093,0.802
2017-06-15,-1.448,-2.293,0.846
2017-06-14,-1.680,-2.505,0.825
2017-06-13,-1.913,-2.711,0.798
2017-06-12,-2.147,-2.910,0.764
2017-06-09,-2.364,-3.101,0.738
2017-06-08,-2.709,-3.286,0.577
2017-06-07,-2.902,-3.430,0.528
2017-06-06,-3.216,-3.562,0.346
2017-06-05,-3.486,-3.648,0.162
2017-06-02,-3.745,-3.689,-0.056
2017-06-01,-3.962,-3.675,-0.287
2017-05-31,-3.976,-3.603,-0.373
2017-05-26,-4.134,-3.510,-0.624
2017-05-25,-4.245,-3.354,-0.891
2017-05-24,-4.151,-3.131,-1.019
2017-05-23,-3.887,-2.876,-1.011
2017-05-22,-3.424,-2.624,-0.800
2017-05-19,-3.140,-2.424,-0.717
2017-05-18,-2.945,-2.245,-0.701
2017-05-17,-2.643,-2.069,-0.573
2017-05-16,-2.259,-1.926,-0.333
2017-05-15,-1.846,-1.843,-0.003
2017-05-12,-1.475,-1.842,0.367
2017-05-11,-1.462,-1.934,0.472
2017-05-10,-1.562,-2.052,0.490
2017-05-09,-1.721,-2.174,0.453
2017-05-08,-1.883,-2.287,0.404
2017-05-05,-1.997,-2.389,0.391
2017-05-04,-2.401,-2.486,0.085
2017-05-03,-2.448,-2.508,0.059
2017-05-02,-2.569,-2.522,-0.047
2017-04-28,-2.752,-2.511,-0.241
2017-04-27,-2.856,-2.450,-0.406
2017-04-26,-2.869,-2.349,-0.520
2017-04-25,-2.820,-2.219,-0.602
2017-04-24,-2.760,-2.068,-0.691
2017-04-21,-2.537,-1.896,-0.641
2017-04-20,-2.507,-1.735,-0.772
2017-04-19,-2.473,-1.542,-0.930
2017-04-18,-2.377,-1.310,-1.068
2017-04-17,-2.190,-1.043,-1.147
2017-04-14,-1.875,-0.756,-1.119
2017-04-13,-1.583,-0.476,-1.107
2017-04-12,-1.121,-0.200,-0.921
2017-04-11,-0.591,0.031,-0.622
2017-04-10,-0.385,0.186,-0.571
2017-04-07,-0.185,0.329,-0.513
2017-04-06,-0.074,0.457,-0.531
2017-04-05,0.073,0.590,-0.517
2017-03-31,0.215,0.719,-0.504
2017-03-30,0.548,0.845,-0.297
2017-03-29,1.093,0.919,0.174
2017-03-28,1.329,0.876,0.453
2017-03-27,1.112,0.763,0.350
2017-03-24,1.032,0.675,0.357
2017-03-23,1.028,0.586,0.443
2017-03-22,0.986,0.475,0.511
2017-03-21,0.920,0.347,0.573
2017-03-20,0.764,0.204,0.560
2017-03-17,0.577,0.064,0.513
2017-03-16,0.335,-0.064,0.400
2017-03-15,0.233,-0.164,0.398
2017-03-14,0.217,-0.264,0.481
2017-03-13,0.220,-0.384,0.604
2017-03-10,0.123,-0.535,0.658
2017-03-09,0.141,-0.699,0.840
2017-03-08,0.260,-0.909,1.169
2017-03-07,0.122,-1.202,1.324
2017-03-06,-0.017,-1.533,1.515
2017-03-03,-0.270,-1.911,1.641
2017-03-02,-0.786,-2.322,1.535
2017-03-01,-1.734,-2.706,0.971
2017-02-28,-2.325,-2.948,0.623
2017-02-13,-2.743,-3.104,0.361
2017-02-10,-2.958,-3.194,0.236
2017-02-09,-3.098,-3.254,0.156
2017-02-08,-3.336,-3.292,-0.043
2017-02-07,-3.610,-3.282,-0.329
2017-02-06,-3.900,-3.199,-0.701
2017-02-03,-4.010,-3.024,-0.985
2017-02-02,-4.030,-2.778,-1.252
2017-01-26,-3.906,-2.465,-1.441
2017-01-25,-3.690,-2.105,-1.585
2017-01-24,-3.365,-1.708,-1.657
2017-01-23,-2.740,-1.294,-1.446
2017-01-20,-2.264,-0.933,-1.331
2017-01-19,-1.624,-0.600,-1.024
2017-01-18,-0.722,-0.344,-0.379
2017-01-17,0.076,-0.249,0.325
2016-10-28,0.481,-0.330,0.811
2016-10-27,0.285,-0.533,0.819
2016-10-26,0.055,-0.738,0.793
2016-10-25,-0.306,-0.936,0.631
2016-10-24,-0.538,-1.094,0.556
2016-10-21,-0.657,-1.233,0.576
2016-10-20,-0.703,-1.377,0.674
2016-10-19,-0.782,-1.545,0.763
2016-10-18,-1.176,-1.736,0.560
2016-10-17,-1.537,-1.876,0.339
2016-10-14,-1.681,-1.961,0.280
2016-10-13,-1.840,-2.031,0.191
2016-10-12,-2.013,-2.079,0.066
2016-10-11,-2.160,-2.095,-0.065
2016-10-10,-2.281,-2.079,-0.202
2016-09-30,-2.427,-2.029,-0.399
2016-09-29,-2.394,-1.929,-0.465
2016-09-28,-2.341,-1.813,-0.528
2016-09-27,-2.279,-1.681,-0.599
2016-09-26,-2.072,-1.531,-0.541
2016-09-23,-1.684,-1.396,-0.289
2016-09-22,-1.499,-1.323,-0.175
2016-09-21,-1.403,-1.280,-0.124
2016-09-20,-1.308,-1.249,-0.059
2016-09-19,-1.216,-1.234,0.017
2016-09-14,-1.257,-1.238,-0.019
2016-09-13,-1.407,-1.233,-0.173
2016-09-12,-1.440,-1.190,-0.251
2016-09-09,-1.540,-1.127,-0.413
2016-09-08,-1.517,-1.024,-0.493
2016-09-07,-1.367,-0.901,-0.467
2016-09-06,-1.241,-0.784,-0.457
2016-09-05,-1.206,-0.670,-0.536
2016-09-02,-1.099,-0.536,-0.563
2016-09-01,-0.946,-0.395,-0.551
2016-08-31,-0.848,-0.258,-0.591
2016-08-30,-0.817,-0.110,-0.707
2016-08-29,-0.693,0.067,-0.760
2016-08-26,-0.502,0.257,-0.758
2016-08-25,-0.333,0.446,-0.780
2016-08-24,-0.088,0.641,-0.730
2016-08-23,0.180,0.824,-0.644
2016-08-22,0.557,0.985,-0.428
2016-08-19,1.110,1.092,0.018
2016-08-18,1.094,1.087,0.007
2016-08-17,1.020,1.085,-0.065
2016-08-16,1.010,1.102,-0.092
2016-08-15,0.938,1.125,-0.187
2016-08-12,0.805,1.171,-0.366
2016-08-11,0.756,1.263,-0.507
2016-08-10,0.744,1.390,-0.645
2016-08-09,0.533,1.551,-1.018
2016-08-08,0.275,1.805,-1.530
2016-08-05,0.038,2.188,-2.150
2016-08-04,0.151,2.726,-2.575
2016-08-03,0.086,3.369,-3.283
2016-08-02,0.166,4.190,-4.024
2016-08-01,0.908,5.196,-4.288
2016-07-29,1.871,6.268,-4.397
2016-07-28,2.703,7.367,-4.664
2016-07-27,3.791,8.533,-4.742
2016-07-26,5.031,9.719,-4.688
2016-07-25,5.945,10.890,-4.946
2016-07-22,7.123,12.127,-5.004
2016-07-21,8.351,13.378,-5.027
2016-07-20,9.394,14.635,-5.240
2016-07-19,10.446,15.945,-5.499
2016-07-18,11.704,17.319,-5.615
2016-07-15,12.965,18.723,-5.758
2016-07-14,14.123,20.163,-6.039
2016-07-13,15.547,21.672,-6.126
2016-07-12,nan,nan,nan
2016-07-11,nan,nan,nan
2016-07-08,nan,nan,nan
2016-07-07,nan,nan,nan
2016-07-06,nan,nan,nan
2016-07-05,nan,nan,nan
2016-07-04,nan,nan,nan
2016-07-01,nan,nan,nan
2016-06-30,nan,nan,nan
2016-06-29,nan,nan,nan
2016-06-28,nan,nan,nan
2016-06-27,nan,nan,nan
2016-06-24,nan,nan,nan
2016-06-23,nan,nan,nan
2016-06-22,nan,nan,nan
2016-06-21,nan,nan,nan
2016-06-20,nan,nan,nan
2016-06-17,nan,nan,nan
2016-06-16,nan,nan,nan
2016-06-15,nan,nan,nan
2016-06-14,nan,nan,nan
2016-06-13,nan,nan,nan
2016-06-08,nan,nan,nan
2016-06-07,nan,nan,nan
2016-06-06,nan,nan,nan
2016-06-03,nan,nan,nan
2016-06-02,nan,nan,nan
2016-06-01,nan,nan,nan
2016-05-31,nan,nan,nan
2016-05-30,nan,nan,nan
2016-05-27,nan,nan,nan
2016-05-26,nan,nan,nan
2016-05-25,nan,nan,nan
