2017-03-16@15:00:00,29.792,25.998,22.204
2017-03-16@14:00:00,29.241,25.766,22.290
2017-03-16@11:30:00,28.575,25.508,22.440
2017-03-16@10:30:00,27.746,25.242,22.738
2017-03-15@15:00:00,26.696,24.992,23.287
2017-03-15@14:00:00,26.317,24.871,23.424
2017-03-15@11:30:00,26.029,24.738,23.447
2017-03-15@10:30:00,25.744,24.654,23.563
2017-03-14@15:00:00,25.400,24.505,23.610
2017-03-14@14:00:00,25.654,24.379,23.103
2017-03-14@11:30:00,25.824,24.234,22.643
2017-03-14@10:30:00,25.982,24.082,22.182
2017-03-13@15:00:00,26.041,23.919,21.796
2017-03-13@14:00:00,25.947,23.803,21.658
2017-03-13@11:30:00,25.863,23.677,21.490
2017-03-13@10:30:00,25.760,23.601,21.442
2017-03-10@15:00:00,25.662,23.526,21.389
2017-03-10@14:00:00,25.435,23.429,21.422
2017-03-10@11:30:00,25.263,23.344,21.424
2017-03-10@10:30:00,25.213,23.302,21.390
2017-03-09@15:00:00,25.148,23.252,21.355
2017-03-09@14:00:00,25.016,23.076,21.136
2017-03-09@11:30:00,24.919,22.923,20.927
2017-03-09@10:30:00,24.804,22.778,20.751
2017-03-08@15:00:00,24.628,22.628,20.627
2017-03-08@14:00:00,24.632,22.367,20.102
2017-03-08@11:30:00,24.648,22.141,19.633
2017-03-08@10:30:00,24.411,21.880,19.349
2017-03-07@15:00:00,24.331,21.677,19.022
2017-03-07@14:00:00,24.612,21.438,18.263
2017-03-07@11:30:00,24.803,21.207,17.611
2017-03-07@10:30:00,24.902,21.004,17.105
2017-03-06@15:00:00,24.954,20.799,16.644
2017-03-06@14:00:00,24.921,20.510,16.098
2017-03-06@11:30:00,24.833,20.242,15.650
2017-03-06@10:30:00,24.570,19.921,15.272
2017-03-03@15:00:00,24.239,19.607,14.974
2017-03-03@14:00:00,23.734,19.317,14.899
2017-03-03@11:30:00,23.185,19.022,14.859
2017-03-03@10:30:00,22.534,18.750,14.965
2017-03-02@15:00:00,21.775,18.496,15.217
2017-03-02@14:00:00,21.372,18.354,15.336
2017-03-02@11:30:00,20.916,18.213,15.509
2017-03-02@10:30:00,20.394,18.077,15.760
2017-03-01@15:00:00,19.693,17.905,16.117
2017-03-01@14:00:00,19.535,17.857,16.179
2017-03-01@11:30:00,19.364,17.809,16.254
2017-03-01@10:30:00,19.204,17.770,16.337
2017-02-28@15:00:00,19.036,17.734,16.432
2017-02-28@14:00:00,19.347,17.831,16.316
2017-02-28@11:30:00,19.529,17.916,16.304
2017-02-28@10:30:00,19.687,17.990,16.294
2017-02-27@15:00:00,19.801,18.061,16.321
2017-02-27@14:00:00,19.850,18.168,16.486
2017-02-27@11:30:00,19.821,18.236,16.651
2017-02-27@10:30:00,19.783,18.250,16.717
2017-02-24@15:00:00,19.759,18.258,16.758
2017-02-24@14:00:00,19.742,18.279,16.817
2017-02-24@11:30:00,19.699,18.313,16.927
2017-02-24@10:30:00,19.687,18.327,16.967
2017-02-23@15:00:00,19.688,18.325,16.963
2017-02-23@14:00:00,19.858,18.213,16.568
2017-02-23@11:30:00,19.958,18.100,16.242
2017-02-23@10:30:00,19.999,17.981,15.963
2017-02-22@15:00:00,20.061,17.898,15.736
2017-02-22@14:00:00,20.265,17.715,15.166
2017-02-22@11:30:00,20.371,17.532,14.694
2017-02-22@10:30:00,20.383,17.340,14.297
2017-02-21@15:00:00,20.331,17.145,13.960
2017-02-21@14:00:00,20.223,16.838,13.454
2017-02-21@11:30:00,20.072,16.549,13.027
2017-02-21@10:30:00,19.826,16.261,12.696
2017-02-20@15:00:00,19.522,15.980,12.439
2017-02-20@14:00:00,19.278,15.641,12.005
2017-02-20@11:30:00,19.056,15.335,11.614
2017-02-20@10:30:00,18.982,15.096,11.210
2017-02-17@15:00:00,18.859,14.862,10.865
2017-02-17@14:00:00,18.606,14.524,10.442
2017-02-17@11:30:00,18.240,14.186,10.132
2017-02-17@10:30:00,17.758,13.848,9.938
2017-02-16@15:00:00,17.147,13.510,9.873
2017-02-16@14:00:00,16.917,13.202,9.488
2017-02-16@11:30:00,16.574,12.900,9.226
2017-02-16@10:30:00,16.125,12.599,9.074
2017-02-15@15:00:00,15.556,12.302,9.048
2017-02-15@14:00:00,15.235,12.088,8.942
2017-02-15@11:30:00,14.837,11.897,8.957
2017-02-15@10:30:00,14.425,11.648,8.871
2017-02-14@15:00:00,13.908,11.398,8.888
2017-02-14@14:00:00,13.627,11.235,8.843
2017-02-14@11:30:00,13.292,11.072,8.851
2017-02-14@10:30:00,12.891,10.907,8.923
2017-02-13@15:00:00,12.393,10.744,9.095
2017-02-13@14:00:00,12.238,10.596,8.954
2017-02-13@11:30:00,12.028,10.448,8.868
2017-02-13@10:30:00,11.757,10.300,8.843
2017-02-10@15:00:00,11.406,10.152,8.898
2017-02-10@14:00:00,11.422,10.018,8.613
2017-02-10@11:30:00,11.374,9.883,8.392
2017-02-10@10:30:00,11.276,9.749,8.221
2017-02-09@15:00:00,11.129,9.614,8.099
2017-02-09@14:00:00,11.225,9.492,7.759
2017-02-09@11:30:00,11.252,9.365,7.478
2017-02-09@10:30:00,11.229,9.236,7.243
2017-02-08@15:00:00,11.160,9.104,7.048
2017-02-08@14:00:00,11.092,8.927,6.762
2017-02-08@11:30:00,10.862,8.728,6.594
2017-02-08@10:30:00,10.805,8.587,6.368
2017-02-07@15:00:00,10.712,8.446,6.180
2017-02-07@14:00:00,10.567,8.254,5.941
2017-02-07@11:30:00,10.360,8.063,5.765
2017-02-07@10:30:00,10.093,7.872,5.651
2017-02-06@15:00:00,9.745,7.680,5.615
2017-02-06@14:00:00,nan,nan,nan
2017-02-06@11:30:00,nan,nan,nan
2017-02-06@10:30:00,nan,nan,nan
2017-02-03@15:00:00,nan,nan,nan
2017-02-03@14:00:00,nan,nan,nan
2017-02-03@11:30:00,nan,nan,nan
2017-02-03@10:30:00,nan,nan,nan
2017-01-26@15:00:00,nan,nan,nan
2017-01-26@14:00:00,nan,nan,nan
2017-01-26@11:30:00,nan,nan,nan
2017-01-26@10:30:00,nan,nan,nan
2017-01-25@15:00:00,nan,nan,nan
2017-01-25@14:00:00,nan,nan,nan
2017-01-25@11:30:00,nan,nan,nan
2017-01-25@10:30:00,nan,nan,nan
2017-01-24@15:00:00,nan,nan,nan
2017-01-24@14:00:00,nan,nan,nan
2017-01-24@11:30:00,nan,nan,nan
2017-01-24@10:30:00,nan,nan,nan
