Not
2016-12-01@15:00:00,10.053,7.192,2.861
2016-12-01@14:00:00,9.989,6.477,3.511
2016-12-01@11:30:00,9.360,5.599,3.761
2016-12-01@10:30:00,8.422,4.659,3.763
2016-11-30@15:00:00,7.102,3.718,3.384
2016-11-30@14:00:00,6.193,2.872,3.321
2016-11-30@11:30:00,4.926,2.042,2.883
2016-11-30@10:30:00,3.370,1.321,2.049
2016-10-13@15:00:00,1.341,0.809,0.532
2016-10-13@14:00:00,1.262,0.676,0.586
2016-10-13@11:30:00,1.160,0.530,0.630
2016-10-13@10:30:00,0.968,0.372,0.596
2016-10-12@15:00:00,0.783,0.223,0.560
2016-10-12@14:00:00,0.702,0.083,0.619
2016-10-12@11:30:00,0.609,-0.072,0.680
2016-10-12@10:30:00,0.385,-0.242,0.626
2016-10-11@15:00:00,0.001,-0.398,0.400
2016-10-11@14:00:00,-0.088,-0.498,0.410
2016-10-11@11:30:00,-0.148,-0.601,0.453
2016-10-11@10:30:00,-0.260,-0.714,0.453
2016-10-10@15:00:00,-0.396,-0.827,0.431
2016-10-10@14:00:00,-0.531,-0.935,0.404
2016-10-10@11:30:00,-0.699,-1.036,0.337
2016-10-10@10:30:00,-0.893,-1.120,0.227
2016-09-30@15:00:00,-1.025,-1.177,0.151
2016-09-30@14:00:00,-1.049,-1.214,0.165
2016-09-30@11:30:00,-1.102,-1.256,0.154
2016-09-30@10:30:00,-1.139,-1.294,0.155
2016-09-29@15:00:00,-1.180,-1.333,0.153
2016-09-29@14:00:00,-1.230,-1.372,0.142
2016-09-29@11:30:00,-1.312,-1.407,0.095
2016-09-29@10:30:00,-1.400,-1.431,0.031
2016-09-28@15:00:00,-1.495,-1.438,-0.056
2016-09-28@14:00:00,-1.558,-1.424,-0.134
2016-09-28@11:30:00,-1.625,-1.391,-0.234
2016-09-28@10:30:00,-1.649,-1.332,-0.316
2016-09-27@15:00:00,-1.664,-1.253,-0.410
2016-09-27@14:00:00,-1.681,-1.151,-0.531
2016-09-27@11:30:00,-1.619,-1.018,-0.601
2016-09-27@10:30:00,-1.429,-0.868,-0.561
2016-09-26@15:00:00,-1.285,-0.728,-0.558
2016-09-26@14:00:00,-1.043,-0.588,-0.454
2016-09-26@11:30:00,-0.852,-0.475,-0.377
2016-09-26@10:30:00,-0.626,-0.380,-0.245
2016-09-23@15:00:00,-0.291,-0.319,0.028
2016-09-23@14:00:00,-0.153,-0.326,0.173
2016-09-23@11:30:00,-0.175,-0.369,0.194
2016-09-23@10:30:00,-0.219,-0.418,0.199
2016-09-22@15:00:00,-0.277,-0.468,0.190
2016-09-22@14:00:00,-0.268,-0.515,0.247
2016-09-22@11:30:00,-0.286,-0.577,0.291
2016-09-22@10:30:00,-0.343,-0.650,0.307
2016-09-21@15:00:00,-0.415,-0.727,0.312
2016-09-21@14:00:00,-0.478,-0.805,0.327
2016-09-21@11:30:00,-0.592,-0.886,0.295
2016-09-21@10:30:00,-0.740,-0.960,0.220
2016-09-20@15:00:00,-0.793,-1.015,0.222
2016-09-20@14:00:00,-0.873,-1.071,0.198
2016-09-20@11:30:00,-0.934,-1.120,0.186
2016-09-20@10:30:00,-0.992,-1.167,0.175
2016-09-19@15:00:00,-1.057,-1.210,0.153
2016-09-19@14:00:00,-1.121,-1.248,0.127
2016-09-19@11:30:00,-1.188,-1.280,0.093
2016-09-19@10:30:00,-1.268,-1.303,0.035
2016-09-14@15:00:00,-1.351,-1.312,-0.039
2016-09-14@14:00:00,-1.357,-1.302,-0.054
2016-09-14@11:30:00,-1.355,-1.289,-0.066
2016-09-14@10:30:00,-1.365,-1.272,-0.093
2016-09-13@15:00:00,-1.394,-1.249,-0.145
2016-09-13@14:00:00,-1.389,-1.213,-0.176
2016-09-13@11:30:00,-1.386,-1.169,-0.217
2016-09-13@10:30:00,-1.332,-1.114,-0.217
2016-09-12@15:00:00,-1.299,-1.060,-0.239
2016-09-12@14:00:00,-1.209,-1.001,-0.208
2016-09-12@11:30:00,-1.112,-0.948,-0.164
2016-09-12@10:30:00,-1.023,-0.908,-0.116
2016-09-09@15:00:00,-0.910,-0.879,-0.032
2016-09-09@14:00:00,-0.884,-0.871,-0.013
2016-09-09@11:30:00,-0.886,-0.867,-0.018
2016-09-09@10:30:00,-0.927,-0.863,-0.064
2016-09-08@15:00:00,-0.871,-0.847,-0.025
2016-09-08@14:00:00,-0.866,-0.841,-0.025
2016-09-08@11:30:00,-0.838,-0.834,-0.004
2016-09-08@10:30:00,-0.827,-0.833,0.007
2016-09-07@15:00:00,-0.777,-0.835,0.058
2016-09-07@14:00:00,-0.713,-0.849,0.136
2016-09-07@11:30:00,-0.750,-0.883,0.133
2016-09-07@10:30:00,-0.790,-0.917,0.126
2016-09-06@15:00:00,-0.884,-0.948,0.064
2016-09-06@14:00:00,-1.009,-0.964,-0.045
2016-09-06@11:30:00,-1.109,-0.953,-0.156
2016-09-06@10:30:00,-1.090,-0.914,-0.176
2016-09-05@15:00:00,-1.001,-0.870,-0.130
2016-09-05@14:00:00,-0.972,-0.838,-0.134
2016-09-05@11:30:00,-0.963,-0.804,-0.159
2016-09-05@10:30:00,-0.981,-0.764,-0.217
2016-09-02@15:00:00,-0.995,-0.710,-0.285
2016-09-02@14:00:00,-0.889,-0.639,-0.250
2016-09-01@15:00:00,-0.739,-0.576,-0.163
2016-09-01@14:00:00,-0.644,-0.536,-0.108
2016-09-01@11:30:00,-0.580,-0.509,-0.071
2016-09-01@10:30:00,-0.580,-0.491,-0.089
2016-08-31@15:00:00,-0.601,-0.469,-0.133
2016-08-31@14:00:00,-0.618,-0.436,-0.183
2016-08-31@11:30:00,-0.629,-0.390,-0.239
2016-08-31@10:30:00,-0.627,-0.330,-0.297
2016-08-30@15:00:00,-0.418,-0.256,-0.162
2016-08-30@14:00:00,-0.375,-0.215,-0.159
2016-08-30@11:30:00,-0.365,-0.175,-0.189
2016-08-30@10:30:00,-0.342,-0.128,-0.215
2016-08-29@15:00:00,-0.293,-0.074,-0.219
2016-08-29@14:00:00,-0.201,-0.020,-0.181
2016-08-29@11:30:00,-0.063,0.026,-0.089
2016-08-29@10:30:00,0.007,0.048,-0.041
2016-08-26@15:00:00,0.070,0.058,0.012
2016-08-26@14:00:00,0.138,0.055,0.083
2016-08-26@11:30:00,0.147,0.035,0.112
2016-08-26@10:30:00,0.090,0.007,0.083
2016-08-25@15:00:00,-0.003,-0.014,0.011
2016-08-25@14:00:00,-0.171,-0.017,-0.154
2016-08-25@11:30:00,-0.305,0.022,-0.327
2016-08-25@10:30:00,-0.156,0.103,-0.259
2016-08-24@15:00:00,0.053,0.168,-0.115
2016-08-24@14:00:00,0.073,0.197,-0.124
2016-08-24@11:30:00,0.051,0.228,-0.177
2016-08-24@10:30:00,0.043,0.272,-0.229
2016-08-23@15:00:00,0.031,0.329,-0.298
2016-08-23@14:00:00,0.023,0.404,-0.381
2016-08-23@11:30:00,0.078,0.499,-0.421
2016-08-23@10:30:00,0.076,0.605,-0.528
2016-08-22@15:00:00,0.031,0.737,-0.705
2016-08-22@14:00:00,0.240,0.913,-0.673
2016-08-22@11:30:00,0.419,1.081,-0.662
2016-08-22@10:30:00,0.722,1.247,-0.524
2016-08-19@15:00:00,1.041,1.378,-0.337
2016-08-19@14:00:00,1.228,1.462,-0.234
2016-08-19@11:30:00,1.398,1.521,-0.122
2016-08-19@10:30:00,1.587,1.551,0.036
2016-08-18@15:00:00,1.724,1.542,0.182
2016-08-18@14:00:00,1.795,1.497,0.298
2016-08-18@11:30:00,1.826,1.422,0.403
2016-08-18@10:30:00,1.894,1.321,0.573
2016-08-17@15:00:00,1.843,1.178,0.665
2016-08-17@14:00:00,1.667,1.012,0.655
2016-08-17@11:30:00,1.386,0.848,0.538
2016-08-17@10:30:00,1.319,0.714,0.605
2016-08-16@15:00:00,1.172,0.562,0.610
2016-08-16@14:00:00,1.101,0.410,0.691
2016-08-16@11:30:00,0.898,0.237,0.661
2016-08-16@10:30:00,0.685,0.072,0.613
2016-08-15@15:00:00,0.399,-0.082,0.481
2016-08-15@14:00:00,0.050,-0.202,0.251
2016-08-15@11:30:00,-0.154,-0.265,0.111
2016-08-15@10:30:00,-0.299,-0.292,-0.007
2016-08-12@15:00:00,-0.408,-0.291,-0.118
2016-08-12@14:00:00,-0.399,-0.261,-0.138
2016-08-12@11:30:00,-0.331,-0.227,-0.105
2016-08-12@10:30:00,-0.239,-0.201,-0.038
2016-08-11@15:00:00,-0.220,-0.191,-0.029
2016-08-11@14:00:00,-0.091,-0.184,0.093
2016-08-11@11:30:00,-0.034,-0.207,0.173
2016-08-11@10:30:00,0.051,-0.250,0.301
2016-08-10@15:00:00,0.118,-0.326,0.444
2016-08-10@14:00:00,0.054,-0.437,0.491
2016-08-10@11:30:00,-0.079,-0.560,0.481
2016-08-10@10:30:00,-0.207,-0.680,0.473
2016-08-09@15:00:00,-0.399,-0.798,0.399
2016-08-09@14:00:00,-0.525,-0.898,0.373
2016-08-09@11:30:00,-0.706,-0.991,0.285
2016-08-09@10:30:00,-0.827,-1.062,0.235
2016-08-08@15:00:00,-1.035,-1.121,0.086
2016-08-08@14:00:00,-1.200,-1.143,-0.057
2016-08-08@11:30:00,-1.219,-1.128,-0.091
2016-08-08@10:30:00,-1.114,-1.106,-0.009
2016-08-05@15:00:00,-0.864,-1.104,0.240
2016-08-05@14:00:00,-0.818,-1.163,0.346
2016-08-05@11:30:00,-0.801,-1.250,0.449
2016-08-05@10:30:00,-0.835,-1.362,0.527
2016-08-04@15:00:00,-0.894,-1.494,0.600
2016-08-04@14:00:00,-0.965,-1.644,0.679
2016-08-04@11:30:00,-1.041,-1.814,0.773
2016-08-04@10:30:00,-1.163,-2.007,0.844
2016-08-03@15:00:00,-1.408,-2.218,0.810
2016-08-03@14:00:00,-1.694,-2.420,0.727
2016-08-03@11:30:00,-2.035,-2.602,0.567
2016-08-03@10:30:00,-2.495,-2.744,0.249
2016-08-02@15:00:00,-2.823,-2.806,-0.017
2016-08-02@14:00:00,-2.982,-2.801,-0.180
2016-08-02@11:30:00,-3.011,-2.756,-0.254
2016-08-01@15:00:00,-3.039,-2.693,-0.346
2016-08-01@14:00:00,-2.960,-2.606,-0.354
2016-08-01@11:30:00,-2.887,-2.518,-0.369
2016-08-01@10:30:00,-2.669,-2.426,-0.244
2016-07-29@15:00:00,-2.375,-2.365,-0.010
2016-07-29@14:00:00,-2.401,-2.362,-0.039
2016-07-29@11:30:00,-2.511,-2.353,-0.159
2016-07-29@10:30:00,-2.687,-2.313,-0.374
2016-07-28@15:00:00,-2.679,-2.220,-0.460
2016-07-28@14:00:00,-2.782,-2.105,-0.677
2016-07-28@11:30:00,-2.654,-1.935,-0.719
2016-07-28@10:30:00,-2.334,-1.756,-0.579
2016-07-27@15:00:00,-2.115,-1.611,-0.504
2016-07-27@14:00:00,-1.834,-1.485,-0.349
2016-07-27@11:30:00,-1.596,-1.398,-0.198
2016-07-27@10:30:00,-1.314,-1.348,0.034
2016-07-26@15:00:00,-1.164,-1.356,0.193
2016-07-26@14:00:00,-1.272,-1.405,0.132
2016-07-26@11:30:00,-1.396,-1.438,0.041
2016-07-26@10:30:00,-1.554,-1.448,-0.106
2016-07-25@15:00:00,-1.819,-1.422,-0.397
2016-07-25@14:00:00,-1.955,-1.322,-0.633
2016-07-25@11:30:00,-1.793,-1.164,-0.629
2016-07-25@10:30:00,-1.653,-1.007,-0.647
2016-07-22@15:00:00,-1.607,-0.845,-0.761
2016-07-22@14:00:00,-1.499,-0.655,-0.844
2016-07-22@11:30:00,-1.365,-0.444,-0.921
2016-07-22@10:30:00,-0.968,-0.214,-0.755
2016-07-21@15:00:00,-0.717,-0.025,-0.692
2016-07-21@14:00:00,-0.454,0.148,-0.602
2016-07-21@11:30:00,-0.278,0.299,-0.577
2016-07-21@10:30:00,-0.104,0.443,-0.547
2016-07-20@15:00:00,0.065,0.580,-0.515
2016-07-20@14:00:00,0.229,0.708,-0.479
2016-07-20@11:30:00,0.318,0.828,-0.510
2016-07-20@10:30:00,0.366,0.956,-0.589
2016-07-19@15:00:00,0.489,1.103,-0.614
2016-07-19@14:00:00,0.465,1.257,-0.792
2016-07-19@11:30:00,0.720,1.455,-0.734
2016-07-19@10:30:00,1.130,1.638,-0.508
2016-07-18@15:00:00,1.626,1.765,-0.139
2016-07-18@14:00:00,1.863,1.800,0.063
2016-07-18@11:30:00,2.063,1.784,0.279
2016-07-18@10:30:00,2.094,1.715,0.379
2016-07-15@15:00:00,2.114,1.620,0.494
2016-07-15@14:00:00,2.213,1.496,0.716
2016-07-15@11:30:00,2.080,1.317,0.763
2016-07-15@10:30:00,1.837,1.127,0.710
2016-07-14@15:00:00,1.571,0.949,0.622
2016-07-14@14:00:00,1.284,0.794,0.490
2016-07-14@11:30:00,1.163,0.671,0.492
2016-07-14@10:30:00,0.948,0.548,0.399
2016-07-13@15:00:00,0.674,0.448,0.225
2016-07-13@14:00:00,0.606,0.392,0.214
2016-07-13@11:30:00,0.468,0.338,0.129
2016-07-13@10:30:00,0.029,0.306,-0.277
2016-07-12@15:00:00,-0.311,0.375,-0.686
2016-07-12@14:00:00,-0.545,0.547,-1.092
2016-07-12@11:30:00,-0.569,0.820,-1.389
2016-07-12@10:30:00,-0.489,1.167,-1.656
2016-07-11@15:00:00,-0.128,1.581,-1.709
2016-07-11@14:00:00,0.372,2.008,-1.636
2016-07-11@11:30:00,0.965,2.417,-1.452
2016-07-11@10:30:00,1.502,2.780,-1.278
2016-07-08@15:00:00,2.193,3.100,-0.907
2016-07-08@14:00:00,2.575,3.327,-0.752
2016-07-08@11:30:00,2.875,3.515,-0.640
2016-07-08@10:30:00,3.180,3.675,-0.494
2016-07-07@15:00:00,3.431,3.798,-0.367
2016-07-07@14:00:00,3.577,3.890,-0.313
2016-07-07@11:30:00,3.782,3.968,-0.186
2016-07-07@10:30:00,4.081,4.015,0.066
2016-07-06@15:00:00,4.294,3.998,0.296
2016-07-06@11:30:00,4.401,3.924,0.476
2016-07-06@10:30:00,4.441,3.805,0.635
2016-07-05@15:00:00,4.427,3.647,0.780
2016-07-05@14:00:00,4.188,3.451,0.737
2016-07-05@11:30:00,3.822,3.267,0.555
2016-07-05@10:30:00,3.467,3.129,0.339
2016-07-04@15:00:00,3.106,3.044,0.062
2016-07-04@14:00:00,3.044,3.029,0.016
2016-07-04@11:30:00,2.927,3.025,-0.098
2016-07-04@10:30:00,3.030,3.049,-0.019
2016-07-01@15:00:00,3.209,3.054,0.155
2016-07-01@14:00:00,3.202,3.015,0.187
2016-07-01@11:30:00,3.139,2.968,0.171
2016-07-01@10:30:00,3.181,2.925,0.255
2016-06-30@15:00:00,3.105,2.862,0.243
2016-06-30@14:00:00,3.297,2.801,0.496
2016-06-30@11:30:00,3.148,2.677,0.471
2016-06-30@10:30:00,3.264,2.559,0.706
2016-06-29@15:00:00,3.153,2.382,0.770
2016-06-29@14:00:00,2.940,2.190,0.750
2016-06-29@11:30:00,2.625,2.003,0.622
2016-06-29@10:30:00,2.185,1.847,0.338
2016-06-28@15:00:00,1.977,1.762,0.214
2016-06-28@14:00:00,1.949,1.709,0.240
2016-06-28@11:30:00,2.002,1.649,0.353
2016-06-28@10:30:00,1.905,1.560,0.344
2016-06-27@15:00:00,1.876,1.474,0.401
2016-06-27@14:00:00,1.752,1.374,0.378
2016-06-27@11:30:00,1.499,1.280,0.219
2016-06-27@10:30:00,1.240,1.225,0.015
2016-06-24@15:00:00,0.980,1.221,-0.241
2016-06-24@14:00:00,0.994,1.281,-0.287
2016-06-24@11:30:00,1.034,1.353,-0.319
2016-06-24@10:30:00,1.233,1.433,-0.200
2016-06-23@15:00:00,1.393,1.483,-0.090
2016-06-23@14:00:00,1.459,1.505,-0.046
2016-06-23@11:30:00,1.543,1.517,0.026
2016-06-23@10:30:00,1.780,1.510,0.269
2016-06-22@15:00:00,1.851,1.443,0.408
2016-06-22@14:00:00,1.891,1.341,0.550
2016-06-22@11:30:00,1.905,1.203,0.701
2016-06-22@10:30:00,1.976,1.028,0.948
2016-06-21@15:00:00,1.754,0.791,0.963
2016-06-21@14:00:00,1.584,0.550,1.034
2016-06-21@11:30:00,1.188,0.292,0.897
2016-06-21@10:30:00,0.831,0.068,0.763
2016-06-20@15:00:00,0.620,-0.123,0.743
2016-06-20@14:00:00,0.456,-0.309,0.764
2016-06-20@11:30:00,0.254,-0.500,0.754
2016-06-20@10:30:00,-0.044,-0.688,0.645
2016-06-17@15:00:00,-0.255,-0.850,0.594
2016-06-17@14:00:00,-0.529,-0.998,0.469
2016-06-17@11:30:00,-0.733,-1.115,0.382
2016-06-17@10:30:00,-0.873,-1.211,0.338
2016-06-16@15:00:00,-0.989,-1.295,0.307
2016-06-16@14:00:00,nan,nan,nan
2016-06-16@11:30:00,nan,nan,nan
2016-06-16@10:30:00,nan,nan,nan
2016-06-15@15:00:00,nan,nan,nan
2016-06-15@14:00:00,nan,nan,nan
2016-06-15@11:30:00,nan,nan,nan
2016-06-15@10:30:00,nan,nan,nan
2016-06-14@15:00:00,nan,nan,nan
2016-06-14@14:00:00,nan,nan,nan
2016-06-14@11:30:00,nan,nan,nan
2016-06-14@10:30:00,nan,nan,nan
2016-06-13@15:00:00,nan,nan,nan
2016-06-13@14:00:00,nan,nan,nan
2016-06-13@11:30:00,nan,nan,nan
2016-06-13@10:30:00,nan,nan,nan
2016-06-08@15:00:00,nan,nan,nan
2016-06-08@14:00:00,nan,nan,nan
2016-06-08@11:30:00,nan,nan,nan
2016-06-08@10:30:00,nan,nan,nan
2016-06-07@15:00:00,nan,nan,nan
2016-06-07@14:00:00,nan,nan,nan
2016-06-07@11:30:00,nan,nan,nan
2016-06-07@10:30:00,nan,nan,nan
2016-06-06@15:00:00,nan,nan,nan
2016-06-06@14:00:00,nan,nan,nan
2016-06-06@11:30:00,nan,nan,nan
2016-06-06@10:30:00,nan,nan,nan
2016-06-03@15:00:00,nan,nan,nan
2016-06-03@14:00:00,nan,nan,nan
2016-06-03@11:30:00,nan,nan,nan
2016-06-03@10:30:00,nan,nan,nan
2016-06-02@15:00:00,nan,nan,nan
2016-06-02@14:00:00,nan,nan,nan
