Not
2017-06-30,0.323,-0.546,0.869
2017-06-29,-0.135,-0.763,0.628
2017-06-28,-0.540,-0.920,0.380
2017-06-27,-0.938,-1.015,0.077
2017-06-26,-1.187,-1.034,-0.152
2017-06-23,-1.249,-0.996,-0.253
2017-06-22,-1.137,-0.933,-0.204
2017-06-21,-0.974,-0.882,-0.092
2017-06-20,-1.054,-0.859,-0.194
2017-06-19,-1.070,-0.810,-0.259
2017-06-16,-1.085,-0.746,-0.340
2017-06-15,-1.131,-0.661,-0.470
2017-06-14,-1.287,-0.543,-0.744
2017-06-13,-1.393,-0.357,-1.036
2017-06-12,-1.421,-0.098,-1.323
2017-06-09,-1.221,0.233,-1.454
2017-06-08,-1.217,0.596,-1.813
2017-06-07,-1.044,1.049,-2.093
2017-06-06,-0.875,1.573,-2.447
2017-06-05,-0.304,2.184,-2.489
2017-06-02,0.289,2.807,-2.518
2017-06-01,1.125,3.436,-2.311
2017-05-31,2.085,4.014,-1.929
2017-05-26,2.597,4.496,-1.899
2017-05-25,3.017,4.971,-1.954
2017-05-24,nan,nan,nan
2017-05-23,nan,nan,nan
2017-05-22,nan,nan,nan
2017-05-19,nan,nan,nan
2017-05-18,nan,nan,nan
2017-05-17,nan,nan,nan
2017-05-16,nan,nan,nan
2017-05-15,nan,nan,nan
2017-05-12,nan,nan,nan
2017-05-11,nan,nan,nan
2017-05-10,nan,nan,nan
2017-05-09,nan,nan,nan
2017-05-08,nan,nan,nan
2017-05-05,nan,nan,nan
2017-05-04,nan,nan,nan
2017-05-03,nan,nan,nan
2017-05-02,nan,nan,nan
2017-04-28,nan,nan,nan
2017-04-27,nan,nan,nan
2017-04-26,nan,nan,nan
2017-04-25,nan,nan,nan
2017-04-24,nan,nan,nan
2017-04-21,nan,nan,nan
2017-04-20,nan,nan,nan
2017-04-19,nan,nan,nan
2017-04-18,nan,nan,nan
2017-04-17,nan,nan,nan
2017-04-14,nan,nan,nan
2017-04-13,nan,nan,nan
2017-04-12,nan,nan,nan
2017-04-11,nan,nan,nan
2017-04-10,nan,nan,nan
2017-04-07,nan,nan,nan
