date,open,high,close,low,volume,price_change,p_change,ma5,ma10,ma20,v_ma5,v_ma10,v_ma20,turnover
2017-06-30,55.4,60.8,50.97,50.51,1960575.5,-4.43,-8.0,54.232,58.373,80.217,1136406.69,1043332.29,1311670.3,46.37
2017-05-31,52.25,58.29,55.4,50.75,890968.62,2.68,5.08,55.634,60.476,86.293,914833.51,1040515.43,1273953.15,21.07
2017-04-28,56.5,56.8,52.72,49.87,711539.0,-3.8,-6.72,55.368,62.071,95.768,938877.72,1145310.1,1262197.43,16.83
2017-03-31,55.5,61.11,56.52,55.43,1282867.75,0.97,1.75,58.14,64.789,101.592,1046113.3,1294844.15,1319623.18,30.34
2017-02-28,58.16,59.1,55.55,53.2,836082.56,-2.43,-4.19,60.168,67.167,103.66,942438.54,1292409.06,1355081.39,19.77
2017-01-26,54.2,58.0,57.98,49.02,852709.62,3.91,7.23,62.514,69.357,105.622,950257.89,1370353.33,1475736.27,20.17
2016-12-30,66.8,67.1,54.07,53.18,1011189.69,-12.51,-18.79,65.318,75.559,105.446,1166197.34,1494754.31,1433320.52,24.91
2016-11-30,67.1,70.48,66.58,65.22,1247716.88,-0.08,-0.12,68.774,80.082,108.15,1351742.48,1576175.9,1455537.93,30.73
2016-10-28,67.28,68.3,66.66,64.66,764493.94,-0.62,-0.92,71.438,83.024,110.459,1543575.0,1592220.84,1467083.55,18.83
2016-09-30,72.16,72.72,67.28,64.2,875179.31,-4.72,-6.56,74.166,92.658,113.036,1642379.59,1571236.86,1508412.35,21.56
2016-08-31,70.9,78.17,72.0,69.02,1932406.88,0.65,0.91,76.2,102.06,115.896,1790448.78,1580008.32,1547989.41,47.6
2016-07-29,78.98,79.91,71.35,69.11,1938915.38,-8.55,-10.7,85.8,112.11,118.822,1823311.28,1507390.88,1522361.58,47.76
2016-06-30,88.33,91.4,79.9,69.01,2206879.5,-0.4,-0.5,91.39,129.464,122.213,1800609.33,1379084.76,1492607.74,54.36
2016-02-23,76.0,88.6,80.3,71.3,1258516.88,2.85,3.68,94.61,138.394,125.468,1640866.68,1344402.2,1437663.76,31.0
2016-01-29,121.02,121.5,77.45,73.8,1615525.25,-42.55,-35.46,111.15,140.152,129.232,1500094.14,1417753.71,1452592.66,39.79
2015-12-31,99.8,139.4,120.0,95.0,2096719.38,20.7,20.85,127.92,141.888,133.939,1369567.86,1581119.21,1437780.61,174.73
2015-11-30,94.05,118.8,99.3,94.0,1825405.62,3.3,3.44,138.42,135.333,135.333,1191470.49,1371886.73,1371886.73,152.12
2015-10-30,89.65,106.0,96.0,88.0,1408166.25,-67.0,-41.1,167.538,139.337,139.337,957560.2,1321495.75,1321495.75,117.35
2015-09-22,157.8,170.84,163.0,136.78,554654.19,1.7,1.05,182.178,144.754,144.754,1047937.73,1310661.93,1310661.93,92.44
2015-08-31,173.0,215.0,161.3,133.0,962893.88,-11.2,-6.49,169.154,142.147,142.147,1335413.29,1418663.04,1418663.04,160.48
2015-07-31,219.68,248.5,172.5,144.18,1206232.5,-72.39,-29.56,155.856,138.955,138.955,1792670.56,1494624.57,1494624.57,201.04
2015-05-13,169.22,248.66,244.89,162.01,655854.19,75.69,44.73,132.246,132.246,132.246,1552302.98,1552302.98,1552302.98,109.31
2015-04-30,97.11,175.25,169.2,97.01,1860053.88,71.32,72.86,104.085,104.085,104.085,1776415.18,1776415.18,1776415.18,310.01
2015-03-31,94.0,105.23,97.88,86.18,1992032.0,3.07,3.24,82.38,82.38,82.38,1748535.61,1748535.61,1748535.61,332.01
2015-02-27,59.9,109.59,94.81,59.9,3249180.25,40.36,74.12,74.63,74.63,74.63,1626787.42,1626787.42,1626787.42,541.53
2015-01-30,27.94,54.45,54.45,27.94,4394.58,9.39,43.98,54.45,54.45,54.45,4394.58,4394.58,4394.58,0.73
