date,open,high,close,low,volume,price_change,p_change,ma5,ma10,ma20,v_ma5,v_ma10,v_ma20,turnover
2017-01-06 15:00:00,46.11,46.3,45.89,45.58,3627.0,-0.22,-0.48,46.234,46.704,47.258,1396.4,1845.21,1692.08,0.65
2017-01-06 14:30:00,46.38,46.56,46.11,46.1,689.0,-0.27,-0.58,46.386,46.93,47.349,965.2,1678.51,1563.53,0.12
2017-01-06 14:00:00,46.32,46.38,46.38,46.06,1141.0,0.06,0.13,46.436,47.15,47.4215,1252.6,1896.36,1601.18,0.21
2017-01-06 13:30:00,46.42,46.48,46.32,46.29,1106.0,-0.1,-0.22,46.532,47.297,47.4775,1652.2,1877.16,1596.68,0.2
2017-01-06 11:30:00,46.65,46.65,46.47,46.46,419.0,-0.18,-0.39,46.85,47.449,47.5275,2071.62,1862.86,1606.33,0.08
2017-01-06 11:00:00,46.35,46.66,46.65,46.28,1471.0,0.3,0.65,47.174,47.579,47.575,2294.02,1944.66,1649.68,0.26
2017-01-06 10:30:00,46.9,46.92,46.36,46.36,2126.0,-0.54,-1.15,47.474,47.671,47.62,2391.82,1971.96,1623.93,0.38
2017-01-06 10:00:00,47.66,47.66,46.86,46.01,3139.0,-0.8,-1.68,47.864,47.785,47.673,2540.13,1963.67,1602.93,0.57
2017-01-05 15:00:00,48.1,48.32,47.91,47.9,3203.11,-0.19,-0.4,48.062,47.853,47.69,2102.13,1816.37,1481.33,0.58
2017-01-05 14:30:00,48.15,48.27,48.09,48.03,1531.0,-0.06,-0.12,48.048,47.84,47.652,1654.11,1588.66,1349.98,0.28
2017-01-05 14:00:00,48.3,48.33,48.15,48.1,1960.0,-0.15,-0.31,47.984,47.812,47.603,1595.31,1538.96,1312.18,0.35
2017-01-05 13:30:00,47.88,48.35,48.31,47.72,2867.54,0.43,0.9,47.868,47.768,47.546,1552.11,1448.56,1283.08,0.52
2017-01-05 11:30:00,47.85,47.94,47.85,47.84,949.0,0.0,0.0,47.706,47.693,47.4695,1387.21,1306.0,1250.7,0.17
2017-01-05 11:00:00,47.78,47.88,47.84,47.72,963.0,0.06,0.13,47.644,47.658,47.4075,1530.61,1316.2,1277.55,0.17
2017-01-05 10:30:00,47.58,47.79,47.77,47.5,1237.0,0.19,0.4,47.632,47.606,47.356,1523.21,1349.8,1295.0,0.22
2017-01-05 10:00:00,47.55,47.67,47.57,47.35,1744.0,0.02,0.04,47.64,47.571,47.315,1482.61,1354.7,1281.4,0.31
2017-01-04 15:00:00,47.53,47.55,47.5,47.36,2043.03,-0.03,-0.06,47.668,47.569,47.2815,1345.01,1275.9,1229.95,0.37
2017-01-04 14:30:00,47.78,47.8,47.54,47.46,1666.0,-0.24,-0.5,47.68,47.561,47.251,1224.8,1242.2,1148.95,0.3
2017-01-04 14:00:00,47.81,47.81,47.78,47.66,926.0,-0.03,-0.06,47.672,47.527,47.218,1101.8,1146.3,1109.5,0.17
2017-01-04 13:30:00,47.7,48.05,47.81,47.7,1034.0,0.11,0.23,47.58,47.464,47.1865,1176.4,1111.3,1091.25,0.19
2017-01-04 11:30:00,47.58,47.75,47.71,47.56,1056.0,0.13,0.27,47.502,47.394,47.166,1226.8,1085.4,1119.76,0.19
2017-01-04 11:00:00,47.5,47.64,47.56,47.48,1442.0,0.06,0.13,47.47,47.324,47.1345,1206.8,1117.6,1155.16,0.26
2017-01-04 10:30:00,47.32,47.5,47.5,47.16,1051.0,0.18,0.38,47.442,47.246,47.1265,1259.6,1195.4,1123.46,0.19
2017-01-04 10:00:00,47.45,47.63,47.32,47.22,1299.0,-0.13,-0.27,47.382,47.157,47.119,1190.8,1238.9,1101.21,0.23
2017-01-03 15:00:00,47.5,47.56,47.42,47.4,1286.0,-0.08,-0.17,47.348,47.106,47.1145,1046.2,1240.2,1072.86,0.23
2017-01-03 14:30:00,47.42,47.62,47.55,47.31,956.0,0.13,0.27,47.286,47.059,47.124,944.0,1208.1,1043.01,0.17
2017-01-03 14:00:00,47.21,47.7,47.42,47.21,1706.0,0.21,0.44,47.178,46.994,47.1115,1028.4,1184.0,1031.41,0.31
2017-01-03 13:30:00,47.16,47.21,47.2,47.06,707.0,0.04,0.08,47.05,46.941,47.1005,1131.2,1055.7,997.41,0.13
2017-01-03 11:30:00,47.11,47.15,47.15,47.04,576.0,0.04,0.08,46.932,46.909,47.109,1287.0,1072.7,1005.11,0.1
2017-01-03 11:00:00,47.01,47.27,47.11,47.01,775.0,0.1,0.21,46.864,46.909,47.126,1434.2,1071.2,1035.61,0.14
2017-01-03 10:30:00,46.79,47.1,47.01,46.72,1378.0,0.22,0.47,46.832,46.938,47.1615,1472.2,1154.11,1032.31,0.25
2017-01-03 10:00:00,46.74,46.86,46.78,46.6,2220.0,0.04,0.09,46.81,46.945,47.2005,1339.6,1192.71,988.06,0.4
2016-12-30 15:00:00,46.81,46.81,46.61,46.52,1486.0,-0.2,-0.43,46.832,47.007,47.251,980.2,1051.51,895.51,0.67
2016-12-30 14:30:00,46.95,46.95,46.81,46.65,1312.01,-0.14,-0.3,46.886,47.081,47.3105,858.4,963.51,858.06,0.59
2016-12-30 14:00:00,46.9,47.13,46.95,46.9,965.0,0.05,0.11,46.954,47.123,47.368,708.2,905.51,819.31,0.43
2016-12-30 13:30:00,46.89,47.0,46.9,46.85,715.0,0.01,0.02,47.044,47.189,47.4205,836.02,877.91,801.26,0.32
2016-12-30 11:30:00,46.88,47.13,46.89,46.83,423.0,0.01,0.02,47.08,47.229,47.4755,1045.82,878.81,827.86,0.19
2016-12-30 11:00:00,47.14,47.15,46.88,46.82,877.0,-0.26,-0.55,47.182,47.26,47.531,1122.82,939.11,848.01,0.39
2016-12-30 10:30:00,47.4,47.49,47.15,47.01,561.0,-0.25,-0.53,47.276,47.309,47.581,1068.62,937.51,873.76,0.25
2016-12-30 10:00:00,46.95,47.58,47.4,46.8,1604.1,0.45,0.96,47.292,47.343,47.638,1102.82,1000.01,871.71,0.72
2016-12-29 15:00:00,47.4,47.4,47.08,47.0,1764.0,-0.32,-0.68,47.334,47.385,47.6865,919.8,910.5,819.4,0.79
2016-12-29 14:30:00,47.35,47.5,47.4,47.35,808.0,0.05,0.11,47.378,47.456,47.745,711.8,783.4,777.6,0.36
2016-12-29 14:00:00,47.23,47.47,47.35,47.23,606.0,0.12,0.25,47.338,47.495,47.789,755.4,739.5,767.55,0.27
2016-12-29 13:30:00,47.66,47.66,47.23,47.16,732.0,-0.43,-0.9,47.342,47.54,47.8445,806.4,752.6,805.35,0.33
2016-12-29 11:30:00,47.3,47.7,47.61,47.25,689.0,0.31,0.66,47.394,47.613,47.917,897.2,733.1,834.3,0.31
2016-12-29 11:00:00,47.2,47.3,47.3,47.06,724.0,0.1,0.21,47.436,47.652,47.9525,901.2,724.6,858.9,0.32
2016-12-29 10:30:00,47.37,47.4,47.2,47.08,1026.0,-0.17,-0.36,47.534,47.722,48.0165,855.0,776.9,875.6,0.46
2016-12-29 10:00:00,47.15,47.78,47.37,47.15,861.0,0.22,0.47,47.652,47.802,48.0645,723.6,756.9,871.9,0.39
2016-12-28 15:00:00,47.82,47.82,47.49,47.08,1186.0,-0.33,-0.69,47.738,47.853,48.105,698.8,810.0,870.95,0.53
2016-12-28 14:30:00,47.79,47.89,47.82,47.65,709.0,0.03,0.06,47.832,47.933,48.096,569.0,743.4,827.3,0.32
2016-12-28 14:00:00,47.79,47.85,47.79,47.7,493.0,0.0,0.0,47.868,47.988,48.07,548.0,728.3,823.4,0.22
2016-12-28 13:30:00,47.78,48.0,47.79,47.75,369.0,0.01,0.02,47.91,48.034,48.068,698.8,771.8,853.4,0.17
2016-12-28 11:30:00,48.0,48.0,47.8,47.76,737.0,-0.2,-0.42,47.952,48.083,48.017,790.2,795.61,1001.95,0.33
2016-12-28 11:00:00,48.05,48.07,47.96,47.94,537.0,-0.09,-0.19,47.968,48.149,48.021,921.2,858.11,1059.9,0.24
2016-12-28 10:30:00,47.99,48.07,48.0,47.81,604.0,0.01,0.02,48.034,48.221,48.026,917.8,935.51,1092.4,0.27
2016-12-28 10:00:00,47.99,48.36,48.0,47.65,1247.0,0.01,0.02,48.108,48.253,48.021,908.6,993.21,1139.6,0.56
2016-12-27 15:00:00,47.88,48.11,48.0,47.88,826.0,0.12,0.25,48.158,48.311,48.022,844.8,974.31,1181.05,0.37
2016-12-27 14:30:00,48.29,48.31,47.88,47.82,1392.0,-0.41,-0.85,48.214,48.327,48.037,801.01,986.91,1204.4,0.62
2016-12-27 14:00:00,48.37,48.39,48.29,48.22,520.0,-0.08,-0.17,48.33,48.357,48.078,795.01,931.91,1206.1,0.23
2016-12-27 13:30:00,48.25,48.44,48.37,48.25,558.0,0.12,0.25,48.408,48.259,48.1135,953.21,911.21,1282.6,0.25
2016-12-27 11:30:00,48.28,48.56,48.25,48.22,928.0,-0.03,-0.06,48.398,48.152,48.175,1077.81,918.51,1327.85,0.42
2016-12-27 11:00:00,48.46,48.46,48.28,48.26,607.07,-0.18,-0.37,48.464,48.102,48.2695,1103.81,935.01,1353.6,0.27
2016-12-27 10:30:00,48.68,48.71,48.46,48.25,1362.0,-0.22,-0.45,48.44,47.951,48.3555,1172.8,1208.3,1388.75,0.61
2016-12-27 10:00:00,48.3,48.86,48.68,48.3,1311.0,0.38,0.79,48.384,47.893,48.432,1068.8,1261.7,1371.15,0.59
2016-12-26 15:00:00,48.58,48.58,48.32,48.29,1181.0,-0.26,-0.54,48.11,47.831,48.4895,869.2,1249.3,1327.9,0.53
2016-12-26 14:30:00,48.16,48.61,48.58,48.08,1058.0,0.42,0.87,47.906,47.789,48.5705,759.2,1286.0,1355.14,0.47
2016-12-26 14:00:00,48.18,48.26,48.16,47.97,952.0,-0.02,-0.04,47.74,47.733,48.6415,766.2,1387.8,1354.44,0.43
2016-12-26 13:30:00,47.31,48.32,48.18,47.31,842.0,0.87,1.84,47.462,47.747,48.7265,1243.8,1421.9,1419.4,0.38
2016-12-26 11:30:00,47.3,47.42,47.31,47.17,313.0,0.01,0.02,47.402,47.799,48.83,1454.6,1480.3,1507.5,0.14
2016-12-26 11:00:00,47.75,47.75,47.3,47.06,631.0,-0.45,-0.94,47.552,47.968,49.0045,1629.4,1654.0,1570.29,0.28
2016-12-26 10:30:00,46.77,47.8,47.75,46.74,1093.0,0.98,2.1,47.672,48.198,49.1775,1812.8,1737.2,1603.69,0.49
2016-12-26 10:00:00,47.2,47.2,46.77,46.51,3340.01,-0.43,-0.91,47.726,48.437,49.3175,2009.4,1772.2,1604.69,1.5
2016-12-23 15:00:00,48.02,48.27,47.88,47.8,1896.0,-0.14,-0.29,48.032,48.76,49.539,1600.0,1569.2,1557.14,0.85
2016-12-23 14:30:00,48.0,48.36,48.06,47.89,1187.0,0.06,0.13,48.196,48.971,49.6665,1506.0,1480.6,1500.19,0.53
2016-12-23 14:00:00,48.08,48.24,47.9,47.83,1548.0,-0.18,-0.37,48.384,49.148,49.7925,1678.6,1406.5,1579.77,0.69
2016-12-23 13:30:00,48.33,48.38,48.02,47.8,2076.0,-0.31,-0.64,48.724,49.352,49.9365,1661.6,1424.28,1711.92,0.93
2016-12-23 11:30:00,48.7,48.99,48.3,48.21,1293.0,-0.4,-0.82,49.148,49.55,50.028,1535.0,1321.08,1738.08,0.58
2016-12-23 11:00:00,49.0,49.2,48.7,48.56,1426.0,-0.3,-0.61,49.488,49.706,50.074,1538.4,1416.9,1775.63,0.64
2016-12-23 10:30:00,49.61,49.61,49.0,48.88,2050.0,-0.61,-1.23,49.746,49.861,50.083,1455.2,1534.7,1750.08,0.92
2016-12-23 10:00:00,50.14,50.15,49.6,49.5,1463.0,-0.54,-1.08,49.912,50.041,50.0785,1134.4,1486.58,1692.53,0.66
2016-12-22 15:00:00,50.1,50.19,50.14,49.91,1443.0,0.04,0.08,49.98,50.157,50.0465,1186.96,1470.18,1653.28,0.65
2016-12-22 14:30:00,49.99,50.0,50.0,49.65,1310.0,0.01,0.02,49.952,50.198,50.0005,1107.16,1437.18,1659.58,0.59
2016-12-22 14:00:00,49.83,50.0,49.99,49.7,1010.0,0.16,0.32,49.924,50.318,49.948,1295.4,1545.08,1660.68,0.45
2016-12-22 13:30:00,49.81,49.96,49.83,49.81,446.0,0.02,0.04,49.976,50.362,49.9045,1614.2,1519.78,1714.44,0.2
2016-12-22 11:30:00,49.88,50.0,49.94,49.5,1725.8,0.06,0.12,50.17,50.437,49.847,1838.75,1753.03,1803.03,0.77
2016-12-22 11:00:00,49.86,50.14,50.0,49.84,1044.0,0.14,0.28,50.334,50.521,49.765,1753.39,1999.55,1775.89,0.47
2016-12-22 10:30:00,50.21,50.25,49.86,49.83,2251.22,-0.35,-0.7,50.444,50.506,49.6925,1767.19,2155.07,1785.4,1.01
2016-12-22 10:00:00,50.55,50.77,50.25,50.08,2604.0,-0.3,-0.59,50.712,50.442,49.6195,1794.76,2134.36,1718.32,1.17
2016-12-21 15:00:00,50.76,50.9,50.8,50.69,1568.73,0.04,0.08,50.748,50.305,49.542,1425.36,1965.46,1614.29,0.7
2016-12-21 14:30:00,50.55,50.83,50.76,50.51,1299.0,0.21,0.42,50.704,50.116,49.4345,1667.31,1898.48,1556.4,0.58
2016-12-21 14:00:00,51.2,51.2,50.55,50.55,1113.0,-0.65,-1.27,50.708,49.936,49.3165,2245.71,1836.38,1543.94,0.5
2016-12-21 13:30:00,50.39,51.56,51.2,50.36,2389.09,0.81,1.61,50.568,49.803,49.2145,2542.95,1881.98,1129.56,1.07
2016-12-21 11:30:00,50.62,50.67,50.43,50.35,757.0,-0.19,-0.38,50.172,49.578,49.104,2473.95,1776.28,1512.34,0.34
2016-12-21 11:00:00,50.78,51.2,50.58,50.5,2778.48,-0.2,-0.39,49.862,49.447,49.032,2505.55,1909.1,1556.87,1.25
2016-12-21 10:30:00,49.88,50.85,50.78,49.88,4191.0,0.9,1.8,49.528,49.257,48.954,2129.65,1853.03,1487.0,1.88
2016-12-21 10:00:00,49.2,49.85,49.85,49.2,2599.19,0.65,1.32,49.164,49.009,48.854,1427.05,1552.23,1321.7,1.17
2016-12-20 15:00:00,48.86,49.24,49.22,48.84,2044.08,0.36,0.74,49.038,48.879,48.799,1221.02,1415.72,1241.44,0.92
2016-12-20 14:30:00,48.97,49.06,48.88,48.82,915.0,-0.09,-0.18,48.984,48.797,48.784,1078.6,1302.28,1169.03,0.41
2016-12-20 14:00:00,49.04,49.07,48.91,48.8,899.0,-0.13,-0.27,49.032,48.779,48.791,1312.64,1263.11,1184.73,0.4
2016-12-20 13:30:00,49.22,49.26,48.96,48.96,678.0,-0.26,-0.53,48.986,48.753,48.7985,1576.4,1214.31,1191.89,0.3
2016-12-20 11:30:00,48.95,49.3,49.22,48.95,1569.0,0.27,0.55,48.854,48.697,48.7905,1677.4,1251.49,1262.34,0.7
2016-12-20 11:00:00,49.12,49.13,48.95,48.8,1332.01,-0.17,-0.35,48.72,48.626,48.7795,1610.43,377.13,1242.89,0.6
2016-12-20 10:30:00,48.65,49.2,49.12,48.56,2085.19,0.47,0.97,48.61,48.63,48.777,1525.95,1248.4,1234.34,0.94
2016-12-20 10:00:00,48.27,48.75,48.68,48.24,2217.8,0.41,0.85,48.526,48.617,48.7755,1213.59,1204.65,1181.88,0.99
2016-12-19 15:00:00,48.55,48.55,48.3,48.24,1183.0,-0.25,-0.51,48.52,48.651,48.7995,852.23,1120.97,1115.89,0.53
2016-12-19 14:30:00,48.4,48.61,48.55,48.0,1234.13,0.15,0.31,48.54,48.699,48.8635,825.57,1091.17,1132.49,0.55
2016-12-19 14:00:00,48.7,48.7,48.4,48.32,909.62,-0.3,-0.62,48.532,48.719,48.911,-856.16,1067.15,1247.62,0.41
2016-12-19 13:30:00,48.65,48.72,48.7,48.59,523.39,0.05,0.1,48.65,48.771,48.9485,970.85,1035.79,1320.94,0.23
2016-12-19 11:30:00,48.4,48.65,48.65,48.4,411.0,0.25,0.52,48.708,48.803,48.9475,1195.71,1106.35,1426.12,0.18
2016-12-19 11:00:00,48.51,48.6,48.4,48.35,1049.73,-0.11,-0.23,48.782,48.844,48.9415,1389.71,1169.47,1538.37,0.47
2016-12-19 10:30:00,48.99,48.99,48.51,48.33,-7174.55,-0.48,-0.98,48.858,48.884,48.9795,1356.76,1273.18,1632.64,-3.22
2016-12-19 10:00:00,48.99,48.99,48.99,48.99,10044.7,0.0,0.0,48.906,48.933,48.994,2990.47,2108.64,2078.56,4.5
2016-12-16 15:00:00,49.02,49.02,48.99,48.82,1647.65,-0.03,-0.06,48.892,48.924,49.0145,1100.73,1220.27,1674.32,0.74
2016-12-16 14:30:00,48.78,49.02,49.02,48.65,1381.0,0.24,0.49,48.898,48.934,48.985,1017.0,1159.1,1636.73,0.62
2016-12-16 14:00:00,48.75,48.93,48.78,48.72,885.0,0.03,0.06,48.906,48.948,48.914,949.24,1110.8,1617.53,0.4
2016-12-16 13:30:00,48.92,49.02,48.75,48.74,994.0,-0.17,-0.35,48.91,49.028,48.857,1189.61,1173.8,1735.08,0.45
2016-12-16 11:30:00,49.02,49.02,48.92,48.76,596.0,-0.1,-0.2,48.96,49.103,48.841,1226.81,1428.09,1782.63,0.27
2016-12-16 11:00:00,49.06,49.11,49.02,48.91,1229.0,-0.04,-0.08,48.956,49.126,48.824,1339.81,1606.09,1837.33,0.55
2016-12-16 10:30:00,48.8,49.18,49.06,48.8,1042.2,0.26,0.53,48.97,49.092,48.792,1301.21,1745.89,1864.48,0.47
2016-12-16 10:00:00,49.0,49.25,48.8,48.58,2086.85,-0.2,-0.41,48.99,49.039,48.7595,1272.37,1907.27,1889.17,0.94
2016-12-15 15:00:00,48.9,49.03,49.0,48.83,1180.0,0.1,0.2,49.146,49.075,48.748,1158.0,1992.09,1863.33,0.53
2016-12-15 14:30:00,49.09,49.11,48.9,48.7,1161.0,-0.19,-0.39,49.246,49.055,48.6905,1629.37,2048.49,1841.78,0.52
2016-12-15 14:00:00,49.16,49.16,49.09,48.73,1036.0,-0.07,-0.14,49.296,49.105,48.633,1872.37,2128.36,1885.08,0.46
2016-12-15 13:30:00,49.58,49.58,49.16,49.04,898.0,-0.42,-0.85,49.214,49.036,48.569,2190.57,2114.36,1898.78,0.4
2016-12-15 11:30:00,49.49,49.75,49.58,49.31,1515.0,0.09,0.18,49.088,48.88,48.4915,2542.17,2124.26,2068.12,0.68
2016-12-15 11:00:00,49.15,49.5,49.5,49.03,3536.85,0.35,0.71,49.004,48.686,48.4125,2826.17,2296.36,2192.02,1.59
2016-12-15 10:30:00,48.68,49.27,49.15,48.68,2376.0,0.47,0.97,48.864,48.579,48.3735,2467.6,2137.17,2151.07,1.07
2016-12-15 10:00:00,48.49,49.19,48.68,48.04,2627.01,0.19,0.39,48.914,48.522,48.381,2384.36,2068.57,2139.27,1.18
2016-12-14 15:00:00,49.16,49.28,48.53,48.5,2656.0,-0.63,-1.28,48.858,48.492,48.45,2038.14,1983.07,2140.27,1.19
2016-12-14 14:30:00,48.75,49.22,49.16,48.6,2935.0,0.41,0.84,48.672,48.48,48.5485,1706.34,1871.07,2113.68,1.32
2016-12-14 14:00:00,49.4,49.4,48.8,48.69,1744.0,-0.6,-1.21,48.368,48.421,48.6555,1766.54,1734.57,2043.07,0.78
2016-12-14 13:30:00,48.48,49.4,49.4,48.24,1959.77,0.92,1.9,48.294,48.326,48.79,1806.74,1635.08,2105.22,0.88
2016-12-14 11:30:00,47.6,48.4,48.4,47.53,895.92,0.8,1.68,48.13,48.161,48.915,1752.78,1641.8,2168.69,0.4
2016-12-14 11:00:00,47.64,47.94,47.6,47.3,997.0,-0.04,-0.08,48.126,48.102,49.1615,1928.0,1683.21,2272.69,0.45
2016-12-14 10:30:00,48.43,48.43,47.64,47.02,3236.0,-0.79,-1.63,48.288,48.103,49.4365,2035.8,2011.99,2304.34,1.45
2016-12-14 10:00:00,48.4,48.79,48.43,48.2,1945.0,0.03,0.06,48.474,48.139,49.732,1702.6,2087.68,2175.99,0.87
2016-12-13 15:00:00,48.38,48.75,48.58,48.38,1690.0,0.2,0.41,48.358,48.168,50.0005,1463.43,2164.98,2107.69,0.76
2016-12-13 14:30:00,48.41,48.85,48.38,48.3,1772.0,-0.03,-0.06,48.192,48.24,50.263,1530.82,2209.98,2118.83,0.79
2016-12-13 14:00:00,48.57,48.88,48.41,48.36,1536.0,-0.16,-0.33,48.078,48.408,50.522,1438.42,2297.48,2087.53,0.69
2016-12-13 13:30:00,47.89,48.6,48.57,47.88,1570.0,0.68,1.42,47.918,48.617,50.7725,1988.17,2356.28,2091.98,0.7
2016-12-13 11:30:00,47.75,47.88,47.85,47.5,749.13,0.1,0.21,47.804,48.89,51.029,2472.76,2351.58,2131.63,0.34
2016-12-13 11:00:00,47.81,47.81,47.75,47.48,2026.97,-0.06,-0.13,47.978,49.254,51.373,2866.53,2575.37,2234.2,0.91
2016-12-13 10:30:00,47.6,47.96,47.81,47.41,1310.0,0.21,0.44,48.288,49.669,51.751,2889.14,2695.57,2182.3,0.59
2016-12-13 10:00:00,47.7,48.27,47.61,46.61,4284.77,-0.09,-0.19,48.738,50.221,52.123,3156.54,2862.18,2140.7,1.92
2016-12-12 15:00:00,48.72,48.72,48.0,48.0,3992.92,-0.72,-1.48,49.316,50.77,52.5005,2724.39,2596.7,1944.76,1.79
2016-12-12 14:30:00,49.3,49.3,48.72,48.7,2718.0,-0.58,-1.18,49.976,51.325,52.87,2230.4,2264.31,1832.96,1.22
2016-12-12 14:00:00,50.05,50.05,49.3,49.25,2140.0,-0.75,-1.5,50.53,51.833,53.1945,2284.2,2050.41,1760.51,0.96
2016-12-12 13:30:00,50.38,50.46,50.06,49.07,2647.0,-0.32,-0.64,51.05,52.286,53.51,2502.0,2027.68,1760.57,1.19
2016-12-12 11:30:00,51.3,51.3,50.5,50.5,2124.03,-0.8,-1.56,51.704,52.636,53.8145,2567.82,1877.58,1750.09,0.95
2016-12-12 11:00:00,51.49,51.49,51.3,50.87,1522.97,-0.19,-0.37,52.224,52.928,54.0915,2469.01,1827.68,1732.71,0.68
2016-12-12 10:30:00,51.9,51.9,51.49,50.89,2987.0,-0.41,-0.79,52.674,53.168,54.3195,2298.22,1911.68,1702.62,1.34
2016-12-12 10:00:00,53.1,53.28,51.9,51.9,3229.0,-1.2,-2.26,53.136,53.492,54.544,1816.62,1893.03,1627.12,1.45
2016-12-09 15:00:00,53.1,53.33,53.33,52.88,2976.1,0.23,0.43,53.522,53.833,54.751,1553.37,1669.03,1564.1,1.33
2016-12-09 14:30:00,53.55,53.56,53.1,53.1,1630.0,-0.45,-0.84,53.568,54.025,54.8525,1187.35,1419.22,1476.8,0.73
2016-12-09 14:00:00,53.8,53.86,53.55,53.51,669.0,-0.25,-0.46,53.632,54.231,54.9715,1186.35,1292.82,1426.25,0.3
2016-12-09 13:30:00,53.83,53.84,53.8,53.52,579.0,-0.03,-0.06,53.662,54.415,55.052,1525.15,1401.62,1444.95,0.26
2016-12-09 11:30:00,53.56,53.83,53.83,53.15,1912.74,0.27,0.5,53.848,54.556,55.1275,1969.44,1470.62,1508.5,0.86
2016-12-09 11:00:00,53.43,53.83,53.56,53.31,1146.0,0.13,0.24,54.144,54.734,55.2155,1784.69,1493.45,1519.64,0.51
2016-12-09 10:30:00,53.7,54.12,53.42,53.42,1625.0,-0.28,-0.52,54.482,54.993,55.2975,1651.09,1622.6,1510.25,0.73
2016-12-09 10:00:00,54.13,54.52,53.7,53.33,2363.0,-0.43,-0.79,54.83,55.255,55.3905,1399.29,1637.75,1477.85,1.06
2016-12-08 15:00:00,55.39,55.39,54.73,54.61,2800.45,-0.66,-1.19,55.168,55.471,55.472,1278.09,1493.55,1417.0,1.26
2016-12-08 14:30:00,55.25,55.32,55.31,55.1,989.0,0.06,0.11,55.264,55.596,55.503,971.8,1361.2,1307.83,0.44
2016-12-08 14:00:00,55.16,55.54,55.25,55.1,478.0,0.09,0.16,55.324,55.669,55.4995,1202.21,1459.18,1295.11,0.21
2016-12-08 13:30:00,55.39,55.4,55.16,55.1,366.0,-0.23,-0.42,55.504,55.68,55.5065,1594.11,1534.38,1348.96,0.16
2016-12-08 11:30:00,55.22,55.45,55.39,55.03,1757.0,0.17,0.31,55.68,55.712,55.517,1876.21,1559.68,1449.11,0.79
2016-12-08 11:00:00,55.61,55.66,55.21,55.2,1269.0,-0.4,-0.72,55.774,55.689,55.4945,1709.01,1488.28,1545.62,0.57
2016-12-08 10:30:00,56.15,56.16,55.61,55.51,2141.03,-0.54,-0.96,55.928,55.699,55.479,1750.61,1546.38,1652.22,0.96
2016-12-08 10:00:00,56.41,56.41,56.15,56.0,2437.52,-0.26,-0.46,56.014,55.697,55.4585,1716.15,1545.84,1700.47,1.09
2016-12-07 15:00:00,55.87,56.09,56.04,55.82,1776.48,0.17,0.3,55.856,55.602,55.4715,1474.64,1397.9,1601.85,0.8
2016-12-07 14:30:00,55.98,56.06,55.86,55.86,921.0,-0.12,-0.21,55.744,55.526,55.4845,1243.15,1317.95,1547.82,0.41
2016-12-07 14:00:00,56.04,56.1,55.98,55.77,1477.0,-0.06,-0.11,55.604,55.473,55.5015,1267.55,1340.45,1541.27,0.66
2016-12-07 13:30:00,55.37,56.1,56.04,55.37,1968.74,0.67,1.21,55.47,55.41,55.5335,1342.15,1254.45,1583.08,0.88
2016-12-07 11:30:00,55.48,55.49,55.36,55.2,1230.0,-0.12,-0.22,55.38,55.33,55.5405,1375.53,1131.05,1677.28,0.55
2016-12-07 11:00:00,55.19,55.48,55.48,55.17,619.0,0.29,0.53,55.348,55.333,55.5925,1321.15,1163.55,1725.62,0.28
2016-12-07 10:30:00,55.31,55.38,55.16,55.03,1043.0,-0.15,-0.27,55.308,55.322,55.6515,1392.75,1338.55,1802.08,0.47
2016-12-07 10:00:00,55.42,55.49,55.31,55.0,1850.0,-0.11,-0.2,55.342,55.3,55.7365,1413.35,1602.97,1856.18,0.83
2016-12-06 15:00:00,55.2,55.59,55.59,55.15,2135.65,0.39,0.71,55.35,55.259,55.8085,1166.75,1758.07,1879.19,0.96
2016-12-06 14:30:00,55.28,55.31,55.2,55.1,958.1,-0.08,-0.14,55.28,55.22,55.8685,886.56,1855.1,1954.65,0.43
2016-12-06 14:00:00,55.33,55.39,55.28,55.13,977.0,-0.05,-0.09,55.318,55.341,55.9545,1005.94,1805.79,2082.43,0.44
2016-12-06 13:30:00,55.35,55.4,55.33,55.29,1146.0,-0.02,-0.04,55.336,55.443,56.0595,1284.34,1777.69,2244.98,0.51
2016-12-06 11:30:00,55.24,55.38,55.35,55.06,617.0,0.11,0.2,55.258,55.53,56.187,1792.59,1742.09,2345.98,0.28
2016-12-06 11:00:00,55.39,55.39,55.24,55.12,734.71,-0.15,-0.27,55.168,55.657,56.347,2349.39,1911.7,2426.83,0.33
2016-12-06 10:30:00,55.38,55.39,55.39,55.07,1555.0,0.01,0.02,55.16,55.751,56.531,2823.65,2223.5,2481.84,0.7
2016-12-06 10:00:00,55.3,55.7,55.37,55.02,2369.0,0.07,0.13,55.364,55.852,56.7115,2605.65,2287.7,2468.49,1.06
2016-12-05 15:00:00,54.9,55.2,54.94,54.61,3687.23,0.04,0.07,55.55,55.981,56.886,2271.05,2265.6,2407.38,1.65
2016-12-05 14:30:00,55.2,55.4,54.9,54.61,3401.0,-0.3,-0.54,55.802,56.173,57.099,1691.6,2109.38,2272.18,1.53
2016-12-05 14:00:00,56.41,56.46,55.2,55.11,3106.0,-1.21,-2.15,56.146,56.358,57.304,1474.02,2000.3,2176.32,1.39
2016-12-05 13:30:00,56.3,56.48,56.41,56.3,465.0,0.11,0.2,56.342,56.517,57.496,1623.36,2054.2,2158.57,0.21
2016-12-05 11:30:00,56.2,56.47,56.3,56.18,696.0,0.1,0.18,56.34,56.568,57.635,1969.76,2359.06,2590.27,0.31
2016-12-05 11:00:00,56.62,56.75,56.2,56.2,790.0,-0.42,-0.74,56.412,56.676,57.769,2260.16,2712.26,2686.52,0.35
2016-12-05 10:30:00,56.18,57.18,56.62,56.18,2313.1,0.44,0.78,56.544,56.844,57.9165,2527.16,2949.86,2747.37,1.04
2016-12-05 10:00:00,56.0,56.38,56.18,55.08,3852.71,0.18,0.32,56.57,57.037,58.043,2526.59,2941.95,2742.56,1.73
2016-12-02 15:00:00,56.66,57.0,56.4,56.4,2197.0,-0.26,-0.46,56.692,57.311,58.198,2485.05,2740.18,2736.83,0.99
2016-12-02 14:30:00,56.86,57.16,56.66,56.6,2148.0,-0.2,-0.35,56.796,57.571,58.3155,2748.36,2649.28,2784.93,0.96
2016-12-02 14:00:00,56.75,56.87,56.86,56.51,2125.0,0.11,0.19,56.94,57.791,58.363,3164.36,2549.16,2744.33,0.95
2016-12-02 13:30:00,56.67,56.99,56.75,56.45,2310.23,0.08,0.14,57.144,58.025,58.395,3372.56,2434.98,2745.22,1.04
2016-12-02 11:30:00,56.92,56.99,56.79,56.4,3645.0,-0.13,-0.23,57.504,58.25,58.4165,3357.31,2352.34,2932.91,1.63
2016-12-02 11:00:00,57.38,57.38,56.92,56.79,3513.56,-0.46,-0.8,57.93,58.475,58.302,2995.31,2262.94,3115.91,1.58
2016-12-02 10:30:00,58.0,58.29,57.38,57.02,4228.0,-0.62,-1.07,58.346,58.702,58.156,2550.2,2821.48,3659.75,1.9
2016-12-02 10:00:00,58.98,58.98,57.88,57.75,3166.0,-1.1,-1.87,58.642,58.862,57.9795,1933.95,2660.78,3806.1,1.42
2016-12-01 15:00:00,58.92,59.0,58.55,58.41,2234.0,-0.37,-0.63,58.906,58.989,57.7765,1497.4,2544.88,3835.35,1.0
2016-12-01 14:30:00,59.1,59.16,58.92,58.38,1835.0,-0.18,-0.3,58.996,59.049,57.549,1347.36,2543.18,4270.6,0.82
2016-12-01 14:00:00,58.86,59.1,59.0,58.7,1288.0,0.14,0.24,59.02,59.085,57.27,1530.56,2733.48,4483.41,0.58
2016-12-01 13:30:00,59.2,59.2,58.86,58.68,1146.77,-0.34,-0.57,59.058,59.06,56.9885,3092.76,2920.58,4938.23,0.51
2016-12-01 11:30:00,59.0,59.3,59.2,58.95,983.23,0.2,0.34,59.082,58.935,56.7345,3387.6,2939.5,5787.67,0.44
2016-12-01 11:00:00,59.04,59.26,59.0,58.68,1483.79,-0.04,-0.07,59.072,58.765,56.4145,3592.36,3055.47,6071.37,0.67
2016-12-01 10:30:00,59.19,59.26,59.04,58.55,2751.0,-0.15,-0.25,59.102,58.583,56.081,3739.0,3513.49,6355.28,1.23
2016-12-01 10:00:00,59.85,60.78,59.19,59.0,9099.0,-0.66,-1.1,59.15,58.129,55.769,3936.4,3968.89,6624.36,4.08
2016-11-30 15:00:00,59.15,59.32,58.98,58.77,2621.0,-0.17,-0.29,59.062,57.61,55.3755,2748.4,4498.02,6335.68,1.18
2016-11-30 14:30:00,59.16,59.22,59.15,58.93,2007.0,-0.01,-0.02,58.788,57.097,54.996,2491.4,4951.42,6400.43,0.9
2016-11-30 14:00:00,59.28,59.33,59.15,58.75,2217.0,-0.13,-0.22,58.458,56.564,54.6155,2518.58,5125.82,6720.9,0.99
2016-11-30 13:30:00,58.7,59.43,59.28,58.6,3738.0,0.58,0.99,58.064,56.049,54.185,3287.98,5998.02,6836.57,1.68
2016-11-30 11:30:00,57.61,58.96,58.75,57.61,3159.0,1.14,1.98,57.108,55.455,53.7265,4001.39,6233.34,6783.49,1.42
2016-11-30 11:00:00,57.5,57.75,57.61,57.38,1336.0,0.11,0.19,56.158,54.917,53.287,6247.65,6955.89,6677.64,0.6
2016-11-30 10:30:00,57.18,57.68,57.5,57.18,2142.92,0.32,0.56,55.406,54.534,52.9075,7411.44,8635.83,6670.65,0.96
2016-11-30 10:00:00,57.77,58.01,57.18,56.78,6064.0,-0.59,-1.02,54.67,54.064,52.529,7733.06,9087.28,6598.8,2.72
2016-10-13 15:00:00,54.0,54.7,54.5,53.59,7305.01,0.5,0.93,54.034,53.579,52.169,8708.06,9197.08,6340.16,3.28
2016-10-13 14:30:00,53.87,55.55,54.0,53.6,14390.3,0.13,0.24,53.802,53.409,51.938,8465.3,9279.82,6066.96,6.45
2016-10-13 14:00:00,53.82,53.85,53.85,53.22,7154.97,0.03,0.06,53.676,53.141,51.739,7664.13,8173.33,5436.64,3.21
2016-10-13 13:30:00,54.0,54.0,53.82,53.36,3751.0,-0.18,-0.33,53.662,52.895,51.5515,9860.22,7849.43,5205.99,1.68
2016-10-13 11:30:00,53.36,54.9,54.0,53.36,10939.0,0.64,1.2,53.458,52.667,51.361,10441.5,8315.97,5110.84,4.91
2016-10-13 11:00:00,53.3,53.35,53.34,52.54,6091.19,0.04,0.08,53.124,52.321,51.156,9686.1,7675.12,4659.29,2.73
2016-10-13 10:30:00,53.79,53.92,53.37,52.93,10384.5,-0.42,-0.78,53.016,51.998,50.9875,10094.4,7333.64,4611.65,4.66
2016-10-13 10:00:00,53.55,54.78,53.78,52.6,18135.4,0.23,0.43,52.606,51.657,50.8055,8682.53,6399.39,4159.47,8.13
2016-10-12 14:30:00,52.35,52.88,52.8,52.02,6657.41,0.45,0.86,52.128,51.281,50.613,5838.65,4705.47,3415.04,2.99
2016-10-12 14:00:00,52.8,52.88,52.33,52.3,7162.0,-0.47,-0.89,51.876,50.994,50.455,6190.44,4110.33,3164.56,3.21
2016-10-12 13:30:00,51.32,53.15,52.8,51.32,8132.45,1.48,2.88,51.518,50.759,50.3125,5664.13,3483.24,2891.27,3.65
2016-10-12 11:30:00,51.38,51.42,51.32,51.13,3325.4,-0.06,-0.12,50.98,50.467,50.1355,4572.92,2854.09,2548.84,1.49
2016-10-12 11:00:00,51.54,51.59,51.39,51.21,3915.99,-0.15,-0.29,50.708,50.337,50.014,4116.24,2699.95,2440.87,1.76
2016-10-12 10:30:00,50.56,52.1,51.54,50.49,8416.36,0.98,1.94,50.434,50.208,49.9035,3572.29,2562.55,2275.27,3.77
2016-10-12 10:00:00,49.96,50.59,50.54,49.57,4530.46,0.58,1.16,50.112,50.055,49.7815,2030.22,1905.72,1875.56,2.03
2016-10-11 15:00:00,49.96,50.16,50.11,49.95,2676.4,0.15,0.3,50.0,49.991,49.723,1302.34,1643.47,1670.43,1.2
2016-10-11 14:30:00,50.04,50.12,49.96,49.93,1042.0,-0.08,-0.16,49.954,49.977,49.678,1135.26,1889.66,1556.61,0.47
2016-10-11 14:00:00,49.93,50.03,50.02,49.88,1196.25,0.09,0.18,49.966,49.954,49.6425,1283.66,1919.56,1536.86,0.54
2016-10-11 13:30:00,49.98,50.0,49.93,49.87,706.0,-0.05,-0.1,49.982,49.945,49.614,1552.81,2124.6,1518.15,0.32
2016-10-11 11:30:00,49.88,50.11,49.98,49.88,891.06,0.1,0.2,49.998,49.916,49.5915,1781.21,2218.8,1579.9,0.4
2016-10-11 11:00:00,50.02,50.04,49.88,49.8,1841.01,-0.14,-0.28,49.982,49.866,49.5535,1984.6,2299.29,1641.29,0.83
2016-10-11 10:30:00,50.09,50.21,50.02,50.02,1784.0,-0.07,-0.14,50.0,49.804,49.535,2644.05,2243.59,1627.24,0.8
2016-10-11 10:00:00,50.03,50.2,50.1,49.91,2542.0,0.07,0.14,49.942,49.691,49.511,2555.45,2181.79,1625.79,1.14
2016-10-10 15:00:00,49.9,50.02,50.01,49.83,1848.0,0.11,0.22,49.908,49.599,49.4825,2696.38,1987.99,1599.79,0.83
2016-10-10 14:30:00,49.97,49.99,49.9,49.77,1908.0,-0.07,-0.14,49.834,49.508,49.4555,2656.38,1845.39,1569.87,0.86
2016-10-10 14:00:00,49.74,50.09,49.97,49.67,5138.25,0.23,0.46,49.75,49.455,49.448,2613.99,1697.39,1648.36,2.3
2016-10-10 13:30:00,49.93,49.95,49.73,49.71,1341.0,-0.2,-0.4,49.608,49.379,49.4135,1843.14,1223.57,1457.75,0.6
2016-10-10 11:30:00,49.64,49.93,49.93,49.55,3246.67,0.29,0.58,49.44,49.331,49.38,1808.14,1154.17,1472.45,1.46
2016-10-10 11:00:00,49.48,49.64,49.64,49.47,1648.0,0.16,0.32,49.29,49.283,49.337,1279.6,911.7,1447.87,0.74
2016-10-10 10:30:00,49.26,49.66,49.48,49.26,1696.01,0.22,0.45,49.182,49.267,49.311,1034.4,941.0,1512.53,0.76
2016-10-10 10:00:00,49.0,49.51,49.26,49.0,1284.0,0.26,0.53,49.16,49.241,49.2805,780.8,983.29,1513.22,0.58
2016-09-30 15:00:00,49.18,49.2,48.89,48.88,1166.0,-0.29,-0.59,49.15,49.266,49.25,604.0,1010.89,1467.62,0.52
2016-09-30 14:30:00,49.1,49.24,49.18,49.01,604.0,0.08,0.16,49.222,49.331,49.2405,500.2,1069.79,1466.15,0.27
2016-09-30 14:00:00,49.37,49.37,49.1,49.06,422.0,-0.27,-0.55,49.276,49.366,49.2085,543.8,1211.59,1493.0,0.19
2016-09-30 13:30:00,49.21,49.5,49.37,49.16,428.0,0.16,0.33,49.352,49.403,49.1895,847.6,1294.34,1558.1,0.19
2016-09-30 11:30:00,49.25,49.32,49.21,49.2,400.0,-0.04,-0.08,49.322,49.441,49.14,1185.79,1599.34,1596.05,0.18
2016-09-30 11:00:00,49.45,49.45,49.25,49.1,647.0,-0.2,-0.4,49.382,49.448,49.097,1417.79,1691.94,1661.7,0.29
2016-09-30 10:30:00,49.48,49.77,49.45,49.21,822.0,-0.03,-0.06,49.44,49.429,49.0415,1639.39,1790.74,1675.85,0.37
2016-09-30 10:00:00,48.92,49.99,49.48,48.65,1941.0,0.56,1.14,49.456,49.391,48.963,1879.39,1984.04,1658.4,0.87
2016-09-29 15:00:00,49.5,49.59,49.22,49.2,2118.94,-0.28,-0.57,49.454,49.355,48.879,1741.08,2084.06,1588.6,0.95
2016-09-29 14:30:00,49.54,49.68,49.51,49.49,1560.0,-0.03,-0.06,49.56,49.32,48.8055,2012.89,2043.15,1514.76,0.7
2016-09-29 14:00:00,49.53,49.68,49.54,49.47,1755.0,0.01,0.02,49.514,49.234,48.7225,1966.09,1924.35,1484.4,0.79
2016-09-29 13:30:00,49.47,49.74,49.53,49.39,2022.0,0.06,0.12,49.418,49.15,48.6435,1942.09,1862.5,1463.6,0.91
2016-09-29 11:30:00,49.78,49.8,49.47,49.47,1249.46,-0.31,-0.62,49.326,49.051,48.5795,2088.69,1774.4,1450.78,0.56
2016-09-29 11:00:00,49.28,49.98,49.75,49.05,3477.97,0.47,0.95,49.256,48.976,48.502,2427.04,1821.86,1522.16,1.56
2016-09-29 10:30:00,49.06,49.29,49.28,48.96,1326.0,0.22,0.45,49.08,48.839,48.4195,2073.41,1592.77,1392.96,0.59
2016-09-29 10:00:00,49.25,49.43,49.06,48.88,1635.0,-0.19,-0.39,48.954,48.746,48.3785,1882.61,1631.47,1363.19,0.73
2016-09-28 15:00:00,49.12,49.16,49.07,48.88,2755.0,-0.05,-0.1,48.882,48.654,48.3415,1782.92,1560.97,1348.21,1.24
2016-09-28 14:30:00,48.86,49.29,49.12,48.77,2941.22,0.26,0.53,48.776,48.535,48.336,1460.12,1332.77,1244.51,1.32
2016-09-28 14:00:00,48.65,48.87,48.87,48.65,1709.85,0.22,0.45,48.696,48.403,48.339,1216.69,1093.14,1217.82,0.77
2016-09-28 13:30:00,48.7,48.7,48.65,48.54,372.0,-0.05,-0.1,48.598,48.291,48.306,1112.12,986.36,1192.93,0.17
2016-09-28 11:30:00,48.54,48.74,48.7,48.5,1136.54,0.16,0.33,48.538,48.211,48.2885,1380.32,1044.46,1355.58,0.51
2016-09-28 11:00:00,48.72,48.72,48.54,48.53,1141.0,-0.18,-0.37,48.426,48.137,48.3295,1339.01,1064.71,1385.6,0.51
2016-09-28 10:30:00,48.38,48.77,48.72,48.29,1724.06,0.34,0.7,48.294,48.108,48.3775,1205.41,1127.15,1372.17,0.77
2016-09-28 10:00:00,48.43,48.43,48.38,48.12,1187.0,-0.05,-0.1,48.11,48.028,48.4295,969.6,1222.45,1374.5,0.53
2016-09-27 15:00:00,48.14,48.54,48.35,47.92,1713.0,0.21,0.44,47.984,48.0,48.4865,860.6,1193.15,1338.45,0.77
2016-09-27 14:30:00,47.88,48.2,48.14,47.66,930.0,0.26,0.54,47.884,48.011,48.549,708.6,1094.9,1298.7,0.42
2016-09-27 14:00:00,47.8,47.94,47.88,47.74,473.0,0.08,0.17,47.848,48.029,48.6315,790.4,1135.45,1345.1,0.21
2016-09-27 13:30:00,47.75,47.9,47.8,47.75,545.0,0.05,0.1,47.922,48.137,48.714,1048.89,1156.25,1405.93,0.24
2016-09-27 11:30:00,47.85,47.93,47.75,47.74,642.0,-0.1,-0.21,47.946,48.275,48.8015,1475.3,1342.5,1498.38,0.29
2016-09-27 11:00:00,47.96,48.1,47.85,47.72,953.0,-0.11,-0.23,48.016,48.321,48.879,1525.7,1399.5,1555.13,0.43
2016-09-27 10:30:00,48.25,48.38,47.96,47.82,1339.0,-0.29,-0.6,48.138,48.366,48.9355,1481.21,1666.7,1547.63,0.6
2016-09-27 10:00:00,48.58,48.58,48.25,48.06,1765.46,-0.33,-0.68,48.21,48.522,48.9895,1480.5,1706.5,1520.87,0.79
2016-09-26 15:00:00,48.1,49.05,47.92,47.68,2677.05,-0.18,-0.37,48.352,48.647,49.0345,1263.61,1617.19,1466.88,1.2
2016-09-26 14:30:00,48.46,48.46,48.1,48.08,894.0,-0.36,-0.74,48.604,48.831,49.1035,1209.7,1526.55,1355.8,0.4
2016-09-26 14:00:00,48.33,48.46,48.46,48.16,730.54,0.13,0.27,48.626,48.973,49.1645,1273.3,1483.75,1357.37,0.33
2016-09-26 13:30:00,48.96,48.96,48.32,48.1,1335.46,-0.64,-1.31,48.594,49.087,49.197,1852.19,1502.5,1406.87,0.6
2016-09-26 11:30:00,49.18,49.2,48.96,48.86,681.0,-0.22,-0.45,48.834,49.234,49.2475,1932.5,1554.75,1441.35,0.31
2016-09-26 11:00:00,48.21,49.45,49.18,48.17,2407.51,0.97,2.01,48.942,49.291,49.2475,1970.77,1655.6,1460.55,1.08
2016-09-26 10:30:00,48.3,48.6,48.21,48.2,1212.0,-0.09,-0.19,49.058,49.328,49.231,1843.4,1654.25,1405.35,0.54
2016-09-26 10:00:00,49.29,49.29,48.3,48.0,3625.0,-0.99,-2.01,49.32,49.437,49.284,1694.2,1710.75,1386.45,1.63
2016-09-23 15:00:00,49.5,49.67,49.52,49.48,1737.0,0.02,0.04,49.58,49.505,49.327,1152.8,1428.55,1279.15,0.78
2016-09-23 14:30:00,49.76,49.76,49.5,49.5,872.33,-0.26,-0.52,49.634,49.457,49.304,1177.0,1335.24,1347.27,0.39
2016-09-23 14:00:00,49.52,49.8,49.76,49.41,1770.67,0.24,0.48,49.64,49.422,49.261,1340.44,1316.56,1343.75,0.79
2016-09-23 13:30:00,49.6,49.62,49.52,49.52,466.0,-0.08,-0.16,49.598,49.376,49.1885,1465.11,1185.04,1293.94,0.21
2016-09-23 11:30:00,49.79,49.8,49.6,49.49,918.0,-0.19,-0.38,49.554,49.356,49.133,1727.31,1230.99,1477.79,0.41
2016-09-23 11:00:00,49.54,49.9,49.79,49.54,1858.0,0.25,0.5,49.43,49.307,49.052,1704.31,1311.24,1595.11,0.83
2016-09-23 10:30:00,49.55,49.79,49.53,49.5,1689.54,-0.02,-0.04,49.28,49.261,48.946,1493.48,1327.94,1542.61,0.76
2016-09-23 10:00:00,49.6,49.66,49.55,49.29,2394.0,-0.05,-0.1,49.204,49.204,48.8625,1292.68,1265.49,1516.09,1.07
2016-09-22 15:00:00,48.98,49.45,49.3,48.98,1777.0,0.32,0.65,49.154,49.134,48.7815,904.97,1156.45,1443.7,0.8
2016-09-22 14:30:00,49.04,49.16,48.98,48.98,803.0,-0.06,-0.12,49.158,49.131,48.7085,734.67,1062.15,1417.52,0.36
2016-09-22 14:00:00,49.15,49.2,49.04,49.01,803.87,-0.11,-0.22,49.184,49.149,48.6295,918.17,1129.75,1509.12,0.36
2016-09-22 13:30:00,49.3,49.3,49.15,49.13,685.54,-0.15,-0.3,49.242,49.151,48.5435,1162.4,1359.3,1602.84,0.31
2016-09-22 11:30:00,49.3,49.37,49.3,49.23,455.46,0.0,0.0,49.204,49.1,48.477,1238.29,1370.95,1643.12,0.2
2016-09-22 11:00:00,49.11,49.4,49.32,48.99,925.46,0.21,0.43,49.114,49.001,48.4145,1407.93,1402.83,1703.09,0.42
2016-09-22 10:30:00,49.35,49.35,49.11,48.96,1720.54,-0.24,-0.49,49.104,48.91,48.3405,1389.64,1724.59,1696.01,0.77
2016-09-22 10:00:00,49.13,49.65,49.33,49.13,2025.0,0.2,0.41,49.114,48.797,48.2705,1341.33,1878.98,1640.69,0.91
2016-09-21 15:00:00,48.86,49.05,48.96,48.81,1065.0,0.1,0.2,49.06,48.631,48.1975,1556.2,1757.28,1563.41,0.48
2016-09-21 14:30:00,49.27,49.27,48.85,48.85,1303.65,-0.42,-0.85,48.996,48.521,48.1485,1503.6,1766.68,1526.93,0.58
2016-09-21 14:00:00,49.15,49.31,49.27,49.15,834.01,0.12,0.24,48.888,48.429,48.101,1397.74,1730.95,1493.15,0.37
2016-09-21 13:30:00,49.06,49.4,49.16,49.06,1479.0,0.1,0.2,48.716,48.286,48.0405,2059.54,1772.9,1540.1,0.66
2016-09-21 11:30:00,48.66,49.38,49.06,48.66,3099.34,0.4,0.82,48.48,48.11,47.966,2416.62,1888.49,1542.04,1.39
2016-09-21 11:00:00,48.31,48.64,48.64,48.31,802.0,0.33,0.68,48.202,47.936,47.878,1958.37,1846.39,1439.73,0.36
2016-09-21 10:30:00,48.41,48.5,48.31,48.24,774.34,-0.1,-0.21,48.046,47.854,47.8105,2029.77,1915.29,1440.11,0.35
2016-09-21 10:00:00,48.51,48.8,48.41,48.16,4143.03,-0.1,-0.21,47.97,47.828,47.7615,2064.17,2003.34,1441.56,1.86
2016-09-20 15:00:00,47.67,48.99,47.98,47.64,3264.41,0.31,0.65,47.856,47.771,47.7185,1486.25,1667.44,1255.56,1.46
2016-09-20 14:30:00,47.85,47.89,47.67,47.67,808.06,-0.18,-0.38,47.74,47.744,47.6905,1360.35,1402.4,1135.34,0.36
2016-09-20 14:00:00,47.93,47.95,47.86,47.66,1159.0,-0.07,-0.15,47.67,47.764,47.69,1734.41,1369.54,1137.73,0.52
2016-09-20 13:30:00,47.84,47.94,47.93,47.77,946.34,0.09,0.19,47.662,47.776,47.6825,1800.81,1287.18,1181.33,0.42
2016-09-20 11:30:00,47.4,47.89,47.84,47.36,1253.45,0.44,0.93,47.686,47.773,47.66,1942.51,1255.34,1229.84,0.56
2016-09-20 11:00:00,47.32,47.65,47.4,47.2,2634.92,0.08,0.17,47.686,47.795,47.6325,1848.62,1307.3,1241.31,1.18
2016-09-20 10:30:00,47.82,47.85,47.32,47.3,2678.33,-0.5,-1.05,47.748,47.822,47.6165,1444.44,1195.6,1188.39,1.2
2016-09-20 10:00:00,48.0,48.2,47.82,47.72,1491.0,-0.18,-0.38,47.858,47.82,47.6075,1004.67,1033.06,1098.13,0.67
2016-09-19 15:00:00,47.84,48.08,48.05,47.84,1654.87,0.21,0.44,47.89,47.767,47.5625,773.54,964.94,1052.48,0.74
2016-09-19 14:30:00,47.72,47.88,47.84,47.63,784.0,0.12,0.25,47.86,47.695,47.513,568.17,879.78,1006.53,0.35
2016-09-19 14:00:00,47.87,47.87,47.71,47.66,614.0,-0.16,-0.33,47.904,47.666,47.486,765.97,843.68,996.51,0.28
2016-09-19 13:30:00,47.98,47.98,47.87,47.87,479.5,-0.11,-0.23,47.896,47.637,47.4585,946.75,868.28,1020.88,0.22
2016-09-19 11:30:00,47.9,48.03,47.98,47.83,335.34,0.08,0.17,47.782,47.616,47.428,1061.45,905.93,1075.98,0.15
2016-09-19 11:00:00,48.06,48.1,47.9,47.88,628.0,-0.16,-0.33,47.644,47.589,47.385,1156.33,1075.49,1171.06,0.28
2016-09-19 10:30:00,47.67,48.28,48.06,47.67,1773.0,0.39,0.82,47.53,47.547,47.3455,1191.38,1204.33,1290.66,0.8
2016-09-19 10:00:00,47.3,47.94,47.67,47.21,1517.92,0.37,0.78,47.428,47.47,47.306,921.38,1175.33,1283.11,0.68
2016-09-14 15:00:00,47.29,47.37,47.3,47.18,1053.0,0.01,0.02,47.378,47.411,47.2935,789.8,1181.19,1304.06,0.47
2016-09-14 14:30:00,47.33,47.42,47.29,47.08,809.75,-0.04,-0.08,47.45,47.395,47.311,750.4,1163.19,1304.11,0.36
2016-09-14 14:00:00,47.55,47.65,47.33,47.32,803.25,-0.22,-0.46,47.534,47.358,47.346,994.65,1140.02,1312.68,0.36
2016-09-14 13:30:00,47.42,47.7,47.55,47.42,423.0,0.13,0.27,47.564,47.331,47.3695,1217.28,1133.29,1328.36,0.19
2016-09-14 11:30:00,47.66,47.66,47.42,47.4,860.0,-0.24,-0.5,47.512,47.306,47.3895,1429.28,1149.34,1489.01,0.39
2016-09-14 11:00:00,47.71,47.88,47.66,47.66,856.01,-0.05,-0.1,47.444,47.28,47.4745,1572.58,1173.49,1555.06,0.38
2016-09-14 10:30:00,47.48,47.94,47.71,47.48,2031.0,0.23,0.48,47.34,47.24,47.5575,1575.98,1246.04,1598.41,0.91
2016-09-14 10:00:00,47.09,47.58,47.48,46.34,1916.37,0.39,0.83,47.182,47.181,47.6585,1285.38,1266.64,1543.51,0.86
2016-09-13 15:00:00,47.08,47.4,47.29,47.08,1483.0,0.21,0.45,47.098,47.144,47.7785,1049.31,1376.99,1489.95,0.67
2016-09-13 14:30:00,47.14,47.2,47.08,47.0,1576.54,-0.06,-0.13,47.1,47.142,47.9075,869.4,1390.89,1440.47,0.71
2016-09-13 14:00:00,46.92,47.23,47.14,46.92,873.0,0.22,0.47,47.116,47.176,48.0455,774.4,1426.94,1409.24,0.39
2016-09-13 13:30:00,47.06,47.18,46.92,46.88,578.0,-0.14,-0.3,47.14,47.227,48.178,916.09,1445.04,1422.69,0.26
2016-09-13 11:30:00,47.3,47.3,47.06,47.06,736.0,-0.24,-0.51,47.18,47.334,48.3285,1247.89,1485.34,1520.16,0.33
2016-09-13 11:00:00,47.16,47.4,47.3,47.16,583.45,0.14,0.3,47.19,47.408,48.4515,1704.67,1523.44,1566.54,0.26
2016-09-13 10:30:00,47.26,47.28,47.16,47.08,1101.55,-0.1,-0.21,47.184,47.473,48.55,1912.38,1828.69,1631.67,0.49
2016-09-13 10:00:00,47.46,47.68,47.26,47.11,1581.45,-0.2,-0.42,47.236,47.669,48.668,2079.47,1936.64,1628.08,0.71
2016-09-12 15:00:00,47.11,47.28,47.12,47.02,2237.0,0.01,0.02,47.314,47.875,48.79,1973.98,1950.79,1571.86,1.0
2016-09-12 14:30:00,47.27,47.45,47.11,46.92,3019.92,-0.16,-0.34,47.488,48.136,48.9215,1722.78,1820.39,1486.51,1.35
2016-09-12 14:00:00,47.42,47.59,47.27,47.22,1622.0,-0.15,-0.32,47.626,48.413,49.051,1342.2,1602.9,1381.41,0.73
2016-09-12 13:30:00,47.65,47.65,47.42,47.2,1937.0,-0.23,-0.48,47.762,48.673,49.1795,1745.0,1490.04,1352.66,0.87
2016-09-12 11:30:00,47.99,47.99,47.65,47.5,1054.0,-0.34,-0.71,48.102,48.915,49.3015,1793.8,1391.54,1326.16,0.47
2016-09-12 11:00:00,47.8,48.0,47.99,47.68,981.0,0.19,0.4,48.436,49.129,49.395,1927.6,1400.34,1406.21,0.44
2016-09-12 10:30:00,47.95,48.0,47.8,47.7,1117.0,-0.15,-0.31,48.784,49.323,49.489,1918.0,1554.99,1442.51,0.5
