2017-06-30,30.041,29.017,27.993
2017-06-29,30.042,29.039,28.036
2017-06-28,30.029,29.055,28.081
2017-06-27,29.993,29.075,28.157
2017-06-26,29.995,29.074,28.152
2017-06-23,29.997,29.073,28.148
2017-06-22,30.005,29.068,28.130
2017-06-21,29.984,29.098,28.212
2017-06-20,30.359,29.181,28.002
2017-06-19,30.854,29.285,27.716
2017-06-16,31.622,29.435,27.247
2017-06-15,31.750,29.496,27.242
2017-06-14,31.787,29.515,27.242
2017-06-13,31.813,29.541,27.268
2017-06-12,31.834,29.580,27.325
2017-06-09,31.873,29.651,27.428
2017-06-08,31.905,29.679,27.452
2017-06-07,31.980,29.721,27.461
2017-06-06,32.009,29.753,27.497
2017-06-05,32.018,29.796,27.573
2017-06-02,32.140,29.885,27.630
2017-06-01,32.286,29.996,27.706
2017-05-31,32.433,30.132,27.830
2017-05-26,32.536,30.276,28.015
2017-05-25,32.581,30.423,28.265
2017-05-24,32.514,30.547,28.580
2017-05-23,32.366,30.663,28.960
2017-05-22,32.263,30.733,29.202
2017-05-19,32.605,30.829,29.052
2017-05-18,33.068,30.932,28.795
2017-05-17,33.197,30.958,28.719
2017-05-16,33.761,31.132,28.502
2017-05-15,34.528,31.383,28.237
2017-05-12,35.780,31.764,27.748
2017-05-11,36.623,32.129,27.635
2017-05-10,37.075,32.416,27.756
2017-05-09,37.459,32.707,27.955
2017-05-08,37.725,32.947,28.168
2017-05-05,38.205,33.301,28.397
2017-05-04,38.557,33.669,28.781
2017-05-03,38.941,33.985,29.028
2017-05-02,38.968,34.165,29.362
2017-04-28,38.960,34.319,29.677
2017-04-27,39.191,34.597,30.002
2017-04-26,39.671,34.966,30.260
2017-04-25,39.940,35.353,30.766
2017-04-24,40.096,35.768,31.439
2017-04-21,39.954,36.192,32.429
2017-04-20,40.214,36.527,32.839
2017-04-19,40.627,36.857,33.087
2017-04-18,40.809,37.185,33.561
2017-04-17,41.099,37.498,33.896
2017-04-14,41.654,37.810,33.966
2017-04-13,42.038,37.981,33.923
2017-04-12,42.376,38.170,33.964
2017-04-11,42.692,38.439,34.186
2017-04-10,42.972,38.714,34.455
2017-04-07,43.055,38.991,34.927
2017-04-06,43.315,39.210,35.105
2017-04-05,43.564,39.440,35.316
2017-03-31,43.890,39.699,35.508
2017-03-30,43.563,39.996,36.429
2017-03-29,42.856,40.307,37.757
2017-03-28,42.562,40.495,38.427
2017-03-27,42.546,40.611,38.676
2017-03-24,42.430,40.710,38.990
2017-03-23,42.373,40.825,39.276
2017-03-22,42.231,40.951,39.671
2017-03-21,42.113,41.017,39.920
2017-03-20,42.107,41.068,40.028
2017-03-17,42.014,41.110,40.206
2017-03-16,41.997,41.153,40.308
2017-03-15,41.985,41.148,40.310
2017-03-14,42.003,41.174,40.344
2017-03-13,42.029,41.209,40.389
2017-03-10,42.036,41.215,40.394
2017-03-09,42.030,41.211,40.392
2017-03-08,42.031,41.224,40.417
2017-03-07,42.133,41.144,40.154
2017-03-06,42.240,41.028,39.816
2017-03-03,42.063,40.889,39.715
2017-03-02,42.196,40.810,39.424
2017-03-01,42.275,40.737,39.198
2017-02-28,42.327,40.660,38.992
2017-02-27,42.320,40.566,38.812
2017-02-24,42.404,40.467,38.529
2017-02-23,42.334,40.362,38.390
2017-02-22,42.326,40.202,38.077
2017-02-21,42.482,40.024,37.566
2017-02-20,42.546,39.807,37.067
2017-02-17,42.447,39.711,36.975
2017-02-16,42.258,39.582,36.905
2017-02-15,42.174,39.557,36.939
2017-02-14,42.768,39.674,36.579
2017-02-13,43.152,39.763,36.374
2017-02-10,44.201,39.982,35.762
2017-02-09,45.098,40.206,35.314
2017-02-08,45.918,40.443,34.967
2017-02-07,47.200,40.844,34.488
2017-02-06,48.202,41.252,34.301
2017-02-03,49.045,41.641,34.236
2017-02-02,49.627,42.011,34.394
2017-01-26,50.248,42.411,34.573
2017-01-25,50.819,42.823,34.826
2017-01-24,51.385,43.259,35.132
2017-01-23,51.863,43.740,35.617
2017-01-20,52.208,44.174,36.139
2017-01-19,52.712,44.771,36.829
2017-01-18,53.012,45.448,37.883
2017-01-17,52.692,46.064,39.435
2017-01-16,52.327,46.535,40.743
2017-01-13,51.665,47.052,42.438
2017-01-12,51.174,47.457,43.739
2017-01-11,51.010,47.697,44.383
2017-01-10,50.601,47.963,45.324
2017-01-09,50.499,48.079,45.659
2017-01-06,51.574,48.458,45.342
2017-01-05,52.834,48.900,44.966
2017-01-04,54.301,49.309,44.317
2017-01-03,55.328,49.711,44.094
2016-12-30,56.029,50.085,44.140
2016-12-29,56.893,50.575,44.256
2016-12-28,58.152,51.138,44.124
2016-12-27,59.297,51.712,44.127
2016-12-26,60.118,52.225,44.332
2016-12-23,60.941,52.755,44.569
2016-12-22,62.023,53.412,44.800
2016-12-21,63.143,53.982,44.821
2016-12-20,64.480,54.605,44.729
2016-12-19,65.476,55.291,45.105
2016-12-16,66.074,55.992,45.909
2016-12-15,66.162,56.513,46.863
2016-12-14,66.022,56.985,47.947
2016-12-13,65.636,57.473,49.309
2016-12-12,65.206,58.057,50.907
2016-12-09,64.447,58.766,53.084
2016-12-08,64.269,59.125,53.980
2016-12-07,64.181,59.418,54.655
2016-12-06,64.236,59.673,55.110
2016-12-05,64.044,59.884,55.723
2016-12-02,63.599,60.098,56.596
2016-12-01,64.444,60.565,56.686
2016-11-30,64.413,60.626,56.839
2016-11-29,65.030,60.394,55.758
2016-11-28,65.825,60.106,54.387
2016-11-25,66.286,59.817,53.348
2016-11-24,66.529,59.407,52.284
2016-11-23,66.505,59.001,51.497
2016-11-22,66.045,58.564,51.083
2016-11-21,65.525,58.160,50.794
2016-11-18,65.086,57.730,50.374
2016-11-17,64.956,57.447,49.938
2016-11-16,64.841,57.284,49.726
2016-11-15,64.728,57.120,49.511
2016-11-14,64.400,56.780,49.159
2016-11-11,63.655,56.391,49.126
2016-11-10,63.153,56.033,48.913
2016-11-09,62.749,55.509,48.269
2016-11-08,62.076,54.951,47.826
2016-11-07,61.632,54.406,47.179
2016-11-04,61.122,53.908,46.693
2016-11-03,58.165,53.073,47.980
2016-11-02,56.963,52.511,48.058
2016-10-28,56.881,52.234,47.586
2016-10-27,56.881,52.081,47.281
2016-10-26,56.813,51.889,46.965
2016-10-25,56.744,51.714,46.684
2016-10-24,56.591,51.492,46.393
2016-10-21,56.281,51.169,46.057
2016-10-20,55.875,50.792,45.708
2016-10-19,55.591,50.472,45.352
2016-10-18,55.229,50.138,45.046
2016-10-17,54.385,49.835,45.285
2016-10-14,53.451,49.562,45.673
2016-10-13,52.814,49.364,45.914
2016-10-12,51.733,49.143,46.553
2016-10-11,50.655,48.931,47.207
2016-10-10,50.502,48.866,47.230
2016-09-30,50.404,48.835,47.266
2016-09-29,50.502,48.880,47.257
2016-09-28,50.784,48.959,47.134
2016-09-27,51.087,49.057,47.026
2016-09-26,52.665,49.382,46.098
2016-09-23,53.438,49.635,45.831
2016-09-22,53.864,49.807,45.749
2016-09-21,54.650,50.078,45.505
2016-09-20,55.440,50.373,45.305
2016-09-19,55.461,50.432,45.403
2016-09-14,55.487,50.576,45.664
2016-09-13,55.533,50.818,46.102
2016-09-12,55.430,51.001,46.572
2016-09-09,55.238,51.191,47.143
2016-09-08,55.337,51.128,46.919
2016-09-07,55.549,50.997,46.444
2016-09-06,55.582,50.949,46.315
2016-09-05,55.633,50.857,46.081
2016-09-02,55.765,50.751,45.737
2016-09-01,55.896,50.648,45.399
2016-08-31,55.969,50.542,45.114
2016-08-30,56.047,50.398,44.748
2016-08-29,56.145,50.142,44.139
2016-08-26,56.262,49.827,43.392
2016-08-25,55.507,49.421,43.335
2016-08-24,54.885,49.110,43.334
2016-08-23,54.383,48.834,43.284
2016-08-22,53.791,48.701,43.611
2016-08-19,52.870,48.518,44.166
2016-08-18,53.055,48.579,44.103
2016-08-17,53.456,48.683,43.909
2016-08-16,54.234,48.841,43.448
2016-08-15,55.178,49.076,42.973
2016-08-12,55.894,49.287,42.680
2016-08-11,57.211,49.763,42.315
2016-08-10,58.650,50.359,42.067
2016-08-09,59.831,50.858,41.885
2016-08-08,60.746,51.351,41.955
2016-08-05,61.008,51.732,42.455
2016-08-04,61.442,52.226,43.010
2016-08-03,61.724,52.662,43.600
2016-08-02,61.946,53.142,44.338
2016-08-01,61.656,53.541,45.426
2016-07-29,60.990,53.899,46.807
2016-07-28,60.776,53.982,47.187
2016-07-27,60.794,53.975,47.156
2016-07-26,60.409,54.187,47.964
2016-07-25,60.501,54.089,47.677
2016-07-22,60.531,54.052,47.573
2016-07-21,60.818,53.872,46.926
2016-07-20,60.974,53.647,46.320
2016-07-19,60.969,53.277,45.585
2016-07-18,60.918,52.845,44.771
2016-07-15,60.747,52.500,44.252
2016-07-14,60.567,51.821,43.074
2016-07-13,60.159,50.962,41.765
2016-07-12,59.467,50.120,40.772
2016-07-11,58.863,49.205,39.547
2016-07-08,58.625,48.458,38.290
2016-07-07,57.433,47.830,38.226
2016-07-06,56.241,47.400,38.558
2016-07-05,54.663,46.824,38.984
2016-07-04,53.607,46.322,39.037
2016-07-01,52.815,45.950,39.084
2016-06-30,52.609,45.599,38.588
2016-06-29,52.469,45.299,38.128
2016-06-28,51.632,44.717,37.801
2016-06-27,51.030,44.167,37.304
2016-06-24,50.139,43.546,36.952
2016-06-23,49.726,43.077,36.428
2016-06-22,49.128,42.521,35.913
2016-06-21,48.481,41.992,35.502
2016-06-20,47.939,41.472,35.004
2016-06-17,46.967,40.863,34.759
2016-06-16,46.736,40.492,34.247
2016-06-15,46.613,40.355,34.097
2016-06-14,46.479,40.238,33.996
2016-06-13,46.462,40.196,33.930
2016-06-08,46.447,40.167,33.887
2016-06-07,45.948,39.918,33.888
2016-06-06,44.542,39.569,34.596
2016-06-03,43.758,39.376,34.994
2016-06-02,43.256,39.248,35.239
2016-06-01,42.714,39.148,35.582
2016-05-31,42.725,39.151,35.577
2016-05-30,42.624,39.121,35.617
2016-05-27,42.601,39.108,35.615
2016-05-26,42.791,39.203,35.614
2016-05-25,42.846,39.271,35.696
2016-05-24,42.936,39.361,35.785
2016-05-23,42.902,39.437,35.971
2016-05-20,42.854,39.499,36.144
2016-05-19,42.723,39.579,36.435
2016-05-18,42.435,39.734,37.032
2016-05-17,42.635,40.060,37.484
2016-05-16,42.885,40.220,37.555
2016-05-13,43.679,40.475,37.271
2016-05-12,44.544,40.797,37.050
2016-05-11,44.858,41.019,37.179
2016-05-10,44.840,41.042,37.243
2016-05-09,44.837,41.026,37.214
2016-05-06,44.870,40.889,36.907
2016-05-05,44.839,40.800,36.760
2016-05-04,44.680,40.708,36.736
2016-05-03,44.625,40.674,36.722
2016-04-29,44.593,40.636,36.678
2016-04-28,44.603,40.599,36.594
2016-04-27,44.612,40.443,36.273
2016-04-26,44.786,40.280,35.774
2016-04-25,44.791,40.162,35.532
2016-04-22,44.830,40.098,35.365
2016-04-21,44.863,40.048,35.233
2016-04-20,44.858,40.104,35.350
2016-04-19,44.857,40.094,35.331
2016-04-18,44.512,39.922,35.332
2016-04-15,44.257,39.757,35.256
2016-04-14,43.441,39.433,35.424
2016-04-13,42.226,38.967,35.707
2016-04-12,41.510,38.544,35.578
2016-04-11,41.480,38.371,35.262
2016-04-08,41.513,38.093,34.673
2016-04-07,41.599,37.923,34.246
2016-04-06,41.554,37.698,33.842
2016-04-05,41.145,37.504,33.862
2016-04-01,40.840,37.125,33.410
2016-03-31,40.670,36.755,32.839
2016-03-30,40.407,36.624,32.840
2016-03-29,40.422,36.630,32.838
2016-03-28,40.439,36.647,32.855
2016-03-25,40.320,36.504,32.687
2016-03-24,40.495,36.567,32.639
2016-03-23,40.734,36.652,32.569
2016-03-22,41.850,36.868,31.885
2016-03-21,43.573,37.224,30.875
2016-03-18,44.608,37.493,30.378
2016-03-17,44.828,37.591,30.354
2016-03-16,45.447,37.841,30.234
2016-03-15,45.568,37.993,30.418
2016-03-14,45.577,38.117,30.656
2016-03-11,45.576,38.120,30.663
2016-03-10,45.534,38.217,30.899
2016-03-09,45.533,38.367,31.200
2016-03-08,45.548,38.352,31.156
2016-03-07,45.631,38.217,30.802
2016-03-04,45.612,38.229,30.846
2016-03-03,45.443,38.348,31.253
2016-03-02,45.718,38.126,30.534
2016-03-01,45.679,37.999,30.318
2016-02-29,45.720,38.059,30.397
2016-02-26,46.156,38.423,30.689
2016-02-25,46.131,38.400,30.669
2016-02-24,46.045,38.183,30.320
2016-02-23,45.508,37.588,29.668
2016-02-22,44.522,36.729,28.936
2016-02-19,43.930,35.799,27.668
2016-02-18,44.275,34.954,25.632
2016-02-17,44.126,33.890,23.653
2016-02-16,44.581,32.923,21.264
2016-02-15,45.088,31.942,18.795
2016-02-05,45.587,30.948,16.309
2016-02-04,45.851,29.865,13.878
2016-02-03,45.676,28.639,11.602
2016-02-02,45.750,27.525,9.300
2016-02-01,nan,nan,nan
2016-01-29,nan,nan,nan
2016-01-28,nan,nan,nan
2016-01-27,nan,nan,nan
2016-01-26,nan,nan,nan
2016-01-25,nan,nan,nan
2016-01-22,nan,nan,nan
2016-01-21,nan,nan,nan
2016-01-20,nan,nan,nan
2016-01-19,nan,nan,nan
2016-01-18,nan,nan,nan
2016-01-15,nan,nan,nan
2016-01-14,nan,nan,nan
2016-01-13,nan,nan,nan
2016-01-12,nan,nan,nan
2016-01-11,nan,nan,nan
2016-01-08,nan,nan,nan
2016-01-07,nan,nan,nan
2016-01-06,nan,nan,nan
