date,open,high,close,low,volume,price_change,p_change,ma5,ma10,ma20,v_ma5,v_ma10,v_ma20,turnover
2017-06-30,12.65,12.78,10.89,10.63,616043.5,-1.82,-14.32,22.604,25.377,25.292,414521.3,468061.06,679921.66,38.91
2017-05-31,28.82,30.38,12.71,12.02,443027.0,-16.31,-56.2,25.776,27.078,26.078,331932.34,448804.14,723264.94,30.92
2017-04-28,30.97,31.17,29.02,27.53,239160.48,-1.58,-5.16,28.834,28.422,26.642,337498.28,510578.21,803082.36,33.39
2017-03-31,29.76,33.45,30.6,28.96,500990.34,0.8,2.69,29.438,28.155,26.466,563540.51,580898.79,967096.09,70.12
2017-02-28,26.72,31.87,29.8,26.41,273385.19,3.05,11.4,28.862,27.645,26.419,523501.75,600686.2,1079315.35,38.26
2017-01-26,28.2,29.1,26.75,25.1,203098.7,-1.25,-4.46,28.15,27.13,26.12,521600.81,659293.41,1087465.78,28.43
2016-12-30,32.0,32.5,28.0,26.8,470856.69,-4.04,-12.61,28.38,26.725,26.086,565675.93,699715.1,1134011.41,65.9
2016-11-30,32.0,33.88,32.04,29.11,1369371.62,4.32,15.58,28.01,25.832,25.98,683658.14,699585.15,1170853.34,191.66
2016-10-28,26.7,28.97,27.72,26.47,300796.53,1.48,5.64,26.872,24.565,25.624,598257.07,633303.98,1159175.8,42.1
2016-09-30,27.79,28.55,26.24,25.3,263880.5,-1.66,-5.95,26.428,24.847,25.493,677870.66,704448.97,1212824.5,36.93
2016-08-31,25.8,29.2,27.9,25.5,423474.31,1.75,6.69,26.11,25.206,25.443,796986.01,891782.27,1276087.43,59.27
2016-07-29,26.48,30.93,26.15,26.0,1060767.75,-0.2,-0.76,25.07,25.077,25.267,833754.26,997725.74,1336988.37,148.47
2016-06-30,25.6,27.48,26.35,22.95,942366.25,0.85,3.33,23.654,24.862,25.199,715512.16,1095586.52,1358236.11,131.9
2016-05-31,24.95,25.91,25.5,21.0,698864.5,0.85,3.45,22.258,24.776,25.103,668350.88,1353293.39,1392891.93,134.4
2016-04-29,22.6,27.1,24.65,22.35,859457.25,1.95,8.59,23.266,25.193,25.067,731027.28,1557944.49,1455985.34,165.28
2016-03-31,19.2,24.37,22.7,19.0,607315.56,3.63,19.04,24.302,25.109,25.109,986578.53,1515638.14,1515638.14,116.79
2016-02-29,19.3,23.35,19.07,18.5,469557.22,-0.3,-1.55,25.084,25.377,25.377,1161697.22,1616562.88,1616562.88,90.3
2016-01-29,30.21,30.53,19.37,18.31,706559.88,-11.17,-36.58,26.07,26.165,26.165,1475660.88,1759938.58,1759938.58,135.88
2015-12-31,29.4,32.95,30.54,27.66,1012246.5,0.71,2.38,27.294,27.136,27.136,2038235.9,1910421.25,1910421.25,194.66
2015-11-30,26.0,36.85,29.83,25.28,2137213.5,3.22,12.1,27.12,26.568,26.568,2384861.7,2060117.05,2060117.05,411.0
2015-10-30,24.35,29.6,26.61,24.15,1482909.0,2.61,10.88,25.916,25.916,25.916,2044697.76,2044697.76,2044697.76,285.17
2015-09-30,24.65,27.5,24.0,20.26,2039375.5,-1.49,-5.84,25.743,25.743,25.743,2185144.94,2185144.94,2185144.94,392.19
2015-08-31,29.9,42.33,25.49,21.89,3519435.0,-4.18,-14.09,26.323,26.323,26.323,2233734.76,2233734.76,2233734.76,676.81
2015-07-31,23.01,29.67,29.67,13.65,2745375.5,5.86,24.61,26.74,26.74,26.74,1590884.64,1590884.64,1590884.64,527.96
2015-06-30,9.69,28.64,23.81,9.69,436393.78,3.37,43.94,23.81,23.81,23.81,436393.78,436393.78,436393.78,83.92
