date,open,high,close,low,volume,price_change,p_change,ma5,ma10,ma20,v_ma5,v_ma10,v_ma20,turnover
2017-01-06 15:00:00,63.72,64.1,63.5,63.31,2519.0,-0.22,-0.35,63.698,64.243,64.733,3042.4,4686.84,5818.25,1.51
2017-01-06 14:30:00,64.28,64.28,63.78,63.61,1826.0,-0.5,-0.78,63.858,64.453,64.7625,3207.9,4941.99,5864.1,1.1
2017-01-06 14:00:00,63.3,64.29,64.2,62.58,7033.0,0.9,1.42,63.862,64.613,64.7985,3780.04,5257.26,5926.65,4.22
2017-01-06 13:30:00,63.7,63.93,63.3,63.3,2542.0,-0.4,-0.63,63.92,64.873,64.8005,4929.24,4989.97,5804.5,1.52
2017-01-06 11:30:00,64.3,64.38,63.71,63.71,1292.0,-0.59,-0.92,64.362,65.293,64.823,5732.64,7645.83,6044.55,0.78
2017-01-06 11:00:00,63.76,64.36,64.3,63.42,3346.49,0.54,0.85,64.788,65.351,64.8645,6331.29,7843.88,6453.75,2.01
2017-01-06 10:30:00,64.38,64.46,63.8,63.33,4686.71,-0.58,-0.9,65.048,65.366,64.8895,6676.09,8122.23,6637.73,2.81
2017-01-06 10:00:00,64.5,64.5,64.49,63.02,12779.0,-0.01,-0.02,65.364,65.434,64.919,6734.49,8263.07,6756.38,7.67
2017-01-05 15:00:00,65.84,66.4,65.51,65.29,6559.0,-0.33,-0.5,65.826,65.443,64.905,5050.69,7318.37,6231.14,3.93
2017-01-05 14:30:00,65.6,66.7,65.84,65.37,4285.25,0.24,0.37,66.224,65.353,64.816,9559.01,6999.59,6000.69,2.57
2017-01-05 14:00:00,65.36,65.92,65.6,65.2,5070.47,0.24,0.37,65.914,65.223,64.72,9356.46,6949.66,5891.27,3.04
2017-01-05 13:30:00,66.8,66.95,65.38,65.38,4978.71,-1.42,-2.13,65.684,65.072,64.6425,9568.37,6786.22,5842.39,2.99
2017-01-05 11:30:00,67.49,67.53,66.8,66.28,4360.04,-0.69,-1.02,65.504,64.984,64.5535,9791.65,6596.05,5925.25,2.62
2017-01-05 11:00:00,64.29,68.52,67.5,64.27,29100.6,3.21,4.99,65.06,64.728,64.393,9586.05,6619.04,5934.69,17.46
2017-01-05 10:30:00,64.45,64.6,64.29,64.17,3272.5,-0.16,-0.25,64.482,64.353,64.215,4440.16,4443.28,4687.31,1.96
2017-01-05 10:00:00,64.03,65.0,64.45,64.03,6130.0,0.42,0.66,64.532,64.378,64.223,4542.86,5063.63,4662.54,3.68
2017-01-04 15:00:00,64.58,64.58,64.48,64.04,6095.12,-0.1,-0.15,64.46,64.413,64.2135,4004.06,5153.23,4498.4,3.66
2017-01-04 14:30:00,64.61,64.61,64.58,64.39,3332.0,-0.03,-0.05,64.464,64.404,64.2045,3400.44,5249.69,4670.9,2.0
2017-01-04 14:00:00,64.53,64.63,64.61,64.2,3371.2,0.08,0.12,64.396,64.367,64.178,3652.04,5143.91,4629.77,2.02
2017-01-04 13:30:00,64.17,64.67,64.54,64.09,3786.0,0.37,0.58,64.224,64.279,64.168,4446.4,5001.79,4681.31,2.27
2017-01-04 11:30:00,64.5,64.51,64.09,63.97,3436.0,-0.41,-0.64,64.224,64.217,64.1265,5584.4,4832.87,5176.78,2.06
2017-01-04 11:00:00,64.24,64.68,64.5,64.2,3077.0,0.26,0.4,64.366,64.213,64.1145,6302.4,4898.57,5456.11,1.85
2017-01-04 10:30:00,63.8,64.4,64.24,63.6,4590.0,0.44,0.69,64.344,64.123,64.0945,7098.94,5254.46,5508.52,2.75
2017-01-04 10:00:00,64.27,64.29,63.75,63.7,7343.0,-0.52,-0.81,64.338,64.058,64.0975,6635.78,5250.34,5410.35,4.4
2017-01-03 15:00:00,64.8,65.2,64.54,64.3,9476.0,-0.26,-0.4,64.334,64.077,64.1345,5557.18,4931.34,5318.87,5.68
2017-01-03 14:30:00,64.31,64.96,64.8,64.15,7026.0,0.49,0.76,64.21,64.068,64.1215,4081.34,4261.44,4982.7,4.21
2017-01-03 14:00:00,64.21,64.97,64.39,64.15,7059.71,0.18,0.28,64.06,64.014,64.062,3494.74,3843.56,4862.74,4.23
2017-01-03 13:30:00,63.78,64.25,64.21,63.6,2274.19,0.43,0.67,63.902,64.005,64.044,3409.98,4092.11,4810.6,1.36
2017-01-03 11:30:00,63.93,64.1,63.73,63.54,1950.0,-0.2,-0.31,63.778,63.989,64.024,3864.9,4115.62,6116.7,1.17
2017-01-03 11:00:00,64.09,64.2,63.92,63.7,2096.8,-0.17,-0.27,63.82,64.057,64.0115,4305.5,4360.83,6573.82,1.26
2017-01-03 10:30:00,63.61,64.49,64.05,63.6,4093.0,0.44,0.69,63.926,64.036,64.046,4441.54,5520.7,6644.67,2.46
2017-01-03 10:00:00,64.11,64.19,63.6,63.11,6635.92,-0.51,-0.8,63.968,64.016,64.0935,4192.38,6013.64,6565.63,3.98
2016-12-30 15:00:00,63.94,63.94,63.59,63.41,4548.8,-0.35,-0.55,64.108,64.066,64.188,4774.24,5762.57,6446.9,2.73
2016-12-30 14:30:00,64.45,64.46,63.94,63.85,4153.0,-0.51,-0.79,64.2,64.137,64.26,4366.34,5570.35,6462.46,2.49
2016-12-30 14:00:00,64.26,64.48,64.45,64.13,2777.0,0.19,0.3,64.294,64.192,64.313,4416.16,5706.39,6475.22,1.67
2016-12-30 13:30:00,64.29,64.3,64.26,64.07,2847.2,-0.03,-0.05,64.146,64.175,64.372,6599.86,5703.96,7199.67,1.71
2016-12-30 11:30:00,64.05,64.9,64.3,64.01,9545.19,0.25,0.39,64.064,64.11,64.375,7834.91,5881.92,9826.72,5.73
2016-12-30 11:00:00,64.43,64.49,64.05,63.86,2509.3,-0.38,-0.59,64.024,64.083,64.247,6750.9,5529.09,9350.37,1.51
2016-12-30 10:30:00,63.71,64.47,64.41,63.27,4402.09,0.7,1.1,64.074,64.059,64.1315,6774.37,8117.78,9225.45,2.64
2016-12-30 10:00:00,64.48,64.98,63.71,62.57,13695.5,-0.77,-1.19,64.09,63.966,63.998,6996.63,8786.82,9006.2,8.22
2016-12-29 15:00:00,64.1,64.12,63.85,63.4,9022.45,-0.25,-0.39,64.204,64.056,63.8995,4808.07,7768.63,8324.22,5.41
2016-12-29 14:30:00,64.29,64.37,64.1,63.82,4125.17,-0.19,-0.3,64.156,64.171,63.794,3928.93,7117.62,7875.4,2.47
2016-12-29 14:00:00,64.5,64.75,64.3,64.23,2626.63,-0.2,-0.31,64.142,64.31,63.676,4307.27,7131.23,7671.29,1.58
2016-12-29 13:30:00,64.33,65.4,64.49,64.27,5513.36,0.16,0.25,64.044,64.383,63.548,9461.19,7354.58,7543.81,3.31
2016-12-29 11:30:00,63.61,64.5,64.28,63.37,2752.74,0.67,1.05,63.842,64.434,63.4105,10577.0,7244.04,7393.99,1.65
2016-12-29 11:00:00,64.03,64.03,63.61,62.79,4626.77,-0.42,-0.66,63.908,64.569,63.003,10729.2,8695.38,7263.97,2.78
2016-12-29 10:30:00,63.85,64.48,64.03,63.54,6016.87,0.18,0.28,64.186,64.64,62.629,10306.3,13771.5,7036.03,3.61
2016-12-29 10:00:00,61.63,65.99,63.81,61.63,28396.2,2.18,3.54,64.478,64.411,62.234,9955.17,13171.6,6738.38,17.03
2016-12-28 15:00:00,64.61,64.61,63.48,63.13,11092.5,-1.13,-1.75,64.722,64.204,61.85,5247.96,10333.1,5327.18,6.65
2016-12-28 14:30:00,65.0,65.0,64.61,64.44,3513.62,-0.39,-0.6,65.026,64.03,61.4825,3911.07,9225.57,4777.0,2.11
2016-12-28 14:00:00,65.49,65.5,65.0,65.0,2512.32,-0.49,-0.75,65.23,63.743,61.0585,6661.56,8879.81,4605.02,1.51
2016-12-28 13:30:00,65.0,66.0,65.49,64.89,4261.26,0.49,0.75,65.094,63.417,60.615,17236.8,8633.18,4495.11,2.56
2016-12-28 11:30:00,65.0,65.06,65.03,64.0,4860.13,0.03,0.05,64.344,63.042,60.147,16388.1,8211.35,4325.5,2.92
2016-12-28 11:00:00,65.77,66.38,65.0,64.88,4408.0,-0.77,-1.17,63.686,62.713,59.447,15418.3,7733.04,4083.09,2.64
2016-12-28 10:30:00,64.3,66.96,65.63,64.28,17266.1,1.33,2.07,63.034,62.387,58.7485,14540.1,7543.94,3863.84,10.36
2016-12-28 10:00:00,66.5,66.5,64.32,63.01,55388.3,-2.18,-3.28,62.256,61.437,58.0185,11098.1,5832.56,3001.84,33.23
2016-12-27 15:00:00,61.74,61.74,61.74,61.74,18.0,0.0,0.0,61.74,60.618,57.354,29.6,300.53,233.52,0.01
2016-12-27 14:30:00,61.74,61.74,61.74,61.74,11.0,0.0,0.0,61.74,60.057,56.8185,34.6,305.13,233.57,0.01
2016-12-27 14:00:00,61.74,61.74,61.74,61.74,17.0,0.0,0.0,61.74,59.496,56.283,47.8,321.23,234.07,0.01
2016-12-27 13:30:00,61.74,61.74,61.74,61.74,56.0,0.0,0.0,61.74,58.935,55.7475,547.79,328.43,233.72,0.03
2016-12-27 11:30:00,61.74,61.74,61.74,61.74,46.0,0.0,0.0,60.618,58.374,55.212,567.06,330.23,240.57,0.03
2016-12-27 11:00:00,61.74,61.74,61.74,61.74,43.0,0.0,0.0,59.496,57.813,54.4445,571.46,357.04,239.52,0.03
2016-12-27 10:30:00,61.74,61.74,61.74,61.74,77.0,0.0,0.0,58.374,57.252,53.677,575.66,439.64,238.37,0.05
2016-12-27 10:00:00,61.74,61.74,61.74,61.74,2516.96,0.0,0.0,57.252,56.181,52.9095,594.66,433.14,234.77,1.51
2016-12-26 15:00:00,56.13,56.13,56.13,56.13,152.35,0.0,0.0,56.13,55.11,52.142,109.07,183.75,109.12,0.09
2016-12-26 14:30:00,56.13,56.13,56.13,56.13,68.0,0.0,0.0,56.13,54.6,51.655,93.4,171.11,102.11,0.04
2016-12-26 14:00:00,56.13,56.13,56.13,56.13,64.0,0.0,0.0,56.13,54.09,51.168,142.62,166.51,98.96,0.04
2016-12-26 13:30:00,56.13,56.13,56.13,56.13,172.0,0.0,0.0,56.13,53.58,50.681,303.62,162.01,96.51,0.1
2016-12-26 11:30:00,56.13,56.13,56.13,56.13,89.0,0.0,0.0,55.11,53.07,50.194,271.62,146.91,91.76,0.05
2016-12-26 11:00:00,56.13,56.13,56.13,56.13,74.0,0.0,0.0,54.09,52.56,49.496,258.42,139.01,87.41,0.04
2016-12-26 10:30:00,56.13,56.13,56.13,56.13,314.1,0.0,0.0,53.07,52.05,48.798,248.82,150.91,83.71,0.19
2016-12-26 10:00:00,56.13,56.13,56.13,56.13,869.0,0.0,0.0,52.05,51.076,48.1,190.4,122.0,68.0,0.52
2016-12-23 15:00:00,51.03,51.03,51.03,51.03,12.0,0.0,0.0,51.03,50.102,47.402,20.4,37.1,24.6,0.01
2016-12-23 14:30:00,51.03,51.03,51.03,51.03,23.0,0.0,0.0,51.03,49.638,46.959,22.2,36.4,24.3,0.01
2016-12-23 14:00:00,51.03,51.03,51.03,51.03,26.0,0.0,0.0,51.03,49.174,46.516,19.6,34.5,23.15,0.02
2016-12-23 13:30:00,51.03,51.03,51.03,51.03,22.0,0.0,0.0,51.03,48.71,46.073,53.0,33.1,21.85,0.01
2016-12-23 11:30:00,51.03,51.03,51.03,51.03,19.0,0.0,0.0,50.102,48.246,45.63,53.6,31.4,22.05,0.01
2016-12-23 11:00:00,51.03,51.03,51.03,51.03,21.0,0.0,0.0,49.174,47.782,44.9955,53.8,31.0,21.9,0.01
2016-12-23 10:30:00,51.03,51.03,51.03,51.03,10.0,0.0,0.0,48.246,47.318,44.361,50.6,36.6,21.1,0.01
2016-12-23 10:00:00,51.03,51.03,51.03,51.03,193.0,0.0,0.0,47.318,46.432,43.7265,49.4,35.8,20.61,0.12
2016-12-22 15:00:00,46.39,46.39,46.39,46.39,25.0,0.0,0.0,46.39,45.546,43.092,13.2,16.5,11.21,0.01
2016-12-22 14:30:00,46.39,46.39,46.39,46.39,20.0,0.0,0.0,46.39,45.124,42.6895,9.2,14.0,10.21,0.01
2016-12-22 14:00:00,46.39,46.39,46.39,46.39,5.0,0.0,0.0,46.39,44.702,42.287,8.2,12.1,9.51,0.0
2016-12-22 13:30:00,46.39,46.39,46.39,46.39,4.0,0.0,0.0,46.39,44.28,41.8845,22.6,12.2,9.26,0.0
2016-12-22 11:30:00,46.39,46.39,46.39,46.39,12.0,0.0,0.0,45.546,43.858,41.482,22.2,11.8,10.86,0.01
2016-12-22 11:00:00,46.39,46.39,46.39,46.39,5.0,0.0,0.0,44.702,43.436,40.905,19.8,10.6,10.76,0.0
2016-12-22 10:30:00,46.39,46.39,46.39,46.39,15.0,0.0,0.0,43.858,43.014,40.328,18.8,12.7,10.66,0.01
2016-12-22 10:00:00,46.39,46.39,46.39,46.39,77.0,0.0,0.0,43.014,42.209,39.751,16.0,12.8,9.91,0.05
2016-12-21 15:00:00,42.17,42.17,42.17,42.17,2.0,0.0,0.0,42.17,41.404,39.174,1.8,5.6,6.31,0.0
2016-12-21 14:30:00,42.17,42.17,42.17,42.17,0.0,0.0,0.0,42.17,41.021,38.808,1.4,5.41,6.21,0.0
2016-12-21 14:00:00,42.17,42.17,42.17,42.17,0.0,0.0,0.0,42.17,40.638,38.442,1.4,5.91,6.21,0.0
2016-12-21 13:30:00,42.17,42.17,42.17,42.17,1.0,0.0,0.0,42.17,40.255,38.076,6.6,6.41,5.96,0.0
2016-12-21 11:30:00,42.17,42.17,42.17,42.17,6.0,0.0,0.0,41.404,39.872,37.5515,9.6,6.91,8.16,0.0
2016-12-21 11:00:00,42.17,42.17,42.17,42.17,0.0,0.0,0.0,40.638,39.489,37.027,9.4,6.31,8.11,0.0
2016-12-21 10:30:00,42.17,42.17,42.17,42.17,0.0,0.0,0.0,39.872,39.106,36.5025,9.42,9.91,8.11,0.0
2016-12-21 10:00:00,42.17,42.17,42.17,42.17,26.0,0.0,0.0,39.106,38.374,35.978,10.42,10.91,8.11,0.02
2016-12-20 15:00:00,38.34,38.34,38.34,38.34,16.0,0.0,0.0,38.34,37.642,35.4535,6.22,8.61,6.91,0.01
2016-12-20 14:30:00,38.34,38.34,38.34,38.34,5.0,0.0,0.0,38.34,37.293,35.1205,4.22,7.01,6.11,0.0
2016-12-20 14:00:00,38.34,38.34,38.34,38.34,0.1,0.0,0.0,38.34,36.944,34.7875,3.22,7.01,5.86,0.0
2016-12-20 13:30:00,38.34,38.34,38.34,38.34,5.0,0.0,0.0,38.34,36.595,34.4545,10.4,7.0,6.5,0.0
2016-12-20 11:30:00,38.34,38.34,38.34,38.34,5.0,0.0,0.0,37.642,36.246,34.1215,11.4,6.5,7.45,0.0
2016-12-20 11:00:00,38.34,38.34,38.34,38.34,6.0,0.0,0.0,36.944,35.897,33.6445,11.0,5.5,9.1,0.0
2016-12-20 10:30:00,38.34,38.34,38.34,38.34,0.0,0.0,0.0,36.246,35.231,33.1675,9.8,9.4,8.9,0.0
2016-12-20 10:00:00,38.34,38.34,38.34,38.34,36.0,0.0,0.0,35.548,34.565,32.6905,10.8,9.9,8.9,0.02
2016-12-19 15:00:00,34.85,34.85,34.85,34.85,10.0,0.0,0.0,34.85,33.899,32.2135,3.6,6.3,7.1,0.01
2016-12-19 14:30:00,34.85,34.85,34.85,34.85,3.0,0.0,0.0,34.85,33.582,31.911,1.6,5.3,6.6,0.0
2016-12-19 14:00:00,34.85,34.85,34.85,34.85,0.0,0.0,0.0,34.85,33.265,31.6085,0.0,5.2,6.45,0.0
2016-12-19 13:30:00,34.85,34.85,34.85,34.85,5.0,0.0,0.0,34.216,32.948,31.306,9.0,5.2,6.55,0.0
2016-12-19 11:30:00,34.85,34.85,34.85,34.85,0.0,0.0,0.0,33.582,32.631,31.0035,9.0,4.7,7.1,0.0
2016-12-19 11:00:00,34.85,34.85,34.85,34.85,0.0,0.0,0.0,32.948,32.314,30.57,9.0,6.0,7.1,0.0
2016-12-19 10:30:00,31.68,34.85,34.85,31.68,-5.0,3.17,10.01,32.314,31.997,30.1365,9.0,8.4,7.6,0.0
2016-12-19 10:00:00,31.68,31.68,31.68,31.68,45.0,0.0,0.0,31.68,31.392,29.703,10.4,12.7,7.85,0.03
2016-12-16 15:00:00,31.68,31.68,31.68,31.68,5.0,0.0,0.0,31.68,31.104,29.428,1.4,8.4,5.6,0.0
2016-12-16 14:30:00,31.68,31.68,31.68,31.68,0.0,0.0,0.0,31.68,30.816,29.153,0.4,7.9,5.35,0.0
2016-12-16 14:00:00,31.68,31.68,31.68,31.68,0.0,0.0,0.0,31.68,30.528,28.878,3.0,7.9,5.6,0.0
2016-12-16 13:30:00,31.68,31.68,31.68,31.68,2.0,0.0,0.0,31.68,30.24,28.603,7.8,7.9,6.1,0.0
2016-12-16 11:30:00,31.68,31.68,31.68,31.68,0.0,0.0,0.0,31.104,29.952,28.209,15.0,7.7,6.0,0.0
2016-12-16 11:00:00,31.68,31.68,31.68,31.68,0.0,0.0,0.0,30.528,29.664,27.815,15.4,7.9,6.25,0.0
2016-12-16 10:30:00,31.68,31.68,31.68,31.68,13.0,0.0,0.0,29.952,29.376,27.421,15.4,9.5,6.5,0.01
2016-12-16 10:00:00,31.68,31.68,31.68,31.68,24.0,0.0,0.0,29.376,28.826,27.027,12.8,8.2,6.1,0.01
2016-12-15 15:00:00,28.8,28.8,28.8,28.8,38.0,0.0,0.0,28.8,28.276,26.633,8.0,6.8,4.9,0.02
2016-12-15 14:30:00,28.8,28.8,28.8,28.8,2.0,0.0,0.0,28.8,28.014,26.383,0.4,3.0,3.25,0.0
2016-12-15 14:00:00,28.8,28.8,28.8,28.8,0.0,0.0,0.0,28.8,27.752,26.133,0.4,2.8,5.35,0.0
2016-12-15 13:30:00,28.8,28.8,28.8,28.8,0.0,0.0,0.0,28.8,27.49,25.8785,3.6,2.8,5.5,0.0
2016-12-15 11:30:00,28.8,28.8,28.8,28.8,0.0,0.0,0.0,28.276,27.228,25.7247,3.6,3.3,5.79,0.0
2016-12-15 11:00:00,28.8,28.8,28.8,28.8,0.0,0.0,0.0,27.752,26.966,25.5539,5.6,4.3,6.11,0.0
2016-12-15 10:30:00,28.8,28.8,28.8,28.8,2.0,0.0,0.0,27.228,26.466,25.3629,5.6,4.3,6.47,0.0
2016-12-15 10:00:00,28.8,28.8,28.8,28.8,16.0,0.0,0.0,26.704,25.966,25.1481,5.2,4.6,6.75,0.01
2016-12-14 15:00:00,26.18,26.18,26.18,26.18,0.0,0.0,0.0,26.18,25.466,24.9047,2.0,3.5,6.13,0.0
2016-12-14 14:30:00,26.18,26.18,26.18,26.18,10.0,0.0,0.0,26.18,25.228,24.8136,3.0,4.0,6.57,0.01
2016-12-14 14:00:00,26.18,26.18,26.18,26.18,0.0,0.0,0.0,26.18,24.99,24.7085,3.0,3.0,6.31,0.0
2016-12-14 13:30:00,26.18,26.18,26.18,26.18,0.0,0.0,0.0,25.704,24.752,24.5858,3.0,3.5,6.83,0.0
2016-12-14 11:30:00,26.18,26.18,26.18,26.18,0.0,0.0,0.0,25.228,24.514,24.4409,4.0,7.9,7.45,0.0
2016-12-14 11:00:00,26.18,26.18,26.18,26.18,5.0,0.0,0.0,24.752,24.267,24.267,5.0,8.2,8.2,0.0
2016-12-14 10:30:00,26.18,26.18,26.18,26.18,10.0,0.0,0.0,24.276,24.0544,24.0544,5.0,8.56,8.56,0.01
2016-12-13 15:00:00,23.8,23.8,23.8,23.8,0.0,0.0,0.0,23.8,23.7887,23.7887,3.0,8.38,8.38,0.0
2016-12-13 14:30:00,23.8,23.8,23.8,23.8,5.0,0.0,0.0,23.8,23.7871,23.7871,4.0,9.57,9.57,0.0
2016-12-13 14:00:00,23.8,23.8,23.8,23.8,5.0,0.0,0.0,23.8,23.785,23.785,11.8,10.33,10.33,0.0
2016-12-13 13:30:00,23.8,23.8,23.8,23.8,5.0,0.0,0.0,23.782,23.782,23.782,11.4,11.4,11.4,0.0
2016-12-13 11:30:00,23.8,23.8,23.8,23.8,0.0,0.0,0.0,23.7775,23.7775,23.7775,13.0,13.0,13.0,0.0
2016-12-13 11:00:00,23.8,23.8,23.8,23.8,5.0,0.0,0.0,23.77,23.77,23.77,17.33,17.33,17.33,0.0
2016-12-13 10:30:00,23.8,23.8,23.8,23.8,44.0,0.0,0.0,23.755,23.755,23.755,23.5,23.5,23.5,0.03
2016-12-13 10:00:00,19.84,23.71,23.71,19.84,3.0,3.87,19.51,23.71,23.71,23.71,3.0,3.0,3.0,0.0
