date,open,high,close,low,volume,price_change,p_change,ma5,ma10,ma20,v_ma5,v_ma10,v_ma20,turnover
2017-01-06 15:00:00,46.88,47.7,47.45,46.52,10056.0,0.57,1.22,47.558,48.329,49.1915,8059.4,6796.25,5327.96,1.78
2017-01-06 14:30:00,47.54,47.6,46.99,46.72,10070.8,-0.55,-1.16,47.71,48.567,49.3365,7503.0,5931.85,5012.22,1.79
2017-01-06 14:00:00,47.98,47.98,47.54,47.47,4789.0,-0.44,-0.92,48.08,48.862,49.502,6788.89,5031.87,4948.68,0.85
2017-01-06 13:30:00,47.81,48.05,48.0,47.61,9023.06,0.19,0.4,48.41,49.105,49.6225,6798.93,4748.98,5065.61,1.6
2017-01-06 11:30:00,48.27,48.3,47.81,47.8,6358.15,-0.46,-0.95,48.734,49.286,49.689,6046.12,4339.39,4838.75,1.13
2017-01-06 11:00:00,48.85,48.85,48.21,47.95,7274.0,-0.64,-1.31,49.1,49.483,49.767,5533.09,4183.24,4704.54,1.29
2017-01-06 10:30:00,49.18,49.27,48.84,48.79,6500.25,-0.34,-0.69,49.424,49.661,49.8295,4360.69,4200.28,4433.04,1.15
2017-01-06 10:00:00,49.5,50.0,49.19,49.17,4839.2,-0.31,-0.63,49.644,49.824,49.8595,3274.84,4331.19,4217.47,0.86
2017-01-05 15:00:00,49.64,49.77,49.62,49.55,5259.0,-0.02,-0.04,49.8,49.934,49.8535,2699.03,4179.97,4042.31,0.93
2017-01-05 14:30:00,49.85,49.91,49.64,49.59,3793.0,-0.21,-0.42,49.838,49.999,49.8225,2632.66,3939.17,3971.83,0.67
2017-01-05 14:00:00,49.94,49.95,49.83,49.83,1412.0,-0.11,-0.22,49.866,50.054,49.8185,2833.39,3859.67,3871.73,0.25
2017-01-05 13:30:00,49.95,49.97,49.94,49.82,1071.01,-0.01,-0.02,49.898,50.106,49.8075,4039.86,4092.6,3987.63,0.19
2017-01-05 11:30:00,49.84,49.99,49.97,49.67,1960.14,0.13,0.26,50.004,50.142,49.802,5387.53,4865.5,4323.13,0.35
2017-01-05 11:00:00,49.79,49.95,49.81,49.53,4927.13,0.02,0.04,50.068,50.14,49.766,5660.9,5382.24,4738.63,0.87
2017-01-05 10:30:00,49.96,50.2,49.78,49.78,4796.65,-0.18,-0.36,50.16,50.092,49.7335,5245.68,5338.11,4784.48,0.85
2017-01-05 10:00:00,50.4,50.5,49.99,49.92,7444.37,-0.41,-0.81,50.242,50.051,49.7355,4885.95,5225.84,4656.04,1.32
2017-01-04 15:00:00,50.29,50.5,50.47,50.24,7809.37,0.18,0.36,50.314,49.998,49.7305,4145.34,4665.8,4383.53,1.39
2017-01-04 14:30:00,50.27,50.32,50.29,50.18,3327.0,0.02,0.04,50.28,49.895,49.6865,4343.46,4103.76,4149.69,0.59
2017-01-04 14:00:00,50.19,50.37,50.27,50.17,2851.0,0.08,0.16,50.212,49.773,49.6595,5103.58,3904.66,4116.74,0.51
2017-01-04 13:30:00,50.38,50.48,50.19,50.15,2998.0,-0.19,-0.38,50.024,49.646,49.6505,5430.54,4004.49,4139.89,0.53
2017-01-04 11:30:00,50.3,50.5,50.35,50.27,3741.31,0.05,0.1,49.86,49.583,49.6555,5565.74,3883.79,4610.42,0.66
2017-01-04 11:00:00,49.96,50.54,50.3,49.96,8800.0,0.34,0.68,49.682,49.509,49.6545,5186.27,3882.66,5415.69,1.56
2017-01-04 10:30:00,49.33,50.05,49.95,49.14,7127.61,0.62,1.26,49.51,49.462,49.7365,3864.06,3780.77,5236.89,1.26
2017-01-04 10:00:00,49.69,49.75,49.33,49.13,4485.76,-0.36,-0.72,49.334,49.392,49.826,2705.74,4095.02,5075.46,0.8
2017-01-03 15:00:00,49.47,49.51,49.37,49.14,3674.0,-0.1,-0.2,49.268,49.375,49.992,2578.45,4230.84,5014.42,0.65
2017-01-03 14:30:00,49.43,49.5,49.46,49.26,1844.0,0.03,0.06,49.306,49.42,50.152,2201.85,4086.25,5026.65,0.33
2017-01-03 14:00:00,49.07,49.55,49.44,49.06,2188.94,0.37,0.75,49.336,49.463,50.293,2579.05,4101.25,5379.09,0.39
2017-01-03 13:30:00,49.05,49.28,49.07,49.0,1336.0,0.02,0.04,49.414,49.478,50.405,3697.48,4195.61,6299.74,0.24
2017-01-03 11:30:00,49.58,49.58,49.0,48.92,3849.29,-0.58,-1.17,49.45,49.546,50.629,5484.3,4328.81,7069.69,0.68
2017-01-03 11:00:00,49.61,49.63,49.56,49.54,1791.0,-0.05,-0.1,49.482,49.655,50.937,5883.24,4275.28,7203.57,0.32
2017-01-03 10:30:00,49.83,49.83,49.61,49.55,3730.0,-0.22,-0.44,49.534,49.728,51.245,5970.65,5337.04,7212.67,0.66
2017-01-03 10:00:00,49.65,50.2,49.83,49.55,7781.1,0.18,0.36,49.59,49.8,51.552,5623.45,6948.72,7132.47,1.38
2016-12-30 15:00:00,49.18,49.37,49.25,48.52,10270.1,0.07,0.14,49.542,50.011,51.848,4693.75,6693.01,6797.87,1.82
2016-12-30 14:30:00,49.82,49.86,49.16,49.01,5844.0,-0.66,-1.32,49.642,50.26,52.1805,3173.33,6055.89,6385.73,1.04
2016-12-30 14:00:00,49.89,49.9,49.82,49.6,2228.04,-0.07,-0.14,49.828,50.609,52.517,2667.33,5797.99,6367.34,0.4
2016-12-30 13:30:00,49.6,49.96,49.89,49.6,1994.0,0.29,0.58,49.922,50.884,52.8265,4703.44,5967.05,6509.24,0.35
2016-12-30 11:30:00,49.75,49.9,49.59,49.5,3132.61,-0.16,-0.32,50.01,51.123,53.1555,8274.0,6656.93,6650.11,0.56
2016-12-30 11:00:00,50.1,50.12,49.75,49.7,2668.0,-0.35,-0.7,50.48,51.332,53.491,8692.28,8403.87,6809.98,0.47
2016-12-30 10:30:00,50.29,50.3,50.09,49.8,3314.0,-0.2,-0.4,50.878,51.712,53.8405,8938.45,9810.57,6848.96,0.59
2016-12-30 10:00:00,50.52,50.7,50.29,49.45,12408.6,-0.23,-0.46,51.39,52.219,54.18,8928.65,10131.9,6789.18,2.2
2016-12-29 15:00:00,51.94,51.94,50.33,50.15,19846.8,-1.61,-3.1,51.846,52.762,54.516,7230.67,9088.31,6239.58,3.52
2016-12-29 14:30:00,51.74,52.15,51.94,51.7,5224.0,0.2,0.39,52.236,53.304,54.849,5039.86,7316.22,5322.24,0.93
2016-12-29 14:00:00,52.66,52.7,51.74,51.74,3898.86,-0.92,-1.75,52.184,53.685,55.0965,8115.46,6902.72,5135.95,0.69
2016-12-29 13:30:00,52.59,52.66,52.65,52.29,3265.0,0.06,0.11,52.546,54.101,55.354,10682.7,6715.57,5080.61,0.58
2016-12-29 11:30:00,52.35,52.6,52.57,52.07,3918.65,0.22,0.42,53.048,54.425,55.5605,11335.1,6936.7,5302.1,0.7
2016-12-29 11:00:00,51.6,52.4,52.28,51.6,8892.79,0.68,1.32,53.678,54.769,55.7925,10945.9,7051.42,5397.67,1.58
2016-12-29 10:30:00,53.5,53.55,51.68,51.51,20602.0,-1.82,-3.4,54.372,55.188,56.056,9592.58,6643.28,5142.74,3.66
2016-12-29 10:00:00,55.35,55.35,53.55,53.2,16735.0,-1.8,-3.25,55.186,55.65,56.342,5689.99,5216.08,4314.73,2.97
2016-12-28 15:00:00,55.72,55.77,55.16,55.11,6526.94,-0.56,-1.01,55.656,55.969,56.5605,2748.45,3887.36,3656.87,1.16
2016-12-28 14:30:00,55.75,55.85,55.72,55.67,1973.0,-0.03,-0.05,55.802,56.141,56.702,2538.32,3446.49,3416.41,0.35
2016-12-28 14:00:00,55.75,56.03,55.75,55.66,2126.0,0.0,0.0,55.86,56.27,56.8165,3156.9,3390.85,3529.62,0.38
2016-12-28 13:30:00,55.91,55.96,55.75,55.74,1089.0,-0.16,-0.29,56.004,56.394,56.914,3693.99,3328.25,3619.45,0.19
2016-12-28 11:30:00,55.89,55.96,55.9,55.66,2027.3,0.01,0.02,56.114,56.508,57.02,4742.17,3369.18,3904.09,0.36
2016-12-28 11:00:00,56.01,56.1,55.89,55.66,5476.31,-0.12,-0.21,56.282,56.607,57.1025,5026.27,3445.66,4286.19,0.97
2016-12-28 10:30:00,56.47,56.47,56.01,55.9,5065.89,-0.46,-0.81,56.48,56.696,57.15,4354.65,3667.5,4145.27,0.9
2016-12-28 10:00:00,56.07,56.88,56.47,56.07,4811.43,0.4,0.71,56.68,56.816,57.1935,3624.8,3743.92,4009.12,0.85
2016-12-27 15:00:00,56.74,56.86,56.3,56.16,6329.93,-0.44,-0.78,56.784,56.924,57.2215,2962.52,3642.21,3898.34,1.12
2016-12-27 14:30:00,56.88,56.88,56.74,56.62,3447.79,-0.14,-0.25,56.902,57.034,57.2745,1996.19,3413.37,3717.34,0.61
2016-12-27 14:00:00,57.01,57.01,56.88,56.72,2118.22,-0.13,-0.23,56.932,57.152,57.317,1865.05,3426.38,3745.6,0.38
2016-12-27 13:30:00,56.99,57.1,57.01,56.92,1416.65,0.02,0.04,56.912,57.263,57.322,2980.34,3386.34,3843.04,0.25
2016-12-27 11:30:00,56.89,57.2,56.99,56.89,1500.0,0.1,0.18,56.952,57.363,57.3045,3863.03,3668.38,4284.83,0.27
2016-12-27 11:00:00,56.89,57.04,56.89,56.85,1498.31,0.0,0.0,57.064,57.434,57.3195,4321.89,3910.64,4547.68,0.27
2016-12-27 10:30:00,56.81,57.09,56.89,56.78,2792.06,0.08,0.14,57.166,57.532,57.3745,4830.55,4439.0,4585.56,0.5
2016-12-27 10:00:00,57.06,57.4,56.78,56.61,7694.68,-0.28,-0.49,57.372,57.598,57.4105,4987.7,5126.71,4631.41,1.37
2016-12-26 15:00:00,57.55,57.73,57.21,57.0,5830.1,-0.34,-0.59,57.614,57.604,57.46,3792.34,4623.04,4340.13,1.03
2016-12-26 14:30:00,57.39,57.8,57.55,57.15,3794.32,0.16,0.28,57.774,57.571,57.492,3473.74,4274.31,4126.37,0.67
2016-12-26 14:00:00,57.92,58.0,57.4,57.2,4041.61,-0.52,-0.9,57.804,57.519,57.514,3499.39,4154.48,4081.46,0.72
2016-12-26 13:30:00,57.99,58.02,57.92,57.55,3577.81,-0.07,-0.12,57.898,57.515,57.5295,4047.44,4021.3,4032.23,0.63
2016-12-26 11:30:00,58.0,58.22,57.99,57.91,1717.85,-0.01,-0.02,57.824,57.482,57.5245,5265.72,4064.82,4214.94,0.3
2016-12-26 11:00:00,57.7,58.28,58.01,57.6,4237.1,0.31,0.54,57.594,57.381,57.56,5453.75,4299.74,4388.45,0.75
2016-12-26 10:30:00,57.87,57.98,57.7,57.4,3922.56,-0.17,-0.29,57.368,57.246,57.5865,5074.89,4901.28,4410.69,0.7
2016-12-26 10:00:00,56.85,57.87,57.87,56.31,6781.9,1.02,1.79,57.234,57.205,57.624,4809.58,5184.72,4342.86,1.2
2016-12-23 15:00:00,56.84,57.77,57.55,56.84,9669.2,0.71,1.25,57.132,57.217,57.6585,3995.16,4732.13,4163.97,1.72
2016-12-23 14:30:00,56.96,57.18,56.84,56.63,2658.0,-0.12,-0.21,57.14,57.223,57.726,2863.92,4136.11,3850.86,0.47
2016-12-23 14:00:00,56.99,57.2,56.88,56.66,2342.79,-0.11,-0.19,57.168,57.316,57.812,3145.72,4057.21,3945.01,0.42
2016-12-23 13:30:00,57.39,57.39,57.03,56.65,2596.0,-0.36,-0.63,57.124,57.413,57.909,4727.66,3978.43,4202.47,0.46
2016-12-23 11:30:00,57.58,57.8,57.36,57.18,2709.81,-0.22,-0.38,57.176,57.509,58.0215,5559.86,4008.44,4662.43,0.48
2016-12-23 11:00:00,56.96,57.75,57.59,56.96,4013.0,0.63,1.11,57.302,57.544,58.076,5469.1,4043.16,5160.35,0.71
2016-12-23 10:30:00,56.69,57.28,56.98,56.6,4067.0,0.29,0.51,57.306,57.567,58.034,5408.3,4365.06,5143.1,0.72
2016-12-23 10:00:00,57.07,57.07,56.66,56.08,10252.5,-0.41,-0.72,57.464,57.739,58.0405,4968.69,4477.16,5145.22,1.82
2016-12-22 15:00:00,57.99,58.0,57.29,57.15,6757.0,-0.7,-1.21,57.702,57.927,58.061,3229.2,3920.11,4733.4,1.2
2016-12-22 14:30:00,57.61,58.07,57.99,57.61,2256.0,0.38,0.66,57.842,58.043,58.064,2457.01,3501.01,4548.65,0.4
2016-12-22 14:00:00,57.77,57.79,57.61,57.6,3709.0,-0.16,-0.28,57.786,58.1,58.026,2617.21,3595.81,4655.05,0.66
2016-12-22 13:30:00,57.84,57.87,57.77,57.65,1869.0,-0.07,-0.12,57.828,58.229,58.012,3321.81,3565.61,4864.39,0.33
2016-12-22 11:30:00,57.99,58.21,57.85,57.8,1555.0,-0.14,-0.24,58.014,58.308,57.973,3985.62,3832.81,5696.49,0.28
2016-12-22 11:00:00,57.71,58.21,57.99,57.6,2896.06,0.28,0.49,58.152,58.405,58.031,4611.02,4426.5,5858.54,0.51
2016-12-22 10:30:00,57.82,58.02,57.71,57.7,3057.0,-0.11,-0.19,58.244,58.534,58.0845,4545.01,5316.42,6125.6,0.54
2016-12-22 10:00:00,58.5,58.5,57.82,57.7,7232.0,-0.68,-1.16,58.414,58.608,58.1795,4574.41,6277.54,6155.2,1.28
2016-12-21 15:00:00,58.54,58.7,58.7,58.28,5188.04,0.16,0.27,58.63,58.501,58.2835,3809.41,5921.15,5884.05,0.92
2016-12-21 14:30:00,58.41,58.54,58.54,58.01,4682.0,0.13,0.22,58.602,58.342,58.358,3680.0,5813.28,5719.3,0.83
2016-12-21 14:00:00,58.56,58.65,58.45,58.4,2566.0,-0.11,-0.19,58.658,58.195,58.431,4241.99,5546.68,5633.96,0.46
2016-12-21 13:30:00,58.95,59.0,58.56,58.31,3204.0,-0.39,-0.66,58.824,58.085,58.521,6087.83,5596.28,3956.59,0.57
2016-12-21 11:30:00,58.56,58.98,58.9,58.55,3407.0,0.34,0.58,58.802,57.952,58.568,7980.67,5714.29,6522.16,0.6
2016-12-21 11:00:00,58.83,58.93,58.56,58.2,4541.0,-0.27,-0.46,58.372,57.795,58.598,8032.89,6163.16,6771.1,0.81
2016-12-21 10:30:00,59.28,59.35,58.82,58.8,7491.94,-0.46,-0.78,58.082,57.638,58.6595,7946.57,7560.16,6756.7,1.33
2016-12-21 10:00:00,58.38,59.38,59.28,57.65,11795.2,0.9,1.54,57.732,57.657,58.702,6851.37,7290.57,6562.85,2.09
2016-12-20 15:00:00,56.75,58.88,58.45,56.71,12668.2,1.7,3.0,57.346,57.635,58.688,5104.74,6934.78,6167.35,2.25
2016-12-20 14:30:00,57.11,57.11,56.75,56.75,3668.11,-0.36,-0.63,57.102,57.751,58.744,3447.91,6032.86,5810.74,0.65
2016-12-20 14:00:00,57.07,57.19,57.11,56.79,4109.38,0.04,0.07,57.218,58.066,58.8905,4293.44,5846.94,5919.03,0.73
2016-12-20 13:30:00,57.36,57.4,57.07,57.04,2016.0,-0.29,-0.51,57.194,58.374,59.044,7173.76,5625.31,6086.77,0.36
2016-12-20 11:30:00,57.27,57.49,57.35,57.18,3062.0,0.08,0.14,57.582,58.667,59.1695,7729.76,5721.24,6720.13,0.54
2016-12-20 11:00:00,57.33,57.37,57.23,56.96,4384.07,-0.1,-0.17,57.924,58.957,59.3045,8764.81,2316.9,6988.98,0.78
2016-12-20 10:30:00,56.95,57.59,57.33,56.7,7895.75,0.38,0.67,58.4,59.184,59.441,8617.8,7330.02,7080.06,1.4
2016-12-20 10:00:00,59.03,59.2,56.99,56.99,18511.0,-2.04,-3.46,58.914,59.401,59.58,7400.45,7379.04,7105.01,3.29
2016-12-19 15:00:00,59.05,59.19,59.01,58.83,4796.0,-0.04,-0.07,59.554,59.681,59.7465,4076.85,5953.24,6500.4,0.85
2016-12-19 14:30:00,59.7,59.7,59.06,58.38,8237.25,-0.64,-1.07,59.752,59.747,59.859,3712.72,5835.14,6519.85,1.46
2016-12-19 14:00:00,59.9,60.15,59.61,59.51,3649.0,-0.29,-0.48,59.99,59.741,59.981,-4131.01,5399.92,6866.61,0.65
2016-12-19 13:30:00,60.2,60.2,59.9,59.85,1809.0,-0.3,-0.5,59.968,59.737,60.0445,6042.25,5588.62,7225.91,0.32
2016-12-19 11:30:00,60.0,60.4,60.19,59.94,1893.0,0.19,0.32,59.888,59.715,60.062,7357.63,5991.12,7957.04,0.34
2016-12-19 11:00:00,60.25,60.5,60.0,59.9,2975.35,-0.25,-0.41,59.808,59.714,60.0485,7829.63,6548.23,8563.27,0.53
2016-12-19 10:30:00,59.5,60.49,60.25,59.5,-30981.4,0.75,1.26,59.742,59.672,59.956,7957.56,7719.02,8758.4,-5.5
2016-12-19 10:00:00,59.5,59.5,59.5,59.5,54515.3,0.0,0.0,59.492,59.652,59.8835,14930.8,11661.1,10526.6,9.67
2016-12-16 15:00:00,59.79,59.84,59.5,59.41,8385.91,-0.29,-0.49,59.506,59.698,59.8585,5134.98,6830.1,8000.63,1.49
2016-12-16 14:30:00,59.67,59.82,59.79,59.1,4253.0,0.12,0.2,59.542,59.759,59.866,4624.6,6830.97,7906.42,0.75
2016-12-16 14:00:00,59.0,60.0,59.67,58.96,3615.0,0.67,1.14,59.62,59.812,59.876,5266.83,7047.57,8503.51,0.64
2016-12-16 13:30:00,59.57,59.87,59.0,58.94,3885.0,-0.57,-0.96,59.602,59.971,59.8115,7480.47,7204.57,9080.34,0.69
2016-12-16 11:30:00,59.68,59.88,59.57,59.01,5536.0,-0.11,-0.18,59.812,60.221,59.7605,8391.27,8333.31,10205.3,0.98
2016-12-16 11:00:00,60.16,60.66,59.68,59.61,5834.0,-0.48,-0.8,59.89,60.352,59.7765,8525.22,8863.21,10579.0,1.04
2016-12-16 10:30:00,59.58,60.31,60.18,59.5,7464.15,0.6,1.01,59.976,60.409,59.8135,9037.34,9922.96,11735.2,1.32
2016-12-16 10:00:00,59.32,59.78,59.58,58.58,14683.2,0.26,0.44,60.004,60.383,59.7695,8828.31,10578.3,12334.4,2.61
2016-12-15 15:00:00,59.94,60.59,60.05,59.94,8439.0,0.11,0.18,60.34,60.24,59.6735,6928.66,9797.79,11887.0,1.5
2016-12-15 14:30:00,60.12,60.2,59.96,59.82,6205.77,-0.16,-0.27,60.63,60.115,59.554,8275.34,9392.13,12267.7,1.1
2016-12-15 14:00:00,60.32,60.64,60.11,59.72,8394.59,-0.21,-0.35,60.814,60.019,59.3635,9201.19,9171.16,12171.2,1.49
2016-12-15 13:30:00,61.26,61.28,60.32,60.31,6418.95,-0.94,-1.53,60.842,59.973,59.1505,10808.6,8981.88,11974.9,1.14
2016-12-15 11:30:00,61.49,61.75,61.26,61.16,5185.0,-0.23,-0.37,60.762,59.94,58.924,12328.3,9959.46,12408.3,0.92
2016-12-15 11:00:00,60.88,61.9,61.5,60.88,15172.4,0.62,1.02,60.14,59.652,58.6175,12666.9,10956.1,12742.0,2.69
2016-12-15 10:30:00,60.25,60.88,60.88,60.25,10835.0,0.63,1.05,59.6,59.3,58.3335,10508.9,12077.2,12361.3,1.92
2016-12-15 10:00:00,59.73,60.88,60.25,59.25,16431.5,0.52,0.87,59.224,59.201,58.121,9141.12,12294.9,12196.7,2.92
2016-12-14 15:00:00,58.15,60.0,59.92,58.1,14017.6,1.77,3.04,59.104,59.218,57.9275,7155.19,13547.4,11608.6,2.49
2016-12-14 14:30:00,58.8,59.0,58.15,58.01,6878.09,-0.65,-1.11,59.118,59.156,57.7815,7590.63,14090.5,11095.7,1.22
2016-12-14 14:00:00,58.99,59.6,58.8,58.8,4382.37,-0.19,-0.32,59.164,59.107,57.7335,9245.31,13976.2,10975.2,0.78
2016-12-14 13:30:00,59.65,59.94,59.0,58.81,3996.05,-0.65,-1.09,59.0,58.993,57.6555,13645.5,15143.2,11338.1,0.71
2016-12-14 11:30:00,60.15,60.15,59.65,59.07,6501.82,-0.5,-0.83,59.178,58.708,57.5205,15448.6,15171.3,12247.3,1.15
2016-12-14 11:00:00,58.23,60.3,59.99,58.23,16194.8,1.76,3.02,59.332,58.328,57.493,19939.6,14967.9,12676.5,2.87
2016-12-14 10:30:00,57.91,58.54,58.38,57.57,15151.5,0.47,0.81,59.194,57.908,57.4685,20590.4,14857.1,13764.2,2.69
2016-12-14 10:00:00,59.0,59.4,57.98,57.85,26383.4,-1.02,-1.73,59.05,57.583,57.371,18707.1,14528.0,13500.8,4.68
2016-12-13 15:00:00,60.47,60.48,59.89,59.8,13011.5,-0.58,-0.96,58.986,57.367,57.2465,16640.9,12645.3,12426.3,2.31
2016-12-13 14:30:00,59.3,60.64,60.42,59.26,28956.7,1.12,1.89,58.238,57.041,57.012,14894.0,12098.5,12221.5,5.14
2016-12-13 14:00:00,57.66,59.9,59.3,57.65,19448.8,1.64,2.84,57.324,56.637,56.697,9996.23,9669.83,11378.8,3.45
2016-12-13 13:30:00,57.6,57.91,57.66,57.22,5735.0,0.06,0.1,56.622,56.407,56.4495,9123.87,8100.85,10917.7,1.02
2016-12-13 11:30:00,56.15,58.18,57.66,55.85,16052.3,1.51,2.69,56.116,56.36,56.335,10348.9,7974.19,11046.7,2.85
2016-12-13 11:00:00,55.85,56.44,56.15,55.81,4277.0,0.3,0.54,55.748,56.318,56.226,8649.81,7533.08,10813.6,0.76
2016-12-13 10:30:00,55.75,55.98,55.85,55.4,4468.05,0.1,0.18,55.844,56.333,56.214,9303.0,9323.38,10761.2,0.79
2016-12-13 10:00:00,54.9,56.6,55.79,54.64,15087.0,0.89,1.62,55.95,56.658,56.219,9343.43,10385.2,10670.0,2.68
2016-12-12 15:00:00,55.82,56.21,55.13,54.18,11860.0,-0.69,-1.24,56.192,57.029,56.2295,7077.84,12671.2,9998.62,2.1
2016-12-12 14:30:00,56.63,57.06,55.82,55.5,7557.0,-0.81,-1.43,56.604,57.159,56.2705,5599.5,12473.5,9564.92,1.34
2016-12-12 14:00:00,56.38,57.27,56.63,56.06,7542.95,0.25,0.44,56.888,57.126,56.287,6416.36,12207.3,9432.75,1.34
2016-12-12 13:30:00,57.0,57.0,56.38,56.38,4670.22,-0.62,-1.09,56.822,56.983,56.2555,9343.77,12344.5,9476.69,0.83
2016-12-12 11:30:00,57.19,57.3,57.0,56.5,3759.0,-0.19,-0.33,57.366,56.757,56.2445,11426.9,13087.7,9940.38,0.67
2016-12-12 11:00:00,57.24,57.69,57.19,56.6,4468.32,-0.05,-0.09,57.866,56.492,56.2515,18264.6,13734.5,10091.8,0.79
2016-12-12 10:30:00,56.28,57.5,57.24,56.11,11641.3,0.96,1.71,57.714,56.31,56.251,19347.6,14119.3,10264.8,2.07
2016-12-12 10:00:00,57.88,58.2,56.3,56.3,22180.0,-1.58,-2.73,57.364,56.134,56.2435,17998.3,14094.1,9852.6,3.94
2016-12-09 15:00:00,59.45,59.47,59.1,58.6,15085.8,-0.35,-0.59,57.144,56.095,56.2905,15345.3,12199.1,8995.75,2.68
2016-12-09 14:30:00,56.47,60.5,59.5,56.47,37947.8,3.03,5.37,56.148,55.78,56.1835,14748.5,10954.9,8452.36,6.73
2016-12-09 14:00:00,55.49,56.43,56.43,55.18,9883.08,0.94,1.69,55.118,55.43,56.055,9204.36,7326.0,7325.7,1.75
2016-12-09 13:30:00,55.2,55.68,55.49,54.9,4894.61,0.29,0.53,54.906,55.382,56.0325,8890.93,6656.29,7080.9,0.87
2016-12-09 11:30:00,54.12,55.28,55.2,53.89,8915.2,1.08,2.0,54.904,55.448,56.058,10189.9,6658.2,7449.06,1.58
2016-12-09 11:00:00,54.3,54.45,54.12,53.93,12101.9,-0.18,-0.33,55.046,55.528,56.072,9052.91,6608.85,7619.1,2.15
2016-12-09 10:30:00,55.37,55.62,54.35,54.2,10227.0,-1.02,-1.84,55.412,55.732,56.1665,7161.33,6793.05,7376.19,1.81
2016-12-09 10:00:00,55.85,55.99,55.37,55.25,8315.93,-0.48,-0.86,55.742,56.011,56.2755,5447.63,6449.02,7181.18,1.48
2016-12-08 15:00:00,55.88,55.9,55.48,55.36,11389.7,-0.4,-0.72,55.858,56.192,56.341,4421.65,6410.36,6983.08,2.02
2016-12-08 14:30:00,55.95,56.03,55.91,55.86,3230.0,-0.04,-0.07,55.992,56.353,56.4365,3126.45,5611.09,6516.82,0.57
2016-12-08 14:00:00,56.0,56.12,55.95,55.92,2644.04,-0.05,-0.09,56.01,56.486,56.5085,4164.8,5792.39,6485.77,0.47
2016-12-08 13:30:00,55.95,56.18,56.0,55.93,1658.5,0.05,0.09,56.052,56.587,56.601,6424.77,5949.8,6754.67,0.29
2016-12-08 11:30:00,56.15,56.15,55.95,55.84,3185.99,-0.2,-0.36,56.28,56.68,56.657,7450.41,7325.4,7077.99,0.57
2016-12-08 11:00:00,56.0,56.32,56.15,55.91,4913.73,0.15,0.27,56.526,56.683,56.707,8399.08,7505.5,7155.55,0.87
2016-12-08 10:30:00,56.16,56.31,56.0,55.88,8421.72,-0.16,-0.28,56.714,56.668,56.7525,8095.73,8239.91,7092.21,1.49
2016-12-08 10:00:00,57.0,57.1,56.16,56.03,13943.9,-0.84,-1.47,56.962,56.616,56.811,7419.99,8629.34,6818.35,2.47
2016-12-07 15:00:00,57.18,57.26,57.14,57.0,6786.73,-0.04,-0.07,57.122,56.601,56.881,5474.84,7959.33,6198.65,1.2
2016-12-07 14:30:00,57.1,57.61,57.18,57.1,7929.31,0.08,0.14,57.08,56.54,56.889,7200.39,7913.33,6021.61,1.41
2016-12-07 14:00:00,57.2,57.22,57.09,56.91,3397.0,-0.11,-0.19,56.84,56.49,56.8975,6611.93,7555.8,5785.1,0.6
2016-12-07 13:30:00,56.9,57.3,57.24,56.86,5043.0,0.34,0.6,56.622,56.52,56.937,8384.09,7422.55,5895.44,0.89
2016-12-07 11:30:00,56.93,57.09,56.96,56.7,4218.16,0.03,0.05,56.27,56.531,56.955,9838.69,7179.15,6282.94,0.75
2016-12-07 11:00:00,55.93,57.26,56.93,55.92,15414.5,1.0,1.79,56.08,56.615,56.998,10443.8,7559.53,6556.58,2.74
2016-12-07 10:30:00,55.99,56.05,55.98,55.7,4987.0,-0.01,-0.02,56.0,56.634,57.031,8626.27,6830.58,6459.61,0.89
2016-12-07 10:00:00,56.0,56.4,56.0,55.67,12257.8,0.0,0.0,56.14,56.731,57.171,8499.66,6805.59,6518.06,2.18
2016-12-06 15:00:00,56.01,56.01,55.48,55.19,12316.0,-0.53,-0.95,56.418,56.837,57.331,6461.01,5944.5,6141.37,2.19
2016-12-06 14:30:00,56.53,56.6,56.01,56.01,7243.76,-0.52,-0.92,56.792,57.006,57.5125,4519.61,5007.35,5846.29,1.29
2016-12-06 14:00:00,56.69,56.78,56.53,56.38,6326.77,-0.16,-0.28,57.15,57.161,57.6765,4675.25,4437.97,6157.45,1.12
2016-12-06 13:30:00,57.3,57.36,56.68,56.68,4354.0,-0.62,-1.08,57.268,57.238,57.835,5034.89,4129.9,6611.14,0.77
2016-12-06 11:30:00,57.3,57.45,57.39,57.2,2064.5,0.09,0.16,57.322,57.305,58.0485,5111.52,4014.4,7223.7,0.37
2016-12-06 11:00:00,57.8,57.85,57.35,57.3,2609.0,-0.45,-0.78,57.256,57.354,58.294,5427.99,4368.33,7532.52,0.46
2016-12-06 10:30:00,57.12,58.0,57.8,56.95,8021.97,0.68,1.19,57.22,57.379,58.577,5495.09,5386.73,7753.83,1.42
2016-12-06 10:00:00,57.99,57.99,57.12,56.94,8125.0,-0.87,-1.5,57.172,57.381,58.8595,4200.7,5553.63,7654.63,1.44
2016-12-05 15:00:00,57.06,57.3,56.95,56.82,4737.15,-0.11,-0.19,57.208,57.428,59.212,3224.9,6088.64,8126.17,0.84
2016-12-05 14:30:00,57.17,57.18,57.06,56.92,3646.85,-0.11,-0.19,57.288,57.611,59.5165,2917.27,6230.52,8080.98,0.65
2016-12-05 14:00:00,57.56,57.58,57.17,57.05,2944.48,-0.39,-0.68,57.452,57.825,59.8185,3308.66,6338.25,8215.64,0.52
2016-12-05 13:30:00,57.3,57.7,57.56,57.3,1550.0,0.26,0.45,57.538,58.019,60.1155,5278.36,6685.24,8520.0,0.28
2016-12-05 11:30:00,57.35,57.58,57.3,57.12,3246.0,-0.05,-0.09,57.59,58.192,60.3555,6906.56,7876.94,8868.25,0.58
2016-12-05 11:00:00,57.88,57.95,57.35,57.28,3199.0,-0.53,-0.92,57.648,58.432,60.6255,8952.38,9092.38,9011.15,0.57
2016-12-05 10:30:00,57.6,57.91,57.88,57.25,5603.81,0.28,0.49,57.934,58.792,60.881,9543.78,10433.0,9241.19,0.99
2016-12-05 10:00:00,56.6,58.35,57.6,56.6,12793.0,1.0,1.77,58.198,59.234,61.0965,9367.84,10696.7,9219.4,2.27
2016-12-02 15:00:00,57.59,58.19,57.82,57.59,9690.99,0.23,0.4,58.5,59.775,61.2965,8092.11,10120.9,8915.84,1.72
2016-12-02 14:30:00,58.78,58.78,57.59,57.25,13475.1,-1.19,-2.02,58.794,60.338,61.4745,8847.3,9755.62,8789.8,2.39
2016-12-02 14:00:00,59.24,59.35,58.78,58.51,6156.0,-0.46,-0.78,59.216,60.996,61.7105,9232.39,10163.7,8250.56,1.09
2016-12-02 13:30:00,59.0,59.37,59.2,59.0,4724.08,0.2,0.34,59.65,61.422,61.8915,11322.2,9931.44,8300.09,0.84
2016-12-02 11:30:00,59.29,59.95,59.11,59.09,6414.37,-0.18,-0.3,60.27,61.812,62.0865,12025.6,10093.0,8635.14,1.14
2016-12-02 11:00:00,59.7,59.7,59.29,58.99,13467.0,-0.41,-0.69,61.05,62.212,61.3785,12149.7,10354.8,8738.63,2.39
2016-12-02 10:30:00,60.96,61.2,59.7,59.43,15400.5,-1.26,-2.07,61.882,62.519,60.6135,10663.9,9859.57,8247.08,2.73
2016-12-02 10:00:00,62.0,62.41,60.95,60.8,16605.1,-1.05,-1.69,62.776,62.819,59.832,11095.0,8929.92,7568.8,2.95
2016-12-01 15:00:00,63.01,63.05,62.3,62.29,8240.93,-0.71,-1.13,63.194,62.97,58.9855,8540.68,8049.39,6829.9,1.46
2016-12-01 14:30:00,63.5,63.55,63.01,62.68,7035.2,-0.49,-0.77,63.354,62.959,58.0715,8160.49,7742.1,6627.3,1.25
2016-12-01 14:00:00,64.17,64.43,63.45,63.3,6038.0,-0.72,-1.12,63.374,62.818,57.119,8559.77,7710.76,6507.56,1.07
2016-12-01 13:30:00,63.09,64.89,64.17,63.09,17555.8,1.08,1.71,63.156,62.611,56.153,9055.19,7823.98,6474.89,3.12
2016-12-01 11:30:00,63.1,63.28,63.04,62.79,3833.46,-0.06,-0.1,62.862,62.425,55.1625,6764.84,6337.42,6522.67,0.68
2016-12-01 11:00:00,63.1,63.34,63.1,62.7,6340.0,0.0,0.0,62.746,62.361,54.1505,7558.11,6668.74,6405.34,1.13
2016-12-01 10:30:00,62.36,63.36,63.11,61.9,9031.58,0.75,1.2,62.564,62.361,53.135,7323.71,7177.24,6129.93,1.6
2016-12-01 10:00:00,62.73,62.79,62.36,61.8,8515.15,-0.37,-0.59,62.262,60.545,52.122,6861.75,7122.5,5722.84,1.51
2016-11-30 15:00:00,62.46,62.7,62.7,62.06,6104.0,0.24,0.38,62.066,58.708,51.1505,6592.77,6634.58,5343.94,1.08
2016-11-30 14:30:00,62.19,62.8,62.46,61.9,7799.81,0.27,0.43,61.988,56.845,50.163,5909.99,6207.68,5097.48,1.38
2016-11-30 14:00:00,61.5,62.39,62.19,61.5,5168.0,0.69,1.12,61.976,55.001,49.201,5779.38,5610.4,4770.12,0.92
2016-11-30 13:30:00,61.28,61.81,61.6,61.07,6721.78,0.32,0.52,62.158,53.184,48.25,7030.78,5512.5,4577.24,1.19
2016-11-30 11:30:00,62.31,62.37,61.38,61.32,7170.27,-0.93,-1.49,58.828,51.42,47.3165,7383.24,5304.36,4295.12,1.27
2016-11-30 11:00:00,62.4,62.7,62.31,62.11,2690.1,-0.09,-0.14,55.35,49.695,46.3925,6676.39,5125.8,3975.13,0.48
2016-11-30 10:30:00,63.1,63.3,62.4,61.99,7146.75,-0.7,-1.11,51.702,47.9,45.412,6505.37,6707.92,3906.72,1.27
2016-11-30 10:00:00,62.28,63.5,63.1,61.8,11425.0,0.82,1.32,48.026,45.94,44.427,5441.41,6141.94,3636.11,2.03
2016-10-13 15:00:00,44.0,45.03,44.95,43.93,8484.1,0.95,2.16,44.21,43.909,43.4075,3994.22,5082.61,3247.0,1.51
2016-10-13 14:30:00,44.07,44.07,43.99,43.96,3636.0,-0.08,-0.18,44.012,43.699,43.3125,3225.47,4323.18,2880.0,0.65
2016-10-13 14:00:00,44.02,44.1,44.07,43.98,1835.0,0.05,0.11,44.04,43.593,43.2665,3575.21,4053.3,2780.73,0.33
2016-10-13 13:30:00,44.02,44.2,44.02,43.97,1827.0,0.0,0.0,44.098,43.481,43.219,6910.47,3987.28,2783.51,0.32
2016-10-13 11:30:00,43.96,44.22,44.02,43.96,4189.0,0.06,0.14,43.854,43.401,43.188,6842.46,3929.85,2804.22,0.74
2016-10-13 11:00:00,44.13,44.22,43.96,43.81,4640.33,-0.17,-0.39,43.608,43.316,43.153,6171.0,3641.97,2613.14,0.82
2016-10-13 10:30:00,44.35,44.6,44.13,44.12,5384.74,-0.22,-0.5,43.386,43.213,43.124,5420.89,3285.89,2435.82,0.96
2016-10-13 10:00:00,45.45,45.45,44.36,44.32,18511.3,-1.09,-2.4,43.146,43.09,43.074,4531.38,2824.45,2209.02,3.29
2016-10-12 14:30:00,42.78,42.8,42.8,42.58,1486.94,0.02,0.05,42.864,42.924,43.0195,1064.08,1105.52,1313.8,0.26
2016-10-12 14:00:00,42.86,42.94,42.79,42.75,831.69,-0.07,-0.16,42.948,42.914,43.0305,1017.23,1130.29,1400.79,0.15
2016-10-12 13:30:00,42.93,42.93,42.85,42.8,889.76,-0.08,-0.19,43.024,42.906,43.0465,1112.95,1411.4,1517.31,0.16
2016-10-12 11:30:00,43.0,43.0,42.93,42.81,937.24,-0.07,-0.16,43.04,42.926,43.0615,1150.89,1436.83,1624.98,0.17
2016-10-12 11:00:00,43.22,43.27,42.95,42.92,1174.76,-0.27,-0.62,43.034,42.94,43.033,1117.51,1508.17,1626.94,0.21
2016-10-12 10:30:00,43.18,43.28,43.22,43.14,1252.7,0.04,0.09,42.984,42.957,43.001,1146.96,1579.74,1594.74,0.22
2016-10-12 10:00:00,42.8,43.29,43.17,42.8,1310.27,0.37,0.86,42.88,42.975,42.951,1243.34,1678.6,1559.92,0.23
2016-10-11 15:00:00,42.85,42.98,42.93,42.79,1079.47,0.08,0.19,42.788,42.99,42.909,1709.85,1584.31,1556.35,0.19
2016-10-11 14:30:00,42.68,42.97,42.9,42.67,770.36,0.22,0.52,42.812,43.035,42.8705,1722.77,1585.76,1543.61,0.14
2016-10-11 14:00:00,42.7,42.78,42.7,42.64,1322.0,0.0,0.0,42.846,43.058,42.8305,1898.82,1593.58,1557.45,0.23
2016-10-11 13:30:00,42.7,42.82,42.7,42.64,1734.61,0.0,0.0,42.93,43.115,42.8,2012.52,1522.08,1531.5,0.31
2016-10-11 11:30:00,43.05,43.1,42.71,42.7,3642.81,-0.34,-0.79,43.07,43.147,42.775,2113.86,1671.3,1497.03,0.65
2016-10-11 11:00:00,43.06,43.1,43.05,43.02,1144.09,-0.01,-0.02,43.192,43.187,42.749,1458.77,1623.22,1378.06,0.2
2016-10-11 10:30:00,43.12,43.2,43.07,43.02,1650.6,-0.05,-0.12,43.258,43.197,42.71,1448.74,1813.13,1370.49,0.29
2016-10-11 10:00:00,43.39,43.48,43.12,43.05,1890.51,-0.27,-0.62,43.27,43.126,42.6735,1288.35,1745.72,1348.42,0.34
2016-10-10 15:00:00,43.32,43.49,43.4,43.15,2241.31,0.08,0.18,43.3,43.045,42.6515,1031.65,1609.74,1298.93,0.4
2016-10-10 14:30:00,43.37,43.38,43.32,43.2,367.34,-0.05,-0.12,43.224,42.927,42.6085,1228.73,1441.23,1211.63,0.07
2016-10-10 14:00:00,43.29,43.38,43.38,43.13,1093.93,0.09,0.21,43.182,42.828,42.577,1787.68,1528.4,1236.01,0.19
2016-10-10 13:30:00,43.27,43.35,43.13,43.06,848.65,-0.14,-0.32,43.136,42.706,42.5405,2177.53,1501.47,1280.13,0.15
2016-10-10 11:30:00,43.02,43.32,43.27,43.02,607.0,0.25,0.58,42.982,42.603,42.505,2203.08,1521.31,1372.91,0.11
2016-10-10 11:00:00,43.11,43.32,43.02,42.88,3226.71,-0.09,-0.21,42.79,42.485,42.424,2187.83,1540.91,1413.94,0.57
2016-10-10 10:30:00,43.15,43.6,43.11,43.11,3162.1,-0.04,-0.09,42.63,42.403,42.357,1653.74,1322.76,1291.71,0.56
2016-10-10 10:00:00,42.51,43.15,43.15,42.51,3043.18,0.64,1.51,42.474,42.311,42.291,1269.12,1132.9,1203.78,0.54
2016-09-30 15:00:00,42.31,42.45,42.36,42.2,976.42,0.05,0.12,42.276,42.223,42.228,825.41,927.84,1126.68,0.17
2016-09-30 14:30:00,42.22,42.35,42.31,42.21,530.76,0.09,0.21,42.224,42.221,42.2,839.53,951.13,1147.6,0.09
2016-09-30 14:00:00,42.33,42.35,42.22,42.2,556.24,-0.11,-0.26,42.18,42.258,42.163,893.98,988.11,1175.96,0.1
2016-09-30 13:30:00,42.16,42.4,42.33,42.11,1239.0,0.17,0.4,42.176,42.29,42.142,991.78,982.03,1303.01,0.22
2016-09-30 11:30:00,42.1,42.26,42.16,42.1,824.65,0.06,0.14,42.148,42.326,42.0805,996.68,943.62,1310.13,0.15
2016-09-30 11:00:00,42.09,42.18,42.1,42.0,1047.0,0.01,0.02,42.17,42.375,42.007,1030.27,1058.79,1364.26,0.19
2016-09-30 10:30:00,42.2,42.24,42.09,42.01,803.0,-0.11,-0.26,42.218,42.407,41.935,1062.73,1224.52,1425.9,0.14
2016-09-30 10:00:00,42.49,42.49,42.2,42.1,1045.26,-0.29,-0.68,42.336,42.363,41.8645,1082.25,1286.97,1415.21,0.19
2016-09-29 15:00:00,42.27,42.28,42.19,42.11,1263.5,-0.08,-0.19,42.404,42.311,41.786,972.28,1260.65,1402.95,0.22
2016-09-29 14:30:00,42.34,42.42,42.27,42.12,992.57,-0.07,-0.17,42.504,42.271,41.7115,890.55,1274.67,1387.43,0.18
2016-09-29 14:00:00,42.69,42.69,42.34,42.34,1209.31,-0.35,-0.82,42.58,42.233,41.6455,1087.32,1325.52,1368.61,0.21
2016-09-29 13:30:00,42.54,42.69,42.68,42.53,900.61,0.14,0.33,42.596,42.179,41.569,1386.31,1344.07,1347.05,0.16
2016-09-29 11:30:00,42.69,42.72,42.54,42.53,495.4,-0.15,-0.35,42.39,42.068,41.4815,1491.7,1363.81,1382.09,0.09
2016-09-29 11:00:00,42.65,42.72,42.69,42.55,854.86,0.04,0.09,42.218,41.994,41.385,1549.02,1623.99,1419.42,0.15
2016-09-29 10:30:00,42.42,42.77,42.65,42.36,1976.43,0.23,0.54,42.038,41.835,41.3,1658.79,1676.65,1452.4,0.35
2016-09-29 10:00:00,41.76,42.5,42.42,41.76,2704.26,0.66,1.58,41.886,41.639,41.217,1563.71,1669.73,1443.85,0.48
2016-09-28 15:00:00,41.65,41.7,41.65,41.51,1427.54,0.0,0.0,41.762,41.463,41.13,1301.83,1627.28,1440.09,0.25
2016-09-28 14:30:00,41.76,41.8,41.68,41.52,782.03,-0.08,-0.19,41.746,41.366,41.097,1235.93,1543.45,1421.94,0.14
2016-09-28 14:00:00,41.92,41.95,41.79,41.7,1403.68,-0.13,-0.31,41.77,41.261,41.069,1698.95,1545.25,1479.97,0.25
2016-09-28 13:30:00,41.8,41.97,41.89,41.72,1501.04,0.09,0.22,41.632,41.152,41.032,1694.51,1500.2,1511.44,0.27
2016-09-28 11:30:00,41.57,41.8,41.8,41.43,1394.88,0.23,0.55,41.392,41.058,40.993,1775.75,1411.7,1564.08,0.25
2016-09-28 11:00:00,41.79,41.8,41.57,41.48,1098.0,-0.22,-0.53,41.164,40.959,41.0035,1952.73,1350.02,1556.28,0.19
2016-09-28 10:30:00,41.1,41.8,41.8,41.1,3097.15,0.7,1.7,40.986,40.895,41.0375,1850.97,1400.36,1513.93,0.55
2016-09-28 10:00:00,40.76,41.17,41.1,40.76,1381.49,0.34,0.83,40.752,40.776,41.064,1391.55,1214.85,1375.9,0.25
2016-09-27 15:00:00,40.66,40.8,40.69,40.53,1907.25,0.03,0.07,40.672,40.765,41.115,1305.88,1228.16,1362.36,0.34
2016-09-27 14:30:00,40.66,40.75,40.66,40.45,2279.77,0.0,0.0,40.724,40.795,41.1945,1047.64,1217.97,1283.3,0.4
2016-09-27 14:00:00,40.63,40.69,40.68,40.6,589.2,0.05,0.12,40.754,40.797,41.2745,747.3,1252.9,1199.06,0.1
2016-09-27 13:30:00,40.7,40.75,40.63,40.61,800.06,-0.07,-0.17,40.804,40.828,41.35,949.75,1300.43,1272.19,0.14
2016-09-27 11:30:00,40.95,41.0,40.7,40.7,953.12,-0.25,-0.61,40.8,40.877,41.435,1038.14,1414.69,1365.16,0.17
2016-09-27 11:00:00,40.77,40.95,40.95,40.77,616.07,0.18,0.44,40.858,40.912,41.536,1150.43,1522.68,1356.95,0.11
2016-09-27 10:30:00,40.93,40.93,40.81,40.7,778.07,-0.12,-0.29,40.866,40.928,41.627,1388.29,1716.47,1380.98,0.14
2016-09-27 10:00:00,40.76,41.37,40.93,40.47,1601.45,0.17,0.42,40.84,41.048,41.7315,1758.49,1762.54,1396.85,0.28
2016-09-26 15:00:00,41.0,41.0,40.61,40.56,1242.0,-0.39,-0.95,40.852,41.18,41.836,1651.11,1627.5,1343.03,0.22
2016-09-26 14:30:00,40.99,41.13,40.99,40.74,1514.57,0.0,0.0,40.954,41.352,41.964,1791.24,1536.94,1315.52,0.27
2016-09-26 14:00:00,40.68,41.0,40.99,40.52,1805.36,0.31,0.76,40.966,41.465,42.0785,1894.92,1496.57,1374.59,0.32
2016-09-26 13:30:00,40.87,41.12,40.68,40.67,2629.08,-0.19,-0.46,40.99,41.594,42.1885,2044.65,1348.64,1370.0,0.47
2016-09-26 11:30:00,41.12,41.25,40.99,40.86,1064.56,-0.13,-0.32,41.256,41.752,42.3095,1766.59,1145.23,1333.29,0.19
2016-09-26 11:00:00,41.05,41.2,41.12,40.75,1942.62,0.07,0.17,41.508,41.872,42.395,1603.88,1243.94,1373.3,0.34
2016-09-26 10:30:00,41.11,41.36,41.05,41.03,2033.0,-0.06,-0.15,41.75,41.993,42.482,1282.65,1315.64,1344.17,0.36
2016-09-26 10:00:00,42.0,42.0,41.11,41.02,2554.0,-0.89,-2.12,41.964,42.16,42.5955,1098.22,1191.23,1320.34,0.45
2016-09-23 15:00:00,42.25,42.34,42.01,42.01,1238.76,-0.24,-0.57,42.198,42.326,42.71,652.62,1045.48,1298.16,0.22
2016-09-23 14:30:00,42.33,42.33,42.25,42.22,251.0,-0.08,-0.19,42.248,42.415,42.7615,523.87,1031.16,1294.81,0.04
2016-09-23 14:00:00,42.12,42.33,42.33,42.11,336.47,0.21,0.5,42.236,42.492,42.7825,884.01,1058.56,1361.3,0.06
2016-09-23 13:30:00,42.28,42.34,42.12,42.11,1110.86,-0.16,-0.38,42.236,42.576,42.815,1348.62,1094.1,1547.26,0.2
2016-09-23 11:30:00,42.26,42.36,42.28,42.24,326.0,0.02,0.05,42.356,42.692,42.8715,1284.24,1252.61,1671.45,0.06
2016-09-23 11:00:00,42.18,42.41,42.26,42.18,595.0,0.08,0.19,42.454,42.783,42.862,1438.34,1391.37,1709.88,0.11
2016-09-23 10:30:00,42.37,42.48,42.19,42.07,2051.71,-0.18,-0.42,42.582,42.867,42.843,1538.45,1521.35,1717.41,0.36
2016-09-23 10:00:00,42.88,43.0,42.33,42.12,2659.55,-0.55,-1.28,42.748,42.918,42.8335,1233.11,1502.67,1654.2,0.47
2016-09-22 15:00:00,42.77,42.77,42.72,42.7,788.92,-0.05,-0.12,42.916,42.971,42.826,839.59,1372.7,1560.5,0.14
2016-09-22 14:30:00,42.9,42.93,42.77,42.68,1096.53,-0.13,-0.3,43.028,43.031,42.8005,1220.98,1449.46,1595.42,0.19
2016-09-22 14:00:00,43.03,43.03,42.9,42.81,1095.55,-0.13,-0.3,43.112,43.094,42.777,1344.4,1550.84,1669.2,0.19
2016-09-22 13:30:00,43.17,43.18,43.02,43.02,525.0,-0.15,-0.35,43.152,43.108,42.7395,1504.25,1558.47,1699.39,0.09
2016-09-22 11:30:00,43.28,43.32,43.17,43.01,691.93,-0.11,-0.25,43.088,43.073,42.688,1772.23,1664.04,1775.6,0.12
2016-09-22 11:00:00,43.13,43.35,43.28,43.13,2695.87,0.15,0.35,43.026,43.054,42.6275,1905.82,2000.42,1782.38,0.48
2016-09-22 10:30:00,43.08,43.21,43.19,42.93,1713.63,0.11,0.26,43.034,43.051,42.552,1677.95,2090.3,1708.0,0.3
2016-09-22 10:00:00,42.97,43.43,43.1,42.7,1894.84,0.13,0.3,43.076,42.941,42.493,1757.28,2028.4,1663.98,0.34
2016-09-21 15:00:00,42.86,42.87,42.7,42.62,1864.86,-0.16,-0.37,43.064,42.819,42.438,1612.68,1913.46,1619.35,0.33
2016-09-21 14:30:00,43.32,43.32,42.86,42.85,1359.91,-0.46,-1.06,43.058,42.749,42.406,1555.85,1805.73,1561.31,0.24
2016-09-21 14:00:00,43.41,43.56,43.32,43.26,1556.51,-0.09,-0.21,43.082,42.681,42.3595,2095.02,1748.3,1593.2,0.28
2016-09-21 13:30:00,43.04,43.45,43.4,43.03,2110.3,0.36,0.84,43.068,42.57,42.2905,2502.64,1741.38,1660.67,0.37
2016-09-21 11:30:00,42.68,43.08,43.04,42.67,1171.81,0.36,0.84,42.806,42.46,42.184,2299.52,1787.56,1607.98,0.21
2016-09-21 11:00:00,42.98,43.09,42.67,42.67,1580.74,-0.31,-0.72,42.574,42.371,42.0785,2214.24,1840.32,1640.23,0.28
2016-09-21 10:30:00,43.25,43.26,42.98,42.8,4055.72,-0.27,-0.62,42.44,42.303,42.0,2055.61,1887.15,1617.34,0.72
2016-09-21 10:00:00,42.16,43.39,43.25,42.0,3594.65,1.09,2.59,42.28,42.201,41.906,1401.59,1564.34,1447.42,0.64
2016-09-20 15:00:00,41.88,42.18,42.09,41.85,1094.67,0.21,0.5,42.072,42.053,41.802,980.11,1325.7,1297.2,0.19
2016-09-20 14:30:00,42.0,42.04,41.88,41.83,745.44,-0.12,-0.29,42.114,42.045,41.7555,1275.6,1299.56,1343.97,0.13
2016-09-20 14:00:00,42.15,42.21,42.0,41.82,787.58,-0.15,-0.36,42.168,42.057,41.722,1466.4,1325.24,1345.08,0.14
2016-09-20 13:30:00,42.21,42.31,42.18,42.1,785.6,-0.03,-0.07,42.166,42.063,41.6905,1718.7,1316.88,1377.42,0.14
2016-09-20 11:30:00,42.29,42.41,42.21,42.2,1487.25,-0.08,-0.19,42.122,42.038,41.641,1727.08,1438.1,1405.17,0.26
2016-09-20 11:00:00,42.15,42.43,42.3,41.93,2572.14,0.15,0.36,42.034,42.011,41.5795,1671.3,1579.97,1495.13,0.46
2016-09-20 10:30:00,41.99,42.2,42.15,41.99,1699.44,0.16,0.38,41.976,41.908,41.5125,1323.52,1428.39,1399.38,0.3
2016-09-20 10:00:00,41.92,42.43,41.99,41.81,2049.05,0.07,0.17,41.946,41.786,41.462,1184.07,1440.14,1359.92,0.36
2016-09-19 15:00:00,41.77,42.03,41.96,41.76,827.53,0.19,0.45,41.96,41.697,41.415,915.06,1347.54,1276.41,0.15
2016-09-19 14:30:00,42.02,42.05,41.77,41.75,1208.35,-0.25,-0.59,41.954,41.611,41.3735,1149.11,1330.51,1324.76,0.21
2016-09-19 14:00:00,42.0,42.08,42.01,41.99,833.23,0.01,0.02,41.988,41.551,41.35,1488.64,1268.7,1435.5,0.15
2016-09-19 13:30:00,42.06,42.08,42.0,41.95,1002.21,-0.06,-0.14,41.84,41.466,41.293,1533.27,1388.38,1498.24,0.18
2016-09-19 11:30:00,41.93,42.08,42.06,41.86,704.0,0.13,0.31,41.626,41.387,41.233,1696.21,1364.93,1610.56,0.12
2016-09-19 11:00:00,41.94,42.14,41.93,41.85,1997.77,-0.01,-0.02,41.434,41.318,41.1525,1780.01,1437.95,1871.81,0.35
2016-09-19 10:30:00,41.27,41.97,41.94,41.27,2906.0,0.67,1.62,41.268,41.244,41.1145,1511.92,1372.25,1967.66,0.52
2016-09-19 10:00:00,40.9,41.3,41.27,40.7,1056.35,0.37,0.9,41.114,41.148,41.093,1048.75,1410.3,1899.76,0.19
2016-09-14 15:00:00,41.1,41.12,40.93,40.9,1816.92,-0.17,-0.41,41.092,41.117,41.1405,1243.49,1370.36,1908.83,0.32
2016-09-14 14:30:00,41.1,41.14,41.1,41.02,1123.0,0.0,0.0,41.148,41.138,41.208,1033.64,1279.69,1899.56,0.2
2016-09-14 14:00:00,41.17,41.17,41.1,41.0,657.31,-0.07,-0.17,41.202,41.133,41.263,1095.89,1205.29,1895.58,0.12
2016-09-14 13:30:00,41.16,41.17,41.17,41.0,590.17,0.01,0.02,41.22,41.136,41.3165,1232.59,1319.01,1910.35,0.1
2016-09-14 11:30:00,41.21,41.36,41.16,40.85,2030.06,-0.05,-0.12,41.182,41.149,41.3655,1771.84,1602.3,1990.64,0.36
2016-09-14 11:00:00,41.37,41.37,41.21,41.15,767.68,-0.16,-0.39,41.142,41.12,41.466,1497.23,1608.11,1948.46,0.14
2016-09-14 10:30:00,41.19,41.45,41.37,41.19,1434.24,0.18,0.44,41.128,41.079,41.5695,1525.73,1856.2,1950.48,0.25
2016-09-14 10:00:00,40.81,41.19,41.19,40.81,1340.78,0.38,0.93,41.064,40.987,41.669,1314.69,2305.68,1895.32,0.24
2016-09-13 15:00:00,40.96,41.18,40.98,40.95,3286.44,0.02,0.05,41.052,40.985,41.771,1405.44,2563.08,1867.06,0.58
2016-09-13 14:30:00,41.14,41.14,40.96,40.87,657.0,-0.18,-0.44,41.116,41.038,41.8935,1432.76,2389.22,1730.24,0.12
2016-09-13 14:00:00,41.05,41.18,41.14,40.98,910.21,0.09,0.22,41.098,41.164,42.0155,1718.98,2447.3,1742.44,0.16
2016-09-13 13:30:00,41.13,41.13,41.05,40.95,379.0,-0.08,-0.19,41.03,41.278,42.1385,2186.67,2519.44,1739.15,0.07
2016-09-13 11:30:00,41.3,41.32,41.13,40.79,1794.53,-0.17,-0.41,40.91,41.393,42.2705,3296.67,2585.87,1789.0,0.32
2016-09-13 11:00:00,40.87,41.4,41.3,40.72,3423.05,0.43,1.05,40.918,41.497,42.379,3720.72,2501.69,1797.84,0.61
2016-09-13 10:30:00,40.8,40.96,40.87,40.68,2088.13,0.07,0.17,40.96,41.582,42.476,3345.69,2378.98,1812.07,0.37
2016-09-13 10:00:00,40.55,41.0,40.8,40.55,3248.64,0.25,0.62,41.23,41.812,42.6025,3175.61,2288.82,1783.99,0.58
2016-09-12 15:00:00,41.16,41.44,40.45,40.38,5929.01,-0.71,-1.72,41.526,42.06,42.7285,2852.2,2044.76,1706.16,1.05
2016-09-12 14:30:00,41.51,41.62,41.17,41.16,3914.76,-0.34,-0.82,41.876,42.351,42.871,1875.06,1484.96,1471.35,0.69
2016-09-12 14:00:00,42.22,42.29,41.51,41.51,1547.9,-0.71,-1.68,42.076,42.557,42.985,1282.67,1171.04,1306.27,0.27
2016-09-12 13:30:00,42.28,42.31,42.22,42.2,1237.76,-0.06,-0.14,42.204,42.749,43.0875,1412.28,1071.25,1305.27,0.22
2016-09-12 11:30:00,42.2,42.4,42.28,42.2,1631.58,0.08,0.19,42.394,42.867,43.164,1402.03,1037.57,1323.82,0.29
2016-09-12 11:00:00,42.1,42.2,42.2,42.06,1043.3,0.1,0.24,42.594,42.999,43.2345,1237.31,958.86,1398.25,0.19
2016-09-12 10:30:00,42.15,42.18,42.17,42.05,952.81,0.02,0.05,42.826,43.148,43.3195,1094.85,992.13,1420.04,0.17
