date,open,high,close,low,volume,price_change,p_change,ma5,ma10,ma20,v_ma5,v_ma10,v_ma20,turnover
2017-03-17 15:00:00,48.37,48.38,48.24,48.06,15546.0,-0.13,-0.27,48.208,48.026,47.293,11844.5,10923.9,11643.2,2.76
2017-03-17 14:00:00,48.19,48.49,48.37,48.19,5864.63,0.18,0.37,48.196,47.906,47.1505,10247.5,9958.39,11177.2,1.04
2017-03-17 11:30:00,48.48,48.5,48.19,48.04,7533.66,-0.29,-0.6,48.178,47.763,47.013,11202.4,11072.4,11007.1,1.34
2017-03-17 10:30:00,47.85,48.94,48.43,47.85,19284.0,0.58,1.21,48.218,47.722,46.8885,13194.2,14512.1,10946.8,3.42
2017-03-16 15:00:00,48.18,48.28,47.81,47.8,10994.0,-0.37,-0.77,47.982,47.606,46.73,11241.8,13633.7,10280.8,1.95
2017-03-16 14:00:00,48.28,48.47,48.18,48.05,7561.0,-0.1,-0.21,47.844,47.465,46.607,10003.3,13408.2,10093.5,1.34
2017-03-16 11:30:00,48.4,48.48,48.28,47.98,10639.3,-0.12,-0.25,47.616,47.301,46.473,9669.33,13818.2,9897.98,1.89
2017-03-16 10:30:00,47.65,48.39,48.39,47.57,17492.7,0.74,1.55,47.348,47.093,46.3395,10942.4,13584.0,9596.11,3.1
2017-03-15 15:00:00,47.12,47.48,47.25,47.1,9522.03,0.13,0.28,47.226,46.872,46.205,15830.0,12787.3,9370.21,1.69
2017-03-15 14:00:00,47.09,47.27,47.12,47.0,4801.48,0.03,0.06,47.23,46.712,46.168,16025.5,12143.5,9224.88,0.85
2017-03-15 11:30:00,46.94,47.35,47.04,46.85,5891.13,0.1,0.21,47.086,46.56,46.139,16813.2,12362.4,9170.45,1.05
2017-03-15 10:30:00,47.29,47.48,46.94,46.8,17004.8,-0.35,-0.74,46.986,46.395,46.124,17967.1,12396.1,9173.86,3.02
2017-03-14 15:00:00,47.28,48.48,47.78,47.12,41930.4,0.5,1.06,46.838,46.263,46.1135,16225.5,10941.8,9150.06,7.44
2017-03-14 14:00:00,46.4,47.29,47.27,46.26,10499.9,0.87,1.88,46.518,46.055,46.059,9744.59,7381.44,7917.46,1.86
2017-03-14 11:30:00,46.52,46.67,46.4,46.31,8739.69,-0.12,-0.26,46.194,45.854,45.9935,8261.44,6927.95,7656.13,1.55
2017-03-14 10:30:00,46.2,46.78,46.54,46.03,11661.0,0.34,0.74,46.034,45.749,45.9495,7911.7,6778.75,7626.74,2.07
2017-03-13 15:00:00,46.16,46.2,46.2,45.89,8296.41,0.04,0.09,45.804,45.645,45.91,6824.97,5977.71,7587.51,1.47
2017-03-13 14:00:00,45.65,46.28,46.18,45.65,9526.0,0.53,1.16,45.688,45.586,45.905,5658.18,5608.27,7657.38,1.69
2017-03-13 11:30:00,45.6,45.66,45.65,45.45,3084.11,0.05,0.11,45.592,45.538,45.9095,5018.28,5953.13,7490.37,0.55
2017-03-13 10:30:00,45.45,45.64,45.6,45.22,6991.03,0.15,0.33,45.514,45.624,45.9465,5594.46,6306.26,7633.1,1.24
2017-03-10 15:00:00,45.61,45.71,45.39,45.3,6227.3,-0.22,-0.48,45.464,45.718,45.9955,5645.81,5978.45,8289.24,1.11
2017-03-10 14:00:00,45.75,45.77,45.62,45.53,2462.44,-0.13,-0.28,45.486,45.853,46.029,5130.45,5951.66,8588.71,0.44
2017-03-10 11:30:00,45.27,45.9,45.7,45.26,6326.54,0.43,0.95,45.484,45.964,46.0295,5558.36,7358.29,8779.14,1.12
2017-03-10 10:30:00,45.35,45.6,45.26,45.18,5964.98,-0.09,-0.2,45.484,46.063,46.029,6887.97,8453.48,8975.29,1.06
2017-03-09 15:00:00,45.5,45.58,45.35,45.14,7247.77,-0.15,-0.33,45.734,46.133,46.024,7018.06,8384.31,9124.25,1.29
2017-03-09 14:00:00,45.61,45.75,45.5,45.47,3650.52,-0.11,-0.24,45.972,46.15,45.9955,6311.09,8474.73,9172.56,0.65
2017-03-09 11:30:00,45.7,45.86,45.61,45.46,4602.0,-0.09,-0.2,46.22,46.175,45.9665,6772.88,9197.31,9153.37,0.82
2017-03-09 10:30:00,46.3,46.43,45.7,45.51,12974.6,-0.6,-1.3,46.444,46.224,45.9315,9158.21,9706.49,9225.67,2.3
2017-03-08 15:00:00,46.54,46.65,46.51,46.21,6615.4,-0.03,-0.06,46.642,46.281,45.8915,10019.0,9027.6,9213.32,1.17
2017-03-08 14:00:00,46.74,46.75,46.54,46.46,3712.92,-0.2,-0.43,46.532,46.269,45.8395,9750.56,8959.94,9202.11,0.66
2017-03-08 11:30:00,46.73,46.8,46.74,46.38,5959.46,0.01,0.02,46.328,46.273,45.791,10638.4,10600.0,9222.23,1.06
2017-03-08 10:30:00,46.71,47.24,46.73,46.42,16528.7,0.02,0.04,46.13,46.205,45.734,11621.7,11225.8,9290.92,2.93
2017-03-07 15:00:00,45.96,46.79,46.69,45.94,17278.5,0.73,1.59,46.004,46.095,45.6865,10254.8,10200.0,9126.71,3.07
2017-03-07 14:00:00,45.52,45.99,45.96,45.39,5273.21,0.44,0.97,45.92,45.995,45.6435,8036.21,9497.1,8740.62,0.94
2017-03-07 11:30:00,45.75,45.77,45.52,45.46,8152.0,-0.23,-0.5,46.006,45.915,45.611,8169.33,9864.2,8866.59,1.45
2017-03-07 10:30:00,45.81,46.14,45.75,45.65,10876.3,-0.06,-0.13,46.218,45.841,45.6295,10561.7,9870.4,8781.58,1.93
2017-03-06 15:00:00,46.27,46.28,46.1,45.91,9693.89,-0.17,-0.37,46.28,45.758,45.637,10829.8,9109.44,8933.64,1.72
2017-03-06 14:00:00,46.39,46.55,46.27,46.1,6185.65,-0.12,-0.26,46.186,45.639,45.621,10145.2,8744.85,9016.18,1.1
2017-03-06 11:30:00,46.58,46.65,46.39,46.33,5938.82,-0.19,-0.41,46.07,45.502,45.6105,10958.0,9399.04,9138.42,1.05
2017-03-06 10:30:00,46.48,47.27,46.58,46.22,20113.8,0.1,0.22,45.824,45.41,45.635,11559.1,9444.28,9764.1,3.57
2017-03-03 15:00:00,45.63,46.1,46.06,45.58,12216.7,0.43,0.94,45.464,45.309,45.604,9179.11,7844.44,9958.07,2.17
2017-03-03 14:00:00,45.69,45.72,45.63,45.47,6270.96,-0.06,-0.13,45.236,45.263,45.6215,7389.11,7356.08,10285.4,1.11
2017-03-03 11:30:00,45.17,45.84,45.69,45.07,10249.7,0.52,1.15,45.092,45.278,45.6765,7344.51,8053.43,11037.4,1.82
2017-03-03 10:30:00,44.76,45.25,45.16,44.6,8944.19,0.4,0.89,44.934,45.292,45.6895,7840.09,7984.15,11747.2,1.59
2017-03-02 15:00:00,44.92,45.3,44.78,44.7,8213.97,-0.14,-0.31,44.996,45.307,45.6765,7329.49,7868.98,12548.9,1.46
2017-03-02 14:00:00,44.92,45.09,44.92,44.7,3266.71,0.0,0.0,45.154,45.418,45.6045,6509.76,7692.76,12429.6,0.58
2017-03-02 11:30:00,44.9,44.95,44.91,44.6,6048.0,0.01,0.02,45.29,45.516,45.528,7323.06,8757.84,12449.9,1.07
2017-03-02 10:30:00,45.59,45.87,44.9,44.79,12727.6,-0.69,-1.51,45.464,45.603,45.454,8762.36,9287.51,12375.3,2.26
2017-03-01 15:00:00,45.57,45.6,45.47,45.41,6391.16,-0.1,-0.22,45.65,45.719,45.364,8128.2,8877.8,12364.0,1.13
2017-03-01 14:00:00,45.6,45.72,45.57,45.52,4115.35,-0.03,-0.07,45.618,45.86,45.2845,8408.48,10083.9,12736.2,0.73
2017-03-01 11:30:00,45.78,45.78,45.6,45.51,7333.17,-0.18,-0.39,45.682,45.899,45.1675,8875.76,12071.7,12676.1,1.3
2017-03-01 10:30:00,45.93,46.13,45.78,45.5,13244.5,-0.15,-0.33,45.742,45.98,45.0475,10192.6,13214.6,12594.4,2.35
2017-02-28 15:00:00,45.31,45.93,45.83,45.28,9556.81,0.52,1.15,45.742,46.075,44.9235,9812.66,14021.4,12843.7,1.7
2017-02-28 14:00:00,45.89,45.94,45.31,45.31,7792.56,-0.58,-1.26,45.788,46.087,44.7475,9627.4,15510.3,12626.0,1.38
2017-02-28 11:30:00,45.81,46.07,45.89,45.75,6451.74,0.08,0.17,46.102,46.046,44.605,11759.4,17228.8,12524.0,1.14
2017-02-28 10:30:00,45.75,46.3,45.9,45.51,13917.5,0.15,0.33,46.116,45.791,44.427,15267.6,17166.5,12748.1,2.47
2017-02-27 15:00:00,46.06,46.31,45.78,45.71,11344.7,-0.28,-0.61,46.218,45.54,44.2125,16236.7,16142.0,12493.4,2.01
2017-02-27 14:00:00,46.92,46.94,46.06,45.7,8630.49,-0.86,-1.83,46.408,45.305,43.9935,18230.2,15463.1,12188.7,1.53
2017-02-27 11:30:00,45.95,47.09,46.88,45.8,18452.5,0.93,2.02,46.386,45.009,43.75,21393.1,15850.1,11910.7,3.27
2017-02-27 10:30:00,45.81,46.75,45.96,45.5,23993.0,0.15,0.33,45.99,44.709,43.485,22698.3,15388.4,11219.9,4.26
2017-02-24 15:00:00,46.72,47.28,46.41,46.4,18762.7,-0.31,-0.66,45.466,44.436,43.2585,19065.4,13280.4,10731.1,3.33
2017-02-24 14:00:00,45.98,47.33,46.73,45.94,21312.1,0.75,1.63,44.862,44.115,43.0125,16047.2,11974.1,10214.2,3.78
2017-02-24 11:30:00,44.9,46.29,45.95,44.84,24445.4,1.05,2.34,44.202,43.772,42.763,12696.0,11666.0,9639.74,4.34
2017-02-24 10:30:00,43.29,45.71,44.9,43.08,24978.2,1.61,3.72,43.632,43.408,42.5725,10307.1,9741.79,9086.37,4.43
2017-02-23 15:00:00,43.39,43.43,43.34,43.04,5828.46,-0.05,-0.12,43.428,43.164,42.486,8078.46,7819.16,8282.02,1.03
2017-02-23 14:00:00,43.43,43.68,43.39,43.3,3672.09,-0.04,-0.09,43.406,43.063,42.4915,7495.48,8329.76,8345.19,0.65
2017-02-23 11:30:00,43.1,43.51,43.43,43.1,4555.83,0.33,0.77,43.368,42.885,42.5005,7901.0,8844.92,8383.18,0.81
2017-02-23 10:30:00,43.85,43.85,43.1,43.02,12501.0,-0.75,-1.71,43.342,42.682,42.5125,10636.0,8914.33,8363.28,2.22
2017-02-22 15:00:00,43.24,43.97,43.88,43.08,13834.9,0.64,1.48,43.184,42.491,42.529,9176.46,7971.23,8416.12,2.46
2017-02-22 14:00:00,43.22,43.36,43.23,43.09,2913.6,0.01,0.02,42.9,42.261,42.541,7559.87,7051.43,8232.19,0.52
2017-02-22 11:30:00,43.3,43.5,43.2,43.01,5699.67,-0.1,-0.23,42.72,42.081,42.6175,9164.03,8181.78,8337.71,1.01
2017-02-22 10:30:00,42.19,43.7,43.3,42.1,18231.0,1.11,2.63,42.402,41.91,42.6985,9788.84,8454.22,8241.01,3.24
2017-02-21 15:00:00,42.44,42.45,42.31,42.28,5203.16,-0.13,-0.31,42.022,41.754,42.761,7192.63,7613.47,7812.21,0.92
2017-02-21 14:00:00,42.33,42.47,42.46,42.14,5751.94,0.13,0.31,41.798,41.737,42.8855,6766.0,8430.96,8006.36,1.02
2017-02-21 11:30:00,41.62,42.4,42.33,41.61,10934.4,0.71,1.71,41.622,41.808,43.029,6542.98,8744.87,7884.47,1.94
2017-02-21 10:30:00,41.07,41.99,41.61,41.07,8823.67,0.54,1.31,41.442,41.92,43.186,7199.52,8360.63,7556.88,1.57
2017-02-20 15:00:00,41.19,41.42,41.4,41.18,5249.98,0.21,0.51,41.418,42.116,43.3855,7119.6,7921.43,7844.32,0.93
2017-02-20 14:00:00,41.58,41.59,41.19,41.15,3070.0,-0.39,-0.94,41.486,42.343,43.57,8034.31,7812.22,7934.32,0.54
2017-02-20 11:30:00,41.46,41.63,41.58,41.0,4636.86,0.12,0.29,41.676,42.567,43.7555,10095.9,8861.01,8027.77,0.82
2017-02-20 10:30:00,40.5,41.93,41.43,40.5,14217.1,0.93,2.3,41.994,42.821,43.9245,10946.8,9412.95,8129.09,2.52
2017-02-17 15:00:00,41.74,41.9,41.49,41.43,8424.05,-0.25,-0.6,42.398,43.154,44.0685,9521.74,8493.64,7965.28,1.49
2017-02-17 14:00:00,42.13,42.13,41.74,41.33,9823.56,-0.39,-0.93,42.814,43.487,44.2395,8723.27,8027.8,7924.53,1.74
2017-02-17 11:30:00,43.18,43.18,42.14,42.01,13378.0,-1.04,-2.41,43.2,43.768,44.398,7590.13,8010.95,7657.12,2.37
2017-02-17 10:30:00,43.8,43.8,43.17,43.09,8891.09,-0.63,-1.44,43.458,44.034,44.5415,7626.1,7581.77,7536.06,1.58
2017-02-16 15:00:00,43.6,43.65,43.45,43.36,7091.98,-0.15,-0.34,43.648,44.25,44.6485,7879.14,7024.06,7738.17,1.26
2017-02-16 14:00:00,43.66,43.84,43.57,43.54,4431.72,-0.09,-0.21,43.91,44.452,44.773,7465.54,6753.12,7751.23,0.79
2017-02-16 11:30:00,43.44,43.89,43.67,43.44,4157.8,0.23,0.53,44.16,44.655,44.8945,7332.33,7767.2,7862.43,0.74
2017-02-16 10:30:00,43.52,43.94,43.43,43.3,13557.9,-0.09,-0.21,44.336,44.797,45.0075,8431.78,8056.43,7979.88,2.41
2017-02-15 15:00:00,44.75,44.81,44.12,44.02,10156.3,-0.63,-1.41,44.61,44.944,45.135,7537.43,7194.53,7758.28,1.8
2017-02-15 14:00:00,44.85,45.17,44.76,44.72,5024.0,-0.09,-0.2,44.852,45.028,45.222,6168.98,6845.23,7688.89,0.89
2017-02-15 11:30:00,44.55,44.89,44.82,44.51,3765.66,0.27,0.61,44.994,44.983,45.2705,6040.71,7436.92,7707.47,0.67
2017-02-15 10:30:00,44.61,44.71,44.55,44.3,9655.04,-0.06,-0.13,45.15,44.992,45.3035,8202.07,7821.26,7692.47,1.71
2017-02-14 15:00:00,45.32,45.33,44.8,44.78,9086.21,-0.52,-1.15,45.258,45.028,45.3565,7681.07,7303.3,7626.48,1.61
2017-02-14 14:00:00,45.48,45.5,45.33,45.21,3314.0,-0.15,-0.33,45.278,45.049,45.4165,6851.63,7490.34,7456.99,0.59
2017-02-14 11:30:00,45.6,45.75,45.47,45.41,4382.62,-0.13,-0.29,45.204,45.047,45.4305,7521.48,8452.27,7716.68,0.78
2017-02-14 10:30:00,45.2,45.93,45.6,45.03,14572.5,0.4,0.88,44.972,45.094,45.4415,8833.14,8749.34,7865.59,2.59
2017-02-13 15:00:00,44.9,45.29,45.09,44.89,7050.04,0.19,0.42,44.834,45.134,45.47,7440.44,7957.65,7826.94,1.25
2017-02-13 14:00:00,44.97,44.98,44.9,44.78,4939.01,-0.07,-0.16,44.798,45.218,45.5165,6925.52,7903.34,7849.87,0.88
2017-02-13 11:30:00,44.31,44.96,44.96,44.23,6663.24,0.65,1.47,44.82,45.326,45.57,8129.05,8322.04,7865.31,1.18
2017-02-13 10:30:00,44.7,44.95,44.31,44.01,10940.9,-0.39,-0.87,44.89,45.416,45.621,9383.06,8532.55,7830.44,1.94
2017-02-10 15:00:00,44.91,45.07,44.91,44.83,7608.99,0.0,0.0,45.216,45.558,45.6985,8665.54,7978.01,8323.26,1.35
2017-02-10 14:00:00,45.01,45.13,44.91,44.91,4475.44,-0.1,-0.22,45.434,45.615,45.677,8474.87,7563.68,8150.69,0.79
2017-02-10 11:30:00,45.34,45.34,45.01,44.88,10956.7,-0.33,-0.73,45.638,45.685,45.6605,8881.16,7949.66,8023.14,1.94
2017-02-10 10:30:00,45.94,45.94,45.31,45.14,12933.3,-0.63,-1.37,45.832,45.784,45.64,8515.02,7423.64,7776.45,2.3
2017-02-09 15:00:00,46.01,46.1,45.94,45.91,7353.25,-0.07,-0.15,45.942,45.814,45.609,7682.03,6981.09,7627.69,1.3
2017-02-09 14:00:00,45.99,46.12,46.0,45.92,6655.67,0.01,0.02,45.9,45.789,45.5755,7290.49,6981.84,7767.93,1.18
2017-02-09 11:30:00,45.98,45.98,45.93,45.71,6506.88,-0.05,-0.11,45.796,45.806,45.5275,6652.49,7696.23,7653.5,1.15
2017-02-09 10:30:00,45.91,46.13,45.98,45.72,9125.98,0.07,0.15,45.732,45.815,45.489,7018.17,7796.4,7803.17,1.62
2017-02-08 15:00:00,45.73,45.9,45.86,45.61,8768.38,0.13,0.28,45.736,45.814,45.42,6332.25,7408.58,8067.73,1.56
2017-02-08 14:00:00,45.49,45.82,45.73,45.39,5395.53,0.24,0.53,45.686,45.826,45.359,6280.14,7128.34,8162.77,0.96
2017-02-08 11:30:00,45.61,45.64,45.48,45.35,3465.67,-0.13,-0.29,45.678,45.839,45.333,6673.2,8668.51,8198.21,0.62
2017-02-08 10:30:00,45.81,45.89,45.61,45.25,8335.29,-0.2,-0.44,45.816,45.739,45.3275,8739.96,8737.71,8306.09,1.48
2017-02-07 15:00:00,45.62,46.0,46.0,45.49,5696.4,0.38,0.83,45.898,45.636,45.3045,8574.62,8096.62,9767.93,1.01
2017-02-07 14:00:00,45.69,45.69,45.61,45.36,8507.83,-0.08,-0.18,45.892,45.496,45.146,8484.9,8129.27,9693.76,1.51
2017-02-07 11:30:00,46.17,46.27,45.69,45.66,7360.8,-0.48,-1.04,45.966,45.404,45.0045,7976.53,8274.3,9405.62,1.31
2017-02-07 10:30:00,45.95,46.55,46.17,45.45,13799.5,0.22,0.48,46.0,45.362,44.8605,10663.8,8554.02,9353.2,2.45
2017-02-06 15:00:00,45.97,46.05,46.02,45.86,7508.57,0.05,0.11,45.662,45.249,44.712,8735.45,7610.77,8950.09,1.33
2017-02-06 14:00:00,46.0,46.06,45.97,45.83,5247.8,-0.03,-0.07,45.374,45.163,44.5885,7618.63,7809.94,8962.46,0.93
2017-02-06 11:30:00,45.86,46.1,45.98,45.85,5966.0,0.12,0.26,45.1,45.026,44.464,7773.65,8726.88,8863.66,1.06
2017-02-06 10:30:00,44.68,46.38,45.86,44.68,20797.2,1.18,2.64,44.842,44.892,44.3415,8572.07,9197.2,8839.67,3.69
2017-02-03 15:00:00,44.58,44.61,44.48,44.38,4157.68,-0.1,-0.22,44.724,44.827,44.239,6444.23,7727.9,8355.54,0.74
2017-02-03 14:00:00,44.6,44.67,44.58,44.38,1924.46,-0.02,-0.04,44.836,44.916,44.1885,6486.09,7874.46,8838.73,0.34
2017-02-03 11:30:00,44.69,44.7,44.6,44.16,6022.89,-0.09,-0.2,44.952,44.973,44.1195,8001.25,11439.2,9242.81,1.07
2017-02-03 10:30:00,45.3,45.32,44.69,44.52,9958.1,-0.61,-1.35,44.952,44.796,44.0395,9680.12,11258.3,9301.12,1.77
2017-01-26 15:00:00,45.03,45.5,45.27,44.9,10158.0,0.24,0.53,44.942,44.605,43.951,9822.33,10536.9,9234.16,1.8
2017-01-26 14:00:00,45.19,45.24,45.04,44.9,4367.0,-0.15,-0.33,44.93,44.359,43.814,9011.58,10152.4,9136.9,0.77
2017-01-26 11:30:00,44.6,45.3,45.16,44.42,9500.28,0.56,1.26,44.996,44.175,43.686,9262.84,10289.4,9104.8,1.69
2017-01-26 10:30:00,44.55,44.95,44.6,44.1,14417.2,0.05,0.11,44.994,44.014,43.578,14877.2,10115.0,9248.08,2.56
2017-01-25 15:00:00,45.21,45.21,44.64,44.5,10669.2,-0.57,-1.26,44.64,43.902,43.475,12836.4,9000.45,8994.9,1.89
2017-01-25 14:00:00,45.36,45.55,45.21,45.18,6104.24,-0.15,-0.33,44.268,43.791,43.34,11251.5,8482.14,8822.27,1.08
2017-01-25 11:30:00,45.17,45.48,45.37,45.12,5623.28,0.2,0.44,43.788,43.651,43.2,11293.2,8983.18,8748.92,1.0
2017-01-25 10:30:00,44.2,46.44,45.15,43.66,37572.1,0.95,2.15,43.354,43.461,43.0665,11316.0,9803.0,8718.61,6.67
2017-01-24 15:00:00,42.83,43.15,42.83,42.74,4213.15,0.0,0.0,43.034,43.266,42.915,5352.76,7046.39,7247.63,0.75
2017-01-24 14:00:00,42.81,42.9,42.78,42.75,2744.93,-0.03,-0.07,43.164,43.283,42.934,5164.5,7343.98,7746.88,0.49
2017-01-24 11:30:00,43.2,43.2,42.81,42.66,6312.5,-0.39,-0.9,43.314,43.297,42.951,5712.74,7931.4,8355.06,1.12
2017-01-24 10:30:00,43.12,43.52,43.2,43.11,5737.22,0.08,0.19,43.514,43.269,42.8685,6673.16,8121.41,8357.68,1.02
2017-01-23 15:00:00,43.48,43.56,43.55,43.22,7755.99,0.07,0.16,43.568,43.197,42.785,8290.01,7920.19,8523.03,1.38
2017-01-23 14:00:00,43.54,43.67,43.48,43.46,3271.85,-0.06,-0.14,43.498,43.142,42.6985,8740.02,8381.17,9561.93,0.58
2017-01-23 11:30:00,43.81,43.89,43.53,43.48,5486.13,-0.28,-0.64,43.402,43.048,42.642,9523.47,8989.35,9749.54,0.97
2017-01-23 10:30:00,43.61,43.99,43.81,43.1,11114.6,0.2,0.46,43.28,42.889,42.61,10150.0,9162.4,9814.4,1.97
2017-01-20 15:00:00,43.2,43.65,43.47,43.06,13821.5,0.27,0.63,43.024,42.749,42.5765,9569.66,8514.67,9864.03,2.45
2017-01-20 14:00:00,43.0,43.27,43.2,42.99,10006.0,0.2,0.47,42.826,42.672,42.6205,7550.37,7634.23,9738.31,1.78
2017-01-20 11:30:00,42.92,43.27,43.0,42.92,7189.13,0.08,0.19,42.786,42.564,42.742,8022.32,7448.88,9406.34,1.28
2017-01-20 10:30:00,42.1,43.03,42.92,42.05,8619.03,0.82,1.95,42.694,42.585,42.8865,8455.22,8149.77,9300.61,1.53
2017-01-19 15:00:00,42.48,42.84,42.53,42.0,8212.65,0.05,0.12,42.498,42.605,43.0375,8174.74,8778.73,9241.06,1.46
2017-01-19 14:00:00,43.06,43.07,42.48,42.48,3725.01,-0.58,-1.35,42.474,42.468,43.211,7459.68,8593.95,9412.8,0.66
2017-01-19 11:30:00,42.54,43.15,43.0,42.54,12365.8,0.46,1.08,42.518,42.373,43.3615,7718.1,9125.87,9419.45,2.19
2017-01-19 10:30:00,41.98,42.69,42.54,41.58,9353.63,0.56,1.33,42.342,42.255,43.5105,6875.44,10742.7,9055.71,1.66
2017-01-18 15:00:00,42.4,42.42,41.94,41.9,7216.62,-0.46,-1.08,42.476,42.236,43.673,7844.31,10509.7,9150.98,1.28
2017-01-18 14:00:00,42.8,42.84,42.41,42.36,4637.36,-0.39,-0.91,42.712,42.331,43.8565,9382.73,10466.4,9460.0,0.82
2017-01-18 11:30:00,42.12,42.8,42.7,41.95,5017.04,0.58,1.38,42.462,42.404,44.011,9728.22,11213.4,9658.43,0.89
2017-01-18 10:30:00,42.79,42.89,42.12,41.9,8152.53,-0.67,-1.57,42.228,42.569,44.1705,10533.6,11842.4,9709.92,1.45
2017-01-17 15:00:00,43.11,43.85,43.21,42.83,14198.0,0.1,0.23,42.168,42.92,44.3515,14609.9,11363.8,10154.1,2.52
2017-01-17 14:00:00,41.14,43.49,43.12,40.6,14908.7,1.98,4.81,41.996,43.188,44.5285,13175.1,10451.5,10150.7,2.65
2017-01-17 11:30:00,41.52,41.99,41.16,40.9,6364.84,-0.36,-0.87,41.95,43.47,44.747,11550.1,9703.39,9568.94,1.13
2017-01-17 10:30:00,42.29,42.29,41.53,41.25,9044.16,-0.76,-1.8,42.346,43.954,45.085,12698.5,10231.6,9628.86,1.61
2017-01-16 15:00:00,42.35,42.35,41.82,39.92,28534.0,-0.53,-1.25,42.91,44.35,45.3735,13151.1,9713.03,9787.6,5.06
2017-01-16 14:00:00,42.86,42.89,42.35,42.1,7023.97,-0.51,-1.19,43.672,44.766,45.68,8117.65,7368.73,8728.6,1.25
2017-01-16 11:30:00,43.14,43.2,42.89,42.62,6783.41,-0.25,-0.58,44.38,45.11,45.9675,7727.79,7792.23,9180.16,1.2
2017-01-16 10:30:00,43.58,43.78,43.14,42.51,12107.2,-0.44,-1.01,44.99,45.382,46.1895,7856.7,8453.59,9194.52,2.15
2017-01-13 15:00:00,45.63,45.78,44.35,44.08,11307.0,-1.28,-2.81,45.562,45.618,46.376,7764.75,8103.47,9226.31,2.01
2017-01-13 14:00:00,45.89,46.04,45.63,45.58,3366.65,-0.26,-0.57,45.79,45.772,46.531,6274.95,7577.46,9667.3,0.6
2017-01-13 11:30:00,45.94,46.19,45.89,45.67,5074.68,-0.05,-0.11,45.86,45.783,46.6265,6619.82,8944.4,10189.6,0.9
2017-01-13 10:30:00,46.09,46.09,45.94,45.58,7428.0,-0.15,-0.33,45.84,45.869,46.7225,7856.68,9849.89,10617.4,1.32
2017-01-12 15:00:00,45.49,46.47,46.0,45.48,11647.4,0.51,1.12,45.774,46.024,46.8675,9050.49,9434.49,10813.0,2.07
2017-01-12 14:00:00,45.99,46.1,45.49,45.49,3858.0,-0.5,-1.09,45.674,46.216,47.0485,8442.2,9026.06,10683.2,0.68
2017-01-12 11:30:00,45.79,46.14,45.98,45.63,5091.0,0.19,0.41,45.754,46.397,47.2655,8879.98,9862.16,10614.5,0.9
2017-01-12 10:30:00,46.03,46.2,45.79,45.6,11259.0,-0.24,-0.52,45.706,46.594,47.465,11269.0,10088.5,10704.3,2.0
2017-01-11 15:00:00,45.5,45.65,45.61,45.16,13397.0,0.11,0.24,45.898,46.825,47.6645,11843.1,10568.1,10753.4,2.38
2017-01-11 14:00:00,45.88,45.88,45.5,45.35,8606.0,-0.38,-0.83,46.274,46.997,47.9075,9818.5,9935.44,10640.4,1.53
2017-01-11 11:30:00,45.76,46.09,45.89,45.71,6046.89,0.13,0.28,46.758,47.134,48.146,9609.93,10349.1,10502.5,1.07
2017-01-11 10:30:00,46.61,46.73,45.74,45.5,17036.0,-0.87,-1.87,47.04,47.29,48.369,10844.3,11757.1,10827.2,3.02
2017-01-10 15:00:00,47.36,47.69,46.75,46.7,14129.6,-0.61,-1.29,47.482,47.47,48.5795,8907.94,11434.7,10556.1,2.51
2017-01-10 14:00:00,47.92,47.92,47.49,47.4,3274.0,-0.43,-0.9,47.752,47.576,48.7105,9293.06,11385.0,10125.5,0.58
2017-01-10 11:30:00,47.3,48.13,47.92,47.17,7563.14,0.62,1.31,47.72,47.711,48.808,10052.4,12191.5,10138.1,1.34
2017-01-10 10:30:00,47.98,48.18,47.3,46.9,12219.0,-0.68,-1.42,47.51,47.881,48.862,11088.4,12340.4,10041.9,2.17
2017-01-09 15:00:00,48.1,48.1,47.95,47.71,7353.98,-0.15,-0.31,47.54,48.134,48.9775,12669.9,11366.8,10006.6,1.31
2017-01-09 14:00:00,47.33,48.7,48.1,47.33,16055.2,0.77,1.63,47.458,48.336,49.0425,13961.5,11320.2,10444.6,2.85
2017-01-09 11:30:00,46.87,47.67,47.33,46.87,7070.61,0.46,0.98,47.4,48.504,49.1285,13476.9,10938.7,9852.9,1.25
2017-01-09 10:30:00,47.69,48.08,46.87,46.68,12743.0,-0.82,-1.72,47.702,48.818,49.2415,14330.7,11345.3,9789.4,2.26
2017-01-06 15:00:00,47.54,47.7,47.45,46.52,20126.8,-0.09,-0.19,48.252,49.158,49.4025,13592.5,10655.9,9938.38,3.57
2017-01-06 14:00:00,47.81,48.05,47.54,47.47,13812.1,-0.27,-0.56,48.728,49.448,49.5465,10063.7,9897.36,10185.6,2.45
2017-01-06 11:30:00,48.85,48.85,47.81,47.8,13632.2,-1.04,-2.13,49.214,49.689,49.7565,8678.77,9677.49,9853.16,2.42
2017-01-06 10:30:00,49.5,50.0,48.84,48.79,11339.4,-0.66,-1.33,49.608,49.845,49.9945,8400.55,8866.08,9812.13,2.01
2017-01-05 15:00:00,49.85,49.91,49.62,49.55,9052.0,-0.23,-0.46,49.934,49.905,50.1365,8359.94,8084.63,11112.0,1.61
2017-01-05 14:00:00,49.95,49.97,49.83,49.82,2483.01,-0.12,-0.24,50.064,49.843,50.4135,7719.34,7743.46,11084.4,0.44
2017-01-05 11:30:00,49.79,49.99,49.97,49.53,6887.27,0.18,0.36,50.168,49.821,50.7095,9730.99,8646.27,11121.0,1.22
2017-01-05 10:30:00,50.4,50.5,49.78,49.78,12241.0,-0.62,-1.23,50.164,49.749,51.006,10676.2,9568.96,11151.8,2.17
2017-01-04 15:00:00,50.27,50.5,50.47,50.18,11136.4,0.2,0.4,50.082,49.753,51.3175,9331.61,8767.05,11033.6,1.98
2017-01-04 14:00:00,50.38,50.48,50.27,50.15,5849.0,-0.11,-0.22,49.876,49.665,51.609,7809.33,8233.48,10965.7,1.04
2017-01-04 11:30:00,49.96,50.54,50.35,49.96,12541.3,0.39,0.78,49.622,49.647,51.9395,7767.59,9220.84,10850.0,2.23
2017-01-04 10:30:00,49.69,50.05,49.95,49.13,11613.4,0.26,0.52,49.474,49.645,52.2715,7561.54,10473.8,10372.8,2.06
2017-01-03 15:00:00,49.43,49.51,49.37,49.14,5518.0,-0.06,-0.12,49.334,49.824,52.6185,8461.69,10028.8,10316.5,0.98
2017-01-03 14:00:00,49.05,49.55,49.44,49.0,3524.94,0.39,0.8,49.424,50.144,53.0105,8202.49,10758.2,10521.8,0.63
2017-01-03 11:30:00,49.61,49.63,49.0,48.92,5640.29,-0.61,-1.23,49.454,50.368,53.4085,8657.63,14139.4,10726.6,1.0
2017-01-03 10:30:00,49.65,50.2,49.61,49.55,11511.1,-0.04,-0.08,49.672,50.984,53.858,10674.1,14425.3,10742.3,2.04
2016-12-30 15:00:00,49.82,49.86,49.25,48.52,16114.1,-0.57,-1.14,49.816,51.598,54.2625,13386.0,13595.7,10702.0,2.86
2016-12-30 14:00:00,49.6,49.96,49.82,49.6,4222.04,0.22,0.44,50.314,52.263,54.6775,11596.0,12734.7,10512.6,0.75
2016-12-30 11:30:00,50.1,50.12,49.59,49.5,5800.61,-0.51,-1.02,50.864,52.882,55.0305,13313.9,13300.2,10548.5,1.03
2016-12-30 10:30:00,50.52,50.7,50.09,49.45,15722.6,-0.43,-0.85,51.282,53.553,55.419,19621.1,13697.9,10594.6,2.79
2016-12-29 15:00:00,51.74,52.15,50.33,50.15,25070.8,-1.41,-2.73,52.296,54.232,55.7635,18176.6,12479.2,10524.4,4.45
2016-12-29 14:00:00,52.59,52.7,51.74,51.74,7163.86,-0.85,-1.62,53.38,54.898,56.1115,13805.4,10271.9,9721.52,1.27
2016-12-29 11:30:00,51.6,52.6,52.57,51.6,12811.4,0.97,1.88,54.212,55.413,56.405,13873.4,10604.2,9642.22,2.27
2016-12-29 10:30:00,55.35,55.35,51.68,51.51,37337.0,-3.67,-6.63,54.9,55.877,56.669,13286.6,10285.5,9224.2,6.63
2016-12-28 15:00:00,55.75,55.85,55.16,55.11,8499.94,-0.59,-1.06,55.824,56.449,56.9705,7774.72,7313.73,7871.81,1.51
2016-12-28 14:00:00,55.91,56.03,55.75,55.66,3215.0,-0.16,-0.29,56.168,56.732,57.1475,6781.7,7059.23,7940.31,0.57
2016-12-28 11:30:00,56.01,56.1,55.9,55.66,7503.61,-0.11,-0.2,56.416,56.927,57.2825,6738.37,7808.18,8068.06,1.33
2016-12-28 10:30:00,56.07,56.88,56.01,55.9,9877.32,-0.06,-0.11,56.614,57.092,57.4325,7334.98,8290.54,8090.28,1.75
2016-12-27 15:00:00,56.88,56.88,56.3,56.16,9777.72,-0.58,-1.02,56.854,57.179,57.573,7284.4,7796.69,8560.77,1.74
2016-12-27 14:00:00,56.99,57.1,56.88,56.72,3534.87,-0.11,-0.19,57.074,57.285,57.6805,6852.74,7491.2,8888.7,0.63
2016-12-27 11:30:00,56.89,57.2,56.99,56.85,2998.31,0.1,0.18,57.296,57.295,57.692,7336.76,8569.66,9018.22,0.53
2016-12-27 10:30:00,57.06,57.4,56.89,56.61,10486.7,-0.17,-0.3,57.438,57.325,57.71,8878.01,9171.13,9240.61,1.86
2016-12-26 15:00:00,57.39,57.8,57.21,57.0,9624.42,-0.18,-0.31,57.57,57.397,57.732,9246.1,8680.26,10036.6,1.71
2016-12-26 14:00:00,57.99,58.02,57.4,57.2,7619.42,-0.59,-1.02,57.504,57.461,57.822,8308.97,8162.92,10207.1,1.35
2016-12-26 11:30:00,57.7,58.28,57.99,57.6,5954.95,0.29,0.5,57.496,57.492,57.9325,8129.65,8429.88,10099.0,1.06
2016-12-26 10:30:00,56.85,57.98,57.7,56.31,10704.5,0.85,1.5,57.294,57.563,58.0425,9802.55,8821.39,10044.7,1.9
2016-12-23 15:00:00,56.96,57.77,57.55,56.63,12327.2,0.59,1.04,57.212,57.638,58.17,9464.26,8327.94,10686.1,2.19
2016-12-23 14:00:00,57.39,57.39,56.88,56.65,4938.79,-0.51,-0.89,57.224,57.773,58.2675,8114.42,7890.02,10701.7,0.88
2016-12-23 11:30:00,56.96,57.8,57.36,56.96,6722.81,0.4,0.7,57.418,57.967,58.407,8016.87,9324.85,10829.8,1.19
2016-12-23 10:30:00,57.07,57.28,56.98,56.08,14319.5,-0.09,-0.16,57.488,58.076,58.5175,8730.11,10286.2,11062.1,2.54
2016-12-22 15:00:00,57.61,58.07,57.29,57.15,9013.0,-0.32,-0.56,57.832,58.089,58.6775,7840.22,9466.79,11453.5,1.6
2016-12-22 14:00:00,57.84,57.87,57.61,57.6,5578.0,-0.23,-0.4,58.064,58.095,58.8155,7191.62,9310.1,11735.1,0.99
2016-12-22 11:30:00,57.71,58.21,57.85,57.6,4451.06,0.14,0.24,58.322,58.067,58.9405,7665.62,11393.0,12196.9,0.79
2016-12-22 10:30:00,58.5,58.5,57.71,57.7,10289.0,-0.79,-1.35,58.516,58.183,59.111,10632.8,12251.2,12992.2,1.83
2016-12-21 15:00:00,58.41,58.7,58.7,58.01,9870.04,0.29,0.5,58.664,58.373,59.2695,11842.3,11768.1,13841.1,1.75
2016-12-21 14:00:00,58.95,59.0,58.45,58.31,5770.0,-0.5,-0.85,58.346,58.522,59.3305,11093.4,11267.9,14392.4,1.02
2016-12-21 11:30:00,58.83,58.98,58.9,58.2,7948.0,0.07,0.12,58.126,58.702,59.348,11428.6,13044.3,14522.8,1.41
2016-12-21 10:30:00,58.38,59.38,58.82,57.65,19287.1,0.44,0.75,57.812,58.762,59.3855,15120.3,13513.4,15260.2,3.42
2016-12-20 15:00:00,57.11,58.88,58.45,56.71,16336.3,1.34,2.35,57.85,58.847,59.3635,13869.6,12334.7,16372.6,2.9
2016-12-20 14:00:00,57.36,57.4,57.11,56.79,6125.38,-0.25,-0.44,58.082,58.959,59.4355,11693.9,11838.1,17654.2,1.09
2016-12-20 11:30:00,57.33,57.49,57.35,56.96,7446.07,0.02,0.03,58.698,59.266,59.545,11442.5,13440.3,18607.1,1.32
2016-12-20 10:30:00,59.03,59.2,57.33,56.7,26406.8,-1.7,-2.88,59.278,59.536,59.5605,14660.0,14160.1,19251.3,4.69
2016-12-19 15:00:00,59.7,59.7,59.01,58.38,13033.2,-0.69,-1.16,59.712,59.814,59.4865,11906.5,13000.8,18908.7,2.31
2016-12-19 14:00:00,60.2,60.2,59.61,59.51,5458.0,-0.59,-0.98,59.844,60.039,59.2925,10799.8,13733.2,19227.9,0.97
2016-12-19 11:30:00,60.25,60.5,60.19,59.9,4868.35,-0.06,-0.1,59.836,60.166,59.1435,11982.2,15914.1,19565.6,0.86
2016-12-19 10:30:00,59.5,60.49,60.25,59.5,23533.9,0.75,1.26,59.834,60.139,58.984,15438.0,17516.8,19733.6,4.18
2016-12-16 15:00:00,59.67,59.84,59.5,59.1,12638.9,-0.17,-0.28,59.794,59.994,58.8335,13660.2,16001.3,20248.0,2.24
2016-12-16 14:00:00,59.57,60.0,59.67,58.94,7500.0,0.1,0.17,59.916,60.009,58.8135,14095.1,17007.0,22267.7,1.33
2016-12-16 11:30:00,60.16,60.66,59.57,59.01,11370.0,-0.59,-0.98,60.234,59.88,58.6515,16666.6,20410.5,22631.6,2.02
2016-12-16 10:30:00,59.32,60.31,60.18,58.58,22147.4,0.86,1.45,60.496,59.912,58.433,19845.9,23470.3,23113.9,3.93
2016-12-15 15:00:00,60.12,60.59,60.05,59.82,14644.8,-0.07,-0.12,60.444,59.824,58.1415,19595.6,23774.0,22933.7,2.6
2016-12-15 14:00:00,61.26,61.28,60.11,59.72,14813.5,-1.15,-1.88,60.194,59.585,57.913,18342.3,24342.4,22932.5,2.63
2016-12-15 11:30:00,60.88,61.9,61.26,60.88,20357.4,0.38,0.62,60.102,59.159,57.705,19918.9,24816.6,22406.9,3.61
2016-12-15 10:30:00,59.73,60.88,60.88,59.25,27266.4,1.15,1.93,59.526,58.546,57.4395,24154.4,24722.5,21794.0,4.84
2016-12-14 15:00:00,58.8,60.0,59.92,58.01,20895.7,1.12,1.9,59.328,58.121,57.1955,27094.8,23217.2,21549.0,3.71
2016-12-14 14:00:00,59.65,59.94,58.8,58.8,8378.42,-0.85,-1.42,59.204,57.829,57.0565,27952.4,21950.4,21240.0,1.49
2016-12-14 11:30:00,58.23,60.3,59.65,58.23,22696.6,1.42,2.44,58.976,57.673,56.971,30342.6,24494.7,21243.1,4.03
2016-12-14 10:30:00,59.0,59.4,58.38,57.57,41535.0,-0.62,-1.05,58.216,57.618,56.8365,29714.3,27528.4,21089.9,7.37
2016-12-13 15:00:00,59.3,60.64,59.89,59.26,41968.2,0.59,0.99,57.566,57.423,56.7165,25290.7,24852.6,19875.4,7.45
2016-12-13 14:00:00,57.6,59.9,59.3,57.22,25183.8,1.7,2.95,56.914,56.954,56.496,19339.7,22757.5,18755.0,4.47
2016-12-13 11:30:00,55.85,58.18,57.66,55.81,20329.3,1.81,3.24,56.454,56.459,56.3575,15948.4,22093.4,18029.8,3.61
2016-12-13 10:30:00,54.9,56.6,55.85,54.64,19555.0,0.95,1.73,56.37,56.241,56.344,18646.8,21522.5,17247.0,3.47
2016-12-12 15:00:00,56.63,57.06,55.13,54.18,19417.0,-1.5,-2.65,57.02,56.251,56.4415,25342.5,19997.2,17076.6,3.45
2016-12-12 14:00:00,57.0,57.27,56.63,56.06,12213.2,-0.37,-0.65,57.28,56.333,56.5325,24414.6,18865.5,16525.0,2.17
2016-12-12 11:30:00,57.24,57.69,57.0,56.5,8227.32,-0.24,-0.42,56.994,56.27,56.5595,26175.4,19880.7,16139.0,1.46
2016-12-12 10:30:00,57.88,58.2,57.24,56.11,33821.3,-0.64,-1.11,56.464,56.284,56.5745,28238.5,20529.6,16049.9,6.0
2016-12-09 15:00:00,56.47,60.5,59.1,56.47,53033.6,2.63,4.66,56.112,56.269,56.6065,24398.2,17991.5,15278.7,9.41
2016-12-09 14:00:00,55.2,56.43,56.43,54.9,14777.7,1.23,2.23,55.482,56.055,56.5425,14652.0,14651.4,13785.3,2.62
2016-12-09 11:30:00,54.3,55.28,55.2,53.89,21017.1,0.9,1.66,55.386,56.01,56.66,13316.4,14898.1,13590.4,3.73
2016-12-09 10:30:00,55.85,55.99,54.35,54.2,18542.9,-1.5,-2.69,55.546,56.038,56.8555,13586.1,14752.4,13533.6,3.29
2016-12-08 15:00:00,55.95,56.03,55.48,55.36,14619.7,-0.47,-0.84,56.104,56.256,57.123,12820.7,13966.2,14206.8,2.59
2016-12-08 14:00:00,55.95,56.18,55.95,55.92,4302.54,0.0,0.0,56.426,56.447,57.464,11584.8,12971.5,14239.6,0.76
2016-12-08 11:30:00,56.0,56.32,55.95,55.84,8099.72,-0.05,-0.09,56.628,56.632,57.839,14650.8,14156.0,15204.2,1.44
2016-12-08 10:30:00,57.0,57.1,56.0,55.88,22365.6,-1.0,-1.75,56.634,56.732,58.1935,16479.8,14184.4,15307.9,3.97
2016-12-07 15:00:00,57.1,57.61,57.14,57.0,14716.0,0.04,0.07,56.53,56.849,58.549,15918.7,12397.3,15066.9,2.61
2016-12-07 14:00:00,56.9,57.3,57.09,56.86,8440.0,0.19,0.33,56.408,56.865,58.827,15111.6,11570.2,15026.3,1.5
2016-12-07 11:30:00,55.93,57.26,56.96,55.92,19632.7,1.03,1.84,56.468,56.944,59.082,14358.3,12565.9,15198.8,3.48
2016-12-07 10:30:00,56.0,56.4,55.98,55.67,17244.8,-0.02,-0.04,56.636,57.03,59.303,13661.2,12919.2,14710.2,3.06
2016-12-06 15:00:00,56.53,56.6,55.48,55.19,19559.8,-1.05,-1.86,56.83,57.31,59.624,11889.0,12282.8,14776.5,3.47
2016-12-06 14:00:00,57.3,57.36,56.53,56.38,10680.8,-0.77,-1.34,57.168,57.673,59.0975,8875.95,12314.9,14404.5,1.9
2016-12-06 11:30:00,57.8,57.85,57.39,57.2,4673.5,-0.41,-0.71,57.322,57.99,58.4745,8028.8,14447.4,14053.6,0.83
2016-12-06 10:30:00,57.99,58.0,57.8,56.94,16147.0,-0.19,-0.33,57.42,58.481,57.806,10773.4,15507.7,14261.4,2.87
2016-12-05 15:00:00,57.17,57.3,56.95,56.82,8384.0,-0.22,-0.38,57.424,59.046,57.1225,12177.3,16252.3,14648.8,1.49
2016-12-05 14:00:00,57.3,57.7,57.17,57.05,4494.48,-0.13,-0.23,57.79,59.655,56.432,12676.5,16431.3,14407.4,0.8
2016-12-05 11:30:00,57.88,57.95,57.3,57.12,6445.0,-0.58,-1.0,58.178,60.249,55.713,15753.9,17736.5,14268.8,1.14
2016-12-05 10:30:00,56.6,58.35,57.88,56.6,18396.8,1.28,2.26,58.658,60.789,54.9945,20866.0,18482.4,14052.1,3.26
2016-12-02 15:00:00,58.78,58.78,57.82,57.25,23166.1,-0.96,-1.63,59.542,61.22,54.2615,20241.9,17831.7,13260.4,4.11
2016-12-02 14:00:00,59.0,59.37,58.78,58.51,10880.1,-0.22,-0.37,60.668,61.576,53.517,20327.4,16501.1,12194.6,1.93
2016-12-02 11:30:00,59.7,59.95,59.11,58.99,19881.4,-0.59,-0.99,61.52,61.938,52.713,20186.1,17270.3,11803.4,3.53
2016-12-02 10:30:00,62.0,62.41,59.7,59.43,32005.6,-2.3,-3.71,62.32,60.522,51.893,19719.1,16494.1,11048.7,5.68
2016-12-01 15:00:00,63.5,63.55,62.3,62.29,15276.1,-1.2,-1.89,62.92,58.959,51.0615,16098.8,13659.8,9625.49,2.71
2016-12-01 14:00:00,63.09,64.89,63.45,63.09,23593.8,0.36,0.57,62.898,57.131,50.1165,15421.5,13015.1,8992.12,4.19
2016-12-01 11:30:00,63.1,63.34,63.04,62.7,10173.5,-0.06,-0.1,62.484,55.199,49.113,12674.8,13045.3,7909.56,1.81
2016-12-01 10:30:00,62.73,63.36,63.11,61.8,17546.7,0.38,0.61,62.356,53.209,48.1245,14354.5,12383.6,7592.57,3.11
2016-11-30 15:00:00,62.19,62.8,62.7,61.9,13903.8,0.51,0.82,58.724,51.177,47.1245,13269.2,10801.0,7025.5,2.47
2016-11-30 14:00:00,61.28,62.39,62.19,61.07,11889.8,0.91,1.48,54.998,49.2,46.1075,11220.8,9621.85,6405.67,2.11
2016-11-30 11:30:00,62.4,62.7,61.38,61.32,9860.37,-1.02,-1.63,51.364,47.303,45.109,10608.7,8689.17,5900.94,1.75
2016-11-30 10:30:00,62.28,63.5,62.4,61.8,18571.7,0.12,0.19,47.914,45.458,44.148,13415.8,7888.12,5501.5,3.3
2016-10-13 15:00:00,44.07,45.03,44.95,43.93,12120.1,0.88,2.0,44.062,43.488,43.1325,10412.6,6336.61,4665.33,2.15
2016-10-13 14:00:00,44.02,44.2,44.07,43.97,3662.0,0.05,0.11,43.63,43.264,42.9945,8332.91,5603.29,4172.13,0.65
2016-10-13 11:30:00,44.13,44.22,44.02,43.81,8829.33,-0.11,-0.25,43.402,43.164,42.908,8022.91,5591.2,4094.53,1.57
2016-10-13 10:30:00,45.45,45.45,44.13,44.12,23896.0,-1.32,-2.9,43.242,43.102,42.834,6769.64,4969.13,3720.57,4.24
2016-10-12 15:00:00,42.78,43.15,43.14,42.58,3555.77,0.36,0.84,43.002,43.027,42.76,2360.4,2773.79,2759.81,0.63
2016-10-12 14:00:00,42.93,42.94,42.79,42.75,1721.45,-0.14,-0.33,42.914,43.04,42.6855,2260.57,2801.58,2692.5,0.31
2016-10-12 11:30:00,43.22,43.27,42.93,42.81,2112.0,-0.29,-0.67,42.898,43.072,42.6355,2873.66,3249.96,2751.66,0.37
2016-10-12 10:30:00,42.8,43.29,43.22,42.8,2562.97,0.42,0.98,42.926,43.015,42.579,3159.48,3189.48,2770.7,0.45
2016-10-11 15:00:00,42.68,42.98,42.93,42.67,1849.83,0.25,0.59,42.962,42.915,42.508,3168.62,3112.71,2866.49,0.33
2016-10-11 14:00:00,42.7,42.82,42.7,42.64,3056.61,0.0,0.0,43.052,42.838,42.396,3187.17,3114.89,2983.35,0.54
2016-10-11 11:30:00,43.06,43.1,42.71,42.7,4786.9,-0.35,-0.81,43.166,42.777,42.295,3342.59,2994.06,2899.98,0.85
2016-10-11 10:30:00,43.39,43.48,43.07,43.02,3541.11,-0.32,-0.74,43.246,42.725,42.1945,3626.27,2740.97,2739.09,0.63
2016-10-10 15:00:00,43.37,43.49,43.4,43.15,2608.65,0.03,0.07,43.104,42.652,42.0815,3219.48,2597.85,2681.01,0.46
2016-10-10 14:00:00,43.27,43.38,43.38,43.06,1942.58,0.11,0.25,42.868,42.566,41.942,3056.8,2472.02,2688.41,0.34
2016-10-10 11:30:00,43.11,43.32,43.27,42.88,3833.71,0.16,0.37,42.624,42.493,41.8225,3042.61,2745.83,2813.0,0.68
2016-10-10 10:30:00,42.51,43.6,43.11,42.51,6205.28,0.6,1.41,42.388,42.331,41.7085,2645.52,2583.41,2771.68,1.1
2016-09-30 15:00:00,42.22,42.45,42.36,42.2,1507.18,0.14,0.33,42.204,42.199,41.6055,1855.68,2253.36,2690.76,0.27
2016-09-30 14:00:00,42.16,42.4,42.22,42.11,1795.24,0.06,0.14,42.2,42.143,41.588,1976.23,2351.93,2689.89,0.32
2016-09-30 11:30:00,42.09,42.26,42.16,42.0,1871.65,0.07,0.17,42.264,42.101,41.5935,1887.23,2620.27,2672.5,0.33
2016-09-30 10:30:00,42.49,42.49,42.09,42.01,1848.26,-0.4,-0.94,42.362,41.954,41.5995,2449.04,2851.8,2624.96,0.33
2016-09-29 15:00:00,42.34,42.42,42.19,42.11,2256.07,-0.15,-0.35,42.274,41.813,41.6045,2521.3,2805.9,2768.11,0.4
2016-09-29 14:00:00,42.54,42.69,42.34,42.34,2109.92,-0.2,-0.47,42.194,41.664,41.631,2651.03,2737.22,2749.58,0.37
2016-09-29 11:30:00,42.65,42.72,42.54,42.53,1350.26,-0.11,-0.26,42.086,41.511,41.659,2727.62,2764.18,2725.11,0.24
2016-09-29 10:30:00,41.76,42.77,42.65,41.76,4680.69,0.89,2.13,41.938,41.318,41.6905,3353.3,2904.81,2826.99,0.83
2016-09-28 15:00:00,41.76,41.8,41.65,41.51,2209.57,-0.11,-0.26,41.546,41.152,41.7175,3254.57,2880.18,2773.38,0.39
2016-09-28 14:00:00,41.8,41.97,41.79,41.7,2904.72,-0.01,-0.02,41.352,41.086,41.77,3090.5,2959.94,2824.14,0.52
2016-09-28 11:30:00,41.79,41.8,41.8,41.43,2492.88,0.01,0.02,41.134,41.012,41.8465,2823.4,3128.17,2862.24,0.44
2016-09-28 10:30:00,40.76,41.8,41.8,40.76,4478.64,1.04,2.55,40.936,41.033,41.9085,2800.73,3027.86,2875.23,0.79
2016-09-27 15:00:00,40.66,40.8,40.69,40.45,4187.02,0.03,0.07,40.698,41.086,41.9675,2456.31,2724.73,3033.82,0.74
2016-09-27 14:00:00,40.7,40.75,40.68,40.6,1389.26,-0.02,-0.05,40.758,41.245,42.0375,2505.8,2398.12,2916.47,0.25
2016-09-27 11:30:00,40.77,41.0,40.7,40.7,1569.19,-0.07,-0.17,40.82,41.396,42.1035,2829.38,2730.32,2925.67,0.28
2016-09-27 10:30:00,40.76,41.37,40.81,40.47,2379.52,0.05,0.12,40.89,41.598,42.179,3432.94,2761.95,3050.18,0.42
2016-09-26 15:00:00,40.99,41.13,40.61,40.56,2756.57,-0.38,-0.93,41.13,41.807,42.246,3254.99,2686.05,3118.62,0.49
2016-09-26 14:00:00,40.87,41.12,40.99,40.52,4434.44,0.12,0.29,41.474,42.063,42.3135,2993.14,2749.18,3082.59,0.79
2016-09-26 11:30:00,41.05,41.25,40.99,40.75,3007.18,-0.06,-0.15,41.732,42.283,42.3645,2290.45,2666.58,2952.64,0.53
2016-09-26 10:30:00,42.0,42.0,41.05,41.02,4587.0,-0.95,-2.26,41.972,42.454,42.418,2631.27,2688.34,2937.37,0.81
2016-09-23 15:00:00,42.33,42.34,42.01,42.01,1489.76,-0.32,-0.76,42.306,42.681,42.4625,2090.96,2596.32,2906.14,0.26
2016-09-23 14:00:00,42.28,42.34,42.33,42.11,1447.33,0.05,0.12,42.484,42.784,42.4085,2117.12,2722.6,2978.64,0.26
2016-09-23 11:30:00,42.18,42.41,42.28,42.18,921.0,0.1,0.24,42.652,42.849,42.347,2505.21,3342.9,2968.65,0.16
2016-09-23 10:30:00,42.88,43.0,42.19,42.07,4711.26,-0.69,-1.61,42.834,42.83,42.291,3042.71,3434.81,3062.49,0.84
2016-09-22 15:00:00,42.9,42.93,42.72,42.68,1885.45,-0.18,-0.42,42.936,42.811,42.25,2745.41,3121.01,2965.68,0.33
2016-09-22 14:00:00,43.17,43.18,42.9,42.81,1620.55,-0.27,-0.63,43.056,42.76,42.163,3101.68,3338.4,3068.58,0.29
2016-09-22 11:30:00,43.13,43.35,43.17,43.01,3387.8,0.04,0.09,43.084,42.685,42.075,3328.08,3551.19,3052.01,0.6
2016-09-22 10:30:00,42.97,43.43,43.19,42.7,3608.47,0.22,0.51,43.046,42.564,41.973,4180.59,3416.0,3143.5,0.64
2016-09-21 15:00:00,43.32,43.32,42.7,42.62,3224.77,-0.62,-1.43,42.826,42.446,41.857,3826.92,3238.7,3229.91,0.57
2016-09-21 14:00:00,43.04,43.56,43.32,43.03,3666.81,0.28,0.65,42.686,42.382,41.7445,3496.6,3186.4,3560.86,0.65
2016-09-21 11:30:00,42.98,43.09,43.04,42.67,2752.55,0.06,0.14,42.464,42.244,41.654,3575.12,3215.95,3516.81,0.49
2016-09-21 10:30:00,42.16,43.39,42.98,42.0,7650.37,0.82,1.94,42.286,42.033,41.616,3774.31,3234.69,3512.92,1.36
2016-09-20 15:00:00,42.0,42.18,42.09,41.83,1840.11,0.09,0.21,42.082,41.845,41.5755,2651.41,2594.4,3287.84,0.33
2016-09-20 14:00:00,42.21,42.31,42.0,41.82,1573.18,-0.21,-0.5,42.066,41.752,41.6295,2650.48,2690.16,3295.56,0.28
2016-09-20 11:30:00,42.15,42.43,42.21,41.93,4059.39,0.06,0.14,42.078,41.689,41.6975,2876.19,2810.35,3272.23,0.72
2016-09-20 10:30:00,41.92,42.43,42.15,41.81,3748.49,0.23,0.55,42.024,41.566,41.7585,2856.79,2798.75,3141.81,0.67
2016-09-19 15:00:00,42.02,42.05,41.96,41.75,2035.88,-0.06,-0.14,41.78,41.465,41.831,2695.07,2552.82,3065.41,0.36
2016-09-19 14:00:00,42.06,42.08,42.01,41.95,1835.44,-0.05,-0.12,41.608,41.382,41.898,2537.39,2871.0,3247.57,0.33
2016-09-19 11:30:00,41.94,42.14,42.06,41.85,2701.77,0.12,0.29,41.438,41.268,41.9675,2729.85,3221.13,3316.72,0.48
2016-09-19 10:30:00,40.9,41.97,41.94,40.7,3962.35,1.04,2.54,41.3,41.107,42.0295,2744.5,3935.33,3273.93,0.7
2016-09-14 15:00:00,41.1,41.14,40.93,40.9,2939.92,-0.17,-0.41,41.108,41.064,42.1105,2740.72,3817.66,3232.65,0.52
2016-09-14 14:00:00,41.16,41.17,41.1,41.0,1247.48,-0.06,-0.15,41.15,41.199,42.2485,2410.58,3791.16,3315.62,0.22
2016-09-14 11:30:00,41.37,41.37,41.16,40.85,2797.74,-0.21,-0.51,41.156,41.306,42.386,3204.6,3981.28,3403.04,0.5
2016-09-14 10:30:00,40.81,41.45,41.37,40.81,2775.02,0.56,1.37,41.098,41.507,42.5235,3712.4,3900.96,3481.95,0.49
2016-09-13 15:00:00,41.14,41.18,40.98,40.87,3943.44,-0.16,-0.39,40.914,41.706,42.6465,5126.15,3734.12,3710.03,0.7
2016-09-13 14:00:00,41.13,41.18,41.14,40.95,1289.21,0.01,0.02,41.02,41.951,42.832,4894.6,3484.87,3912.68,0.23
