date,open,high,close,low,volume,price_change,p_change,ma5,ma10,ma20,v_ma5,v_ma10,v_ma20,turnover
2017-06-30,28.49,33.19,29.13,28.01,532644.38,0.48,1.68,36.72,42.923,40.831,601270.28,778549.89,729496.21,89.75
2017-05-31,36.11,36.28,28.65,27.0,470175.69,-7.99,-21.81,39.948,44.689,41.05,634298.03,763402.4,754627.74,79.22
2017-04-28,43.25,45.5,36.64,35.14,395213.88,-6.76,-15.58,44.068,46.653,40.882,803375.91,784228.51,783137.98,66.59
2017-03-31,45.85,50.88,43.4,42.4,931806.75,-2.38,-5.2,49.286,47.157,40.31,1148044.04,796644.97,823739.57,157.0
2017-02-28,45.26,47.36,45.78,40.4,676510.69,0.51,1.13,49.81,46.636,39.99,1036277.82,798592.41,853814.13,113.99
2017-01-26,49.53,50.59,45.27,39.92,697783.12,-3.98,-8.08,49.126,45.269,39.133,955829.5,789937.26,848897.58,117.57
2016-12-30,62.02,64.95,49.25,48.5,1315565.12,-13.48,-21.49,49.43,44.527,38.984,892506.77,813568.64,989145.46,233.46
2016-11-30,50.48,71.44,62.73,49.85,2118554.5,16.71,36.31,49.238,43.397,37.722,765081.1,731941.21,1017889.18,375.96
2016-10-28,42.51,48.49,46.02,42.51,372975.69,3.66,8.64,45.028,39.839,35.752,445245.91,572480.62,1097793.55,66.19
2016-09-30,46.79,46.87,42.36,40.38,274269.09,-4.43,-9.47,43.462,38.997,34.007,560906.99,610175.19,1079287.24,48.67
2016-08-31,47.87,50.9,46.79,44.5,381169.47,-1.5,-3.11,41.412,38.738,33.567,624045.02,680442.52,1121656.62,67.64
2016-07-29,41.5,54.88,48.29,40.74,678436.75,6.61,15.86,39.624,37.41,32.833,734630.51,745853.09,1162794.79,120.4
2016-06-30,38.28,43.2,41.68,35.53,519378.53,3.49,9.14,37.556,35.111,31.924,698801.31,782047.46,1191286.44,92.17
2016-05-31,32.0,39.88,38.19,30.2,951281.12,6.08,18.93,34.65,33.463,31.314,699715.34,850834.17,1233280.69,160.28
2016-04-29,36.6,36.84,32.11,30.57,589959.25,-5.74,-15.16,34.532,33.344,30.855,659443.39,909035.85,1252080.66,99.4
2016-03-31,36.0,39.7,37.85,30.2,934096.88,-0.1,-0.26,36.064,32.996,30.766,736840.02,907857.89,1299375.05,157.39
2016-02-29,26.81,38.4,37.95,25.8,499290.78,10.8,39.78,35.196,33.441,30.221,757075.66,1164722.28,1327473.37,84.13
2016-01-29,37.6,38.2,27.15,24.01,523948.66,-10.45,-27.79,32.666,32.047,29.577,865293.61,1303837.15,1396488.58,131.65
2015-12-31,43.75,43.75,37.6,34.74,749921.38,-2.17,-5.46,32.276,31.664,29.797,1001953.0,1623106.48,1475810.39,188.42
2015-11-30,32.62,40.3,39.77,32.0,976942.38,6.26,18.68,32.156,29.017,29.017,1158628.3,1548399.29,1548399.29,245.15
2015-10-30,25.82,36.8,33.51,25.62,1035275.12,8.21,32.45,29.928,27.822,27.822,1078875.76,1611894.51,1611894.51,259.79
2015-09-30,22.86,31.82,25.3,20.12,1040380.5,0.1,0.4,31.686,27.111,27.111,1572368.89,1683971.93,1683971.93,261.07
2015-08-31,33.6,40.1,25.2,20.6,1207245.62,-11.8,-31.89,31.428,27.37,27.37,1742380.69,1775913.56,1775913.56,302.95
2015-07-31,27.35,43.12,37.0,13.7,1533297.88,8.37,29.23,31.052,27.732,27.732,2244259.96,1870691.55,1870691.55,384.77
2015-06-30,41.0,45.0,28.63,25.13,578179.69,-13.67,-32.32,25.878,25.878,25.878,1938170.29,1938170.29,1938170.29,145.09
2015-05-29,23.92,53.58,42.3,21.52,3502740.75,18.29,76.18,25.19,25.19,25.19,2278167.94,2278167.94,2278167.94,878.98
2015-04-30,23.17,26.2,24.01,22.16,1890439.5,0.69,2.96,19.487,19.487,19.487,1869977.0,1869977.0,1869977.0,474.39
2015-03-31,12.24,26.76,23.32,12.24,3716642.0,12.19,109.52,17.225,17.225,17.225,1859745.75,1859745.75,1859745.75,932.66
2015-02-27,6.97,11.13,11.13,6.97,2849.5,2.32,43.94,11.13,11.13,11.13,2849.5,2849.5,2849.5,0.72
