Not
2017-06-30,-0.566,-0.523,-0.043
2017-06-29,-0.531,-0.512,-0.019
2017-06-28,-0.487,-0.508,0.021
2017-06-27,-0.430,-0.513,0.083
2017-06-26,-0.430,-0.534,0.104
2017-06-23,-0.386,-0.559,0.174
2017-06-22,-0.315,-0.603,0.288
2017-06-21,-0.246,-0.675,0.429
2017-06-20,-0.252,-0.782,0.530
2017-06-19,-0.300,-0.915,0.615
2017-06-16,-0.374,-1.068,0.695
2017-06-15,-0.474,-1.242,0.768
2017-06-14,-0.648,-1.434,0.786
2017-06-13,-0.868,-1.631,0.762
2017-06-12,-1.188,-1.821,0.634
2017-06-09,-1.504,-1.980,0.475
2017-06-08,-1.653,-2.098,0.445
2017-06-07,-1.779,-2.210,0.430
2017-06-06,-1.953,-2.317,0.364
2017-06-05,-2.059,-2.408,0.349
2017-06-02,-2.149,-2.496,0.346
2017-06-01,-2.242,-2.582,0.340
2017-05-31,-2.328,-2.667,0.340
2017-05-26,-2.402,-2.752,0.350
2017-05-25,-2.503,-2.840,0.337
2017-05-24,-2.601,-2.924,0.323
2017-05-23,-2.687,-3.005,0.318
2017-05-22,-2.825,-3.084,0.259
2017-05-19,-2.972,-3.149,0.177
2017-05-18,-3.148,-3.193,0.045
2017-05-17,-3.308,-3.205,-0.103
2017-05-16,-3.407,-3.179,-0.229
2017-05-15,-3.465,-3.122,-0.343
2017-05-12,-3.398,-3.036,-0.362
2017-05-11,-3.362,-2.945,-0.416
2017-05-10,-3.274,-2.841,-0.433
2017-05-09,-3.177,-2.733,-0.444
2017-05-08,-3.118,-2.622,-0.496
2017-05-05,-2.955,-2.498,-0.458
2017-05-04,-2.725,-2.384,-0.342
2017-05-03,-2.552,-2.298,-0.254
2017-05-02,-2.356,-2.235,-0.121
2017-04-28,-2.281,-2.204,-0.077
2017-04-27,-2.304,-2.185,-0.119
2017-04-26,-2.518,-2.155,-0.363
2017-04-25,-2.597,-2.064,-0.532
2017-04-24,-2.511,-1.931,-0.579
2017-04-21,-2.343,-1.787,-0.557
2017-04-20,-2.255,-1.647,-0.607
2017-04-19,-2.163,-1.496,-0.668
2017-04-18,-1.989,-1.329,-0.660
2017-04-17,-1.855,-1.164,-0.692
2017-04-14,-1.706,-0.991,-0.715
2017-04-13,-1.583,-0.812,-0.771
2017-04-12,-1.453,-0.619,-0.834
2017-04-11,-1.235,-0.410,-0.824
2017-04-10,-0.995,-0.204,-0.790
2017-04-07,-0.606,-0.007,-0.599
2017-04-06,-0.468,0.143,-0.611
2017-04-05,-0.371,0.296,-0.667
2017-03-31,-0.184,0.463,-0.646
2017-03-30,0.108,0.624,-0.517
2017-03-29,0.570,0.753,-0.183
2017-03-28,0.892,0.799,0.093
2017-03-27,0.981,0.776,0.205
2017-03-24,1.117,0.725,0.392
2017-03-23,1.095,0.627,0.468
2017-03-22,0.980,0.510,0.470
2017-03-21,0.895,0.392,0.503
2017-03-20,0.760,0.266,0.494
2017-03-17,0.541,0.143,0.398
2017-03-16,0.424,0.043,0.381
2017-03-15,0.313,-0.052,0.365
2017-03-14,0.222,-0.143,0.365
2017-03-13,0.051,-0.234,0.285
2017-03-10,-0.008,-0.305,0.297
2017-03-09,-0.000,-0.380,0.379
2017-03-08,0.013,-0.475,0.488
2017-03-07,-0.087,-0.597,0.510
2017-03-06,-0.233,-0.724,0.491
2017-03-03,-0.353,-0.847,0.494
2017-03-02,-0.502,-0.970,0.468
2017-03-01,-0.551,-1.087,0.536
2017-02-28,-0.678,-1.221,0.544
2017-02-27,-0.860,-1.357,0.497
2017-02-24,-1.081,-1.482,0.401
2017-02-23,-1.410,-1.582,0.172
2017-02-22,-1.497,-1.625,0.128
2017-02-21,-1.642,-1.657,0.015
2017-02-20,-1.643,-1.661,0.018
2017-02-17,-1.528,-1.665,0.137
2017-02-16,-1.369,-1.699,0.330
2017-02-15,-1.342,-1.782,0.440
2017-02-14,-1.359,-1.892,0.533
2017-02-13,-1.428,-2.025,0.597
2017-02-10,-1.518,-2.174,0.656
2017-02-09,-1.601,-2.338,0.738
2017-02-08,-1.789,-2.523,0.734
2017-02-07,-1.995,-2.706,0.711
2017-02-06,-2.243,-2.884,0.641
2017-02-03,-2.529,-3.045,0.515
2017-02-02,-2.701,-3.173,0.473
2017-01-26,-2.960,-3.292,0.332
2017-01-25,-3.248,-3.375,0.126
2017-01-24,-3.491,-3.406,-0.085
2017-01-23,-3.580,-3.385,-0.195
2017-01-20,-3.715,-3.336,-0.379
2017-01-19,-3.822,-3.241,-0.581
2017-01-18,-3.808,-3.096,-0.712
2017-01-17,-3.676,-2.918,-0.758
2017-01-16,-3.573,-2.729,-0.845
2017-01-13,-3.308,-2.518,-0.790
2017-01-12,-3.130,-2.320,-0.810
2017-01-11,-3.026,-2.118,-0.908
2017-01-10,-2.829,-1.891,-0.938
2017-01-09,-2.630,-1.656,-0.974
2017-01-06,-2.458,-1.412,-1.046
2017-01-05,-2.182,-1.151,-1.031
2017-01-04,-1.998,-0.893,-1.105
2017-01-03,-1.817,-0.617,-1.200
2016-12-30,-1.445,-0.317,-1.128
2016-12-29,-0.938,-0.035,-0.903
2016-12-28,-0.388,0.191,-0.579
2016-12-27,-0.166,0.335,-0.502
2016-12-26,-0.003,0.461,-0.464
2016-12-23,0.109,0.577,-0.467
2016-12-22,0.224,0.694,-0.470
2016-12-21,0.392,0.811,-0.419
2016-12-20,0.456,0.916,-0.460
2016-12-19,0.551,1.031,-0.480
2016-12-16,0.611,1.151,-0.540
2016-12-15,0.629,1.286,-0.657
2016-12-14,0.587,1.450,-0.863
2016-12-13,0.541,1.666,-1.125
2016-12-12,0.475,1.947,-1.472
2016-12-09,0.868,2.315,-1.446
2016-12-08,0.959,2.676,-1.718
2016-12-07,1.424,3.106,-1.682
2016-12-06,1.830,3.526,-1.697
2016-12-05,2.486,3.951,-1.465
2016-12-02,3.142,4.317,-1.175
2016-12-01,3.844,4.610,-0.767
2016-11-30,4.231,4.802,-0.571
2016-11-29,4.615,4.945,-0.330
2016-11-28,5.082,5.027,0.055
2016-11-25,5.430,5.013,0.416
2016-11-24,5.492,4.909,0.582
2016-11-23,5.808,4.764,1.044
2016-11-22,5.921,4.503,1.418
2016-11-21,5.724,4.148,1.576
2016-11-18,5.270,3.754,1.516
2016-11-17,4.958,3.375,1.583
2016-11-16,4.866,2.979,1.886
2016-11-15,4.115,2.508,1.607
2016-11-14,3.486,2.106,1.380
2016-11-11,2.705,1.761,0.944
2016-11-10,2.128,1.525,0.603
2016-11-09,1.907,1.375,0.532
2016-11-08,1.905,1.242,0.663
2016-11-07,1.738,1.076,0.662
2016-11-04,1.476,0.910,0.565
2016-11-03,1.318,0.769,0.549
2016-11-02,1.129,0.632,0.498
2016-10-28,0.826,0.507,0.319
2016-10-27,0.867,0.427,0.440
2016-10-26,0.812,0.318,0.494
2016-10-25,0.631,0.194,0.437
2016-10-24,0.515,0.085,0.430
2016-10-21,0.467,-0.023,0.490
2016-10-20,0.412,-0.145,0.558
2016-10-19,0.302,-0.285,0.587
2016-10-18,0.142,-0.431,0.573
2016-10-17,-0.012,-0.575,0.563
2016-10-14,-0.158,-0.716,0.557
2016-10-13,-0.401,-0.855,0.454
2016-10-12,-0.642,-0.968,0.327
2016-10-11,-0.756,-1.050,0.294
2016-10-10,-0.868,-1.124,0.255
2016-09-30,-1.048,-1.187,0.139
2016-09-29,-1.156,-1.222,0.066
2016-09-28,-1.261,-1.239,-0.022
2016-09-27,-1.320,-1.233,-0.087
2016-09-26,-1.283,-1.212,-0.071
2016-09-23,-1.212,-1.194,-0.018
2016-09-22,-1.239,-1.189,-0.050
2016-09-21,-1.334,-1.177,-0.157
2016-09-20,-1.427,-1.137,-0.290
2016-09-19,-1.468,-1.065,-0.403
2016-09-14,-1.465,-0.964,-0.501
2016-09-13,-1.350,-0.839,-0.511
2016-09-12,-1.190,-0.711,-0.479
2016-09-09,-0.916,-0.591,-0.325
2016-09-08,-0.829,-0.510,-0.318
2016-09-07,-0.725,-0.431,-0.295
2016-09-06,-0.611,-0.357,-0.254
2016-09-05,-0.563,-0.293,-0.269
2016-09-02,-0.437,-0.226,-0.211
2016-09-01,-0.271,-0.173,-0.098
2016-08-31,-0.262,-0.149,-0.113
2016-08-30,-0.308,-0.120,-0.188
2016-08-29,-0.295,-0.073,-0.222
2016-08-26,-0.292,-0.018,-0.274
2016-08-25,-0.312,0.051,-0.363
2016-08-24,-0.316,0.141,-0.458
2016-08-23,-0.223,0.256,-0.479
2016-08-22,-0.098,0.376,-0.474
2016-08-19,-0.004,0.494,-0.498
2016-08-18,0.057,0.619,-0.561
2016-08-17,0.185,0.759,-0.574
2016-08-16,0.287,0.903,-0.616
2016-08-15,0.420,1.057,-0.636
2016-08-12,0.555,1.216,-0.660
2016-08-11,0.774,1.381,-0.606
2016-08-10,1.030,1.532,-0.502
2016-08-09,1.284,1.658,-0.374
2016-08-08,1.400,1.751,-0.351
2016-08-05,1.498,1.839,-0.341
2016-08-04,1.560,1.924,-0.365
2016-08-03,1.687,2.016,-0.329
2016-08-02,1.757,2.098,-0.340
2016-08-01,1.754,2.183,-0.429
2016-07-29,1.818,2.290,-0.472
2016-07-28,1.987,2.408,-0.421
2016-07-27,2.174,2.513,-0.339
2016-07-26,2.470,2.598,-0.128
2016-07-25,2.518,2.630,-0.112
2016-07-22,2.654,2.658,-0.004
2016-07-21,2.877,2.659,0.218
2016-07-20,2.943,2.605,0.339
2016-07-19,2.911,2.520,0.391
2016-07-18,2.712,2.422,0.290
2016-07-15,2.484,2.350,0.135
2016-07-14,2.528,2.316,0.212
2016-07-13,2.564,2.263,0.301
2016-07-12,2.641,2.188,0.453
2016-07-11,2.703,2.075,0.628
2016-07-08,2.654,1.918,0.736
2016-07-07,2.548,1.734,0.814
2016-07-06,2.296,1.530,0.766
2016-07-05,1.888,1.339,0.549
2016-07-04,1.595,1.201,0.394
2016-07-01,1.275,1.103,0.172
2016-06-30,1.092,1.060,0.032
2016-06-29,1.013,1.052,-0.039
2016-06-28,0.987,1.062,-0.075
2016-06-27,0.991,1.081,-0.089
2016-06-24,1.016,1.103,-0.087
2016-06-23,1.131,1.125,0.006
2016-06-22,1.201,1.123,0.078
2016-06-21,1.200,1.104,0.096
2016-06-20,1.191,1.080,0.111
2016-06-17,1.125,1.052,0.073
2016-06-16,0.981,1.033,-0.052
2016-06-15,0.953,1.046,-0.093
2016-06-14,0.839,1.070,-0.231
2016-06-13,0.953,1.127,-0.174
2016-06-08,1.220,1.171,0.049
2016-06-07,1.312,1.159,0.153
2016-06-06,1.353,1.120,0.232
2016-06-03,1.287,1.062,0.225
2016-06-02,1.191,1.006,0.185
2016-06-01,1.156,0.960,0.196
2016-05-31,1.044,0.911,0.133
2016-05-30,0.985,0.878,0.107
2016-05-27,1.068,0.851,0.217
2016-05-26,1.015,0.797,0.218
2016-05-25,1.060,0.742,0.318
2016-05-24,1.042,0.663,0.379
2016-05-23,0.902,0.568,0.334
2016-05-20,0.812,0.484,0.327
2016-05-19,0.832,0.403,0.429
2016-05-18,0.778,0.295,0.483
2016-05-17,0.739,0.175,0.564
2016-05-16,0.562,0.034,0.529
2016-05-13,0.280,-0.099,0.378
2016-05-12,0.154,-0.193,0.347
2016-05-11,-0.036,-0.280,0.244
2016-05-10,-0.166,-0.341,0.175
2016-05-09,-0.279,-0.385,0.106
2016-05-06,-0.331,-0.411,0.081
2016-05-05,-0.390,-0.432,0.041
2016-05-04,-0.469,-0.442,-0.027
2016-05-03,-0.522,-0.435,-0.087
2016-04-29,-0.641,-0.413,-0.227
2016-04-28,-0.654,-0.356,-0.297
2016-04-27,-0.605,-0.282,-0.323
2016-04-26,-0.546,-0.202,-0.344
2016-04-25,-0.487,-0.115,-0.372
2016-04-22,-0.397,-0.022,-0.375
2016-04-21,-0.276,0.071,-0.348
2016-04-20,-0.092,0.158,-0.250
2016-04-19,0.127,0.221,-0.093
2016-04-18,0.105,0.244,-0.139
2016-04-15,0.017,0.279,-0.262
2016-04-14,0.074,0.344,-0.270
2016-04-13,0.122,0.411,-0.289
2016-04-12,0.187,0.484,-0.297
2016-04-11,0.321,0.558,-0.237
2016-04-08,0.417,0.617,-0.200
2016-04-07,0.639,0.667,-0.028
2016-04-06,0.772,0.674,0.098
2016-04-05,0.792,0.649,0.143
2016-04-01,0.768,0.614,0.155
2016-03-31,0.751,0.575,0.176
2016-03-30,0.509,0.531,-0.022
2016-03-29,0.517,0.537,-0.020
2016-03-28,0.619,0.542,0.078
2016-03-25,0.647,0.522,0.125
2016-03-24,0.506,0.491,0.015
2016-03-23,0.445,0.487,-0.043
2016-03-22,0.350,0.498,-0.148
2016-03-21,0.135,0.535,-0.400
2016-03-18,0.101,0.635,-0.534
2016-03-17,0.131,0.768,-0.637
2016-03-16,0.312,0.927,-0.615
2016-03-15,0.598,1.081,-0.483
2016-03-14,0.878,1.202,-0.324
2016-03-11,0.992,1.283,-0.291
2016-03-10,1.159,1.356,-0.197
2016-03-09,1.375,1.405,-0.030
2016-03-08,1.674,1.413,0.262
2016-03-07,1.887,1.347,0.540
2016-03-04,1.859,1.212,0.647
2016-03-03,1.844,1.051,0.794
2016-03-02,1.847,0.852,0.995
2016-03-01,1.675,0.603,1.072
2016-02-29,1.485,0.335,1.150
2016-02-26,1.122,0.048,1.074
2016-02-25,0.818,-0.220,1.039
2016-02-24,0.706,-0.480,1.186
2016-02-23,0.287,-0.777,1.063
2016-02-22,-0.094,-1.042,0.949
2016-02-19,-0.417,-1.280,0.862
2016-02-18,-0.717,-1.495,0.778
2016-02-17,-0.906,-1.690,0.784
2016-02-16,-1.193,-1.886,0.693
2016-02-15,-1.555,-2.059,0.504
2016-02-05,-1.784,-2.185,0.401
2016-02-04,-1.962,-2.285,0.323
2016-02-03,-2.103,-2.366,0.263
2016-02-02,-2.214,-2.431,0.217
2016-02-01,-2.349,-2.486,0.136
2016-01-29,-2.437,-2.520,0.083
2016-01-28,-2.569,-2.540,-0.029
2016-01-27,-2.572,-2.533,-0.039
2016-01-26,-2.529,-2.523,-0.005
2016-01-25,-2.516,-2.522,0.007
2016-01-22,-2.728,-2.524,-0.204
2016-01-21,-2.690,-2.473,-0.217
2016-01-20,-2.680,-2.418,-0.262
2016-01-19,-2.822,-2.353,-0.469
2016-01-18,-2.969,-2.236,-0.733
2016-01-15,-2.971,-2.053,-0.919
2016-01-14,-2.891,-1.823,-1.068
2016-01-13,-2.820,-1.556,-1.264
2016-01-12,-2.632,-1.240,-1.392
2016-01-11,-2.287,-0.892,-1.396
2016-01-08,-1.886,-0.543,-1.343
2016-01-07,-1.515,-0.207,-1.308
2016-01-06,-1.009,0.120,-1.129
2016-01-05,-0.663,0.402,-1.065
2016-01-04,-0.110,0.668,-0.779
2015-12-31,0.343,0.863,-0.520
2015-12-30,0.533,0.993,-0.460
2015-12-29,0.651,1.108,-0.457
2015-12-28,0.768,1.222,-0.455
2015-12-25,0.997,1.336,-0.339
2015-12-24,1.163,1.421,-0.258
2015-12-23,1.328,1.485,-0.158
2015-12-22,1.406,1.525,-0.119
2015-12-21,1.464,1.555,-0.090
2015-12-18,1.551,1.577,-0.027
2015-12-17,1.600,1.584,0.016
2015-12-16,1.555,1.580,-0.025
2015-12-15,1.552,1.586,-0.034
2015-12-14,1.522,1.594,-0.072
2015-12-11,1.594,1.613,-0.018
2015-12-10,1.751,1.617,0.134
2015-12-09,1.802,1.584,0.218
2015-12-08,1.761,1.529,0.232
2015-12-07,1.561,1.471,0.090
2015-12-04,1.389,1.449,-0.059
2015-12-03,1.267,1.463,-0.196
2015-12-02,1.351,1.512,-0.161
2015-12-01,1.556,1.553,0.004
2015-11-30,1.542,1.552,-0.009
2015-11-27,1.383,1.554,-0.171
2015-11-26,1.527,1.597,-0.070
2015-11-25,1.600,1.614,-0.014
2015-11-24,1.511,1.618,-0.107
2015-11-23,1.357,1.645,-0.288
2015-11-20,1.426,1.716,-0.291
2015-11-19,1.493,1.789,-0.296
2015-11-18,1.606,1.863,-0.257
2015-11-17,1.754,1.927,-0.174
2015-11-16,1.931,1.971,-0.039
2015-11-13,2.097,1.981,0.117
2015-11-12,2.240,1.951,0.289
2015-11-11,2.042,1.879,0.163
2015-11-10,2.003,1.838,0.165
2015-11-09,2.036,1.797,0.239
2015-11-06,2.039,1.737,0.302
2015-11-05,2.064,1.662,0.402
2015-11-04,2.095,1.561,0.534
2015-11-03,1.974,1.428,0.546
2015-11-02,1.843,1.291,0.552
2015-10-30,1.698,1.153,0.545
2015-10-29,1.670,1.017,0.653
2015-10-28,1.539,0.854,0.685
2015-10-27,1.261,0.682,0.578
2015-10-26,0.959,0.538,0.421
2015-10-23,0.645,0.433,0.212
2015-10-22,0.544,0.380,0.165
2015-10-21,0.632,0.338,0.293
2015-10-20,0.776,0.265,0.511
2015-10-19,0.633,0.137,0.496
2015-10-16,0.531,0.013,0.518
2015-10-15,0.405,-0.116,0.521
2015-10-14,0.221,-0.247,0.467
2015-10-13,0.045,-0.363,0.409
2015-10-12,-0.144,-0.466,0.321
2015-10-09,-0.362,-0.546,0.184
2015-10-08,-0.466,-0.592,0.126
2015-10-07,-0.581,-0.623,0.042
2015-09-30,-0.562,-0.634,0.072
2015-09-29,-0.491,-0.652,0.161
2015-09-28,-0.433,-0.692,0.259
2015-09-25,-0.395,-0.757,0.362
2015-09-24,-0.279,-0.847,0.569
2015-09-23,-0.386,-0.990,0.603
2015-09-22,-0.482,-1.140,0.658
2015-09-21,-0.710,-1.305,0.595
2015-09-18,-0.918,-1.454,0.536
2015-09-17,-1.058,-1.587,0.529
2015-09-16,-1.223,-1.720,0.497
2015-09-15,-1.476,-1.844,0.368
2015-09-14,-1.522,-1.936,0.414
2015-09-11,-1.733,-2.040,0.307
2015-09-10,-2.281,-2.116,-0.164
2015-09-09,-2.670,-2.075,-0.595
2015-09-08,-2.878,-1.926,-0.952
2015-09-07,-2.890,-1.688,-1.202
2015-09-02,-2.666,-1.388,-1.278
2015-09-01,-2.322,-1.069,-1.253
2015-08-31,-2.081,-0.755,-1.326
2015-08-28,-2.000,-0.424,-1.576
2015-08-27,-1.827,-0.030,-1.797
2015-08-26,-1.350,0.419,-1.769
2015-08-25,-0.697,0.861,-1.558
2015-08-24,0.022,1.251,-1.229
2015-08-21,0.672,1.558,-0.886
2015-08-20,1.195,1.780,-0.584
2015-08-19,1.517,1.926,-0.409
2015-08-18,1.693,2.028,-0.335
2015-08-17,2.109,2.112,-0.002
2015-08-14,2.245,2.112,0.133
2015-08-13,2.353,2.079,0.274
2015-08-12,2.336,2.011,0.325
2015-08-11,2.346,1.930,0.417
2015-08-10,2.216,1.825,0.391
2015-08-07,1.989,1.728,0.261
2015-08-06,2.022,1.663,0.360
2015-08-05,2.357,1.573,0.784
2015-08-04,2.438,1.377,1.062
2015-08-03,2.426,1.111,1.314
2015-07-31,2.578,0.783,1.795
2015-07-30,2.358,0.334,2.024
2015-07-29,1.834,-0.172,2.006
2015-07-28,1.123,-0.674,1.797
2015-07-27,0.562,-1.123,1.685
2015-07-24,0.168,-1.544,1.712
2015-07-23,-0.337,-1.972,1.635
2015-07-22,-1.048,-2.381,1.333
2015-07-21,-1.828,-2.714,0.886
2015-07-20,-2.500,-2.936,0.436
2015-07-17,-3.053,-3.045,-0.008
2015-07-16,-3.470,-3.043,-0.427
2015-07-15,-3.729,-2.936,-0.793
2015-07-14,-3.820,-2.738,-1.082
2015-07-13,-4.107,-2.467,-1.640
2015-07-10,-4.208,-2.057,-2.151
2015-07-09,-4.089,-1.519,-2.570
2015-07-08,-3.708,-0.877,-2.831
2015-07-07,-3.012,-0.169,-2.843
2015-07-06,-2.252,0.541,-2.794
2015-07-03,-1.441,1.240,-2.681
2015-07-02,-0.598,1.910,-2.508
2015-07-01,0.251,2.537,-2.286
2015-06-30,1.068,3.109,-2.040
2015-06-29,1.805,3.619,-1.814
2015-06-26,2.791,4.072,-1.281
2015-06-25,3.693,4.392,-0.700
2015-06-24,4.439,4.567,-0.128
2015-06-23,4.937,4.599,0.338
2015-06-02,5.284,4.515,0.770
2015-06-01,5.193,4.322,0.871
2015-05-29,5.361,4.104,1.257
2015-05-28,5.405,3.790,1.614
2015-05-27,5.223,3.387,1.836
2015-05-26,4.421,2.928,1.493
2015-05-25,3.784,2.554,1.230
2015-05-22,3.326,2.247,1.079
2015-05-21,3.067,1.977,1.089
2015-05-20,2.865,1.705,1.161
2015-05-19,2.503,1.415,1.088
2015-05-18,1.915,1.143,0.773
2015-05-15,1.474,0.949,0.525
2015-05-14,1.197,0.818,0.379
2015-05-13,0.746,0.723,0.023
2015-05-12,0.446,0.718,-0.272
2015-05-11,0.316,0.785,-0.470
2015-05-08,0.381,0.903,-0.522
2015-05-07,0.561,1.033,-0.473
2015-05-06,0.799,1.152,-0.353
2015-05-05,0.843,1.240,-0.397
2015-05-04,0.937,1.339,-0.402
2015-04-30,1.025,1.439,-0.414
2015-04-29,1.133,1.543,-0.410
2015-04-28,1.199,1.645,-0.447
2015-04-27,1.287,1.757,-0.470
2015-04-24,1.271,1.875,-0.604
2015-04-23,1.402,2.026,-0.624
2015-04-22,1.471,2.182,-0.711
2015-04-21,1.585,2.359,-0.775
2015-04-20,1.767,2.553,-0.786
2015-04-17,2.040,2.750,-0.709
2015-04-16,2.175,2.927,-0.752
2015-04-15,2.236,3.115,-0.879
2015-04-14,2.369,3.335,-0.966
2015-04-13,2.586,3.576,-0.990
2015-04-10,2.752,3.824,-1.072
2015-04-09,3.002,4.092,-1.090
2015-04-08,nan,nan,nan
2015-04-07,nan,nan,nan
2015-04-03,nan,nan,nan
2015-04-02,nan,nan,nan
2015-04-01,nan,nan,nan
2015-03-31,nan,nan,nan
2015-03-30,nan,nan,nan
2015-03-27,nan,nan,nan
2015-03-26,nan,nan,nan
2015-03-25,nan,nan,nan
2015-03-24,nan,nan,nan
2015-03-23,nan,nan,nan
2015-03-20,nan,nan,nan
2015-03-19,nan,nan,nan
2015-03-18,nan,nan,nan
2015-03-17,nan,nan,nan
2015-03-16,nan,nan,nan
2015-03-13,nan,nan,nan
2015-03-12,nan,nan,nan
2015-03-11,nan,nan,nan
2015-03-10,nan,nan,nan
2015-03-09,nan,nan,nan
2015-03-06,nan,nan,nan
2015-03-05,nan,nan,nan
2015-03-04,nan,nan,nan
2015-03-03,nan,nan,nan
2015-03-02,nan,nan,nan
2015-02-27,nan,nan,nan
2015-02-26,nan,nan,nan
2015-02-25,nan,nan,nan
2015-02-24,nan,nan,nan
2015-02-17,nan,nan,nan
2015-02-16,nan,nan,nan
