date,open,high,close,low,volume,price_change,p_change,ma5,ma10,ma20,v_ma5,v_ma10,v_ma20,turnover
2017-03-17 15:00:00,27.88,27.97,27.65,27.6,27225.7,-0.23,-0.82,27.804,27.567,27.284,29325.1,21731.9,20430.8,2.78
2017-03-17 14:00:00,28.01,28.16,27.88,27.87,18264.0,-0.13,-0.46,27.778,27.528,27.2485,26169.4,20291.3,19662.7,1.87
2017-03-17 11:30:00,28.14,28.35,28.0,27.85,36244.0,-0.14,-0.5,27.69,27.446,27.21,23981.2,21894.7,19000.7,3.71
2017-03-17 10:30:00,27.59,28.18,28.14,27.5,48047.0,0.55,1.99,27.6,27.418,27.1675,21614.4,24407.5,17462.0,4.91
2017-03-16 15:00:00,27.52,27.55,27.35,27.3,16845.0,-0.17,-0.62,27.394,27.35,27.117,14987.8,21446.9,15478.2,1.72
2017-03-16 14:00:00,27.45,27.52,27.52,27.25,11447.0,0.07,0.26,27.33,27.336,27.0975,14138.6,21540.5,15154.3,1.17
2017-03-16 11:30:00,27.56,27.57,27.44,27.4,7323.0,-0.12,-0.44,27.278,27.281,27.076,14413.2,21442.6,14877.4,0.75
2017-03-16 10:30:00,27.03,27.69,27.55,27.03,24410.0,0.52,1.92,27.202,27.214,27.0655,19808.2,21433.6,14823.4,2.5
2017-03-15 15:00:00,27.03,27.18,27.11,27.0,14914.0,0.08,0.3,27.236,27.12,27.0515,27200.6,19565.6,14163.7,1.53
2017-03-15 14:00:00,27.26,27.28,27.03,27.02,12599.1,-0.23,-0.84,27.306,27.062,27.061,27906.0,18515.4,14118.7,1.29
2017-03-15 11:30:00,27.07,27.35,27.26,27.06,12819.9,0.19,0.7,27.342,27.001,27.0825,28942.4,19129.7,13751.4,1.31
2017-03-15 10:30:00,27.47,27.47,27.06,27.06,34298.0,-0.41,-1.49,27.284,26.969,27.095,28472.0,19034.1,13425.9,3.51
2017-03-14 15:00:00,27.46,28.33,27.72,27.32,61372.1,0.26,0.95,27.226,26.974,27.1185,23059.0,16106.6,12926.1,6.28
2017-03-14 14:00:00,27.21,27.59,27.46,27.16,18440.9,0.25,0.92,27.004,26.917,27.119,11930.6,10516.5,11620.9,1.89
2017-03-14 11:30:00,26.94,27.29,27.21,26.93,17781.1,0.27,1.0,26.818,26.884,27.107,9124.8,9509.44,11011.2,1.82
2017-03-14 10:30:00,26.94,26.99,26.97,26.6,10467.9,0.03,0.11,26.66,26.859,27.1085,9317.08,8768.09,10588.7,1.07
2017-03-13 15:00:00,26.61,26.77,26.77,26.6,7233.0,0.16,0.6,26.654,26.871,27.1215,9596.28,8312.3,10966.8,0.74
2017-03-13 14:00:00,26.53,26.69,26.61,26.43,5730.0,0.08,0.3,26.722,26.917,27.129,9154.28,8213.1,11178.1,0.59
2017-03-13 11:30:00,26.44,26.57,26.53,26.37,4412.0,0.09,0.34,26.83,26.983,27.139,9102.48,8761.8,11117.0,0.45
2017-03-13 10:30:00,26.7,26.89,26.42,26.03,18742.5,-0.28,-1.05,26.95,27.06,27.1565,9894.08,9722.03,11289.0,1.92
2017-03-10 15:00:00,27.11,27.14,26.94,26.91,11863.9,-0.17,-0.63,27.058,27.164,27.174,8219.1,8373.15,10800.0,1.21
2017-03-10 14:00:00,27.2,27.25,27.11,27.11,5023.0,-0.09,-0.33,27.088,27.221,27.1555,7028.32,7817.69,10707.8,0.51
2017-03-10 11:30:00,27.13,27.23,27.15,27.11,5471.0,0.02,0.07,27.112,27.263,27.128,7271.92,9745.59,10644.2,0.56
2017-03-10 10:30:00,27.11,27.34,27.13,27.01,8370.0,0.02,0.07,27.136,27.321,27.1015,8421.12,12725.3,10664.9,0.86
2017-03-09 15:00:00,27.09,27.13,26.96,26.82,10367.6,-0.13,-0.48,27.17,27.33,27.076,9549.98,12513.0,10831.4,1.06
2017-03-09 14:00:00,27.2,27.24,27.09,27.02,5910.0,-0.11,-0.4,27.27,27.358,27.056,8527.2,12409.3,11258.0,0.6
2017-03-09 11:30:00,27.27,27.34,27.23,27.1,6241.0,-0.04,-0.15,27.354,27.372,27.0305,8607.06,13621.3,11828.5,0.64
2017-03-09 10:30:00,27.16,27.54,27.27,27.15,11217.0,0.11,0.41,27.414,27.341,27.0155,12219.3,14143.2,11949.2,1.15
2017-03-08 15:00:00,27.46,27.48,27.3,27.21,14014.3,-0.16,-0.58,27.506,27.295,26.998,17029.5,13472.3,12413.5,1.43
2017-03-08 14:00:00,27.51,27.57,27.46,27.4,5253.7,-0.05,-0.18,27.49,27.253,27.001,15476.0,12856.0,12303.9,0.54
2017-03-08 11:30:00,27.5,27.54,27.51,27.39,6309.3,0.01,0.04,27.446,27.184,27.005,16291.4,13226.8,12302.5,0.65
2017-03-08 10:30:00,28.01,28.01,27.53,27.37,24302.0,-0.48,-1.71,27.39,27.09,27.0135,18635.5,13597.8,12390.5,2.49
2017-03-07 15:00:00,27.22,27.78,27.73,27.2,35268.0,0.51,1.87,27.268,26.993,27.0165,16067.0,11542.9,11864.1,3.61
2017-03-07 14:00:00,27.23,27.25,27.22,27.14,6247.11,-0.01,-0.04,27.084,26.882,27.0,9915.05,8604.52,10576.7,0.64
2017-03-07 11:30:00,27.23,27.35,27.24,27.16,9330.51,0.01,0.04,27.016,26.822,27.009,10236.0,9149.72,10536.6,0.95
2017-03-07 10:30:00,27.07,27.29,27.23,26.83,18030.0,0.16,0.59,26.922,26.754,27.023,10162.1,10106.7,10335.0,1.84
2017-03-06 15:00:00,26.83,26.94,26.92,26.78,11459.6,0.09,0.34,26.79,26.689,27.03,8560.12,10035.8,10148.2,1.17
2017-03-06 14:00:00,26.88,26.9,26.81,26.77,4508.01,-0.07,-0.26,26.718,26.69,27.054,7018.66,9755.24,10518.2,0.46
2017-03-06 11:30:00,26.77,26.95,26.88,26.74,7852.0,0.11,0.41,26.68,26.701,27.0955,7294.0,11354.7,10663.2,0.8
2017-03-06 10:30:00,26.67,26.84,26.77,26.63,8961.0,0.1,0.37,26.628,26.749,27.14,8063.42,11751.8,10612.5,0.92
2017-03-03 15:00:00,26.57,26.68,26.57,26.51,10020.0,0.0,0.0,26.586,26.826,27.1885,10051.2,11378.2,11030.9,1.02
2017-03-03 14:00:00,26.62,26.65,26.56,26.51,3752.3,-0.06,-0.23,26.588,26.937,27.2645,11511.4,11183.1,11253.9,0.38
2017-03-03 11:30:00,26.65,26.7,26.62,26.5,5884.7,-0.03,-0.11,26.662,27.04,27.337,12491.8,12185.3,11529.4,0.6
2017-03-03 10:30:00,26.56,26.76,26.62,26.5,11699.1,0.06,0.23,26.722,27.118,27.41,15415.4,12548.9,11677.3,1.2
2017-03-02 15:00:00,26.56,26.75,26.56,26.5,18900.0,0.0,0.0,26.87,27.196,27.4885,15440.2,11923.4,12221.0,1.93
2017-03-02 14:00:00,26.93,26.95,26.58,26.51,17321.0,-0.35,-1.3,27.066,27.292,27.5575,12705.2,10563.3,12271.4,1.77
2017-03-02 11:30:00,26.92,26.97,26.93,26.84,8654.3,0.01,0.04,27.286,27.371,27.626,10854.8,10260.6,11875.8,0.88
2017-03-02 10:30:00,27.29,27.3,26.92,26.87,20502.8,-0.37,-1.36,27.418,27.418,27.6735,11878.7,11281.1,12047.8,2.1
2017-03-01 15:00:00,27.54,27.56,27.36,27.3,11822.8,-0.18,-0.65,27.514,27.49,27.7235,9682.37,9971.7,13431.9,1.21
2017-03-01 14:00:00,27.69,27.71,27.54,27.53,5225.0,-0.15,-0.54,27.522,27.531,27.786,8406.6,9473.23,14507.8,0.53
2017-03-01 11:30:00,27.59,27.75,27.68,27.52,8069.0,0.09,0.33,27.518,27.551,27.847,8421.46,10683.6,15589.6,0.83
2017-03-01 10:30:00,27.27,27.67,27.59,27.27,13774.0,0.32,1.17,27.456,27.592,27.8855,9666.4,11324.6,16058.3,1.41
2017-02-28 15:00:00,27.4,27.44,27.4,27.35,9521.0,0.0,0.0,27.418,27.634,27.9255,10683.4,10873.6,19972.8,0.97
2017-02-28 14:00:00,27.53,27.53,27.4,27.34,5444.0,-0.13,-0.47,27.466,27.702,27.92,10261.0,10805.6,20096.8,0.56
2017-02-28 11:30:00,27.37,27.53,27.52,27.3,5299.3,0.15,0.55,27.54,27.781,27.91,10539.9,12518.5,20308.3,0.54
2017-02-28 10:30:00,27.3,27.68,27.37,27.2,14293.7,0.07,0.26,27.584,27.823,27.89,12945.8,13979.5,20388.4,1.46
2017-02-27 15:00:00,27.64,27.8,27.4,27.31,18859.2,-0.24,-0.87,27.728,27.881,27.879,12982.9,13491.0,20400.3,1.93
2017-02-27 14:00:00,27.77,27.83,27.64,27.62,7409.0,-0.13,-0.47,27.85,27.929,27.8515,11063.8,12814.6,20075.7,0.76
2017-02-27 11:30:00,27.74,27.99,27.77,27.71,6838.11,0.03,0.11,27.938,27.957,27.7955,11350.2,16892.1,20197.1,0.7
2017-02-27 10:30:00,28.07,28.07,27.74,27.61,17329.0,-0.33,-1.18,28.022,28.041,27.737,14497.2,19542.5,20723.0,1.77
2017-02-24 15:00:00,28.0,28.17,28.09,27.96,14479.0,0.09,0.32,28.062,28.143,27.7035,15013.2,20495.6,20733.2,1.48
2017-02-24 14:00:00,28.08,28.19,28.01,27.89,9264.0,-0.07,-0.25,28.034,28.179,27.6645,13999.2,20792.1,20546.0,0.95
2017-02-24 11:30:00,28.19,28.19,28.08,28.0,8841.0,-0.11,-0.39,28.008,28.217,27.631,14565.3,29071.9,20446.6,0.9
2017-02-24 10:30:00,28.2,28.49,28.19,28.02,22573.1,-0.01,-0.04,27.976,28.138,27.592,22434.0,29387.9,20554.7,2.31
2017-02-23 15:00:00,27.95,27.99,27.94,27.8,19909.0,-0.01,-0.04,28.06,28.039,27.561,24587.7,28098.0,20565.8,2.04
2017-02-23 14:00:00,27.88,28.18,27.95,27.83,9409.03,0.07,0.25,28.224,27.957,27.529,25978.0,26797.3,20479.3,0.96
2017-02-23 11:30:00,27.92,28.0,27.88,27.82,12094.5,-0.04,-0.14,28.324,27.877,27.5005,27584.9,27309.5,20332.5,1.24
2017-02-23 10:30:00,28.09,28.48,27.92,27.78,48184.5,-0.17,-0.61,28.426,27.774,27.479,43578.5,27336.8,20054.7,4.93
2017-02-22 15:00:00,28.77,28.78,28.61,28.5,33341.4,-0.16,-0.56,28.3,27.634,27.467,36341.8,23502.2,18536.0,3.41
2017-02-22 14:00:00,28.47,28.8,28.76,28.46,26860.5,0.29,1.02,28.018,27.433,27.41,31608.3,21903.5,17966.3,2.75
2017-02-22 11:30:00,28.4,28.53,28.45,28.3,17443.5,0.05,0.18,27.69,27.264,27.3645,27616.6,20970.8,17169.2,1.78
2017-02-22 10:30:00,27.7,28.96,28.39,27.7,92062.5,0.69,2.49,27.43,27.15,27.3345,27034.1,20300.0,17035.7,9.41
2017-02-21 15:00:00,27.2,27.29,27.29,27.15,12001.1,0.09,0.33,27.122,27.045,27.3045,11095.2,11821.3,13725.7,1.23
2017-02-21 14:00:00,27.12,27.23,27.2,27.02,9673.88,0.08,0.29,26.968,27.046,27.3525,10662.5,11721.4,14107.1,0.99
2017-02-21 11:30:00,27.15,27.17,27.12,27.0,6902.01,-0.03,-0.11,26.848,27.083,27.407,12198.8,13033.7,14293.0,0.71
2017-02-21 10:30:00,27.14,27.29,27.15,27.01,14530.8,0.01,0.04,26.838,27.101,27.4695,14325.0,14161.2,14518.5,1.49
2017-02-20 15:00:00,26.53,26.9,26.85,26.52,12368.0,0.32,1.21,26.87,27.124,27.533,13565.8,13355.6,15254.4,1.26
2017-02-20 14:00:00,26.6,26.75,26.52,26.5,9838.0,-0.08,-0.3,26.968,27.184,27.624,12547.4,12772.6,16117.8,1.01
2017-02-20 11:30:00,27.06,27.06,26.6,26.5,17355.0,-0.46,-1.7,27.124,27.3,27.732,12780.3,13569.9,17322.8,1.77
2017-02-20 10:30:00,26.98,27.2,27.07,26.91,17533.0,0.09,0.33,27.318,27.387,27.816,13868.6,14029.1,17672.2,1.79
2017-02-17 15:00:00,27.34,27.45,27.31,27.22,10735.2,-0.03,-0.11,27.364,27.465,27.8685,13997.5,13367.6,18111.5,1.1
2017-02-17 14:00:00,27.3,27.45,27.34,27.12,7276.0,0.04,0.15,27.378,27.519,27.901,13145.3,13771.4,19310.6,0.74
2017-02-17 11:30:00,27.57,27.59,27.3,27.2,11002.2,-0.27,-0.98,27.4,27.564,27.9395,12997.7,15630.1,20687.9,1.13
2017-02-17 10:30:00,27.25,27.77,27.57,27.22,22796.7,0.32,1.17,27.476,27.659,27.9645,14359.4,16492.7,20717.0,2.33
2017-02-16 15:00:00,27.38,27.41,27.3,27.11,18177.5,-0.08,-0.29,27.456,27.731,27.966,14189.6,15552.3,20655.5,1.86
2017-02-16 14:00:00,27.46,27.57,27.38,27.38,6474.0,-0.08,-0.29,27.566,27.838,27.9825,12737.7,14875.7,20859.6,0.66
2017-02-16 11:30:00,27.69,27.69,27.45,27.41,6538.0,-0.24,-0.87,27.66,27.942,27.995,14397.4,17153.2,21170.5,0.67
2017-02-16 10:30:00,27.4,27.79,27.68,27.05,17811.0,0.28,1.02,27.728,28.064,28.013,18262.4,19463.0,21556.4,1.82
2017-02-15 15:00:00,27.85,27.93,27.47,27.41,21947.4,-0.38,-1.36,27.842,28.164,28.0215,18626.0,21075.7,22386.5,2.24
2017-02-15 14:00:00,27.82,28.04,27.85,27.76,10918.0,0.03,0.11,28.006,28.245,28.039,16915.1,21315.3,24030.9,1.12
2017-02-15 11:30:00,27.8,27.91,27.85,27.61,14772.8,0.05,0.18,28.11,28.272,27.9915,17013.7,22855.5,23934.1,1.51
2017-02-15 10:30:00,28.27,28.55,27.79,27.69,25863.0,-0.48,-1.7,28.224,28.283,27.9375,19909.1,24849.8,23735.0,2.64
2017-02-14 15:00:00,28.3,28.51,28.25,28.25,19628.6,-0.05,-0.18,28.4,28.315,27.8755,20663.6,25745.8,24088.8,2.01
2017-02-14 14:00:00,28.37,28.48,28.29,28.12,13393.0,-0.08,-0.28,28.486,28.27,27.8205,23525.5,24941.4,24093.2,1.37
2017-02-14 11:30:00,28.42,28.68,28.37,28.35,11411.0,-0.05,-0.18,28.484,28.201,27.773,25715.5,25758.7,23995.1,1.17
2017-02-14 10:30:00,28.78,28.85,28.42,28.28,29249.7,-0.36,-1.25,28.434,28.127,27.7265,28697.3,26843.4,24920.9,2.99
2017-02-13 15:00:00,28.67,28.67,28.67,28.33,29635.8,0.0,0.0,28.342,28.048,27.6905,29790.6,25187.8,26374.8,3.03
2017-02-13 14:00:00,28.3,28.87,28.68,28.26,33938.0,0.38,1.34,28.23,27.962,27.577,30828.0,23649.7,26242.2,3.47
2017-02-13 11:30:00,28.11,28.39,28.28,28.11,24343.0,0.17,0.6,28.054,27.879,27.4495,26357.2,23697.3,24926.5,2.49
2017-02-13 10:30:00,27.81,28.17,28.12,27.69,26319.8,0.31,1.11,27.918,27.833,27.342,25801.8,26746.4,24308.2,2.69
2017-02-10 15:00:00,28.11,28.2,27.96,27.86,34716.2,-0.15,-0.53,27.82,27.711,27.237,24989.6,25012.7,23763.0,3.55
2017-02-10 14:00:00,27.8,28.3,28.11,27.63,34823.0,0.31,1.12,27.754,27.592,27.132,20585.0,22620.2,22446.0,3.56
2017-02-10 11:30:00,27.6,27.87,27.8,27.35,11584.0,0.2,0.72,27.694,27.436,27.031,16471.4,22431.7,21502.2,1.18
2017-02-10 10:30:00,27.64,27.92,27.6,27.33,21566.1,-0.04,-0.14,27.704,27.371,26.9235,21037.3,23245.0,21108.0,2.21
2017-02-09 15:00:00,27.62,27.84,27.63,27.53,22258.7,0.01,0.04,27.748,27.345,26.828,27691.1,22231.6,20570.8,2.28
2017-02-09 14:00:00,27.82,27.89,27.63,27.61,12693.4,-0.19,-0.68,27.602,27.326,26.7335,25035.7,22998.4,20349.8,1.3
2017-02-09 11:30:00,27.85,27.86,27.81,27.6,14255.0,-0.04,-0.14,27.43,27.333,26.641,24655.4,27561.7,19980.4,1.46
2017-02-09 10:30:00,27.5,28.19,27.85,27.45,34413.5,0.35,1.27,27.178,27.192,26.538,28391.9,28834.6,19764.0,3.52
2017-02-08 15:00:00,26.9,28.46,27.82,26.83,54834.7,0.92,3.42,27.038,27.02,26.4485,25452.6,26155.8,18727.0,5.61
2017-02-08 14:00:00,26.77,26.98,26.9,26.68,8982.0,0.13,0.49,26.942,26.851,26.359,16772.1,21869.9,16919.2,0.92
2017-02-08 11:30:00,26.51,26.92,26.77,26.43,10792.0,0.26,0.98,27.05,26.763,26.316,20961.1,22513.3,17130.6,1.1
2017-02-08 10:30:00,26.89,26.99,26.55,26.31,32937.5,-0.34,-1.26,27.236,26.672,26.285,30468.0,22271.7,17142.5,3.37
2017-02-07 15:00:00,27.34,27.42,27.15,27.1,19716.6,-0.19,-0.69,27.206,26.626,26.268,29277.3,20572.6,17017.7,2.02
2017-02-07 14:00:00,27.44,27.47,27.34,27.18,11432.4,-0.1,-0.36,27.002,26.476,26.2405,26859.0,18971.0,18367.2,1.17
2017-02-07 11:30:00,27.7,27.82,27.44,27.19,29927.0,-0.26,-0.94,26.76,26.311,26.181,26967.7,18910.1,18564.6,3.06
2017-02-07 10:30:00,26.35,28.55,27.7,26.22,58326.5,1.35,5.12,26.476,26.141,26.1095,24065.5,17701.2,17769.9,5.96
2017-02-06 15:00:00,26.13,26.5,26.4,26.05,26984.0,0.27,1.03,26.108,25.949,26.015,14075.4,12399.0,16608.3,2.76
2017-02-06 14:00:00,26.14,26.15,26.13,25.99,7625.0,-0.01,-0.04,26.046,25.884,25.972,11867.9,10693.4,16119.2,0.78
2017-02-06 11:30:00,26.01,26.23,26.13,25.93,11976.2,0.12,0.46,25.95,25.877,25.9445,11082.9,11298.2,16118.7,1.22
2017-02-06 10:30:00,26.03,26.1,26.02,25.65,15416.0,-0.01,-0.04,25.862,25.867,25.9195,10852.5,11968.5,15976.4,1.58
2017-02-03 15:00:00,26.09,26.09,25.86,25.81,8376.0,-0.23,-0.88,25.806,25.869,25.9105,11336.9,11747.9,17106.0,0.86
2017-02-03 14:00:00,25.65,26.27,26.09,25.65,15946.5,0.44,1.72,25.79,25.898,25.8815,10722.6,12013.3,17654.9,1.63
2017-02-03 11:30:00,25.69,25.73,25.65,25.54,3700.0,-0.04,-0.16,25.722,25.91,25.848,9518.92,13462.8,17531.2,0.38
2017-02-03 10:30:00,25.9,25.99,25.69,25.52,10824.0,-0.21,-0.81,25.804,26.005,25.8335,11513.4,17763.4,18054.4,1.11
2017-01-26 15:00:00,25.78,25.79,25.74,25.57,17838.0,-0.04,-0.16,25.872,26.051,25.8165,13084.4,18219.0,18462.4,1.82
2017-01-26 14:00:00,25.76,25.88,25.78,25.73,5304.62,0.02,0.08,25.932,26.078,25.7885,12158.9,17838.5,18451.8,0.54
2017-01-26 11:30:00,26.06,26.06,25.75,25.7,9928.0,-0.31,-1.19,26.006,26.081,25.7595,13303.9,20817.5,18622.1,1.02
2017-01-26 10:30:00,25.93,26.3,26.06,25.88,13672.5,0.13,0.5,26.098,26.06,25.741,17406.7,21544.9,19535.5,1.4
2017-01-25 15:00:00,26.04,26.26,26.03,25.99,18679.0,-0.01,-0.04,26.206,26.012,25.698,24013.4,20939.2,20003.9,1.91
2017-01-25 14:00:00,26.16,26.25,26.04,25.9,13210.2,-0.12,-0.46,26.23,25.972,25.642,23353.6,19984.2,19904.0,1.35
2017-01-25 11:30:00,26.21,26.43,26.15,26.07,11030.0,-0.06,-0.23,26.224,25.952,25.609,23518.2,22464.2,19684.4,1.13
2017-01-25 10:30:00,26.17,26.4,26.21,25.84,30442.0,0.04,0.15,26.156,25.865,25.5805,28331.0,23296.6,20760.2,3.11
2017-01-24 15:00:00,26.16,26.8,26.6,25.91,46706.0,0.44,1.68,26.022,25.786,25.5025,25683.1,21599.6,20089.8,4.78
2017-01-24 14:00:00,26.01,26.21,26.15,25.82,15380.0,0.14,0.54,25.818,25.662,25.4315,17865.0,18345.4,19194.0,1.57
2017-01-24 11:30:00,25.81,26.1,26.01,25.65,14033.0,0.2,0.77,25.714,25.582,25.384,16614.8,18705.7,19783.6,1.44
2017-01-24 10:30:00,25.39,26.25,25.81,25.36,35094.0,0.42,1.65,25.68,25.499,25.3025,21410.2,19065.2,19443.3,3.59
2017-01-23 15:00:00,25.58,25.62,25.54,25.43,17202.6,-0.04,-0.16,25.574,25.438,25.2425,18262.2,16426.8,18687.2,1.76
2017-01-23 14:00:00,25.64,25.7,25.58,25.47,7615.38,-0.06,-0.23,25.55,25.422,25.1855,17516.1,17526.1,19687.7,0.78
2017-01-23 11:30:00,25.86,25.88,25.63,25.54,9129.2,-0.23,-0.89,25.506,25.384,25.17,18825.8,19068.6,19892.0,0.93
2017-01-23 10:30:00,25.4,26.45,25.84,25.38,38009.8,0.44,1.73,25.45,25.312,25.148,20796.5,19823.7,20141.2,3.89
2017-01-20 15:00:00,25.41,25.42,25.28,25.23,19354.0,-0.13,-0.51,25.318,25.266,25.1515,16720.1,16904.5,19588.2,1.98
2017-01-20 14:00:00,25.37,25.56,25.42,25.25,13472.0,0.05,0.2,25.302,25.296,25.2265,14591.3,18223.8,20119.7,1.38
2017-01-20 11:30:00,25.36,25.66,25.36,25.3,14163.9,0.0,0.0,25.294,25.219,25.338,17536.2,18580.0,20111.9,1.45
2017-01-20 10:30:00,25.08,25.45,25.35,25.0,18983.0,0.27,1.08,25.262,25.201,25.467,19311.3,20042.7,20042.4,1.94
2017-01-19 15:00:00,25.19,25.46,25.18,24.93,17627.7,-0.01,-0.04,25.174,25.186,25.6045,18850.9,20861.4,20519.2,1.8
2017-01-19 14:00:00,25.43,25.43,25.2,25.11,8710.01,-0.23,-0.9,25.214,25.106,25.772,17089.0,19821.5,21198.4,0.89
2017-01-19 11:30:00,25.2,25.85,25.38,25.1,28196.2,0.18,0.71,25.29,25.047,25.9375,21856.2,20947.6,22072.5,2.88
2017-01-19 10:30:00,24.7,25.49,25.2,24.5,23039.7,0.5,2.02,25.144,24.949,26.13,19623.8,21849.3,21207.9,2.36
2017-01-18 15:00:00,25.38,25.41,24.91,24.77,16681.0,-0.47,-1.85,25.14,24.956,26.3275,20774.0,20715.5,21105.7,1.71
2017-01-18 14:00:00,25.57,25.59,25.38,25.3,8818.0,-0.19,-0.74,25.198,24.984,26.536,22871.9,20458.8,21226.1,0.9
2017-01-18 11:30:00,24.65,25.95,25.58,24.65,32546.0,0.93,3.77,24.998,25.037,26.732,22553.9,22271.8,21414.3,3.33
2017-01-18 10:30:00,24.88,25.13,24.65,24.5,17034.4,-0.23,-0.92,24.804,25.157,26.914,20039.0,22015.7,20626.8,1.74
2017-01-17 15:00:00,25.2,25.47,25.18,24.78,28790.6,-0.02,-0.08,24.754,25.457,27.153,24074.8,21643.9,21547.4,2.94
2017-01-17 14:00:00,24.4,25.2,25.2,23.24,27170.6,0.8,3.28,24.772,25.733,27.409,20657.0,20042.1,21388.8,2.78
2017-01-17 11:30:00,24.61,24.66,24.38,24.25,7228.0,-0.23,-0.93,24.77,26.023,27.675,18045.6,20176.9,22631.6,0.74
2017-01-17 10:30:00,24.35,24.81,24.61,24.24,19971.6,0.26,1.07,25.076,26.438,27.936,21989.7,22575.4,22919.1,2.04
2017-01-16 15:00:00,25.28,25.28,24.4,24.11,37213.0,-0.88,-3.48,25.51,26.828,28.1795,23992.4,23197.4,23472.4,3.81
2017-01-16 14:00:00,25.01,25.55,25.27,25.01,11701.7,0.26,1.04,26.16,27.311,28.413,19213.0,20566.6,22914.7,1.2
2017-01-16 11:30:00,25.91,26.0,25.19,25.0,14113.6,-0.72,-2.78,26.694,27.699,28.6155,19427.2,21495.9,22826.3,1.44
2017-01-16 10:30:00,26.7,26.91,25.91,25.64,26948.6,-0.79,-2.96,27.276,28.088,28.832,22308.3,21993.5,22725.9,2.76
2017-01-13 15:00:00,27.65,27.68,26.78,26.65,29985.0,-0.87,-3.15,27.8,28.427,28.992,23161.1,20556.8,23550.2,3.07
2017-01-13 14:00:00,27.94,28.04,27.65,27.5,13316.0,-0.29,-1.04,28.146,28.671,29.1935,22402.4,19237.9,23400.9,1.36
2017-01-13 11:30:00,28.07,28.3,27.94,27.9,12773.0,-0.13,-0.46,28.462,28.849,29.376,21920.2,21450.9,23298.1,1.31
2017-01-13 10:30:00,28.85,28.9,28.1,27.84,28518.8,-0.75,-2.6,28.704,29.085,29.5585,23564.6,22735.5,23137.9,2.92
2017-01-12 15:00:00,28.5,28.82,28.53,28.35,31212.9,0.03,0.11,28.9,29.327,29.7335,21678.8,25086.2,23379.9,3.19
2017-01-12 14:00:00,29.23,29.3,28.51,28.38,26191.1,-0.72,-2.46,29.054,29.434,29.8855,17952.4,23262.8,23349.9,2.68
2017-01-12 11:30:00,29.15,29.36,29.23,29.09,10905.0,0.08,0.27,29.196,29.531,30.0595,16073.4,23747.3,22599.0,1.12
2017-01-12 10:30:00,29.2,29.78,29.15,29.13,20995.0,-0.05,-0.17,29.236,29.515,30.1975,20981.6,25262.9,22582.2,2.15
2017-01-11 15:00:00,29.3,29.38,29.08,29.03,19089.8,-0.22,-0.75,29.466,29.532,30.3425,21906.4,24156.8,22843.4,1.95
2017-01-11 14:00:00,29.21,29.46,29.3,29.0,12581.0,0.09,0.31,29.754,29.576,30.4975,28493.6,23458.3,23671.4,1.29
2017-01-11 11:30:00,29.41,29.55,29.22,29.16,16796.0,-0.19,-0.65,29.814,29.557,30.647,28573.3,26543.7,24007.7,1.72
2017-01-11 10:30:00,29.91,30.22,29.43,29.3,35446.4,-0.48,-1.6,29.866,29.716,30.788,31421.3,27564.0,23840.4,3.62
2017-01-10 15:00:00,30.52,30.6,30.3,30.12,25619.0,-0.22,-0.72,29.794,29.903,30.9115,29544.1,25145.4,24004.7,2.62
2017-01-10 14:00:00,29.64,30.95,30.52,29.64,52025.8,0.88,2.97,29.598,30.032,31.019,26407.2,23540.3,25768.9,5.32
2017-01-10 11:30:00,29.48,29.66,29.6,29.3,12979.2,0.12,0.41,29.398,30.14,31.0515,18423.0,21673.6,24252.0,1.33
2017-01-10 10:30:00,29.35,30.0,29.48,29.35,31036.1,0.13,0.44,29.3,30.337,31.135,24514.1,23436.9,24543.9,3.17
2017-01-09 15:00:00,29.31,29.37,29.07,29.0,26060.6,-0.24,-0.82,29.566,30.588,31.2325,23706.7,21450.7,24371.2,2.66
2017-01-09 14:00:00,29.53,29.53,29.32,29.31,9934.01,-0.21,-0.71,30.012,30.88,31.3565,20746.6,19901.4,24237.6,1.02
2017-01-09 11:30:00,29.11,29.75,29.52,29.1,12105.2,0.41,1.41,30.466,31.153,31.4995,20673.4,21530.0,24194.7,1.24
2017-01-09 10:30:00,30.3,30.35,29.11,29.01,43434.5,-1.19,-3.93,30.882,31.419,31.6195,24924.2,23884.4,24402.8,4.44
2017-01-06 15:00:00,31.28,31.3,30.81,30.8,26999.4,-0.47,-1.5,31.374,31.737,31.7715,22359.7,21471.7,23734.7,2.76
2017-01-06 14:00:00,31.58,31.65,31.3,31.23,11260.0,-0.28,-0.89,31.61,31.86,31.867,19194.6,20116.8,24256.8,1.15
2017-01-06 11:30:00,31.6,31.8,31.59,31.52,9568.0,-0.01,-0.03,31.748,31.92,31.976,19056.2,22864.1,24399.4,0.98
2017-01-06 10:30:00,31.38,32.12,31.6,31.14,33359.0,0.22,0.7,31.84,32.006,32.0665,22386.6,27997.6,24716.4,3.41
2017-01-05 15:00:00,31.99,31.99,31.57,31.5,30612.0,-0.42,-1.31,31.956,31.963,32.1545,22844.6,26830.4,24970.7,3.13
2017-01-05 14:00:00,31.98,32.02,31.99,31.82,11174.0,0.01,0.03,32.1,31.933,32.2575,20583.8,25651.0,27493.0,1.14
2017-01-05 11:30:00,32.04,32.05,31.99,31.81,10568.0,-0.05,-0.16,32.11,31.877,32.283,21039.0,27291.8,27534.3,1.08
2017-01-05 10:30:00,32.01,32.35,32.05,31.71,26220.0,0.04,0.12,32.092,31.833,32.316,26671.9,28573.8,27884.1,2.68
2017-01-04 15:00:00,32.3,32.33,32.18,31.9,35648.9,-0.12,-0.37,32.172,31.846,32.3435,33608.6,26859.3,28511.3,3.65
2017-01-04 14:00:00,32.05,32.42,32.29,31.95,19308.0,0.24,0.75,31.97,31.82,32.362,30816.2,24921.2,28036.8,1.97
2017-01-04 11:30:00,31.87,32.05,32.04,31.76,13450.1,0.17,0.53,31.766,31.806,32.3775,30718.1,25997.7,27968.8,1.38
2017-01-04 10:30:00,32.07,32.2,31.9,31.6,38732.6,-0.17,-0.53,31.644,31.874,32.4005,33544.5,28396.7,28191.4,3.96
2017-01-03 15:00:00,31.16,32.92,32.45,31.11,60903.3,1.29,4.14,31.574,32.032,32.4255,30475.6,25934.7,28902.3,6.23
2017-01-03 14:00:00,31.26,31.28,31.17,31.06,21687.0,-0.09,-0.29,31.52,32.127,32.4305,20110.1,21435.3,27163.8,2.22
2017-01-03 11:30:00,31.44,31.59,31.27,31.2,18817.6,-0.17,-0.54,31.67,32.346,32.496,19026.1,23111.0,26664.4,1.92
2017-01-03 10:30:00,31.92,31.92,31.43,31.22,27582.0,-0.49,-1.54,31.846,32.582,32.5845,21277.3,29335.0,26723.0,2.82
2016-12-30 15:00:00,32.18,32.18,31.55,31.52,23388.0,-0.63,-1.96,32.104,32.689,32.614,23248.9,27776.8,29453.2,2.39
2016-12-30 14:00:00,31.95,32.47,32.18,31.72,9075.9,0.23,0.72,32.49,32.799,32.7155,21393.8,27194.4,28541.3,0.93
2016-12-30 11:30:00,32.15,32.35,31.92,31.61,16267.0,-0.23,-0.72,32.734,32.841,32.7855,22760.5,30163.2,28915.4,1.66
2016-12-30 10:30:00,32.31,32.88,32.15,32.0,30073.6,-0.16,-0.5,33.022,32.904,32.8695,27195.9,31152.5,30145.1,3.08
2016-12-29 15:00:00,33.5,33.81,32.72,32.7,37440.0,-0.78,-2.33,33.318,32.949,32.965,37392.8,29939.9,33362.0,3.83
2016-12-29 14:00:00,33.45,33.89,33.48,33.41,14112.6,0.03,0.09,33.274,32.927,33.1945,32304.7,27986.0,33903.1,1.44
2016-12-29 11:30:00,33.36,33.48,33.4,33.08,15909.2,0.04,0.12,33.108,32.819,33.393,32994.9,31869.9,34564.8,1.63
2016-12-29 10:30:00,33.03,33.95,33.36,33.03,38444.0,0.33,1.0,32.948,32.734,33.6135,37566.0,32892.2,34840.4,3.93
2016-12-28 15:00:00,32.5,34.6,33.63,32.49,81058.0,1.13,3.48,32.786,32.646,33.8445,35109.1,30217.8,37292.3,8.29
2016-12-28 14:00:00,32.67,32.69,32.5,32.34,11999.5,-0.17,-0.52,32.58,32.587,34.1545,22487.1,24111.0,35801.1,1.23
2016-12-28 11:30:00,32.61,32.77,32.65,32.28,17564.0,0.04,0.12,32.58,32.539,34.4845,23667.4,31129.6,36025.4,1.8
2016-12-28 10:30:00,32.04,32.7,32.6,31.33,38764.4,0.56,1.75,32.53,32.632,34.8345,30744.8,29888.2,37139.8,3.96
2016-12-27 15:00:00,32.6,32.62,32.55,32.3,26159.6,-0.05,-0.15,32.52,32.73,35.203,28218.4,27667.5,44511.5,2.68
2016-12-27 14:00:00,32.48,32.7,32.6,32.25,17948.0,0.12,0.37,32.506,32.835,35.456,25326.4,29137.7,43310.0,1.84
2016-12-27 11:30:00,32.4,32.7,32.5,32.03,17901.0,0.1,0.31,32.594,32.981,35.7065,25734.9,36784.0,42500.4,1.83
2016-12-27 10:30:00,32.0,33.03,32.4,31.9,52950.8,0.4,1.25,32.498,33.462,35.962,38591.8,39820.2,41930.5,5.41
2016-12-26 15:00:00,32.48,33.1,32.55,32.38,26132.8,0.07,0.22,32.734,33.967,36.2225,29031.6,37259.7,47997.8,2.67
2016-12-26 14:00:00,33.04,33.16,32.48,32.2,11699.4,-0.56,-1.69,32.94,34.493,36.3045,27116.6,36788.5,48483.6,1.2
2016-12-26 11:30:00,32.0,33.25,33.04,31.81,19990.6,1.04,3.25,33.164,35.043,36.4415,32948.9,44366.8,48374.1,2.04
2016-12-26 10:30:00,31.3,32.25,32.02,30.28,82185.2,0.72,2.3,33.368,35.722,36.5795,47833.1,47491.2,47727.1,8.4
2016-12-23 15:00:00,33.58,33.58,33.58,33.58,5150.0,0.0,0.0,34.426,36.43,36.7495,41048.6,40921.1,44896.3,0.53
2016-12-23 14:00:00,33.61,33.7,33.58,33.58,16558.0,-0.03,-0.09,35.2,37.037,36.8895,45487.9,44391.4,46674.4,1.69
2016-12-23 11:30:00,34.06,34.06,33.6,33.58,40860.8,-0.46,-1.35,36.046,37.676,37.0105,46460.3,61355.5,46571.3,4.18
2016-12-23 10:30:00,35.35,35.5,34.06,33.66,94411.4,-1.29,-3.65,36.922,38.077,37.1165,55784.7,57482.4,45236.8,9.65
2016-12-22 15:00:00,37.45,37.7,37.31,36.7,48262.6,-0.14,-0.37,38.076,38.432,37.2075,47149.2,48216.9,42299.1,4.94
2016-12-22 14:00:00,37.8,37.9,37.45,37.15,27346.6,-0.35,-0.93,38.434,38.462,37.153,40793.7,44040.8,41487.5,2.8
2016-12-22 11:30:00,37.92,38.38,37.81,37.67,21420.3,-0.11,-0.29,38.874,38.478,37.103,43294.9,58736.0,40881.0,2.19
2016-12-22 10:30:00,37.98,38.76,37.98,37.06,87482.6,0.0,0.0,39.306,38.116,37.0425,76250.6,60178.7,41742.9,8.95
2016-12-21 15:00:00,39.1,41.12,39.83,38.74,51234.1,0.73,1.87,39.232,37.84,36.955,59180.1,52381.4,39996.3,5.24
2016-12-21 14:00:00,39.62,39.78,39.1,39.1,16485.0,-0.52,-1.31,38.788,37.437,36.7615,49284.5,47963.0,39583.1,1.69
2016-12-21 11:30:00,39.97,40.28,39.65,39.1,39852.5,-0.32,-0.8,38.49,37.069,36.5645,47287.9,48871.4,39587.4,4.08
2016-12-21 10:30:00,38.21,39.97,39.97,38.01,186199.0,1.76,4.61,38.082,36.742,36.3495,74177.1,48957.5,40578.1,19.04
2016-12-20 15:00:00,37.61,37.61,37.61,37.61,2130.0,0.0,0.0,36.926,36.345,35.9825,44106.8,31787.0,32727.9,0.43
2016-12-20 14:00:00,37.61,37.61,37.61,37.61,1756.0,0.0,0.0,36.448,36.156,35.752,45582.6,32991.1,33538.2,0.35
2016-12-20 11:30:00,37.61,37.61,37.61,37.61,6502.0,0.0,0.0,36.086,35.983,35.515,46641.4,36381.3,34141.6,1.3
2016-12-20 10:30:00,33.81,37.61,37.61,33.81,174298.0,3.8,11.24,35.648,35.844,35.254,50455.0,38934.3,34545.3,34.86
2016-12-19 15:00:00,35.24,35.24,34.19,33.6,35848.0,-1.05,-2.98,35.402,35.728,35.0155,23737.9,23026.0,28076.5,7.17
2016-12-19 14:00:00,35.85,35.85,35.22,35.16,9508.92,-0.63,-1.76,35.764,35.969,34.99,19467.3,23307.1,28086.7,1.9
2016-12-19 11:30:00,35.38,35.85,35.8,35.28,7050.26,0.42,1.19,35.864,36.07,35.038,20399.6,27611.2,28253.3,1.41
2016-12-19 10:30:00,36.39,36.39,35.42,35.2,25569.3,-0.97,-2.67,35.88,36.086,35.1015,26121.1,31203.2,29237.3,5.11
2016-12-16 15:00:00,36.0,36.93,36.38,35.87,40713.0,0.38,1.06,36.04,36.06,35.2105,27413.6,30303.4,30028.1,8.14
2016-12-16 14:00:00,35.73,36.2,36.0,35.65,14495.0,0.27,0.76,36.054,35.957,35.2605,22314.1,32198.8,29360.6,2.9
2016-12-16 11:30:00,35.88,36.28,35.72,35.69,14170.6,-0.16,-0.45,36.174,35.62,35.3625,27146.9,33668.7,29450.1,2.83
2016-12-16 10:30:00,36.0,36.92,35.88,35.56,35657.6,-0.12,-0.33,36.276,35.348,35.4935,34822.8,34085.3,29712.5,7.13
2016-12-15 15:00:00,36.46,36.95,36.22,35.62,32031.9,-0.24,-0.66,36.292,35.047,35.6495,36285.3,31902.0,31459.6,6.41
2016-12-15 14:00:00,36.59,37.14,36.45,36.4,15215.4,-0.14,-0.38,36.08,34.664,35.7755,33193.1,30156.4,33836.8,3.04
2016-12-15 11:30:00,36.2,37.6,36.6,35.94,38658.8,0.4,1.1,35.86,34.303,35.8575,42083.5,33127.1,33997.8,7.73
2016-12-15 10:30:00,34.62,36.5,36.23,34.6,52550.5,1.61,4.65,35.066,34.011,35.8685,40190.6,32866.3,32998.5,10.51
2016-12-14 15:00:00,35.16,36.2,35.96,34.55,42969.8,0.8,2.28,34.42,34.006,35.906,33347.7,28895.5,32507.9,8.59
2016-12-14 14:00:00,35.5,35.5,35.16,34.91,16571.0,-0.34,-0.96,33.802,34.117,35.987,27518.7,27271.5,31497.8,3.31
2016-12-14 11:30:00,32.6,36.3,35.35,32.08,59667.5,2.75,8.44,33.248,34.361,36.113,27119.6,29752.9,31266.3,11.93
2016-12-14 10:30:00,33.09,33.53,32.63,32.6,29194.2,-0.46,-1.39,32.746,34.564,36.223,24170.6,26522.4,28977.0,5.84
2016-12-13 15:00:00,32.87,33.19,33.0,32.72,18336.0,0.13,0.4,32.956,35.105,36.4755,25542.0,25231.4,31440.7,3.67
2016-12-13 14:00:00,32.44,33.3,32.87,32.39,13824.8,0.43,1.33,33.592,35.639,36.6565,24443.2,25339.7,31538.3,2.76
2016-12-13 11:30:00,32.82,33.2,32.39,31.72,14575.6,-0.43,-1.31,34.432,36.252,36.8495,27024.2,31017.2,31599.0,2.92
2016-12-13 10:30:00,33.4,33.4,32.84,31.26,44922.4,-0.56,-1.68,35.474,36.887,37.09,32386.1,37517.2,31740.6,8.98
2016-12-12 15:00:00,36.18,36.48,33.68,33.64,36051.0,-2.5,-6.91,36.382,37.412,37.308,28874.2,34868.6,33372.0,7.21
2016-12-12 14:00:00,37.08,37.18,36.18,35.81,12842.3,-0.9,-2.43,37.254,37.726,37.4125,24920.8,33130.8,32359.7,2.57
2016-12-12 11:30:00,37.66,38.15,37.07,37.0,26729.8,-0.59,-1.57,37.686,37.806,37.394,26236.1,36120.4,32210.1,5.35
2016-12-12 10:30:00,35.8,37.6,37.6,35.8,41385.0,1.8,5.03,38.072,37.857,37.345,35010.2,35724.0,31602.7,8.28
2016-12-09 15:00:00,38.04,38.18,37.38,37.31,27363.0,-0.66,-1.74,38.3,37.865,37.258,42648.4,32779.8,31543.9,5.47
2016-12-09 14:00:00,38.34,38.81,38.04,37.89,16283.9,-0.3,-0.78,38.442,37.882,37.1505,40863.0,31431.5,31850.5,3.26
2016-12-09 11:30:00,38.98,39.2,38.34,38.11,19419.0,-0.64,-1.64,38.198,37.846,37.0585,41340.7,37650.0,32818.5,3.88
2016-12-09 10:30:00,37.8,39.8,39.0,37.71,70600.3,1.2,3.17,37.926,37.674,37.0155,46004.7,37736.9,32843.3,14.12
2016-12-08 15:00:00,38.09,39.45,38.74,37.75,79575.8,0.65,1.71,37.642,37.447,36.9705,36437.8,32180.8,30897.1,15.92
2016-12-08 14:00:00,36.82,38.09,38.09,36.61,18436.0,1.27,3.45,37.43,37.293,36.962,22911.2,25964.0,28770.8,3.69
2016-12-08 11:30:00,36.98,37.18,36.82,36.43,18672.6,-0.16,-0.43,37.322,37.204,36.977,22000.0,31875.4,29151.9,3.73
2016-12-08 10:30:00,37.25,37.46,36.98,36.28,42738.8,-0.27,-0.72,37.494,37.099,37.0505,33959.2,31588.6,29204.9,8.55
2016-12-07 15:00:00,37.68,37.68,37.58,37.37,22766.0,-0.1,-0.27,37.422,36.982,37.1015,29469.1,28299.7,28271.4,4.55
2016-12-07 14:00:00,37.58,37.95,37.68,37.55,11942.7,0.1,0.27,37.252,36.833,37.119,27923.7,27481.3,28186.4,2.39
2016-12-07 11:30:00,37.69,37.8,37.55,37.3,13880.0,-0.14,-0.37,37.156,36.651,37.1235,29016.8,30308.1,28162.5,2.78
2016-12-07 10:30:00,36.28,38.48,37.68,36.28,78468.8,1.4,3.86,37.086,36.419,37.1505,41750.8,32269.6,28308.3,15.69
2016-12-06 15:00:00,36.73,36.97,36.62,36.5,20288.0,-0.11,-0.3,36.704,36.271,37.1875,29218.0,27987.0,25843.6,4.06
2016-12-06 14:00:00,37.23,37.37,36.73,36.49,15039.0,-0.5,-1.34,36.542,36.357,36.6495,27130.3,27949.7,25133.7,3.01
2016-12-06 11:30:00,37.2,37.25,37.2,36.81,17408.0,0.0,0.0,36.414,36.494,36.1045,27039.0,29613.4,24665.0,3.48
2016-12-06 10:30:00,35.72,37.9,37.2,35.22,77550.1,1.48,4.14,36.146,36.631,35.541,31599.4,31577.6,23972.4,15.51
2016-12-05 15:00:00,35.81,36.15,35.77,35.68,15804.7,-0.04,-0.11,35.752,36.75,34.977,22788.4,26428.3,20586.9,3.16
2016-12-05 14:00:00,36.09,36.18,35.81,35.7,9849.8,-0.28,-0.78,35.838,37.002,34.499,26756.0,26821.2,20250.6,1.97
2016-12-05 11:30:00,35.86,36.1,36.09,35.51,14582.3,0.23,0.64,36.172,37.221,34.0215,28769.1,28243.2,20203.6,2.92
2016-12-05 10:30:00,34.8,36.25,35.86,34.55,40209.9,1.06,3.05,36.574,37.405,33.519,32187.8,28891.4,20201.0,8.04
2016-12-02 15:00:00,36.2,36.2,35.23,35.0,33495.1,-0.97,-2.68,37.116,37.596,33.012,31555.7,26016.9,18607.4,6.7
2016-12-02 14:00:00,37.38,37.5,36.2,35.6,35643.0,-1.18,-3.16,37.748,37.882,32.5235,30068.3,24346.9,17189.9,7.13
2016-12-02 11:30:00,38.07,38.14,37.48,37.41,19915.1,-0.59,-1.55,38.166,38.104,31.9825,26886.4,23700.3,15566.8,3.98
2016-12-02 10:30:00,38.58,38.67,38.1,37.82,31676.1,-0.48,-1.24,38.27,36.942,31.3785,27717.3,22317.7,14692.9,6.34
2016-12-01 15:00:00,38.39,38.68,38.57,38.17,37049.4,0.18,0.47,38.236,35.715,30.742,25595.0,19716.6,13472.1,7.41
2016-12-01 14:00:00,38.29,38.59,38.39,37.91,26058.0,0.1,0.26,38.076,34.451,30.0845,20478.2,16367.2,11926.1,5.21
2016-12-01 11:30:00,38.0,38.39,38.29,37.93,19733.3,0.29,0.76,38.016,33.204,29.4365,18625.6,14745.4,10863.7,3.95
2016-12-01 10:30:00,38.29,38.29,38.0,37.56,24069.5,-0.29,-0.76,38.042,31.996,28.7855,20514.2,13679.9,10159.9,4.81
2016-11-30 15:00:00,37.77,37.97,37.93,37.6,21065.0,0.16,0.42,35.614,30.822,28.1375,16918.1,12164.0,9286.49,4.21
2016-11-30 14:00:00,38.09,38.3,37.77,37.76,11465.0,-0.32,-0.84,33.194,29.633,27.4685,13838.1,11510.6,8497.59,2.29
2016-11-30 11:30:00,38.42,38.42,38.09,37.93,16795.0,-0.33,-0.86,30.826,28.428,26.808,12256.3,11197.9,8072.24,3.36
2016-11-30 10:30:00,38.87,39.09,38.42,38.26,29176.4,-0.45,-1.16,28.392,27.165,26.1335,10865.3,10032.9,7382.64,5.84
2016-10-13 15:00:00,25.83,25.97,25.86,25.8,6089.0,0.03,0.12,25.95,25.861,25.446,6845.7,7433.41,6089.32,1.22
2016-10-13 14:00:00,25.93,25.93,25.83,25.81,5665.0,-0.1,-0.39,26.03,25.815,25.393,7409.93,7068.2,6013.77,1.13
2016-10-13 11:30:00,25.92,25.99,25.93,25.82,3556.0,0.01,0.04,26.072,25.769,25.3465,9183.17,7227.62,5845.97,0.71
2016-10-13 10:30:00,26.21,26.21,25.92,25.88,9840.0,-0.29,-1.11,26.03,25.718,25.2995,10139.5,7484.92,5782.42,1.97
2016-10-12 15:00:00,26.26,26.26,26.21,26.16,9078.5,-0.05,-0.19,25.938,25.669,25.255,9200.47,6981.92,5429.32,1.82
2016-10-12 14:00:00,26.04,26.39,26.26,26.04,8910.15,0.22,0.84,25.772,25.575,25.19,8021.12,6639.88,5143.74,1.78
2016-10-12 11:30:00,25.72,26.22,26.04,25.72,14531.2,0.32,1.24,25.6,25.453,25.126,6726.47,6408.97,4776.53,2.91
2016-10-12 10:30:00,25.11,25.72,25.72,25.11,8337.5,0.61,2.43,25.466,25.304,25.069,5272.06,5484.55,4194.77,1.67
2016-10-11 15:00:00,25.38,25.48,25.46,25.33,5145.0,0.08,0.32,25.406,25.188,25.0315,4830.36,4946.6,3968.62,1.03
2016-10-11 14:00:00,25.4,25.44,25.38,25.32,3181.73,-0.02,-0.08,25.4,25.102,25.018,4763.36,4732.4,4014.24,0.64
2016-10-11 11:30:00,25.37,25.5,25.4,25.37,2436.91,0.03,0.12,25.378,25.031,24.991,5258.65,4745.22,3999.36,0.49
2016-10-11 10:30:00,25.43,25.73,25.37,25.31,7259.17,-0.06,-0.24,25.306,24.971,24.9655,6091.47,4959.33,4032.7,1.45
2016-10-10 15:00:00,25.43,25.44,25.42,25.35,6129.0,-0.01,-0.04,25.142,24.924,24.9505,5697.03,4464.32,4040.39,1.23
2016-10-10 14:00:00,25.29,25.48,25.43,25.26,4810.0,0.14,0.55,24.97,24.881,24.936,5062.83,4079.92,4203.44,0.96
2016-10-10 11:30:00,25.04,25.32,25.27,25.02,5658.17,0.23,0.92,24.804,24.841,24.9345,4701.43,3876.73,4156.79,1.13
2016-10-10 10:30:00,24.88,25.1,25.04,24.88,6601.0,0.16,0.64,24.684,24.805,24.9535,4231.8,3647.59,4028.12,1.32
2016-09-30 15:00:00,24.56,24.62,24.55,24.51,5287.0,-0.01,-0.04,24.636,24.799,24.9745,3827.2,3144.09,4304.18,1.06
2016-09-30 14:00:00,24.6,24.63,24.56,24.5,2958.0,-0.04,-0.16,24.706,24.834,25.0625,3231.6,2904.99,4346.28,0.59
2016-09-30 11:30:00,24.68,24.69,24.6,24.54,3003.0,-0.08,-0.32,24.792,24.875,25.155,3097.0,2990.64,4309.38,0.6
2016-09-30 10:30:00,24.55,24.76,24.67,24.53,3310.0,0.12,0.49,24.878,24.934,25.247,3052.03,3296.09,4327.44,0.66
2016-09-29 15:00:00,24.9,24.95,24.8,24.8,4578.0,-0.1,-0.4,24.926,24.951,25.339,3063.38,3253.49,4495.24,0.92
2016-09-29 14:00:00,24.99,25.0,24.9,24.9,2309.0,-0.09,-0.36,24.962,24.96,25.416,2460.98,3106.06,4583.74,0.46
2016-09-29 11:30:00,25.03,25.08,24.99,24.97,2285.0,-0.04,-0.16,24.962,24.977,25.487,2578.38,3616.46,4684.44,0.46
2016-09-29 10:30:00,24.92,25.11,25.03,24.92,2778.17,0.11,0.44,24.958,24.991,25.561,2884.28,4326.96,4817.19,0.56
2016-09-28 15:00:00,24.98,25.08,24.91,24.91,3366.74,-0.07,-0.28,24.99,25.028,25.6355,3540.15,4436.85,4991.17,0.67
2016-09-28 14:00:00,24.9,25.11,24.98,24.9,1566.0,0.08,0.32,24.976,25.102,25.7105,3443.6,4408.64,5284.43,0.31
2016-09-28 11:30:00,24.97,25.0,24.9,24.89,2896.0,-0.07,-0.28,24.958,25.15,25.7965,3751.15,5464.26,5372.35,0.58
2016-09-28 10:30:00,25.22,25.22,24.97,24.9,3814.5,-0.25,-0.99,24.992,25.291,25.8825,4654.55,5787.56,5440.3,0.76
2016-09-27 15:00:00,24.84,25.25,25.19,24.72,6057.5,0.35,1.41,25.024,25.435,25.963,5769.65,5628.11,5864.68,1.21
2016-09-27 14:00:00,24.89,25.02,24.84,24.8,2884.0,-0.05,-0.2,25.066,25.56,26.0285,5333.55,5358.8,6303.57,0.58
2016-09-27 11:30:00,25.07,25.14,24.89,24.86,3103.74,-0.18,-0.72,25.228,25.727,26.094,5373.68,5737.0,6641.06,0.62
2016-09-27 10:30:00,25.1,25.35,25.07,24.8,7413.0,-0.03,-0.12,25.342,25.872,26.1535,7177.37,6061.42,6690.78,1.48
2016-09-26 15:00:00,25.39,25.4,25.13,25.1,9390.0,-0.26,-1.02,25.59,25.997,26.1795,6920.57,5752.42,7160.87,1.88
2016-09-26 14:00:00,25.65,25.65,25.4,25.37,3877.0,-0.25,-0.97,25.846,26.131,26.228,5486.57,5307.42,6961.07,0.78
2016-09-26 11:30:00,25.46,25.75,25.65,25.45,3084.65,0.19,0.75,26.054,26.243,26.2645,5384.05,5545.5,6900.42,0.62
2016-09-26 10:30:00,26.2,26.2,25.46,25.22,12122.2,-0.74,-2.82,26.226,26.319,26.291,6100.32,6160.22,6870.49,2.42
2016-09-23 15:00:00,26.41,26.49,26.31,26.3,6129.0,-0.1,-0.38,26.402,26.443,26.333,4945.47,5280.44,6619.73,1.23
2016-09-23 14:00:00,26.44,26.48,26.41,26.35,2220.0,-0.03,-0.11,26.404,26.474,26.3265,4584.27,5093.04,6645.15,0.44
2016-09-23 11:30:00,26.51,26.51,26.44,26.32,3364.38,-0.07,-0.26,26.416,26.491,26.314,5128.27,6101.25,6722.5,0.67
2016-09-23 10:30:00,26.39,26.63,26.51,26.34,6665.99,0.12,0.45,26.432,26.497,26.3045,5706.94,7248.33,6936.53,1.33
2016-09-22 15:00:00,26.32,26.42,26.34,26.32,6348.0,0.02,0.08,26.412,26.461,26.291,6220.11,7545.12,7036.83,1.27
2016-09-22 14:00:00,26.49,26.53,26.32,26.31,4323.0,-0.17,-0.64,26.484,26.435,26.266,5615.41,7320.14,7285.78,0.86
2016-09-22 11:30:00,26.53,26.55,26.47,26.44,4940.0,-0.06,-0.23,26.544,26.362,26.252,5601.81,8569.32,7349.43,0.99
2016-09-22 10:30:00,26.43,26.69,26.52,26.43,6257.73,0.09,0.34,26.566,26.325,26.235,7074.23,8614.72,7384.32,1.25
2016-09-21 15:00:00,26.7,26.7,26.41,26.35,9231.82,-0.29,-1.09,26.562,26.286,26.2205,8789.72,8255.35,7702.0,1.85
2016-09-21 14:00:00,26.62,26.75,26.7,26.6,3324.5,0.08,0.3,26.51,26.263,26.2495,8870.12,7580.76,8178.81,0.66
2016-09-21 11:30:00,26.55,26.71,26.62,26.55,4255.0,0.07,0.26,26.386,26.223,26.2665,9024.87,7959.01,8871.13,0.85
2016-09-21 10:30:00,26.24,26.83,26.58,26.24,12302.1,0.34,1.3,26.18,26.179,26.3055,11536.8,8197.26,9079.51,2.46
2016-09-20 15:00:00,26.16,26.84,26.5,26.13,14835.2,0.34,1.3,26.084,26.137,26.352,10155.2,7343.75,9469.19,2.97
2016-09-20 14:00:00,26.08,26.41,26.15,26.04,9633.82,0.07,0.27,26.01,26.112,26.4255,7720.97,6624.73,9589.17,1.93
2016-09-20 11:30:00,25.59,26.08,26.08,25.52,4098.23,0.49,1.91,26.016,26.121,26.519,6291.4,6528.55,9428.78,0.82
2016-09-20 10:30:00,26.15,26.2,25.59,25.04,16814.8,-0.56,-2.14,26.06,26.097,26.63,6893.17,7251.43,9554.24,3.36
2016-09-14 15:00:00,26.13,26.19,26.1,26.02,5393.99,-0.03,-0.11,26.178,26.142,26.7675,4857.69,6129.55,9259.91,1.08
2016-09-14 14:00:00,26.18,26.22,26.13,26.04,2664.0,-0.05,-0.19,26.19,26.145,26.8725,4532.3,6153.93,9535.04,0.53
2016-09-14 11:30:00,26.3,26.31,26.18,26.15,2486.0,-0.12,-0.46,26.214,26.155,26.9885,5528.5,7148.65,9737.55,0.5
2016-09-14 10:30:00,26.1,26.42,26.3,25.9,7107.0,0.2,0.77,26.226,26.236,27.09,6765.7,8776.85,10316.8,1.42
2016-09-13 15:00:00,26.16,26.2,26.18,26.04,6637.48,0.02,0.08,26.134,26.31,27.1915,7609.7,9783.25,10947.4,1.33
2016-09-13 14:00:00,26.25,26.26,26.16,26.0,3767.0,-0.09,-0.34,26.106,26.432,27.3155,7401.4,9961.75,11719.2,0.75
2016-09-13 11:30:00,26.24,26.57,26.25,26.21,7645.0,0.01,0.04,26.1,26.567,27.422,7775.56,11594.6,11994.8,1.53
2016-09-13 10:30:00,26.1,26.32,26.24,26.1,8672.0,0.14,0.54,26.096,26.739,27.508,8768.8,12553.6,12183.2,1.73
2016-09-12 15:00:00,26.04,26.14,25.84,25.84,11327.0,-0.2,-0.77,26.246,26.917,27.612,10788.0,12329.0,12499.0,2.27
2016-09-12 14:00:00,26.13,26.23,26.04,26.01,5596.0,-0.09,-0.34,26.486,27.163,27.7225,11956.8,11857.1,12529.9,1.12
