2017-06-30,20.882,20.500,20.332,19.692,20.887
2017-06-29,20.636,20.426,20.208,19.674,20.976
2017-06-28,20.486,20.390,19.994,19.675,21.061
2017-06-27,20.220,20.361,19.827,19.643,21.173
2017-06-26,20.140,20.359,19.722,19.611,21.310
2017-06-23,20.118,20.323,19.610,19.597,21.452
2017-06-22,20.216,20.316,19.534,19.585,21.615
2017-06-21,20.294,20.275,19.415,19.495,21.777
2017-06-20,20.502,20.304,19.353,19.416,21.944
2017-06-19,20.578,20.243,19.316,19.391,22.101
2017-06-16,20.528,20.163,19.288,19.362,22.254
2017-06-15,20.416,19.989,19.299,19.350,22.376
2017-06-14,20.256,19.597,19.318,19.339,22.485
2017-06-13,20.106,19.292,19.285,19.319,22.587
2017-06-12,19.908,19.084,19.237,19.310,22.709
2017-06-09,19.798,18.896,19.233,19.318,22.819
2017-06-08,19.562,18.752,19.220,19.341,22.939
2017-06-07,18.938,18.554,19.104,19.355,23.055
2017-06-06,18.478,18.401,18.972,19.436,23.173
2017-06-05,18.260,18.389,18.965,19.553,23.312
2017-06-02,17.994,18.412,18.962,19.684,23.434
2017-06-01,17.942,18.608,19.031,19.872,23.568
2017-05-31,18.170,19.038,19.210,20.137,23.729
2017-05-26,18.324,19.277,19.332,20.362,23.886
2017-05-25,18.518,19.390,19.423,20.592,24.037
2017-05-24,18.830,19.571,19.529,20.828,24.190
2017-05-23,19.274,19.687,19.635,21.079,24.353
2017-05-22,19.906,19.655,19.756,21.329,24.518
2017-05-19,20.230,19.543,19.954,21.588,24.683
2017-05-18,20.262,19.541,20.136,21.841,24.816
2017-05-17,20.312,19.512,20.320,22.083,24.934
2017-05-16,20.100,19.454,20.504,22.278,25.047
2017-05-15,19.404,19.382,20.686,22.447,25.148
2017-05-12,18.856,19.388,20.904,22.703,25.267
2017-05-11,18.820,19.457,21.194,23.010,25.414
2017-05-10,18.712,19.487,21.456,23.307,25.557
2017-05-09,18.808,19.583,21.776,23.644,25.699
2017-05-08,19.360,19.857,22.166,24.059,25.864
2017-05-05,19.920,20.365,22.610,24.473,26.034
2017-05-04,20.094,20.730,22.991,24.812,26.166
2017-05-03,20.262,21.129,23.369,25.145,26.281
2017-05-02,20.358,21.554,23.690,25.402,26.379
2017-04-28,20.354,21.990,23.980,25.631,26.467
2017-04-27,20.810,22.420,24.361,25.855,26.556
2017-04-26,21.366,22.930,24.787,26.107,26.654
2017-04-25,21.996,23.426,25.217,26.321,26.758
2017-04-24,22.750,23.968,25.675,26.538,26.844
2017-04-21,23.626,24.475,26.160,26.755,26.925
2017-04-20,24.030,24.855,26.527,26.910,26.966
2017-04-19,24.494,25.251,26.853,27.070,26.999
2017-04-18,24.856,25.608,27.153,27.185,27.027
2017-04-17,25.186,25.825,27.325,27.264,27.031
2017-04-14,25.324,25.970,27.452,27.322,27.063
2017-04-13,25.680,26.302,27.572,27.411,27.127
2017-04-12,26.008,26.643,27.696,27.483,27.191
2017-04-11,26.360,27.007,27.768,27.552,27.274
2017-04-10,26.464,27.382,27.823,27.627,27.328
2017-04-07,26.616,27.845,27.896,27.708,27.415
2017-04-06,26.924,28.198,27.938,27.779,27.500
2017-04-05,27.278,28.455,27.980,27.792,27.588
2017-03-31,27.654,28.698,27.973,27.785,27.678
2017-03-30,28.300,28.826,27.984,27.816,27.764
2017-03-29,29.074,28.934,27.998,27.850,27.872
2017-03-28,29.472,28.843,27.966,27.831,27.965
2017-03-27,29.632,28.749,27.903,27.818,28.030
2017-03-24,29.742,28.530,27.825,27.808,28.090
2017-03-23,29.352,28.264,27.749,27.753,28.156
2017-03-22,28.794,27.946,27.640,27.670,28.276
2017-03-21,28.214,27.678,27.570,27.596,28.439
2017-03-20,27.866,27.505,27.461,27.520,28.575
2017-03-17,27.318,27.248,27.328,27.417,28.653
2017-03-16,27.176,27.141,27.312,27.357,28.799
2017-03-15,27.098,27.062,27.308,27.304,28.947
2017-03-14,27.142,27.088,27.326,27.258,29.094
2017-03-13,27.144,27.056,27.352,27.202,29.182
2017-03-10,27.178,27.120,27.448,27.196,29.297
2017-03-09,27.106,27.234,27.498,27.149,29.471
2017-03-08,27.026,27.333,27.532,27.094,29.667
2017-03-07,27.034,27.461,27.555,27.021,29.838
2017-03-06,26.968,27.417,27.527,26.928,29.986
2017-03-03,27.062,27.408,27.501,26.869,30.133
2017-03-02,27.362,27.482,27.465,26.797,30.277
2017-03-01,27.640,27.553,27.424,26.805,30.477
2017-02-28,27.888,27.563,27.343,26.844,30.653
2017-02-27,27.866,27.648,27.274,26.900,30.838
2017-02-24,27.754,27.775,27.234,26.997,31.037
2017-02-23,27.602,27.762,27.107,27.030,31.260
2017-02-22,27.466,27.730,26.974,27.123,31.500
2017-02-21,27.238,27.650,26.801,27.222,31.759
2017-02-20,27.430,27.637,26.683,27.384,32.045
2017-02-17,27.796,27.594,26.599,27.571,32.358
2017-02-16,27.922,27.448,26.455,27.712,32.594
2017-02-15,27.994,27.296,26.431,27.894,32.767
2017-02-14,28.062,27.123,26.484,28.099,32.880
2017-02-13,27.844,26.901,26.525,28.243,33.002
2017-02-10,27.392,26.693,26.607,28.371,33.063
2017-02-09,26.974,26.452,26.663,28.559,33.087
2017-02-08,26.598,26.219,26.819,28.882,33.134
2017-02-07,26.184,25.953,27.007,29.282,33.173
2017-02-06,25.958,25.730,27.257,29.631,33.228
2017-02-03,25.994,25.604,27.560,29.890,33.307
2017-02-02,25.930,25.462,27.844,30.241,33.347
2017-01-26,25.840,25.566,28.193,30.590,33.376
2017-01-25,25.722,25.845,28.587,30.930,33.394
2017-01-24,25.502,26.150,28.913,31.162,33.414
2017-01-23,25.214,26.522,29.210,31.398,33.417
2017-01-20,24.994,26.875,29.612,31.792,33.437
2017-01-19,25.292,27.420,30.213,32.240,33.471
2017-01-18,25.968,28.062,30.947,32.655,33.488
2017-01-17,26.798,28.785,31.581,33.044,33.504
2017-01-16,27.830,29.516,32.033,33.397,33.521
2017-01-13,28.756,30.227,32.630,33.756,33.549
2017-01-12,29.548,30.820,33.102,34.149,33.549
2017-01-11,30.156,31.330,33.472,34.463,33.520
2017-01-10,30.772,31.677,33.668,34.777,33.481
2017-01-09,31.202,31.899,33.835,35.077,33.408
2017-01-06,31.698,32.350,34.251,35.491,33.360
2017-01-05,32.092,33.006,34.650,35.876,33.272
2017-01-04,32.504,33.832,34.951,36.297,33.169
2017-01-03,32.582,34.377,35.174,36.706,33.043
2016-12-30,32.596,34.550,35.337,37.145,32.914
2016-12-29,33.002,35.034,35.521,37.475,32.804
2016-12-28,33.920,35.384,35.814,37.641,32.679
2016-12-27,35.160,35.615,36.030,37.662,32.537
2016-12-26,36.172,35.660,36.327,37.762,32.433
2016-12-23,36.504,35.772,36.666,37.755,32.330
2016-12-22,37.066,36.152,37.062,37.615,32.210
2016-12-21,36.848,36.295,37.311,37.386,32.030
2016-12-20,36.070,36.070,37.530,37.063,31.801
2016-12-19,35.148,35.971,37.871,36.826,31.611
2016-12-16,35.040,36.124,38.442,36.724,31.472
2016-12-15,35.238,36.008,38.695,36.453,31.315
2016-12-14,35.742,36.244,38.769,36.162,31.178
2016-12-13,36.070,36.445,38.685,35.858,31.049
2016-12-12,36.794,36.995,38.812,35.665,30.977
2016-12-09,37.208,37.560,38.746,35.436,30.883
2016-12-08,36.778,37.972,38.346,35.081,30.727
2016-12-07,36.746,38.328,37.931,34.702,30.565
2016-12-06,36.820,38.990,37.560,34.322,30.427
2016-12-05,37.196,39.771,37.254,33.963,30.312
2016-12-02,37.912,40.760,37.023,33.645,30.195
2016-12-01,39.166,41.383,36.676,33.342,30.070
2016-11-30,39.910,41.294,36.121,32.948,29.900
2016-11-29,41.160,40.925,35.564,32.576,29.757
2016-11-28,42.346,40.630,35.000,32.185,29.560
2016-11-25,43.608,39.932,34.373,31.739,29.348
2016-11-24,43.600,38.720,33.636,31.229,29.107
2016-11-23,42.678,37.535,32.888,30.667,28.862
2016-11-22,40.690,36.130,31.988,30.041,28.593
2016-11-21,38.914,34.737,31.059,29.379,28.320
2016-11-18,36.256,33.287,30.087,28.684,28.036
2016-11-17,33.840,31.969,29.321,28.133,27.809
2016-11-16,32.392,30.948,28.775,27.717,27.625
2016-11-15,31.570,30.204,28.401,27.413,27.482
2016-11-14,30.560,29.370,27.963,27.105,27.314
2016-11-11,30.318,28.815,27.642,26.905,27.195
2016-11-10,30.098,28.552,27.483,26.806,27.124
2016-11-09,29.504,28.242,27.233,26.674,27.041
2016-11-08,28.838,27.846,26.996,26.539,26.966
2016-11-07,28.180,27.381,26.700,26.395,26.876
2016-11-04,27.312,26.887,26.383,26.220,26.770
2016-11-03,27.006,26.674,26.215,26.177,26.727
2016-11-02,26.980,26.602,26.101,26.194,26.704
2016-10-28,26.854,26.599,26.017,26.240,26.681
2016-10-27,26.582,26.556,25.972,26.288,26.682
2016-10-26,26.462,26.469,25.950,26.331,26.685
2016-10-25,26.342,26.414,25.933,26.373,26.687
2016-10-24,26.224,26.224,25.890,26.428,26.698
2016-10-21,26.344,26.147,25.886,26.532,26.735
2016-10-20,26.530,26.019,25.902,26.660,26.776
2016-10-19,26.476,25.879,25.887,26.745,26.813
2016-10-18,26.486,25.756,25.929,26.798,26.868
2016-10-17,26.224,25.601,25.990,26.853,26.911
2016-10-14,25.950,25.436,26.060,26.938,26.956
2016-10-13,25.508,25.388,26.154,26.935,27.006
2016-10-12,25.282,25.432,26.262,26.958,27.061
2016-10-11,25.026,25.452,26.352,26.985,27.135
2016-10-10,24.978,25.557,26.530,27.057,27.240
2016-09-30,24.922,25.625,26.724,27.146,27.329
2016-09-29,25.268,25.786,26.981,27.260,27.440
2016-09-28,25.582,25.895,27.177,27.388,27.527
2016-09-27,25.878,26.102,27.319,27.485,27.590
2016-09-26,26.136,26.379,27.478,27.532,27.622
2016-09-23,26.328,26.685,27.689,27.551,27.683
2016-09-22,26.304,26.921,27.708,27.523,27.699
2016-09-21,26.208,27.092,27.720,27.486,27.719
2016-09-20,26.326,27.252,27.751,27.442,27.717
2016-09-14,26.622,27.504,27.807,27.407,27.728
2016-09-13,27.042,27.824,27.906,27.393,27.768
2016-09-12,27.538,28.176,27.997,27.357,27.804
2016-09-09,27.976,28.460,28.134,27.320,27.812
2016-09-08,28.178,28.536,28.176,27.278,27.761
2016-09-07,28.386,28.578,28.109,27.215,27.679
2016-09-06,28.606,28.693,27.984,27.123,27.597
2016-09-05,28.814,28.495,27.823,27.077,27.497
2016-09-02,28.944,28.349,27.682,27.039,27.401
2016-09-01,28.894,28.251,27.537,27.001,27.347
2016-08-31,28.770,28.110,27.359,26.968,27.299
2016-08-30,28.780,27.989,27.177,26.938,27.218
2016-08-29,28.176,27.819,26.947,26.892,27.109
2016-08-26,27.754,27.809,26.749,26.881,27.018
2016-08-25,27.608,27.817,26.648,26.938,26.927
2016-08-24,27.450,27.640,26.533,26.969,26.820
2016-08-23,27.198,27.275,26.337,26.975,26.680
2016-08-22,27.462,27.152,26.367,27.078,26.591
2016-08-19,27.864,27.016,26.383,27.164,26.505
2016-08-18,28.026,26.824,26.375,27.285,26.404
2016-08-17,27.830,26.608,26.396,27.424,26.292
2016-08-16,27.352,26.365,26.413,27.513,26.180
2016-08-15,26.842,26.076,26.428,27.620,26.065
2016-08-12,26.168,25.690,26.417,27.666,25.930
2016-08-11,25.622,25.480,26.498,27.696,25.805
2016-08-10,25.386,25.427,26.633,27.712,25.727
2016-08-09,25.378,25.400,26.825,27.815,25.659
2016-08-08,25.310,25.583,27.041,27.876,25.588
2016-08-05,25.212,25.751,27.238,27.953,25.525
2016-08-04,25.338,25.927,27.515,27.991,25.476
2016-08-03,25.468,26.185,27.831,28.049,25.425
2016-08-02,25.422,26.460,28.087,28.144,25.371
2016-08-01,25.856,26.780,28.391,28.251,25.356
2016-07-29,26.290,27.144,28.654,28.304,25.352
2016-07-28,26.516,27.516,28.804,28.244,25.325
2016-07-27,26.902,27.839,28.854,28.143,25.284
2016-07-26,27.498,28.250,29.023,28.072,25.245
2016-07-25,27.704,28.499,29.022,27.917,25.178
2016-07-22,27.998,28.726,29.053,27.763,25.121
2016-07-21,28.516,29.103,29.023,27.693,25.066
2016-07-20,28.776,29.478,28.980,27.631,24.987
2016-07-19,29.002,29.714,28.986,27.499,24.907
2016-07-18,29.294,30.003,28.986,27.327,24.825
2016-07-15,29.454,30.165,28.883,27.155,24.756
2016-07-14,29.690,30.092,28.608,26.916,24.703
2016-07-13,30.180,29.869,28.295,26.672,24.652
2016-07-12,30.426,29.796,27.982,26.385,24.611
2016-07-11,30.712,29.546,27.626,26.103,24.580
2016-07-08,30.876,29.381,27.281,25.846,24.533
2016-07-07,30.494,28.944,26.987,25.524,24.458
2016-07-06,29.558,28.483,26.708,25.160,24.351
2016-07-05,29.166,28.258,26.391,24.847,24.250
2016-07-04,28.380,27.969,25.988,24.510,24.159
2016-07-01,27.886,27.602,25.650,24.194,24.077
2016-06-30,27.394,27.124,25.327,23.913,24.023
2016-06-29,27.408,26.722,25.073,23.742,23.990
2016-06-28,27.350,26.169,24.679,23.502,23.918
2016-06-27,27.558,25.706,24.382,23.301,23.870
2016-06-24,27.318,25.181,24.078,23.097,23.804
2016-06-23,26.854,25.031,23.814,22.961,23.768
2016-06-22,26.036,24.933,23.498,22.802,23.729
2016-06-21,24.988,24.525,23.142,22.597,23.677
2016-06-20,23.854,24.008,22.780,22.461,23.653
2016-06-17,23.044,23.698,22.490,22.400,23.644
2016-06-16,23.208,23.531,22.308,22.406,23.674
2016-06-15,23.830,23.424,22.252,22.426,23.703
2016-06-14,24.062,23.189,22.169,22.419,23.718
2016-06-13,24.162,23.058,22.098,22.439,23.729
2016-06-08,24.352,22.975,22.054,22.480,23.758
2016-06-07,23.854,22.597,21.926,22.439,23.758
2016-06-06,23.018,22.064,21.737,22.342,23.716
2016-06-03,22.316,21.759,21.633,22.315,23.699
2016-06-02,21.954,21.553,21.688,22.324,23.713
2016-06-01,21.598,21.282,21.751,22.357,23.736
2016-05-31,21.340,21.085,21.843,22.491,23.785
2016-05-30,21.110,21.080,21.926,22.633,23.841
2016-05-27,21.202,21.149,22.033,22.837,23.947
2016-05-26,21.152,21.138,22.129,23.056,24.003
2016-05-25,20.966,21.134,22.232,23.221,24.046
2016-05-24,20.830,21.256,22.359,23.392,24.079
2016-05-23,21.050,21.410,22.481,23.542,24.158
2016-05-20,21.096,21.508,22.592,23.652,24.235
2016-05-19,21.124,21.823,22.709,23.808,24.365
2016-05-18,21.302,22.220,22.894,23.960,24.530
2016-05-17,21.682,22.602,23.194,24.133,24.672
2016-05-16,21.770,22.773,23.409,24.239,24.779
2016-05-13,21.920,22.918,23.681,24.333,24.923
2016-05-12,22.522,23.121,24.015,24.439,25.066
2016-05-11,23.138,23.331,24.264,24.511,25.200
2016-05-10,23.522,23.463,24.460,24.576,25.276
2016-05-09,23.776,23.553,24.607,24.655,25.362
2016-05-06,23.916,23.677,24.724,24.756,25.419
2016-05-05,23.720,23.596,24.800,24.845,25.405
2016-05-04,23.524,23.568,24.829,24.888,25.352
2016-05-03,23.404,23.786,24.898,24.943,25.298
2016-04-29,23.330,24.045,24.972,24.980,25.226
2016-04-28,23.438,24.445,25.041,25.018,25.168
2016-04-27,23.472,24.909,25.098,25.020,25.143
2016-04-26,23.612,25.198,25.101,25.036,25.154
2016-04-25,24.168,25.458,25.132,25.077,25.210
2016-04-22,24.760,25.662,25.206,25.090,25.229
2016-04-21,25.452,25.771,25.296,25.083,25.206
2016-04-20,26.346,26.004,25.470,25.102,25.152
2016-04-19,26.784,26.091,25.548,25.116,25.054
2016-04-18,26.748,26.011,25.521,25.079,24.894
2016-04-15,26.564,25.899,25.448,25.050,24.709
2016-04-14,26.090,25.637,25.304,25.056,24.487
2016-04-13,25.662,25.287,25.075,24.951,24.231
2016-04-12,25.398,25.005,24.955,24.870,23.981
2016-04-11,25.274,24.806,24.887,24.767,23.718
2016-04-08,25.234,24.750,24.803,24.774,23.453
2016-04-07,25.184,24.821,24.738,24.817,23.184
2016-04-06,24.912,24.936,24.651,24.922,22.884
2016-04-05,24.612,25.005,24.628,25.101,22.584
2016-04-01,24.338,25.031,24.613,25.211,22.266
2016-03-31,24.266,24.997,24.626,25.318,21.944
2016-03-30,24.458,24.972,24.765,25.513,21.625
2016-03-29,24.960,24.864,24.783,25.693,21.299
2016-03-28,25.398,24.905,24.803,25.888,20.979
2016-03-25,25.724,24.968,24.747,25.976,20.643
2016-03-24,25.728,24.857,24.786,26.070,20.291
2016-03-23,25.486,24.656,24.815,26.082,19.922
2016-03-22,24.768,24.367,24.914,25.966,-1
2016-03-21,24.412,24.252,25.149,25.816,-1
2016-03-18,24.212,24.195,25.301,25.654,-1
2016-03-17,23.986,24.255,25.478,25.472,-1
2016-03-16,23.826,24.558,25.784,25.318,-1
2016-03-15,23.966,24.702,26.108,25.266,-1
2016-03-14,24.092,24.701,26.380,25.273,-1
2016-03-11,24.178,24.526,26.479,25.343,-1
2016-03-10,24.524,24.716,26.676,25.368,-1
2016-03-09,25.290,24.975,26.794,25.329,-1
2016-03-08,25.438,25.462,26.765,25.201,-1
2016-03-07,25.310,26.046,26.599,24.992,-1
2016-03-04,24.874,26.408,26.383,24.709,-1
2016-03-03,24.908,26.702,26.081,24.367,-1
2016-03-02,24.660,27.010,25.698,23.919,-1
2016-03-01,25.486,27.514,25.548,23.512,-1
2016-02-29,26.782,28.059,25.558,23.092,-1
2016-02-26,27.942,28.433,25.752,22.670,-1
2016-02-25,28.496,28.637,25.694,22.131,-1
2016-02-24,29.360,28.614,25.506,21.550,-1
2016-02-23,29.542,28.068,25.071,20.846,-1
2016-02-22,29.336,27.151,24.466,20.066,-1
2016-02-19,28.924,26.358,23.859,19.320,-1
2016-02-18,28.778,25.459,23.200,18.570,-1
2016-02-17,27.868,24.386,22.374,17.737,-1
2016-02-16,26.594,23.583,21.511,16.905,-1
2016-02-15,24.966,23.058,20.608,16.070,-1
2016-02-05,23.792,23.070,19.789,15.311,-1
2016-02-04,22.140,22.752,18.879,14.512,-1
2016-02-03,20.904,22.397,18.018,13.763,-1
2016-02-02,20.572,22.074,17.236,-1,-1
2016-02-01,21.150,21.780,16.524,-1,-1
2016-01-29,22.348,21.360,15.801,-1,-1
2016-01-28,23.364,20.941,15.125,-1,-1
2016-01-27,23.890,20.361,14.412,-1,-1
2016-01-26,23.576,19.438,13.566,-1,-1
2016-01-25,22.410,18.159,12.576,-1,-1
2016-01-22,20.372,16.507,11.432,-1,-1
2016-01-21,18.518,15.005,10.392,-1,-1
2016-01-20,16.832,13.639,9.447,-1,-1
2016-01-19,15.300,12.397,-1,-1,-1
2016-01-18,13.908,11.268,-1,-1,-1
2016-01-15,12.642,10.242,-1,-1,-1
2016-01-14,11.492,9.310,-1,-1,-1
2016-01-13,10.446,8.463,-1,-1,-1
2016-01-12,9.494,7.693,-1,-1,-1
2016-01-11,8.628,6.993,-1,-1,-1
2016-01-08,7.842,6.357,-1,-1,-1
2016-01-07,7.128,5.779,-1,-1,-1
2016-01-06,6.480,5.254,-1,-1,-1
2016-01-05,5.892,-1,-1,-1,-1
2016-01-04,5.358,-1,-1,-1,-1
2015-12-31,4.872,-1,-1,-1,-1
2015-12-30,4.430,-1,-1,-1,-1
2015-12-29,4.028,-1,-1,-1,-1
2015-12-28,-1,-1,-1,-1,-1
2015-12-25,-1,-1,-1,-1,-1
2015-12-24,-1,-1,-1,-1,-1
2015-12-23,-1,-1,-1,-1,-1
