2017-06-30,18.928,16.705,14.482
2017-06-29,18.562,16.478,14.395
2017-06-28,18.306,16.274,14.242
2017-06-27,17.937,16.105,14.274
2017-06-26,17.558,15.957,14.357
2017-06-23,17.356,15.841,14.326
2017-06-22,17.170,15.734,14.299
2017-06-21,16.943,15.643,14.343
2017-06-20,16.819,15.600,14.382
2017-06-19,16.706,15.572,14.438
2017-06-16,16.743,15.581,14.420
2017-06-15,16.759,15.586,14.413
2017-06-14,16.709,15.572,14.435
2017-06-13,16.657,15.557,14.457
2017-06-12,16.633,15.541,14.449
2017-06-09,16.623,15.528,14.434
2017-06-08,16.666,15.557,14.448
2017-06-07,16.796,15.602,14.408
2017-06-06,16.949,15.646,14.344
2017-06-05,17.356,15.756,14.157
2017-06-02,17.817,15.905,13.994
2017-06-01,18.279,16.106,13.934
2017-05-31,18.607,16.314,14.021
2017-05-26,18.972,16.502,14.033
2017-05-25,19.187,16.661,14.135
2017-05-24,19.377,16.838,14.300
2017-05-23,19.500,17.012,14.525
2017-05-22,19.610,17.174,14.738
2017-05-19,20.137,17.405,14.674
2017-05-18,20.543,17.609,14.676
2017-05-17,20.999,17.820,14.641
2017-05-16,21.474,18.058,14.643
2017-05-15,21.878,18.312,14.746
2017-05-12,22.447,18.624,14.801
2017-05-11,22.749,18.944,15.139
2017-05-10,22.911,19.272,15.634
2017-05-09,23.047,19.569,16.092
2017-05-08,23.081,19.809,16.537
2017-05-05,23.173,20.068,16.964
2017-05-04,23.155,20.220,17.286
2017-05-03,23.155,20.353,17.552
2017-05-02,23.154,20.456,17.759
2017-04-28,23.130,20.566,18.003
2017-04-27,23.218,20.719,18.220
2017-04-26,23.271,20.917,18.564
2017-04-25,23.274,21.106,18.938
2017-04-24,23.079,21.266,19.453
2017-04-21,22.804,21.453,20.103
2017-04-20,22.781,21.514,20.247
2017-04-19,22.702,21.559,20.416
2017-04-18,22.673,21.598,20.523
2017-04-17,22.670,21.611,20.553
2017-04-14,22.684,21.638,20.592
2017-04-13,22.601,21.605,20.610
2017-04-12,22.568,21.583,20.599
2017-04-11,22.535,21.562,20.589
2017-04-10,22.540,21.497,20.454
2017-04-07,22.588,21.452,20.316
2017-04-06,22.527,21.393,20.260
2017-04-05,22.521,21.402,20.283
2017-03-31,22.521,21.401,20.282
2017-03-30,22.511,21.410,20.310
2017-03-29,22.520,21.451,20.383
2017-03-28,22.523,21.452,20.382
2017-03-27,22.448,21.432,20.417
2017-03-24,22.424,21.427,20.430
2017-03-23,22.538,21.462,20.386
2017-03-22,22.550,21.465,20.380
2017-03-21,22.580,21.479,20.378
2017-03-20,22.640,21.523,20.407
2017-03-17,22.678,21.546,20.415
2017-03-16,22.733,21.580,20.427
2017-03-15,22.777,21.599,20.422
2017-03-14,22.799,21.612,20.425
2017-03-13,22.891,21.657,20.424
2017-03-10,22.943,21.692,20.441
2017-03-09,22.907,21.756,20.606
2017-03-08,22.871,21.854,20.837
2017-03-07,22.859,21.930,21.001
2017-03-06,22.873,22.009,21.146
2017-03-03,22.785,22.036,21.288
2017-03-02,22.744,22.045,21.346
2017-03-01,22.750,22.074,21.398
2017-02-28,22.971,22.002,21.033
2017-02-27,23.111,21.926,20.741
2017-02-24,23.133,21.852,20.571
2017-02-23,23.096,21.779,20.463
2017-02-22,23.104,21.683,20.263
2017-02-21,23.141,21.602,20.063
2017-02-20,23.099,21.546,19.993
2017-02-17,23.062,21.489,19.917
2017-02-16,23.015,21.410,19.805
2017-02-15,22.967,21.390,19.813
2017-02-14,23.136,21.438,19.741
2017-02-13,23.200,21.456,19.712
2017-02-10,23.364,21.502,19.640
2017-02-09,23.493,21.548,19.604
2017-02-08,23.628,21.587,19.547
2017-02-07,23.927,21.665,19.404
2017-02-06,24.038,21.700,19.363
2017-02-03,24.208,21.788,19.368
2017-02-02,24.357,21.890,19.424
2017-01-26,24.492,21.947,19.403
2017-01-25,24.559,22.071,19.584
2017-01-24,24.591,22.195,19.800
2017-01-23,24.585,22.281,19.978
2017-01-20,24.638,22.392,20.147
2017-01-19,24.604,22.531,20.459
2017-01-18,24.551,22.699,20.848
2017-01-17,24.500,22.821,21.142
2017-01-16,24.462,22.980,21.498
2017-01-13,24.163,23.152,22.142
2017-01-12,24.140,23.269,22.399
2017-01-11,24.519,23.375,22.231
2017-01-10,24.510,23.400,22.291
2017-01-09,24.510,23.403,22.297
2017-01-06,24.665,23.488,22.312
2017-01-05,24.933,23.582,22.231
2017-01-04,25.067,23.624,22.182
2017-01-03,25.215,23.699,22.183
2016-12-30,25.384,23.789,22.195
2016-12-29,26.000,23.971,21.943
2016-12-28,26.669,24.174,21.679
2016-12-27,26.942,24.343,21.744
2016-12-26,27.235,24.531,21.828
2016-12-23,27.390,24.732,22.075
2016-12-22,27.422,24.849,22.276
2016-12-21,27.458,24.977,22.496
2016-12-20,27.578,25.110,22.642
2016-12-19,27.574,25.230,22.886
2016-12-16,27.585,25.307,23.030
2016-12-15,27.556,25.358,23.160
2016-12-14,27.571,25.443,23.316
2016-12-13,27.615,25.487,23.360
2016-12-12,27.517,25.634,23.751
2016-12-09,27.278,25.773,24.269
2016-12-08,27.450,25.913,24.377
2016-12-07,27.687,26.040,24.393
2016-12-06,28.170,26.239,24.309
2016-12-05,28.119,26.308,24.498
2016-12-02,28.073,26.356,24.640
2016-12-01,28.094,26.366,24.638
2016-11-30,28.096,26.366,24.637
2016-11-29,28.087,26.353,24.619
2016-11-28,28.594,26.134,23.675
2016-11-25,28.812,25.946,23.080
2016-11-24,28.926,25.835,22.745
2016-11-23,29.057,25.686,22.315
2016-11-22,29.126,25.495,21.864
2016-11-21,29.197,25.327,21.458
2016-11-18,29.205,25.194,21.184
2016-11-17,29.228,25.089,20.951
2016-11-16,29.172,24.946,20.721
2016-11-15,29.086,24.798,20.510
2016-11-14,28.977,24.600,20.223
2016-11-11,28.848,24.431,20.014
2016-11-10,28.477,24.182,19.887
2016-11-09,27.977,23.939,19.901
2016-11-08,27.040,23.625,20.210
2016-11-07,26.703,23.490,20.278
2016-11-04,26.369,23.361,20.353
2016-11-03,25.693,23.180,20.668
2016-11-02,24.656,23.006,21.356
2016-10-28,23.849,22.892,21.935
2016-10-27,24.221,23.012,21.803
2016-10-26,24.688,23.139,21.591
2016-10-25,25.129,23.254,21.379
2016-10-24,25.314,23.352,21.390
2016-10-21,25.495,23.470,21.446
2016-10-20,25.638,23.592,21.547
2016-10-19,25.726,23.672,21.618
2016-10-18,25.860,23.775,21.690
2016-10-17,26.334,23.956,21.579
2016-10-14,26.923,24.176,21.430
2016-10-13,27.469,24.454,21.440
2016-10-12,27.717,24.666,21.616
2016-10-11,27.917,24.899,21.881
2016-10-10,27.995,25.082,22.170
2016-09-30,28.009,25.286,22.564
2016-09-29,28.013,25.410,22.808
2016-09-28,27.960,25.531,23.103
2016-09-27,27.885,25.664,23.444
2016-09-26,27.859,25.778,23.698
2016-09-23,27.754,25.884,24.014
2016-09-22,27.810,25.985,24.160
2016-09-21,27.965,26.086,24.207
2016-09-20,28.013,26.138,24.263
2016-09-19,28.150,26.285,24.420
2016-09-14,28.372,26.451,24.531
2016-09-13,28.528,26.618,24.708
2016-09-12,28.769,26.846,24.923
2016-09-09,28.682,26.967,25.253
2016-09-08,28.685,26.978,25.271
2016-09-07,28.653,26.953,25.254
2016-09-06,28.578,26.920,25.262
2016-09-05,28.744,26.812,24.880
2016-09-02,28.852,26.690,24.529
2016-09-01,28.854,26.694,24.535
2016-08-31,28.848,26.683,24.519
2016-08-30,28.891,26.745,24.599
2016-08-29,28.887,26.750,24.614
2016-08-26,28.907,26.725,24.543
2016-08-25,28.979,26.658,24.337
2016-08-24,28.981,26.652,24.323
2016-08-23,29.049,26.540,24.032
2016-08-22,29.030,26.403,23.777
2016-08-19,29.131,26.259,23.388
2016-08-18,28.980,26.119,23.258
2016-08-17,28.691,25.969,23.247
2016-08-16,28.365,25.813,23.262
2016-08-15,27.866,25.710,23.554
2016-08-12,27.868,25.710,23.553
2016-08-11,28.060,25.761,23.462
2016-08-10,28.091,25.771,23.451
2016-08-09,28.387,25.840,23.293
2016-08-08,28.414,25.921,23.428
2016-08-05,28.531,26.055,23.579
2016-08-04,28.537,26.058,23.580
2016-08-03,28.607,26.093,23.580
2016-08-02,28.521,26.052,23.584
2016-08-01,28.589,25.955,23.322
2016-07-29,28.972,25.768,22.565
2016-07-28,29.636,25.515,21.394
2016-07-27,30.257,25.156,20.055
2016-07-26,30.637,24.882,19.128
2016-07-25,31.029,24.561,18.093
2016-07-22,31.350,24.272,17.195
2016-07-21,31.465,23.952,16.439
2016-07-20,31.624,23.537,15.451
2016-07-19,31.692,23.122,14.553
2016-07-18,31.401,22.622,13.843
2016-07-15,30.896,22.130,13.365
2016-07-14,30.185,21.628,13.072
2016-07-13,29.499,21.164,12.830
2016-07-12,28.434,20.547,12.660
2016-07-11,27.746,19.995,12.245
2016-07-08,26.620,19.419,12.219
2016-07-07,25.473,18.859,12.246
2016-07-06,23.921,18.242,12.564
2016-07-05,22.142,17.671,13.201
2016-07-04,20.838,17.197,13.557
2016-07-01,19.999,16.832,13.666
2016-06-30,19.593,16.562,13.531
2016-06-29,19.409,16.331,13.254
2016-06-28,19.109,16.052,12.996
2016-06-27,18.879,15.842,12.805
2016-06-24,18.624,15.642,12.660
2016-06-23,18.231,15.392,12.554
2016-06-22,18.067,15.239,12.412
2016-06-21,17.882,15.115,12.349
2016-06-20,17.635,14.979,12.323
2016-06-17,17.220,14.828,12.437
2016-06-16,16.642,14.663,12.684
2016-06-15,15.912,14.523,13.135
2016-06-14,15.684,14.473,13.262
2016-06-13,15.584,14.419,13.254
2016-06-08,15.348,14.322,13.297
2016-06-07,15.175,14.250,13.326
2016-06-06,15.148,14.188,13.228
2016-06-03,15.043,14.129,13.215
2016-06-02,15.161,14.161,13.161
2016-06-01,15.440,14.225,13.011
2016-05-31,15.676,14.293,12.911
2016-05-30,16.002,14.403,12.804
2016-05-27,16.119,14.507,12.896
2016-05-26,16.183,14.570,12.958
2016-05-25,16.324,14.660,12.997
2016-05-24,16.303,14.734,13.165
2016-05-23,16.333,14.805,13.277
2016-05-20,16.361,14.846,13.332
2016-05-19,16.679,14.974,13.270
2016-05-18,16.753,15.034,13.315
2016-05-17,16.751,15.041,13.331
2016-05-16,16.834,14.955,13.076
2016-05-13,16.933,14.838,12.744
2016-05-12,17.076,14.754,12.432
2016-05-11,17.135,14.709,12.283
2016-05-10,17.173,14.668,12.163
2016-05-09,17.189,14.654,12.119
2016-05-06,17.264,14.594,11.925
2016-05-05,17.270,14.465,11.660
2016-05-04,17.193,14.285,11.378
2016-05-03,17.055,14.119,11.184
2016-04-29,16.808,13.922,11.036
2016-04-28,16.621,13.764,10.908
2016-04-27,16.460,13.672,10.884
2016-04-26,16.200,13.577,10.954
2016-04-25,16.069,13.517,10.965
2016-04-22,15.862,13.436,11.011
2016-04-21,15.637,13.332,11.028
2016-04-20,14.812,13.131,11.451
2016-04-12,14.188,12.972,11.756
2016-04-11,13.887,12.907,11.928
2016-04-08,13.858,12.860,11.863
2016-04-07,13.865,12.832,11.800
2016-04-06,13.865,12.832,11.800
2016-04-05,13.913,12.855,11.798
2016-04-01,13.937,12.866,11.795
2016-03-31,13.923,12.811,11.700
2016-03-30,14.022,12.753,11.485
2016-03-29,14.288,12.645,11.003
2016-03-28,14.604,12.521,10.439
2016-03-25,14.898,12.360,9.823
2016-03-24,14.997,12.245,9.493
2016-03-23,15.047,12.123,9.199
2016-03-22,14.915,12.010,9.106
2016-03-21,14.678,11.860,9.043
2016-03-18,14.442,11.701,8.961
2016-03-17,14.181,11.539,8.897
2016-03-16,14.005,11.401,8.797
2016-03-15,13.840,11.295,8.751
2016-03-14,13.704,11.218,8.733
2016-03-11,13.396,11.100,8.804
2016-03-10,13.258,10.981,8.704
2016-03-09,13.121,10.850,8.579
2016-03-08,12.983,10.664,8.345
2016-03-07,12.559,10.426,8.293
2016-03-04,12.056,10.177,8.299
2016-03-03,11.805,9.994,8.183
2016-03-02,11.696,9.830,7.964
2016-03-01,11.677,9.733,7.790
2016-02-29,11.695,9.671,7.647
2016-02-26,11.695,9.666,7.637
2016-02-25,11.666,9.618,7.570
2016-02-24,11.632,9.559,7.487
2016-02-23,11.425,9.470,7.514
2016-02-22,11.237,9.383,7.528
2016-02-19,11.088,9.297,7.506
2016-02-18,10.947,9.209,7.471
2016-02-17,10.819,9.150,7.481
2016-02-16,10.580,9.056,7.533
2016-02-15,10.216,8.967,7.719
2016-02-05,9.799,8.894,7.990
2016-02-04,9.984,8.924,7.863
2016-02-03,10.134,8.956,7.778
2016-02-02,10.647,9.085,7.523
2016-02-01,10.922,9.198,7.474
2016-01-29,11.092,9.312,7.532
2016-01-28,11.500,9.479,7.457
2016-01-27,11.891,9.676,7.461
2016-01-26,12.212,9.855,7.498
2016-01-25,12.458,10.029,7.601
2016-01-22,12.743,10.183,7.624
2016-01-21,12.988,10.346,7.705
2016-01-20,13.134,10.505,7.876
2016-01-19,13.343,10.659,7.976
2016-01-18,13.478,10.814,8.150
2016-01-15,13.526,10.976,8.425
2016-01-14,13.531,11.159,8.786
2016-01-13,13.502,11.304,9.106
2016-01-12,13.340,11.459,9.577
2016-01-11,13.176,11.599,10.021
2016-01-08,12.941,11.690,10.438
2016-01-07,12.880,11.723,10.567
2016-01-06,12.741,11.790,10.838
2016-01-05,12.739,11.810,10.882
2016-01-04,12.729,11.884,11.039
2015-12-31,12.561,11.951,11.341
2015-12-30,12.561,11.951,11.341
2015-12-29,12.564,11.921,11.277
2015-12-28,12.554,11.908,11.261
2015-12-25,12.559,11.884,11.208
2015-12-24,12.527,11.864,11.200
2015-12-23,12.748,11.907,11.066
2015-12-22,13.075,11.984,10.893
2015-12-21,13.248,12.030,10.811
2015-12-18,13.546,12.109,10.671
2015-12-17,13.658,12.160,10.662
2015-12-16,13.680,12.173,10.666
2015-12-15,13.685,12.144,10.603
2015-12-14,13.695,12.117,10.538
2015-12-11,13.690,12.100,10.509
2015-12-10,13.710,12.085,10.460
2015-12-09,13.701,12.094,10.487
2015-12-08,13.723,12.068,10.412
2015-12-07,13.730,12.044,10.358
2015-12-04,13.749,11.958,10.167
2015-12-03,13.785,11.886,9.987
2015-12-02,13.847,11.808,9.768
2015-12-01,13.911,11.738,9.565
2015-11-30,13.990,11.632,9.275
2015-11-27,14.053,11.543,9.032
2015-11-26,14.059,11.446,8.833
2015-11-25,13.860,11.294,8.728
2015-11-24,13.527,11.125,8.724
2015-11-23,13.191,10.974,8.758
2015-11-20,12.619,10.804,8.989
2015-11-19,12.171,10.642,9.114
2015-11-18,11.814,10.492,9.170
2015-11-17,11.728,10.388,9.049
2015-11-16,11.598,10.323,9.048
2015-11-13,11.369,10.230,9.091
2015-11-12,11.265,10.177,9.089
2015-11-11,11.048,10.109,9.170
2015-11-10,10.882,10.043,9.204
2015-11-09,10.593,9.966,9.340
2015-11-06,10.482,9.927,9.372
2015-11-05,10.491,9.848,9.205
2015-11-04,10.585,9.770,8.956
2015-11-03,10.719,9.679,8.639
2015-11-02,10.824,9.609,8.394
2015-10-30,10.904,9.534,8.164
2015-10-29,10.910,9.461,8.012
2015-10-28,10.873,9.377,7.882
2015-10-27,10.794,9.297,7.801
2015-10-26,10.683,9.205,7.728
2015-10-23,10.513,9.120,7.728
2015-10-22,10.426,9.059,7.692
2015-10-21,10.380,8.999,7.618
2015-10-20,10.348,8.948,7.549
2015-10-19,10.193,8.874,7.556
2015-10-16,10.098,8.777,7.457
2015-10-15,9.917,8.705,7.494
2015-10-14,9.785,8.676,7.568
2015-10-13,9.688,8.653,7.619
2015-10-12,9.655,8.647,7.639
2015-10-09,9.517,8.618,7.719
2015-10-08,9.521,8.619,7.718
2015-10-07,9.545,8.634,7.723
2015-09-30,9.764,8.717,7.671
2015-09-29,10.279,8.856,7.433
2015-09-28,10.418,8.949,7.480
2015-09-25,10.446,8.993,7.541
2015-09-24,10.581,9.080,7.579
2015-09-23,10.960,9.215,7.470
2015-09-22,11.628,9.418,7.209
2015-09-21,19.995,10.516,1.037
2015-09-18,24.459,11.615,-1.229
2015-09-17,27.723,12.697,-2.328
2015-09-16,30.957,13.884,-3.188
2015-09-15,33.964,15.122,-3.719
2015-09-14,36.474,16.390,-3.694
2015-09-11,38.511,17.594,-3.323
2015-09-10,40.414,18.786,-2.842
2015-09-09,41.854,19.932,-1.989
2015-09-08,42.766,20.955,-0.855
2015-09-07,43.433,21.987,0.542
2015-09-02,43.800,23.003,2.207
2015-09-01,43.834,23.970,4.106
2015-08-31,43.746,24.891,6.037
2015-08-28,43.570,25.774,7.979
2015-08-27,42.977,26.697,10.418
2015-08-26,41.886,27.688,13.491
2015-08-25,40.289,28.604,16.920
2015-08-24,38.017,29.459,20.901
2015-04-17,34.011,30.187,26.364
2015-04-16,34.084,29.998,25.912
2015-04-15,34.117,29.805,25.493
2015-04-14,34.207,29.612,25.018
2015-04-13,34.021,29.304,24.588
2015-04-10,33.539,28.912,24.285
2015-04-09,32.955,28.518,24.081
2015-04-08,32.391,28.152,23.914
2015-04-07,31.435,27.766,24.097
2015-04-03,30.585,27.444,24.303
2015-04-02,30.213,27.220,24.227
2015-04-01,29.826,26.995,24.165
2015-03-31,29.516,26.795,24.074
2015-03-30,29.360,26.644,23.928
2015-03-27,29.154,26.488,23.823
2015-03-26,28.884,26.278,23.673
2015-03-25,28.604,26.072,23.540
2015-03-24,28.111,25.809,23.507
2015-03-23,27.635,25.617,23.600
2015-03-20,27.088,25.416,23.745
2015-03-19,26.824,25.291,23.759
2015-03-18,26.586,25.162,23.739
2015-03-17,26.409,24.999,23.590
2015-03-16,26.320,24.866,23.412
2015-03-13,26.278,24.727,23.177
2015-03-12,26.286,24.606,22.926
2015-03-11,26.255,24.498,22.742
2015-03-10,26.186,24.405,22.625
2015-03-09,26.036,24.328,22.620
2015-03-06,25.820,24.246,22.673
2015-03-05,25.620,24.174,22.728
2015-03-04,25.459,24.121,22.784
2015-03-03,25.578,24.145,22.713
2015-03-02,25.630,24.157,22.685
2015-02-27,25.820,24.197,22.575
2015-02-26,26.246,24.306,22.366
2015-02-25,26.607,24.420,22.233
2015-02-24,27.042,24.583,22.124
2015-02-17,27.242,24.669,22.096
2015-02-16,27.366,24.747,22.129
2015-02-13,27.387,24.768,22.150
2015-02-12,27.416,24.806,22.197
2015-02-11,27.397,24.846,22.295
2015-02-10,27.375,24.881,22.387
2015-02-09,27.323,24.953,22.583
2015-02-06,27.241,25.010,22.780
2015-02-05,27.161,25.092,23.023
2015-02-04,27.095,25.174,23.253
2015-02-03,27.114,25.259,23.404
2015-02-02,27.101,25.317,23.534
2015-01-30,27.077,25.375,23.674
2015-01-29,27.062,25.388,23.715
2015-01-28,27.056,25.309,23.562
2015-01-27,27.049,25.250,23.452
2015-01-26,26.963,25.195,23.428
2015-01-23,26.747,25.094,23.441
2015-01-22,26.502,24.997,23.493
2015-01-21,26.067,24.838,23.610
2015-01-20,25.784,24.733,23.683
2015-01-19,25.907,24.754,23.602
2015-01-16,26.271,24.841,23.411
2015-01-15,26.533,24.918,23.304
2015-01-14,26.961,25.070,23.180
2015-01-13,27.425,25.249,23.074
2015-01-12,27.784,25.401,23.018
2015-01-09,28.040,25.566,23.092
2015-01-08,28.230,25.685,23.141
2015-01-07,28.292,25.750,23.208
2015-01-06,28.555,25.856,23.158
2015-01-05,28.811,25.985,23.159
2014-12-31,29.331,26.183,23.036
2014-12-30,29.814,26.431,23.049
2014-12-29,30.049,26.669,23.290
2014-12-26,30.136,26.869,23.603
2014-12-25,30.348,27.076,23.804
2014-12-24,30.586,27.330,24.074
2014-12-23,30.972,27.632,24.292
2014-12-22,31.146,27.980,24.814
2014-12-19,31.006,28.259,25.512
2014-12-18,31.145,28.447,25.750
2014-12-17,31.219,28.596,25.973
2014-12-16,31.261,28.760,26.260
2014-12-15,31.245,28.834,26.423
2014-12-12,31.257,28.896,26.535
2014-12-11,31.244,28.957,26.670
2014-12-10,31.246,29.055,26.865
2014-12-09,31.159,29.139,27.119
2014-12-08,30.913,29.207,27.501
2014-12-05,30.854,29.260,27.666
2014-12-04,30.791,29.300,27.810
2014-12-03,30.785,29.292,27.800
2014-12-02,30.756,29.254,27.753
2014-12-01,30.809,29.205,27.601
2014-11-28,30.854,29.180,27.506
2014-11-27,30.882,29.125,27.367
2014-11-26,30.837,29.045,27.253
2014-11-25,30.653,28.870,27.087
2014-11-24,30.414,28.666,26.919
2014-11-21,30.448,28.489,26.530
2014-11-20,30.289,28.321,26.353
2014-11-19,30.114,28.205,26.295
2014-11-18,29.923,28.149,26.374
2014-11-17,29.865,28.115,26.364
2014-11-14,29.760,28.052,26.343
2014-11-13,29.717,28.034,26.351
2014-11-12,29.652,27.857,26.062
2014-11-11,29.692,27.690,25.687
2014-11-10,29.778,27.587,25.396
2014-11-07,29.676,27.429,25.182
2014-11-06,29.619,27.255,24.890
2014-11-05,29.371,27.088,24.806
2014-11-04,29.159,26.926,24.694
2014-11-03,29.071,26.805,24.538
2014-10-31,29.017,26.662,24.307
2014-10-30,28.911,26.506,24.101
2014-10-29,28.770,26.324,23.878
2014-10-28,28.689,26.210,23.730
2014-10-27,28.652,26.103,23.554
2014-10-24,28.651,26.021,23.390
2014-10-23,28.593,25.980,23.368
2014-10-22,28.439,25.902,23.365
2014-10-21,27.960,25.772,23.585
2014-10-20,27.556,25.647,23.739
2014-10-17,27.288,25.585,23.883
2014-10-16,26.541,25.458,24.376
2014-10-15,26.555,25.463,24.372
2014-10-14,26.561,25.468,24.375
2014-10-13,26.560,25.467,24.374
2014-10-10,26.584,25.477,24.371
2014-10-09,26.618,25.509,24.399
2014-10-08,26.598,25.497,24.395
2014-09-30,26.598,25.497,24.395
2014-09-29,26.591,25.482,24.373
2014-09-26,26.595,25.479,24.362
2014-09-25,26.614,25.467,24.320
2014-09-24,26.566,25.497,24.427
2014-09-23,26.568,25.495,24.422
2014-09-22,26.539,25.532,24.525
2014-09-19,26.490,25.577,24.664
2014-09-18,26.486,25.576,24.665
2014-09-17,26.487,25.576,24.665
2014-09-16,26.447,25.563,24.678
2014-09-15,26.481,25.580,24.679
2014-09-12,26.385,25.558,24.730
2014-09-11,26.428,25.570,24.712
2014-09-10,26.593,25.608,24.622
2014-09-09,26.794,25.670,24.546
2014-09-05,26.830,25.692,24.554
2014-09-04,26.819,25.686,24.552
2014-09-03,26.803,25.656,24.509
2014-09-02,26.819,25.670,24.521
2014-09-01,26.817,25.663,24.510
2014-08-29,26.814,25.669,24.523
2014-08-28,26.805,25.675,24.544
2014-08-27,26.791,25.754,24.717
2014-08-26,26.794,25.752,24.710
2014-08-25,26.764,25.771,24.778
2014-08-22,26.776,25.758,24.739
2014-08-21,26.928,25.689,24.450
2014-08-20,27.130,25.571,24.011
2014-08-19,27.218,25.468,23.717
2014-08-18,27.238,25.368,23.498
2014-08-15,27.290,25.235,23.180
2014-08-14,27.221,25.131,23.040
2014-08-13,27.108,25.018,22.928
2014-08-12,26.872,24.865,22.858
2014-08-11,26.538,24.744,22.950
2014-08-08,26.437,24.714,22.991
2014-08-07,26.372,24.693,23.014
2014-08-06,26.324,24.663,23.003
2014-08-05,26.166,24.596,23.025
2014-08-04,26.117,24.577,23.037
2014-08-01,26.058,24.551,23.044
2014-07-31,26.178,24.589,23.001
2014-07-30,26.041,24.558,23.076
2014-07-29,26.080,24.573,23.067
2014-07-28,nan,nan,nan
2014-07-25,nan,nan,nan
2014-07-24,nan,nan,nan
2014-07-23,nan,nan,nan
2014-07-22,nan,nan,nan
2014-07-21,nan,nan,nan
2014-07-18,nan,nan,nan
2014-07-17,nan,nan,nan
2014-07-16,nan,nan,nan
2014-07-15,nan,nan,nan
2014-07-14,nan,nan,nan
2014-07-11,nan,nan,nan
2014-07-10,nan,nan,nan
2014-07-09,nan,nan,nan
2014-07-08,nan,nan,nan
2014-07-07,nan,nan,nan
2014-07-04,nan,nan,nan
2014-07-03,nan,nan,nan
2014-07-02,nan,nan,nan
