2017-06-30,28.906,29.275,29.452,30.493,-1
2017-06-29,28.890,29.371,29.482,30.836,-1
2017-06-28,29.000,29.541,29.515,31.241,-1
2017-06-27,29.298,29.602,29.705,31.720,-1
2017-06-26,29.486,29.583,29.867,32.172,-1
2017-06-23,29.644,29.485,29.991,32.490,-1
2017-06-22,29.852,29.576,30.191,32.699,-1
2017-06-21,30.082,29.658,30.381,32.799,-1
2017-06-20,29.906,29.708,30.510,32.767,-1
2017-06-19,29.680,29.656,30.765,32.649,-1
2017-06-16,29.326,29.628,31.102,32.450,-1
2017-06-15,29.300,29.593,31.569,32.179,-1
2017-06-14,29.234,29.489,32.090,-1,-1
2017-06-13,29.510,29.808,32.779,-1,-1
2017-06-12,29.632,30.152,33.467,-1,-1
2017-06-09,29.930,30.497,33.992,-1,-1
2017-06-08,29.886,30.807,34.260,-1,-1
2017-06-07,29.744,31.103,34.369,-1,-1
2017-06-06,30.106,31.313,34.297,-1,-1
2017-06-05,30.672,31.874,34.145,-1,-1
2017-06-02,31.064,32.577,33.861,-1,-1
2017-06-01,31.728,33.545,33.471,-1,-1
2017-05-31,32.462,34.692,-1,-1,-1
2017-05-26,32.520,35.750,-1,-1,-1
2017-05-25,33.076,36.782,-1,-1,-1
2017-05-24,34.090,37.488,-1,-1,-1
2017-05-23,35.362,37.714,-1,-1,-1
2017-05-22,36.922,37.636,-1,-1,-1
2017-05-19,38.980,37.281,-1,-1,-1
2017-05-18,40.488,36.417,-1,-1,-1
2017-05-17,40.886,35.145,-1,-1,-1
2017-05-16,40.066,33.398,-1,-1,-1
2017-05-15,38.350,-1,-1,-1,-1
2017-05-12,35.582,-1,-1,-1,-1
2017-05-11,32.346,-1,-1,-1,-1
2017-05-10,29.404,-1,-1,-1,-1
2017-05-09,26.730,-1,-1,-1,-1
2017-05-08,-1,-1,-1,-1,-1
2017-05-05,-1,-1,-1,-1,-1
2017-05-04,-1,-1,-1,-1,-1
2017-05-03,-1,-1,-1,-1,-1
