2017-03-17@15:00:00,53.802,51.514,49.226
2017-03-17@14:00:00,53.743,51.661,49.579
2017-03-17@11:30:00,53.689,51.714,49.739
2017-03-17@10:30:00,53.703,51.709,49.715
2017-03-16@15:00:00,53.725,51.699,49.673
2017-03-16@14:00:00,53.703,51.744,49.785
2017-03-16@11:30:00,53.676,51.779,49.881
2017-03-16@10:30:00,53.782,51.713,49.644
2017-03-15@15:00:00,53.817,51.683,49.548
2017-03-15@14:00:00,53.915,51.529,49.142
2017-03-15@11:30:00,53.865,51.376,48.886
2017-03-15@10:30:00,53.895,51.308,48.720
2017-03-14@15:00:00,53.901,51.251,48.601
2017-03-14@14:00:00,53.819,51.218,48.617
2017-03-14@11:30:00,53.859,51.229,48.598
2017-03-14@10:30:00,53.674,51.138,48.601
2017-03-13@15:00:00,54.177,51.236,48.294
2017-03-13@14:00:00,55.068,51.401,47.733
2017-03-13@11:30:00,55.054,51.392,47.730
2017-03-13@10:30:00,54.988,51.328,47.668
2017-03-10@15:00:00,55.043,51.357,47.670
2017-03-10@14:00:00,54.977,51.315,47.652
2017-03-10@11:30:00,55.057,51.172,47.286
2017-03-10@10:30:00,55.203,51.065,46.927
2017-03-09@15:00:00,55.347,50.938,46.529
2017-03-09@14:00:00,55.466,50.704,45.942
2017-03-09@11:30:00,55.539,50.476,45.413
2017-03-09@10:30:00,55.628,50.329,45.030
2017-03-08@15:00:00,55.692,50.143,44.593
2017-03-08@14:00:00,55.793,49.996,44.199
2017-03-08@11:30:00,55.851,49.835,43.819
2017-03-08@10:30:00,55.872,49.664,43.456
2017-03-07@15:00:00,55.876,49.461,43.045
2017-03-07@14:00:00,55.646,49.170,42.694
2017-03-07@11:30:00,55.180,48.787,42.394
2017-03-07@10:30:00,54.999,48.497,41.994
2017-03-06@15:00:00,53.917,48.016,42.115
2017-03-06@14:00:00,51.961,47.445,42.928
2017-03-06@11:30:00,51.229,47.121,43.012
2017-03-06@10:30:00,50.662,46.868,43.074
2017-03-03@15:00:00,49.354,46.498,43.642
2017-03-03@14:00:00,47.999,46.170,44.340
2017-03-03@11:30:00,47.670,45.972,44.274
2017-03-03@10:30:00,47.483,45.796,44.109
2017-03-02@15:00:00,47.300,45.624,43.947
2017-03-02@14:00:00,47.254,45.474,43.693
2017-03-02@11:30:00,47.143,45.337,43.530
2017-03-02@10:30:00,46.960,45.188,43.416
2017-03-01@15:00:00,46.784,45.064,43.343
2017-03-01@14:00:00,46.639,44.962,43.285
2017-03-01@11:30:00,46.444,44.871,43.297
2017-03-01@10:30:00,46.220,44.754,43.288
2017-02-28@15:00:00,46.049,44.669,43.289
2017-02-28@14:00:00,45.810,44.573,43.336
2017-02-28@11:30:00,45.683,44.496,43.309
2017-02-28@10:30:00,45.606,44.444,43.282
2017-02-27@15:00:00,45.473,44.365,43.256
2017-02-27@14:00:00,45.409,44.271,43.132
2017-02-27@11:30:00,45.367,44.130,42.892
2017-02-27@10:30:00,45.189,43.968,42.746
2017-02-24@15:00:00,45.096,43.841,42.585
2017-02-24@14:00:00,44.980,43.734,42.488
2017-02-24@11:30:00,44.929,43.653,42.376
2017-02-24@10:30:00,44.877,43.620,42.363
2017-02-23@15:00:00,44.942,43.643,42.343
2017-02-23@14:00:00,45.050,43.685,42.320
2017-02-23@11:30:00,45.136,43.718,42.299
2017-02-23@10:30:00,45.222,43.754,42.285
2017-02-22@15:00:00,45.324,43.791,42.257
2017-02-22@14:00:00,45.385,43.814,42.243
2017-02-22@11:30:00,45.687,43.887,42.086
2017-02-22@10:30:00,46.005,43.986,41.966
2017-02-21@15:00:00,46.125,44.036,41.947
2017-02-21@14:00:00,46.370,44.125,41.879
2017-02-21@11:30:00,46.703,44.248,41.792
2017-02-21@10:30:00,47.081,44.384,41.687
2017-02-20@15:00:00,47.495,44.553,41.611
2017-02-20@14:00:00,47.777,44.732,41.686
2017-02-20@11:30:00,47.935,44.939,41.943
2017-02-20@10:30:00,48.133,45.185,42.237
2017-02-17@15:00:00,48.020,45.330,42.640
2017-02-17@14:00:00,47.895,45.478,43.060
2017-02-17@11:30:00,47.695,45.624,43.553
2017-02-17@10:30:00,47.770,45.602,43.434
2017-02-16@15:00:00,47.901,45.539,43.177
2017-02-16@14:00:00,47.914,45.523,43.132
2017-02-16@11:30:00,47.956,45.486,43.015
2017-02-16@10:30:00,47.970,45.466,42.962
2017-02-15@15:00:00,47.970,45.466,42.961
2017-02-15@14:00:00,48.034,45.408,42.782
2017-02-15@11:30:00,48.029,45.288,42.546
2017-02-15@10:30:00,48.214,45.071,41.928
2017-02-14@15:00:00,48.371,44.891,41.411
2017-02-14@14:00:00,48.402,44.675,40.947
2017-02-14@11:30:00,48.339,44.415,40.490
2017-02-14@10:30:00,48.131,44.135,40.138
2017-02-13@15:00:00,47.738,43.857,39.976
2017-02-13@14:00:00,47.328,43.602,39.875
2017-02-13@11:30:00,46.899,43.325,39.751
2017-02-13@10:30:00,46.180,43.016,39.851
2017-02-10@15:00:00,45.856,42.801,39.746
2017-02-10@14:00:00,45.472,42.528,39.584
2017-02-10@11:30:00,44.985,42.253,39.520
2017-02-10@10:30:00,44.954,42.110,39.266
2017-02-09@15:00:00,44.873,41.961,39.049
2017-02-09@14:00:00,44.573,41.747,38.921
2017-02-09@11:30:00,44.308,41.553,38.797
2017-02-09@10:30:00,43.899,41.333,38.767
2017-02-08@15:00:00,43.162,41.106,39.049
2017-02-08@14:00:00,42.707,40.948,39.189
2017-02-08@11:30:00,42.118,40.798,39.478
2017-02-08@10:30:00,42.006,40.734,39.461
2017-02-07@15:00:00,41.889,40.656,39.423
2017-02-07@14:00:00,41.787,40.623,39.458
2017-02-07@11:30:00,41.737,40.602,39.466
2017-02-07@10:30:00,41.685,40.581,39.477
2017-02-06@15:00:00,41.540,40.540,39.539
2017-02-06@14:00:00,41.529,40.538,39.546
2017-02-06@11:30:00,41.755,40.583,39.410
2017-02-06@10:30:00,41.841,40.606,39.370
2017-02-03@15:00:00,41.937,40.633,39.328
2017-02-03@14:00:00,42.171,40.727,39.283
2017-02-03@11:30:00,42.306,40.810,39.313
2017-02-03@10:30:00,42.443,40.896,39.349
2017-01-26@15:00:00,42.479,40.953,39.426
2017-01-26@14:00:00,42.768,40.863,38.957
2017-01-26@11:30:00,42.988,40.772,38.556
2017-01-26@10:30:00,43.123,40.699,38.274
2017-01-25@15:00:00,43.288,40.583,37.878
2017-01-25@14:00:00,43.444,40.447,37.449
2017-01-25@11:30:00,43.503,40.322,37.140
2017-01-25@10:30:00,43.521,40.217,36.913
2017-01-24@15:00:00,43.550,40.118,36.685
2017-01-24@14:00:00,43.465,40.034,36.603
2017-01-24@11:30:00,43.385,39.957,36.528
2017-01-24@10:30:00,43.434,39.751,36.068
2017-01-23@15:00:00,43.376,39.574,35.772
2017-01-23@14:00:00,43.121,39.381,35.641
2017-01-23@11:30:00,42.741,39.193,35.644
2017-01-23@10:30:00,42.417,39.052,35.686
2017-01-20@15:00:00,42.071,38.929,35.786
2017-01-20@14:00:00,41.867,38.885,35.902
2017-01-20@11:30:00,41.920,38.895,35.870
2017-01-20@10:30:00,42.027,38.916,35.804
2017-01-19@15:00:00,42.146,38.943,35.739
2017-01-19@14:00:00,42.815,39.182,35.549
2017-01-19@11:30:00,43.478,39.445,35.411
2017-01-19@10:30:00,44.148,39.720,35.291
2017-01-18@15:00:00,44.804,40.037,35.270
2017-01-18@14:00:00,45.247,40.347,35.446
2017-01-18@11:30:00,45.684,40.651,35.617
2017-01-18@10:30:00,46.024,40.930,35.836
2017-01-17@15:00:00,46.360,41.240,36.120
2017-01-17@14:00:00,47.060,41.590,36.119
2017-01-17@11:30:00,47.746,41.961,36.176
2017-01-17@10:30:00,48.061,42.460,36.858
2017-01-16@15:00:00,48.292,42.933,37.574
2017-01-16@14:00:00,48.396,43.365,38.333
2017-01-16@11:30:00,48.415,43.773,39.131
2017-01-16@10:30:00,48.364,44.162,39.959
2017-01-13@15:00:00,48.112,44.501,40.889
2017-01-13@14:00:00,48.460,44.844,41.228
2017-01-13@11:30:00,48.943,45.181,41.419
2017-01-13@10:30:00,49.408,45.518,41.627
2017-01-12@15:00:00,49.788,45.899,42.010
2017-01-12@14:00:00,50.515,46.295,42.074
2017-01-12@11:30:00,51.235,46.693,42.150
2017-01-12@10:30:00,51.794,47.057,42.320
2017-01-11@15:00:00,52.289,47.404,42.518
2017-01-11@14:00:00,52.723,47.796,42.868
2017-01-11@11:30:00,53.070,48.176,43.281
2017-01-11@10:30:00,53.193,48.546,43.899
2017-01-10@15:00:00,53.192,48.876,44.559
2017-01-10@14:00:00,53.305,49.098,44.891
2017-01-10@11:30:00,53.391,49.292,45.192
2017-01-10@10:30:00,53.415,49.476,45.536
2017-01-09@15:00:00,53.458,49.684,45.910
2017-01-09@14:00:00,53.345,49.867,46.389
2017-01-09@11:30:00,53.193,50.070,46.946
2017-01-09@10:30:00,52.953,50.264,47.574
2017-01-06@15:00:00,52.411,50.526,48.640
2017-01-06@14:00:00,52.275,50.697,49.119
2017-01-06@11:30:00,52.326,50.871,49.415
2017-01-06@10:30:00,52.474,51.052,49.630
2017-01-05@15:00:00,52.650,51.216,49.782
2017-01-05@14:00:00,52.940,51.321,49.701
2017-01-05@11:30:00,53.199,51.407,49.614
2017-01-05@10:30:00,53.391,51.494,49.596
2017-01-04@15:00:00,53.548,51.573,49.598
2017-01-04@14:00:00,53.690,51.635,49.579
2017-01-04@11:30:00,53.960,51.731,49.502
2017-01-04@10:30:00,54.282,51.865,49.448
2017-01-03@15:00:00,54.538,52.015,49.492
2017-01-03@14:00:00,54.887,52.209,49.531
2017-01-03@11:30:00,55.294,52.440,49.585
2017-01-03@10:30:00,55.620,52.685,49.749
2016-12-30@15:00:00,55.603,52.784,49.964
2016-12-30@14:00:00,55.484,52.937,50.389
2016-12-30@11:30:00,55.358,53.057,50.755
2016-12-30@10:30:00,55.159,53.183,51.207
2016-12-29@15:00:00,55.081,53.216,51.351
2016-12-29@14:00:00,55.126,53.359,51.591
2016-12-29@11:30:00,55.468,53.526,51.584
2016-12-29@10:30:00,55.825,53.682,51.538
2016-12-28@15:00:00,56.035,53.811,51.586
2016-12-28@14:00:00,56.248,53.938,51.627
2016-12-28@11:30:00,56.438,54.061,51.684
2016-12-28@10:30:00,56.655,54.213,51.770
2016-12-27@15:00:00,56.846,54.374,51.901
2016-12-27@14:00:00,57.031,54.539,52.046
2016-12-27@11:30:00,57.204,54.663,52.121
2016-12-27@10:30:00,57.404,54.783,52.161
2016-12-26@15:00:00,57.604,54.914,52.224
2016-12-26@14:00:00,57.775,55.009,52.242
2016-12-26@11:30:00,57.957,55.088,52.219
2016-12-26@10:30:00,58.102,55.156,52.211
2016-12-23@15:00:00,58.124,55.330,52.536
2016-12-23@14:00:00,58.149,55.493,52.838
2016-12-23@11:30:00,58.068,55.663,53.258
2016-12-23@10:30:00,57.889,55.812,53.736
2016-12-22@15:00:00,57.079,56.020,54.962
2016-12-22@14:00:00,57.125,56.172,55.220
2016-12-22@11:30:00,57.198,56.236,55.275
2016-12-22@10:30:00,57.274,56.290,55.307
2016-12-21@15:00:00,57.260,56.356,55.453
2016-12-21@14:00:00,57.218,56.397,55.577
2016-12-21@11:30:00,57.161,56.437,55.714
2016-12-21@10:30:00,57.822,56.310,54.799
2016-12-20@15:00:00,59.085,56.019,52.954
2016-12-20@14:00:00,59.472,55.773,52.075
2016-12-20@11:30:00,59.709,55.534,51.359
2016-12-20@10:30:00,59.839,55.275,50.712
2016-12-19@15:00:00,59.898,54.995,50.092
2016-12-19@14:00:00,59.877,54.718,49.559
2016-12-19@11:30:00,59.807,54.395,48.984
2016-12-19@10:30:00,59.563,54.181,48.799
2016-12-16@15:00:00,59.322,54.009,48.697
2016-12-16@14:00:00,59.132,53.926,48.720
2016-12-16@11:30:00,59.003,53.874,48.745
2016-12-16@10:30:00,58.940,53.848,48.757
2016-12-15@15:00:00,58.974,53.860,48.747
2016-12-15@14:00:00,58.883,53.835,48.788
2016-12-15@11:30:00,59.043,53.878,48.714
2016-12-15@10:30:00,59.244,53.933,48.622
2016-12-14@15:00:00,59.498,54.004,48.511
2016-12-14@14:00:00,59.718,54.074,48.430
2016-12-14@11:30:00,59.796,54.102,48.408
2016-12-14@10:30:00,59.966,54.230,48.493
2016-12-13@15:00:00,59.945,54.495,49.044
2016-12-13@14:00:00,60.060,54.756,49.452
2016-12-13@11:30:00,60.212,55.053,49.893
2016-12-13@10:30:00,60.185,55.315,50.444
2016-12-12@15:00:00,60.051,55.599,51.146
2016-12-12@14:00:00,59.788,55.877,51.966
2016-12-12@11:30:00,59.202,56.217,53.232
2016-12-12@10:30:00,58.900,56.470,54.040
2016-12-09@15:00:00,58.620,56.724,54.828
2016-12-09@14:00:00,58.719,56.905,55.090
2016-12-09@11:30:00,58.877,57.071,55.265
2016-12-09@10:30:00,58.918,57.205,55.492
2016-12-08@15:00:00,59.461,57.393,55.324
2016-12-08@14:00:00,60.256,57.608,54.959
2016-12-08@11:30:00,60.942,57.796,54.649
2016-12-08@10:30:00,61.704,58.008,54.312
2016-12-07@15:00:00,62.081,58.154,54.227
2016-12-07@14:00:00,62.269,58.267,54.265
2016-12-07@11:30:00,62.490,58.439,54.389
2016-12-07@10:30:00,62.560,58.637,54.714
2016-12-06@15:00:00,62.642,58.898,55.154
2016-12-06@14:00:00,63.168,58.722,54.276
2016-12-06@11:30:00,63.522,58.528,53.534
2016-12-06@10:30:00,63.780,58.378,52.976
2016-12-05@15:00:00,64.037,58.202,52.368
2016-12-05@14:00:00,64.167,58.071,51.975
2016-12-05@11:30:00,64.280,57.900,51.520
2016-12-05@10:30:00,64.339,57.725,51.112
2016-12-02@15:00:00,64.314,57.544,50.775
2016-12-02@14:00:00,64.236,57.344,50.452
2016-12-02@11:30:00,64.110,57.137,50.165
2016-12-02@10:30:00,63.999,56.958,49.918
2016-12-01@15:00:00,63.651,56.666,49.682
2016-12-01@14:00:00,63.063,56.396,49.729
2016-12-01@11:30:00,62.329,56.057,49.786
2016-12-01@10:30:00,61.290,55.674,50.059
2016-11-30@15:00:00,60.447,55.247,50.047
2016-11-30@14:00:00,59.686,54.931,50.176
2016-11-30@11:30:00,58.669,54.594,50.520
2016-11-30@10:30:00,57.573,54.271,50.969
2016-10-13@15:00:00,55.506,53.980,52.454
2016-10-13@14:00:00,55.571,54.074,52.577
2016-10-13@11:30:00,55.643,54.149,52.655
2016-10-13@10:30:00,55.665,54.133,52.601
2016-10-12@15:00:00,55.939,54.050,52.162
2016-10-12@14:00:00,56.482,53.850,51.218
2016-10-12@11:30:00,56.702,53.691,50.680
2016-10-12@10:30:00,56.936,53.486,50.037
2016-10-11@15:00:00,57.083,53.239,49.396
2016-10-11@14:00:00,57.152,52.983,48.815
2016-10-11@11:30:00,57.145,52.713,48.282
2016-10-11@10:30:00,57.087,52.420,47.753
2016-10-10@15:00:00,57.038,52.124,47.211
2016-10-10@14:00:00,56.618,51.750,46.882
2016-10-10@11:30:00,56.301,51.438,46.576
2016-10-10@10:30:00,55.896,51.177,46.458
2016-09-30@15:00:00,55.757,51.038,46.319
2016-09-30@14:00:00,55.614,50.988,46.362
2016-09-30@11:30:00,55.518,50.957,46.395
2016-09-30@10:30:00,55.460,50.937,46.414
2016-09-29@15:00:00,55.072,50.833,46.593
2016-09-29@14:00:00,54.622,50.716,46.810
2016-09-29@11:30:00,54.152,50.608,47.063
2016-09-29@10:30:00,54.143,50.605,47.067
2016-09-28@15:00:00,54.296,50.665,47.034
2016-09-28@14:00:00,54.548,50.816,47.084
2016-09-28@11:30:00,54.822,50.951,47.081
2016-09-28@10:30:00,55.015,51.101,47.187
2016-09-27@15:00:00,55.136,51.254,47.373
2016-09-27@14:00:00,55.317,51.453,47.589
2016-09-27@11:30:00,55.467,51.670,47.873
2016-09-27@10:30:00,55.577,51.925,48.272
2016-09-26@15:00:00,55.536,52.199,48.861
2016-09-26@14:00:00,55.450,52.498,49.546
2016-09-26@11:30:00,55.221,52.793,50.365
2016-09-26@10:30:00,54.983,53.044,51.104
2016-09-23@15:00:00,54.561,53.273,51.984
2016-09-23@14:00:00,54.653,53.345,52.036
2016-09-23@11:30:00,54.855,53.430,52.005
2016-09-23@10:30:00,54.937,53.489,52.041
2016-09-22@15:00:00,55.001,53.558,52.114
2016-09-22@14:00:00,54.996,53.627,52.259
2016-09-22@11:30:00,54.994,53.691,52.388
2016-09-22@10:30:00,nan,nan,nan
2016-09-21@15:00:00,nan,nan,nan
2016-09-21@14:00:00,nan,nan,nan
2016-09-21@11:30:00,nan,nan,nan
2016-09-21@10:30:00,nan,nan,nan
2016-09-20@15:00:00,nan,nan,nan
2016-09-20@14:00:00,nan,nan,nan
2016-09-20@11:30:00,nan,nan,nan
2016-09-20@10:30:00,nan,nan,nan
2016-09-19@15:00:00,nan,nan,nan
2016-09-19@14:00:00,nan,nan,nan
2016-09-19@11:30:00,nan,nan,nan
2016-09-19@10:30:00,nan,nan,nan
2016-09-14@15:00:00,nan,nan,nan
2016-09-14@14:00:00,nan,nan,nan
2016-09-14@11:30:00,nan,nan,nan
2016-09-14@10:30:00,nan,nan,nan
2016-09-13@15:00:00,nan,nan,nan
2016-09-13@14:00:00,nan,nan,nan
