Not
2017-03-17@15:00:00,-0.225,0.141,-0.366
2017-03-17@14:00:00,-0.111,0.232,-0.344
2017-03-17@11:30:00,-0.045,0.318,-0.364
2017-03-17@10:30:00,0.064,0.409,-0.345
2017-03-16@15:00:00,0.172,0.496,-0.324
2017-03-16@14:00:00,0.274,0.577,-0.303
2017-03-16@11:30:00,0.397,0.652,-0.256
2017-03-16@10:30:00,0.493,0.716,-0.223
2017-03-15@15:00:00,0.630,0.772,-0.142
2017-03-15@14:00:00,0.660,0.808,-0.148
2017-03-15@11:30:00,0.653,0.845,-0.192
2017-03-15@10:30:00,0.783,0.892,-0.109
2017-03-14@15:00:00,0.937,0.920,0.017
2017-03-14@14:00:00,0.976,0.915,0.060
2017-03-14@11:30:00,0.969,0.900,0.068
2017-03-14@10:30:00,0.965,0.883,0.082
2017-03-13@15:00:00,0.918,0.863,0.055
2017-03-13@14:00:00,0.818,0.849,-0.031
2017-03-13@11:30:00,0.806,0.857,-0.052
2017-03-13@10:30:00,0.780,0.870,-0.090
2017-03-10@15:00:00,0.748,0.892,-0.145
2017-03-10@14:00:00,0.658,0.929,-0.271
2017-03-10@11:30:00,0.644,0.996,-0.352
2017-03-10@10:30:00,0.760,1.084,-0.324
2017-03-09@15:00:00,0.877,1.165,-0.288
2017-03-09@14:00:00,0.867,1.237,-0.370
2017-03-09@11:30:00,0.861,1.330,-0.469
2017-03-09@10:30:00,0.989,1.447,-0.458
2017-03-08@15:00:00,1.088,1.562,-0.474
2017-03-08@14:00:00,1.315,1.680,-0.365
2017-03-08@11:30:00,1.547,1.771,-0.224
2017-03-08@10:30:00,1.797,1.827,-0.031
2017-03-07@15:00:00,2.065,1.835,0.230
2017-03-07@14:00:00,2.185,1.778,0.407
2017-03-07@11:30:00,2.176,1.676,0.500
2017-03-07@10:30:00,2.358,1.551,0.808
2017-03-06@15:00:00,2.144,1.349,0.795
2017-03-06@14:00:00,1.676,1.150,0.526
2017-03-06@11:30:00,1.535,1.019,0.516
2017-03-06@10:30:00,1.448,0.889,0.558
2017-03-03@15:00:00,1.138,0.750,0.389
2017-03-03@14:00:00,0.833,0.653,0.180
2017-03-03@11:30:00,0.747,0.608,0.140
2017-03-03@10:30:00,0.695,0.573,0.123
2017-03-02@15:00:00,0.640,0.542,0.098
2017-03-02@14:00:00,0.633,0.518,0.116
2017-03-02@11:30:00,0.621,0.489,0.133
2017-03-02@10:30:00,0.580,0.455,0.125
2017-03-01@15:00:00,0.550,0.424,0.126
2017-03-01@14:00:00,0.538,0.393,0.145
2017-03-01@11:30:00,0.507,0.356,0.151
2017-03-01@10:30:00,0.456,0.319,0.137
2017-02-28@15:00:00,0.426,0.284,0.142
2017-02-28@14:00:00,0.366,0.249,0.117
2017-02-28@11:30:00,0.342,0.220,0.123
2017-02-28@10:30:00,0.345,0.189,0.156
2017-02-27@15:00:00,0.316,0.150,0.166
2017-02-27@14:00:00,0.298,0.109,0.189
2017-02-27@11:30:00,0.246,0.061,0.185
2017-02-27@10:30:00,0.147,0.015,0.131
2017-02-24@15:00:00,0.079,-0.018,0.097
2017-02-24@14:00:00,0.014,-0.042,0.055
2017-02-24@11:30:00,-0.021,-0.056,0.035
2017-02-24@10:30:00,-0.039,-0.065,0.025
2017-02-23@15:00:00,-0.049,-0.071,0.022
2017-02-23@14:00:00,-0.033,-0.076,0.043
2017-02-23@11:30:00,-0.033,-0.087,0.054
2017-02-23@10:30:00,-0.026,-0.101,0.075
2017-02-22@15:00:00,-0.035,-0.119,0.085
2017-02-22@14:00:00,-0.057,-0.141,0.083
2017-02-22@11:30:00,-0.114,-0.161,0.048
2017-02-22@10:30:00,-0.137,-0.173,0.036
2017-02-21@15:00:00,-0.188,-0.182,-0.006
2017-02-21@14:00:00,-0.243,-0.181,-0.062
2017-02-21@11:30:00,-0.290,-0.166,-0.124
2017-02-21@10:30:00,-0.359,-0.134,-0.224
2017-02-20@15:00:00,-0.412,-0.078,-0.334
2017-02-20@14:00:00,-0.422,0.005,-0.427
2017-02-20@11:30:00,-0.357,0.112,-0.469
2017-02-20@10:30:00,-0.256,0.229,-0.485
2017-02-17@15:00:00,-0.133,0.350,-0.483
2017-02-17@14:00:00,0.007,0.471,-0.464
2017-02-17@11:30:00,0.183,0.587,-0.404
2017-02-17@10:30:00,0.330,0.688,-0.358
2017-02-16@15:00:00,0.415,0.778,-0.362
2017-02-16@14:00:00,0.504,0.868,-0.365
2017-02-16@11:30:00,0.609,0.960,-0.350
2017-02-16@10:30:00,0.735,1.047,-0.312
2017-02-15@15:00:00,0.865,1.125,-0.260
2017-02-15@14:00:00,1.033,1.190,-0.157
2017-02-15@11:30:00,1.105,1.229,-0.125
2017-02-15@10:30:00,1.172,1.260,-0.088
2017-02-14@15:00:00,1.318,1.282,0.036
2017-02-14@14:00:00,1.415,1.273,0.142
2017-02-14@11:30:00,1.467,1.238,0.229
2017-02-14@10:30:00,1.472,1.181,0.291
2017-02-13@15:00:00,1.420,1.108,0.312
2017-02-13@14:00:00,1.365,1.030,0.335
2017-02-13@11:30:00,1.288,0.946,0.342
2017-02-13@10:30:00,1.106,0.861,0.245
2017-02-10@15:00:00,1.053,0.799,0.253
2017-02-10@14:00:00,0.945,0.736,0.209
2017-02-10@11:30:00,0.794,0.684,0.110
2017-02-10@10:30:00,0.858,0.656,0.202
2017-02-09@15:00:00,0.913,0.606,0.307
2017-02-09@14:00:00,0.859,0.529,0.330
2017-02-09@11:30:00,0.823,0.447,0.376
2017-02-09@10:30:00,0.727,0.353,0.374
2017-02-08@15:00:00,0.536,0.259,0.277
2017-02-08@14:00:00,0.415,0.190,0.225
2017-02-08@11:30:00,0.254,0.134,0.121
2017-02-08@10:30:00,0.235,0.104,0.131
2017-02-07@15:00:00,0.208,0.071,0.137
2017-02-07@14:00:00,0.174,0.037,0.138
2017-02-07@11:30:00,0.167,0.002,0.165
2017-02-07@10:30:00,0.156,-0.039,0.195
2017-02-06@15:00:00,0.097,-0.088,0.185
2017-02-06@14:00:00,0.008,-0.134,0.142
2017-02-06@11:30:00,-0.050,-0.170,0.120
2017-02-06@10:30:00,-0.121,-0.199,0.078
2017-02-03@15:00:00,-0.208,-0.219,0.011
2017-02-03@14:00:00,-0.222,-0.222,-0.000
2017-02-03@11:30:00,-0.230,-0.222,-0.009
2017-02-03@10:30:00,-0.241,-0.219,-0.022
2017-01-26@15:00:00,-0.252,-0.214,-0.038
2017-01-26@14:00:00,-0.240,-0.205,-0.035
2017-01-26@11:30:00,-0.216,-0.196,-0.021
2017-01-26@10:30:00,-0.169,-0.191,0.021
2017-01-25@15:00:00,-0.150,-0.196,0.046
2017-01-25@14:00:00,-0.134,-0.207,0.074
2017-01-25@11:30:00,-0.127,-0.226,0.099
2017-01-25@10:30:00,-0.102,-0.251,0.149
2017-01-24@15:00:00,-0.039,-0.288,0.248
2017-01-24@14:00:00,-0.045,-0.350,0.305
2017-01-24@11:30:00,-0.039,-0.426,0.387
2017-01-24@10:30:00,-0.033,-0.523,0.490
2017-01-23@15:00:00,-0.023,-0.645,0.623
2017-01-23@14:00:00,-0.102,-0.801,0.699
2017-01-23@11:30:00,-0.241,-0.976,0.734
2017-01-23@10:30:00,-0.370,-1.159,0.789
2017-01-20@15:00:00,-0.534,-1.357,0.822
2017-01-20@14:00:00,-0.780,-1.562,0.783
2017-01-20@11:30:00,-1.051,-1.758,0.707
2017-01-20@10:30:00,-1.393,-1.935,0.541
2017-01-19@15:00:00,-1.750,-2.070,0.320
2017-01-19@14:00:00,-1.859,-2.150,0.291
2017-01-19@11:30:00,-1.966,-2.223,0.257
2017-01-19@10:30:00,-2.094,-2.287,0.193
2017-01-18@15:00:00,-2.185,-2.335,0.151
2017-01-18@14:00:00,-2.237,-2.373,0.136
2017-01-18@11:30:00,-2.309,-2.407,0.098
2017-01-18@10:30:00,-2.396,-2.432,0.036
2017-01-17@15:00:00,-2.453,-2.441,-0.012
2017-01-17@14:00:00,-2.609,-2.438,-0.171
2017-01-17@11:30:00,-2.769,-2.395,-0.375
2017-01-17@10:30:00,-2.675,-2.301,-0.374
2017-01-16@15:00:00,-2.572,-2.208,-0.364
2017-01-16@14:00:00,-2.463,-2.117,-0.346
2017-01-16@11:30:00,-2.337,-2.030,-0.307
2017-01-16@10:30:00,-2.194,-1.953,-0.240
2017-01-13@15:00:00,-2.020,-1.893,-0.127
2017-01-13@14:00:00,-1.974,-1.861,-0.113
2017-01-13@11:30:00,-1.967,-1.833,-0.134
2017-01-13@10:30:00,-1.962,-1.800,-0.162
2017-01-12@15:00:00,-1.879,-1.759,-0.119
2017-01-12@14:00:00,-1.857,-1.729,-0.128
2017-01-12@11:30:00,-1.845,-1.697,-0.148
2017-01-12@10:30:00,-1.848,-1.660,-0.188
2017-01-11@15:00:00,-1.869,-1.613,-0.256
2017-01-11@14:00:00,-1.821,-1.549,-0.271
2017-01-11@11:30:00,-1.760,-1.482,-0.279
2017-01-11@10:30:00,-1.635,-1.412,-0.223
2017-01-10@15:00:00,-1.495,-1.356,-0.139
2017-01-10@14:00:00,-1.493,-1.322,-0.171
2017-01-10@11:30:00,-1.514,-1.279,-0.235
2017-01-10@10:30:00,-1.517,-1.220,-0.297
2017-01-09@15:00:00,-1.505,-1.146,-0.360
2017-01-09@14:00:00,-1.443,-1.056,-0.387
2017-01-09@11:30:00,-1.345,-0.959,-0.386
2017-01-09@10:30:00,-1.210,-0.863,-0.347
2017-01-06@15:00:00,-0.961,-0.776,-0.185
2017-01-06@14:00:00,-0.843,-0.730,-0.113
2017-01-06@11:30:00,-0.748,-0.701,-0.046
2017-01-06@10:30:00,-0.645,-0.690,0.044
2017-01-05@15:00:00,-0.550,-0.701,0.150
2017-01-05@14:00:00,-0.561,-0.738,0.177
2017-01-05@11:30:00,-0.614,-0.782,0.168
2017-01-05@10:30:00,-0.651,-0.824,0.174
2017-01-04@15:00:00,-0.695,-0.868,0.173
2017-01-04@14:00:00,-0.785,-0.911,0.126
2017-01-04@11:30:00,-0.893,-0.943,0.050
2017-01-04@10:30:00,-0.975,-0.955,-0.020
2017-01-03@15:00:00,-1.027,-0.950,-0.077
2017-01-03@14:00:00,-1.058,-0.931,-0.127
2017-01-03@11:30:00,-1.068,-0.899,-0.169
2017-01-03@10:30:00,-1.045,-0.857,-0.188
2016-12-30@15:00:00,-1.057,-0.810,-0.247
2016-12-30@14:00:00,-0.979,-0.748,-0.231
2016-12-30@11:30:00,-0.907,-0.691,-0.217
2016-12-30@10:30:00,-0.795,-0.636,-0.159
2016-12-29@15:00:00,-0.720,-0.597,-0.123
2016-12-29@14:00:00,-0.643,-0.566,-0.077
2016-12-29@11:30:00,-0.607,-0.547,-0.060
2016-12-29@10:30:00,-0.598,-0.532,-0.066
2016-12-28@15:00:00,-0.588,-0.515,-0.073
2016-12-28@14:00:00,-0.586,-0.497,-0.089
2016-12-28@11:30:00,-0.584,-0.475,-0.109
2016-12-28@10:30:00,-0.552,-0.448,-0.105
2016-12-27@15:00:00,-0.496,-0.421,-0.075
2016-12-27@14:00:00,-0.425,-0.403,-0.022
2016-12-27@11:30:00,-0.402,-0.397,-0.005
2016-12-27@10:30:00,-0.402,-0.396,-0.006
2016-12-26@15:00:00,-0.389,-0.394,0.005
2016-12-26@14:00:00,-0.437,-0.396,-0.042
2016-12-26@11:30:00,-0.552,-0.385,-0.167
2016-12-26@10:30:00,-0.700,-0.343,-0.356
2016-12-23@15:00:00,-0.637,-0.254,-0.383
2016-12-23@14:00:00,-0.580,-0.159,-0.421
2016-12-23@11:30:00,-0.474,-0.053,-0.420
2016-12-23@10:30:00,-0.337,0.052,-0.388
2016-12-22@15:00:00,-0.046,0.149,-0.195
2016-12-22@14:00:00,0.073,0.198,-0.125
2016-12-22@11:30:00,0.101,0.229,-0.128
2016-12-22@10:30:00,0.113,0.261,-0.147
2016-12-21@15:00:00,0.173,0.298,-0.125
2016-12-21@14:00:00,0.230,0.329,-0.099
2016-12-21@11:30:00,0.298,0.354,-0.056
2016-12-21@10:30:00,0.344,0.368,-0.023
2016-12-20@15:00:00,0.387,0.374,0.013
2016-12-20@14:00:00,0.419,0.370,0.049
2016-12-20@11:30:00,0.463,0.358,0.105
2016-12-20@10:30:00,0.487,0.332,0.155
2016-12-19@15:00:00,0.493,0.293,0.200
2016-12-19@14:00:00,0.499,0.243,0.256
2016-12-19@11:30:00,0.470,0.179,0.291
2016-12-19@10:30:00,0.439,0.107,0.333
2016-12-16@15:00:00,0.421,0.023,0.398
2016-12-16@14:00:00,0.380,-0.076,0.456
2016-12-16@11:30:00,0.335,-0.190,0.525
2016-12-16@10:30:00,0.307,-0.321,0.628
2016-12-15@15:00:00,0.259,-0.478,0.737
2016-12-15@14:00:00,0.055,-0.663,0.718
2016-12-15@11:30:00,-0.148,-0.842,0.693
2016-12-15@10:30:00,-0.408,-1.015,0.607
2016-12-14@15:00:00,-0.714,-1.167,0.453
2016-12-14@14:00:00,-1.057,-1.280,0.223
2016-12-14@11:30:00,-1.481,-1.336,-0.145
2016-12-14@10:30:00,-1.696,-1.300,-0.396
2016-12-13@15:00:00,-1.624,-1.201,-0.423
2016-12-13@14:00:00,-1.616,-1.095,-0.520
2016-12-13@11:30:00,-1.586,-0.965,-0.621
2016-12-13@10:30:00,-1.512,-0.810,-0.703
2016-12-12@15:00:00,-1.368,-0.634,-0.734
2016-12-12@14:00:00,-1.166,-0.451,-0.716
2016-12-12@11:30:00,-0.828,-0.272,-0.557
2016-12-12@10:30:00,-0.592,-0.133,-0.459
2016-12-09@15:00:00,-0.342,-0.018,-0.324
2016-12-09@14:00:00,-0.208,0.063,-0.271
2016-12-09@11:30:00,-0.086,0.131,-0.217
2016-12-09@10:30:00,0.052,0.185,-0.134
2016-12-08@15:00:00,0.142,0.219,-0.076
2016-12-08@14:00:00,0.193,0.238,-0.045
2016-12-08@11:30:00,0.173,0.249,-0.076
2016-12-08@10:30:00,0.119,0.268,-0.149
2016-12-07@15:00:00,0.035,0.305,-0.270
2016-12-07@14:00:00,-0.033,0.373,-0.406
2016-12-07@11:30:00,-0.035,0.474,-0.509
2016-12-07@10:30:00,0.064,0.602,-0.538
2016-12-06@15:00:00,0.232,0.736,-0.505
2016-12-06@14:00:00,0.342,0.862,-0.521
2016-12-06@11:30:00,0.402,0.992,-0.591
2016-12-06@10:30:00,0.555,1.140,-0.585
2016-12-05@15:00:00,0.727,1.286,-0.559
2016-12-05@14:00:00,0.944,1.426,-0.482
2016-12-05@11:30:00,1.146,1.547,-0.400
2016-12-05@10:30:00,1.358,1.647,-0.289
2016-12-02@15:00:00,1.545,1.719,-0.173
2016-12-02@14:00:00,1.721,1.762,-0.041
2016-12-02@11:30:00,1.898,1.773,0.125
2016-12-02@10:30:00,2.143,1.741,0.401
2016-12-01@15:00:00,2.231,1.641,0.590
2016-12-01@14:00:00,2.191,1.493,0.698
2016-12-01@11:30:00,2.082,1.319,0.763
2016-12-01@10:30:00,1.838,1.128,0.710
2016-11-30@15:00:00,1.620,0.951,0.670
2016-11-30@14:00:00,1.426,0.783,0.643
2016-11-30@11:30:00,1.121,0.623,0.498
2016-11-30@10:30:00,0.765,0.498,0.267
2016-10-13@15:00:00,0.213,0.431,-0.219
2016-10-13@14:00:00,0.294,0.486,-0.192
2016-10-13@11:30:00,0.354,0.534,-0.180
2016-10-13@10:30:00,0.420,0.579,-0.160
2016-10-12@15:00:00,0.532,0.619,-0.087
2016-10-12@14:00:00,0.588,0.641,-0.053
2016-10-12@11:30:00,0.669,0.654,0.015
2016-10-12@10:30:00,0.739,0.650,0.089
2016-10-11@15:00:00,0.770,0.628,0.143
2016-10-11@14:00:00,0.797,0.592,0.204
2016-10-11@11:30:00,0.808,0.541,0.267
2016-10-11@10:30:00,0.802,0.474,0.328
2016-10-10@15:00:00,0.820,0.392,0.427
2016-10-10@14:00:00,0.667,0.286,0.382
2016-10-10@11:30:00,0.574,0.190,0.384
2016-10-10@10:30:00,0.463,0.094,0.369
2016-09-30@15:00:00,0.526,0.002,0.524
2016-09-30@14:00:00,0.479,-0.129,0.608
2016-09-30@11:30:00,0.417,-0.281,0.698
2016-09-30@10:30:00,0.354,-0.456,0.810
2016-09-29@15:00:00,0.117,-0.658,0.776
2016-09-29@14:00:00,-0.182,-0.852,0.670
2016-09-29@11:30:00,-0.562,-1.020,0.459
2016-09-29@10:30:00,-0.859,-1.135,0.275
2016-09-28@15:00:00,-1.056,-1.203,0.147
2016-09-28@14:00:00,-1.132,-1.240,0.108
2016-09-28@11:30:00,-1.279,-1.267,-0.011
2016-09-28@10:30:00,-1.377,-1.264,-0.113
2016-09-27@15:00:00,-1.445,-1.236,-0.208
2016-09-27@14:00:00,nan,nan,nan
2016-09-27@11:30:00,nan,nan,nan
2016-09-27@10:30:00,nan,nan,nan
2016-09-26@15:00:00,nan,nan,nan
2016-09-26@14:00:00,nan,nan,nan
2016-09-26@11:30:00,nan,nan,nan
2016-09-26@10:30:00,nan,nan,nan
2016-09-23@15:00:00,nan,nan,nan
2016-09-23@14:00:00,nan,nan,nan
2016-09-23@11:30:00,nan,nan,nan
2016-09-23@10:30:00,nan,nan,nan
2016-09-22@15:00:00,nan,nan,nan
2016-09-22@14:00:00,nan,nan,nan
2016-09-22@11:30:00,nan,nan,nan
2016-09-22@10:30:00,nan,nan,nan
2016-09-21@15:00:00,nan,nan,nan
2016-09-21@14:00:00,nan,nan,nan
2016-09-21@11:30:00,nan,nan,nan
2016-09-21@10:30:00,nan,nan,nan
2016-09-20@15:00:00,nan,nan,nan
2016-09-20@14:00:00,nan,nan,nan
2016-09-20@11:30:00,nan,nan,nan
2016-09-20@10:30:00,nan,nan,nan
2016-09-19@15:00:00,nan,nan,nan
2016-09-19@14:00:00,nan,nan,nan
2016-09-19@11:30:00,nan,nan,nan
2016-09-19@10:30:00,nan,nan,nan
2016-09-14@15:00:00,nan,nan,nan
2016-09-14@14:00:00,nan,nan,nan
2016-09-14@11:30:00,nan,nan,nan
2016-09-14@10:30:00,nan,nan,nan
2016-09-13@15:00:00,nan,nan,nan
2016-09-13@14:00:00,nan,nan,nan
