Not
2017-06-30,-4.757,-3.365,-1.392
2017-06-23,-4.573,-3.017,-1.555
2017-06-16,-4.285,-2.629,-1.656
2017-06-09,-3.989,-2.215,-1.774
2017-06-02,-3.552,-1.771,-1.781
2017-05-26,-2.541,-1.326,-1.216
2017-05-19,-1.554,-1.022,-0.532
2017-05-12,-1.595,-0.889,-0.706
2017-05-05,-1.441,-0.712,-0.729
2017-04-28,-1.193,-0.530,-0.663
2017-04-21,-0.997,-0.364,-0.633
2017-04-14,-0.716,-0.206,-0.510
2017-04-07,-0.755,-0.079,-0.676
2017-03-31,-0.549,0.091,-0.639
2017-03-24,-0.136,0.250,-0.387
2017-03-17,-0.131,0.347,-0.478
2017-03-10,-0.223,0.467,-0.690
2017-03-03,-0.638,0.639,-1.277
2017-02-24,nan,nan,nan
2017-02-17,nan,nan,nan
2017-02-10,nan,nan,nan
2017-02-03,nan,nan,nan
2017-01-26,nan,nan,nan
2017-01-20,nan,nan,nan
2017-01-13,nan,nan,nan
2017-01-06,nan,nan,nan
2016-12-30,nan,nan,nan
2016-12-23,nan,nan,nan
2016-12-16,nan,nan,nan
2016-12-09,nan,nan,nan
2016-12-02,nan,nan,nan
2016-11-25,nan,nan,nan
2016-11-18,nan,nan,nan
2016-11-11,nan,nan,nan
2016-11-04,nan,nan,nan
2016-10-28,nan,nan,nan
2016-10-21,nan,nan,nan
2016-10-14,nan,nan,nan
2016-09-30,nan,nan,nan
2016-09-23,nan,nan,nan
2016-09-14,nan,nan,nan
2016-09-09,nan,nan,nan
2016-09-02,nan,nan,nan
2016-08-26,nan,nan,nan
2016-08-19,nan,nan,nan
2016-08-12,nan,nan,nan
2016-08-05,nan,nan,nan
2016-07-29,nan,nan,nan
2016-07-22,nan,nan,nan
2016-07-15,nan,nan,nan
2016-07-08,nan,nan,nan
