date,open,high,close,low,volume,price_change,p_change,ma5,ma10,ma20,v_ma5,v_ma10,v_ma20,turnover
2017-01-06 15:00:00,47.17,47.8,47.75,47.1,8948.31,0.58,1.23,47.682,47.375,47.408,4573.68,6024.31,4449.06,3.58
2017-01-06 14:30:00,47.65,47.67,47.16,47.07,3293.56,-0.49,-1.03,47.768,47.329,47.404,5731.52,5278.58,4148.01,1.32
2017-01-06 14:00:00,47.78,47.88,47.65,47.4,3047.48,-0.13,-0.27,47.72,47.342,47.4215,6540.4,5090.0,4096.88,1.22
2017-01-06 13:30:00,47.92,48.12,47.88,47.62,3461.21,-0.04,-0.08,47.47,47.302,47.419,7278.04,4942.68,4096.46,1.38
2017-01-06 11:30:00,48.15,48.3,47.97,47.82,4117.84,-0.18,-0.37,47.262,47.233,47.3965,7577.3,5068.08,4445.48,1.65
2017-01-06 11:00:00,46.91,48.8,48.18,46.9,14737.5,1.27,2.71,47.068,47.175,47.4135,7474.95,4906.55,4495.15,5.9
2017-01-06 10:30:00,46.4,47.16,46.92,46.25,7337.95,0.52,1.12,46.89,47.1,47.4305,4825.63,3964.3,4204.41,2.94
2017-01-06 10:00:00,46.82,47.15,46.4,45.99,6735.7,-0.42,-0.9,46.964,47.16,47.497,3639.61,3688.6,4281.08,2.69
2017-01-05 15:00:00,47.0,47.1,46.84,46.55,4957.52,-0.16,-0.34,47.134,47.274,47.5415,2607.32,3273.79,4037.93,1.98
2017-01-05 14:30:00,47.3,47.35,47.0,46.9,3606.07,-0.3,-0.63,47.204,47.355,47.566,2558.86,2986.63,3902.63,1.44
2017-01-05 14:00:00,47.29,47.3,47.29,47.15,1490.92,0.0,0.0,47.282,47.441,47.5695,2338.16,2873.8,3902.11,0.6
2017-01-05 13:30:00,47.37,47.38,47.29,47.07,1407.84,-0.08,-0.17,47.31,47.479,47.5605,3102.96,3017.44,4041.03,0.56
2017-01-05 11:30:00,47.19,47.46,47.25,47.19,1574.24,0.06,0.13,47.356,47.501,47.5685,3737.59,3103.76,4360.26,0.63
2017-01-05 11:00:00,47.39,47.39,47.19,46.91,4715.25,-0.2,-0.42,47.414,47.536,47.555,3940.26,3250.23,4537.66,1.89
2017-01-05 10:30:00,47.45,47.61,47.39,47.35,2502.54,-0.06,-0.13,47.506,47.56,47.5505,3414.39,3822.88,4497.0,1.0
2017-01-05 10:00:00,47.55,47.75,47.43,47.33,5314.92,-0.12,-0.25,47.6,47.652,47.562,3409.45,4083.76,4559.24,2.13
2017-01-04 15:00:00,47.54,47.55,47.52,47.35,4581.01,-0.02,-0.04,47.648,47.761,47.563,2931.93,4444.53,4518.96,1.83
2017-01-04 14:30:00,47.65,47.86,47.54,47.51,2587.56,-0.11,-0.23,47.646,47.834,47.5435,2469.92,4873.56,4487.33,1.04
2017-01-04 14:00:00,47.85,47.85,47.65,47.6,2085.92,-0.2,-0.42,47.658,47.809,47.5165,2560.21,4802.08,4637.63,0.83
2017-01-04 13:30:00,47.6,47.87,47.86,47.42,2477.83,0.26,0.55,47.614,47.777,47.4785,4231.37,4818.63,5169.15,0.99
2017-01-04 11:30:00,47.5,47.67,47.67,47.39,2927.33,0.17,0.36,47.704,47.698,47.408,4758.06,4930.42,5366.49,1.17
2017-01-04 11:00:00,47.65,47.74,47.51,47.47,2270.97,-0.14,-0.29,47.874,47.642,47.357,5957.14,5064.62,5685.78,0.91
2017-01-04 10:30:00,47.41,47.68,47.6,47.38,3039.01,0.19,0.4,48.022,47.636,47.321,7277.19,5616.77,5750.73,1.22
2017-01-04 10:00:00,48.08,48.27,47.43,47.21,10441.7,-0.65,-1.35,47.96,47.574,47.274,7043.95,5825.1,5782.29,4.18
2017-01-03 15:00:00,48.51,48.64,48.31,48.16,5111.3,-0.2,-0.41,47.94,47.541,47.2475,5405.89,5171.12,5726.01,2.04
2017-01-03 14:30:00,48.15,48.87,48.52,48.02,8922.7,0.37,0.77,47.692,47.472,47.1545,5102.77,5034.72,5679.53,3.57
2017-01-03 14:00:00,47.3,48.45,48.25,47.3,8871.25,0.95,2.01,47.41,47.365,47.0375,4172.11,4593.39,5514.46,3.55
2017-01-03 13:30:00,47.34,47.46,47.29,47.29,1872.8,-0.05,-0.11,47.25,47.253,46.926,3956.34,4101.1,5230.47,0.75
2017-01-03 11:30:00,47.04,47.33,47.33,46.99,2251.38,0.29,0.62,47.188,47.224,46.8565,4606.24,4473.18,5445.19,0.9
2017-01-03 11:00:00,47.11,47.17,47.07,46.92,3595.73,-0.04,-0.08,47.142,47.18,46.768,4936.34,5519.68,5631.1,1.44
2017-01-03 10:30:00,47.45,47.47,47.11,47.1,4269.37,-0.34,-0.72,47.252,47.118,46.7295,4966.67,5802.56,5570.95,1.71
2017-01-03 10:00:00,46.95,47.64,47.45,46.9,7792.42,0.5,1.06,47.32,47.072,46.6885,5014.67,6306.95,5497.86,3.12
2016-12-30 15:00:00,47.11,47.11,46.98,46.75,5122.31,-0.13,-0.28,47.256,47.006,46.636,4245.85,5884.7,5217.94,2.05
2016-12-30 14:30:00,47.62,47.62,47.1,47.08,3901.89,-0.52,-1.09,47.26,46.974,46.602,4340.13,5739.48,5125.33,1.56
2016-12-30 14:00:00,47.44,47.75,47.62,47.22,3747.36,0.18,0.38,47.218,46.954,46.5565,6103.01,6280.9,5169.56,1.5
2016-12-30 13:30:00,47.13,47.47,47.45,47.03,4509.39,0.32,0.68,46.984,46.837,46.469,6638.44,6324.33,5371.14,1.8
2016-12-30 11:30:00,47.0,47.18,47.13,46.8,3948.31,0.13,0.28,46.824,46.71,46.3845,7599.22,6435.54,5640.45,1.58
2016-12-30 11:00:00,46.93,47.12,47.0,46.63,5593.69,0.07,0.15,46.756,46.599,46.363,7523.55,6359.84,5747.98,2.24
2016-12-30 10:30:00,46.47,46.93,46.89,46.46,12716.3,0.42,0.9,46.688,46.489,46.356,7138.83,6417.19,5727.46,5.09
2016-12-30 10:00:00,46.47,46.94,46.45,46.44,6424.52,-0.02,-0.04,46.69,46.356,46.3315,6458.79,5742.52,5281.34,2.57
2016-12-29 15:00:00,46.79,46.79,46.65,46.34,9313.28,-0.14,-0.3,46.69,46.341,46.335,6010.22,5339.34,5063.85,3.73
2016-12-29 14:30:00,46.67,46.9,46.79,46.61,3569.94,0.12,0.26,46.596,46.305,46.326,5271.85,4688.77,4701.06,1.43
2016-12-29 14:00:00,46.9,46.95,46.66,46.56,3670.08,-0.24,-0.51,46.442,46.266,46.315,5196.13,4551.18,4636.47,1.47
2016-12-29 13:30:00,46.45,47.16,46.9,46.32,9316.15,0.45,0.97,46.29,46.23,46.315,5695.56,4511.19,4842.2,3.73
2016-12-29 11:30:00,46.18,46.51,46.45,46.01,4181.64,0.27,0.58,46.022,46.159,46.319,5026.25,4058.21,5045.91,1.67
2016-12-29 11:00:00,46.02,46.29,46.18,45.62,5621.45,0.16,0.35,45.992,46.101,46.3395,4668.46,4417.94,5246.75,2.25
2016-12-29 10:30:00,45.9,46.14,46.02,45.84,3191.33,0.12,0.26,46.014,46.059,46.3755,4105.69,4845.36,5242.8,1.28
2016-12-29 10:00:00,45.6,46.29,45.9,45.22,6167.22,0.3,0.66,46.09,46.127,46.4015,3906.24,5136.11,5218.39,2.47
2016-12-28 15:00:00,46.31,46.35,45.56,45.5,5969.59,-0.75,-1.62,46.17,46.223,46.438,3326.82,5037.72,5014.16,2.39
2016-12-28 14:30:00,46.29,46.48,46.3,46.22,2392.72,0.01,0.02,46.296,46.307,46.487,3090.18,4820.17,5105.09,0.96
2016-12-28 14:00:00,46.4,46.41,46.29,46.0,2807.61,-0.11,-0.24,46.21,46.329,46.4665,4167.42,4788.36,5189.43,1.12
2016-12-28 13:30:00,46.3,46.46,46.4,46.28,2194.05,0.1,0.22,46.104,46.347,46.438,5585.03,4713.36,5302.88,0.88
2016-12-28 11:30:00,46.19,46.39,46.3,46.16,3270.13,0.11,0.24,46.164,46.364,46.3815,6365.99,4721.76,6110.75,1.31
2016-12-28 11:00:00,45.87,46.27,46.19,45.86,4786.37,0.32,0.7,46.276,46.4,46.409,6748.61,5173.21,6422.81,1.91
2016-12-28 10:30:00,45.88,45.98,45.87,45.48,7778.96,-0.01,-0.02,46.318,46.479,46.4465,6550.16,6033.61,6672.33,3.11
2016-12-28 10:00:00,46.51,46.7,45.76,45.71,9895.65,-0.75,-1.61,46.448,46.578,46.5205,5409.31,6075.56,6638.63,3.96
2016-12-27 15:00:00,46.86,47.2,46.7,46.56,6098.84,-0.16,-0.34,46.59,46.692,46.64,3841.68,5640.24,6461.14,2.44
2016-12-27 14:30:00,46.41,46.95,46.86,46.3,5183.24,0.45,0.97,46.564,46.676,46.734,3077.53,5300.67,6502.73,2.07
2016-12-27 14:00:00,46.52,46.52,46.4,46.2,3794.12,-0.12,-0.26,46.524,46.653,46.8355,3597.81,4990.61,6577.43,1.52
2016-12-27 13:30:00,46.48,46.71,46.52,46.4,2074.68,0.04,0.09,46.64,46.667,46.964,5517.07,5390.02,7105.96,0.83
2016-12-27 11:30:00,46.57,46.82,46.47,46.37,2057.53,-0.1,-0.21,46.708,46.604,47.12,6741.82,5590.5,8200.26,0.82
2016-12-27 11:00:00,46.55,46.66,46.57,46.26,2278.09,0.02,0.04,46.794,46.529,47.368,7438.8,5892.4,8787.44,0.91
2016-12-27 10:30:00,46.98,47.15,46.66,46.13,7784.63,-0.32,-0.68,46.788,46.399,47.6355,7523.81,7499.74,9028.07,3.11
2016-12-27 10:00:00,46.5,47.49,46.98,46.42,13390.4,0.48,1.03,46.782,46.418,47.8785,6383.41,7672.42,9087.3,5.36
2016-12-26 15:00:00,46.9,46.95,46.86,46.6,8198.45,-0.04,-0.09,46.694,46.414,48.101,5262.97,7311.05,8786.7,3.28
2016-12-26 14:30:00,46.53,47.39,46.9,46.52,5542.44,0.37,0.8,46.5,46.463,48.3835,4439.18,7201.69,8602.71,2.22
2016-12-26 14:00:00,46.63,46.63,46.54,46.3,2703.11,-0.09,-0.19,46.264,46.588,48.6985,4346.01,7282.04,8686.93,1.08
2016-12-26 13:30:00,46.54,46.7,46.63,46.21,2082.61,0.09,0.19,46.01,46.792,48.9965,7475.68,7704.79,9161.06,0.83
2016-12-26 11:30:00,45.89,46.88,46.54,45.89,7788.25,0.65,1.42,46.054,47.018,49.321,8961.43,8164.25,11036.5,3.12
2016-12-26 11:00:00,45.72,45.96,45.89,45.3,4079.51,0.17,0.37,46.134,47.261,49.7455,9359.14,8821.89,10802.7,1.63
2016-12-26 10:30:00,45.27,45.9,45.72,45.27,5076.55,0.45,0.99,46.426,47.636,50.2025,9964.2,10810.0,11443.4,2.03
2016-12-26 10:00:00,46.0,46.0,45.27,44.56,18351.5,-0.73,-1.59,46.912,48.207,50.7105,10218.1,11682.5,11627.5,7.34
2016-12-23 15:00:00,46.98,47.47,46.85,46.82,9511.36,-0.13,-0.28,47.574,48.872,51.294,7933.89,10556.4,10946.5,3.8
2016-12-23 14:30:00,47.35,47.6,46.94,46.54,9776.76,-0.41,-0.87,47.982,49.339,51.8125,7367.06,10502.2,10699.2,3.91
2016-12-23 14:00:00,48.12,48.5,47.35,47.17,7104.81,-0.77,-1.6,48.388,49.788,52.3155,8284.65,10262.3,10911.0,2.84
2016-12-23 13:30:00,48.51,48.65,48.15,48.02,6345.92,-0.36,-0.74,48.846,50.304,52.809,11655.8,10003.7,11353.2,2.54
2016-12-23 11:30:00,48.89,48.99,48.58,48.38,6930.61,-0.31,-0.63,49.502,50.809,53.264,13146.9,10091.8,14117.0,2.77
2016-12-23 11:00:00,48.91,49.48,48.89,48.62,6677.2,-0.02,-0.04,50.17,51.201,53.892,13178.9,10617.3,13771.8,2.67
2016-12-23 10:30:00,49.63,49.79,48.97,48.84,14364.7,-0.66,-1.33,50.696,51.624,54.5045,13637.3,13908.8,13439.0,5.75
2016-12-23 10:00:00,50.61,50.98,49.64,49.28,23960.7,-0.97,-1.92,51.188,52.23,55.113,12240.0,12783.6,12721.5,9.58
2016-12-22 15:00:00,51.93,51.93,51.43,51.3,13801.1,-0.5,-0.96,51.762,52.769,55.688,8351.64,12076.7,11524.0,5.52
2016-12-22 14:30:00,51.52,51.99,51.92,51.47,7090.75,0.4,0.78,52.116,53.214,56.1735,7036.8,11572.6,10835.3,2.84
2016-12-22 14:00:00,51.4,51.91,51.52,51.3,8969.3,0.12,0.23,52.232,53.716,56.6345,8055.79,11336.6,10481.6,3.59
2016-12-22 13:30:00,52.7,52.75,51.43,51.43,7378.27,-1.27,-2.41,52.552,54.286,57.1155,14180.2,10896.2,10035.8,2.95
2016-12-22 11:30:00,53.18,53.4,52.51,52.51,4518.79,-0.67,-1.26,53.272,54.843,57.601,13327.2,11559.6,9697.69,1.81
2016-12-22 11:00:00,52.58,53.9,53.2,52.07,7226.89,0.62,1.18,53.776,55.314,57.7545,15801.8,12702.6,9472.47,2.89
2016-12-22 10:30:00,53.01,54.23,52.5,52.15,12185.7,-0.51,-0.96,54.312,55.719,57.8735,16108.3,18142.2,9111.73,4.87
2016-12-22 10:00:00,52.32,54.68,53.12,50.9,39591.5,0.8,1.53,55.2,56.583,58.0275,14617.4,16926.3,8502.79,15.84
2016-12-21 15:00:00,55.03,55.03,55.03,55.03,3113.0,0.0,0.0,56.02,57.385,58.1505,7612.27,12969.3,6523.77,1.25
2016-12-21 14:30:00,55.9,55.9,55.03,55.03,16891.9,-0.87,-1.56,56.414,57.996,58.178,9792.03,12659.5,6368.52,6.76
2016-12-21 14:00:00,56.94,56.98,55.88,55.88,8759.54,-1.06,-1.86,56.852,58.607,58.2055,9603.37,10971.3,5524.67,3.5
2016-12-21 13:30:00,57.21,57.28,56.94,56.8,4730.93,-0.27,-0.47,57.126,59.133,58.1905,20176.0,10098.0,5064.94,1.89
2016-12-21 11:30:00,57.0,57.8,57.22,57.0,4565.96,0.22,0.39,57.966,59.553,57.87,19235.2,9626.57,4878.72,1.83
2016-12-21 11:00:00,57.24,59.97,57.0,57.0,14011.8,-0.24,-0.42,58.75,59.945,57.5355,18326.3,9175.43,4652.5,5.6
2016-12-21 10:30:00,57.26,57.26,57.22,56.66,15948.6,-0.04,-0.07,59.578,60.359,57.212,15526.9,7835.78,3953.44,6.38
2016-12-21 10:00:00,58.63,59.52,57.25,56.2,61622.6,-1.38,-2.35,60.362,60.195,56.8775,12339.2,6242.36,3156.36,24.65
2016-12-20 15:00:00,61.14,61.14,61.14,61.14,27.0,0.0,0.0,61.14,60.028,56.5415,20.05,81.3,79.78,0.01
2016-12-20 14:30:00,61.14,61.14,61.14,61.14,21.46,0.0,0.0,61.14,59.472,56.011,17.94,79.3,81.28,0.01
2016-12-20 14:00:00,61.14,61.14,61.14,61.14,15.0,0.0,0.0,61.14,58.916,55.4805,24.57,78.25,83.88,0.01
2016-12-20 13:30:00,61.14,61.14,61.14,61.14,10.0,0.0,0.0,61.14,58.36,54.95,144.62,77.55,86.95,0.0
2016-12-20 11:30:00,61.14,61.14,61.14,61.14,26.78,0.0,0.0,60.028,57.804,54.4195,145.51,78.05,117.92,0.01
2016-12-20 11:00:00,61.14,61.14,61.14,61.14,16.46,0.0,0.0,58.916,57.248,53.6595,142.55,31.86,116.93,0.01
2016-12-20 10:30:00,61.14,61.14,61.14,61.14,54.61,0.0,0.0,57.804,56.187,52.8995,140.66,130.87,116.11,0.02
2016-12-20 10:00:00,61.14,61.14,61.14,61.14,615.25,0.0,0.0,56.692,55.126,52.1395,131.94,129.58,113.38,0.25
2016-12-19 15:00:00,55.58,55.58,55.58,55.58,14.44,0.0,0.0,55.58,54.065,51.3795,10.49,71.1,82.77,0.01
2016-12-19 14:30:00,55.58,55.58,55.58,55.58,12.0,0.0,0.0,55.58,53.56,50.8975,10.6,70.35,82.55,0.0
2016-12-19 14:00:00,55.58,55.58,55.58,55.58,7.0,0.0,0.0,55.58,53.055,50.4155,-78.83,78.25,82.0,0.0
2016-12-19 13:30:00,55.58,55.58,55.58,55.58,11.0,0.0,0.0,54.57,52.55,49.9335,121.08,83.25,82.49,0.0
2016-12-19 11:30:00,55.58,55.58,55.58,55.58,8.0,0.0,0.0,53.56,52.045,49.4515,127.21,89.5,90.88,0.0
2016-12-19 11:00:00,55.58,55.58,55.58,55.58,15.0,0.0,0.0,52.55,51.54,48.7605,131.71,96.35,92.91,0.01
2016-12-19 10:30:00,50.53,55.58,55.58,50.53,-435.15,5.05,9.99,51.54,51.035,48.0695,130.11,157.79,92.86,-0.17
2016-12-19 10:00:00,50.53,50.53,50.53,50.53,1006.53,0.0,0.0,50.53,50.071,47.3785,235.34,202.01,114.61,0.4
2016-12-16 15:00:00,50.53,50.53,50.53,50.53,41.69,0.0,0.0,50.53,49.612,46.94,45.43,101.35,64.54,0.02
2016-12-16 14:30:00,50.53,50.53,50.53,50.53,30.46,0.0,0.0,50.53,49.153,46.5015,51.78,97.18,62.85,0.01
2016-12-16 14:00:00,50.53,50.53,50.53,50.53,7.0,0.0,0.0,50.53,48.694,46.063,60.98,94.44,62.2,0.0
2016-12-16 13:30:00,50.53,50.53,50.53,50.53,91.0,0.0,0.0,50.53,48.235,45.6245,185.48,94.74,62.45,0.04
2016-12-16 11:30:00,50.53,50.53,50.53,50.53,57.0,0.0,0.0,49.612,47.776,45.186,168.68,85.74,68.6,0.02
2016-12-16 11:00:00,50.53,50.53,50.53,50.53,73.46,0.0,0.0,48.694,47.317,44.5575,157.28,81.73,66.1,0.03
2016-12-16 10:30:00,50.53,50.53,50.53,50.53,76.46,0.0,0.0,47.776,46.858,43.929,142.58,92.27,62.48,0.03
2016-12-16 10:00:00,50.53,50.53,50.53,50.53,629.46,0.0,0.0,46.858,45.981,43.3005,127.89,89.47,58.66,0.25
2016-12-15 15:00:00,45.94,45.94,45.94,45.94,7.0,0.0,0.0,45.94,45.104,42.672,4.0,27.92,27.68,0.0
2016-12-15 14:30:00,45.94,45.94,45.94,45.94,0.0,0.0,0.0,45.94,44.686,42.273,2.8,27.22,27.33,0.0
2016-12-15 14:00:00,45.94,45.94,45.94,45.94,0.0,0.0,0.0,45.94,44.268,41.874,6.18,27.72,27.78,0.0
2016-12-15 13:30:00,45.94,45.94,45.94,45.94,3.0,0.0,0.0,45.94,43.85,41.475,41.95,28.52,29.1,0.0
2016-12-15 11:30:00,45.94,45.94,45.94,45.94,10.0,0.0,0.0,45.104,43.432,41.076,51.04,29.97,50.92,0.0
2016-12-15 11:00:00,45.94,45.94,45.94,45.94,1.0,0.0,0.0,44.268,43.014,40.5045,51.84,30.17,52.57,0.0
2016-12-15 10:30:00,45.94,45.94,45.94,45.94,16.89,0.0,0.0,43.432,42.596,39.933,51.64,51.47,53.47,0.01
2016-12-15 10:00:00,45.94,45.94,45.94,45.94,178.85,0.0,0.0,42.596,41.798,39.3615,49.26,50.48,53.48,0.07
2016-12-14 15:00:00,41.76,41.76,41.76,41.76,48.46,0.0,0.0,41.76,41.0,38.79,15.09,32.69,45.83,0.02
2016-12-14 14:30:00,41.76,41.76,41.76,41.76,14.0,0.0,0.0,41.76,40.62,38.4275,8.89,27.85,43.69,0.01
2016-12-14 14:00:00,41.76,41.76,41.76,41.76,0.0,0.0,0.0,41.76,40.24,38.065,8.49,27.45,43.61,0.0
2016-12-14 13:30:00,41.76,41.76,41.76,41.76,5.0,0.0,0.0,41.76,39.86,37.7025,51.29,27.45,46.76,0.0
2016-12-14 11:30:00,41.76,41.76,41.76,41.76,8.0,0.0,0.0,41.0,39.48,37.34,51.69,27.85,51.95,0.0
2016-12-14 11:00:00,41.76,41.76,41.76,41.76,17.46,0.0,0.0,40.24,39.1,36.8205,50.29,29.68,52.05,0.01
2016-12-14 10:30:00,41.76,41.76,41.76,41.76,12.0,0.0,0.0,39.48,38.72,36.301,46.8,71.87,51.42,0.0
2016-12-14 10:00:00,41.76,41.76,41.76,41.76,214.0,0.0,0.0,38.72,37.995,35.7815,46.4,74.97,51.07,0.09
2016-12-13 15:00:00,37.96,37.96,37.96,37.96,7.0,0.0,0.0,37.96,37.27,35.262,3.6,55.47,40.42,0.0
2016-12-13 14:30:00,37.96,37.96,37.96,37.96,1.0,0.0,0.0,37.96,36.925,34.9325,4.0,56.47,40.64,0.0
2016-12-13 14:00:00,37.96,37.96,37.96,37.96,0.0,0.0,0.0,37.96,36.58,34.603,9.07,58.97,41.14,0.0
2016-12-13 13:30:00,37.96,37.96,37.96,37.96,10.0,0.0,0.0,37.96,36.235,34.2735,96.95,59.54,42.24,0.0
2016-12-13 11:30:00,37.96,37.96,37.96,37.96,0.0,0.0,0.0,37.27,35.89,33.944,103.55,59.78,46.34,0.0
2016-12-13 11:00:00,37.96,37.96,37.96,37.96,9.0,0.0,0.0,36.58,35.545,33.472,107.35,66.08,46.34,0.0
2016-12-13 10:30:00,37.96,37.96,37.96,37.96,26.36,0.0,0.0,35.89,35.2,33.0,108.95,76.04,45.89,0.01
2016-12-13 10:00:00,37.96,37.96,37.96,37.96,439.38,0.0,0.0,35.2,34.541,32.528,108.88,74.41,44.57,0.18
2016-12-12 15:00:00,34.51,34.51,34.51,34.51,43.0,0.0,0.0,34.51,33.882,32.056,22.13,30.97,22.62,0.02
2016-12-12 14:30:00,34.51,34.51,34.51,34.51,19.0,0.0,0.0,34.51,33.568,31.7565,16.0,27.17,20.47,0.01
2016-12-12 14:00:00,34.51,34.51,34.51,34.51,17.0,0.0,0.0,34.51,33.254,31.457,24.8,25.37,19.77,0.01
2016-12-12 13:30:00,34.51,34.51,34.51,34.51,26.0,0.0,0.0,34.51,32.94,31.1575,43.14,24.81,20.34,0.01
2016-12-12 11:30:00,34.51,34.51,34.51,34.51,5.67,0.0,0.0,33.882,32.626,30.858,39.94,23.31,20.11,0.0
2016-12-12 11:00:00,34.51,34.51,34.51,34.51,12.34,0.0,0.0,33.254,32.312,30.429,39.81,24.94,20.08,0.0
2016-12-12 10:30:00,34.51,34.51,34.51,34.51,63.0,0.0,0.0,32.626,31.998,30.0,38.34,32.91,19.46,0.03
2016-12-12 10:00:00,34.51,34.51,34.51,34.51,108.69,0.0,0.0,31.998,31.399,29.571,25.94,26.61,16.31,0.04
2016-12-09 15:00:00,31.37,31.37,31.37,31.37,10.0,0.0,0.0,31.37,30.8,29.142,6.48,15.74,10.88,0.0
2016-12-09 14:30:00,31.37,31.37,31.37,31.37,5.0,0.0,0.0,31.37,30.515,28.87,6.68,14.74,10.38,0.0
2016-12-09 14:00:00,31.37,31.37,31.37,31.37,5.0,0.0,0.0,31.37,30.23,28.598,10.08,14.28,10.13,0.0
2016-12-09 13:30:00,31.37,31.37,31.37,31.37,1.0,0.0,0.0,31.37,29.945,28.326,27.48,13.78,9.93,0.0
2016-12-09 11:30:00,31.37,31.37,31.37,31.37,11.39,0.0,0.0,30.8,29.66,28.054,27.28,14.18,12.1,0.0
2016-12-09 11:00:00,31.37,31.37,31.37,31.37,11.0,0.0,0.0,30.23,29.375,27.664,25.0,15.88,11.73,0.0
2016-12-09 10:30:00,31.37,31.37,31.37,31.37,22.0,0.0,0.0,29.66,29.09,27.274,22.8,16.91,11.18,0.01
2016-12-09 10:00:00,31.37,31.37,31.37,31.37,92.0,0.0,0.0,29.09,28.546,26.884,18.48,15.21,10.08,0.04
2016-12-08 15:00:00,28.52,28.52,28.52,28.52,0.0,0.0,0.0,28.52,28.002,26.494,0.08,6.01,5.48,0.0
2016-12-08 14:30:00,28.52,28.52,28.52,28.52,0.0,0.0,0.0,28.52,27.743,26.2465,1.08,6.01,5.48,0.0
2016-12-08 14:00:00,28.52,28.52,28.52,28.52,0.0,0.0,0.0,28.52,27.484,25.999,6.76,6.01,5.98,0.0
2016-12-08 13:30:00,28.52,28.52,28.52,28.52,0.39,0.0,0.0,28.52,27.225,25.7515,11.02,6.01,5.98,0.0
2016-12-08 11:30:00,28.52,28.52,28.52,28.52,0.0,0.0,0.0,28.002,26.966,25.504,11.94,5.97,6.91,0.0
2016-12-08 11:00:00,28.52,28.52,28.52,28.52,5.0,0.0,0.0,27.484,26.707,25.1495,11.94,6.07,7.16,0.0
2016-12-08 10:30:00,28.52,28.52,28.52,28.52,28.39,0.0,0.0,26.966,26.448,24.795,10.94,10.02,7.16,0.01
2016-12-08 10:00:00,28.52,28.52,28.52,28.52,21.33,0.0,0.0,26.448,25.953,24.4405,5.27,7.58,5.99,0.01
2016-12-07 15:00:00,25.93,25.93,25.93,25.93,5.0,0.0,0.0,25.93,25.458,24.086,1.0,5.45,5.17,0.0
2016-12-07 14:30:00,25.93,25.93,25.93,25.93,0.0,0.0,0.0,25.93,25.222,23.861,0.0,4.95,5.07,0.0
2016-12-07 14:00:00,25.93,25.93,25.93,25.93,0.0,0.0,0.0,25.93,24.986,23.636,0.2,4.95,5.07,0.0
2016-12-07 13:30:00,25.93,25.93,25.93,25.93,0.0,0.0,0.0,25.93,24.75,23.411,9.09,4.95,6.67,0.0
2016-12-07 11:30:00,25.93,25.93,25.93,25.93,0.0,0.0,0.0,25.458,24.514,23.186,9.89,5.95,9.27,0.0
2016-12-07 11:00:00,25.93,25.93,25.93,25.93,0.0,0.0,0.0,24.986,24.278,22.8635,9.89,5.95,9.3,0.0
2016-12-07 10:30:00,25.93,25.93,25.93,25.93,1.0,0.0,0.0,24.514,24.042,22.541,9.89,7.85,9.3,0.0
2016-12-07 10:00:00,25.93,25.93,25.93,25.93,44.46,0.0,0.0,24.042,23.592,22.2185,9.69,8.25,9.5,0.02
2016-12-06 15:00:00,23.57,23.57,23.57,23.57,4.0,0.0,0.0,23.57,23.142,21.896,0.8,4.3,7.53,0.0
2016-12-06 14:30:00,23.57,23.57,23.57,23.57,0.0,0.0,0.0,23.57,22.928,21.6915,2.0,4.4,7.33,0.0
2016-12-06 14:00:00,23.57,23.57,23.57,23.57,0.0,0.0,0.0,23.57,22.714,21.487,2.0,4.9,7.33,0.0
2016-12-06 13:30:00,23.57,23.57,23.57,23.57,0.0,0.0,0.0,23.57,22.5,21.2825,5.8,5.2,7.58,0.0
2016-12-06 11:30:00,23.57,23.57,23.57,23.57,0.0,0.0,0.0,23.142,22.286,20.9895,6.8,5.2,7.58,0.0
2016-12-06 11:00:00,23.57,23.57,23.57,23.57,10.0,0.0,0.0,22.714,22.072,20.6965,7.8,8.4,7.58,0.0
2016-12-06 10:30:00,23.57,23.57,23.57,23.57,0.0,0.0,0.0,22.286,21.858,20.4035,6.8,12.6,7.08,0.0
2016-12-06 10:00:00,23.57,23.57,23.57,23.57,19.0,0.0,0.0,21.858,21.449,20.1105,7.8,12.66,7.08,0.01
2016-12-05 15:00:00,21.43,21.43,21.43,21.43,5.0,0.0,0.0,21.43,21.04,19.8175,4.6,10.76,6.13,0.0
2016-12-05 14:30:00,21.43,21.43,21.43,21.43,5.0,0.0,0.0,21.43,20.845,19.6315,3.6,10.76,5.88,0.0
2016-12-05 14:00:00,21.43,21.43,21.43,21.43,5.0,0.0,0.0,21.43,20.65,19.4455,9.0,10.76,5.63,0.0
2016-12-05 13:30:00,21.43,21.43,21.43,21.43,5.0,0.0,0.0,21.43,20.455,19.2595,18.4,10.26,5.53,0.0
2016-12-05 11:30:00,21.43,21.43,21.43,21.43,3.0,0.0,0.0,21.04,20.26,18.993,17.52,9.76,5.84,0.0
2016-12-05 11:00:00,21.43,21.43,21.43,21.43,0.0,0.0,0.0,20.65,20.065,18.7265,16.92,9.96,5.69,0.0
2016-12-05 10:30:00,21.43,21.43,21.43,21.43,32.0,0.0,0.0,20.26,19.693,18.46,17.92,9.96,5.69,0.01
2016-12-05 10:00:00,21.43,21.43,21.43,21.43,52.0,0.0,0.0,19.87,19.321,18.1935,12.52,6.76,4.34,0.02
2016-12-02 15:00:00,19.48,19.48,19.48,19.48,0.58,0.0,0.0,19.48,18.949,17.927,2.12,1.56,1.74,0.0
2016-12-02 14:30:00,19.48,19.48,19.48,19.48,0.0,0.0,0.0,19.48,18.772,17.758,2.0,1.5,1.71,0.0
2016-12-02 14:00:00,19.48,19.48,19.48,19.48,5.0,0.0,0.0,19.48,18.595,17.589,3.0,1.5,1.71,0.0
2016-12-02 13:30:00,19.48,19.48,19.48,19.48,5.0,0.0,0.0,19.126,18.418,17.4895,2.0,1.0,1.54,0.0
2016-12-02 11:30:00,19.48,19.48,19.48,19.48,0.0,0.0,0.0,18.772,18.241,17.3789,1.0,0.5,1.34,0.0
2016-12-02 11:00:00,19.48,19.48,19.48,19.48,0.0,0.0,0.0,18.418,18.064,17.2553,1.0,0.8,1.42,0.0
2016-12-02 10:30:00,19.48,19.48,19.48,19.48,5.0,0.0,0.0,18.064,17.726,17.1162,1.0,1.92,1.51,0.0
2016-12-01 15:00:00,17.71,17.71,17.71,17.71,0.0,0.0,0.0,17.71,17.388,16.9587,0.0,1.42,1.28,0.0
2016-12-01 14:30:00,17.71,17.71,17.71,17.71,0.0,0.0,0.0,17.71,17.227,16.905,0.0,1.42,1.37,0.0
2016-12-01 14:00:00,17.71,17.71,17.71,17.71,0.0,0.0,0.0,17.71,17.066,16.8431,0.0,1.92,1.47,0.0
2016-12-01 13:30:00,17.71,17.71,17.71,17.71,0.0,0.0,0.0,17.71,16.905,16.7708,0.6,1.92,1.6,0.0
2016-12-01 11:30:00,17.71,17.71,17.71,17.71,0.0,0.0,0.0,17.388,16.744,16.6855,2.83,1.92,1.74,0.0
2016-12-01 11:00:00,17.71,17.71,17.71,17.71,0.0,0.0,0.0,17.066,16.583,16.583,2.83,1.92,1.92,0.0
2016-12-01 10:30:00,17.71,17.71,17.71,17.71,0.0,0.0,0.0,16.744,16.4578,16.4578,2.83,2.13,2.13,0.0
2016-12-01 10:00:00,17.71,17.71,17.71,17.71,3.0,0.0,0.0,16.422,16.3013,16.3013,3.83,2.4,2.4,0.0
2016-11-30 15:00:00,16.1,16.1,16.1,16.1,11.17,0.0,0.0,16.1,16.1,16.1,3.23,2.31,2.31,0.0
2016-11-30 14:30:00,16.1,16.1,16.1,16.1,0.0,0.0,0.0,16.1,16.1,16.1,1.0,0.83,0.83,0.0
2016-11-30 14:00:00,16.1,16.1,16.1,16.1,0.0,0.0,0.0,16.1,16.1,16.1,1.0,1.0,1.0,0.0
2016-11-30 13:30:00,16.1,16.1,16.1,16.1,5.0,0.0,0.0,16.1,16.1,16.1,1.25,1.25,1.25,0.0
2016-11-30 11:30:00,16.1,16.1,16.1,16.1,0.0,0.0,0.0,16.1,16.1,16.1,0.0,0.0,0.0,0.0
2016-11-30 11:00:00,16.1,16.1,16.1,16.1,0.0,0.0,0.0,16.1,16.1,16.1,0.0,0.0,0.0,0.0
2016-11-30 10:30:00,16.1,16.1,16.1,16.1,0.0,0.0,0.0,16.1,16.1,16.1,0.0,0.0,0.0,0.0
