Not
2017-06-30,-0.006,0.023,-0.030
2017-06-29,0.005,0.031,-0.026
2017-06-28,0.020,0.037,-0.018
2017-06-27,0.030,0.042,-0.012
2017-06-26,0.038,0.045,-0.006
2017-06-23,0.039,0.046,-0.007
2017-06-22,0.054,0.048,0.006
2017-06-21,0.056,0.047,0.010
2017-06-20,0.053,0.044,0.009
2017-06-19,0.047,0.042,0.005
2017-06-16,0.034,0.041,-0.007
2017-06-15,0.034,0.042,-0.008
2017-06-14,0.036,0.044,-0.009
2017-06-13,0.049,0.047,0.002
2017-06-12,0.057,0.046,0.011
2017-06-09,0.081,0.043,0.037
2017-06-08,0.085,0.034,0.052
2017-06-07,0.080,0.021,0.059
2017-06-06,0.069,0.006,0.063
2017-06-05,0.068,-0.010,0.077
2017-06-02,0.064,-0.029,0.093
2017-06-01,0.053,-0.052,0.106
2017-05-31,0.032,-0.079,0.111
2017-05-26,-0.015,-0.106,0.091
2017-05-25,-0.056,-0.129,0.073
2017-05-24,-0.101,-0.147,0.046
2017-05-23,-0.120,-0.159,0.039
2017-05-22,-0.136,-0.169,0.033
2017-05-19,-0.138,-0.177,0.039
2017-05-18,-0.142,-0.187,0.045
2017-05-17,-0.152,-0.198,0.046
2017-05-16,-0.173,-0.209,0.036
2017-05-15,-0.195,-0.219,0.024
2017-05-12,-0.207,-0.225,0.018
2017-05-11,-0.218,-0.229,0.011
2017-05-10,-0.228,-0.232,0.003
2017-05-09,-0.230,-0.233,0.003
2017-05-08,-0.236,-0.233,-0.003
2017-05-05,-0.247,-0.233,-0.015
2017-05-04,-0.249,-0.229,-0.020
2017-05-03,-0.247,-0.224,-0.023
2017-05-02,-0.243,-0.218,-0.024
2017-04-28,-0.236,-0.212,-0.024
2017-04-27,-0.235,-0.206,-0.029
2017-04-26,-0.230,-0.199,-0.031
2017-04-25,-0.226,-0.191,-0.035
2017-04-24,-0.218,-0.182,-0.036
2017-04-21,-0.224,-0.173,-0.050
2017-04-20,-0.219,-0.161,-0.058
2017-04-19,-0.198,-0.146,-0.052
2017-04-18,-0.165,-0.133,-0.032
2017-04-17,-0.137,-0.125,-0.012
2017-04-14,-0.129,-0.122,-0.007
2017-04-13,-0.122,-0.121,-0.002
2017-04-12,-0.122,-0.120,-0.002
2017-04-11,-0.129,-0.120,-0.009
2017-04-10,-0.127,-0.117,-0.010
2017-04-07,-0.122,-0.115,-0.007
2017-04-06,-0.129,-0.113,-0.016
2017-04-05,-0.132,-0.109,-0.023
2017-03-31,-0.141,-0.104,-0.037
2017-03-30,-0.126,-0.095,-0.032
2017-03-29,-0.116,-0.087,-0.029
2017-03-28,-0.104,-0.079,-0.024
2017-03-27,-0.098,-0.073,-0.025
2017-03-24,-0.095,-0.067,-0.028
2017-03-23,-0.095,-0.060,-0.035
2017-03-22,-0.082,-0.051,-0.031
2017-03-21,-0.060,-0.044,-0.017
2017-03-20,-0.048,-0.039,-0.009
2017-03-17,-0.043,-0.037,-0.006
2017-03-16,-0.040,-0.036,-0.004
2017-03-15,-0.057,-0.035,-0.022
2017-03-14,-0.052,-0.029,-0.022
2017-03-13,-0.040,-0.024,-0.016
2017-03-10,-0.034,-0.020,-0.014
2017-03-09,-0.021,-0.016,-0.005
2017-03-08,-0.013,-0.015,0.002
2017-03-07,-0.007,-0.015,0.008
2017-03-06,-0.011,-0.017,0.007
2017-03-03,-0.019,-0.019,-0.000
2017-03-02,-0.017,-0.019,0.002
2017-03-01,-0.020,-0.019,-0.001
2017-02-28,-0.021,-0.019,-0.002
2017-02-27,-0.017,-0.019,0.002
2017-02-24,-0.003,-0.019,0.016
2017-02-23,0.001,-0.023,0.025
2017-02-22,0.012,-0.030,0.041
2017-02-21,0.002,-0.040,0.042
2017-02-20,-0.016,-0.050,0.034
2017-02-17,-0.033,-0.059,0.026
2017-02-16,-0.032,-0.065,0.034
2017-02-15,-0.034,-0.074,0.040
2017-02-14,-0.033,-0.084,0.051
2017-02-13,-0.045,-0.097,0.051
2017-02-10,-0.066,-0.109,0.043
2017-02-09,-0.086,-0.120,0.034
2017-02-08,-0.102,-0.129,0.027
2017-02-07,-0.118,-0.136,0.017
2017-02-06,-0.113,-0.140,0.027
2017-02-03,-0.113,-0.147,0.034
2017-01-26,-0.106,-0.155,0.049
2017-01-25,-0.120,-0.168,0.047
2017-01-24,-0.129,-0.180,0.051
2017-01-23,-0.142,-0.192,0.051
2017-01-20,-0.160,-0.205,0.045
2017-01-19,-0.182,-0.216,0.034
2017-01-18,-0.191,-0.225,0.034
2017-01-17,-0.201,-0.233,0.032
2017-01-16,-0.212,-0.241,0.029
2017-01-13,-0.234,-0.248,0.014
2017-01-12,-0.235,-0.252,0.017
2017-01-11,-0.230,-0.256,0.025
2017-01-10,-0.231,-0.262,0.031
2017-01-09,-0.235,-0.270,0.035
2017-01-06,-0.241,-0.279,0.038
2017-01-05,-0.240,-0.288,0.048
2017-01-04,-0.259,-0.300,0.041
2017-01-03,-0.287,-0.311,0.023
2016-12-30,-0.318,-0.316,-0.001
2016-12-29,-0.333,-0.316,-0.017
2016-12-28,-0.339,-0.312,-0.027
2016-12-27,-0.346,-0.305,-0.041
2016-12-26,-0.352,-0.295,-0.058
2016-12-23,-0.363,-0.281,-0.083
2016-12-22,-0.351,-0.260,-0.091
2016-12-21,-0.346,-0.237,-0.109
2016-12-20,-0.347,-0.210,-0.137
2016-12-19,-0.326,-0.176,-0.150
2016-12-16,-0.294,-0.138,-0.156
2016-12-15,-0.266,-0.099,-0.167
2016-12-14,-0.224,-0.057,-0.166
2016-12-13,-0.179,-0.016,-0.164
2016-12-12,-0.137,0.025,-0.162
2016-12-09,-0.074,0.066,-0.140
2016-12-08,-0.038,0.101,-0.139
2016-12-07,0.016,0.136,-0.119
2016-12-06,0.059,0.165,-0.106
2016-12-05,0.128,0.192,-0.064
2016-12-02,0.194,0.208,-0.014
2016-12-01,0.214,0.211,0.003
2016-11-30,0.185,0.211,-0.026
2016-11-29,0.191,0.217,-0.026
2016-11-28,0.194,0.223,-0.029
2016-11-25,0.210,0.231,-0.021
2016-11-24,0.220,0.236,-0.016
2016-11-23,0.234,0.240,-0.005
2016-11-22,0.255,0.241,0.014
2016-11-21,0.258,0.238,0.020
2016-11-18,0.276,0.233,0.043
2016-11-17,0.300,0.222,0.078
2016-11-16,0.295,0.202,0.093
2016-11-15,0.280,0.179,0.101
2016-11-14,0.256,0.154,0.101
2016-11-11,0.201,0.129,0.073
2016-11-10,0.151,0.111,0.040
2016-11-09,0.136,0.101,0.035
2016-11-08,0.157,0.092,0.065
2016-11-07,0.146,0.075,0.071
2016-11-04,0.137,0.058,0.079
2016-11-03,0.122,0.038,0.084
2016-11-02,0.081,0.017,0.064
2016-11-01,0.074,0.001,0.073
2016-10-31,0.051,-0.017,0.068
2016-10-28,0.036,-0.034,0.070
2016-10-27,0.020,-0.052,0.072
2016-10-26,0.011,-0.070,0.081
2016-10-25,-0.006,-0.090,0.084
2016-10-24,-0.030,-0.111,0.081
2016-10-21,-0.071,-0.132,0.061
2016-10-20,-0.086,-0.147,0.061
2016-10-19,-0.099,-0.162,0.063
2016-10-18,-0.116,-0.178,0.062
2016-10-17,-0.143,-0.193,0.050
2016-10-14,-0.141,-0.206,0.065
2016-10-13,-0.161,-0.222,0.061
2016-10-12,-0.182,-0.237,0.055
2016-10-11,-0.206,-0.251,0.045
2016-10-10,-0.240,-0.262,0.023
2016-09-30,-0.277,-0.268,-0.009
2016-09-29,-0.292,-0.266,-0.027
2016-09-28,-0.305,-0.259,-0.046
2016-09-27,-0.300,-0.248,-0.052
2016-09-26,-0.296,-0.234,-0.061
2016-09-23,-0.267,-0.219,-0.048
2016-09-22,-0.261,-0.207,-0.053
2016-09-21,-0.261,-0.194,-0.067
2016-09-20,-0.264,-0.177,-0.087
2016-09-19,-0.254,-0.155,-0.098
2016-09-14,-0.234,-0.131,-0.103
2016-09-13,-0.197,-0.105,-0.092
2016-09-12,-0.162,-0.082,-0.081
2016-09-09,-0.122,-0.062,-0.060
2016-09-08,-0.106,-0.047,-0.060
2016-09-07,-0.096,-0.032,-0.064
2016-09-06,-0.089,-0.016,-0.074
2016-09-05,-0.081,0.003,-0.084
2016-09-02,-0.056,0.024,-0.080
2016-09-01,-0.025,0.044,-0.069
2016-08-31,0.021,0.061,-0.041
2016-08-30,0.026,0.071,-0.045
2016-08-29,0.040,0.083,-0.043
2016-08-26,0.065,0.093,-0.029
2016-08-25,0.084,0.100,-0.017
2016-08-24,0.101,0.105,-0.003
2016-08-23,0.129,0.105,0.023
2016-08-22,0.149,0.100,0.050
2016-08-19,0.176,0.087,0.088
2016-08-18,0.167,0.065,0.102
2016-08-17,0.157,0.040,0.118
2016-08-16,0.127,0.010,0.116
2016-08-15,0.069,-0.019,0.088
2016-08-12,-0.040,-0.041,0.000
2016-08-11,-0.081,-0.041,-0.040
2016-08-10,-0.084,-0.031,-0.054
2016-08-09,-0.086,-0.017,-0.069
2016-08-08,-0.101,-0.000,-0.101
2016-08-05,-0.106,0.025,-0.131
2016-08-04,-0.091,0.058,-0.149
2016-08-03,-0.074,0.095,-0.170
2016-08-02,-0.038,0.138,-0.176
2016-08-01,0.008,0.182,-0.174
2016-07-29,0.074,0.225,-0.151
2016-07-28,0.132,0.263,-0.131
2016-07-27,0.204,0.296,-0.091
2016-07-26,0.267,0.318,-0.051
2016-07-25,0.271,0.331,-0.060
2016-07-22,0.302,0.346,-0.044
2016-07-21,0.335,0.357,-0.022
2016-07-20,0.357,0.363,-0.006
2016-07-19,0.391,0.364,0.027
2016-07-18,0.414,0.357,0.057
2016-07-15,0.454,0.343,0.111
2016-07-14,0.458,0.316,0.142
2016-07-13,0.426,0.280,0.146
2016-07-12,0.394,0.243,0.150
2016-07-11,0.333,0.206,0.127
2016-07-08,0.315,0.174,0.141
2016-07-07,0.298,0.139,0.159
2016-07-06,0.271,0.099,0.172
2016-07-05,0.231,0.056,0.175
2016-07-04,0.176,0.012,0.164
2016-07-01,0.088,-0.029,0.116
2016-06-30,0.067,-0.058,0.125
2016-06-29,0.027,-0.089,0.116
2016-06-28,-0.008,-0.118,0.110
2016-06-27,-0.061,-0.145,0.084
2016-06-24,-0.092,-0.167,0.075
2016-06-23,-0.098,-0.185,0.087
2016-06-22,-0.141,-0.207,0.066
2016-06-21,-0.184,-0.224,0.040
2016-06-20,-0.203,-0.233,0.030
2016-06-17,-0.207,-0.241,0.034
2016-06-16,-0.213,-0.249,0.037
2016-06-15,-0.201,-0.259,0.058
2016-06-14,-0.210,-0.273,0.063
2016-06-13,-0.182,-0.289,0.107
2016-06-08,-0.130,-0.316,0.186
2016-06-07,-0.160,-0.362,0.203
2016-06-06,-0.202,-0.413,0.210
2016-06-03,-0.248,-0.466,0.217
2016-06-02,-0.316,-0.520,0.204
2016-06-01,-0.405,-0.571,0.166
2016-05-31,-0.500,-0.612,0.113
2016-05-30,-0.644,-0.640,-0.003
2016-05-27,-0.662,-0.640,-0.023
2016-05-26,-0.677,-0.634,-0.043
2016-05-25,-0.692,-0.623,-0.069
2016-05-24,-0.691,-0.606,-0.084
2016-05-23,-0.673,-0.585,-0.088
2016-05-20,-0.673,-0.563,-0.110
2016-05-19,-0.668,-0.535,-0.132
2016-05-18,-0.633,-0.502,-0.131
2016-05-17,-0.589,-0.470,-0.120
2016-05-16,-0.614,-0.440,-0.175
2016-05-13,-0.616,-0.396,-0.220
2016-05-12,-0.585,-0.341,-0.244
2016-05-11,-0.548,-0.280,-0.268
2016-05-10,-0.480,-0.213,-0.267
2016-05-09,-0.395,-0.146,-0.249
2016-05-06,-0.277,-0.084,-0.194
2016-05-05,-0.191,-0.035,-0.155
2016-05-04,-0.176,0.004,-0.179
2016-05-03,-0.156,0.048,-0.204
2016-04-29,-0.142,0.100,-0.241
2016-04-28,-0.070,0.160,-0.230
2016-04-27,-0.005,0.217,-0.222
2016-04-26,0.065,0.273,-0.208
2016-04-25,0.110,0.325,-0.215
2016-04-22,0.179,0.379,-0.199
2016-04-21,0.241,0.428,-0.187
2016-04-20,0.341,0.475,-0.134
2016-04-19,0.428,0.509,-0.081
2016-04-18,0.480,0.529,-0.049
2016-04-15,0.552,0.541,0.011
2016-04-14,0.556,0.539,0.018
2016-04-13,0.535,0.534,0.001
2016-04-12,0.519,0.534,-0.015
2016-04-11,0.558,0.538,0.021
2016-04-08,0.581,0.532,0.049
2016-04-07,0.654,0.520,0.134
2016-04-06,0.685,0.487,0.198
2016-04-05,0.654,0.437,0.217
2016-04-01,0.577,0.383,0.194
2016-03-31,0.499,0.335,0.164
2016-03-30,0.452,0.294,0.159
2016-03-29,0.427,0.254,0.173
2016-03-28,0.455,0.211,0.244
2016-03-25,0.477,0.150,0.328
2016-03-24,0.445,0.068,0.377
2016-03-23,0.416,-0.026,0.443
2016-03-22,0.277,-0.137,0.414
2016-03-21,0.120,-0.240,0.360
2016-03-18,-0.122,-0.330,0.208
2016-03-17,-0.247,-0.383,0.136
2016-03-16,-0.316,-0.416,0.101
2016-03-15,-0.334,-0.442,0.108
2016-03-14,-0.355,-0.468,0.114
2016-03-11,-0.395,-0.497,0.102
2016-03-10,-0.395,-0.522,0.128
2016-03-09,-0.364,-0.554,0.190
2016-03-08,-0.388,-0.602,0.214
2016-03-07,-0.465,-0.656,0.190
2016-03-04,-0.540,-0.703,0.163
2016-03-03,-0.602,-0.744,0.141
2016-03-02,-0.670,-0.779,0.109
2016-03-01,-0.766,-0.806,0.041
2016-02-29,-0.751,-0.817,0.065
2016-02-26,-0.668,-0.833,0.165
2016-02-25,-0.650,-0.874,0.225
2016-02-24,-0.608,-0.930,0.322
2016-02-23,-0.718,-1.011,0.293
2016-02-22,-0.800,-1.084,0.284
2016-02-19,-0.929,-1.155,0.226
2016-02-18,-1.002,-1.211,0.209
2016-02-17,-1.080,-1.264,0.184
2016-02-16,-1.161,-1.309,0.148
2016-02-15,-1.238,-1.346,0.108
2016-02-05,-1.238,-1.373,0.135
2016-02-04,-1.257,-1.407,0.150
2016-02-03,-1.346,-1.445,0.098
2016-02-02,-1.422,-1.469,0.047
2016-02-01,-1.517,-1.481,-0.036
2016-01-29,-1.571,-1.472,-0.099
2016-01-28,-1.603,-1.447,-0.155
2016-01-27,-1.512,-1.409,-0.104
2016-01-26,-1.433,-1.383,-0.051
2016-01-25,-1.363,-1.370,0.007
2016-01-22,-1.438,-1.372,-0.066
2016-01-21,-1.509,-1.355,-0.153
2016-01-20,-1.523,-1.317,-0.206
2016-01-19,-1.603,-1.265,-0.338
2016-01-18,-1.636,-1.181,-0.455
2016-01-15,-1.581,-1.067,-0.514
2016-01-14,-1.489,-0.938,-0.551
2016-01-13,-1.442,-0.801,-0.641
2016-01-12,-1.304,-0.640,-0.664
2016-01-11,-1.133,-0.474,-0.659
2016-01-08,-0.869,-0.310,-0.560
2016-01-07,-0.719,-0.170,-0.549
2016-01-06,-0.471,-0.033,-0.438
2016-01-05,-0.362,0.077,-0.439
2016-01-04,-0.193,0.187,-0.380
2015-12-31,0.051,0.282,-0.231
2015-12-30,0.129,0.339,-0.210
2015-12-29,0.206,0.392,-0.186
2015-12-28,0.284,0.438,-0.154
2015-12-25,0.423,0.477,-0.053
2015-12-24,0.482,0.490,-0.008
2015-12-23,0.553,0.492,0.061
2015-12-22,0.526,0.477,0.049
2015-12-21,0.507,0.465,0.042
2015-12-18,0.488,0.454,0.034
2015-12-17,0.492,0.446,0.046
2015-12-16,0.442,0.434,0.008
2015-12-15,0.398,0.432,-0.034
2015-12-14,0.332,0.440,-0.108
2015-12-11,0.148,0.467,-0.319
2015-12-10,0.147,0.547,-0.400
2015-12-09,0.199,0.647,-0.448
2015-12-08,0.304,0.759,-0.455
2015-12-07,0.448,0.873,-0.425
2015-12-04,0.576,0.979,-0.403
2015-12-03,0.672,1.080,-0.408
2015-12-02,0.712,1.182,-0.470
2015-12-01,0.750,1.299,-0.549
2015-11-30,0.932,1.437,-0.504
2015-11-27,1.169,1.563,-0.394
2015-11-26,1.448,1.661,-0.213
2015-11-25,1.532,1.714,-0.183
2015-11-24,1.573,1.760,-0.187
2015-11-23,1.636,1.807,-0.170
2015-11-20,1.790,1.849,-0.059
2015-11-19,1.935,1.864,0.071
2015-11-18,2.042,1.846,0.196
2015-11-17,2.230,1.797,0.432
2015-11-16,2.258,1.689,0.569
2015-11-13,2.263,1.547,0.716
2015-11-12,2.201,1.368,0.833
2015-11-11,2.064,1.160,0.904
2015-11-10,1.730,0.934,0.796
2015-11-09,1.437,0.735,0.702
2015-11-06,1.077,0.559,0.518
2015-11-05,0.718,0.429,0.289
2015-11-04,0.476,0.357,0.119
2015-11-03,0.367,0.328,0.039
2015-11-02,0.408,0.318,0.091
2015-10-30,0.437,0.295,0.142
2015-10-29,0.422,0.260,0.162
2015-10-28,0.441,0.219,0.222
2015-10-27,0.473,0.164,0.309
2015-10-26,0.429,0.086,0.343
2015-10-23,0.358,0.001,0.358
2015-10-22,0.298,-0.089,0.386
2015-10-21,0.256,-0.186,0.442
2015-10-20,0.244,-0.296,0.540
2015-10-19,0.075,-0.431,0.506
2015-10-16,-0.087,-0.557,0.471
2015-10-15,-0.248,-0.675,0.427
2015-10-14,-0.378,-0.782,0.404
2015-10-13,-0.477,-0.883,0.405
2015-10-12,-0.625,-0.984,0.359
2015-10-09,-0.823,-1.074,0.251
2015-10-08,-0.936,-1.137,0.200
2015-09-30,-1.020,-1.187,0.167
2015-09-29,-1.053,-1.229,0.176
2015-09-28,-1.078,-1.272,0.195
2015-09-25,-1.115,-1.321,0.207
2015-09-24,-1.124,-1.373,0.249
2015-09-23,-1.193,-1.435,0.242
2015-09-22,-1.258,-1.496,0.238
2015-09-21,-1.395,-1.555,0.160
2015-09-18,-1.481,-1.595,0.114
2015-09-17,-1.537,-1.623,0.087
2015-09-16,-1.567,-1.645,0.079
2015-09-15,-1.640,-1.665,0.025
2015-09-14,-1.574,-1.671,0.097
2015-09-11,-1.571,-1.695,0.124
2015-09-10,-1.631,-1.726,0.095
2015-09-09,-1.696,-1.750,0.054
2015-09-08,-1.828,-1.764,-0.065
2015-09-07,-1.914,-1.747,-0.167
2015-09-02,-1.939,-1.706,-0.234
2015-09-01,-1.978,-1.647,-0.331
2015-08-31,-2.044,-1.564,-0.480
2015-08-28,-2.043,-1.445,-0.599
2015-08-27,-2.034,-1.295,-0.739
2015-08-26,-1.885,-1.110,-0.775
2015-08-25,-1.520,-0.916,-0.604
2015-08-24,-1.138,-0.765,-0.372
2015-08-21,-0.808,-0.672,-0.136
2015-08-20,-0.573,-0.638,0.065
2015-08-19,-0.461,-0.655,0.193
2015-08-18,-0.437,-0.703,0.265
2015-08-17,-0.346,-0.769,0.423
2015-08-14,-0.398,-0.875,0.477
2015-08-13,-0.524,-0.994,0.471
2015-08-12,-0.682,-1.112,0.429
2015-08-11,-0.801,-1.219,0.418
2015-08-10,-0.928,-1.323,0.396
2015-08-07,-1.125,-1.422,0.297
2015-08-06,-1.174,-1.497,0.323
2015-08-05,-1.202,-1.577,0.376
2015-08-04,-1.327,-1.671,0.344
2015-08-03,-1.495,-1.757,0.262
2015-07-31,-1.618,-1.823,0.205
2015-07-30,-1.675,-1.874,0.199
2015-07-29,-1.677,-1.924,0.247
2015-07-28,-1.741,-1.985,0.244
2015-07-27,-1.799,-2.046,0.247
2015-07-24,-1.705,-2.108,0.403
2015-07-23,-1.796,-2.209,0.413
2015-07-22,-1.985,-2.312,0.327
2015-07-21,-2.115,-2.394,0.279
2015-07-20,-2.298,-2.464,0.165
2015-07-17,-2.471,-2.505,0.034
2015-07-16,-2.659,-2.514,-0.145
2015-07-15,-2.643,-2.477,-0.166
2015-07-14,-2.553,-2.436,-0.117
2015-07-13,-2.633,-2.407,-0.226
2015-07-10,-2.848,-2.350,-0.498
2015-07-09,-3.034,-2.226,-0.809
2015-07-08,-3.004,-2.023,-0.981
2015-07-07,-2.717,-1.778,-0.939
2015-07-06,-2.526,-1.544,-0.982
2015-07-03,-2.400,-1.298,-1.102
2015-07-02,-2.068,-1.023,-1.045
2015-07-01,-1.761,-0.761,-0.999
2015-06-30,-1.406,-0.512,-0.895
2015-06-29,-1.190,-0.288,-0.902
2015-06-26,-0.692,-0.062,-0.630
2015-06-25,-0.329,0.095,-0.424
2015-06-24,-0.174,0.201,-0.375
2015-06-23,-0.080,0.295,-0.375
2015-06-19,0.038,0.389,-0.351
2015-06-18,0.331,0.477,-0.145
2015-06-17,0.561,0.513,0.048
2015-06-16,0.623,0.501,0.122
2015-06-15,0.696,0.470,0.226
2015-06-12,0.679,0.414,0.265
2015-06-11,0.599,0.347,0.252
2015-06-10,0.576,0.284,0.291
2015-06-09,0.455,0.211,0.244
2015-06-08,0.334,0.150,0.184
2015-06-05,0.031,0.104,-0.074
2015-06-04,-0.020,0.123,-0.143
2015-06-03,-0.071,0.159,-0.229
2015-06-02,-0.019,0.216,-0.235
2015-06-01,0.041,0.275,-0.234
2015-05-29,0.081,0.333,-0.252
2015-05-28,0.310,0.396,-0.086
2015-05-27,0.552,0.418,0.134
2015-05-26,0.502,0.384,0.118
2015-05-25,0.356,0.355,0.002
2015-05-22,0.199,0.354,-0.155
2015-05-21,0.089,0.393,-0.304
2015-05-20,0.124,0.469,-0.345
2015-05-19,0.128,0.555,-0.427
2015-05-18,0.088,0.662,-0.574
2015-05-15,0.306,0.805,-0.499
2015-05-14,0.520,0.930,-0.410
2015-05-13,0.646,1.032,-0.386
2015-05-12,0.735,1.129,-0.394
2015-05-11,0.737,1.227,-0.491
2015-05-08,0.786,1.350,-0.565
2015-05-07,0.947,1.491,-0.545
2015-05-06,1.115,1.627,-0.512
2015-05-05,1.322,1.756,-0.434
2015-05-04,1.577,1.864,-0.287
2015-04-30,1.769,1.936,-0.167
2015-04-29,1.933,1.977,-0.044
2015-04-28,1.995,1.988,0.007
2015-04-27,2.082,1.987,0.095
2015-04-24,2.115,1.963,0.152
2015-04-23,2.108,1.925,0.183
2015-04-22,1.835,1.879,-0.044
2015-04-21,1.747,1.890,-0.143
2015-04-20,1.794,1.926,-0.132
2015-04-17,2.011,1.959,0.052
2015-04-16,2.049,1.946,0.103
2015-04-15,2.142,1.920,0.222
2015-04-14,2.296,1.865,0.431
2015-04-13,2.344,1.757,0.587
2015-04-10,2.320,1.610,0.710
2015-04-09,2.131,1.432,0.699
2015-04-08,1.907,1.258,0.649
2015-04-07,1.595,1.095,0.500
2015-04-03,1.386,0.971,0.415
2015-04-02,1.177,0.867,0.311
2015-04-01,1.052,0.789,0.263
2015-03-31,0.945,0.723,0.221
2015-03-30,0.926,0.668,0.258
2015-03-27,0.857,0.604,0.253
2015-03-26,0.872,0.540,0.332
2015-03-25,0.893,0.457,0.436
2015-03-24,0.872,0.348,0.524
2015-03-23,0.777,0.217,0.560
2015-03-20,0.566,0.077,0.489
2015-03-19,0.309,-0.045,0.354
2015-03-18,0.137,-0.133,0.270
2015-03-17,-0.000,-0.201,0.201
2015-03-16,-0.147,-0.251,0.104
2015-03-13,-0.268,-0.277,0.009
2015-03-12,-0.370,-0.279,-0.091
2015-03-11,-0.387,-0.257,-0.130
2015-03-10,-0.348,-0.224,-0.124
2015-03-09,-0.283,-0.193,-0.090
2015-03-06,-0.209,-0.171,-0.038
2015-03-05,-0.169,-0.161,-0.008
2015-03-04,-0.127,-0.159,0.033
2015-03-03,-0.088,-0.168,0.080
2015-03-02,-0.049,-0.188,0.138
2015-02-27,-0.115,-0.222,0.107
2015-02-26,-0.154,-0.249,0.094
2015-02-25,-0.224,-0.272,0.048
2015-02-17,-0.195,-0.284,0.089
2015-02-16,-0.219,-0.307,0.088
2015-02-13,-0.245,-0.328,0.083
2015-02-12,-0.298,-0.349,0.051
2015-02-11,-0.371,-0.362,-0.009
2015-02-10,-0.467,-0.360,-0.107
2015-02-09,-0.549,-0.333,-0.216
2015-02-06,-0.590,-0.279,-0.311
2015-02-05,-0.539,-0.201,-0.337
2015-02-04,-0.494,-0.117,-0.377
2015-02-03,-0.440,-0.023,-0.417
2015-01-29,-0.421,0.081,-0.503
2015-01-28,-0.319,0.207,-0.526
2015-01-27,-0.262,0.339,-0.601
2015-01-26,-0.154,0.489,-0.643
2015-01-23,-0.064,0.650,-0.713
2015-01-22,0.042,0.828,-0.786
2015-01-21,0.203,1.024,-0.821
2015-01-20,0.400,1.230,-0.830
2015-01-19,0.786,1.437,-0.651
2015-01-16,1.100,1.600,-0.500
2015-01-15,1.209,1.725,-0.516
2015-01-14,1.274,1.854,-0.580
2015-01-13,1.397,1.999,-0.602
2015-01-12,1.564,2.150,-0.586
2015-01-09,1.664,2.296,-0.632
2015-01-08,1.869,2.454,-0.586
2015-01-07,2.091,2.601,-0.509
2015-01-06,2.239,2.728,-0.489
2015-01-05,2.458,2.850,-0.392
2014-12-31,2.632,2.948,-0.316
2014-12-30,2.744,3.027,-0.283
2014-12-29,2.840,3.098,-0.258
2014-12-26,2.902,3.163,-0.260
2014-12-25,2.770,3.228,-0.457
2014-12-24,2.844,3.342,-0.499
2014-12-23,3.037,3.467,-0.430
2014-12-22,3.199,3.574,-0.376
2014-12-19,3.354,3.668,-0.314
2014-12-18,3.635,3.747,-0.112
2014-12-17,3.896,3.775,0.122
2014-12-16,3.912,3.744,0.168
2014-12-15,3.877,3.702,0.175
2014-12-12,4.040,3.658,0.382
2014-12-11,4.217,3.563,0.654
2014-12-10,4.425,3.399,1.026
2014-12-09,4.413,3.143,1.270
2014-12-08,4.234,2.825,1.409
2014-12-05,3.670,2.473,1.197
2014-12-04,3.183,2.174,1.009
2014-12-03,2.774,1.922,0.853
2014-12-02,2.449,1.708,0.741
2014-12-01,2.183,1.523,0.660
2014-11-28,2.011,1.358,0.653
2014-11-27,1.756,1.195,0.561
2014-11-26,1.481,1.055,0.426
2014-11-25,1.282,0.948,0.334
2014-11-24,1.168,0.865,0.303
2014-11-21,1.006,0.789,0.217
2014-11-14,0.918,0.735,0.183
2014-11-13,0.924,0.689,0.235
2014-11-12,0.879,0.630,0.249
2014-11-11,0.803,0.568,0.234
2014-11-10,0.738,0.510,0.228
2014-11-07,0.634,0.453,0.182
2014-11-06,0.552,0.407,0.145
2014-11-05,0.521,0.371,0.150
2014-11-04,0.465,0.333,0.131
2014-11-03,0.432,0.301,0.132
2014-10-31,0.378,0.268,0.111
2014-10-30,0.314,0.240,0.074
2014-10-29,0.274,0.221,0.052
2014-10-28,0.219,0.208,0.011
2014-10-27,0.204,0.206,-0.002
2014-10-24,0.239,0.206,0.033
2014-10-23,0.243,0.198,0.046
2014-10-22,0.244,0.186,0.058
2014-10-21,0.238,0.172,0.066
2014-10-20,0.216,0.155,0.061
2014-10-17,0.180,0.140,0.040
2014-10-16,0.143,0.130,0.013
2014-10-15,0.132,0.127,0.005
2014-10-14,0.121,0.126,-0.004
2014-10-13,0.133,0.127,0.006
2014-10-10,0.141,0.125,0.016
2014-10-09,0.147,0.121,0.026
2014-10-08,0.151,0.115,0.037
2014-09-30,0.138,0.106,0.032
2014-09-29,0.121,0.098,0.024
2014-09-26,0.105,0.092,0.013
2014-09-25,0.099,0.088,0.011
2014-09-24,0.087,0.086,0.002
2014-09-23,0.059,0.085,-0.026
2014-09-22,0.060,0.091,-0.031
2014-09-19,0.075,0.099,-0.024
2014-09-18,0.078,0.105,-0.027
2014-09-17,0.082,0.112,-0.031
2014-09-16,0.094,0.120,-0.026
2014-09-15,0.110,0.126,-0.017
2014-09-12,0.112,0.130,-0.018
2014-09-11,0.118,0.135,-0.017
2014-09-10,0.126,0.139,-0.013
2014-09-09,0.135,0.143,-0.008
2014-09-05,0.132,0.145,-0.013
2014-09-04,0.118,0.148,-0.030
2014-09-03,0.107,0.155,-0.048
2014-09-02,0.102,0.167,-0.066
2014-09-01,0.096,0.184,-0.088
2014-08-29,0.104,0.206,-0.102
2014-08-28,0.119,0.231,-0.112
2014-08-27,0.148,0.259,-0.112
2014-08-26,0.179,0.287,-0.108
2014-08-25,0.215,0.314,-0.099
2014-08-22,0.244,0.339,-0.095
2014-08-21,0.264,0.363,-0.099
2014-08-20,0.296,0.388,-0.092
2014-08-19,0.319,0.411,-0.092
2014-08-18,0.342,0.434,-0.092
2014-08-15,nan,nan,nan
2014-08-14,nan,nan,nan
2014-08-13,nan,nan,nan
2014-08-12,nan,nan,nan
2014-08-11,nan,nan,nan
2014-08-08,nan,nan,nan
2014-08-07,nan,nan,nan
2014-08-06,nan,nan,nan
2014-08-05,nan,nan,nan
2014-08-04,nan,nan,nan
2014-08-01,nan,nan,nan
2014-07-31,nan,nan,nan
2014-07-30,nan,nan,nan
2014-07-29,nan,nan,nan
2014-07-28,nan,nan,nan
2014-07-25,nan,nan,nan
2014-07-24,nan,nan,nan
2014-07-23,nan,nan,nan
2014-07-22,nan,nan,nan
2014-07-21,nan,nan,nan
2014-07-18,nan,nan,nan
2014-07-17,nan,nan,nan
2014-07-16,nan,nan,nan
2014-07-15,nan,nan,nan
2014-07-14,nan,nan,nan
2014-07-11,nan,nan,nan
2014-07-10,nan,nan,nan
2014-07-09,nan,nan,nan
2014-07-08,nan,nan,nan
2014-07-07,nan,nan,nan
2014-07-04,nan,nan,nan
2014-07-03,nan,nan,nan
2014-07-02,nan,nan,nan
