2017-03-17@15:00:00,57.256,55.652,54.047
2017-03-17@14:00:00,57.382,55.678,53.974
2017-03-17@11:30:00,57.454,55.708,53.962
2017-03-17@10:30:00,57.495,55.722,53.949
2017-03-16@15:00:00,57.542,55.741,53.940
2017-03-16@14:00:00,57.607,55.759,53.910
2017-03-16@11:30:00,57.559,55.743,53.928
2017-03-16@10:30:00,57.651,55.828,54.004
2017-03-15@15:00:00,57.706,55.937,54.167
2017-03-15@14:00:00,57.988,56.099,54.211
2017-03-15@11:30:00,58.109,56.232,54.355
2017-03-15@10:30:00,58.216,56.367,54.517
2017-03-14@15:00:00,58.225,56.480,54.734
2017-03-14@14:00:00,58.366,56.594,54.821
2017-03-14@11:30:00,58.255,56.708,55.161
2017-03-14@10:30:00,58.167,56.788,55.408
2017-03-13@15:00:00,57.952,56.880,55.809
2017-03-13@14:00:00,57.986,56.867,55.749
2017-03-13@11:30:00,58.055,56.838,55.622
2017-03-13@10:30:00,58.128,56.802,55.476
2017-03-10@15:00:00,58.227,56.750,55.274
2017-03-10@14:00:00,58.175,56.656,55.137
2017-03-10@11:30:00,58.224,56.590,54.957
2017-03-10@10:30:00,58.432,56.456,54.480
2017-03-09@15:00:00,58.503,56.351,54.200
2017-03-09@14:00:00,58.418,56.269,54.120
2017-03-09@11:30:00,58.452,56.158,53.864
2017-03-09@10:30:00,58.488,56.024,53.561
2017-03-08@15:00:00,58.548,55.856,53.164
2017-03-08@14:00:00,58.463,55.582,52.701
2017-03-08@11:30:00,58.338,55.349,52.361
2017-03-08@10:30:00,58.135,55.104,52.074
2017-03-07@15:00:00,57.994,54.855,51.716
2017-03-07@14:00:00,57.529,54.691,51.853
2017-03-07@11:30:00,57.800,54.308,50.816
2017-03-07@10:30:00,57.860,53.935,50.011
2017-03-06@15:00:00,57.505,53.798,50.091
2017-03-06@14:00:00,57.373,53.747,50.122
2017-03-06@11:30:00,57.323,53.730,50.137
2017-03-06@10:30:00,57.351,53.739,50.127
2017-03-03@15:00:00,57.390,53.753,50.116
2017-03-03@14:00:00,57.438,53.768,50.098
2017-03-03@11:30:00,57.447,53.771,50.096
2017-03-03@10:30:00,57.672,53.870,50.068
2017-03-02@15:00:00,57.739,53.904,50.069
2017-03-02@14:00:00,57.607,53.838,50.070
2017-03-02@11:30:00,57.562,53.801,50.040
2017-03-02@10:30:00,57.525,53.741,49.957
2017-03-01@15:00:00,57.534,53.667,49.800
2017-03-01@14:00:00,57.545,53.642,49.739
2017-03-01@11:30:00,57.581,53.572,49.563
2017-03-01@10:30:00,57.601,53.521,49.441
2017-02-28@15:00:00,57.616,53.495,49.374
2017-02-28@14:00:00,57.513,53.372,49.232
2017-02-28@11:30:00,57.267,53.512,49.757
2017-02-28@10:30:00,56.965,53.639,50.314
2017-02-27@15:00:00,56.997,53.492,49.987
2017-02-27@14:00:00,56.951,53.287,49.624
2017-02-27@11:30:00,56.726,53.105,49.485
2017-02-27@10:30:00,56.371,52.930,49.489
2017-02-24@15:00:00,56.001,52.748,49.495
2017-02-24@14:00:00,55.480,52.542,49.605
2017-02-24@11:30:00,55.028,52.387,49.747
2017-02-24@10:30:00,54.241,52.161,50.081
2017-02-23@15:00:00,53.548,51.980,50.413
2017-02-23@14:00:00,53.053,51.854,50.655
2017-02-23@11:30:00,52.644,51.733,50.822
2017-02-23@10:30:00,52.448,51.679,50.910
2017-02-22@15:00:00,52.445,51.677,50.910
2017-02-22@14:00:00,52.453,51.680,50.908
2017-02-22@11:30:00,52.556,51.731,50.907
2017-02-22@10:30:00,52.714,51.786,50.858
2017-02-21@15:00:00,52.846,51.839,50.833
2017-02-21@14:00:00,52.943,51.872,50.801
2017-02-21@11:30:00,53.285,51.951,50.618
2017-02-21@10:30:00,53.594,52.046,50.498
2017-02-20@15:00:00,53.708,52.153,50.599
2017-02-20@14:00:00,53.746,52.283,50.821
2017-02-20@11:30:00,53.757,52.328,50.899
2017-02-20@10:30:00,53.754,52.317,50.881
2017-02-17@15:00:00,53.772,52.295,50.818
2017-02-17@14:00:00,53.969,52.209,50.449
2017-02-17@11:30:00,54.144,52.084,50.024
2017-02-17@10:30:00,54.261,52.006,49.752
2017-02-16@15:00:00,54.387,51.910,49.433
2017-02-16@14:00:00,54.453,51.819,49.186
2017-02-16@11:30:00,54.517,51.748,48.980
2017-02-16@10:30:00,54.550,51.652,48.754
2017-02-15@15:00:00,54.647,51.499,48.351
2017-02-15@14:00:00,54.604,51.389,48.174
2017-02-15@11:30:00,54.503,51.264,48.026
2017-02-15@10:30:00,54.336,51.141,47.946
2017-02-14@15:00:00,54.168,50.981,47.795
2017-02-14@14:00:00,53.959,50.859,47.759
2017-02-14@11:30:00,53.503,50.668,47.833
2017-02-14@10:30:00,53.042,50.390,47.738
2017-02-13@15:00:00,52.608,50.147,47.687
2017-02-13@14:00:00,52.038,49.899,47.761
2017-02-13@11:30:00,51.716,49.641,47.567
2017-02-13@10:30:00,51.508,49.387,47.267
2017-02-10@15:00:00,51.498,49.115,46.733
2017-02-10@14:00:00,51.614,48.911,46.208
2017-02-10@11:30:00,51.664,48.728,45.793
2017-02-10@10:30:00,51.620,48.542,45.465
2017-02-09@15:00:00,51.579,48.364,45.150
2017-02-09@14:00:00,51.548,48.133,44.717
2017-02-09@11:30:00,51.432,47.916,44.399
2017-02-09@10:30:00,51.284,47.684,44.085
2017-02-08@15:00:00,51.289,47.466,43.643
2017-02-08@14:00:00,51.063,47.199,43.334
2017-02-08@11:30:00,50.706,46.962,43.217
2017-02-08@10:30:00,50.194,46.733,43.272
2017-02-07@15:00:00,49.821,46.487,43.153
2017-02-07@14:00:00,49.125,46.236,43.347
2017-02-07@11:30:00,48.386,46.005,43.623
2017-02-07@10:30:00,48.050,45.892,43.734
2017-02-06@15:00:00,47.594,45.725,43.855
2017-02-06@14:00:00,47.039,45.586,44.133
2017-02-06@11:30:00,46.741,45.442,44.143
2017-02-06@10:30:00,46.489,45.334,44.178
2017-02-03@15:00:00,46.543,45.217,43.890
2017-02-03@14:00:00,46.534,45.104,43.674
2017-02-03@11:30:00,46.584,44.946,43.308
2017-02-03@10:30:00,46.438,44.821,43.204
2017-01-26@15:00:00,46.506,44.627,42.749
2017-01-26@14:00:00,46.831,44.421,42.011
2017-01-26@11:30:00,46.993,44.195,41.397
2017-01-26@10:30:00,47.017,44.006,40.995
2017-01-25@15:00:00,47.090,43.841,40.593
2017-01-25@14:00:00,47.136,43.660,40.185
2017-01-25@11:30:00,47.036,43.450,39.865
2017-01-25@10:30:00,46.904,43.164,39.424
2017-01-24@15:00:00,46.854,42.935,39.016
2017-01-24@14:00:00,46.651,42.669,38.687
2017-01-24@11:30:00,46.367,42.405,38.443
2017-01-24@10:30:00,45.861,42.097,38.334
2017-01-23@15:00:00,45.510,41.816,38.123
2017-01-23@14:00:00,44.916,41.520,38.125
2017-01-23@11:30:00,44.474,41.350,38.227
2017-01-23@10:30:00,43.893,41.176,38.459
2017-01-20@15:00:00,43.551,41.072,38.593
2017-01-20@14:00:00,43.096,40.935,38.775
2017-01-20@11:30:00,42.887,40.881,38.876
2017-01-20@10:30:00,42.468,40.806,39.145
2017-01-19@15:00:00,42.479,40.809,39.139
2017-01-19@14:00:00,42.603,40.855,39.108
2017-01-19@11:30:00,42.726,40.909,39.092
2017-01-19@10:30:00,42.771,40.927,39.084
2017-01-18@15:00:00,42.810,40.948,39.086
2017-01-18@14:00:00,42.879,40.989,39.098
2017-01-18@11:30:00,42.952,41.029,39.106
2017-01-18@10:30:00,42.975,41.107,39.239
2017-01-17@15:00:00,43.038,41.205,39.372
2017-01-17@14:00:00,43.001,41.267,39.533
2017-01-17@11:30:00,42.980,41.347,39.715
2017-01-17@10:30:00,42.899,41.429,39.959
2017-01-16@15:00:00,42.712,41.481,40.250
2017-01-16@14:00:00,42.473,41.545,40.618
2017-01-16@11:30:00,42.553,41.511,40.470
2017-01-16@10:30:00,42.590,41.480,40.371
2017-01-13@15:00:00,42.592,41.440,40.288
2017-01-13@14:00:00,42.591,41.442,40.293
2017-01-13@11:30:00,42.549,41.393,40.238
2017-01-13@10:30:00,42.442,41.326,40.211
2017-01-12@15:00:00,42.349,41.227,40.106
2017-01-12@14:00:00,42.291,41.134,39.977
2017-01-12@11:30:00,42.219,41.034,39.849
2017-01-12@10:30:00,42.204,40.930,39.656
2017-01-11@15:00:00,42.236,40.818,39.400
2017-01-11@14:00:00,42.255,40.680,39.106
2017-01-11@11:30:00,42.202,40.535,38.869
2017-01-11@10:30:00,42.143,40.409,38.675
2017-01-10@15:00:00,41.987,40.241,38.496
2017-01-10@14:00:00,41.938,40.117,38.297
2017-01-10@11:30:00,41.827,39.946,38.066
2017-01-10@10:30:00,41.656,39.798,37.940
2017-01-09@15:00:00,41.612,39.707,37.802
2017-01-09@14:00:00,41.471,39.595,37.719
2017-01-09@11:30:00,41.391,39.513,37.636
2017-01-09@10:30:00,41.256,39.424,37.593
2017-01-06@15:00:00,41.076,39.313,37.550
2017-01-06@14:00:00,40.790,39.204,37.618
2017-01-06@11:30:00,40.491,39.101,37.711
2017-01-06@10:30:00,40.140,39.008,37.877
2017-01-05@15:00:00,39.918,38.945,37.973
2017-01-05@14:00:00,39.809,38.925,38.041
2017-01-05@11:30:00,39.651,38.891,38.131
2017-01-05@10:30:00,39.599,38.880,38.161
2017-01-04@15:00:00,39.599,38.880,38.161
2017-01-04@14:00:00,39.666,38.905,38.144
2017-01-04@11:30:00,39.662,38.890,38.118
2017-01-04@10:30:00,39.719,38.836,37.953
2017-01-03@15:00:00,39.785,38.794,37.804
2017-01-03@14:00:00,39.786,38.780,37.774
2017-01-03@11:30:00,39.779,38.785,37.792
2017-01-03@10:30:00,39.786,38.775,37.764
2016-12-30@15:00:00,39.833,38.734,37.635
2016-12-30@14:00:00,39.838,38.740,37.642
2016-12-30@11:30:00,39.833,38.733,37.632
2016-12-30@10:30:00,39.823,38.704,37.586
2016-12-29@15:00:00,39.864,38.663,37.461
2016-12-29@14:00:00,39.939,38.579,37.219
2016-12-29@11:30:00,39.915,38.537,37.160
2016-12-29@10:30:00,39.864,38.498,37.132
2016-12-28@15:00:00,39.812,38.440,37.068
2016-12-28@14:00:00,39.655,38.397,37.140
2016-12-28@11:30:00,39.638,38.393,37.148
2016-12-28@10:30:00,39.678,38.401,37.125
2016-12-27@15:00:00,39.676,38.401,37.126
2016-12-27@14:00:00,39.556,38.364,37.173
2016-12-27@11:30:00,39.543,38.355,37.168
2016-12-27@10:30:00,39.544,38.374,37.205
2016-12-26@15:00:00,39.542,38.404,37.266
2016-12-26@14:00:00,39.544,38.405,37.267
2016-12-26@11:30:00,39.545,38.408,37.271
2016-12-26@10:30:00,39.574,38.370,37.167
2016-12-23@15:00:00,39.607,38.349,37.092
2016-12-23@14:00:00,39.563,38.318,37.074
2016-12-23@11:30:00,39.565,38.319,37.074
2016-12-23@10:30:00,39.609,38.346,37.084
2016-12-22@15:00:00,39.722,38.428,37.135
2016-12-22@14:00:00,39.910,38.571,37.232
2016-12-22@11:30:00,40.202,38.688,37.173
2016-12-22@10:30:00,40.405,38.783,37.161
2016-12-21@15:00:00,40.558,38.896,37.235
2016-12-21@14:00:00,40.759,38.972,37.186
2016-12-21@11:30:00,40.766,38.977,37.188
2016-12-21@10:30:00,40.702,38.938,37.173
2016-12-20@15:00:00,40.669,38.912,37.154
2016-12-20@14:00:00,40.668,38.910,37.153
2016-12-20@11:30:00,40.669,38.921,37.173
2016-12-20@10:30:00,40.794,38.852,36.910
2016-12-19@15:00:00,40.941,38.761,36.580
2016-12-19@14:00:00,40.971,38.707,36.442
2016-12-19@11:30:00,40.984,38.667,36.350
2016-12-19@10:30:00,40.968,38.701,36.434
2016-12-16@15:00:00,40.941,38.753,36.566
2016-12-16@14:00:00,40.941,38.761,36.581
2016-12-16@11:30:00,40.951,38.709,36.467
2016-12-16@10:30:00,40.967,38.627,36.287
2016-12-15@15:00:00,40.933,38.508,36.083
2016-12-15@14:00:00,40.740,38.380,36.019
2016-12-15@11:30:00,40.447,38.245,36.042
2016-12-15@10:30:00,40.158,38.112,36.066
2016-12-14@15:00:00,39.822,37.989,36.157
2016-12-14@14:00:00,39.321,37.859,36.397
2016-12-14@11:30:00,39.074,37.759,36.445
2016-12-14@10:30:00,38.912,37.687,36.462
2016-12-13@15:00:00,38.769,37.582,36.396
2016-12-13@14:00:00,38.587,37.511,36.435
2016-12-13@11:30:00,38.407,37.459,36.512
2016-12-13@10:30:00,38.449,37.513,36.577
2016-12-12@15:00:00,38.402,37.573,36.744
2016-12-12@14:00:00,38.596,37.642,36.687
2016-12-12@11:30:00,38.906,37.727,36.548
2016-12-12@10:30:00,39.150,37.786,36.421
2016-12-09@15:00:00,39.174,37.794,36.413
2016-12-09@14:00:00,39.264,37.822,36.379
2016-12-09@11:30:00,39.490,37.911,36.331
2016-12-09@10:30:00,39.571,37.990,36.409
2016-12-08@15:00:00,39.892,38.146,36.400
2016-12-08@14:00:00,40.405,38.318,36.231
2016-12-08@11:30:00,40.726,38.462,36.197
2016-12-08@10:30:00,41.023,38.619,36.215
2016-12-07@15:00:00,41.404,38.796,36.187
2016-12-07@14:00:00,41.520,38.905,36.290
2016-12-07@11:30:00,41.542,39.017,36.491
2016-12-07@10:30:00,41.534,39.118,36.701
2016-12-06@15:00:00,41.411,39.261,37.110
2016-12-06@14:00:00,41.678,39.187,36.696
2016-12-06@11:30:00,41.908,39.100,36.292
2016-12-06@10:30:00,42.144,38.983,35.821
2016-12-05@15:00:00,42.330,38.875,35.420
2016-12-05@14:00:00,42.407,38.745,35.082
2016-12-05@11:30:00,42.454,38.567,34.679
2016-12-05@10:30:00,42.438,38.389,34.340
2016-12-02@15:00:00,42.432,38.267,34.103
2016-12-02@14:00:00,42.371,38.154,33.938
2016-12-02@11:30:00,42.258,38.000,33.742
2016-12-02@10:30:00,42.177,37.893,33.609
2016-12-01@15:00:00,41.918,37.715,33.512
2016-12-01@14:00:00,41.473,37.529,33.585
2016-12-01@11:30:00,41.050,37.334,33.618
2016-12-01@10:30:00,40.533,37.112,33.692
2016-11-30@15:00:00,39.739,36.862,33.985
2016-11-30@14:00:00,39.178,36.657,34.137
2016-11-30@11:30:00,38.633,36.464,34.296
2016-11-30@10:30:00,37.995,36.280,34.565
2016-10-13@15:00:00,36.932,36.110,35.288
2016-10-13@14:00:00,37.058,36.169,35.279
2016-10-13@11:30:00,37.173,36.225,35.278
2016-10-13@10:30:00,37.225,36.286,35.347
2016-10-12@15:00:00,37.225,36.286,35.347
2016-10-12@14:00:00,37.249,36.308,35.367
2016-10-12@11:30:00,37.268,36.359,35.450
2016-10-12@10:30:00,37.267,36.394,35.521
2016-10-11@15:00:00,37.303,36.425,35.546
2016-10-11@14:00:00,37.333,36.438,35.542
2016-10-11@11:30:00,38.009,36.277,34.545
2016-10-11@10:30:00,38.348,36.093,33.838
2016-10-10@15:00:00,38.529,35.919,33.308
2016-10-10@14:00:00,38.409,35.774,33.139
2016-10-10@11:30:00,38.322,35.692,33.061
2016-10-10@10:30:00,38.274,35.652,33.030
2016-09-30@15:00:00,38.264,35.647,33.029
2016-09-30@14:00:00,38.238,35.620,33.001
2016-09-30@11:30:00,38.238,35.620,33.001
2016-09-30@10:30:00,38.216,35.588,32.960
2016-09-29@15:00:00,38.162,35.544,32.926
2016-09-29@14:00:00,37.987,35.441,32.895
2016-09-29@11:30:00,37.808,35.364,32.919
2016-09-29@10:30:00,37.624,35.271,32.917
2016-09-28@15:00:00,37.586,35.222,32.858
2016-09-28@14:00:00,37.481,35.063,32.645
2016-09-28@11:30:00,37.322,34.884,32.445
2016-09-28@10:30:00,37.205,34.687,32.169
2016-09-27@15:00:00,36.906,34.522,32.138
2016-09-27@14:00:00,36.657,34.277,31.897
2016-09-27@11:30:00,36.774,34.217,31.659
2016-09-27@10:30:00,36.877,34.159,31.441
2016-09-26@15:00:00,36.972,34.095,31.218
2016-09-26@14:00:00,36.996,33.981,30.966
2016-09-26@11:30:00,36.920,33.843,30.765
2016-09-26@10:30:00,36.769,33.666,30.563
2016-09-23@15:00:00,36.446,33.454,30.462
2016-09-23@14:00:00,36.236,33.261,30.286
2016-09-23@11:30:00,35.903,33.048,30.192
2016-09-23@10:30:00,35.648,32.858,30.068
2016-09-22@15:00:00,35.284,32.669,30.054
2016-09-22@14:00:00,34.950,32.493,30.035
2016-09-22@11:30:00,34.383,32.285,30.188
2016-09-22@10:30:00,nan,nan,nan
2016-09-21@15:00:00,nan,nan,nan
2016-09-21@14:00:00,nan,nan,nan
2016-09-21@11:30:00,nan,nan,nan
2016-09-21@10:30:00,nan,nan,nan
2016-09-20@15:00:00,nan,nan,nan
2016-09-20@14:00:00,nan,nan,nan
2016-09-20@11:30:00,nan,nan,nan
2016-09-20@10:30:00,nan,nan,nan
2016-09-19@15:00:00,nan,nan,nan
2016-09-19@14:00:00,nan,nan,nan
2016-09-19@11:30:00,nan,nan,nan
2016-09-19@10:30:00,nan,nan,nan
2016-09-14@15:00:00,nan,nan,nan
2016-09-14@14:00:00,nan,nan,nan
2016-09-14@11:30:00,nan,nan,nan
2016-09-14@10:30:00,nan,nan,nan
2016-09-13@15:00:00,nan,nan,nan
2016-09-13@14:00:00,nan,nan,nan
