date,open,high,close,low,volume,price_change,p_change,ma5,ma10,ma20,v_ma5,v_ma10,v_ma20,turnover
2017-01-06 15:00:00,48.82,49.0,48.75,48.7,1249.0,-0.07,-0.14,49.094,49.561,50.1485,1073.13,1123.55,920.98,0.5
2017-01-06 14:30:00,49.01,49.14,48.8,48.66,1143.39,-0.21,-0.43,49.252,49.752,50.2325,1125.33,1048.65,897.96,0.46
2017-01-06 14:00:00,49.42,49.42,49.02,48.99,1786.86,-0.4,-0.81,49.352,49.942,50.316,1187.45,973.11,878.24,0.71
2017-01-06 13:30:00,49.47,49.49,49.43,49.3,534.41,-0.04,-0.08,49.59,50.12,50.3885,990.28,836.09,821.78,0.21
2017-01-06 11:30:00,49.54,50.0,49.47,49.44,652.0,-0.07,-0.14,49.82,50.247,50.4395,1140.57,802.45,821.56,0.26
2017-01-06 11:00:00,49.25,49.79,49.54,49.25,1510.0,0.29,0.59,50.028,50.379,50.501,1173.97,805.55,849.31,0.6
2017-01-06 10:30:00,50.23,50.25,49.3,49.3,1454.0,-0.93,-1.85,50.252,50.479,50.554,971.97,755.95,805.01,0.58
2017-01-06 10:00:00,50.74,50.74,50.21,50.18,801.0,-0.53,-1.04,50.532,50.633,50.618,758.77,747.52,765.0,0.32
2017-01-05 15:00:00,50.51,50.63,50.58,50.45,1285.87,0.07,0.14,50.65,50.682,50.64,681.9,755.5,746.85,0.51
2017-01-05 14:30:00,50.66,50.7,50.51,50.46,819.0,-0.15,-0.3,50.674,50.698,50.6495,464.33,720.41,714.16,0.33
2017-01-05 14:00:00,50.7,50.8,50.66,50.6,500.0,-0.04,-0.08,50.73,50.736,50.669,437.13,718.41,718.73,0.2
2017-01-05 13:30:00,50.78,50.8,50.7,50.56,388.0,-0.08,-0.16,50.706,50.713,50.6425,539.93,747.27,720.93,0.16
2017-01-05 11:30:00,50.62,50.8,50.8,50.57,416.65,0.18,0.36,50.734,50.69,50.615,736.26,783.37,810.75,0.17
2017-01-05 11:00:00,50.79,50.8,50.7,50.57,198.0,-0.09,-0.18,50.714,50.657,50.589,829.09,807.48,903.14,0.08
2017-01-05 10:30:00,50.54,50.8,50.79,50.53,683.0,0.25,0.49,50.722,50.632,50.5865,976.49,840.68,925.79,0.27
2017-01-05 10:00:00,50.81,50.81,50.54,50.47,1014.0,-0.27,-0.53,50.742,50.623,50.5925,999.69,893.08,929.71,0.41
2017-01-04 15:00:00,50.7,50.86,50.84,50.7,1369.66,0.14,0.28,50.72,50.629,50.6095,954.6,854.08,893.66,0.55
2017-01-04 14:30:00,50.74,50.95,50.7,50.67,880.8,-0.04,-0.08,50.646,50.603,50.5995,830.47,782.49,869.47,0.35
2017-01-04 14:00:00,50.89,50.95,50.74,50.68,935.0,-0.15,-0.29,50.6,50.598,50.596,785.86,738.21,875.19,0.37
2017-01-04 13:30:00,50.52,50.98,50.89,50.52,799.0,0.37,0.73,50.542,50.601,50.599,704.86,707.91,876.54,0.32
2017-01-04 11:30:00,50.47,50.58,50.43,50.38,788.56,-0.04,-0.08,50.504,50.602,50.6015,786.46,719.06,1034.59,0.32
2017-01-04 11:00:00,50.47,50.55,50.47,50.32,749.0,0.0,0.0,50.538,50.572,50.663,753.55,694.6,1076.16,0.3
2017-01-04 10:30:00,50.45,50.49,50.47,50.3,657.73,0.02,0.04,50.56,50.54,50.7425,734.51,838.14,1068.86,0.26
2017-01-04 10:00:00,50.42,50.65,50.45,50.26,530.0,0.03,0.06,50.596,50.521,50.8375,690.56,998.8,1062.37,0.21
2017-01-03 15:00:00,50.6,50.75,50.7,50.0,1207.0,0.1,0.2,50.66,50.541,50.9275,710.96,1010.9,1076.92,0.48
2017-01-03 14:30:00,50.58,50.79,50.6,50.51,624.0,0.02,0.04,50.7,50.562,51.0275,651.65,966.33,1118.56,0.25
2017-01-03 14:00:00,50.65,50.85,50.58,50.54,653.8,-0.07,-0.14,50.606,50.59,51.0935,635.65,933.23,1593.8,0.26
2017-01-03 13:30:00,50.73,50.75,50.65,50.46,438.0,-0.08,-0.16,50.52,50.596,51.181,941.77,956.45,1655.01,0.18
2017-01-03 11:30:00,50.9,50.9,50.77,50.67,632.0,-0.13,-0.26,50.446,50.594,51.218,1307.05,1012.16,1733.65,0.25
2017-01-03 11:00:00,50.13,50.98,50.9,50.02,910.46,0.77,1.54,50.422,50.597,51.212,1310.84,1045.16,1768.55,0.36
2017-01-03 10:30:00,50.15,50.15,50.13,49.96,544.0,-0.02,-0.04,50.424,50.601,51.2145,1281.02,1350.12,1784.29,0.22
2017-01-03 10:00:00,50.45,50.45,50.15,49.2,2184.38,-0.3,-0.59,50.574,50.754,51.243,1230.82,1457.72,1819.19,0.87
2016-12-30 15:00:00,50.68,50.68,50.28,50.12,2264.4,-0.4,-0.79,50.672,50.945,51.2755,971.14,1299.58,1757.73,0.91
2016-12-30 14:30:00,50.9,50.92,50.65,50.65,650.98,-0.25,-0.49,50.742,51.154,51.3215,717.28,1125.94,1745.6,0.26
2016-12-30 14:00:00,50.88,50.98,50.91,50.66,761.32,0.03,0.06,50.772,51.314,51.3315,779.48,1142.94,1817.15,0.3
2016-12-30 13:30:00,50.71,50.88,50.88,50.65,293.0,0.17,0.34,50.778,51.493,51.31,1419.22,1270.78,1886.59,0.12
2016-12-30 11:30:00,50.68,50.71,50.64,50.59,886.0,-0.04,-0.08,50.934,51.597,51.2685,1684.62,2254.37,1959.04,0.35
2016-12-30 11:00:00,50.8,50.98,50.63,50.6,995.09,-0.17,-0.33,51.218,51.766,51.233,1628.02,2353.57,2007.64,0.4
2016-12-30 10:30:00,50.94,51.0,50.8,50.69,962.0,-0.14,-0.27,51.566,51.842,51.211,1534.6,2455.14,2060.57,0.38
2016-12-30 10:00:00,51.51,52.2,50.94,50.51,3960.0,-0.57,-1.11,51.856,51.827,51.1915,1506.4,2491.94,2037.27,1.58
2016-12-29 15:00:00,52.06,52.2,51.66,51.32,1620.02,-0.4,-0.77,52.208,51.828,51.1745,1122.33,2218.47,1847.42,0.65
2016-12-29 14:30:00,52.38,52.38,52.06,52.02,603.0,-0.32,-0.61,52.26,51.732,51.117,2824.11,2180.67,1786.25,0.24
2016-12-29 14:00:00,52.25,52.55,52.37,52.06,528.0,0.12,0.23,52.314,51.606,51.036,3079.11,2215.87,1780.1,0.21
2016-12-29 13:30:00,52.7,52.91,52.25,52.25,821.0,-0.45,-0.85,52.118,51.489,50.941,3375.67,2365.27,1782.3,0.33
2016-12-29 11:30:00,51.92,52.79,52.7,51.89,2039.65,0.78,1.5,51.798,51.349,50.8725,3477.47,2491.37,1791.67,0.82
2016-12-29 11:00:00,52.33,54.88,51.92,51.61,10128.9,-0.41,-0.78,51.448,51.127,50.772,3314.61,2502.4,1763.24,4.05
2016-12-29 10:30:00,51.48,52.33,52.33,51.35,1878.0,0.85,1.65,51.204,50.94,50.7255,1537.22,1663.71,1316.41,0.75
2016-12-29 10:00:00,50.46,51.6,51.39,50.46,2010.8,0.93,1.84,50.898,50.7,50.619,1352.63,1661.71,1255.06,0.8
2016-12-28 15:00:00,50.95,50.99,50.65,50.64,1330.0,-0.3,-0.59,50.86,50.58,50.5495,1354.86,1666.0,1206.77,0.53
2016-12-28 14:30:00,50.7,51.2,50.95,50.69,1225.32,0.25,0.49,50.9,50.556,50.471,1505.26,1582.6,1209.72,0.49
2016-12-28 14:00:00,50.8,50.8,50.7,50.6,1242.0,-0.1,-0.2,50.806,50.521,50.3835,1690.2,1476.36,1230.86,0.5
2016-12-28 13:30:00,51.2,51.2,50.8,50.71,955.04,-0.4,-0.78,50.676,50.502,50.3075,1790.2,1391.83,1272.66,0.38
2016-12-28 11:30:00,50.85,51.2,51.2,50.83,2021.96,0.35,0.69,50.502,50.466,50.2275,1970.79,1344.33,1412.6,0.81
2016-12-28 11:00:00,50.48,50.98,50.85,50.33,2081.99,0.37,0.73,50.3,50.393,50.285,1977.13,1199.33,1387.75,0.83
2016-12-28 10:30:00,50.05,50.51,50.48,49.92,2150.0,0.43,0.86,50.212,50.396,50.363,1659.93,1091.97,1362.7,0.86
2016-12-28 10:00:00,50.0,50.19,50.05,49.6,1742.0,0.05,0.1,50.236,50.417,50.4545,1262.53,1024.07,1347.66,0.7
2016-12-27 15:00:00,50.19,50.28,49.93,49.88,1858.0,-0.26,-0.52,50.328,50.511,50.584,993.46,969.11,1381.48,0.74
2016-12-27 14:30:00,50.41,50.41,50.19,49.8,2053.66,-0.22,-0.44,50.43,50.538,50.702,717.86,848.41,1327.08,0.82
2016-12-27 14:00:00,50.6,50.61,50.41,50.35,496.0,-0.19,-0.38,50.486,50.519,50.806,421.53,747.55,1255.4,0.2
2016-12-27 13:30:00,50.51,50.8,50.6,50.51,163.0,0.09,0.18,50.58,50.386,50.905,524.01,836.85,1311.0,0.07
2016-12-27 11:30:00,50.44,50.71,50.51,50.44,396.65,0.07,0.14,50.598,50.246,51.0175,785.61,985.35,1463.71,0.16
2016-12-27 11:00:00,50.47,50.67,50.44,50.35,480.0,-0.03,-0.06,50.694,50.113,51.0975,944.76,1153.48,1506.07,0.19
2016-12-27 10:30:00,50.89,50.9,50.47,50.31,572.0,-0.42,-0.83,50.646,49.989,51.187,978.96,1480.88,1513.52,0.23
2016-12-27 10:00:00,50.16,51.23,50.88,50.16,1008.41,0.72,1.44,50.552,50.177,51.273,1073.56,1576.18,1515.06,0.4
2016-12-26 15:00:00,51.0,51.0,50.69,50.67,1471.0,-0.31,-0.61,50.192,50.33,51.327,1149.68,1633.42,1482.49,0.59
2016-12-26 14:30:00,50.2,51.0,50.99,50.2,1192.4,0.79,1.57,49.894,50.492,51.39,1185.08,1671.24,1444.09,0.48
2016-12-26 14:00:00,50.0,50.39,50.2,49.91,651.0,0.2,0.4,49.532,50.657,51.4435,1362.2,1793.86,1408.06,0.26
2016-12-26 13:30:00,49.08,50.03,50.0,49.08,1045.0,0.92,1.87,49.332,50.866,51.533,1982.8,1805.76,1417.85,0.42
2016-12-26 11:30:00,49.2,49.4,49.08,48.46,1389.0,-0.12,-0.24,49.802,51.093,51.633,2078.8,1763.25,1442.4,0.56
2016-12-26 11:00:00,49.33,49.4,49.2,48.73,1648.0,-0.13,-0.26,50.468,51.424,51.7945,2117.16,1785.15,1464.89,0.66
2016-12-26 10:30:00,49.2,49.52,49.18,48.88,2078.0,-0.02,-0.04,51.09,51.789,51.929,2157.4,1942.06,1450.16,0.83
2016-12-26 10:00:00,52.03,52.03,49.2,48.69,3754.02,-2.83,-5.44,51.782,52.082,52.0545,2225.51,1858.66,1379.96,1.5
2016-12-23 15:00:00,52.41,52.51,52.35,52.3,1524.96,-0.06,-0.11,52.4,52.385,52.173,1628.71,1546.16,1225.91,0.61
2016-12-23 14:30:00,52.31,52.55,52.41,52.27,1580.8,0.1,0.19,52.384,52.369,52.1325,1447.71,1453.95,1167.06,0.63
2016-12-23 14:00:00,52.68,52.8,52.31,52.31,1849.2,-0.37,-0.7,52.38,52.324,52.0955,1453.15,1331.57,1120.82,0.74
2016-12-23 13:30:00,52.3,52.9,52.64,52.28,2418.57,0.34,0.65,52.488,52.288,52.071,1726.73,1216.95,1062.96,0.97
2016-12-23 11:30:00,52.27,52.59,52.29,52.26,770.0,0.02,0.04,52.382,52.23,52.0255,1491.82,1022.27,1000.48,0.31
2016-12-23 11:00:00,52.39,52.58,52.27,52.24,619.99,-0.12,-0.23,52.37,52.2,51.975,1463.62,1029.94,1003.93,0.25
2016-12-23 10:30:00,52.87,52.87,52.39,52.22,1608.0,-0.48,-0.91,52.354,52.173,51.9205,1460.18,1121.54,1031.55,0.64
2016-12-23 10:00:00,52.16,52.99,52.85,52.16,3217.11,0.69,1.32,52.268,52.165,51.8435,1209.98,1144.62,978.4,1.29
2016-12-22 15:00:00,52.23,52.3,52.11,52.11,1244.0,-0.12,-0.23,52.088,52.069,51.751,707.16,958.26,847.45,0.5
2016-12-22 14:30:00,52.19,52.3,52.23,52.13,629.0,0.04,0.08,52.078,52.027,51.709,552.72,901.26,797.1,0.25
2016-12-22 14:00:00,51.96,52.33,52.19,51.91,602.8,0.23,0.44,52.03,51.961,51.6615,596.27,905.66,790.9,0.24
2016-12-22 13:30:00,52.03,52.07,51.96,51.93,357.0,-0.07,-0.13,51.992,51.896,51.6205,782.91,880.18,790.3,0.14
2016-12-22 11:30:00,52.06,52.06,51.95,51.91,703.0,-0.11,-0.21,52.062,51.867,51.5755,1079.27,910.08,806.75,0.28
2016-12-22 11:00:00,51.99,52.2,52.06,51.87,471.81,0.07,0.13,52.05,51.854,51.5295,1209.35,908.98,798.05,0.19
2016-12-22 10:30:00,51.88,52.0,51.99,51.82,846.73,0.11,0.21,51.976,51.821,51.4815,1249.79,978.69,806.91,0.34
2016-12-22 10:00:00,52.52,52.65,52.0,51.85,1536.0,-0.52,-0.99,51.892,51.75,51.4395,1215.04,977.92,789.22,0.61
2016-12-21 15:00:00,51.9,52.36,52.31,51.9,1838.8,0.41,0.79,51.8,51.668,51.403,977.44,941.56,725.72,0.74
2016-12-21 14:30:00,51.69,52.0,51.89,51.59,1353.41,0.2,0.39,51.672,51.522,51.342,740.88,812.18,659.12,0.54
2016-12-21 14:00:00,51.57,51.79,51.69,51.57,674.0,0.12,0.23,51.658,51.433,51.288,608.6,736.64,639.41,0.27
2016-12-21 13:30:00,51.54,51.63,51.57,51.43,673.0,0.03,0.06,51.666,51.391,51.2565,707.6,692.94,395.26,0.27
2016-12-21 11:30:00,51.67,51.7,51.54,51.52,348.0,-0.13,-0.25,51.608,51.362,51.261,740.8,676.14,695.68,0.14
2016-12-21 11:00:00,51.82,51.82,51.67,51.51,656.0,-0.15,-0.29,51.536,51.345,51.267,905.68,700.42,735.8,0.26
2016-12-21 10:30:00,51.73,51.9,51.82,51.7,692.0,0.09,0.17,51.372,51.284,51.2775,883.48,703.42,732.7,0.28
2016-12-21 10:00:00,51.72,51.97,51.73,51.42,1169.0,0.01,0.02,51.208,51.205,51.266,864.68,687.12,750.95,0.47
2016-12-20 15:00:00,51.18,51.28,51.28,51.1,839.0,0.1,0.2,51.116,51.142,51.255,678.28,635.12,719.5,0.34
2016-12-20 14:30:00,50.85,51.38,51.18,50.85,1172.39,0.33,0.65,51.116,51.129,51.2775,611.48,600.52,699.75,0.47
2016-12-20 14:00:00,51.0,51.05,50.85,50.8,545.0,-0.15,-0.29,51.154,51.138,51.314,495.16,509.88,676.81,0.22
2016-12-20 13:30:00,51.27,51.27,51.0,50.8,598.0,-0.27,-0.53,51.196,51.162,51.367,523.36,506.05,695.8,0.24
2016-12-20 11:30:00,51.28,51.28,51.27,51.1,237.0,-0.01,-0.02,51.202,51.143,51.422,509.56,542.17,720.98,0.09
2016-12-20 11:00:00,51.37,51.37,51.28,50.85,505.0,-0.09,-0.18,51.168,51.122,51.449,591.96,97.57,761.93,0.2
2016-12-20 10:30:00,51.05,51.4,51.37,51.0,590.8,0.32,0.63,51.142,51.16,51.468,589.56,715.22,786.28,0.24
2016-12-20 10:00:00,51.0,51.23,51.06,50.8,686.0,0.06,0.12,51.122,51.189,51.5015,524.6,771.19,786.59,0.27
2016-12-19 15:00:00,50.95,51.12,51.03,50.89,529.0,0.08,0.16,51.128,51.271,51.5505,488.74,761.98,796.74,0.21
2016-12-19 14:30:00,51.15,51.15,51.1,50.8,649.0,-0.05,-0.1,51.084,51.327,51.6165,574.79,814.78,818.28,0.26
2016-12-19 14:00:00,51.27,51.27,51.15,50.91,493.0,-0.12,-0.23,51.076,51.368,51.667,-396.81,803.89,858.28,0.2
2016-12-19 13:30:00,51.09,51.29,51.27,51.04,266.0,0.18,0.35,51.178,51.426,51.7105,840.88,798.98,915.9,0.11
2016-12-19 11:30:00,50.81,51.29,51.09,50.81,506.72,0.28,0.55,51.256,51.49,51.717,1017.77,843.74,1024.57,0.2
2016-12-19 11:00:00,51.06,51.09,50.81,50.75,959.22,-0.25,-0.49,51.414,51.572,51.7395,1035.21,885.55,1119.3,0.38
2016-12-19 10:30:00,51.66,51.66,51.06,51.01,-4209.0,-0.6,-1.16,51.57,51.701,51.76,1054.77,899.79,1125.18,-1.68
2016-12-19 10:00:00,51.66,51.66,51.66,51.66,6681.45,0.0,0.0,51.66,51.776,51.786,2004.58,1426.29,1400.34,2.67
2016-12-16 15:00:00,51.88,51.9,51.66,51.65,1150.46,-0.22,-0.42,51.674,51.776,51.788,757.08,857.35,1228.51,0.46
2016-12-16 14:30:00,51.59,51.91,51.88,51.38,593.94,0.29,0.56,51.724,51.814,51.7355,669.71,802.0,1228.88,0.24
2016-12-16 14:00:00,51.31,51.68,51.59,51.28,1057.0,0.28,0.55,51.73,51.83,51.657,735.88,831.51,1237.19,0.42
2016-12-16 13:30:00,51.73,51.77,51.51,51.5,540.06,-0.22,-0.43,51.832,51.906,51.589,744.81,821.79,1276.76,0.22
2016-12-16 11:30:00,51.91,51.95,51.73,51.68,443.94,-0.18,-0.35,51.892,51.966,51.554,848.0,912.68,1318.46,0.18
2016-12-16 11:00:00,51.91,52.01,51.91,51.91,713.59,0.0,0.0,51.878,51.995,51.5175,957.61,1032.82,1377.22,0.29
2016-12-16 10:30:00,52.1,52.15,51.91,51.88,924.8,-0.19,-0.36,51.904,51.944,51.5075,934.29,1205.4,1387.98,0.37
2016-12-16 10:00:00,51.75,52.1,52.1,51.55,1101.66,0.35,0.68,51.93,51.907,51.4735,927.13,1353.05,1400.04,0.44
2016-12-15 15:00:00,51.66,51.88,51.81,51.66,1056.0,0.15,0.29,51.98,51.819,51.432,898.76,1350.58,1403.25,0.42
2016-12-15 14:30:00,52.04,52.12,51.66,51.54,992.0,-0.38,-0.73,52.04,51.796,51.3645,977.36,1374.38,1433.9,0.4
2016-12-15 14:00:00,52.04,52.29,52.04,52.01,597.0,0.0,0.0,52.112,51.8,51.2925,1108.02,1599.67,1491.53,0.24
2016-12-15 13:30:00,52.35,52.39,52.04,52.04,889.0,-0.31,-0.59,51.984,51.657,51.2445,1476.51,1655.77,1506.98,0.36
2016-12-15 11:30:00,52.11,52.58,52.35,52.06,959.8,0.24,0.46,51.884,51.484,51.198,1778.96,1642.87,1565.93,0.38
2016-12-15 11:00:00,52.02,52.39,52.11,52.01,1449.0,0.09,0.17,51.658,51.272,51.1685,1802.4,1731.73,1622.29,0.58
2016-12-15 10:30:00,51.4,52.3,52.02,51.4,1645.3,0.62,1.21,51.552,51.142,51.199,1771.4,1724.23,1625.99,0.66
2016-12-15 10:00:00,51.54,52.08,51.4,51.15,2439.45,-0.14,-0.27,51.488,51.04,51.263,2091.31,1721.62,1631.07,0.98
2016-12-14 15:00:00,51.22,52.49,51.54,51.0,2401.25,0.32,0.62,51.33,51.071,51.403,1835.02,1570.56,1537.7,0.96
2016-12-14 14:30:00,51.58,51.85,51.22,51.22,1077.0,-0.36,-0.7,51.084,51.04,51.5325,1506.77,1447.03,1455.09,0.43
2016-12-14 14:00:00,51.7,51.86,51.58,51.51,1294.0,-0.12,-0.23,50.886,51.045,51.689,1661.07,1455.91,1475.59,0.52
2016-12-14 13:30:00,50.61,53.0,51.7,50.4,3244.86,1.09,2.15,50.732,50.933,51.8405,1677.07,1493.41,1488.54,1.3
2016-12-14 11:30:00,50.31,51.0,50.61,50.16,1158.0,0.3,0.6,50.592,50.785,51.982,1351.94,1383.39,1527.48,0.46
2016-12-14 11:00:00,50.23,50.37,50.31,50.0,760.0,0.08,0.16,50.812,50.832,52.284,1306.1,1358.19,1881.6,0.3
2016-12-14 10:30:00,50.81,50.85,50.23,50.02,1848.48,-0.58,-1.14,50.996,50.912,52.507,1387.3,1488.99,1997.54,0.74
2016-12-14 10:00:00,51.5,51.5,50.81,50.75,1374.0,-0.69,-1.34,51.204,51.065,52.715,1250.76,1512.84,1978.71,0.55
2016-12-13 15:00:00,51.7,51.7,51.0,50.87,1619.2,-0.7,-1.35,51.134,51.256,52.9085,1309.76,1527.74,1945.61,0.65
2016-12-13 14:30:00,51.23,51.8,51.71,51.23,928.8,0.48,0.94,50.978,51.486,53.0945,1414.84,1540.52,1919.41,0.37
2016-12-13 14:00:00,51.27,51.85,51.23,51.22,1166.0,-0.04,-0.08,50.852,51.735,53.246,1410.28,1504.84,1985.28,0.47
2016-12-13 13:30:00,50.46,51.29,51.27,50.33,1165.79,0.81,1.61,50.828,52.025,53.415,1590.68,1463.14,2014.93,0.47
2016-12-13 11:30:00,50.22,50.57,50.46,49.52,1669.0,0.24,0.48,50.926,52.333,53.5945,1774.92,1495.26,2139.19,0.67
2016-12-13 11:00:00,51.08,51.11,50.22,50.0,2144.6,-0.86,-1.68,51.378,52.748,53.8855,1745.72,1483.66,2141.39,0.86
2016-12-13 10:30:00,51.11,51.3,51.08,50.93,906.0,-0.03,-0.06,51.994,53.179,54.2045,1666.2,1671.58,2076.81,0.36
2016-12-13 10:00:00,50.61,52.0,51.11,50.61,2068.0,0.5,0.99,52.618,53.736,54.4845,1599.4,2405.01,2071.46,0.83
2016-12-12 15:00:00,52.73,53.05,51.76,51.61,2087.0,-0.97,-1.84,53.222,54.102,54.7545,1335.6,2506.09,2030.96,0.83
2016-12-12 14:30:00,53.3,53.4,52.72,52.5,1523.0,-0.58,-1.09,53.74,54.365,55.0365,1215.6,2444.59,2108.26,0.61
2016-12-12 14:00:00,54.19,54.19,53.3,53.2,1747.0,-0.89,-1.64,54.118,54.561,55.2185,1221.6,2363.49,2181.84,0.7
2016-12-12 13:30:00,54.33,54.36,54.2,54.02,572.0,-0.13,-0.24,54.364,54.703,55.4055,1676.96,2298.3,2211.79,0.23
2016-12-12 11:30:00,54.4,54.46,54.13,53.96,749.0,-0.27,-0.5,54.854,54.757,55.558,3210.62,2465.71,2291.04,0.3
2016-12-12 11:00:00,54.61,54.7,54.35,53.92,1487.0,-0.26,-0.48,54.982,54.805,55.747,3676.58,2566.71,2361.69,0.59
2016-12-12 10:30:00,54.53,54.95,54.61,54.5,1553.0,0.08,0.15,54.99,54.856,55.9255,3673.58,2783.11,2344.34,0.62
2016-12-12 10:00:00,56.11,56.87,54.53,54.51,4023.8,-1.58,-2.82,55.004,55.023,56.0975,3505.38,2799.11,2305.19,1.61
2016-12-09 15:00:00,54.8,56.66,56.65,54.8,8240.3,1.85,3.38,55.042,55.23,56.29,2919.63,2482.03,2140.6,3.3
2016-12-09 14:30:00,54.39,54.77,54.77,53.89,3078.8,0.38,0.7,54.66,55.233,56.3455,1720.8,1737.9,1752.73,1.23
2016-12-09 14:00:00,54.68,54.68,54.39,54.38,1472.0,-0.29,-0.53,54.628,55.407,56.4925,1456.84,1555.82,1633.79,0.59
2016-12-09 13:30:00,54.72,54.75,54.68,54.52,712.0,-0.04,-0.07,54.722,55.708,56.6535,1892.64,1771.92,1653.89,0.28
2016-12-09 11:30:00,54.74,54.79,54.72,54.47,1095.05,-0.02,-0.04,55.042,55.876,56.8145,2092.84,2000.19,1755.79,0.44
2016-12-09 11:00:00,54.61,54.86,54.74,54.36,2246.17,0.13,0.24,55.418,56.108,57.009,2044.43,2125.28,1806.94,0.9
2016-12-09 10:30:00,54.86,55.07,54.61,54.61,1759.0,-0.25,-0.46,55.806,56.359,57.2145,1755.0,2116.36,1761.33,0.7
2016-12-09 10:00:00,56.04,56.18,54.86,54.59,3651.0,-1.18,-2.11,56.186,56.689,57.429,1654.8,2156.66,1713.18,1.46
2016-12-08 15:00:00,56.6,56.61,56.28,56.0,1713.0,-0.32,-0.57,56.694,56.995,57.617,1651.2,1905.56,1599.77,0.69
2016-12-08 14:30:00,56.68,56.83,56.6,56.3,853.0,-0.08,-0.14,56.71,57.172,57.72,1907.53,1811.26,1574.33,0.34
2016-12-08 14:00:00,56.52,56.84,56.68,56.38,799.0,0.16,0.28,56.798,57.35,57.809,2206.12,1799.16,1605.7,0.32
2016-12-08 13:30:00,57.4,57.59,56.51,56.38,1258.0,-0.89,-1.55,56.912,57.458,57.8905,2477.72,1767.56,1718.3,0.5
2016-12-08 11:30:00,56.37,57.98,57.4,55.92,3633.0,1.03,1.83,57.192,57.578,57.959,2658.52,1711.76,1723.6,1.45
2016-12-08 11:00:00,57.04,57.18,56.36,56.31,2994.64,-0.68,-1.19,57.296,57.599,57.939,2159.92,1535.86,1647.3,1.2
2016-12-08 10:30:00,57.25,57.29,57.04,56.86,2345.96,-0.21,-0.37,57.634,57.753,57.979,1714.99,1511.39,1595.07,0.94
2016-12-08 10:00:00,58.3,58.3,57.25,57.19,2157.0,-1.05,-1.8,57.902,57.91,58.0135,1392.2,1488.6,1504.42,0.86
2016-12-07 15:00:00,57.92,57.99,57.91,57.77,2162.0,-0.01,-0.02,58.004,58.07,58.049,1057.4,1406.3,1414.07,0.86
2016-12-07 14:30:00,57.99,58.1,57.92,57.71,1140.0,-0.07,-0.12,57.964,58.169,58.0415,765.0,1269.7,1347.42,0.46
2016-12-07 14:00:00,58.38,58.38,58.05,57.86,770.0,-0.33,-0.57,57.902,58.239,58.046,911.79,1293.98,1317.42,0.31
2016-12-07 13:30:00,57.68,58.45,58.38,57.68,732.0,0.7,1.21,57.872,58.268,58.048,1307.79,1337.4,1327.42,0.29
2016-12-07 11:30:00,57.71,57.79,57.76,57.63,483.0,0.05,0.09,57.918,58.268,58.0565,1584.99,1412.24,1384.92,0.19
2016-12-07 11:00:00,57.61,57.77,57.71,57.59,700.0,0.1,0.17,58.136,58.323,58.113,1755.19,1669.04,1510.62,0.28
2016-12-07 10:30:00,57.9,57.99,57.61,57.53,1873.96,-0.29,-0.5,58.374,58.34,58.188,1774.39,1735.44,1529.17,0.75
2016-12-07 10:00:00,58.0,58.97,57.9,57.85,2750.0,-0.1,-0.17,58.576,58.279,58.2855,1676.16,1758.74,1480.57,1.1
2016-12-06 15:00:00,58.86,58.86,58.61,58.57,2118.0,-0.25,-0.42,58.664,58.205,58.37,1367.0,1678.74,1407.52,0.85
2016-12-06 14:30:00,58.9,59.09,58.85,58.72,1334.0,-0.05,-0.08,58.618,58.117,58.4185,1239.48,1520.24,1342.17,0.53
2016-12-06 14:00:00,58.63,58.9,58.9,58.56,796.0,0.27,0.46,58.51,58.028,58.4775,1582.88,1421.84,1342.62,0.32
2016-12-06 13:30:00,58.4,58.98,58.62,58.37,1382.8,0.22,0.38,58.306,57.914,58.5455,1696.48,1425.14,1352.72,0.55
2016-12-06 11:30:00,58.38,58.39,58.34,58.1,1204.2,-0.04,-0.07,57.982,57.853,58.6445,1841.32,1340.86,1389.18,0.48
2016-12-06 11:00:00,58.31,58.43,58.38,58.28,1480.4,0.07,0.12,57.746,57.828,58.7825,1990.48,1317.44,1439.72,0.59
2016-12-06 10:30:00,57.88,58.41,58.31,57.88,3051.0,0.43,0.74,57.616,57.845,58.9145,1801.0,1357.6,1505.35,1.22
2016-12-06 10:00:00,57.05,57.96,57.88,57.05,1364.0,0.83,1.45,57.546,57.903,59.0655,1260.8,1352.2,1611.9,0.55
2016-12-05 15:00:00,57.16,57.29,57.0,56.88,2107.0,-0.16,-0.28,57.522,58.036,59.1805,1153.8,1322.9,1585.1,0.84
2016-12-05 14:30:00,57.73,57.73,57.16,56.85,1950.0,-0.57,-0.99,57.724,58.292,59.3365,840.4,1202.4,1505.6,0.78
2016-12-05 14:00:00,57.96,57.96,57.73,57.7,533.0,-0.23,-0.4,57.91,58.535,59.488,644.4,1136.3,1441.55,0.21
2016-12-05 13:30:00,57.76,57.96,57.96,57.64,350.0,0.2,0.35,58.074,58.72,59.6065,914.2,1164.1,1470.0,0.14
2016-12-05 11:30:00,58.01,58.18,57.76,57.59,829.0,-0.25,-0.43,58.26,58.927,59.7235,1443.6,1263.4,1513.05,0.33
2016-12-05 11:00:00,58.09,58.29,58.01,58.0,540.0,-0.08,-0.14,58.55,59.177,59.84,1492.0,1280.3,1577.82,0.22
2016-12-05 10:30:00,58.55,58.7,58.09,58.0,970.0,-0.46,-0.79,58.86,59.436,59.9205,1564.4,1437.5,1640.87,0.39
2016-12-05 10:00:00,57.99,59.0,58.55,56.77,1882.0,0.56,0.97,59.16,59.737,60.0185,1628.2,1562.0,1629.87,0.75
2016-12-02 15:00:00,59.21,59.21,58.89,58.88,2997.0,-0.32,-0.54,59.366,59.984,60.091,1414.0,1653.1,1576.32,1.2
2016-12-02 14:30:00,59.56,59.56,59.21,59.21,1070.98,-0.35,-0.59,59.594,60.228,60.1445,1083.2,1871.6,1470.62,0.43
2016-12-02 14:00:00,59.52,59.6,59.56,59.4,902.02,0.04,0.07,59.804,60.325,60.1855,1068.6,1847.3,1528.97,0.36
2016-12-02 13:30:00,59.52,59.79,59.59,59.33,1289.0,0.07,0.12,60.012,60.381,60.2225,1310.6,1808.8,1550.1,0.52
2016-12-02 11:30:00,60.03,60.13,59.58,59.58,811.0,-0.45,-0.75,60.314,60.441,60.255,1495.8,1746.8,1632.28,0.32
2016-12-02 11:00:00,60.26,60.26,60.03,60.0,1343.0,-0.23,-0.38,60.602,60.493,60.094,1892.2,1775.9,1670.18,0.54
2016-12-02 10:30:00,60.55,60.74,60.26,60.15,998.0,-0.29,-0.48,60.862,60.52,59.9115,2660.0,1762.7,1656.09,0.4
2016-12-02 10:00:00,60.88,61.3,60.6,60.4,2112.0,-0.28,-0.46,60.846,60.503,59.721,2626.0,1875.34,1697.23,0.84
2016-12-01 15:00:00,61.02,61.39,61.1,61.0,2215.0,0.08,0.13,60.75,60.405,59.496,2307.0,1844.23,1622.93,0.89
2016-12-01 14:30:00,61.33,61.45,61.02,60.82,2793.0,-0.31,-0.51,60.568,60.3,59.249,1997.79,1697.73,1556.01,1.12
2016-12-01 14:00:00,60.18,62.0,61.33,60.18,5182.0,1.15,1.91,60.384,60.198,59.007,1659.59,1499.53,1452.69,2.07
2016-12-01 13:30:00,60.12,60.3,60.18,60.07,828.0,0.06,0.1,60.178,60.061,58.7335,865.4,1069.63,1234.54,0.33
2016-12-01 11:30:00,60.19,60.22,60.12,60.1,517.0,-0.07,-0.12,60.16,60.046,58.543,1124.69,1210.65,1301.99,0.21
2016-12-01 11:00:00,60.1,60.32,60.19,60.1,668.96,0.09,0.15,60.06,60.064,58.3275,1381.46,1291.4,1330.44,0.27
2016-12-01 10:30:00,60.3,60.3,60.1,60.0,1102.0,-0.2,-0.33,60.032,60.069,58.112,1397.67,1517.77,1335.94,0.44
2016-12-01 10:00:00,60.4,60.4,60.3,60.04,1211.02,-0.1,-0.17,60.012,59.695,57.917,1339.47,1564.47,1304.97,0.48
2016-11-30 15:00:00,59.62,60.09,60.09,59.25,2124.47,0.47,0.79,59.944,59.303,57.7125,1273.87,1549.48,1275.81,0.85
2016-11-30 14:30:00,60.05,60.05,59.62,59.59,1800.86,-0.43,-0.72,59.932,58.939,57.5245,1296.6,1519.11,1237.64,0.72
2016-11-30 14:00:00,60.0,60.25,60.05,59.99,750.0,0.05,0.08,60.068,58.587,57.351,1201.34,1401.62,1257.64,0.3
2016-11-30 13:30:00,59.96,60.18,60.0,59.76,811.0,0.04,0.07,60.106,58.198,57.157,1637.86,1414.29,1420.79,0.32
2016-11-30 11:30:00,60.03,60.22,59.96,59.68,883.0,-0.07,-0.12,59.378,57.816,56.9145,1789.46,1405.85,1437.22,0.35
2016-11-30 11:00:00,60.33,60.33,60.03,59.86,2238.16,-0.3,-0.5,58.662,57.406,56.674,1825.09,1399.45,1488.72,0.9
2016-11-30 10:30:00,60.24,60.65,60.3,60.24,1324.55,0.06,0.1,57.946,57.04,56.4025,1741.61,1393.34,1412.56,0.53
2016-11-30 10:00:00,59.9,60.89,60.24,59.9,2932.6,0.34,0.57,57.106,56.591,56.1175,1601.9,1369.48,1366.28,1.17
2016-10-13 15:00:00,56.37,56.53,56.36,56.3,1569.0,-0.01,-0.02,56.29,56.155,55.837,1190.71,1154.12,1247.65,0.63
2016-10-13 14:30:00,56.45,56.5,56.38,56.3,1061.12,-0.07,-0.12,56.254,56.139,55.752,1022.24,1045.47,1206.19,0.42
2016-10-13 14:00:00,56.1,56.66,56.45,56.05,1820.8,0.35,0.62,56.15,56.122,55.665,973.82,1002.15,1225.09,0.73
2016-10-13 13:30:00,56.14,56.18,56.1,56.05,626.0,-0.04,-0.07,56.134,56.11,55.5685,1045.06,956.16,1203.8,0.25
2016-10-13 11:30:00,56.15,56.37,56.16,56.06,876.65,0.01,0.02,56.076,56.115,55.51,1137.06,1113.66,1216.64,0.35
2016-10-13 11:00:00,55.83,56.19,56.18,55.82,726.65,0.35,0.63,56.02,56.116,55.449,1117.53,1427.3,1196.28,0.29
2016-10-13 10:30:00,56.46,56.47,55.86,55.8,819.0,-0.6,-1.06,56.024,56.013,55.391,1068.69,1468.58,1210.67,0.33
2016-10-13 10:00:00,55.6,56.37,56.37,55.32,2177.0,0.77,1.38,56.094,55.942,55.3435,1030.48,1577.98,1227.42,0.87
2016-10-12 14:30:00,55.88,55.9,55.81,55.58,1086.0,-0.07,-0.13,56.086,55.765,55.275,867.26,1431.78,1274.67,0.43
2016-10-12 14:00:00,56.19,56.28,55.88,55.88,779.0,-0.31,-0.55,56.154,55.644,55.202,1090.26,1363.08,1305.32,0.31
2016-10-12 13:30:00,56.21,56.21,56.2,56.01,482.44,-0.01,-0.02,56.212,55.519,55.083,1737.06,1341.18,1305.62,0.19
2016-10-12 11:30:00,56.33,56.36,56.21,56.04,627.95,-0.12,-0.21,56.002,55.365,54.949,1868.48,1366.92,1334.6,0.25
2016-10-12 11:00:00,56.15,56.35,56.33,55.95,1360.93,0.18,0.32,55.79,55.208,54.8065,2125.49,1448.03,1356.75,0.54
2016-10-12 10:30:00,56.15,56.35,56.15,55.55,2201.0,0.0,0.0,55.444,55.027,54.6675,1996.3,1451.44,1319.2,0.88
2016-10-12 10:00:00,55.1,56.5,56.17,54.67,4013.0,1.07,1.94,55.134,54.905,54.535,1635.9,1319.63,1239.58,1.61
2016-10-11 15:00:00,55.15,55.2,55.15,55.11,1139.5,0.0,0.0,54.826,54.782,54.404,945.3,965.26,1145.71,0.46
2016-10-11 14:30:00,54.6,55.38,55.15,54.6,1913.0,0.55,1.01,54.728,54.769,54.3215,865.37,952.75,1230.98,0.77
2016-10-11 14:00:00,54.6,54.77,54.6,54.5,715.0,0.0,0.0,54.626,54.745,54.238,770.58,876.85,1232.83,0.29
2016-10-11 13:30:00,54.63,54.8,54.6,54.54,399.0,-0.03,-0.05,54.61,54.785,54.187,906.58,1117.56,1225.58,0.16
2016-10-11 11:30:00,54.66,54.83,54.63,54.56,560.0,-0.03,-0.05,54.676,54.76,54.136,1003.35,1247.56,1271.47,0.22
2016-10-11 11:00:00,54.64,54.73,54.66,54.42,739.83,0.02,0.04,54.738,54.647,54.0735,985.21,1270.06,1334.74,0.3
2016-10-11 10:30:00,54.52,54.85,54.64,54.48,1439.06,0.12,0.22,54.81,54.533,54.0125,1040.14,1302.27,1366.39,0.58
2016-10-11 10:00:00,54.94,54.98,54.52,54.4,1395.0,-0.42,-0.76,54.864,54.405,53.942,983.13,1265.47,1335.1,0.56
2016-10-10 15:00:00,54.94,54.97,54.93,54.8,882.87,-0.01,-0.02,54.96,54.308,53.8775,1328.53,1186.97,1285.82,0.35
2016-10-10 14:30:00,55.02,55.03,54.94,54.8,469.3,-0.08,-0.15,54.844,54.165,53.792,1491.76,1159.53,1271.47,0.19
2016-10-10 14:00:00,54.91,55.03,55.02,54.71,1014.46,0.11,0.2,54.556,54.026,53.7035,1554.9,1326.16,1272.52,0.41
2016-10-10 13:30:00,55.0,55.32,54.91,54.5,1154.0,-0.09,-0.16,54.256,53.874,53.6165,1564.41,1509.21,1248.36,0.46
2016-10-10 11:30:00,54.35,55.0,55.0,53.9,3122.03,0.65,1.2,53.946,53.731,53.5155,1547.81,1588.81,1223.76,1.25
2016-10-10 11:00:00,53.5,54.45,54.35,53.5,1699.0,0.85,1.59,53.656,53.589,53.41,1045.4,1333.61,1121.83,0.68
2016-10-10 10:30:00,53.54,53.6,53.5,53.36,785.0,-0.04,-0.07,53.486,53.512,53.3575,827.3,1295.39,1102.06,0.31
2016-10-10 10:00:00,53.64,53.92,53.52,53.07,1062.0,-0.12,-0.22,53.496,53.5,53.3565,1097.42,1399.42,1142.56,0.42
2016-09-30 15:00:00,53.55,53.56,53.36,53.26,1071.0,-0.19,-0.35,53.492,53.492,53.322,1454.02,1430.5,1114.28,0.43
2016-09-30 14:30:00,53.5,53.6,53.55,53.38,610.0,0.05,0.09,53.516,53.479,53.2865,1629.82,1404.74,1081.39,0.24
2016-09-30 14:00:00,53.55,53.56,53.5,53.38,608.52,-0.05,-0.09,53.522,53.447,53.235,1621.82,1384.67,1090.99,0.24
2016-09-30 13:30:00,53.5,53.58,53.55,53.48,2135.57,0.05,0.09,53.538,53.419,53.2,1763.47,1383.42,1103.27,0.85
2016-09-30 11:30:00,53.48,53.57,53.5,53.46,2845.0,0.02,0.04,53.504,53.381,53.1575,1701.42,1218.88,1058.09,1.14
2016-09-30 11:00:00,53.58,53.58,53.48,53.46,1950.0,-0.1,-0.19,53.492,53.359,53.121,1406.98,987.5,1036.82,0.78
2016-09-30 10:30:00,53.58,53.6,53.58,53.42,570.0,0.0,0.0,53.442,53.3,53.077,1179.66,858.7,973.63,0.23
2016-09-30 10:00:00,53.21,53.75,53.58,53.2,1316.77,0.37,0.7,53.372,53.231,53.018,1147.52,910.06,976.92,0.53
2016-09-29 15:00:00,53.44,53.47,53.38,53.18,1825.34,-0.06,-0.11,53.3,53.203,52.969,1003.37,908.74,955.38,0.73
2016-09-29 14:30:00,53.23,53.58,53.44,53.15,1372.8,0.21,0.39,53.258,53.213,52.9135,736.34,885.7,905.67,0.55
2016-09-29 14:00:00,53.23,53.44,53.23,53.09,813.38,0.0,0.0,53.226,53.152,52.872,568.02,798.06,867.63,0.33
2016-09-29 13:30:00,53.22,53.25,53.23,53.1,409.32,0.01,0.02,53.158,53.094,52.853,537.74,758.03,971.02,0.16
2016-09-29 11:30:00,53.17,53.32,53.22,53.05,596.0,0.05,0.09,53.09,53.023,52.8065,672.59,797.3,1115.66,0.24
2016-09-29 11:00:00,53.26,53.26,53.17,52.95,490.2,-0.09,-0.17,53.106,52.981,52.7105,814.11,823.12,1233.16,0.2
2016-09-29 10:30:00,52.89,53.28,53.28,52.88,531.2,0.39,0.74,53.168,52.934,52.69,1035.05,897.3,1271.6,0.21
2016-09-29 10:00:00,52.85,53.12,52.89,52.56,662.0,0.04,0.08,53.078,52.883,52.6775,1028.09,1086.13,1335.59,0.26
2016-09-28 15:00:00,53.32,53.35,52.89,52.83,1083.55,-0.43,-0.81,53.03,52.854,52.6875,978.32,1088.56,1364.44,0.43
2016-09-28 14:30:00,53.5,53.58,53.3,53.21,1303.62,-0.2,-0.37,52.956,52.805,52.711,922.01,1043.79,1343.31,0.52
2016-09-28 14:00:00,52.83,53.48,53.48,52.78,1594.89,0.65,1.23,52.856,52.735,52.7165,832.13,1002.02,1337.58,0.64
2016-09-28 13:30:00,52.65,52.83,52.83,52.62,496.41,0.18,0.34,52.7,52.614,52.6965,759.55,925.64,1355.93,0.2
2016-09-28 11:30:00,52.52,52.76,52.65,52.52,413.14,0.13,0.25,52.688,52.592,52.7285,1144.17,937.19,1486.32,0.17
2016-09-28 11:00:00,52.8,52.8,52.52,52.4,802.0,-0.28,-0.53,52.678,52.612,52.815,1198.81,1184.0,1715.9,0.32
2016-09-28 10:30:00,52.7,52.88,52.8,52.45,854.2,0.1,0.19,52.654,52.59,52.9565,1165.56,1434.01,1784.17,0.34
2016-09-28 10:00:00,52.48,52.99,52.7,52.26,1232.0,0.22,0.42,52.614,52.44,53.1215,1171.92,1643.19,1775.85,0.49
2016-09-27 15:00:00,52.6,52.77,52.77,52.54,2419.53,0.17,0.32,52.528,52.446,53.293,1091.72,1645.89,1731.7,0.97
2016-09-27 14:30:00,52.4,52.6,52.6,52.16,686.3,0.2,0.38,52.496,52.472,53.462,730.21,1585.04,1641.71,0.27
2016-09-27 14:00:00,52.6,52.6,52.4,52.4,635.77,-0.2,-0.38,52.546,52.521,53.6395,1169.19,1640.31,1643.65,0.25
2016-09-27 13:30:00,52.27,52.64,52.6,52.27,886.0,0.33,0.63,52.526,52.617,53.828,1702.46,1642.83,1644.71,0.35
2016-09-27 11:30:00,52.6,52.61,52.27,52.2,831.0,-0.33,-0.63,52.266,52.698,54.0095,2114.46,1673.13,1627.21,0.33
2016-09-27 11:00:00,52.85,52.85,52.61,52.51,612.0,-0.24,-0.45,52.364,52.779,54.2035,2200.06,1786.23,1650.91,0.24
2016-09-27 10:30:00,52.3,52.96,52.85,52.18,2881.2,0.55,1.05,52.448,52.865,54.3905,2439.86,2035.45,1676.86,1.15
2016-09-27 10:00:00,51.18,52.45,52.3,51.08,3302.12,1.12,2.19,52.496,53.018,54.5705,2111.42,2247.79,1594.35,1.32
2016-09-26 15:00:00,52.75,52.79,51.3,51.3,2946.0,-1.45,-2.75,52.708,53.323,54.778,1583.2,2134.33,1451.69,1.18
2016-09-26 14:30:00,53.03,53.15,52.76,52.75,1259.0,-0.27,-0.51,53.13,53.803,55.0405,1231.8,1908.51,1340.89,0.5
2016-09-26 14:00:00,53.09,53.1,53.03,52.66,1811.0,-0.06,-0.11,53.194,54.14,55.2345,1372.4,1817.51,1330.07,0.72
2016-09-26 13:30:00,53.36,53.52,53.09,53.02,1239.0,-0.27,-0.51,53.282,54.452,55.4015,1631.03,1698.39,1273.57,0.5
2016-09-26 11:30:00,53.41,53.53,53.36,53.35,661.0,-0.05,-0.09,53.54,54.758,55.569,2384.16,1646.99,1283.06,0.26
2016-09-26 11:00:00,53.08,53.65,53.41,53.08,1189.0,0.33,0.62,53.938,55.039,55.7155,2685.45,1646.59,1311.61,0.48
2016-09-26 10:30:00,53.47,53.69,53.08,53.0,1961.98,-0.39,-0.73,54.476,55.321,55.8525,2585.21,1581.29,1278.34,0.78
2016-09-26 10:00:00,54.24,54.24,53.47,53.39,3104.19,-0.77,-1.42,55.086,55.628,56.012,2262.62,1515.59,1199.69,1.24
2016-09-23 15:00:00,55.01,55.29,54.38,54.01,5004.65,-0.63,-1.15,55.622,55.916,56.1545,1765.74,1318.27,1055.48,2.0
2016-09-23 14:30:00,56.1,56.15,55.35,55.17,2167.44,-0.75,-1.34,55.976,56.123,56.2455,909.81,940.9,846.8,0.87
2016-09-23 14:00:00,56.13,56.13,56.1,56.0,687.8,-0.03,-0.05,56.14,56.233,56.2955,607.72,769.06,809.7,0.28
2016-09-23 13:30:00,56.15,56.25,56.13,56.1,349.0,-0.02,-0.04,56.166,56.278,56.279,577.36,773.28,826.85,0.14
2016-09-23 11:30:00,56.15,56.17,56.15,56.02,619.8,0.0,0.0,56.17,56.329,56.278,768.56,842.64,855.5,0.25
2016-09-23 11:00:00,56.17,56.3,56.15,56.13,725.0,-0.02,-0.04,56.21,56.351,56.2785,870.8,848.76,876.81,0.29
2016-09-23 10:30:00,56.23,56.4,56.17,56.17,657.0,-0.06,-0.11,56.27,56.38,56.2785,972.0,919.13,865.31,0.26
2016-09-23 10:00:00,56.48,56.48,56.23,56.11,536.0,-0.25,-0.44,56.326,56.392,56.278,930.4,976.63,859.91,0.21
2016-09-22 15:00:00,56.35,56.39,56.15,56.02,1305.0,-0.2,-0.35,56.39,56.384,56.28,969.2,975.39,850.06,0.52
2016-09-22 14:30:00,56.45,56.6,56.35,56.33,1131.0,-0.1,-0.18,56.488,56.396,56.287,916.72,883.79,805.48,0.45
2016-09-22 14:00:00,56.45,56.7,56.45,56.39,1231.0,0.0,0.0,56.492,56.393,56.279,826.72,792.69,790.63,0.49
2016-09-22 13:30:00,56.55,56.67,56.45,56.45,449.0,-0.1,-0.18,56.49,56.368,56.276,866.25,752.69,755.88,0.18
2016-09-22 11:30:00,56.65,56.74,56.55,56.51,730.0,-0.1,-0.18,56.458,56.358,56.268,1022.85,850.35,779.78,0.29
2016-09-22 11:00:00,56.37,56.76,56.64,56.36,1042.61,0.27,0.48,56.378,56.28,56.2605,981.58,880.43,785.87,0.42
2016-09-22 10:30:00,56.44,56.49,56.37,56.35,681.0,-0.07,-0.12,56.304,56.227,56.2425,850.86,868.37,755.39,0.27
2016-09-22 10:00:00,56.39,56.82,56.44,56.39,1428.65,0.05,0.09,56.294,56.206,56.239,758.66,904.87,761.31,0.57
2016-09-21 15:00:00,56.15,56.35,56.29,56.12,1232.0,0.14,0.25,56.246,56.177,56.2365,639.13,811.5,710.06,0.49
2016-09-21 14:30:00,56.27,56.27,56.15,56.1,523.65,-0.12,-0.21,56.258,56.164,56.2425,677.84,743.2,670.56,0.21
2016-09-21 14:00:00,56.32,56.32,56.27,56.16,389.0,-0.05,-0.09,56.182,56.176,56.2585,779.27,724.74,675.63,0.16
2016-09-21 13:30:00,56.2,56.35,56.32,56.15,220.0,0.12,0.21,56.15,56.178,56.274,885.87,727.16,696.98,0.09
2016-09-21 11:30:00,56.4,56.46,56.2,56.16,831.0,-0.2,-0.35,56.118,56.165,56.2795,1051.07,788.56,755.67,0.33
2016-09-21 11:00:00,55.77,56.45,56.35,55.77,1425.57,0.58,1.04,56.108,56.184,56.275,983.87,759.06,788.48,0.57
2016-09-21 10:30:00,56.11,56.11,55.77,55.75,1030.8,-0.34,-0.61,56.07,56.178,56.266,808.56,709.21,740.1,0.41
2016-09-21 10:00:00,56.49,56.49,56.11,56.05,922.0,-0.38,-0.67,56.17,56.241,56.286,670.2,691.32,710.06,0.37
2016-09-20 15:00:00,56.17,56.2,56.16,56.09,1046.0,-0.01,-0.02,56.206,56.258,56.301,568.45,642.42,678.41,0.42
2016-09-20 14:30:00,56.2,56.21,56.15,56.1,495.0,-0.05,-0.09,56.212,56.272,56.31,526.05,617.76,647.81,0.2
2016-09-20 14:00:00,56.27,56.28,56.16,56.11,549.0,-0.11,-0.2,56.26,56.296,56.325,534.25,608.62,651.36,0.22
2016-09-20 13:30:00,56.29,56.39,56.27,56.23,339.0,-0.02,-0.04,56.286,56.321,56.354,609.85,597.92,712.01,0.14
2016-09-20 11:30:00,56.18,56.38,56.29,56.16,413.27,0.11,0.2,56.312,56.341,56.3715,712.43,626.52,837.06,0.17
2016-09-20 11:00:00,56.39,56.42,56.19,56.15,834.0,-0.2,-0.35,56.31,56.37,56.3645,716.38,666.79,935.42,0.33
2016-09-20 10:30:00,56.29,56.45,56.39,56.29,536.0,0.1,0.18,56.332,56.394,56.359,709.47,722.77,931.46,0.21
2016-09-20 10:00:00,56.42,56.59,56.29,56.25,927.0,-0.13,-0.23,56.332,56.366,56.3535,682.98,817.9,927.88,0.37
2016-09-19 15:00:00,56.28,56.45,56.4,56.28,851.88,0.12,0.21,56.356,56.354,56.342,585.98,771.0,902.18,0.34
2016-09-19 14:30:00,56.3,56.45,56.28,56.21,433.0,-0.02,-0.04,56.37,56.331,56.343,540.6,728.81,898.44,0.17
2016-09-19 14:00:00,56.39,56.45,56.3,56.28,799.45,-0.09,-0.16,56.43,56.344,56.347,617.2,714.41,960.45,0.32
2016-09-19 13:30:00,56.41,56.5,56.39,56.3,403.55,-0.02,-0.04,56.456,56.348,56.357,736.07,677.87,1000.7,0.16
2016-09-19 11:30:00,56.48,56.5,56.41,56.32,442.0,-0.07,-0.12,56.4,56.354,56.357,952.82,694.11,1050.21,0.18
2016-09-19 11:00:00,56.58,56.59,56.47,56.47,625.0,-0.11,-0.19,56.352,56.387,56.3315,956.02,826.11,1244.31,0.25
2016-09-19 10:30:00,56.43,56.67,56.58,56.4,816.0,0.15,0.27,56.292,56.402,56.3225,917.02,1047.61,1319.56,0.33
2016-09-19 10:00:00,56.22,56.79,56.43,56.21,1393.8,0.21,0.37,56.258,56.359,56.3165,811.62,1204.05,1344.87,0.56
2016-09-14 15:00:00,56.17,56.2,56.11,55.89,1487.32,-0.06,-0.11,56.24,56.324,56.3425,619.66,1140.15,1322.33,0.59
2016-09-14 14:30:00,56.17,56.3,56.17,56.03,458.0,0.0,0.0,56.308,56.341,56.3805,435.4,1037.86,1297.35,0.18
2016-09-14 14:00:00,56.41,56.47,56.17,56.01,430.0,-0.24,-0.43,56.422,56.33,56.441,696.2,1033.36,1318.86,0.17
2016-09-14 13:30:00,56.34,56.42,56.41,56.16,289.0,0.07,0.12,56.512,56.355,56.496,1178.2,1068.06,1350.24,0.12
2016-09-14 11:30:00,56.45,56.45,56.34,56.23,434.0,-0.11,-0.19,56.46,56.35,56.5305,1596.48,1206.49,1500.69,0.17
2016-09-14 11:00:00,56.47,56.69,56.45,56.43,566.0,-0.02,-0.04,56.408,56.366,56.659,1660.64,1323.52,1548.59,0.23
2016-09-14 10:30:00,56.62,56.89,56.74,56.41,1762.0,0.12,0.21,56.374,56.36,56.782,1640.32,1406.3,1587.54,0.7
2016-09-14 10:00:00,55.19,56.64,56.62,55.19,2840.0,1.43,2.59,56.238,56.276,56.905,1370.52,1662.5,1521.49,1.14
2016-09-13 15:00:00,56.07,56.19,56.15,55.83,2380.4,0.08,0.14,56.198,56.243,57.04,957.92,1591.5,1396.28,0.95
2016-09-13 14:30:00,56.28,56.28,56.08,56.0,754.8,-0.2,-0.36,56.24,56.274,57.1975,816.5,1485.69,1308.31,0.3
2016-09-13 14:00:00,56.06,56.3,56.28,56.01,464.4,0.22,0.39,56.324,56.361,57.3535,986.41,1504.51,1326.65,0.19
2016-09-13 13:30:00,56.4,56.4,56.06,56.05,413.0,-0.34,-0.6,56.346,56.42,57.4855,1172.29,1556.84,1375.86,0.17
2016-09-13 11:30:00,56.36,56.44,56.42,56.13,777.0,0.06,0.11,56.314,56.552,57.6335,1954.49,1604.37,1423.96,0.31
2016-09-13 11:00:00,56.56,56.76,56.36,56.2,1673.28,-0.2,-0.35,56.288,56.637,57.776,2225.08,1632.41,1445.75,0.67
2016-09-13 10:30:00,56.39,56.58,56.5,56.03,1604.37,0.11,0.2,56.308,56.711,57.9155,2154.88,1794.88,1424.89,0.64
2016-09-13 10:00:00,56.58,56.58,56.39,56.2,1393.8,-0.19,-0.34,56.398,56.952,58.054,2022.61,1773.66,1385.57,0.56
2016-09-12 15:00:00,56.29,56.31,55.9,55.81,4324.0,-0.39,-0.69,56.494,57.204,58.202,1941.39,1768.78,1330.48,1.73
2016-09-12 14:30:00,56.48,56.62,56.29,56.29,2129.97,-0.19,-0.34,56.79,57.534,58.38,1254.25,1380.48,1166.83,0.85
2016-09-12 14:00:00,56.95,56.95,56.46,56.45,1322.28,-0.49,-0.86,56.986,57.837,58.523,1039.74,1201.05,1105.83,0.53
2016-09-12 13:30:00,56.87,56.99,56.95,56.62,943.0,0.08,0.14,57.114,58.121,58.6675,1434.88,1130.92,1101.76,0.38
2016-09-12 11:30:00,57.38,57.38,56.87,56.74,987.72,-0.51,-0.89,57.506,58.346,58.7935,1524.72,1148.79,1117.52,0.4
2016-09-12 11:00:00,57.27,57.43,57.38,57.15,888.28,0.11,0.19,57.914,58.551,58.924,1596.17,1194.88,1178.03,0.36
2016-09-12 10:30:00,57.1,57.67,57.27,57.01,1057.4,0.17,0.3,58.278,58.715,59.035,1506.72,1243.55,1234.56,0.42
