2017-03-17@15:00:00,50.206,49.557,48.909
2017-03-17@14:00:00,50.184,49.543,48.902
2017-03-17@11:30:00,50.086,49.474,48.863
2017-03-17@10:30:00,50.153,49.408,48.664
2017-03-16@15:00:00,50.267,49.360,48.453
2017-03-16@14:00:00,50.310,49.278,48.246
2017-03-16@11:30:00,50.304,49.197,48.090
2017-03-16@10:30:00,50.324,49.148,47.972
2017-03-15@15:00:00,50.331,49.090,47.849
2017-03-15@14:00:00,50.407,48.990,47.572
2017-03-15@11:30:00,50.392,48.904,47.417
2017-03-15@10:30:00,50.371,48.824,47.276
2017-03-14@15:00:00,50.268,48.733,47.197
2017-03-14@14:00:00,50.183,48.709,47.236
2017-03-14@11:30:00,50.455,48.759,47.064
2017-03-14@10:30:00,50.619,48.802,46.985
2017-03-13@15:00:00,51.028,48.924,46.819
2017-03-13@14:00:00,51.201,48.983,46.764
2017-03-13@11:30:00,51.363,49.043,46.722
2017-03-13@10:30:00,51.344,48.978,46.612
2017-03-10@15:00:00,51.300,48.893,46.486
2017-03-10@14:00:00,51.419,48.718,46.016
2017-03-10@11:30:00,51.575,48.553,45.530
2017-03-10@10:30:00,51.724,48.400,45.075
2017-03-09@15:00:00,51.880,48.239,44.598
2017-03-09@14:00:00,51.959,48.097,44.234
2017-03-09@11:30:00,51.999,47.955,43.910
2017-03-09@10:30:00,52.022,47.796,43.569
2017-03-08@15:00:00,52.050,47.621,43.192
2017-03-08@14:00:00,52.051,47.521,42.990
2017-03-08@11:30:00,52.021,47.401,42.780
2017-03-08@10:30:00,51.981,47.279,42.577
2017-03-07@15:00:00,51.913,47.156,42.399
2017-03-07@14:00:00,51.637,46.963,42.288
2017-03-07@11:30:00,51.016,46.683,42.350
2017-03-07@10:30:00,50.432,46.445,42.458
2017-03-06@15:00:00,49.496,46.156,42.816
2017-03-06@14:00:00,48.566,45.863,43.160
2017-03-06@11:30:00,47.243,45.565,43.886
2017-03-06@10:30:00,46.757,45.378,43.999
2017-03-03@15:00:00,46.160,45.191,44.221
2017-03-03@14:00:00,46.076,45.108,44.139
2017-03-03@11:30:00,46.080,45.029,43.978
2017-03-03@10:30:00,46.166,44.935,43.703
2017-03-02@15:00:00,46.283,44.846,43.409
2017-03-02@14:00:00,46.359,44.733,43.107
2017-03-02@11:30:00,46.391,44.613,42.834
2017-03-02@10:30:00,46.414,44.503,42.591
2017-03-01@15:00:00,46.459,44.405,42.350
2017-03-01@14:00:00,46.382,44.273,42.163
2017-03-01@11:30:00,46.279,44.142,42.006
2017-03-01@10:30:00,46.161,44.011,41.860
2017-02-28@15:00:00,45.967,43.898,41.828
2017-02-28@14:00:00,45.706,43.790,41.873
2017-02-28@11:30:00,45.462,43.689,41.916
2017-02-28@10:30:00,45.091,43.574,42.057
2017-02-27@15:00:00,44.713,43.465,42.216
2017-02-27@14:00:00,44.500,43.378,42.256
2017-02-27@11:30:00,44.314,43.268,42.222
2017-02-27@10:30:00,44.178,43.185,42.192
2017-02-24@15:00:00,44.081,43.157,42.234
2017-02-24@14:00:00,43.875,43.110,42.346
2017-02-24@11:30:00,43.761,43.087,42.413
2017-02-24@10:30:00,43.841,43.105,42.370
2017-02-23@15:00:00,44.170,43.176,42.182
2017-02-23@14:00:00,44.481,43.265,42.049
2017-02-23@11:30:00,44.709,43.353,41.998
2017-02-23@10:30:00,44.961,43.456,41.951
2017-02-22@15:00:00,45.167,43.566,41.965
2017-02-22@14:00:00,45.536,43.714,41.892
2017-02-22@11:30:00,45.898,43.874,41.850
2017-02-22@10:30:00,46.073,44.012,41.951
2017-02-21@15:00:00,46.230,44.121,42.013
2017-02-21@14:00:00,46.528,44.258,41.988
2017-02-21@11:30:00,46.775,44.397,42.019
2017-02-21@10:30:00,46.860,44.494,42.128
2017-02-20@15:00:00,47.038,44.638,42.238
2017-02-20@14:00:00,47.110,44.605,42.101
2017-02-20@11:30:00,47.175,44.582,41.989
2017-02-20@10:30:00,47.249,44.553,41.856
2017-02-17@15:00:00,47.402,44.463,41.523
2017-02-17@14:00:00,47.567,44.363,41.158
2017-02-17@11:30:00,47.654,44.275,40.896
2017-02-17@10:30:00,47.717,44.172,40.627
2017-02-16@15:00:00,47.713,44.031,40.348
2017-02-16@14:00:00,47.639,43.913,40.187
2017-02-16@11:30:00,47.560,43.802,40.043
2017-02-16@10:30:00,47.438,43.697,39.956
2017-02-15@15:00:00,47.306,43.598,39.889
2017-02-15@14:00:00,47.073,43.374,39.675
2017-02-15@11:30:00,46.752,43.126,39.500
2017-02-15@10:30:00,46.515,42.875,39.235
2017-02-14@15:00:00,46.225,42.626,39.027
2017-02-14@14:00:00,45.647,42.347,39.047
2017-02-14@11:30:00,44.948,42.065,39.181
2017-02-14@10:30:00,44.351,41.829,39.306
2017-02-13@15:00:00,43.151,41.575,39.998
2017-02-13@14:00:00,43.064,41.503,39.942
2017-02-13@11:30:00,43.024,41.443,39.862
2017-02-13@10:30:00,42.973,41.380,39.786
2017-02-10@15:00:00,42.956,41.314,39.672
2017-02-10@14:00:00,42.981,41.247,39.512
2017-02-10@11:30:00,42.941,41.165,39.388
2017-02-10@10:30:00,42.893,41.076,39.259
2017-02-09@15:00:00,42.823,40.989,39.155
2017-02-09@14:00:00,42.621,40.865,39.109
2017-02-09@11:30:00,42.364,40.761,39.158
2017-02-09@10:30:00,41.926,40.626,39.325
2017-02-08@15:00:00,41.240,40.483,39.726
2017-02-08@14:00:00,41.118,40.412,39.705
2017-02-08@11:30:00,41.034,40.354,39.673
2017-02-08@10:30:00,41.024,40.340,39.656
2017-02-07@15:00:00,41.017,40.322,39.626
2017-02-07@14:00:00,41.024,40.269,39.513
2017-02-07@11:30:00,40.998,40.240,39.482
2017-02-07@10:30:00,40.962,40.197,39.432
2017-02-06@15:00:00,40.804,40.152,39.500
2017-02-06@14:00:00,40.679,40.122,39.564
2017-02-06@11:30:00,40.610,40.106,39.603
2017-02-06@10:30:00,40.548,40.094,39.640
2017-02-03@15:00:00,40.620,40.110,39.599
2017-02-03@14:00:00,40.626,40.117,39.607
2017-02-03@11:30:00,40.659,40.130,39.602
2017-02-03@10:30:00,40.697,40.152,39.607
2017-01-26@15:00:00,40.720,40.168,39.615
2017-01-26@14:00:00,40.741,40.152,39.564
2017-01-26@11:30:00,40.732,40.115,39.499
2017-01-26@10:30:00,40.726,40.108,39.490
2017-01-25@15:00:00,40.770,40.070,39.371
2017-01-25@14:00:00,40.783,40.056,39.330
2017-01-25@11:30:00,40.798,40.074,39.349
2017-01-25@10:30:00,40.817,40.083,39.349
2017-01-24@15:00:00,40.816,40.081,39.346
2017-01-24@14:00:00,41.240,40.198,39.155
2017-01-24@11:30:00,41.265,40.223,39.181
2017-01-24@10:30:00,41.505,40.144,38.783
2017-01-23@15:00:00,41.519,40.095,38.670
2017-01-23@14:00:00,41.497,40.056,38.615
2017-01-23@11:30:00,41.515,40.064,38.613
2017-01-23@10:30:00,41.561,40.082,38.603
2017-01-20@15:00:00,41.679,40.116,38.553
2017-01-20@14:00:00,42.460,40.287,38.113
2017-01-20@11:30:00,43.214,40.471,37.727
2017-01-20@10:30:00,43.967,40.679,37.391
2017-01-19@15:00:00,44.531,40.878,37.225
2017-01-19@14:00:00,45.317,41.175,37.032
2017-01-19@11:30:00,45.987,41.475,36.963
2017-01-19@10:30:00,46.813,41.812,36.811
2017-01-18@15:00:00,47.396,42.161,36.925
2017-01-18@14:00:00,47.702,42.444,37.185
2017-01-18@11:30:00,48.094,42.730,37.365
2017-01-18@10:30:00,48.515,43.034,37.552
2017-01-17@15:00:00,49.019,43.405,37.791
2017-01-17@14:00:00,49.550,43.693,37.835
2017-01-17@11:30:00,50.020,44.071,38.121
2017-01-17@10:30:00,50.107,44.566,39.025
2017-01-16@15:00:00,50.116,44.996,39.875
2017-01-16@14:00:00,50.030,45.417,40.803
2017-01-16@11:30:00,49.898,45.765,41.632
2017-01-16@10:30:00,49.674,46.122,42.570
2017-01-13@15:00:00,49.315,46.442,43.568
2017-01-13@14:00:00,49.424,46.700,43.976
2017-01-13@11:30:00,49.576,46.945,44.314
2017-01-13@10:30:00,49.812,47.187,44.562
2017-01-12@15:00:00,49.872,47.434,44.996
2017-01-12@14:00:00,50.329,47.683,45.037
2017-01-12@11:30:00,50.709,47.933,45.157
2017-01-12@10:30:00,51.119,48.136,45.153
2017-01-11@15:00:00,51.434,48.359,45.284
2017-01-11@14:00:00,51.542,48.639,45.736
2017-01-11@11:30:00,51.640,48.879,46.118
2017-01-11@10:30:00,51.678,49.079,46.479
2017-01-10@15:00:00,51.782,49.231,46.679
2017-01-10@14:00:00,51.902,49.384,46.865
2017-01-10@11:30:00,51.999,49.512,47.024
2017-01-10@10:30:00,52.101,49.646,47.190
2017-01-09@15:00:00,52.070,49.764,47.457
2017-01-09@14:00:00,52.039,49.880,47.721
2017-01-09@11:30:00,51.969,50.047,48.125
2017-01-09@10:30:00,51.858,50.182,48.505
2017-01-06@15:00:00,51.611,50.333,49.055
2017-01-06@14:00:00,51.661,50.479,49.296
2017-01-06@11:30:00,51.902,50.646,49.390
2017-01-06@10:30:00,52.236,50.808,49.379
2017-01-05@15:00:00,52.358,50.959,49.560
2017-01-05@14:00:00,52.358,50.963,49.567
2017-01-05@11:30:00,52.358,50.965,49.571
2017-01-05@10:30:00,52.380,50.985,49.589
2017-01-04@15:00:00,52.379,50.969,49.559
2017-01-04@14:00:00,52.405,50.924,49.442
2017-01-04@11:30:00,52.403,50.907,49.411
2017-01-04@10:30:00,52.402,50.911,49.420
2017-01-03@15:00:00,52.402,50.911,49.420
2017-01-03@14:00:00,52.402,50.911,49.419
2017-01-03@11:30:00,52.409,50.892,49.374
2017-01-03@10:30:00,52.518,50.807,49.096
2016-12-30@15:00:00,52.592,50.760,48.927
2016-12-30@14:00:00,52.806,50.863,48.920
2016-12-30@11:30:00,52.976,50.933,48.890
2016-12-30@10:30:00,53.136,51.016,48.895
2016-12-29@15:00:00,53.295,51.095,48.895
2016-12-29@14:00:00,53.349,51.118,48.886
2016-12-29@11:30:00,53.321,51.109,48.896
2016-12-29@10:30:00,53.198,51.071,48.944
2016-12-28@15:00:00,53.146,51.054,48.962
2016-12-28@14:00:00,53.289,51.137,48.985
2016-12-28@11:30:00,53.342,51.187,49.031
2016-12-28@10:30:00,53.364,51.204,49.043
2016-12-27@15:00:00,53.420,51.271,49.121
2016-12-27@14:00:00,53.398,51.338,49.278
2016-12-27@11:30:00,53.389,51.360,49.331
2016-12-27@10:30:00,53.390,51.398,49.406
2016-12-26@15:00:00,53.389,51.443,49.497
2016-12-26@14:00:00,53.386,51.460,49.534
2016-12-26@11:30:00,53.352,51.508,49.663
2016-12-26@10:30:00,53.097,51.608,50.119
2016-12-23@15:00:00,52.733,51.702,50.671
2016-12-23@14:00:00,52.654,51.668,50.681
2016-12-23@11:30:00,52.574,51.632,50.689
2016-12-23@10:30:00,52.498,51.604,50.709
2016-12-22@15:00:00,52.411,51.580,50.748
2016-12-22@14:00:00,52.368,51.565,50.761
2016-12-22@11:30:00,52.340,51.557,50.774
2016-12-22@10:30:00,52.417,51.577,50.737
2016-12-21@15:00:00,52.422,51.579,50.735
2016-12-21@14:00:00,52.313,51.540,50.767
2016-12-21@11:30:00,52.305,51.535,50.764
2016-12-21@10:30:00,52.358,51.488,50.618
2016-12-20@15:00:00,52.421,51.409,50.396
2016-12-20@14:00:00,52.421,51.395,50.368
2016-12-20@11:30:00,52.413,51.414,50.414
2016-12-20@10:30:00,52.455,51.373,50.291
2016-12-19@15:00:00,52.448,51.359,50.269
2016-12-19@14:00:00,52.487,51.395,50.303
2016-12-19@11:30:00,52.866,51.503,50.139
2016-12-19@10:30:00,53.419,51.655,49.890
2016-12-16@15:00:00,53.992,51.832,49.672
2016-12-16@14:00:00,55.090,52.082,49.073
2016-12-16@11:30:00,55.382,52.222,49.061
2016-12-16@10:30:00,55.703,52.371,49.039
2016-12-15@15:00:00,55.969,52.506,49.043
2016-12-15@14:00:00,56.543,52.730,48.916
2016-12-15@11:30:00,57.127,52.962,48.796
2016-12-15@10:30:00,57.792,53.214,48.636
2016-12-14@15:00:00,58.297,53.465,48.633
2016-12-14@14:00:00,58.898,53.784,48.669
2016-12-14@11:30:00,59.437,54.107,48.777
2016-12-14@10:30:00,59.767,54.465,49.162
2016-12-13@15:00:00,59.929,54.834,49.738
2016-12-13@14:00:00,60.244,55.214,50.184
2016-12-13@11:30:00,60.523,55.598,50.672
2016-12-13@10:30:00,60.448,55.992,51.535
2016-12-12@15:00:00,60.301,56.353,52.405
2016-12-12@14:00:00,59.959,56.615,53.271
2016-12-12@11:30:00,59.842,56.837,53.831
2016-12-12@10:30:00,59.776,57.018,54.260
2016-12-09@15:00:00,59.753,57.192,54.631
2016-12-09@14:00:00,59.954,57.304,54.654
2016-12-09@11:30:00,60.028,57.562,55.097
2016-12-09@10:30:00,60.050,57.805,55.561
2016-12-08@15:00:00,60.058,58.088,56.118
2016-12-08@14:00:00,60.522,58.329,56.136
2016-12-08@11:30:00,60.980,58.561,56.143
2016-12-08@10:30:00,61.146,58.697,56.249
2016-12-07@15:00:00,61.247,58.850,56.454
2016-12-07@14:00:00,61.373,58.959,56.546
2016-12-07@11:30:00,61.480,59.059,56.639
2016-12-07@10:30:00,61.543,59.169,56.796
2016-12-06@15:00:00,61.613,59.304,56.995
2016-12-06@14:00:00,61.822,59.191,56.561
2016-12-06@11:30:00,61.958,59.069,56.180
2016-12-06@10:30:00,62.104,58.960,55.816
2016-12-05@15:00:00,62.252,58.837,55.423
2016-12-05@14:00:00,62.366,58.774,55.182
2016-12-05@11:30:00,62.466,58.681,54.897
2016-12-05@10:30:00,62.522,58.604,54.686
2016-12-02@15:00:00,62.565,58.507,54.449
2016-12-02@14:00:00,62.627,58.320,54.013
2016-12-02@11:30:00,62.629,58.072,53.515
2016-12-02@10:30:00,62.561,57.825,53.088
2016-12-01@15:00:00,62.335,57.544,52.752
2016-12-01@14:00:00,61.863,57.235,52.607
2016-12-01@11:30:00,61.237,56.920,52.602
2016-12-01@10:30:00,60.795,56.664,52.532
2016-11-30@15:00:00,60.368,56.334,52.299
2016-11-30@14:00:00,59.840,55.997,52.154
2016-11-30@11:30:00,59.177,55.670,52.162
2016-11-30@10:30:00,58.370,55.347,52.323
2016-10-13@15:00:00,57.110,55.011,52.911
2016-10-13@14:00:00,56.980,54.862,52.743
2016-10-13@11:30:00,56.801,54.701,52.600
2016-10-13@10:30:00,56.636,54.554,52.471
2016-10-12@15:00:00,56.487,54.425,52.362
2016-10-12@14:00:00,56.357,54.283,52.208
2016-10-12@11:30:00,56.128,54.163,52.197
2016-10-12@10:30:00,55.816,53.985,52.153
2016-10-11@15:00:00,55.425,53.817,52.209
2016-10-11@14:00:00,55.245,53.698,52.151
2016-10-11@11:30:00,55.175,53.588,52.001
2016-10-11@10:30:00,55.080,53.470,51.860
2016-10-10@15:00:00,54.918,53.381,51.843
2016-10-10@14:00:00,54.817,53.199,51.581
2016-10-10@11:30:00,54.486,53.100,51.713
2016-10-10@10:30:00,54.106,53.018,51.929
2016-09-30@15:00:00,54.063,52.997,51.930
2016-09-30@14:00:00,54.266,53.048,51.829
2016-09-30@11:30:00,54.977,53.178,51.378
2016-09-30@10:30:00,55.527,53.310,51.093
2016-09-29@15:00:00,55.983,53.439,50.896
2016-09-29@14:00:00,56.382,53.578,50.774
2016-09-29@11:30:00,56.802,53.739,50.676
2016-09-29@10:30:00,57.192,53.905,50.619
2016-09-28@15:00:00,57.501,54.060,50.619
2016-09-28@14:00:00,57.758,54.230,50.702
2016-09-28@11:30:00,57.987,54.369,50.752
2016-09-28@10:30:00,58.158,54.547,50.936
2016-09-27@15:00:00,58.251,54.695,51.140
2016-09-27@14:00:00,58.360,54.865,51.370
2016-09-27@11:30:00,58.398,55.053,51.708
2016-09-27@10:30:00,58.382,55.254,52.126
2016-09-26@15:00:00,58.391,55.431,52.471
2016-09-26@14:00:00,57.983,55.686,53.389
2016-09-26@11:30:00,57.808,55.849,53.891
2016-09-26@10:30:00,57.604,56.002,54.400
2016-09-23@15:00:00,57.073,56.177,55.281
2016-09-23@14:00:00,56.622,56.264,55.905
2016-09-23@11:30:00,56.620,56.267,55.914
2016-09-23@10:30:00,56.627,56.276,55.926
2016-09-22@15:00:00,56.705,56.305,55.905
2016-09-22@14:00:00,56.705,56.305,55.905
2016-09-22@11:30:00,56.691,56.296,55.902
2016-09-22@10:30:00,nan,nan,nan
2016-09-21@15:00:00,nan,nan,nan
2016-09-21@14:00:00,nan,nan,nan
2016-09-21@11:30:00,nan,nan,nan
2016-09-21@10:30:00,nan,nan,nan
2016-09-20@15:00:00,nan,nan,nan
2016-09-20@14:00:00,nan,nan,nan
2016-09-20@11:30:00,nan,nan,nan
2016-09-20@10:30:00,nan,nan,nan
2016-09-19@15:00:00,nan,nan,nan
2016-09-19@14:00:00,nan,nan,nan
2016-09-19@11:30:00,nan,nan,nan
2016-09-19@10:30:00,nan,nan,nan
2016-09-14@15:00:00,nan,nan,nan
2016-09-14@14:00:00,nan,nan,nan
2016-09-14@11:30:00,nan,nan,nan
2016-09-14@10:30:00,nan,nan,nan
2016-09-13@15:00:00,nan,nan,nan
2016-09-13@14:00:00,nan,nan,nan
