Not
2017-03-17@15:00:00,0.388,0.435,-0.047
2017-03-17@14:00:00,0.404,0.447,-0.043
2017-03-17@11:30:00,0.370,0.457,-0.087
2017-03-17@10:30:00,0.373,0.479,-0.106
2017-03-16@15:00:00,0.429,0.506,-0.077
2017-03-16@14:00:00,0.435,0.525,-0.090
2017-03-16@11:30:00,0.433,0.547,-0.114
2017-03-16@10:30:00,0.479,0.576,-0.096
2017-03-15@15:00:00,0.521,0.600,-0.079
2017-03-15@14:00:00,0.557,0.620,-0.063
2017-03-15@11:30:00,0.590,0.635,-0.045
2017-03-15@10:30:00,0.636,0.646,-0.011
2017-03-14@15:00:00,0.649,0.649,-0.001
2017-03-14@14:00:00,0.633,0.649,-0.016
2017-03-14@11:30:00,0.601,0.653,-0.052
2017-03-14@10:30:00,0.590,0.666,-0.076
2017-03-13@15:00:00,0.649,0.685,-0.036
2017-03-13@14:00:00,0.655,0.694,-0.039
2017-03-13@11:30:00,0.655,0.704,-0.049
2017-03-13@10:30:00,0.660,0.716,-0.056
2017-03-10@15:00:00,0.630,0.730,-0.100
2017-03-10@14:00:00,0.583,0.755,-0.172
2017-03-10@11:30:00,0.576,0.798,-0.222
2017-03-10@10:30:00,0.605,0.854,-0.249
2017-03-09@15:00:00,0.656,0.916,-0.260
2017-03-09@14:00:00,0.720,0.981,-0.260
2017-03-09@11:30:00,0.787,1.046,-0.259
2017-03-09@10:30:00,0.850,1.111,-0.261
2017-03-08@15:00:00,0.926,1.176,-0.250
2017-03-08@14:00:00,1.085,1.239,-0.153
2017-03-08@11:30:00,1.238,1.277,-0.039
2017-03-08@10:30:00,1.418,1.287,0.131
2017-03-07@15:00:00,1.612,1.254,0.358
2017-03-07@14:00:00,1.675,1.164,0.511
2017-03-07@11:30:00,1.579,1.037,0.543
2017-03-07@10:30:00,1.488,0.901,0.587
2017-03-06@15:00:00,1.271,0.754,0.517
2017-03-06@14:00:00,1.042,0.625,0.417
2017-03-06@11:30:00,0.735,0.521,0.214
2017-03-06@10:30:00,0.600,0.467,0.133
2017-03-03@15:00:00,0.434,0.434,0.001
2017-03-03@14:00:00,0.402,0.434,-0.031
2017-03-03@11:30:00,0.395,0.442,-0.047
2017-03-03@10:30:00,0.401,0.453,-0.052
2017-03-02@15:00:00,0.442,0.466,-0.025
2017-03-02@14:00:00,0.459,0.472,-0.014
2017-03-02@11:30:00,0.468,0.476,-0.008
2017-03-02@10:30:00,0.497,0.478,0.019
2017-03-01@15:00:00,0.566,0.473,0.093
2017-03-01@14:00:00,0.573,0.450,0.123
2017-03-01@11:30:00,0.577,0.419,0.157
2017-03-01@10:30:00,0.579,0.380,0.199
2017-02-28@15:00:00,0.562,0.330,0.232
2017-02-28@14:00:00,0.514,0.272,0.242
2017-02-28@11:30:00,0.469,0.211,0.258
2017-02-28@10:30:00,0.375,0.147,0.228
2017-02-27@15:00:00,0.273,0.090,0.183
2017-02-27@14:00:00,0.215,0.044,0.171
2017-02-27@11:30:00,0.148,0.001,0.147
2017-02-27@10:30:00,0.101,-0.036,0.136
2017-02-24@15:00:00,0.056,-0.070,0.126
2017-02-24@14:00:00,-0.029,-0.101,0.072
2017-02-24@11:30:00,-0.107,-0.119,0.012
2017-02-24@10:30:00,-0.151,-0.122,-0.029
2017-02-23@15:00:00,-0.179,-0.115,-0.064
2017-02-23@14:00:00,-0.190,-0.099,-0.091
2017-02-23@11:30:00,-0.192,-0.076,-0.116
2017-02-23@10:30:00,-0.188,-0.047,-0.141
2017-02-22@15:00:00,-0.166,-0.012,-0.155
2017-02-22@14:00:00,-0.141,0.027,-0.168
2017-02-22@11:30:00,-0.106,0.069,-0.175
2017-02-22@10:30:00,-0.051,0.113,-0.163
2017-02-21@15:00:00,-0.029,0.153,-0.183
2017-02-21@14:00:00,-0.030,0.199,-0.229
2017-02-21@11:30:00,-0.021,0.256,-0.277
2017-02-21@10:30:00,-0.011,0.326,-0.337
2017-02-20@15:00:00,0.015,0.410,-0.395
2017-02-20@14:00:00,0.077,0.509,-0.432
2017-02-20@11:30:00,0.213,0.617,-0.403
2017-02-20@10:30:00,0.369,0.717,-0.348
2017-02-17@15:00:00,0.468,0.804,-0.337
2017-02-17@14:00:00,0.598,0.888,-0.290
2017-02-17@11:30:00,0.739,0.961,-0.222
2017-02-17@10:30:00,0.877,1.016,-0.140
2017-02-16@15:00:00,0.960,1.051,-0.092
2017-02-16@14:00:00,1.036,1.074,-0.038
2017-02-16@11:30:00,1.128,1.084,0.044
2017-02-16@10:30:00,1.203,1.073,0.131
2017-02-15@15:00:00,1.282,1.040,0.242
2017-02-15@14:00:00,1.282,0.980,0.303
2017-02-15@11:30:00,1.239,0.904,0.335
2017-02-15@10:30:00,1.220,0.820,0.400
2017-02-14@15:00:00,1.186,0.720,0.466
2017-02-14@14:00:00,1.043,0.604,0.439
2017-02-14@11:30:00,0.848,0.494,0.354
2017-02-14@10:30:00,0.671,0.406,0.265
2017-02-13@15:00:00,0.353,0.339,0.014
2017-02-13@14:00:00,0.330,0.336,-0.006
2017-02-13@11:30:00,0.337,0.338,-0.001
2017-02-13@10:30:00,0.337,0.338,-0.000
2017-02-10@15:00:00,0.360,0.338,0.023
2017-02-10@14:00:00,0.417,0.332,0.085
2017-02-10@11:30:00,0.441,0.311,0.131
2017-02-10@10:30:00,0.466,0.278,0.187
2017-02-09@15:00:00,0.489,0.231,0.257
2017-02-09@14:00:00,0.446,0.167,0.279
2017-02-09@11:30:00,0.382,0.097,0.285
2017-02-09@10:30:00,0.256,0.026,0.230
2017-02-08@15:00:00,0.082,-0.031,0.113
2017-02-08@14:00:00,0.027,-0.060,0.087
2017-02-08@11:30:00,-0.017,-0.081,0.065
2017-02-08@10:30:00,-0.012,-0.098,0.086
2017-02-07@15:00:00,-0.002,-0.119,0.117
2017-02-07@14:00:00,-0.011,-0.148,0.137
2017-02-07@11:30:00,-0.012,-0.183,0.170
2017-02-07@10:30:00,-0.024,-0.225,0.201
2017-02-06@15:00:00,-0.084,-0.275,0.191
2017-02-06@14:00:00,-0.144,-0.323,0.179
2017-02-06@11:30:00,-0.200,-0.368,0.168
2017-02-06@10:30:00,-0.265,-0.410,0.144
2017-02-03@15:00:00,-0.313,-0.446,0.133
2017-02-03@14:00:00,-0.333,-0.479,0.146
2017-02-03@11:30:00,-0.366,-0.516,0.149
2017-02-03@10:30:00,-0.390,-0.553,0.163
2017-01-26@15:00:00,-0.419,-0.594,0.174
2017-01-26@14:00:00,-0.440,-0.637,0.197
2017-01-26@11:30:00,-0.503,-0.686,0.183
2017-01-26@10:30:00,-0.552,-0.732,0.180
2017-01-25@15:00:00,-0.602,-0.777,0.175
2017-01-25@14:00:00,-0.632,-0.821,0.189
2017-01-25@11:30:00,-0.663,-0.868,0.205
2017-01-25@10:30:00,-0.722,-0.919,0.197
2017-01-24@15:00:00,-0.774,-0.968,0.194
2017-01-24@14:00:00,-0.780,-1.017,0.237
2017-01-24@11:30:00,-0.817,-1.076,0.259
2017-01-24@10:30:00,-0.832,-1.141,0.309
2017-01-23@15:00:00,-0.880,-1.218,0.338
2017-01-23@14:00:00,-0.943,-1.303,0.360
2017-01-23@11:30:00,-1.024,-1.393,0.369
2017-01-23@10:30:00,-1.113,-1.485,0.372
2017-01-20@15:00:00,-1.235,-1.578,0.343
2017-01-20@14:00:00,-1.320,-1.664,0.343
2017-01-20@11:30:00,-1.437,-1.750,0.313
2017-01-20@10:30:00,-1.567,-1.828,0.261
2017-01-19@15:00:00,-1.701,-1.893,0.192
2017-01-19@14:00:00,-1.776,-1.941,0.165
2017-01-19@11:30:00,-1.844,-1.982,0.138
2017-01-19@10:30:00,-1.940,-2.017,0.077
2017-01-18@15:00:00,-1.968,-2.036,0.067
2017-01-18@14:00:00,-1.999,-2.053,0.054
2017-01-18@11:30:00,-2.073,-2.066,-0.007
2017-01-18@10:30:00,-2.152,-2.064,-0.088
2017-01-17@15:00:00,-2.186,-2.042,-0.144
2017-01-17@14:00:00,-2.389,-2.006,-0.383
2017-01-17@11:30:00,-2.468,-1.911,-0.557
2017-01-17@10:30:00,-2.300,-1.771,-0.529
2017-01-16@15:00:00,-2.155,-1.639,-0.516
2017-01-16@14:00:00,-1.974,-1.510,-0.464
2017-01-16@11:30:00,-1.823,-1.394,-0.429
2017-01-16@10:30:00,-1.625,-1.287,-0.338
2017-01-13@15:00:00,-1.407,-1.202,-0.205
2017-01-13@14:00:00,-1.332,-1.151,-0.181
2017-01-13@11:30:00,-1.273,-1.106,-0.167
2017-01-13@10:30:00,-1.230,-1.064,-0.165
2017-01-12@15:00:00,-1.129,-1.023,-0.107
2017-01-12@14:00:00,-1.111,-0.996,-0.115
2017-01-12@11:30:00,-1.078,-0.967,-0.111
2017-01-12@10:30:00,-1.130,-0.940,-0.190
2017-01-11@15:00:00,-1.138,-0.892,-0.246
2017-01-11@14:00:00,-1.021,-0.831,-0.191
2017-01-11@11:30:00,-0.928,-0.783,-0.145
2017-01-11@10:30:00,-0.847,-0.747,-0.100
2017-01-10@15:00:00,-0.832,-0.721,-0.110
2017-01-10@14:00:00,-0.821,-0.694,-0.127
2017-01-10@11:30:00,-0.835,-0.662,-0.173
2017-01-10@10:30:00,-0.847,-0.619,-0.229
2017-01-09@15:00:00,-0.818,-0.562,-0.257
2017-01-09@14:00:00,-0.787,-0.497,-0.290
2017-01-09@11:30:00,-0.698,-0.425,-0.273
2017-01-09@10:30:00,-0.613,-0.357,-0.256
2017-01-06@15:00:00,-0.476,-0.293,-0.183
2017-01-06@14:00:00,-0.395,-0.247,-0.148
2017-01-06@11:30:00,-0.313,-0.210,-0.103
2017-01-06@10:30:00,-0.249,-0.184,-0.065
2017-01-05@15:00:00,-0.148,-0.168,0.020
2017-01-05@14:00:00,-0.146,-0.173,0.027
2017-01-05@11:30:00,-0.149,-0.180,0.030
2017-01-05@10:30:00,-0.166,-0.188,0.021
2017-01-04@15:00:00,-0.184,-0.193,0.009
2017-01-04@14:00:00,-0.210,-0.195,-0.015
2017-01-04@11:30:00,-0.229,-0.191,-0.038
2017-01-04@10:30:00,-0.219,-0.182,-0.037
2017-01-03@15:00:00,-0.206,-0.173,-0.034
2017-01-03@14:00:00,-0.211,-0.164,-0.047
2017-01-03@11:30:00,-0.202,-0.153,-0.049
2017-01-03@10:30:00,-0.206,-0.140,-0.066
2016-12-30@15:00:00,-0.144,-0.124,-0.020
2016-12-30@14:00:00,-0.077,-0.119,0.042
2016-12-30@11:30:00,-0.055,-0.130,0.074
2016-12-30@10:30:00,0.001,-0.148,0.149
2016-12-29@15:00:00,0.056,-0.185,0.241
2016-12-29@14:00:00,0.038,-0.246,0.284
2016-12-29@11:30:00,-0.057,-0.317,0.259
2016-12-29@10:30:00,-0.212,-0.381,0.169
2016-12-28@15:00:00,-0.368,-0.424,0.055
2016-12-28@14:00:00,-0.392,-0.438,0.046
2016-12-28@11:30:00,-0.421,-0.449,0.028
2016-12-28@10:30:00,-0.504,-0.456,-0.048
2016-12-27@15:00:00,-0.528,-0.444,-0.084
2016-12-27@14:00:00,-0.495,-0.423,-0.073
2016-12-27@11:30:00,-0.496,-0.405,-0.091
2016-12-27@10:30:00,-0.499,-0.382,-0.117
2016-12-26@15:00:00,-0.491,-0.353,-0.139
2016-12-26@14:00:00,-0.497,-0.318,-0.179
2016-12-26@11:30:00,-0.448,-0.273,-0.174
2016-12-26@10:30:00,-0.264,-0.230,-0.034
2016-12-23@15:00:00,-0.035,-0.221,0.186
2016-12-23@14:00:00,-0.066,-0.268,0.202
2016-12-23@11:30:00,-0.100,-0.318,0.218
2016-12-23@10:30:00,-0.140,-0.373,0.232
2016-12-22@15:00:00,-0.200,-0.431,0.231
2016-12-22@14:00:00,-0.244,-0.489,0.244
2016-12-22@11:30:00,-0.306,-0.550,0.244
2016-12-22@10:30:00,-0.355,-0.611,0.256
2016-12-21@15:00:00,-0.417,-0.675,0.258
2016-12-21@14:00:00,-0.522,-0.739,0.217
2016-12-21@11:30:00,-0.586,-0.793,0.207
2016-12-21@10:30:00,-0.644,-0.845,0.201
2016-12-20@15:00:00,-0.737,-0.895,0.158
2016-12-20@14:00:00,-0.790,-0.935,0.145
2016-12-20@11:30:00,-0.803,-0.971,0.168
2016-12-20@10:30:00,-0.850,-1.013,0.164
2016-12-19@15:00:00,-0.907,-1.054,0.147
2016-12-19@14:00:00,-0.933,-1.091,0.158
2016-12-19@11:30:00,-0.965,-1.130,0.166
2016-12-19@10:30:00,-0.985,-1.172,0.187
2016-12-16@15:00:00,-0.993,-1.218,0.225
2016-12-16@14:00:00,-1.051,-1.275,0.224
2016-12-16@11:30:00,-1.102,-1.331,0.229
2016-12-16@10:30:00,-1.165,-1.388,0.223
2016-12-15@15:00:00,-1.247,-1.444,0.197
2016-12-15@14:00:00,-1.323,-1.493,0.170
2016-12-15@11:30:00,-1.424,-1.536,0.111
2016-12-15@10:30:00,-1.565,-1.563,-0.001
2016-12-14@15:00:00,-1.687,-1.563,-0.124
2016-12-14@14:00:00,-1.771,-1.532,-0.238
2016-12-14@11:30:00,-1.855,-1.473,-0.383
2016-12-14@10:30:00,-1.838,-1.377,-0.461
2016-12-13@15:00:00,-1.749,-1.262,-0.488
2016-12-13@14:00:00,-1.690,-1.140,-0.550
2016-12-13@11:30:00,-1.613,-1.002,-0.611
2016-12-13@10:30:00,-1.413,-0.850,-0.563
2016-12-12@15:00:00,-1.200,-0.709,-0.491
2016-12-12@14:00:00,-0.980,-0.586,-0.394
2016-12-12@11:30:00,-0.842,-0.488,-0.354
2016-12-12@10:30:00,-0.738,-0.399,-0.339
2016-12-09@15:00:00,-0.643,-0.314,-0.329
2016-12-09@14:00:00,-0.720,-0.232,-0.488
2016-12-09@11:30:00,-0.579,-0.110,-0.469
2016-12-09@10:30:00,-0.423,0.007,-0.430
2016-12-08@15:00:00,-0.207,0.115,-0.322
2016-12-08@14:00:00,-0.098,0.195,-0.293
2016-12-08@11:30:00,0.002,0.269,-0.267
2016-12-08@10:30:00,0.055,0.335,-0.280
2016-12-07@15:00:00,0.160,0.405,-0.246
2016-12-07@14:00:00,0.202,0.467,-0.264
2016-12-07@11:30:00,0.239,0.533,-0.293
2016-12-07@10:30:00,0.313,0.606,-0.293
2016-12-06@15:00:00,0.417,0.680,-0.263
2016-12-06@14:00:00,0.442,0.745,-0.303
2016-12-06@11:30:00,0.439,0.821,-0.382
2016-12-06@10:30:00,0.485,0.917,-0.432
2016-12-05@15:00:00,0.539,1.025,-0.485
2016-12-05@14:00:00,0.734,1.146,-0.411
2016-12-05@11:30:00,0.899,1.249,-0.350
2016-12-05@10:30:00,1.092,1.336,-0.244
2016-12-02@15:00:00,1.290,1.397,-0.108
2016-12-02@14:00:00,1.441,1.424,0.017
2016-12-02@11:30:00,1.546,1.420,0.126
2016-12-02@10:30:00,1.655,1.388,0.266
2016-12-01@15:00:00,1.700,1.322,0.379
2016-12-01@14:00:00,1.648,1.227,0.421
2016-12-01@11:30:00,1.535,1.122,0.413
2016-12-01@10:30:00,1.490,1.019,0.472
2016-11-30@15:00:00,1.414,0.901,0.513
2016-11-30@14:00:00,1.297,0.772,0.525
2016-11-30@11:30:00,1.134,0.641,0.493
2016-11-30@10:30:00,0.917,0.518,0.399
2016-10-13@15:00:00,0.593,0.418,0.175
2016-10-13@14:00:00,0.572,0.374,0.197
2016-10-13@11:30:00,0.527,0.325,0.202
2016-10-13@10:30:00,0.492,0.275,0.218
2016-10-12@15:00:00,0.471,0.220,0.251
2016-10-12@14:00:00,0.450,0.157,0.293
2016-10-12@11:30:00,0.402,0.084,0.317
2016-10-12@10:30:00,0.300,0.005,0.295
2016-10-11@15:00:00,0.173,-0.069,0.241
2016-10-11@14:00:00,0.109,-0.129,0.238
2016-10-11@11:30:00,0.083,-0.189,0.271
2016-10-11@10:30:00,0.044,-0.257,0.301
2016-10-10@15:00:00,-0.006,-0.332,0.326
2016-10-10@14:00:00,-0.100,-0.413,0.313
2016-10-10@11:30:00,-0.227,-0.492,0.264
2016-10-10@10:30:00,-0.385,-0.558,0.173
2016-09-30@15:00:00,-0.427,-0.601,0.174
2016-09-30@14:00:00,-0.461,-0.644,0.183
2016-09-30@11:30:00,-0.512,-0.690,0.179
2016-09-30@10:30:00,-0.569,-0.735,0.166
2016-09-29@15:00:00,-0.642,-0.776,0.135
2016-09-29@14:00:00,-0.705,-0.810,0.105
2016-09-29@11:30:00,-0.760,-0.836,0.076
2016-09-29@10:30:00,-0.819,-0.855,0.036
2016-09-28@15:00:00,-0.888,-0.864,-0.024
2016-09-28@14:00:00,-0.923,-0.859,-0.065
2016-09-28@11:30:00,-1.015,-0.842,-0.173
2016-09-28@10:30:00,-1.033,-0.799,-0.234
2016-09-27@15:00:00,-1.056,-0.741,-0.316
2016-09-27@14:00:00,nan,nan,nan
2016-09-27@11:30:00,nan,nan,nan
2016-09-27@10:30:00,nan,nan,nan
2016-09-26@15:00:00,nan,nan,nan
2016-09-26@14:00:00,nan,nan,nan
2016-09-26@11:30:00,nan,nan,nan
2016-09-26@10:30:00,nan,nan,nan
2016-09-23@15:00:00,nan,nan,nan
2016-09-23@14:00:00,nan,nan,nan
2016-09-23@11:30:00,nan,nan,nan
2016-09-23@10:30:00,nan,nan,nan
2016-09-22@15:00:00,nan,nan,nan
2016-09-22@14:00:00,nan,nan,nan
2016-09-22@11:30:00,nan,nan,nan
2016-09-22@10:30:00,nan,nan,nan
2016-09-21@15:00:00,nan,nan,nan
2016-09-21@14:00:00,nan,nan,nan
2016-09-21@11:30:00,nan,nan,nan
2016-09-21@10:30:00,nan,nan,nan
2016-09-20@15:00:00,nan,nan,nan
2016-09-20@14:00:00,nan,nan,nan
2016-09-20@11:30:00,nan,nan,nan
2016-09-20@10:30:00,nan,nan,nan
2016-09-19@15:00:00,nan,nan,nan
2016-09-19@14:00:00,nan,nan,nan
2016-09-19@11:30:00,nan,nan,nan
2016-09-19@10:30:00,nan,nan,nan
2016-09-14@15:00:00,nan,nan,nan
2016-09-14@14:00:00,nan,nan,nan
2016-09-14@11:30:00,nan,nan,nan
2016-09-14@10:30:00,nan,nan,nan
2016-09-13@15:00:00,nan,nan,nan
2016-09-13@14:00:00,nan,nan,nan
