date,open,high,close,low,volume,price_change,p_change,ma5,ma10,ma20,v_ma5,v_ma10,v_ma20,turnover
2017-06-30,30.51,34.36,33.87,29.02,5566074.0,3.52,11.6,29.346,29.177,27.815,4124219.6,2880489.51,3225705.77,8.85
2017-05-31,27.69,31.07,30.35,26.79,6206431.5,2.6,9.37,28.376,28.534,27.353,3242234.1,2614910.46,3154873.14,9.87
2017-04-28,27.22,28.15,27.75,25.48,3291963.0,0.33,1.2,27.86,28.179,26.945,2311673.25,2124150.51,3135124.36,5.24
2017-03-31,27.35,28.14,27.42,26.52,2971653.5,0.08,0.29,28.35,28.108,26.688,2044838.95,1937568.62,3499965.76,4.73
2017-02-28,29.18,29.18,27.34,27.28,2584976.0,-1.68,-5.79,28.726,28.095,26.563,1709861.47,1924315.97,4498520.39,4.11
2017-01-26,27.63,29.22,29.02,27.52,1156146.5,1.25,4.5,29.008,28.121,26.705,1636759.42,2006114.25,5493494.09,1.84
2016-12-30,30.22,31.2,27.77,27.26,1553627.25,-2.43,-8.05,28.692,27.842,26.865,1987586.82,2326612.95,7262437.16,2.47
2016-11-30,29.35,31.67,30.2,29.23,1957791.5,0.9,3.07,28.498,27.417,27.218,1936627.77,2362650.77,9231674.4,3.11
2016-10-31,28.99,30.7,29.3,28.57,1296766.12,0.55,1.91,27.866,26.727,27.403,1830298.3,2553467.07,10819991.02,2.06
2016-09-30,27.47,29.85,28.75,27.27,2219465.75,1.31,4.77,27.464,26.681,27.658,2138770.47,3052133.61,11772176.82,3.53
2016-08-31,26.7,27.64,27.44,25.66,2910283.5,0.64,2.39,27.234,26.452,27.891,2375469.07,3570922.04,13651410.73,4.63
2016-07-29,27.04,27.72,26.8,26.5,1298832.0,-0.24,-0.89,26.992,26.172,28.134,2665639.07,3694835.81,15643046.56,2.07
2016-06-30,27.13,27.48,27.04,26.41,1426144.12,-0.25,-0.92,26.336,25.71,28.0,2788673.77,4146098.21,16479095.36,2.27
2016-05-31,27.1,27.95,27.29,25.63,2839127.0,-0.31,-1.12,25.588,25.268,27.647,3276635.85,5062362.9,16704289.63,4.52
2016-04-29,26.44,28.17,27.6,25.72,3402958.75,1.37,5.22,25.898,25.03,27.252,3965496.75,7072724.8,16842599.1,5.41
2016-03-31,23.34,26.94,26.23,23.01,4361133.5,2.71,11.52,25.67,25.288,26.835,4766375.0,8980873.93,16935562.21,6.94
2016-02-29,23.5,24.98,23.52,22.2,1914005.5,0.22,0.94,25.352,25.888,26.527,4724032.55,12198261.38,17022612.01,3.04
2016-01-29,28.69,28.89,23.3,22.0,3865954.5,-5.54,-19.21,25.084,27.018,26.24,5503522.65,16100698.03,17158731.49,6.15
2015-12-31,26.46,30.5,28.84,26.26,6283431.5,2.38,8.99,24.948,28.078,25.914,6848089.95,19086514.98,17127153.45,9.99
2015-11-30,24.5,29.0,26.46,24.48,7407350.0,1.82,7.39,24.162,28.635,25.288,10179952.85,20492220.02,17118140.02,11.78
2015-10-30,24.2,26.04,24.64,22.58,4149421.25,2.46,11.09,24.906,29.33,24.755,13195372.85,23731899.43,17000358.13,6.6
2015-09-30,22.0,24.44,22.18,21.28,5811456.0,-0.44,-1.95,26.424,30.096,24.327,19672490.2,27591257.3,17024989.76,9.24
2015-08-31,24.88,26.37,22.62,18.8,10588791.0,-2.29,-9.19,28.952,30.29,24.037,26697873.4,28812092.5,17003079.79,16.84
2015-07-31,29.6,32.6,24.91,24.68,22942746.0,-5.27,-17.46,31.208,30.025,23.832,31324940.0,28346216.35,16828148.56,36.49
2015-06-30,32.25,36.09,30.18,26.0,22484450.0,-2.05,-6.36,33.108,29.475,23.565,30804487.2,26612473.4,16272979.86,35.77
2015-05-29,34.94,38.35,32.23,31.88,36535008.0,-2.59,-7.44,33.754,28.381,22.913,34268426.0,24890250.5,15353562.4,58.11
2015-04-30,34.55,37.28,34.82,33.6,40938372.0,0.92,2.71,33.768,27.165,22.18,35510024.4,21846962.65,13948169.7,65.12
2015-03-31,34.41,35.0,33.9,30.0,33724124.0,-0.51,-1.48,31.628,25.462,21.304,30926311.6,18216764.95,12189409.88,53.64
2015-02-27,31.85,35.66,34.41,30.69,20340482.0,1.0,2.99,28.842,23.75,20.426,25367492.7,15167791.93,10706728.95,32.35
2015-01-30,33.0,37.88,33.41,29.3,39804144.0,1.11,3.44,25.842,21.94,19.502,22420459.6,13744060.03,9857553.32,63.31
2014-12-31,24.5,32.91,32.3,23.33,42743000.0,8.18,33.91,23.008,20.179,18.762,15512075.0,10268816.82,8053134.74,67.99
2014-11-28,19.97,24.96,24.12,19.46,18019808.0,4.15,20.78,20.562,18.558,18.085,8183900.9,6458722.23,6111126.83,28.66
2014-10-31,19.46,20.08,19.97,18.3,5930029.5,0.56,2.88,19.296,17.783,17.794,5507218.3,5194067.08,5445398.53,9.43
2014-09-30,19.24,20.85,19.41,18.72,5605316.5,0.17,0.88,18.658,17.639,17.806,4968091.15,5310080.78,5389161.05,8.92
2014-08-29,19.9,20.78,19.24,19.01,5262221.0,-0.83,-4.14,18.038,17.655,17.918,5067660.45,5933486.33,5423900.3,8.37
2014-07-31,17.92,20.16,20.07,17.31,6102129.5,2.28,12.82,17.35,17.445,18.081,5025558.65,5816874.3,5391463.25,9.71
2014-06-30,16.8,18.32,17.79,16.56,4636395.0,1.01,6.02,16.554,17.195,17.918,4733543.55,6049376.75,5225840.4,7.37
2014-05-30,16.21,16.89,16.78,15.88,3234393.75,0.47,2.88,16.27,17.146,17.925,4880915.85,6162054.8,5121758.58,5.14
2014-04-30,15.83,18.07,16.31,15.72,6103163.0,0.51,3.23,16.62,17.102,18.097,5652070.4,6245665.98,5102857.46,9.71
2014-03-31,16.06,16.25,15.8,14.94,5051712.0,-0.29,-1.8,17.272,17.064,18.26,6799312.2,5971046.63,4950881.41,8.04
2014-02-28,16.27,16.9,16.09,15.72,4642054.0,-0.28,-1.71,17.54,17.345,18.554,6608189.95,5837452.65,4912493.94,7.48
2014-01-30,18.53,18.53,16.37,16.35,5373256.5,-2.16,-11.66,17.836,17.612,18.859,7365209.95,5763531.43,4845297.89,8.65
2013-12-31,19.51,20.24,18.53,17.39,7090166.5,-1.04,-5.31,18.022,17.804,19.1,7443193.75,5696729.98,4753921.16,11.42
2013-11-29,17.25,20.46,19.57,16.58,11839372.0,2.43,14.18,17.584,17.973,19.26,6839261.55,5468241.33,4597149.53,19.07
2013-10-31,17.55,18.24,17.14,16.37,4096100.75,-0.43,-2.45,16.856,18.181,19.246,5142781.05,4914314.28,4200536.1,6.6
2013-09-30,17.43,20.3,17.57,17.11,8427154.0,0.27,1.56,17.15,18.717,19.439,5066715.35,4966052.2,4190153.98,13.57
2013-08-30,16.48,18.73,17.3,16.04,5763175.5,0.96,5.88,17.388,18.64,19.611,4161852.9,4402304.05,3899810.73,9.28
2013-07-31,15.81,17.28,16.34,15.25,4070505.5,0.41,2.57,17.586,18.703,19.707,3950266.2,4081462.35,3768826.86,6.56
2013-06-28,18.74,18.82,15.93,15.01,3356969.5,-2.68,-14.4,18.362,19.092,19.796,4097221.1,3960048.95,3753751.04,5.41
2013-05-31,18.79,19.59,18.61,18.21,3715772.25,-0.15,-0.8,19.506,19.455,19.989,4685847.5,3930716.2,3712351.78,5.99
2013-04-26,18.15,20.38,18.76,18.1,3902841.75,0.47,2.57,20.284,19.763,19.983,4865389.05,3987535.23,3674800.75,6.29
2013-03-29,20.1,20.18,18.29,17.93,4705242.0,-1.93,-9.54,19.892,20.105,20.081,4642755.2,3927064.35,3695042.41,7.58
2013-02-28,21.42,23.88,20.22,19.3,4805280.0,-1.43,-6.61,19.82,20.396,20.212,4212658.5,3811112.35,3635280.08,7.74
2013-01-31,23.5,23.87,21.65,20.81,6300101.5,-0.85,-3.78,19.822,20.546,20.321,3822876.8,3726057.73,3582884.56,10.15
2012-12-31,16.75,22.75,22.5,16.73,4613480.0,5.7,33.93,19.404,20.31,20.344,3175584.9,3486757.93,3439655.48,7.43
2012-11-30,17.95,18.85,16.8,16.15,2789672.5,-1.13,-6.3,19.242,20.161,20.431,3109681.4,3414255.75,3522401.6,4.49
2012-10-31,20.2,20.6,17.93,17.77,2554758.5,-2.3,-11.37,20.318,20.582,20.697,3211373.5,3397317.4,3712104.6,4.12
2012-09-28,19.59,21.08,20.23,18.64,2856371.5,0.67,3.42,20.972,20.71,20.923,3409566.2,3456191.38,3770646.36,4.6
2012-08-31,21.72,22.2,19.56,18.6,3063642.0,-2.13,-9.82,21.27,20.5,21.028,3629238.65,3547453.13,3873664.96,4.93
2012-07-31,22.2,23.8,21.69,21.26,4283962.5,-0.49,-2.21,21.216,20.523,21.195,3797930.95,3493987.35,3971621.41,6.9
2012-06-29,21.15,22.66,22.18,19.81,3298133.0,0.98,4.62,21.08,20.203,21.27,3718830.1,3362066.28,4160166.34,5.31
2012-05-31,21.75,22.68,21.2,20.38,3545722.0,-0.52,-2.39,20.846,20.057,21.453,3583261.3,3463020.48,4375540.06,5.71
2012-04-27,19.06,22.37,21.72,19.01,3954733.75,2.43,12.6,20.448,20.028,21.483,3502816.55,3459447.8,4430949.01,6.37
2012-03-30,20.88,21.41,19.29,18.76,3907103.5,-1.72,-8.19,19.73,20.095,21.571,3465667.6,3439711.4,4497416.22,6.29
2012-02-29,21.0,22.07,21.01,20.51,3888458.25,0.0,0.0,19.83,20.377,21.771,3190043.75,3392553.03,4737715.3,6.26
2012-01-31,19.27,21.93,21.01,18.83,2620289.0,1.8,9.37,19.326,20.701,21.859,3005302.45,3630547.45,4817729.66,4.22
2011-12-30,19.15,19.94,19.21,18.28,3143498.25,1.08,5.96,19.268,20.812,21.893,3342779.65,4026891.8,5048903.04,5.06
2011-11-30,19.65,21.95,18.13,18.11,3768989.0,-1.66,-8.39,19.608,21.135,22.199,3416079.05,4085101.35,5218521.53,6.07
2011-10-31,18.59,20.5,19.79,17.7,2528984.25,1.3,7.03,20.46,21.556,22.642,3413755.2,4199876.8,5277410.08,4.07
2011-09-30,20.87,21.35,18.49,18.2,2964751.75,-2.23,-10.76,20.924,21.867,22.84,3595062.3,4449255.47,5347715.53,4.78
2011-08-31,20.88,21.4,20.72,19.15,4307675.0,-0.19,-0.91,22.076,22.336,23.021,4255792.45,4958266.4,5497879.39,6.94
2011-07-29,22.39,23.24,20.91,20.45,3509995.25,-1.48,-6.61,22.356,22.849,23.266,4711003.95,5288059.65,5721936.19,5.65
2011-06-30,22.02,22.55,22.39,19.88,3757369.75,0.28,1.27,22.662,22.938,23.449,4754123.65,5402450.23,5844974.18,6.05
2011-05-31,24.25,24.47,22.11,21.54,3435519.75,-2.14,-8.82,22.652,23.047,23.553,4985998.4,5555121.05,5901910.86,5.53
2011-04-29,22.18,25.47,24.25,22.1,6268402.5,2.13,9.63,22.81,23.165,23.561,5303448.65,6082877.58,6188810.43,10.1
2011-03-31,22.45,24.15,22.12,21.58,6583732.5,-0.32,-1.43,22.596,23.017,23.329,5660740.35,6004911.88,6357631.5,10.6
2011-02-28,22.34,24.05,22.44,21.84,3725593.75,0.1,0.45,23.342,22.973,23.612,5865115.35,6070914.28,6466233.28,6.0
2011-01-31,23.04,23.5,22.34,21.26,4916743.5,-0.56,-2.44,23.214,23.262,23.609,6050776.8,6351941.7,6753589.39,7.92
2010-12-31,23.05,24.8,22.9,22.09,5022771.0,-0.28,-1.21,23.442,23.728,23.349,6124243.7,6354943.35,6730459.41,8.09
2010-11-30,25.83,27.33,23.18,22.05,8054861.0,-2.67,-10.33,23.52,23.813,23.082,6862306.5,6246175.58,6872371.86,30.04
2010-10-29,22.0,28.99,25.85,21.99,7605607.5,4.05,18.58,23.438,23.705,22.762,6349083.4,6037492.38,6949094.06,28.37
2010-09-30,23.46,24.1,21.8,21.0,4653901.0,-1.68,-7.16,22.604,23.682,22.148,6276713.2,6155812.73,6926022.14,17.36
2010-08-31,23.27,25.6,23.48,22.77,5284078.0,0.19,0.82,23.31,23.959,21.743,6653106.6,6287498.13,7072990.84,19.71
2010-07-30,22.8,24.0,23.29,20.6,8713085.0,0.52,2.28,24.014,24.058,21.125,6585643.0,6248700.68,7272885.54,32.5
2010-06-30,21.43,23.94,22.77,20.14,5488745.5,1.09,5.03,24.106,23.956,20.517,5630044.65,6294743.28,7051842.54,20.47
2010-05-31,24.94,26.04,21.68,21.24,7243756.5,-3.65,-14.41,23.972,23.641,19.962,5725901.35,6710351.13,6903031.46,28.11
2010-04-30,26.91,28.63,25.33,24.0,6535868.0,-1.67,-6.18,24.76,24.25,19.703,6034912.25,6861552.28,6682257.14,25.37
2010-03-31,23.8,27.25,27.0,23.8,4946760.0,3.25,13.68,24.608,23.955,19.378,5921889.65,7155237.08,6458878.29,19.2
2010-02-26,22.28,25.1,23.75,21.9,3935093.25,1.65,7.47,24.102,22.97,18.975,5911758.35,7105975.48,6368406.29,15.27
2010-01-29,25.77,27.08,22.1,21.9,5968029.0,-3.52,-13.74,23.806,22.35,18.75,6959441.9,7498568.15,6273203.93,23.16
2009-12-31,24.6,27.22,25.62,22.82,8788811.0,1.05,4.27,23.31,21.818,18.859,7694800.9,7860695.75,6152412.33,34.1
2009-11-30,23.8,27.23,24.57,23.68,5970755.0,0.1,0.41,23.74,20.614,19.041,7688192.3,7696231.55,6033181.68,23.13
2009-10-30,22.31,26.33,24.47,22.15,4896103.5,2.2,9.88,23.302,19.527,19.116,8388584.5,7858483.55,5962786.03,18.97
2009-09-30,18.58,22.71,22.27,18.5,9173511.0,2.65,13.51,21.838,18.192,19.653,8300192.6,8297070.4,5816860.7,35.54
2009-08-28,27.77,27.95,19.62,19.48,9644824.0,-8.15,-29.35,20.894,17.077,20.384,8037694.4,7808941.8,5682058.5,37.37
2009-07-31,22.28,29.73,27.77,22.2,8755768.0,5.39,24.08,20.326,16.282,21.877,8026590.6,7095711.8,5481699.35,33.92
2009-06-30,17.35,23.5,22.38,17.25,9472716.0,5.23,30.5,17.488,15.155,21.566,7704270.8,6502962.0,5309379.95,36.7
2009-05-27,17.83,19.2,17.15,16.41,4454144.0,-0.4,-2.28,15.752,14.801,21.521,7328382.6,5762519.5,5078083.5,17.26
2009-04-30,16.87,19.5,17.55,16.12,7861020.0,0.77,4.59,14.546,14.98,21.778,8293948.2,5630837.1,5114785.82,30.46
2009-03-31,13.63,16.78,16.78,13.0,9589305.0,3.2,23.56,13.26,15.15,22.043,7580189.2,5047839.7,4943146.19,37.15
2009-02-27,13.82,16.56,13.58,13.28,7144169.0,-0.12,-0.88,12.238,15.899,22.393,6164833.0,4444128.9,4633402.27,27.68
2009-01-23,11.38,14.47,13.7,11.23,7593275.0,2.58,23.2,12.822,17.468,23.023,5301653.2,4370131.8,4454061.79,29.42
2008-12-31,10.99,12.81,11.12,10.02,9281972.0,0.0,0.0,13.85,18.705,23.74,4196656.4,4067088.5,4212583.85,35.96
2008-11-28,11.51,14.11,11.12,11.0,4292225.0,-0.55,-4.71,15.414,21.114,24.792,2967726.0,3336651.0,3790134.83,42.92
2008-10-31,16.17,16.25,11.67,10.91,2512524.0,-4.83,-29.27,17.04,23.691,26.035,2515490.2,3555175.2,3744490.27,25.13
2008-09-26,18.6,18.75,16.5,12.66,2828270.0,-2.34,-12.42,19.56,27.471,27.471,2723424.8,3867686.9,3867686.9,28.28
2008-08-29,18.8,19.84,18.84,15.95,2068291.0,-0.1,-0.53,22.114,28.69,28.69,3438610.4,3983177.67,3983177.67,20.68
2008-07-31,19.28,21.58,18.94,17.69,3137320.0,-0.31,-1.61,23.56,29.921,29.921,3937520.6,4222538.5,4222538.5,31.37
2008-06-30,24.03,24.8,19.25,17.66,2031046.0,-5.02,-20.68,26.814,31.49,31.49,3705576.0,4377569.71,4377569.71,20.31
2008-05-30,29.68,29.7,24.27,23.22,3552197.0,-5.0,-17.08,30.342,33.53,33.53,4594860.2,4768657.0,4768657.0,35.52
2008-04-30,25.88,29.52,29.27,22.35,6404198.0,3.2,12.28,35.382,35.382,35.382,5011949.0,5011949.0,5011949.0,64.04
2008-03-31,34.8,38.59,26.07,25.51,4562842.0,-9.14,-25.96,36.91,36.91,36.91,4663886.75,4663886.75,4663886.75,45.63
2008-02-29,37.11,40.05,35.21,32.88,1977597.0,-1.68,-4.55,40.523,40.523,40.523,4697568.33,4697568.33,4697568.33,28.25
2008-01-31,49.0,50.28,36.89,35.83,6477467.0,-12.58,-25.43,43.18,43.18,43.18,6057554.0,6057554.0,6057554.0,92.54
2007-12-28,51.0,51.97,49.47,47.88,5637641.0,0.0,0.0,49.47,49.47,49.47,5637641.0,5637641.0,5637641.0,80.54
