Not
2017-03-17@15:00:00,0.109,0.157,-0.048
2017-03-17@14:00:00,0.132,0.169,-0.037
2017-03-17@11:30:00,0.145,0.178,-0.033
2017-03-17@10:30:00,0.166,0.187,-0.020
2017-03-16@15:00:00,0.180,0.192,-0.012
2017-03-16@14:00:00,0.192,0.195,-0.003
2017-03-16@11:30:00,0.197,0.195,0.002
2017-03-16@10:30:00,0.208,0.195,0.013
2017-03-15@15:00:00,0.209,0.192,0.018
2017-03-15@14:00:00,0.214,0.187,0.026
2017-03-15@11:30:00,0.218,0.181,0.037
2017-03-15@10:30:00,0.216,0.171,0.045
2017-03-14@15:00:00,0.229,0.160,0.069
2017-03-14@14:00:00,0.227,0.143,0.084
2017-03-14@11:30:00,0.224,0.122,0.102
2017-03-14@10:30:00,0.208,0.097,0.111
2017-03-13@15:00:00,0.177,0.069,0.108
2017-03-13@14:00:00,0.154,0.042,0.112
2017-03-13@11:30:00,0.115,0.014,0.102
2017-03-13@10:30:00,0.076,-0.012,0.088
2017-03-10@15:00:00,0.027,-0.034,0.060
2017-03-10@14:00:00,0.013,-0.049,0.062
2017-03-10@11:30:00,-0.002,-0.064,0.062
2017-03-10@10:30:00,-0.025,-0.080,0.055
2017-03-09@15:00:00,-0.045,-0.093,0.048
2017-03-09@14:00:00,-0.065,-0.106,0.040
2017-03-09@11:30:00,-0.082,-0.116,0.033
2017-03-09@10:30:00,-0.094,-0.124,0.030
2017-03-08@15:00:00,-0.087,-0.131,0.044
2017-03-08@14:00:00,-0.100,-0.142,0.043
2017-03-08@11:30:00,-0.116,-0.153,0.037
2017-03-08@10:30:00,-0.128,-0.162,0.034
2017-03-07@15:00:00,-0.140,-0.171,0.031
2017-03-07@14:00:00,-0.160,-0.178,0.019
2017-03-07@11:30:00,-0.173,-0.183,0.010
2017-03-07@10:30:00,-0.182,-0.186,0.003
2017-03-06@15:00:00,-0.190,-0.186,-0.003
2017-03-06@14:00:00,-0.199,-0.186,-0.013
2017-03-06@11:30:00,-0.203,-0.182,-0.021
2017-03-06@10:30:00,-0.203,-0.177,-0.026
2017-03-03@15:00:00,-0.203,-0.171,-0.033
2017-03-03@14:00:00,-0.199,-0.162,-0.036
2017-03-03@11:30:00,-0.199,-0.153,-0.046
2017-03-03@10:30:00,-0.195,-0.142,-0.053
2017-03-02@15:00:00,-0.177,-0.129,-0.048
2017-03-02@14:00:00,-0.153,-0.117,-0.037
2017-03-02@11:30:00,-0.131,-0.107,-0.023
2017-03-02@10:30:00,-0.113,-0.102,-0.011
2017-03-01@15:00:00,-0.106,-0.099,-0.007
2017-03-01@14:00:00,-0.099,-0.097,-0.002
2017-03-01@11:30:00,-0.094,-0.097,0.003
2017-03-01@10:30:00,-0.098,-0.097,-0.001
2017-02-28@15:00:00,-0.098,-0.097,-0.001
2017-02-28@14:00:00,-0.095,-0.097,0.002
2017-02-28@11:30:00,-0.094,-0.097,0.004
2017-02-28@10:30:00,-0.090,-0.098,0.008
2017-02-27@15:00:00,-0.087,-0.100,0.014
2017-02-27@14:00:00,-0.086,-0.104,0.017
2017-02-27@11:30:00,-0.094,-0.108,0.014
2017-02-27@10:30:00,-0.121,-0.112,-0.010
2017-02-24@15:00:00,-0.122,-0.109,-0.013
2017-02-24@14:00:00,-0.139,-0.106,-0.033
2017-02-24@11:30:00,-0.134,-0.098,-0.037
2017-02-24@10:30:00,-0.129,-0.088,-0.041
2017-02-23@15:00:00,-0.122,-0.078,-0.044
2017-02-23@14:00:00,-0.111,-0.067,-0.043
2017-02-23@11:30:00,-0.090,-0.056,-0.033
2017-02-23@10:30:00,-0.062,-0.048,-0.014
2017-02-22@15:00:00,-0.043,-0.045,0.001
2017-02-22@14:00:00,-0.034,-0.045,0.011
2017-02-22@11:30:00,-0.028,-0.047,0.020
2017-02-22@10:30:00,-0.020,-0.052,0.033
2017-02-21@15:00:00,-0.016,-0.061,0.044
2017-02-21@14:00:00,-0.026,-0.072,0.046
2017-02-21@11:30:00,-0.030,-0.083,0.053
2017-02-21@10:30:00,-0.042,-0.097,0.055
2017-02-20@15:00:00,-0.064,-0.110,0.046
2017-02-20@14:00:00,-0.089,-0.122,0.033
2017-02-20@11:30:00,-0.094,-0.130,0.036
2017-02-20@10:30:00,-0.106,-0.139,0.033
2017-02-17@15:00:00,-0.126,-0.147,0.021
2017-02-17@14:00:00,-0.130,-0.153,0.022
2017-02-17@11:30:00,-0.136,-0.158,0.022
2017-02-17@10:30:00,-0.147,-0.164,0.017
2017-02-16@15:00:00,-0.168,-0.168,0.001
2017-02-16@14:00:00,-0.173,-0.168,-0.004
2017-02-16@11:30:00,-0.172,-0.167,-0.005
2017-02-16@10:30:00,-0.171,-0.166,-0.005
2017-02-15@15:00:00,-0.165,-0.165,0.000
2017-02-15@14:00:00,-0.171,-0.165,-0.006
2017-02-15@11:30:00,-0.171,-0.163,-0.008
2017-02-15@10:30:00,-0.171,-0.161,-0.009
2017-02-14@15:00:00,-0.171,-0.159,-0.013
2017-02-14@14:00:00,-0.165,-0.156,-0.009
2017-02-14@11:30:00,-0.156,-0.153,-0.003
2017-02-14@10:30:00,-0.144,-0.153,0.009
2017-02-13@15:00:00,-0.133,-0.155,0.021
2017-02-13@14:00:00,-0.142,-0.160,0.018
2017-02-13@11:30:00,-0.145,-0.165,0.020
2017-02-13@10:30:00,-0.157,-0.170,0.012
2017-02-10@15:00:00,-0.173,-0.173,-0.000
2017-02-10@14:00:00,-0.179,-0.173,-0.007
2017-02-10@11:30:00,-0.185,-0.171,-0.014
2017-02-10@10:30:00,-0.187,-0.167,-0.020
2017-02-09@15:00:00,-0.187,-0.162,-0.025
2017-02-09@14:00:00,-0.185,-0.156,-0.029
2017-02-09@11:30:00,-0.174,-0.149,-0.025
2017-02-09@10:30:00,-0.174,-0.143,-0.031
2017-02-08@15:00:00,-0.177,-0.135,-0.042
2017-02-08@14:00:00,-0.174,-0.124,-0.050
2017-02-08@11:30:00,-0.167,-0.112,-0.055
2017-02-08@10:30:00,-0.144,-0.098,-0.046
2017-02-07@15:00:00,-0.117,-0.086,-0.031
2017-02-07@14:00:00,-0.119,-0.079,-0.040
2017-02-07@11:30:00,-0.118,-0.069,-0.050
2017-02-07@10:30:00,-0.110,-0.056,-0.054
2017-02-06@15:00:00,-0.104,-0.043,-0.061
2017-02-06@14:00:00,-0.101,-0.027,-0.074
2017-02-06@11:30:00,-0.086,-0.009,-0.077
2017-02-06@10:30:00,-0.079,0.010,-0.089
2017-02-03@15:00:00,-0.065,0.032,-0.097
2017-02-03@14:00:00,-0.028,0.057,-0.084
2017-02-03@11:30:00,0.009,0.078,-0.069
2017-02-03@10:30:00,0.066,0.095,-0.029
2017-01-26@15:00:00,0.100,0.102,-0.003
2017-01-26@14:00:00,0.105,0.103,0.002
2017-01-26@11:30:00,0.098,0.103,-0.005
2017-01-26@10:30:00,0.095,0.104,-0.009
2017-01-25@15:00:00,0.090,0.106,-0.016
2017-01-25@14:00:00,0.080,0.110,-0.030
2017-01-25@11:30:00,0.087,0.118,-0.030
2017-01-25@10:30:00,0.098,0.125,-0.027
2017-01-24@15:00:00,0.110,0.132,-0.022
2017-01-24@14:00:00,0.115,0.137,-0.023
2017-01-24@11:30:00,0.120,0.143,-0.023
2017-01-24@10:30:00,0.123,0.149,-0.026
2017-01-23@15:00:00,0.130,0.155,-0.025
2017-01-23@14:00:00,0.139,0.162,-0.022
2017-01-23@11:30:00,0.147,0.167,-0.020
2017-01-23@10:30:00,0.148,0.172,-0.025
2017-01-20@15:00:00,0.150,0.179,-0.028
2017-01-20@14:00:00,0.170,0.186,-0.016
2017-01-20@11:30:00,0.174,0.190,-0.016
2017-01-20@10:30:00,0.171,0.194,-0.023
2017-01-19@15:00:00,0.180,0.199,-0.019
2017-01-19@14:00:00,0.206,0.204,0.002
2017-01-19@11:30:00,0.242,0.203,0.039
2017-01-19@10:30:00,0.258,0.194,0.065
2017-01-18@15:00:00,0.247,0.178,0.069
2017-01-18@14:00:00,0.242,0.160,0.081
2017-01-18@11:30:00,0.228,0.140,0.088
2017-01-18@10:30:00,0.207,0.118,0.089
2017-01-17@15:00:00,0.180,0.096,0.084
2017-01-17@14:00:00,0.159,0.075,0.084
2017-01-17@11:30:00,0.118,0.054,0.064
2017-01-17@10:30:00,0.083,0.038,0.045
2017-01-16@15:00:00,0.073,0.026,0.046
2017-01-16@14:00:00,0.036,0.015,0.022
2017-01-16@11:30:00,0.017,0.009,0.007
2017-01-16@10:30:00,0.007,0.007,-0.001
2017-01-13@15:00:00,0.005,0.008,-0.003
2017-01-13@14:00:00,0.006,0.008,-0.003
2017-01-13@11:30:00,0.003,0.009,-0.006
2017-01-13@10:30:00,-0.024,0.011,-0.034
2017-01-12@15:00:00,-0.019,0.019,-0.038
2017-01-12@14:00:00,0.005,0.029,-0.024
2017-01-12@11:30:00,0.018,0.034,-0.017
2017-01-12@10:30:00,0.018,0.039,-0.021
2017-01-11@15:00:00,0.020,0.044,-0.024
2017-01-11@14:00:00,0.027,0.050,-0.023
2017-01-11@11:30:00,0.030,0.056,-0.025
2017-01-11@10:30:00,0.040,0.062,-0.022
2017-01-10@15:00:00,0.046,0.067,-0.022
2017-01-10@14:00:00,0.062,0.073,-0.011
2017-01-10@11:30:00,0.077,0.076,0.001
2017-01-10@10:30:00,0.085,0.075,0.010
2017-01-09@15:00:00,0.097,0.073,0.024
2017-01-09@14:00:00,0.092,0.067,0.025
2017-01-09@11:30:00,0.073,0.061,0.013
2017-01-09@10:30:00,0.058,0.057,0.000
2017-01-06@15:00:00,0.058,0.057,0.001
2017-01-06@14:00:00,0.078,0.057,0.021
2017-01-06@11:30:00,0.098,0.052,0.047
2017-01-06@10:30:00,0.103,0.040,0.063
2017-01-05@15:00:00,0.107,0.024,0.082
2017-01-05@14:00:00,0.099,0.004,0.095
2017-01-05@11:30:00,0.077,-0.020,0.097
2017-01-05@10:30:00,0.060,-0.044,0.104
2017-01-04@15:00:00,0.023,-0.070,0.093
2017-01-04@14:00:00,0.001,-0.093,0.094
2017-01-04@11:30:00,-0.018,-0.117,0.099
2017-01-04@10:30:00,-0.035,-0.142,0.107
2017-01-03@15:00:00,-0.052,-0.168,0.116
2017-01-03@14:00:00,-0.075,-0.197,0.123
2017-01-03@11:30:00,-0.118,-0.228,0.110
2017-01-03@10:30:00,-0.145,-0.256,0.111
2016-12-30@15:00:00,-0.213,-0.283,0.071
2016-12-30@14:00:00,-0.250,-0.301,0.051
2016-12-30@11:30:00,-0.257,-0.314,0.057
2016-12-30@10:30:00,-0.261,-0.328,0.067
2016-12-29@15:00:00,-0.271,-0.345,0.074
2016-12-29@14:00:00,-0.293,-0.363,0.070
2016-12-29@11:30:00,-0.322,-0.381,0.059
2016-12-29@10:30:00,-0.349,-0.396,0.046
2016-12-28@15:00:00,-0.364,-0.407,0.043
2016-12-28@14:00:00,-0.380,-0.418,0.038
2016-12-28@11:30:00,-0.399,-0.427,0.028
2016-12-28@10:30:00,-0.410,-0.434,0.024
2016-12-27@15:00:00,-0.421,-0.440,0.019
2016-12-27@14:00:00,-0.428,-0.445,0.017
2016-12-27@11:30:00,-0.447,-0.450,0.002
2016-12-27@10:30:00,-0.469,-0.450,-0.019
2016-12-26@15:00:00,-0.488,-0.446,-0.042
2016-12-26@14:00:00,-0.499,-0.435,-0.064
2016-12-26@11:30:00,-0.496,-0.419,-0.077
2016-12-26@10:30:00,-0.483,-0.400,-0.083
2016-12-23@15:00:00,-0.452,-0.379,-0.073
2016-12-23@14:00:00,-0.436,-0.360,-0.076
2016-12-23@11:30:00,-0.395,-0.342,-0.054
2016-12-23@10:30:00,-0.370,-0.328,-0.042
2016-12-22@15:00:00,-0.329,-0.318,-0.011
2016-12-22@14:00:00,-0.319,-0.315,-0.004
2016-12-22@11:30:00,-0.303,-0.314,0.011
2016-12-22@10:30:00,-0.304,-0.316,0.012
2016-12-21@15:00:00,-0.296,-0.319,0.023
2016-12-21@14:00:00,-0.287,-0.325,0.038
2016-12-21@11:30:00,-0.290,-0.335,0.044
2016-12-21@10:30:00,-0.322,-0.346,0.024
2016-12-20@15:00:00,-0.362,-0.352,-0.010
2016-12-20@14:00:00,-0.385,-0.349,-0.035
2016-12-20@11:30:00,-0.381,-0.341,-0.040
2016-12-20@10:30:00,-0.386,-0.330,-0.056
2016-12-19@15:00:00,-0.388,-0.317,-0.071
2016-12-19@14:00:00,-0.394,-0.299,-0.095
2016-12-19@11:30:00,-0.386,-0.275,-0.111
2016-12-19@10:30:00,-0.375,-0.247,-0.128
2016-12-16@15:00:00,-0.354,-0.215,-0.139
2016-12-16@14:00:00,-0.319,-0.180,-0.138
2016-12-16@11:30:00,-0.280,-0.146,-0.134
2016-12-16@10:30:00,-0.248,-0.112,-0.136
2016-12-15@15:00:00,-0.222,-0.078,-0.144
2016-12-15@14:00:00,-0.166,-0.042,-0.124
2016-12-15@11:30:00,-0.121,-0.011,-0.110
2016-12-15@10:30:00,-0.082,0.016,-0.098
2016-12-14@15:00:00,-0.022,0.040,-0.063
2016-12-14@14:00:00,-0.001,0.056,-0.057
2016-12-14@11:30:00,0.006,0.070,-0.064
2016-12-14@10:30:00,0.027,0.086,-0.059
2016-12-13@15:00:00,0.051,0.101,-0.050
2016-12-13@14:00:00,0.085,0.114,-0.029
2016-12-13@11:30:00,0.118,0.121,-0.003
2016-12-13@10:30:00,0.130,0.122,0.009
2016-12-12@15:00:00,0.132,0.119,0.012
2016-12-12@14:00:00,0.119,0.116,0.003
2016-12-12@11:30:00,0.118,0.116,0.002
2016-12-12@10:30:00,0.129,0.115,0.014
2016-12-09@15:00:00,0.123,0.111,0.011
2016-12-09@14:00:00,0.112,0.109,0.004
2016-12-09@11:30:00,0.093,0.108,-0.015
2016-12-09@10:30:00,0.083,0.111,-0.028
2016-12-08@15:00:00,0.093,0.118,-0.026
2016-12-08@14:00:00,0.112,0.125,-0.013
2016-12-08@11:30:00,0.120,0.128,-0.008
2016-12-08@10:30:00,0.127,0.130,-0.004
2016-12-07@15:00:00,0.121,0.131,-0.011
2016-12-07@14:00:00,0.126,0.134,-0.007
2016-12-07@11:30:00,0.124,0.136,-0.012
2016-12-07@10:30:00,0.125,0.139,-0.013
2016-12-06@15:00:00,0.129,0.142,-0.013
2016-12-06@14:00:00,0.131,0.145,-0.014
2016-12-06@11:30:00,0.127,0.149,-0.022
2016-12-06@10:30:00,0.125,0.154,-0.029
2016-12-05@15:00:00,0.124,0.161,-0.038
2016-12-05@14:00:00,0.117,0.171,-0.053
2016-12-05@11:30:00,0.136,0.184,-0.048
2016-12-05@10:30:00,0.152,0.196,-0.045
2016-12-02@15:00:00,0.156,0.207,-0.051
2016-12-02@14:00:00,0.143,0.220,-0.077
2016-12-02@11:30:00,0.144,0.239,-0.095
2016-12-02@10:30:00,0.182,0.263,-0.080
2016-12-01@15:00:00,0.236,0.283,-0.047
2016-12-01@14:00:00,0.262,0.295,-0.032
2016-12-01@11:30:00,0.290,0.303,-0.013
2016-12-01@10:30:00,0.307,0.306,0.001
2016-11-30@15:00:00,0.299,0.306,-0.006
2016-11-30@14:00:00,0.317,0.307,0.009
2016-11-30@11:30:00,0.343,0.305,0.037
2016-11-30@10:30:00,0.330,0.296,0.034
2016-10-13@15:00:00,0.276,0.287,-0.011
2016-10-13@14:00:00,0.310,0.290,0.020
2016-10-13@11:30:00,0.338,0.285,0.053
2016-10-13@10:30:00,0.359,0.272,0.087
2016-10-12@15:00:00,0.392,0.250,0.142
2016-10-12@14:00:00,0.363,0.215,0.149
2016-10-12@11:30:00,0.326,0.178,0.148
2016-10-12@10:30:00,0.269,0.141,0.129
2016-10-11@15:00:00,0.183,0.108,0.074
2016-10-11@14:00:00,0.148,0.090,0.058
2016-10-11@11:30:00,0.128,0.075,0.053
2016-10-11@10:30:00,0.114,0.062,0.052
2016-10-10@15:00:00,0.091,0.049,0.042
2016-10-10@14:00:00,0.058,0.039,0.020
2016-10-10@11:30:00,0.032,0.034,-0.001
2016-10-10@10:30:00,-0.003,0.034,-0.037
2016-09-30@15:00:00,-0.020,0.043,-0.063
2016-09-30@14:00:00,-0.006,0.059,-0.065
2016-09-30@11:30:00,0.006,0.075,-0.069
2016-09-30@10:30:00,0.029,0.092,-0.063
2016-09-29@15:00:00,0.047,0.108,-0.062
2016-09-29@14:00:00,0.054,0.124,-0.070
2016-09-29@11:30:00,0.067,0.141,-0.075
2016-09-29@10:30:00,0.078,0.160,-0.082
2016-09-28@15:00:00,0.088,0.180,-0.093
2016-09-28@14:00:00,0.101,0.203,-0.102
2016-09-28@11:30:00,0.116,0.229,-0.113
2016-09-28@10:30:00,0.132,0.257,-0.126
2016-09-27@15:00:00,0.149,0.289,-0.140
2016-09-27@14:00:00,nan,nan,nan
2016-09-27@11:30:00,nan,nan,nan
2016-09-27@10:30:00,nan,nan,nan
2016-09-26@15:00:00,nan,nan,nan
2016-09-26@14:00:00,nan,nan,nan
2016-09-26@11:30:00,nan,nan,nan
2016-09-26@10:30:00,nan,nan,nan
2016-09-23@15:00:00,nan,nan,nan
2016-09-23@14:00:00,nan,nan,nan
2016-09-23@11:30:00,nan,nan,nan
2016-09-23@10:30:00,nan,nan,nan
2016-09-22@15:00:00,nan,nan,nan
2016-09-22@14:00:00,nan,nan,nan
2016-09-22@11:30:00,nan,nan,nan
2016-09-22@10:30:00,nan,nan,nan
2016-09-21@15:00:00,nan,nan,nan
2016-09-21@14:00:00,nan,nan,nan
2016-09-21@11:30:00,nan,nan,nan
2016-09-21@10:30:00,nan,nan,nan
2016-09-20@15:00:00,nan,nan,nan
2016-09-20@14:00:00,nan,nan,nan
2016-09-20@11:30:00,nan,nan,nan
2016-09-20@10:30:00,nan,nan,nan
2016-09-19@15:00:00,nan,nan,nan
2016-09-19@14:00:00,nan,nan,nan
2016-09-19@11:30:00,nan,nan,nan
2016-09-19@10:30:00,nan,nan,nan
2016-09-14@15:00:00,nan,nan,nan
2016-09-14@14:00:00,nan,nan,nan
2016-09-14@11:30:00,nan,nan,nan
2016-09-14@10:30:00,nan,nan,nan
2016-09-13@15:00:00,nan,nan,nan
2016-09-13@14:00:00,nan,nan,nan
