2017-06-30,11.514,11.654,14.309,20.926,26.937
2017-06-29,11.512,11.743,15.446,21.716,27.275
2017-06-28,11.546,11.814,16.544,22.545,27.612
2017-06-27,11.624,11.872,17.747,23.355,27.937
2017-06-26,11.680,11.938,18.836,24.138,28.263
2017-06-23,11.794,11.993,19.898,24.898,28.583
2017-06-22,11.974,12.096,20.978,25.685,28.899
2017-06-21,12.082,12.258,22.021,26.418,29.217
2017-06-20,12.120,12.339,23.074,27.113,29.526
2017-06-19,12.196,14.600,24.286,27.802,29.834
2017-06-16,12.192,16.963,25.562,28.439,30.133
2017-06-15,12.218,19.148,26.703,29.088,30.433
2017-06-14,12.434,21.273,27.911,29.742,30.738
2017-06-13,12.558,23.622,29.096,30.383,31.077
2017-06-12,17.004,25.733,30.238,31.013,31.417
2017-06-09,21.734,27.802,31.351,31.650,31.778
2017-06-08,26.078,29.859,32.480,32.233,32.126
2017-06-07,30.112,31.784,33.499,32.765,32.467
2017-06-06,34.686,33.809,34.501,33.341,32.813
2017-06-05,34.462,33.971,34.403,33.189,32.795
2017-06-02,33.870,34.161,34.177,32.978,32.761
2017-06-01,33.640,34.258,34.058,32.799,32.745
2017-05-31,33.456,34.548,33.977,32.687,32.731
2017-05-26,32.932,34.570,33.764,32.621,32.675
2017-05-25,33.480,34.742,33.653,32.746,32.661
2017-05-24,34.452,34.900,33.575,33.033,32.660
2017-05-23,34.876,35.101,33.420,33.219,32.653
2017-05-22,35.640,35.213,33.255,33.304,32.637
2017-05-19,36.208,35.192,33.108,33.272,32.635
2017-05-18,36.004,34.835,32.798,33.139,32.585
2017-05-17,35.348,34.192,32.387,32.948,32.508
2017-05-16,35.326,33.858,32.070,32.834,32.473
2017-05-15,34.786,33.405,31.757,32.679,32.419
2017-05-12,34.176,32.958,31.647,32.520,32.368
2017-05-11,33.666,32.563,31.749,32.389,32.322
2017-05-10,33.036,32.249,32.100,32.267,32.299
2017-05-09,32.390,31.738,32.279,32.113,32.260
2017-05-08,32.024,31.297,32.349,32.016,32.300
2017-05-05,31.740,31.023,32.313,31.939,32.359
2017-05-04,31.460,30.761,32.291,31.867,32.428
2017-05-03,31.462,30.581,32.326,31.827,32.517
2017-05-02,31.086,30.282,32.323,31.778,32.591
2017-04-28,30.570,30.109,32.316,31.733,32.680
2017-04-27,30.306,30.335,32.302,31.772,32.794
2017-04-26,30.062,30.934,32.302,31.821,32.903
2017-04-25,29.700,31.950,32.277,31.905,33.008
2017-04-24,29.478,32.819,32.301,32.019,33.167
2017-04-21,29.648,33.401,32.376,32.169,33.336
2017-04-20,30.364,33.602,32.398,32.284,33.474
2017-04-19,31.806,33.820,32.420,32.401,33.608
2017-04-18,34.200,34.071,32.450,32.544,33.771
2017-04-17,36.160,34.363,32.526,32.692,33.907
2017-04-14,37.154,34.522,32.546,32.774,34.019
2017-04-13,36.840,34.268,32.490,32.729,34.068
2017-02-15,35.834,33.670,32.265,32.577,34.068
2017-02-14,33.942,32.603,31.883,32.288,34.008
2017-02-13,32.566,31.783,31.619,32.087,33.994
2017-02-10,31.890,31.350,31.553,31.970,33.998
2017-02-09,31.696,31.193,31.626,31.998,34.062
2017-02-08,31.506,31.019,31.692,32.031,34.113
2017-02-07,31.264,30.829,31.781,32.068,34.174
2017-02-06,31.000,30.689,31.856,32.112,34.229
2017-02-03,30.810,30.569,31.901,32.159,34.296
2017-01-26,30.690,30.712,31.960,32.216,34.396
2017-01-25,30.532,30.859,32.030,32.255,34.489
2017-01-24,30.394,31.162,32.131,32.331,34.576
2017-01-23,30.378,31.455,32.239,32.408,34.673
2017-01-20,30.328,31.755,32.280,32.585,34.753
2017-01-19,30.734,32.058,32.400,32.778,34.846
2017-01-18,31.186,32.364,32.538,32.990,34.937
2017-01-17,31.930,32.732,32.688,33.206,35.035
2017-01-16,32.532,33.023,32.824,33.404,35.137
2017-01-13,33.182,33.232,32.954,33.626,35.246
2017-01-12,33.382,33.207,32.969,33.817,35.337
2017-01-11,33.542,33.201,32.954,33.985,35.420
2017-01-10,33.534,33.099,32.915,34.112,35.476
2017-01-09,33.514,33.022,32.884,34.314,35.534
2017-01-06,33.282,32.804,33.000,34.504,35.592
2017-01-05,33.032,32.742,33.139,34.663,35.615
2017-01-04,32.860,32.711,33.303,34.816,35.635
2017-01-03,32.664,32.644,33.444,34.998,35.635
2016-12-30,32.530,32.625,33.595,35.123,35.640
2016-12-29,32.326,32.676,33.824,35.264,35.659
2016-12-28,32.452,32.730,34.122,35.407,35.686
2016-12-27,32.562,32.706,34.378,35.559,35.692
2016-12-26,32.624,32.731,34.619,35.728,35.729
2016-12-23,32.720,32.746,34.961,35.901,35.765
2016-12-22,33.026,33.195,35.354,36.026,35.821
2016-12-21,33.008,33.535,35.624,36.127,35.836
2016-12-20,32.850,33.895,35.868,36.196,35.842
2016-12-19,32.838,34.243,36.176,36.280,35.838
2016-12-16,32.772,34.565,36.373,36.347,35.838
2016-12-15,33.364,34.971,36.558,36.432,35.835
2016-12-14,34.062,35.514,36.746,36.577,35.850
2016-12-13,34.940,36.049,36.985,36.722,35.875
2016-12-12,35.648,36.506,37.226,36.822,35.887
2016-12-09,36.358,37.175,37.478,36.939,35.926
2016-12-08,36.578,37.513,37.441,36.922,35.910
2016-12-07,36.966,37.712,37.423,36.915,35.891
2016-12-06,37.158,37.841,37.346,36.885,35.839
2016-12-05,37.364,38.108,37.298,36.863,35.808
2016-12-02,37.992,38.180,37.238,36.871,35.760
2016-12-01,38.448,38.145,37.163,36.866,35.704
2016-11-30,38.458,37.978,37.108,36.858,35.640
2016-11-29,38.524,37.921,37.059,36.855,35.571
2016-11-28,38.852,37.946,36.981,36.841,35.504
2016-11-25,38.368,37.781,36.821,36.753,35.411
2016-11-24,37.842,37.369,36.627,36.680,35.291
2016-11-23,37.498,37.134,36.516,36.567,35.188
2016-11-22,37.318,36.851,36.407,36.454,35.080
2016-11-21,37.040,36.488,36.241,36.272,34.956
2016-11-18,37.194,36.295,36.216,36.158,34.867
2016-11-17,36.896,36.181,36.226,36.055,34.774
2016-11-16,36.770,36.238,36.298,35.965,34.672
2016-11-15,36.384,36.197,36.323,35.825,34.540
2016-11-14,35.936,36.015,36.288,35.730,34.411
2016-11-11,35.396,35.860,36.240,35.629,34.286
2016-11-10,35.466,35.885,36.336,35.617,34.196
2016-11-09,35.706,35.898,36.283,35.546,34.089
2016-11-08,36.010,35.963,36.256,35.488,33.999
2016-11-07,36.094,35.994,36.164,35.397,33.894
2016-11-04,36.324,36.137,36.089,35.329,33.800
2016-11-03,36.304,36.271,35.992,35.237,33.689
2016-11-02,36.090,36.357,35.829,35.124,33.572
2016-10-28,35.916,36.448,35.640,35.027,33.463
2016-10-27,35.894,36.561,35.588,34.952,33.373
2016-10-26,35.950,36.619,35.514,34.913,33.313
2016-10-25,36.238,36.787,35.484,34.897,33.255
2016-10-24,36.624,36.668,35.370,34.868,33.202
2016-10-21,36.980,36.548,35.251,34.794,33.152
2016-10-20,37.228,36.334,35.098,34.753,33.098
2016-10-19,37.288,36.041,34.925,34.650,33.035
2016-10-18,37.336,35.712,34.720,34.543,32.958
2016-10-17,36.712,35.301,34.507,34.423,32.880
2016-10-14,36.116,34.831,34.317,34.287,32.806
2016-10-13,35.440,34.615,34.148,34.168,32.746
2016-10-12,34.794,34.408,34.060,34.068,32.684
2016-10-11,34.088,34.180,33.953,33.901,32.616
2016-10-10,33.890,34.072,33.968,33.810,32.603
2016-09-30,33.546,33.953,33.917,33.706,32.584
2016-09-29,33.790,33.862,33.962,33.640,32.588
2016-09-28,34.022,33.808,33.955,33.576,32.600
2016-09-27,34.272,33.728,33.958,33.494,32.607
2016-09-26,34.254,33.713,33.985,33.380,32.608
2016-09-23,34.360,33.802,34.016,33.254,32.632
2016-09-22,33.934,33.680,33.945,33.092,32.629
2016-09-21,33.594,33.712,33.899,32.944,32.631
2016-09-20,33.184,33.725,33.762,32.774,32.599
2016-09-19,33.172,33.864,33.679,32.633,32.570
2016-09-14,33.244,33.881,33.583,32.511,32.561
2016-09-13,33.426,34.062,33.529,32.392,32.553
2016-09-12,33.830,34.101,33.460,32.271,32.533
2016-09-09,34.266,34.188,33.377,32.141,32.532
2016-09-08,34.556,34.256,33.213,32.020,32.530
2016-09-07,34.518,34.229,32.980,31.900,32.514
2016-09-06,34.698,34.210,32.798,31.793,32.498
2016-09-05,34.372,34.085,32.560,31.712,32.430
2016-09-02,34.110,33.798,32.299,31.612,32.361
2016-09-01,33.956,33.493,32.017,31.537,32.314
2016-08-31,33.940,33.285,31.826,31.510,32.306
2016-08-30,33.722,32.995,31.557,31.444,32.266
2016-08-29,33.798,32.819,31.356,31.419,32.246
2016-08-26,33.486,32.566,31.118,31.373,32.232
2016-08-25,33.030,32.170,30.903,31.337,32.211
2016-08-24,32.630,31.731,30.736,31.325,32.181
2016-08-23,32.268,31.386,30.585,31.323,32.123
2016-08-22,31.840,31.035,30.526,31.300,32.066
2016-08-19,31.646,30.799,30.520,31.331,31.988
2016-08-18,31.310,30.541,30.559,31.397,31.922
2016-08-17,30.832,30.366,30.622,31.462,32.316
2016-08-16,30.504,30.119,30.668,31.536,32.737
2016-08-15,30.230,29.893,30.720,31.624,33.142
2016-08-12,29.952,29.670,30.777,31.721,33.542
2016-08-11,29.772,29.635,30.921,31.837,33.925
2016-08-10,29.900,29.740,31.123,32.010,34.312
2016-08-09,29.734,29.784,31.292,32.166,34.675
2016-08-08,29.556,30.017,31.433,32.318,35.015
2016-08-05,29.388,30.240,31.598,32.423,35.360
2016-08-04,29.498,30.576,31.825,32.508,35.724
2016-08-03,29.580,30.878,32.010,32.611,36.087
2016-08-02,29.834,31.217,32.244,32.714,36.466
2016-08-01,30.478,31.546,32.490,32.795,36.863
2016-07-29,31.092,31.884,32.747,32.922,37.318
2016-07-28,31.654,32.207,32.939,33.039,37.748
2016-07-27,32.176,32.505,33.146,33.127,38.177
2016-07-26,32.600,32.799,33.357,33.203,38.548
2016-07-25,32.614,32.849,33.469,33.148,38.887
2016-07-22,32.676,32.955,33.515,33.111,39.233
2016-07-21,32.760,33.073,33.474,33.092,39.579
2016-07-20,32.834,33.142,33.478,33.102,39.907
2016-07-19,32.998,33.271,33.463,33.088,40.242
2016-07-18,33.084,33.434,33.419,33.072,40.543
2016-07-15,33.234,33.609,33.441,33.090,40.888
2016-07-14,33.386,33.670,33.455,33.086,41.283
2016-07-13,33.450,33.786,33.439,33.036,41.652
2016-07-12,33.544,33.915,33.405,32.924,42.052
2016-07-11,33.784,34.089,33.298,32.832,42.467
2016-07-08,33.984,34.075,33.189,32.646,42.859
2016-07-07,33.954,33.875,33.102,32.447,43.243
2016-07-06,34.122,33.813,33.083,33.170,43.666
2016-07-05,34.286,33.654,32.996,33.938,44.057
2016-07-04,34.394,33.404,32.891,34.660,44.377
2016-07-01,34.166,33.273,32.831,35.363,44.729
2016-06-30,33.796,33.240,32.794,36.012,45.036
2016-06-29,33.504,33.091,32.661,36.613,45.295
2016-06-28,33.022,32.895,32.429,37.183,45.574
2016-06-27,32.414,32.507,32.204,37.711,45.848
2016-06-24,32.380,32.302,31.931,38.296,46.113
2016-06-23,32.684,32.328,31.734,38.941,46.437
2016-06-22,32.678,32.352,32.849,39.564,46.761
2016-06-21,32.768,32.338,34.081,40.219,47.086
2016-06-20,32.600,32.378,35.288,40.931,47.436
2016-06-17,32.224,32.389,36.409,41.714,47.750
2016-06-16,31.972,32.347,37.398,42.457,48.075
2016-06-15,32.026,32.231,38.374,43.227,48.361
2016-06-14,31.908,31.962,39.328,43.893,48.613
2016-06-13,32.156,31.900,40.314,44.626,48.856
2016-06-08,32.554,31.560,41.293,45.355,49.109
2016-06-07,32.722,31.139,42.248,46.066,49.344
2016-06-06,32.436,33.345,43.170,46.711,49.525
2016-06-03,32.016,35.823,44.160,47.396,49.753
2016-06-02,31.644,38.197,45.208,48.015,49.946
2016-06-01,30.566,40.428,46.376,48.685,50.148
2016-05-31,29.556,42.449,47.513,49.480,50.322
2016-05-30,34.254,44.517,48.725,50.268,50.497
2016-05-27,39.630,46.693,49.859,51.180,50.749
2016-05-26,44.750,48.727,50.989,52.102,51.001
2016-05-25,50.290,51.026,52.253,53.072,51.262
2016-05-24,55.342,53.356,53.530,54.040,51.495
2016-05-23,54.780,52.995,53.394,54.162,51.338
2016-05-20,53.756,52.496,53.182,54.176,51.157
2016-05-19,52.704,52.219,52.924,54.094,51.077
2016-05-18,51.762,52.324,52.814,54.096,51.033
2016-05-17,51.370,52.576,52.996,54.060,51.030
2016-05-16,51.210,52.932,53.144,53.977,51.021
2016-05-13,51.236,53.025,53.423,53.965,51.016
2016-05-12,51.734,53.250,53.790,53.984,51.042
2016-05-11,52.886,53.479,54.095,53.931,51.066
2016-05-10,53.782,53.704,54.382,53.933,51.030
2016-05-09,54.654,53.793,54.745,53.957,50.994
2016-05-06,54.814,53.868,55.016,53.953,50.977
2016-05-05,54.766,53.629,55.032,53.942,50.878
2016-05-04,54.072,53.304,54.982,53.787,50.727
2016-05-03,53.626,53.415,54.802,53.692,50.536
2016-04-29,52.932,53.356,54.500,53.495,50.351
2016-04-28,52.922,53.821,54.435,53.333,50.181
2016-04-27,52.492,54.329,54.351,53.086,50.048
2016-04-26,52.536,54.710,54.157,52.864,49.920
2016-04-25,53.204,55.059,54.048,52.622,49.864
2016-04-22,53.780,55.697,54.040,52.339,49.801
2016-04-21,54.720,56.163,53.996,52.110,49.715
2016-04-20,56.166,56.434,54.098,51.878,49.719
2016-04-19,56.884,56.659,54.028,51.612,49.701
2016-04-18,56.914,56.188,53.831,51.165,49.591
2016-04-15,57.614,55.644,53.564,50.726,49.453
2016-04-14,57.606,55.048,53.089,50.318,49.318
2016-04-13,56.702,54.373,52.465,49.900,49.128
2016-04-12,56.434,53.604,51.941,49.452,49.030
2016-04-11,55.462,53.037,51.404,48.950,48.926
2016-04-08,53.674,52.382,50.660,48.515,48.885
2016-04-07,52.490,51.829,50.083,48.138,48.882
2016-04-06,52.044,51.762,49.600,48.059,49.049
2016-04-05,50.774,51.397,49.088,47.970,49.160
2016-04-01,50.612,51.474,48.653,48.001,49.359
2016-03-31,51.090,51.484,48.268,48.064,49.713
2016-03-30,51.168,51.130,47.953,48.068,50.082
2016-03-29,51.480,50.556,47.663,48.101,50.414
2016-03-28,52.020,50.278,47.376,48.201,50.808
2016-03-25,52.336,49.770,46.907,48.126,51.198
2016-03-24,51.878,48.938,46.582,48.031,51.592
2016-03-23,51.092,48.337,46.292,48.000,51.961
2016-03-22,49.632,47.437,46.208,47.814,52.346
2016-03-21,48.536,46.779,46.257,47.667,52.726
2016-03-18,47.204,45.832,46.264,47.380,53.102
2016-03-17,45.998,45.051,46.354,47.207,53.536
2016-03-16,45.582,44.776,46.537,47.028,53.890
2016-03-15,45.242,44.770,46.873,47.010,54.280
2016-03-14,45.022,44.473,47.163,46.975,54.658
2016-03-11,44.460,44.043,47.305,47.106,55.001
2016-03-10,44.104,44.225,47.578,47.262,55.407
2016-03-09,43.970,44.247,47.832,47.321,55.788
2016-03-08,44.298,44.979,48.002,47.560,56.235
2016-03-07,43.924,45.734,48.111,47.791,56.704
2016-03-04,43.626,46.697,48.153,48.018,57.188
2016-03-03,44.346,47.657,48.285,48.180,57.702
2016-03-02,44.524,48.297,48.154,48.317,58.114
2016-03-01,45.660,48.977,48.129,48.357,58.571
2016-02-29,47.544,49.852,48.226,48.609,59.055
2016-02-26,49.768,50.566,48.637,48.903,59.495
2016-02-25,50.968,50.931,48.781,49.256,59.995
2016-02-24,52.070,51.417,48.858,49.627,60.523
2016-02-23,52.294,51.026,48.851,50.038,60.954
2016-02-22,52.160,50.489,48.820,50.349,61.303
2016-02-19,51.364,49.610,48.679,50.718,61.758
2016-02-18,50.894,48.913,48.442,51.362,62.205
2016-02-17,50.764,48.012,48.328,52.097,62.574
2016-02-16,49.758,47.282,48.047,52.728,62.845
2016-02-15,48.818,46.601,47.987,53.414,63.135
2016-02-05,47.856,46.708,48.071,54.271,63.429
2016-02-04,46.932,46.631,48.418,55.154,63.616
2016-02-03,45.260,46.299,48.731,55.921,63.786
2016-02-02,44.806,46.676,49.544,56.877,63.947
2016-02-01,44.384,47.151,50.279,57.785,64.101
2016-01-29,45.560,47.748,51.271,58.824,64.309
2016-01-28,46.330,47.971,52.586,59.864,64.532
2016-01-27,47.338,48.643,54.139,60.752,64.794
2016-01-26,48.546,48.813,55.450,61.551,65.075
2016-01-25,49.918,49.374,56.821,62.341,65.364
2016-01-22,49.936,49.434,58.052,62.896,65.570
2016-01-21,49.612,50.206,59.415,63.552,65.706
2016-01-20,49.948,51.164,60.732,64.255,65.807
2016-01-19,49.080,52.413,61.978,64.909,65.950
2016-01-18,48.830,53.408,63.102,65.618,65.986
2016-01-15,48.932,54.795,64.362,66.359,66.014
2016-01-14,50.800,57.202,65.811,67.223,66.089
2016-01-13,52.380,59.636,66.806,67.911,66.083
2016-01-12,55.746,62.088,67.919,68.785,66.153
2016-01-11,57.986,64.268,68.825,69.502,66.164
2016-01-08,60.658,66.670,69.627,70.088,66.132
2016-01-07,63.604,68.624,70.225,70.733,65.973
2016-01-06,66.892,70.300,70.800,71.420,65.785
2016-01-05,68.430,71.543,71.157,71.870,65.469
2016-01-04,70.550,72.797,71.722,72.257,65.131
2015-12-31,72.682,73.929,72.141,72.799,64.746
2015-12-30,73.644,74.420,72.234,73.049,64.212
2015-12-29,73.708,73.977,72.049,73.052,63.687
2015-12-28,74.656,73.751,72.134,72.962,63.192
2015-12-25,75.044,73.382,72.119,72.856,62.675
2015-12-24,75.176,72.584,71.798,72.588,62.095
2015-12-23,75.196,71.826,71.788,72.079,61.434
2015-12-22,74.246,71.301,71.981,71.652,60.799
2015-12-21,72.846,70.771,72.034,71.017,60.136
2015-12-18,71.720,70.648,71.987,70.416,59.441
2015-12-17,69.992,70.352,72.234,69.793,58.791
2015-12-16,68.456,70.048,72.363,69.200,58.199
2015-12-15,68.356,70.121,72.590,68.836,57.714
2015-12-14,68.696,70.517,72.568,68.600,57.263
2015-12-11,69.576,70.856,72.593,68.387,56.758
2015-12-10,70.712,71.011,72.590,68.244,56.233
2015-12-09,71.640,71.750,72.205,67.859,55.659
2015-12-08,71.886,72.660,71.828,67.359,55.130
2015-12-07,72.338,73.296,71.141,66.992,54.636
2015-12-04,72.136,73.325,70.300,66.355,54.138
2015-12-03,71.310,74.117,69.514,65.670,53.588
2015-12-02,71.860,74.678,68.775,64.955,53.007
2015-12-01,73.434,75.058,68.194,64.255,52.497
2015-11-30,74.254,74.619,67.641,63.520,52.010
2015-11-27,74.514,74.329,67.153,62.825,51.614
2015-11-26,76.924,74.168,66.860,62.176,51.369
2015-11-25,77.496,72.660,65.914,61.212,51.073
2015-11-24,76.682,70.995,64.708,60.149,50.690
2015-11-23,74.984,68.985,63.839,59.068,50.367
2015-11-20,74.144,67.275,62.869,58.006,50.126
2015-11-12,71.412,64.911,61.446,56.694,49.777
2015-11-11,67.824,62.873,60.093,55.375,49.455
2015-11-10,65.308,61.329,58.853,54.321,49.213
2015-11-09,62.986,60.664,57.971,53.422,49.084
2015-11-06,60.406,59.977,57.073,52.495,48.848
2015-11-05,58.410,59.553,56.180,51.602,48.572
2015-11-04,57.922,59.168,55.488,50.790,48.417
2015-11-03,57.350,58.422,54.726,49.946,48.271
2015-11-02,58.342,58.694,54.110,49.254,48.122
2015-10-30,59.548,58.464,53.371,48.467,48.066
2015-10-29,60.696,57.981,52.585,47.790,48.091
2015-10-28,60.414,57.313,51.626,47.199,48.199
2015-10-27,59.494,56.378,50.817,46.592,48.355
2015-10-26,59.046,55.278,49.801,45.926,48.367
2015-10-23,57.380,54.170,48.753,45.129,48.342
2015-10-22,55.266,52.807,47.626,44.222,48.236
2015-10-21,54.212,51.808,46.600,43.460,48.188
2015-10-20,53.262,51.031,45.707,42.901,48.112
2015-10-19,51.510,49.526,44.534,42.280,47.908
2015-10-16,50.960,48.278,43.468,41.922,47.781
2015-10-15,50.348,47.189,42.694,41.506,47.620
2015-10-14,49.404,45.939,42.141,41.059,47.401
2015-10-13,48.800,45.257,41.698,40.740,47.298
2015-10-12,47.542,44.324,41.250,40.501,47.241
2015-10-09,45.596,43.337,40.608,40.404,47.263
2015-10-08,44.030,42.445,39.929,40.563,47.424
2015-10-07,42.474,41.393,39.285,40.934,47.723
2015-09-30,41.714,40.384,38.836,41.231,48.004
2015-09-29,41.106,39.543,38.657,41.665,48.424
2015-09-28,41.078,38.658,38.744,42.246,49.020
2015-09-25,40.860,38.199,38.664,42.861,49.689
2015-09-24,40.312,38.344,38.619,43.535,50.384
2015-09-23,39.054,38.140,38.481,44.106,50.920
2015-09-22,37.980,38.177,38.589,44.747,51.603
2015-09-21,36.238,37.879,38.937,45.202,52.364
2015-09-18,35.538,37.414,39.622,45.543,53.149
2015-09-17,36.376,37.178,40.704,46.044,53.983
2015-09-16,37.226,37.288,41.654,46.596,54.985
2015-09-15,38.374,37.772,42.726,46.991,56.027
2015-09-14,39.520,38.830,44.039,47.666,57.141
2015-09-11,39.290,39.130,45.191,48.392,58.107
2015-09-10,37.980,38.895,46.131,49.199,58.945
2015-09-09,37.350,38.822,47.088,50.118,59.933
2015-09-08,37.170,39.001,48.031,50.808,60.943
2015-09-07,38.140,39.995,48.863,51.555,62.183
2015-09-02,38.970,41.830,49.607,52.250,63.604
2015-09-01,39.810,44.230,50.476,52.917,64.920
2015-08-31,40.294,46.020,51.250,53.323,66.198
2015-08-28,40.832,47.681,51.600,53.537,67.382
2015-08-27,41.850,49.249,52.083,53.640,68.624
2015-08-26,44.690,51.253,53.022,53.733,69.754
2015-08-25,48.650,53.367,54.350,53.742,70.743
2015-08-24,51.746,55.355,55.766,53.856,71.719
2015-08-21,54.530,57.062,56.711,53.982,72.622
2015-08-20,56.648,57.732,57.334,54.122,73.476
2015-08-19,57.816,57.384,57.459,54.286,74.258
2015-08-18,58.084,56.723,57.260,54.512,74.960
2015-08-17,58.964,56.481,56.975,54.778,75.564
2015-08-14,59.594,55.519,56.464,55.182,76.187
2015-08-13,58.816,54.918,55.835,55.795,76.758
2015-08-12,56.952,54.792,54.973,56.517,77.382
2015-08-11,55.362,55.334,53.929,57.232,78.023
2015-08-10,53.998,56.177,53.106,57.734,78.517
2015-08-07,51.444,56.361,52.442,58.459,78.851
2015-08-06,51.020,56.937,52.317,59.526,79.232
2015-08-05,52.632,57.535,52.737,60.756,79.637
2015-08-04,55.306,57.797,53.406,61.922,80.005
2015-08-03,58.356,57.469,53.926,63.374,80.306
2015-07-31,61.278,57.410,55.014,65.063,80.693
2015-07-30,62.854,56.752,56.233,66.616,80.887
2015-07-29,62.438,55.155,57.379,67.823,81.060
2015-07-23,60.288,52.525,58.181,68.692,81.105
2015-07-22,56.582,50.035,58.513,69.749,81.154
2015-07-21,53.542,48.523,59.508,71.079,81.306
2015-07-20,50.650,47.698,60.821,72.812,81.376
2015-07-17,47.872,47.939,62.366,74.959,81.537
2015-07-16,44.762,49.015,63.984,76.923,81.636
2015-07-15,43.488,50.383,66.327,79.073,81.725
2015-07-14,43.504,52.618,68.889,81.227,81.761
2015-07-13,44.746,55.714,71.547,83.609,81.735
2015-07-07,48.006,59.603,74.157,85.775,81.712
2015-07-06,53.268,63.838,76.775,87.745,81.692
2015-07-03,57.278,66.991,79.605,89.582,81.543
2015-07-02,61.732,70.494,82.356,91.262,81.264
2015-07-01,66.682,73.944,85.369,92.830,80.851
2015-06-30,71.200,76.794,88.468,94.231,80.298
2015-06-29,74.408,78.953,90.877,95.409,79.603
2015-06-26,76.704,82.271,93.418,96.351,78.907
2015-06-25,79.256,85.161,95.531,97.192,78.063
2015-06-24,81.206,87.381,97.557,97.722,77.060
2015-06-23,82.388,88.711,98.861,98.248,75.970
2015-06-19,83.498,89.712,99.698,98.813,74.862
2015-06-18,87.838,92.220,100.877,99.300,73.841
2015-06-17,91.066,94.219,101.646,99.243,72.664
2015-06-16,93.556,96.794,102.272,98.937,71.389
2015-06-15,95.034,100.143,102.949,98.518,70.100
2015-06-12,95.926,102.802,103.637,98.089,-1
2015-06-11,96.602,104.566,103.390,97.238,-1
2015-06-10,97.372,105.901,103.208,96.323,-1
2015-06-09,100.032,107.733,102.893,95.158,-1
2015-06-08,105.252,109.012,103.017,94.296,-1
2015-06-05,109.678,109.684,103.364,93.518,-1
2015-06-04,112.530,109.535,102.840,92.560,-1
2015-06-03,114.430,109.074,101.755,91.533,-1
2015-06-02,115.434,107.751,100.008,89.939,-1
2015-06-01,112.772,105.756,97.705,88.116,-1
2015-05-29,109.690,104.473,95.733,86.349,-1
2015-05-28,106.540,102.215,93.574,84.378,-1
2015-05-27,103.718,100.515,91.534,82.295,-1
2015-05-26,100.068,98.053,88.870,79.862,-1
2015-05-25,98.740,97.022,86.938,77.650,-1
2015-05-22,99.256,97.044,85.435,75.639,-1
2015-05-21,97.890,96.146,84.072,73.505,-1
2015-05-20,97.312,94.436,82.763,71.267,-1
2015-05-19,96.038,92.266,81.033,68.873,-1
2015-05-18,95.304,89.655,79.296,66.365,-1
2015-05-15,94.832,86.993,77.286,63.797,-1
2015-05-14,94.402,84.933,75.459,61.463,-1
2015-05-13,91.560,82.554,73.185,58.933,-1
2015-05-12,88.494,79.688,70.766,56.398,-1
2015-05-11,84.006,76.855,67.963,53.691,-1
2015-05-08,79.154,73.826,64.936,50.910,-1
2015-05-07,75.464,71.999,62.184,48.383,-1
2015-05-06,73.548,71.090,59.682,46.085,-1
2015-05-05,70.882,69.801,57.176,43.841,-1
2015-05-04,69.704,68.938,54.719,41.683,-1
2015-04-30,68.498,67.580,52.200,-1,-1
2015-04-29,68.534,65.985,49.728,-1,-1
2015-04-28,68.632,63.816,47.122,-1,-1
2015-04-27,68.720,61.844,44.753,-1,-1
2015-04-24,68.172,59.072,42.109,-1,-1
2015-04-23,66.662,56.046,39.453,-1,-1
2015-04-22,63.436,52.369,36.574,-1,-1
2015-04-21,59.000,48.274,33.582,-1,-1
2015-04-20,54.968,44.551,30.861,-1,-1
2015-04-17,49.972,40.501,28.055,-1,-1
2015-04-16,45.430,36.819,-1,-1,-1
2015-04-15,41.302,33.472,-1,-1,-1
2015-04-14,37.548,30.429,-1,-1,-1
2015-04-13,34.134,27.662,-1,-1,-1
2015-04-10,31.030,25.146,-1,-1,-1
2015-04-09,28.208,22.859,-1,-1,-1
2015-04-08,25.642,20.780,-1,-1,-1
2015-04-07,23.310,18.890,-1,-1,-1
2015-04-03,21.190,17.172,-1,-1,-1
2015-04-02,19.262,15.610,-1,-1,-1
2015-04-01,17.510,-1,-1,-1,-1
2015-03-31,15.918,-1,-1,-1,-1
2015-03-30,14.470,-1,-1,-1,-1
2015-03-27,13.154,-1,-1,-1,-1
2015-03-26,11.958,-1,-1,-1,-1
2015-03-25,-1,-1,-1,-1,-1
2015-03-24,-1,-1,-1,-1,-1
2015-03-23,-1,-1,-1,-1,-1
2015-03-20,-1,-1,-1,-1,-1
