Not
2017-06-30,0.582,0.435,0.147
2017-06-29,0.606,0.399,0.208
2017-06-28,0.600,0.347,0.253
2017-06-27,0.532,0.283,0.248
2017-06-26,0.522,0.221,0.300
2017-06-23,0.449,0.146,0.303
2017-06-22,0.320,0.070,0.250
2017-06-21,0.181,0.008,0.173
2017-06-20,0.199,-0.035,0.235
2017-06-19,0.191,-0.094,0.286
2017-06-16,0.185,-0.165,0.350
2017-06-15,0.156,-0.253,0.409
2017-06-14,0.048,-0.355,0.403
2017-06-13,-0.133,-0.456,0.323
2017-06-12,-0.311,-0.537,0.226
2017-06-09,-0.433,-0.593,0.160
2017-06-08,-0.511,-0.633,0.123
2017-06-07,-0.590,-0.664,0.074
2017-06-06,-0.661,-0.682,0.021
2017-06-05,-0.695,-0.687,-0.008
2017-06-02,-0.715,-0.685,-0.029
2017-06-01,-0.719,-0.678,-0.041
2017-05-31,-0.636,-0.668,0.032
2017-05-26,-0.638,-0.676,0.038
2017-05-25,-0.631,-0.685,0.054
2017-05-24,-0.609,-0.699,0.090
2017-05-23,-0.565,-0.721,0.156
2017-05-22,-0.461,-0.760,0.299
2017-05-19,-0.454,-0.835,0.382
2017-05-18,-0.528,-0.931,0.402
2017-05-17,-0.612,-1.031,0.420
2017-05-16,-0.748,-1.136,0.388
2017-05-15,-0.985,-1.233,0.248
2017-05-12,-1.164,-1.295,0.131
2017-05-11,-1.223,-1.328,0.105
2017-05-10,-1.318,-1.354,0.036
2017-05-09,-1.458,-1.363,-0.095
2017-05-08,-1.440,-1.339,-0.100
2017-05-05,-1.381,-1.314,-0.067
2017-05-04,-1.379,-1.298,-0.081
2017-05-03,-1.383,-1.277,-0.106
2017-05-02,-1.397,-1.251,-0.146
2017-04-28,-1.422,-1.214,-0.208
2017-04-27,-1.421,-1.162,-0.259
2017-04-26,-1.383,-1.098,-0.285
2017-04-25,-1.339,-1.027,-0.313
2017-04-24,-1.248,-0.948,-0.300
2017-04-21,-1.109,-0.873,-0.235
2017-04-20,-1.038,-0.815,-0.223
2017-04-19,-0.966,-0.759,-0.207
2017-04-18,-0.939,-0.707,-0.232
2017-04-17,-0.853,-0.649,-0.204
2017-04-14,-0.753,-0.598,-0.155
2017-04-13,-0.704,-0.559,-0.145
2017-04-12,-0.669,-0.523,-0.146
2017-04-11,-0.600,-0.486,-0.114
2017-04-10,-0.552,-0.458,-0.094
2017-04-07,-0.516,-0.434,-0.081
2017-04-06,-0.512,-0.414,-0.099
2017-04-05,-0.509,-0.389,-0.120
2017-03-31,-0.538,-0.359,-0.179
2017-03-30,-0.481,-0.314,-0.167
2017-03-29,-0.382,-0.273,-0.109
2017-03-28,-0.314,-0.246,-0.069
2017-03-27,-0.282,-0.228,-0.053
2017-03-24,-0.250,-0.215,-0.035
2017-03-23,-0.228,-0.206,-0.022
2017-03-22,-0.219,-0.201,-0.018
2017-03-21,-0.178,-0.196,0.018
2017-03-20,-0.168,-0.201,0.033
2017-03-17,-0.156,-0.209,0.053
2017-03-16,-0.140,-0.223,0.082
2017-03-15,-0.161,-0.243,0.082
2017-03-14,-0.166,-0.264,0.098
2017-03-13,-0.222,-0.288,0.066
2017-03-10,-0.229,-0.305,0.076
2017-03-09,-0.228,-0.324,0.096
2017-03-08,-0.238,-0.348,0.109
2017-03-07,-0.302,-0.375,0.073
2017-03-06,-0.346,-0.393,0.047
2017-03-03,-0.378,-0.405,0.027
2017-03-02,-0.354,-0.412,0.057
2017-03-01,-0.345,-0.426,0.081
2017-02-28,-0.358,-0.446,0.089
2017-02-27,-0.370,-0.468,0.098
2017-02-24,-0.384,-0.493,0.109
2017-02-23,-0.425,-0.520,0.095
2017-02-22,-0.433,-0.544,0.111
2017-02-21,-0.452,-0.572,0.120
2017-02-20,-0.486,-0.602,0.116
2017-02-17,-0.497,-0.630,0.134
2017-02-16,-0.474,-0.664,0.190
2017-02-15,-0.478,-0.711,0.234
2017-02-14,-0.480,-0.770,0.289
2017-02-13,-0.504,-0.842,0.338
2017-02-10,-0.564,-0.927,0.362
2017-02-09,-0.633,-1.017,0.385
2017-02-08,-0.760,-1.113,0.354
2017-02-07,-0.918,-1.202,0.284
2017-02-06,-1.105,-1.273,0.168
2017-02-03,-1.203,-1.315,0.112
2017-01-26,-1.281,-1.343,0.062
2017-01-25,-1.367,-1.358,-0.009
2017-01-24,-1.439,-1.356,-0.083
2017-01-23,-1.543,-1.335,-0.208
2017-01-20,-1.559,-1.283,-0.276
2017-01-19,-1.539,-1.214,-0.325
2017-01-18,-1.459,-1.133,-0.326
2017-01-17,-1.358,-1.051,-0.306
2017-01-16,-1.278,-0.975,-0.303
2017-01-13,-1.050,-0.899,-0.151
2017-01-12,-0.927,-0.861,-0.066
2017-01-11,-0.851,-0.845,-0.006
2017-01-10,-0.821,-0.843,0.023
2017-01-09,-0.832,-0.849,0.017
2017-01-06,-0.853,-0.853,0.001
2017-01-05,-0.854,-0.853,-0.000
2017-01-04,-0.892,-0.853,-0.039
2017-01-03,-0.969,-0.844,-0.125
2016-12-30,-0.947,-0.813,-0.134
2016-12-29,-0.903,-0.779,-0.124
2016-12-28,-0.884,-0.748,-0.135
2016-12-27,-0.875,-0.714,-0.161
2016-12-26,-0.845,-0.674,-0.171
2016-12-23,-0.819,-0.631,-0.188
2016-12-22,-0.730,-0.584,-0.146
2016-12-21,-0.714,-0.548,-0.166
2016-12-20,-0.732,-0.506,-0.226
2016-12-19,-0.734,-0.450,-0.284
2016-12-16,-0.705,-0.379,-0.327
2016-12-15,-0.787,-0.297,-0.490
2016-12-14,-0.659,-0.174,-0.485
2016-12-13,-0.451,-0.053,-0.397
2016-12-12,-0.218,0.046,-0.264
2016-12-09,0.079,0.112,-0.033
2016-12-08,0.202,0.120,0.082
2016-12-07,0.162,0.100,0.062
2016-12-06,0.087,0.084,0.002
2016-12-05,-0.091,0.084,-0.175
2016-12-02,-0.322,0.127,-0.449
2016-12-01,-0.420,0.240,-0.660
2016-11-30,-0.284,0.405,-0.689
2016-11-29,-0.097,0.577,-0.674
2016-11-28,0.157,0.745,-0.588
2016-11-25,0.325,0.893,-0.567
2016-11-24,0.540,1.034,-0.494
2016-11-23,0.736,1.158,-0.421
2016-11-22,0.861,1.263,-0.402
2016-11-21,0.948,1.364,-0.416
2016-11-18,1.025,1.468,-0.442
2016-11-17,1.158,1.578,-0.420
2016-11-16,1.379,1.683,-0.305
2016-11-15,1.553,1.760,-0.206
2016-11-14,1.702,1.811,-0.109
2016-11-11,1.874,1.838,0.036
2016-11-10,1.939,1.829,0.110
2016-11-09,2.045,1.802,0.243
2016-11-08,2.166,1.741,0.425
2016-11-07,2.180,1.635,0.545
2016-11-04,2.280,1.499,0.781
2016-11-03,2.343,1.304,1.040
2016-11-02,2.124,1.044,1.080
2016-10-28,1.652,0.774,0.878
2016-10-27,1.601,0.554,1.047
2016-10-26,1.362,0.292,1.070
2016-10-25,1.058,0.025,1.033
2016-10-24,0.692,-0.234,0.925
2016-10-21,0.165,-0.465,0.630
2016-10-20,-0.195,-0.622,0.428
2016-10-19,-0.476,-0.729,0.253
2016-10-18,-0.558,-0.792,0.234
2016-10-17,-0.680,-0.851,0.171
2016-10-14,-0.744,-0.894,0.149
2016-10-13,-0.815,-0.931,0.116
2016-10-12,-0.932,-0.960,0.028
2016-10-11,-0.985,-0.967,-0.018
2016-10-10,-1.037,-0.962,-0.074
2016-09-30,-1.098,-0.944,-0.154
2016-09-29,-1.073,-0.905,-0.167
2016-09-28,-1.021,-0.864,-0.157
2016-09-27,-0.949,-0.824,-0.125
2016-09-26,-0.890,-0.793,-0.097
2016-09-23,-0.771,-0.769,-0.002
2016-09-22,-0.762,-0.768,0.006
2016-09-21,-0.765,-0.770,0.004
2016-09-20,-0.767,-0.771,0.003
2016-09-19,-0.764,-0.771,0.008
2016-09-14,-0.767,-0.773,0.007
2016-09-13,-0.749,-0.775,0.026
2016-09-12,-0.708,-0.782,0.074
2016-09-09,-0.628,-0.800,0.172
2016-09-08,-0.637,-0.843,0.206
2016-09-07,-0.746,-0.894,0.148
2016-09-06,-0.828,-0.931,0.104
2016-09-05,-0.876,-0.957,0.081
2016-09-02,-0.871,-0.978,0.107
2016-09-01,-0.847,-1.004,0.158
2016-08-31,-0.849,-1.044,0.194
2016-08-30,-0.864,-1.092,0.228
2016-08-29,-0.922,-1.149,0.227
2016-08-26,-0.926,-1.206,0.281
2016-08-25,-0.928,-1.276,0.348
2016-08-24,-0.948,-1.364,0.415
2016-08-23,-0.988,-1.467,0.480
2016-08-22,-1.014,-1.587,0.573
2016-08-19,-1.044,-1.731,0.686
2016-08-18,-1.198,-1.902,0.704
2016-08-17,-1.391,-2.078,0.687
2016-08-16,-1.664,-2.250,0.585
2016-08-15,-1.851,-2.396,0.546
2016-08-12,-2.027,-2.533,0.506
2016-08-11,-2.164,-2.659,0.495
2016-08-10,-2.328,-2.783,0.455
2016-08-09,-2.645,-2.897,0.252
2016-08-08,-2.814,-2.960,0.146
2016-08-05,-2.920,-2.996,0.077
2016-08-04,-2.985,-3.016,0.031
2016-08-03,-3.063,-3.023,-0.039
2016-08-02,-3.091,-3.014,-0.077
2016-08-01,-3.027,-2.994,-0.033
2016-07-29,-2.892,-2.986,0.094
2016-07-28,-2.825,-3.010,0.184
2016-07-27,-2.755,-3.056,0.300
2016-07-26,-2.715,-3.131,0.416
2016-07-25,-2.830,-3.235,0.405
2016-07-22,-2.904,-3.336,0.432
2016-07-21,-2.989,-3.444,0.456
2016-07-20,-3.119,-3.558,0.439
2016-07-19,-3.319,-3.668,0.349
2016-07-18,-3.414,-3.755,0.341
2016-07-15,-3.463,-3.840,0.377
2016-07-14,-3.576,-3.935,0.358
2016-07-13,-3.748,-4.024,0.276
2016-07-12,-3.814,-4.093,0.280
2016-07-11,-3.881,-4.163,0.282
2016-07-08,-3.951,-4.234,0.283
2016-07-07,-4.093,-4.305,0.212
2016-07-06,-4.240,-4.358,0.118
2016-07-05,-4.380,-4.387,0.007
2016-07-04,-4.601,-4.389,-0.212
2016-07-01,-4.777,-4.336,-0.441
2016-06-30,-4.923,-4.225,-0.697
2016-06-29,-5.106,-4.051,-1.055
2016-06-28,-5.450,-3.787,-1.663
2016-06-27,-5.460,-3.372,-2.089
2016-06-24,-5.457,-2.849,-2.608
2016-06-23,-5.334,-2.198,-3.136
2016-06-22,-4.883,-1.414,-3.469
2016-06-21,-4.349,-0.546,-3.803
2016-06-20,-3.594,0.405,-3.999
2016-06-17,-2.792,1.404,-4.196
2016-06-16,-1.800,2.453,-4.253
2016-06-15,-0.478,3.517,-3.994
2016-06-14,1.090,4.515,-3.425
2016-06-13,3.153,5.371,-2.218
2016-06-08,5.956,5.926,0.030
2016-06-07,9.057,5.918,3.139
2016-06-06,7.484,5.134,2.350
2016-06-03,6.210,4.546,1.664
2016-06-02,5.262,4.130,1.132
2016-06-01,4.461,3.847,0.613
2016-05-31,4.026,3.694,0.332
2016-05-30,3.783,3.611,0.171
2016-05-27,3.978,3.568,0.410
2016-05-26,4.045,3.466,0.579
2016-05-25,3.954,3.321,0.632
2016-05-24,3.823,3.163,0.660
2016-05-23,3.564,2.998,0.566
2016-05-20,3.215,2.856,0.359
2016-05-19,2.660,2.767,-0.106
2016-05-18,2.447,2.793,-0.346
2016-05-17,2.409,2.880,-0.471
2016-05-16,2.427,2.998,-0.571
2016-05-13,2.393,3.140,-0.747
2016-05-12,2.750,3.327,-0.577
2016-05-11,3.087,3.472,-0.384
2016-05-10,3.608,3.568,0.040
2016-05-09,4.031,3.558,0.473
2016-05-06,4.007,3.439,0.567
2016-05-05,3.830,3.298,0.532
2016-05-04,3.637,3.165,0.472
2016-05-03,3.545,3.047,0.498
2016-04-29,3.321,2.922,0.399
2016-04-28,3.287,2.822,0.464
2016-04-27,3.088,2.706,0.382
2016-04-26,2.990,2.611,0.379
2016-04-25,2.677,2.516,0.161
2016-04-22,2.605,2.476,0.129
2016-04-21,2.640,2.444,0.196
2016-04-20,2.993,2.394,0.599
2016-04-19,3.093,2.245,0.848
2016-04-18,2.933,2.033,0.900
2016-04-15,2.751,1.808,0.943
2016-04-14,2.559,1.572,0.987
2016-04-13,2.135,1.325,0.810
2016-04-12,1.799,1.123,0.676
2016-04-11,1.606,0.954,0.653
2016-04-08,1.195,0.791,0.404
2016-04-07,1.025,0.690,0.336
2016-04-06,0.972,0.606,0.366
2016-04-05,0.784,0.514,0.270
2016-04-01,0.546,0.447,0.099
2016-03-31,0.566,0.422,0.144
2016-03-30,0.481,0.386,0.095
2016-03-29,0.453,0.362,0.091
2016-03-28,0.592,0.339,0.253
2016-03-25,0.612,0.276,0.336
2016-03-24,0.639,0.192,0.447
2016-03-23,0.669,0.081,0.588
2016-03-22,0.478,-0.067,0.544
2016-03-21,0.292,-0.203,0.495
2016-03-18,-0.036,-0.326,0.290
2016-03-17,-0.398,-0.399,0.001
2016-03-16,-0.627,-0.399,-0.227
2016-03-15,-0.748,-0.342,-0.405
2016-03-14,-0.789,-0.241,-0.548
2016-03-11,-0.840,-0.104,-0.735
2016-03-10,-0.738,0.080,-0.818
2016-03-09,-0.597,0.284,-0.881
2016-03-08,-0.454,0.505,-0.959
2016-03-07,-0.318,0.744,-1.062
2016-03-04,-0.164,1.010,-1.174
2016-03-03,0.100,1.303,-1.203
2016-03-02,0.325,1.604,-1.279
2016-03-01,0.544,1.924,-1.380
2016-02-29,0.957,2.269,-1.312
2016-02-26,1.573,2.597,-1.024
2016-02-25,2.024,2.853,-0.829
2016-02-24,2.400,3.060,-0.660
2016-02-23,2.480,3.225,-0.745
2016-02-22,2.340,3.411,-1.071
2016-02-19,2.310,3.679,-1.369
2016-02-18,2.461,4.021,-1.560
2016-02-17,2.549,4.411,-1.861
2016-02-16,2.762,4.876,-2.114
2016-02-15,3.053,5.405,-2.352
2016-02-05,nan,nan,nan
2016-02-04,nan,nan,nan
2016-02-03,nan,nan,nan
2016-02-02,nan,nan,nan
2016-02-01,nan,nan,nan
2016-01-29,nan,nan,nan
2016-01-28,nan,nan,nan
2016-01-27,nan,nan,nan
2016-01-26,nan,nan,nan
2016-01-25,nan,nan,nan
2016-01-22,nan,nan,nan
2016-01-21,nan,nan,nan
2016-01-20,nan,nan,nan
2016-01-19,nan,nan,nan
2016-01-18,nan,nan,nan
2016-01-15,nan,nan,nan
2016-01-14,nan,nan,nan
2016-01-13,nan,nan,nan
2016-01-12,nan,nan,nan
2016-01-11,nan,nan,nan
2016-01-08,nan,nan,nan
2016-01-07,nan,nan,nan
2016-01-06,nan,nan,nan
2016-01-05,nan,nan,nan
2016-01-04,nan,nan,nan
2015-12-31,nan,nan,nan
2015-12-30,nan,nan,nan
2015-12-29,nan,nan,nan
2015-12-28,nan,nan,nan
2015-12-25,nan,nan,nan
2015-12-24,nan,nan,nan
2015-12-23,nan,nan,nan
2015-12-22,nan,nan,nan
