2017-06-30,21.244,20.822,20.050,19.466,19.768
2017-06-29,21.396,20.712,19.889,19.439,19.800
2017-06-28,21.432,20.642,19.675,19.426,19.824
2017-06-27,20.978,20.563,19.493,19.361,19.850
2017-06-26,20.746,20.517,19.354,19.274,19.899
2017-06-23,20.400,20.322,19.186,19.182,19.943
2017-06-22,20.028,20.026,19.000,19.093,19.985
2017-06-21,19.852,19.748,18.810,18.956,20.035
2017-06-20,20.148,19.644,18.782,18.879,20.114
2017-06-19,20.288,19.465,18.785,18.824,20.195
2017-06-16,20.244,19.279,18.788,18.779,20.278
2017-06-15,20.024,19.066,18.802,18.738,20.359
2017-06-14,19.644,18.708,18.818,18.683,20.435
2017-06-13,19.140,18.424,18.761,18.611,20.501
2017-06-12,18.642,18.190,18.653,18.549,20.584
2017-06-09,18.314,18.050,18.613,18.529,20.673
2017-06-08,18.108,17.975,18.627,18.528,20.773
2017-06-07,17.772,17.872,18.560,18.528,20.878
2017-06-06,17.708,17.920,18.497,18.576,20.994
2017-06-05,17.738,18.104,18.503,18.651,21.114
2017-06-02,17.786,18.297,18.529,18.756,21.232
2017-06-01,17.842,18.538,18.574,18.852,21.342
2017-05-31,17.972,18.929,18.671,18.980,21.470
2017-05-26,18.132,19.097,18.704,19.100,21.583
2017-05-25,18.470,19.116,18.729,19.232,21.696
2017-05-24,18.808,19.175,18.769,19.361,21.811
2017-05-23,19.234,19.278,18.804,19.507,21.931
2017-05-22,19.886,19.248,18.857,19.678,22.052
2017-05-19,20.062,19.074,18.905,19.822,22.153
2017-05-18,19.762,18.902,18.925,19.939,22.243
2017-05-17,19.542,18.760,18.986,20.071,22.328
2017-05-16,19.322,18.609,19.009,20.161,22.403
2017-05-15,18.610,18.412,19.006,20.221,22.472
2017-05-12,18.086,18.311,19.102,20.339,22.560
2017-05-11,18.042,18.342,19.290,20.525,22.677
2017-05-10,17.978,18.363,19.454,20.703,22.794
2017-05-09,17.896,18.330,19.622,20.876,22.905
2017-05-08,18.214,18.465,19.893,21.114,23.053
2017-05-05,18.536,18.735,20.196,21.348,23.204
2017-05-04,18.642,18.947,20.457,21.567,23.340
2017-05-03,18.748,19.211,20.726,21.778,23.451
2017-05-02,18.764,19.408,20.938,21.980,23.552
2017-04-28,18.716,19.600,21.126,22.186,23.650
2017-04-27,18.934,19.892,21.353,22.391,23.747
2017-04-26,19.252,20.238,21.616,22.618,23.852
2017-04-25,19.674,20.544,21.873,22.817,23.937
2017-04-24,20.052,20.914,22.150,23.019,24.022
2017-04-21,20.484,21.321,22.439,23.227,24.102
2017-04-20,20.850,21.657,22.655,23.413,24.166
2017-04-19,21.224,21.968,22.877,23.576,24.236
2017-04-18,21.414,22.241,23.061,23.708,24.275
2017-04-17,21.776,22.467,23.266,23.833,24.351
2017-04-14,22.158,22.652,23.480,23.959,24.438
2017-04-13,22.464,22.813,23.641,24.066,24.524
2017-04-12,22.712,22.994,23.809,24.160,24.614
2017-04-11,23.068,23.202,23.954,24.261,24.708
2017-04-10,23.158,23.385,24.071,24.355,24.793
2017-04-07,23.146,23.557,24.180,24.425,24.881
2017-04-06,23.162,23.653,24.291,24.484,24.967
2017-04-05,23.276,23.785,24.381,24.546,25.034
2017-03-31,23.336,23.881,24.442,24.586,25.094
2017-03-30,23.612,24.064,24.516,24.645,25.177
2017-03-29,23.968,24.307,24.613,24.723,25.267
2017-03-28,24.144,24.468,24.692,24.781,25.346
2017-03-27,24.294,24.623,24.744,24.829,25.420
2017-03-24,24.426,24.705,24.790,24.885,25.483
2017-03-23,24.516,24.757,24.840,24.934,25.561
2017-03-22,24.646,24.803,24.860,24.991,25.644
2017-03-21,24.792,24.928,24.900,25.059,25.729
2017-03-20,24.952,24.976,24.926,25.113,25.803
2017-03-17,24.984,25.002,24.938,25.124,25.897
2017-03-16,24.998,24.968,24.935,25.124,25.956
2017-03-15,24.960,24.918,24.930,25.113,26.001
2017-03-14,25.064,24.916,24.937,25.102,26.056
2017-03-13,25.000,24.864,24.932,25.085,26.103
2017-03-10,25.020,24.875,24.975,25.056,26.202
2017-03-09,24.938,24.922,25.022,25.025,26.334
2017-03-08,24.876,24.916,25.085,24.977,26.467
2017-03-07,24.768,24.872,25.125,24.920,26.604
2017-03-06,24.728,24.877,25.181,24.896,26.747
2017-03-03,24.730,24.875,25.184,24.843,26.862
2017-03-02,24.906,24.902,25.203,24.869,26.945
2017-03-01,24.956,24.943,25.211,24.917,27.023
2017-02-28,24.976,24.959,25.195,24.982,27.093
2017-02-27,25.026,25.000,25.195,25.067,27.188
2017-02-24,25.020,25.076,25.147,25.156,27.282
2017-02-23,24.898,25.122,25.076,25.232,27.382
2017-02-22,24.930,25.254,25.008,25.336,27.507
2017-02-21,24.942,25.378,24.944,25.449,27.640
2017-02-20,24.974,25.485,24.905,25.522,27.774
2017-02-17,25.132,25.494,24.827,25.602,27.903
2017-02-16,25.346,25.503,24.852,25.709,28.027
2017-02-15,25.578,25.478,24.905,25.812,28.158
2017-02-14,25.814,25.431,24.994,25.911,28.296
2017-02-13,25.996,25.390,25.100,26.010,28.429
2017-02-10,25.856,25.218,25.196,26.081,28.577
2017-02-09,25.660,25.030,25.287,26.189,28.716
2017-02-08,25.378,24.762,25.378,26.296,28.845
2017-02-07,25.048,24.509,25.485,26.398,28.991
2017-02-06,24.784,24.325,25.541,26.493,29.118
2017-02-03,24.580,24.159,25.657,26.671,29.271
2017-01-26,24.400,24.201,25.812,26.787,29.472
2017-01-25,24.146,24.331,25.979,26.889,29.698
2017-01-24,23.970,24.556,26.151,27.010,29.833
2017-01-23,23.866,24.810,26.320,27.122,29.988
2017-01-20,23.738,25.174,26.513,27.348,30.155
2017-01-19,24.002,25.543,26.768,27.643,30.318
2017-01-18,24.516,25.993,27.063,27.956,30.495
2017-01-17,25.142,26.460,27.342,28.288,30.616
2017-01-16,25.754,26.756,27.577,28.599,30.698
2017-01-13,26.610,27.154,27.927,28.882,30.753
2017-01-12,27.084,27.423,28.080,29.022,30.782
2017-01-11,27.470,27.627,28.168,29.128,30.782
2017-01-10,27.778,27.747,28.237,29.204,30.770
2017-01-09,27.758,27.830,28.278,29.309,30.753
2017-01-06,27.698,27.852,28.435,29.407,30.720
2017-01-05,27.762,27.993,28.693,29.532,30.689
2017-01-04,27.784,28.133,28.937,29.679,30.651
2017-01-03,27.716,28.224,29.202,29.832,30.593
2016-12-30,27.902,28.398,29.520,30.026,30.551
2016-12-29,28.006,28.701,29.746,30.204,30.511
2016-12-28,28.224,28.737,29.822,30.344,30.470
2016-12-27,28.482,28.710,29.879,30.503,30.420
2016-12-26,28.732,28.728,29.932,30.681,30.395
2016-12-23,28.894,28.726,30.049,30.849,30.371
2016-12-22,29.396,29.018,30.185,31.073,30.356
2016-12-21,29.250,29.393,30.302,31.244,30.324
2016-12-20,28.938,29.742,30.451,31.395,30.287
2016-12-19,28.724,30.180,30.636,31.584,30.250
2016-12-16,28.558,30.643,30.839,31.743,30.215
2016-12-15,28.640,30.792,30.956,31.870,30.156
2016-12-14,29.536,30.907,31.148,32.156,30.153
2016-12-13,30.546,31.048,31.400,32.507,30.173
2016-12-12,31.636,31.136,31.658,32.657,30.179
2016-12-09,32.728,31.371,31.910,32.854,30.178
2016-12-08,32.944,31.352,32.100,32.962,30.125
2016-12-07,32.278,31.211,32.170,32.993,30.041
2016-12-06,31.550,31.161,32.221,33.034,29.960
2016-12-05,30.636,31.092,32.286,32.945,29.870
2016-12-02,30.014,31.036,32.293,32.797,29.787
2016-12-01,29.760,31.120,32.409,32.624,29.727
2016-11-30,30.144,31.389,32.781,32.542,29.710
2016-11-29,30.772,31.752,33.237,32.437,29.699
2016-11-28,31.548,32.180,33.417,32.336,29.696
2016-11-25,32.058,32.449,33.596,32.197,29.666
2016-11-24,32.480,32.848,33.766,32.033,29.638
2016-11-23,32.634,33.129,33.884,31.846,29.620
2016-11-22,32.732,33.281,33.970,31.624,29.586
2016-11-21,32.812,33.480,33.871,31.354,29.550
2016-11-18,32.840,33.550,33.678,31.076,29.487
2016-11-17,33.216,33.698,33.375,30.817,29.428
2016-11-16,33.624,34.173,33.118,30.596,29.369
2016-11-15,33.830,34.722,32.779,30.336,29.300
2016-11-14,34.148,34.654,32.414,30.110,29.246
2016-11-11,34.260,34.743,32.071,29.894,29.160
2016-11-10,34.180,34.685,31.626,29.640,29.042
2016-11-09,34.722,34.640,31.204,29.404,28.929
2016-11-08,35.614,34.660,30.795,29.179,28.824
2016-11-07,35.160,34.263,30.290,28.916,28.696
2016-11-04,35.226,33.806,29.839,28.687,28.579
2016-11-03,35.190,33.053,29.377,28.442,28.455
2016-11-02,34.558,32.064,28.807,28.149,28.311
2016-10-28,33.706,30.836,28.143,27.839,28.150
2016-10-27,33.366,30.174,27.837,27.702,28.098
2016-10-26,32.386,29.400,27.470,27.501,28.055
2016-10-25,30.916,28.567,27.117,27.289,28.011
2016-10-24,29.570,27.768,26.786,27.088,27.977
2016-10-21,27.966,26.931,26.439,26.886,27.947
2016-10-20,26.982,26.318,26.242,26.794,27.981
2016-10-19,26.414,25.872,26.127,26.777,28.025
2016-10-18,26.218,25.701,26.137,26.830,28.110
2016-10-17,25.966,25.551,26.192,26.878,28.207
2016-10-14,25.896,25.450,26.341,26.962,28.330
2016-10-13,25.654,25.501,26.466,27.056,28.438
2016-10-12,25.330,25.540,26.551,27.134,28.545
2016-10-11,25.184,25.668,26.650,27.243,28.672
2016-10-10,25.136,25.804,26.748,27.395,28.818
2016-09-30,25.004,25.947,26.863,27.548,28.967
2016-09-29,25.348,26.166,27.032,27.746,29.132
2016-09-28,25.750,26.382,27.229,27.899,29.314
2016-09-27,26.152,26.572,27.394,28.038,29.489
2016-09-26,26.472,26.833,27.541,28.143,29.655
2016-09-23,26.890,27.231,27.718,28.264,29.837
2016-09-22,26.984,27.431,27.833,28.382,30.025
2016-09-21,27.014,27.563,27.931,28.426,30.150
2016-09-20,26.992,27.632,28.030,28.445,30.285
2016-09-19,27.194,27.692,28.190,28.453,30.412
2016-09-14,27.572,27.779,28.349,28.468,30.501
2016-09-13,27.878,27.899,28.535,28.477,30.610
2016-09-12,28.112,28.077,28.657,28.471,30.718
2016-09-09,28.272,28.216,28.771,28.467,30.864
2016-09-08,28.190,28.249,28.797,28.473,31.003
2016-09-07,27.986,28.206,28.781,28.462,31.119
2016-09-06,27.920,28.236,28.857,28.495,31.263
2016-09-05,28.042,28.300,28.858,28.610,31.402
2016-09-02,28.160,28.428,28.851,28.732,31.515
2016-09-01,28.308,28.689,28.834,28.867,31.692
2016-08-31,28.426,28.919,28.812,29.008,32.745
2016-08-30,28.552,29.172,28.767,29.167,33.657
2016-08-29,28.558,29.238,28.668,29.273,34.434
2016-08-26,28.696,29.326,28.593,29.390,35.142
2016-08-25,29.070,29.346,28.585,29.536,35.740
2016-08-24,29.412,29.356,28.590,29.699,36.273
2016-08-23,29.792,29.478,28.625,29.819,36.710
2016-08-22,29.918,29.416,28.765,29.956,37.168
2016-08-19,29.956,29.275,28.885,30.102,37.644
2016-08-18,29.622,28.979,28.956,30.242,38.092
2016-08-17,29.300,28.706,29.053,30.385,38.543
2016-08-16,29.164,28.361,29.165,30.518,38.981
2016-08-15,28.914,28.098,29.291,30.730,39.452
2016-08-12,28.594,27.860,29.422,30.941,39.842
2016-08-11,28.336,27.824,29.632,31.168,40.196
2016-08-10,28.112,27.823,29.870,31.411,40.531
2016-08-09,27.558,27.771,29.990,31.668,40.846
2016-08-08,27.282,28.113,30.226,31.874,41.122
2016-08-05,27.126,28.494,30.516,32.125,41.422
2016-08-04,27.312,28.933,30.874,32.371,41.705
2016-08-03,27.534,29.399,31.225,32.534,42.012
2016-08-02,27.984,29.969,31.596,32.742,42.407
2016-08-01,28.944,30.483,32.046,32.965,42.825
2016-07-29,29.862,30.984,32.481,33.261,43.229
2016-07-28,30.554,31.439,32.840,33.533,43.576
2016-07-27,31.264,31.917,33.205,33.776,43.923
2016-07-26,31.954,32.209,33.616,34.032,44.205
2016-07-25,32.022,32.339,33.755,34.195,44.472
2016-07-22,32.106,32.538,33.940,34.298,44.711
2016-07-21,32.324,32.814,34.090,34.517,44.969
2016-07-20,32.570,33.050,34.101,36.483,45.155
2016-07-19,32.464,33.223,34.129,38.147,45.302
2016-07-18,32.656,33.609,34.207,39.596,45.410
2016-07-15,32.970,33.979,34.400,40.893,45.572
2016-07-14,33.304,34.241,34.580,41.944,45.758
2016-07-13,33.530,34.492,34.706,42.848,45.920
2016-07-12,33.982,35.023,34.944,43.600,46.085
2016-07-11,34.562,35.171,35.123,44.381,46.266
2016-07-08,34.988,35.342,35.178,45.187,46.403
2016-07-07,35.178,35.365,35.368,45.942,46.478
2016-07-06,35.454,35.152,38.200,46.702,46.573
2016-07-05,36.064,35.035,40.608,47.445,46.604
2016-07-04,35.780,34.804,42.589,48.175,46.589
2016-07-01,35.696,34.821,44.350,48.742,46.597
2016-06-30,35.552,34.919,45.795,49.225,46.605
2016-06-29,34.850,34.920,47.026,49.652,46.547
2016-06-28,34.006,34.864,47.889,50.025,46.476
2016-06-27,33.828,35.075,48.985,50.370,46.448
2016-06-24,33.946,35.013,50.109,50.720,46.380
2016-06-23,34.286,35.372,51.230,51.040,46.342
2016-06-22,34.990,41.247,52.477,51.491,46.338
2016-06-21,35.722,46.182,53.650,52.071,46.315
2016-06-20,36.322,50.374,54.860,52.684,46.330
2016-06-17,36.080,53.880,55.703,53.198,46.299
2016-06-16,36.458,56.672,56.378,53.619,46.270
2016-06-15,47.504,59.131,57.018,54.069,46.237
2016-06-14,56.642,60.914,57.605,54.379,46.146
2016-06-13,64.426,62.896,58.018,54.750,46.042
2016-06-08,71.680,65.205,58.574,55.125,45.955
2016-06-07,76.886,67.089,58.874,55.420,45.807
2016-06-06,70.758,63.706,56.614,53.828,44.749
2016-06-03,65.186,61.118,55.016,52.457,43.830
2016-06-02,61.366,59.346,53.839,51.225,43.043
2016-06-01,58.730,57.526,52.856,50.252,42.345
2016-05-31,57.292,56.083,52.093,49.572,41.758
2016-05-30,56.654,54.904,51.538,48.992,41.220
2016-05-27,57.050,54.296,51.111,48.569,40.793
2016-05-26,57.326,53.139,50.676,48.152,40.355
2016-05-25,56.322,51.943,50.085,47.619,39.875
2016-05-24,54.874,50.658,49.586,47.014,39.385
2016-05-23,53.154,49.521,48.889,46.444,38.941
2016-05-20,51.542,48.914,48.127,45.763,38.529
2016-05-19,48.952,48.332,47.164,45.003,38.168
2016-05-18,47.564,48.187,46.615,44.452,37.927
2016-05-17,46.442,48.103,46.316,43.985,37.700
2016-05-16,45.888,48.172,46.036,43.443,37.454
2016-05-13,46.286,47.927,45.706,42.928,37.215
2016-05-12,47.712,48.214,45.659,42.526,37.025
2016-05-11,48.810,48.227,45.457,42.039,36.813
2016-05-10,49.764,48.514,45.193,41.645,36.595
2016-05-09,50.456,48.256,44.906,41.185,36.360
2016-05-06,49.568,47.340,44.188,40.559,36.077
2016-05-05,48.716,45.996,43.339,39.976,35.755
2016-05-04,47.644,45.042,42.585,39.400,35.439
2016-05-03,47.264,44.529,41.926,38.921,35.152
2016-04-29,46.056,43.899,41.078,38.406,34.838
2016-04-28,45.112,43.484,40.428,37.914,34.526
2016-04-27,43.276,43.103,39.681,37.334,34.249
2016-04-26,42.440,42.687,38.944,36.786,33.997
2016-04-25,41.794,41.871,38.210,36.194,33.778
2016-04-22,41.742,41.555,37.650,35.671,33.619
2016-04-21,41.856,41.035,37.169,35.202,33.475
2016-04-20,42.930,40.681,36.966,34.862,33.450
2016-04-19,42.934,40.128,36.579,34.439,33.439
2016-04-18,41.948,39.324,36.117,33.944,33.385
2016-04-15,41.368,38.258,35.659,33.449,33.418
2016-04-14,40.214,37.372,35.128,33.016,33.547
2016-04-13,38.432,36.260,34.449,32.558,33.577
2016-04-12,37.322,35.202,33.836,32.131,33.577
2016-04-11,36.700,34.549,33.355,31.756,33.557
2016-04-08,35.148,33.745,32.730,31.437,33.456
2016-04-07,34.530,33.303,32.286,31.296,33.365
2016-04-06,34.088,33.251,31.953,31.332,33.255
2016-04-05,33.082,33.031,31.594,31.401,33.086
2016-04-01,32.398,32.911,31.254,31.415,32.879
2016-03-31,32.342,33.060,31.044,31.465,32.692
2016-03-30,32.076,32.885,30.839,31.503,32.455
2016-03-29,32.414,32.638,30.707,31.525,32.203
2016-03-28,32.980,32.469,30.596,31.588,31.955
2016-03-25,33.424,32.161,30.360,31.546,31.658
2016-03-24,33.778,31.714,30.284,31.535,31.340
2016-03-23,33.694,31.269,30.292,31.595,31.004
2016-03-22,32.862,30.655,30.373,31.534,30.613
2016-03-21,31.958,30.157,30.587,31.478,-1
2016-03-18,30.898,29.597,30.668,31.382,-1
2016-03-17,29.650,29.028,30.667,31.270,-1
2016-03-16,28.844,28.792,30.812,31.139,-1
2016-03-15,28.448,28.776,30.969,31.165,-1
2016-03-14,28.356,28.722,31.147,31.209,-1
2016-03-11,28.296,28.559,31.239,31.363,-1
2016-03-10,28.406,28.853,31.445,31.566,-1
2016-03-09,28.740,29.315,31.758,31.748,-1
2016-03-08,29.104,30.091,31.974,32.037,-1
2016-03-07,29.088,31.016,32.139,32.438,-1
2016-03-04,28.822,31.738,32.274,32.827,-1
2016-03-03,29.300,32.306,32.390,33.387,-1
2016-03-02,29.890,32.832,32.312,34.078,-1
2016-03-01,31.078,33.162,32.359,34.597,-1
2016-02-29,32.944,33.572,32.452,35.023,-1
2016-02-26,34.654,33.919,32.765,35.357,-1
2016-02-25,35.312,34.037,32.923,35.475,-1
2016-02-24,35.774,34.200,32.965,35.434,-1
2016-02-23,35.246,33.857,33.011,35.178,-1
2016-02-22,34.200,33.261,33.150,34.770,-1
2016-02-19,33.184,32.810,33.371,34.343,-1
2016-02-18,32.762,32.475,33.927,33.918,-1
2016-02-17,32.626,31.793,34.701,33.407,-1
2016-02-16,32.468,31.556,35.314,32.881,-1
2016-02-15,32.322,31.332,35.748,32.322,-1
2016-02-05,32.436,31.611,36.076,31.769,-1
2016-02-04,32.188,31.809,36.194,31.146,-1
2016-02-03,30.960,31.729,36.050,30.413,-1
2016-02-02,30.644,32.164,35.838,29.692,-1
2016-02-01,30.342,33.038,35.524,-1,-1
2016-01-29,30.786,33.932,35.109,-1,-1
2016-01-28,31.430,35.380,34.640,-1,-1
2016-01-27,32.498,37.609,34.213,-1,-1
2016-01-26,33.684,39.072,33.544,-1,-1
2016-01-25,35.734,40.165,32.817,-1,-1
2016-01-22,37.078,40.542,31.848,-1,-1
2016-01-21,39.330,40.579,30.815,-1,-1
2016-01-20,42.720,40.372,29.755,-1,-1
2016-01-19,44.460,39.513,28.456,-1,-1
2016-01-18,44.596,38.010,-1,-1,-1
2016-01-15,44.006,36.287,-1,-1,-1
2016-01-14,41.828,33.900,-1,-1,-1
2016-01-13,38.024,30.818,-1,-1,-1
2016-01-12,34.566,28.016,-1,-1,-1
2016-01-11,31.424,25.469,-1,-1,-1
2016-01-08,28.568,23.154,-1,-1,-1
2016-01-07,25.972,21.050,-1,-1,-1
2016-01-06,23.612,19.137,-1,-1,-1
2016-01-05,21.466,17.398,-1,-1,-1
2016-01-04,19.514,-1,-1,-1,-1
2015-12-31,17.740,-1,-1,-1,-1
2015-12-30,16.128,-1,-1,-1,-1
2015-12-29,14.662,-1,-1,-1,-1
2015-12-28,13.330,-1,-1,-1,-1
2015-12-25,-1,-1,-1,-1,-1
2015-12-24,-1,-1,-1,-1,-1
2015-12-23,-1,-1,-1,-1,-1
2015-12-22,-1,-1,-1,-1,-1
