date,open,high,close,low,volume,price_change,p_change,ma5,ma10,ma20,v_ma5,v_ma10,v_ma20,turnover
2017-03-17 15:00:00,43.01,43.05,42.28,42.24,10007.1,-0.73,-1.7,43.178,43.204,43.3425,9760.25,8907.51,9740.06,3.42
2017-03-17 14:00:00,42.84,43.29,43.03,42.84,4103.15,0.19,0.44,43.526,43.269,43.387,10484.0,8401.3,9737.25,1.4
2017-03-17 11:30:00,43.71,43.92,42.84,42.8,13340.4,-0.87,-1.99,43.59,43.291,43.3735,10849.1,9205.54,9803.88,4.55
2017-03-17 10:30:00,44.3,44.81,43.71,43.5,12339.4,-0.59,-1.33,43.748,43.295,43.392,10382.9,9214.92,9464.45,4.21
2017-03-16 15:00:00,44.03,44.3,44.03,43.85,9011.17,0.0,0.0,43.544,43.338,43.345,9076.91,8573.11,9383.26,3.08
2017-03-16 14:00:00,43.35,44.33,44.02,43.35,13625.7,0.67,1.55,43.23,43.336,43.305,8054.77,8751.74,9510.55,4.65
2017-03-16 11:30:00,43.63,43.63,43.35,43.1,5928.82,-0.28,-0.64,43.012,43.439,43.269,6318.64,10000.8,9185.68,2.02
2017-03-16 10:30:00,42.86,43.72,43.63,42.63,11009.2,0.77,1.8,42.992,43.472,43.276,7561.97,10859.3,9603.49,3.76
2017-03-15 15:00:00,42.46,42.83,42.69,42.25,5809.65,0.23,0.54,42.842,43.459,43.2695,8046.97,10483.2,10040.2,1.98
2017-03-15 14:00:00,42.95,43.0,42.46,42.28,3900.49,-0.49,-1.14,43.132,43.474,43.2855,8069.31,10200.7,10669.3,1.33
2017-03-15 11:30:00,43.25,43.3,42.93,42.7,4945.02,-0.32,-0.74,43.442,43.481,43.2875,9448.7,10572.6,10894.1,1.69
2017-03-15 10:30:00,42.85,43.41,43.25,42.2,12145.5,0.4,0.93,43.866,43.505,43.274,13683.0,11073.2,11103.1,4.15
2017-03-14 15:00:00,44.08,44.1,42.88,42.68,13434.2,-1.2,-2.72,43.952,43.456,43.2465,14156.5,10402.2,11587.1,4.59
2017-03-14 14:00:00,44.02,44.31,44.14,43.76,5921.36,0.12,0.27,44.076,43.489,43.1775,12919.4,9713.99,11408.7,2.02
2017-03-14 11:30:00,45.06,45.06,44.01,44.0,10797.4,-1.05,-2.33,43.816,43.352,43.0695,12332.1,10193.4,12625.6,3.69
2017-03-14 10:30:00,43.71,45.43,45.05,43.7,26116.5,1.34,3.07,43.52,43.274,42.927,11696.6,10269.4,12341.0,8.91
2017-03-13 15:00:00,43.5,43.83,43.68,43.31,14513.2,0.18,0.41,43.144,43.099,42.737,8463.4,8370.54,11773.0,4.95
2017-03-13 14:00:00,42.84,43.6,43.5,42.7,7248.51,0.66,1.54,42.96,43.08,42.5895,6647.89,8347.72,11423.4,2.47
2017-03-13 11:30:00,42.53,42.89,42.84,42.53,2984.66,0.31,0.73,42.902,43.08,42.4365,6508.59,9597.14,11214.0,1.02
2017-03-13 10:30:00,42.98,42.98,42.53,42.17,7619.85,-0.45,-1.05,42.888,43.097,42.31,8054.78,11138.0,11231.2,2.6
2017-03-10 15:00:00,42.76,43.44,43.17,42.5,9950.75,0.41,0.96,43.028,43.094,42.183,8842.19,11215.5,11102.7,3.4
2017-03-10 14:00:00,43.21,43.25,42.76,42.56,5435.68,-0.45,-1.04,43.054,43.043,42.018,8277.69,11133.1,10863.4,1.86
2017-03-10 11:30:00,42.76,43.55,43.21,42.7,6552.0,0.45,1.05,43.2,43.037,41.892,10047.6,12772.1,10749.7,2.24
2017-03-10 10:30:00,42.77,43.4,42.77,42.3,10715.6,0.0,0.0,43.258,42.866,41.7515,12685.7,13103.5,10670.3,3.66
2017-03-09 15:00:00,43.46,43.49,43.23,42.8,11556.9,-0.23,-0.53,43.306,42.787,41.5915,14221.2,15057.8,10685.6,3.94
2017-03-09 14:00:00,43.5,43.75,43.3,43.0,7128.28,-0.2,-0.46,43.16,42.58,41.4685,13588.9,14412.7,10427.5,2.43
2017-03-09 11:30:00,43.48,43.96,43.49,42.72,14285.0,0.01,0.02,43.032,42.375,41.352,13988.4,15175.4,10440.1,4.88
2017-03-09 10:30:00,42.5,43.79,43.5,41.7,19742.7,1.0,2.35,42.874,42.099,41.221,15496.6,14499.1,9882.63,6.74
2017-03-08 15:00:00,42.5,43.23,43.01,42.21,18393.0,0.51,1.2,42.474,41.793,41.0775,13521.3,12830.9,9173.11,6.28
2017-03-08 14:00:00,42.66,42.87,42.5,42.43,8395.5,-0.16,-0.38,42.268,41.523,40.957,15894.5,11324.4,8601.26,2.87
2017-03-08 11:30:00,42.69,42.94,42.66,42.24,9125.94,-0.03,-0.07,42.0,41.272,40.8845,15236.5,10989.9,8430.68,3.11
2017-03-08 10:30:00,41.38,42.74,42.7,41.28,21825.8,1.32,3.19,41.718,40.993,40.8195,16362.3,10593.7,8291.13,7.45
2017-03-07 15:00:00,41.98,42.23,41.5,41.5,9866.31,-0.48,-1.14,41.324,40.747,40.7615,13501.7,8727.3,7783.78,3.37
2017-03-07 14:00:00,41.18,43.0,41.98,41.05,30258.9,0.8,1.94,41.112,40.637,40.7545,12140.5,8237.07,8059.01,10.33
2017-03-07 11:30:00,41.25,41.51,41.16,40.8,5105.42,-0.09,-0.22,40.778,40.396,40.7055,6754.29,6313.33,6806.86,1.74
2017-03-07 10:30:00,40.56,41.72,41.25,40.48,14755.0,0.69,1.7,40.544,40.357,40.6775,6743.29,6442.33,6706.14,5.04
2017-03-06 15:00:00,40.44,40.95,40.73,40.41,7522.65,0.29,0.72,40.268,40.329,40.642,4825.18,5704.78,6313.15,2.57
2017-03-06 14:00:00,40.31,40.44,40.44,40.28,3060.45,0.13,0.32,40.17,40.343,40.6505,3952.93,5266.13,6398.7,1.04
2017-03-06 11:30:00,39.99,40.46,40.31,39.96,3327.91,0.32,0.8,40.162,40.362,40.642,4333.66,5515.32,6461.37,1.14
2017-03-06 10:30:00,39.7,40.15,39.99,39.7,5050.4,0.29,0.73,40.014,40.391,40.652,5872.38,5878.13,6708.98,1.72
2017-03-03 15:00:00,40.24,40.41,39.87,39.84,5164.51,-0.37,-0.92,40.17,40.497,40.677,6141.38,5871.48,7007.04,1.76
2017-03-03 14:00:00,40.16,40.46,40.24,40.16,3161.4,0.08,0.2,40.39,40.646,40.745,6584.38,5988.52,7104.18,1.08
2017-03-03 11:30:00,39.5,40.4,40.4,39.5,4964.07,0.9,2.28,40.516,40.776,40.802,6579.32,6840.27,7380.85,1.69
2017-03-03 10:30:00,40.4,40.51,39.57,39.5,11021.5,-0.83,-2.05,40.562,40.872,40.8185,6696.99,7880.95,7368.37,3.76
2017-03-02 15:00:00,40.98,41.24,40.77,40.77,6395.42,-0.21,-0.51,40.768,41.015,40.889,5883.89,7300.4,7491.29,2.18
2017-03-02 14:00:00,40.87,41.4,40.97,40.87,7379.52,0.1,0.24,40.824,40.998,40.849,5601.59,6969.96,7402.85,2.52
2017-03-02 11:30:00,40.65,40.88,40.87,40.41,3136.09,0.22,0.54,40.902,40.955,40.798,5392.66,6921.52,7292.0,1.07
2017-03-02 10:30:00,40.28,40.83,40.63,40.28,5552.41,0.35,0.87,41.036,40.958,40.7675,7101.22,7531.28,7357.14,1.9
2017-03-01 15:00:00,41.05,41.19,40.6,40.56,6956.0,-0.45,-1.1,41.182,40.922,40.738,9064.92,7407.41,7491.41,2.37
2017-03-01 14:00:00,41.36,41.36,41.05,40.9,4983.91,-0.31,-0.75,41.262,40.913,40.698,8716.91,7539.83,7664.96,1.7
2017-03-01 11:30:00,41.52,41.7,41.36,41.15,6334.87,-0.16,-0.39,41.172,40.857,40.6305,8338.32,8142.59,7746.88,2.16
2017-03-01 10:30:00,41.3,42.1,41.54,41.04,11678.9,0.24,0.58,41.008,40.844,40.5075,8450.39,8219.84,7674.18,3.99
2017-02-28 15:00:00,41.01,41.69,41.36,41.01,15370.9,0.35,0.85,40.88,40.828,40.3805,7961.33,7921.44,7487.17,5.25
2017-02-28 14:00:00,40.6,41.0,41.0,40.43,5215.95,0.4,0.99,40.662,40.765,40.303,5749.91,6855.78,6933.79,1.78
2017-02-28 11:30:00,40.54,40.64,40.6,40.36,3091.0,0.06,0.15,40.564,40.763,40.243,6362.76,7682.18,7169.83,1.05
2017-02-28 10:30:00,40.7,41.48,40.54,40.21,6895.21,-0.16,-0.39,40.542,40.7,40.167,7946.86,7835.74,7155.17,2.35
2017-02-27 15:00:00,40.27,40.98,40.9,40.14,9233.6,0.63,1.56,40.68,40.641,40.103,7989.29,7662.48,7177.98,3.15
2017-02-27 14:00:00,40.5,40.65,40.27,39.91,4313.8,-0.23,-0.57,40.776,40.577,39.979,7881.55,7183.01,6904.17,1.47
2017-02-27 11:30:00,40.49,40.87,40.51,40.42,8280.2,0.02,0.05,40.868,40.554,39.8745,7961.65,7575.41,6886.9,2.83
2017-02-27 10:30:00,41.29,41.59,40.49,40.35,11011.5,-0.8,-1.94,40.962,40.483,39.754,9001.59,7790.07,6901.13,3.76
2017-02-24 15:00:00,41.38,41.38,41.23,40.85,7107.33,-0.15,-0.36,40.858,40.404,39.6375,7724.63,7351.16,7067.53,2.43
2017-02-24 14:00:00,40.75,41.5,41.38,40.72,8694.91,0.63,1.55,40.602,40.171,39.561,7335.67,7128.52,7132.56,2.97
2017-02-24 11:30:00,40.99,41.0,40.73,40.4,4714.33,-0.26,-0.63,40.378,39.933,39.4845,6484.47,7052.9,7116.32,1.61
2017-02-24 10:30:00,39.7,41.18,40.98,39.68,13479.9,1.28,3.22,40.24,39.841,39.4675,7189.15,7011.79,7403.53,4.6
2017-02-23 15:00:00,39.95,40.1,39.97,39.59,4626.66,0.02,0.05,40.004,39.723,39.4715,6578.56,6657.48,7600.63,1.58
2017-02-23 14:00:00,40.26,40.39,39.95,39.88,5162.53,-0.31,-0.77,39.95,39.634,39.6005,6977.69,6474.6,7949.16,1.76
2017-02-23 11:30:00,39.99,40.26,40.26,39.83,4438.93,0.27,0.68,39.74,39.565,39.7375,6921.38,6693.49,8084.07,1.51
2017-02-23 10:30:00,39.68,40.28,40.04,39.64,8237.77,0.36,0.91,39.488,39.381,39.8185,7621.33,6625.33,8167.02,2.81
2017-02-22 15:00:00,39.7,39.94,39.8,39.0,10426.9,0.1,0.25,39.442,39.195,39.9125,6834.43,6198.4,8651.28,3.56
2017-02-22 14:00:00,38.9,39.8,39.7,38.87,6622.34,0.8,2.06,39.442,39.025,40.0765,6736.41,6012.19,8715.37,2.26
2017-02-22 11:30:00,39.0,39.1,38.9,38.59,4880.96,-0.1,-0.26,39.318,38.871,40.27,5971.51,6783.9,8829.48,1.67
2017-02-22 10:30:00,39.84,39.99,39.0,38.92,7938.68,-0.84,-2.11,39.39,38.951,40.5575,6465.61,7136.6,9441.59,2.71
2017-02-21 15:00:00,39.8,40.1,39.81,39.67,4303.25,0.01,0.03,39.274,39.036,40.7565,5629.34,7179.75,10667.5,1.47
2017-02-21 14:00:00,39.12,40.35,39.8,39.1,9936.8,0.68,1.74,38.948,39.094,40.891,5562.37,7795.27,12238.1,3.39
2017-02-21 11:30:00,39.27,39.29,39.08,38.88,2797.88,-0.19,-0.48,38.608,39.22,40.9155,5287.98,8543.78,11930.8,0.95
2017-02-21 10:30:00,38.46,39.26,39.26,38.3,7351.43,0.8,2.08,38.424,39.567,40.9705,7596.28,9423.71,12033.2,2.51
2017-02-20 15:00:00,38.18,38.69,38.42,38.18,3757.32,0.24,0.63,38.512,39.91,41.0165,7807.59,9474.65,12271.3,1.28
2017-02-20 14:00:00,38.19,38.71,38.18,37.99,3968.4,-0.01,-0.03,38.798,40.256,41.118,8730.16,9708.71,12466.4,1.35
2017-02-20 11:30:00,38.15,38.27,38.1,37.6,8564.85,-0.05,-0.13,39.24,40.63,41.224,10028.2,11104.2,12720.9,2.92
2017-02-20 10:30:00,39.0,39.2,38.16,38.04,14339.4,-0.84,-2.15,39.832,41.128,41.3515,11799.6,11418.6,12683.7,4.89
2017-02-17 15:00:00,39.85,40.3,39.7,39.61,8407.96,-0.15,-0.38,40.71,41.669,41.404,11251.1,10875.1,12824.6,2.87
2017-02-17 14:00:00,40.31,40.31,39.85,39.54,8370.2,-0.46,-1.14,41.308,42.164,41.4175,11141.7,11746.6,12759.4,2.86
2017-02-17 11:30:00,41.02,41.05,40.39,40.02,10458.5,-0.63,-1.54,41.714,42.477,41.454,10687.3,14155.2,12720.2,3.57
2017-02-17 10:30:00,42.01,42.08,41.06,40.88,17421.9,-0.95,-2.26,42.02,42.688,41.4935,12180.1,16680.9,12919.6,5.95
2017-02-16 15:00:00,42.69,43.5,42.55,42.21,11597.1,-0.14,-0.33,42.424,42.611,41.5255,11037.5,15317.9,13296.1,3.96
2017-02-16 14:00:00,41.88,43.8,42.69,41.84,7860.89,0.81,1.93,42.628,42.374,41.4165,10499.0,14642.6,13064.6,2.68
2017-02-16 11:30:00,41.92,42.08,41.88,41.65,6097.92,-0.04,-0.1,43.02,42.123,41.326,12351.4,15067.9,12970.7,2.08
2017-02-16 10:30:00,43.08,43.4,41.92,41.49,17922.9,-1.16,-2.69,43.24,41.98,41.2765,17623.1,15224.1,14245.9,6.12
2017-02-15 15:00:00,43.7,43.8,43.08,42.69,11708.8,-0.62,-1.42,43.356,41.818,41.1465,21181.7,14337.7,14026.4,4.0
2017-02-15 14:00:00,44.75,44.78,43.57,43.27,8904.49,-1.18,-2.64,42.798,41.575,40.94,19598.2,13948.9,13856.8,3.04
2017-02-15 11:30:00,42.98,45.85,44.65,42.78,17123.1,1.67,3.89,42.12,41.139,40.7095,18786.2,14774.2,13763.2,5.84
2017-02-15 10:30:00,42.59,44.6,42.98,42.46,32456.0,0.39,0.92,41.226,40.671,40.3935,17784.4,13772.2,13172.7,11.08
2017-02-14 15:00:00,40.16,43.97,42.5,40.09,35716.0,2.34,5.83,40.72,40.431,40.1565,12825.2,11285.2,11796.9,12.19
2017-02-14 14:00:00,40.19,40.32,40.29,39.88,3791.58,0.1,0.25,40.28,40.299,39.9495,7493.73,9158.38,10239.5,1.29
2017-02-14 11:30:00,40.18,40.43,40.18,39.86,4844.28,0.0,0.0,40.352,40.44,39.842,8299.52,11274.4,10184.6,1.65
2017-02-14 10:30:00,40.3,40.3,40.18,39.3,12114.2,-0.12,-0.3,40.158,40.459,39.7405,10762.1,11486.7,10138.0,4.13
2017-02-13 15:00:00,40.28,40.49,40.45,39.9,7660.04,0.17,0.42,40.116,40.529,39.645,9759.99,10873.4,10085.4,2.61
2017-02-13 14:00:00,40.7,41.16,40.3,40.19,9058.54,-0.4,-0.98,40.142,40.573,39.533,9745.13,13267.6,10028.8,3.09
2017-02-13 11:30:00,39.21,40.88,40.65,39.1,7820.56,1.44,3.67,40.318,40.475,39.444,10823.0,13715.1,9873.96,2.67
2017-02-13 10:30:00,39.67,39.67,39.21,38.23,17157.3,-0.46,-1.16,40.528,40.305,39.3255,14249.3,13764.6,9731.65,5.86
2017-02-10 15:00:00,40.58,40.74,39.97,39.9,7103.5,-0.61,-1.5,40.76,40.28,39.2905,12211.3,12752.2,9679.89,2.42
2017-02-10 14:00:00,41.18,41.3,40.58,40.3,7585.76,-0.6,-1.46,40.942,40.116,39.1245,11986.8,12573.1,9552.75,2.59
2017-02-10 11:30:00,41.7,42.58,41.18,41.0,14448.0,-0.52,-1.25,41.004,39.882,38.9385,16790.0,12308.6,9281.68,4.93
2017-02-10 10:30:00,40.3,42.0,41.7,39.6,24951.9,1.4,3.47,40.632,39.6,38.6985,16607.1,11320.6,8713.11,8.52
2017-02-09 15:00:00,40.9,41.0,40.37,40.32,6967.22,-0.53,-1.3,40.082,39.244,38.4315,13280.0,9094.78,7704.43,2.38
2017-02-09 14:00:00,40.88,41.49,40.88,40.75,5981.09,0.0,0.0,39.8,39.022,38.262,13293.2,8789.24,7621.07,2.04
2017-02-09 11:30:00,39.32,42.65,40.89,39.32,31602.0,1.57,3.99,39.29,38.761,38.0745,13159.5,9297.31,7584.41,10.79
2017-02-09 10:30:00,38.98,39.5,39.32,38.9,13533.4,0.34,0.87,38.76,38.493,37.876,7827.17,6790.01,6297.67,4.62
2017-02-08 15:00:00,38.96,38.96,38.95,38.58,8316.04,-0.01,-0.03,38.568,38.413,37.756,6034.17,6032.85,6004.87,2.84
2017-02-08 14:00:00,38.33,38.98,38.96,38.26,7033.34,0.63,1.64,38.406,38.346,37.6215,4909.62,5698.69,6213.93,2.4
2017-02-08 11:30:00,38.26,38.51,38.33,38.01,5312.64,0.07,0.18,38.244,38.301,37.47,4285.31,6607.56,5949.88,1.81
2017-02-08 10:30:00,37.8,38.27,38.24,37.6,4940.37,0.44,1.16,38.232,38.133,37.343,5435.15,6532.36,5754.69,1.69
2017-02-07 15:00:00,38.14,38.39,38.36,37.99,4568.48,0.22,0.58,38.226,37.995,37.214,5752.85,6254.76,5691.55,1.56
2017-02-07 14:00:00,38.15,38.29,38.14,38.0,2693.26,-0.01,-0.03,38.258,37.797,37.0925,6031.53,6105.57,5753.5,0.92
2017-02-07 11:30:00,38.27,38.36,38.15,38.14,3911.82,-0.12,-0.31,38.286,37.619,37.0155,6487.75,6314.07,5707.74,1.34
2017-02-07 10:30:00,37.95,38.96,38.27,37.95,11061.8,0.32,0.84,38.358,37.502,36.9415,8929.82,6452.9,5617.24,3.78
2017-02-06 15:00:00,38.52,38.6,38.21,38.11,6528.87,-0.31,-0.8,38.034,37.388,36.861,7629.57,5871.51,5412.05,2.23
2017-02-06 14:00:00,38.28,38.96,38.52,38.28,5961.88,0.24,0.63,37.764,37.259,36.782,6756.68,5805.33,5226.66,2.03
2017-02-06 11:30:00,38.51,38.51,38.28,38.08,4974.4,-0.23,-0.6,37.336,37.099,36.691,6179.62,5976.89,5033.92,1.7
2017-02-06 10:30:00,36.72,38.59,38.51,36.72,16122.1,1.79,4.87,36.952,36.897,36.6095,6140.4,6729.17,5000.89,5.5
2017-02-03 15:00:00,36.86,36.94,36.65,36.58,4560.6,-0.21,-0.57,36.646,36.639,36.5415,3975.97,5292.2,4596.9,1.56
2017-02-03 14:00:00,36.38,36.92,36.86,36.35,2164.42,0.48,1.32,36.742,36.553,36.529,4113.44,4977.02,4682.92,0.74
2017-02-03 11:30:00,36.35,36.42,36.38,36.05,3076.58,0.03,0.08,36.754,36.433,36.528,4853.97,5128.33,4807.28,1.05
2017-02-03 10:30:00,37.05,37.08,36.36,36.3,4778.26,-0.69,-1.86,36.862,36.388,36.53,5774.15,5401.44,4844.42,1.63
2017-01-26 15:00:00,37.13,37.13,36.98,36.81,5300.0,-0.15,-0.4,36.842,36.412,36.5335,7317.94,5101.41,4829.69,1.81
2017-01-26 14:00:00,36.92,37.3,37.13,36.92,5247.96,0.21,0.57,36.632,36.381,36.476,6608.44,4781.59,4782.74,1.79
2017-01-26 11:30:00,36.92,37.06,36.92,36.71,5867.06,0.0,0.0,36.364,36.334,36.428,5840.59,4952.6,4675.51,2.0
2017-01-26 10:30:00,36.48,37.05,36.92,36.2,7677.49,0.44,1.21,36.112,36.305,36.4205,5402.69,4648.0,4577.67,2.62
2017-01-25 15:00:00,35.93,36.8,36.26,35.75,12497.2,0.33,0.92,35.914,36.283,36.39,5028.71,4090.94,4759.06,4.27
2017-01-25 14:00:00,35.79,35.93,35.93,35.62,1752.47,0.14,0.39,35.982,36.322,36.431,2884.88,3272.61,4586.93,0.6
2017-01-25 11:30:00,35.66,35.96,35.79,35.65,1408.72,0.13,0.36,36.13,36.444,36.488,2954.74,3901.6,4710.53,0.48
2017-01-25 10:30:00,35.6,35.93,35.66,35.55,3677.59,0.06,0.17,36.304,36.505,36.5765,4064.61,4388.82,4861.48,1.26
2017-01-24 15:00:00,36.6,36.73,35.93,35.91,5807.6,-0.67,-1.83,36.498,36.623,36.665,3893.31,4486.22,5186.09,1.98
2017-01-24 14:00:00,36.67,36.8,36.6,36.56,1778.02,-0.07,-0.19,36.652,36.672,36.7235,3153.17,4287.4,5382.48,0.61
2017-01-24 11:30:00,36.66,36.79,36.67,36.3,2101.76,0.01,0.03,36.662,36.655,36.7565,3660.34,4557.97,5778.51,0.72
2017-01-24 10:30:00,36.66,36.9,36.66,35.81,6958.09,0.0,0.0,36.758,36.571,36.723,4848.45,4783.89,5785.16,2.37
2017-01-23 15:00:00,36.7,36.79,36.63,36.54,2821.07,-0.07,-0.19,36.706,36.522,36.6925,4713.03,4398.43,5673.37,0.96
2017-01-23 14:00:00,36.65,36.88,36.7,36.62,2106.93,0.05,0.14,36.748,36.536,36.671,5079.13,4507.34,5895.67,0.72
2017-01-23 11:30:00,37.15,37.17,36.65,36.65,4313.84,-0.5,-1.35,36.692,36.497,36.6965,5421.63,5427.17,5985.71,1.47
2017-01-23 10:30:00,36.5,37.2,37.15,36.44,8042.33,0.65,1.78,36.648,36.54,36.734,5455.6,5901.24,6026.55,2.74
2017-01-20 15:00:00,36.77,36.97,36.4,36.3,6280.96,-0.37,-1.01,36.384,36.532,36.722,4719.32,5519.47,6494.6,2.14
2017-01-20 14:00:00,36.5,37.0,36.84,36.43,4651.57,0.34,0.93,36.338,36.648,36.791,4083.83,5334.13,6834.67,1.59
2017-01-20 11:30:00,36.45,36.79,36.42,36.32,3819.46,-0.03,-0.08,36.324,36.707,36.87,3935.56,5885.97,7722.57,1.3
2017-01-20 10:30:00,35.61,36.53,36.43,35.61,4483.68,0.82,2.3,36.302,36.775,37.009,5432.71,6477.55,8528.19,1.53
2017-01-19 15:00:00,36.17,36.6,35.83,35.75,4360.93,-0.34,-0.94,36.432,36.858,37.034,6346.89,6999.04,8755.92,1.49
2017-01-19 14:00:00,36.88,36.88,36.17,36.0,3103.51,-0.71,-1.93,36.68,36.875,37.109,6319.63,6786.44,9094.0,1.06
2017-01-19 11:30:00,36.31,37.37,36.77,36.12,3910.23,0.46,1.27,36.958,36.863,37.1415,6584.44,6948.31,9202.62,1.33
2017-01-19 10:30:00,36.36,36.5,36.31,35.21,11305.2,-0.05,-0.14,37.09,36.806,37.1665,7836.37,7284.0,9296.83,3.86
2017-01-18 15:00:00,37.08,37.29,37.08,36.64,9054.56,0.0,0.0,37.248,36.896,37.196,7522.39,6544.24,9014.92,3.09
2017-01-18 14:00:00,37.64,37.65,37.07,36.89,4224.64,-0.57,-1.51,37.284,36.928,37.162,7651.2,6151.86,8932.45,1.44
2017-01-18 11:30:00,37.43,37.72,37.56,37.28,4427.56,0.13,0.35,37.07,36.912,37.1455,7253.26,7469.72,8877.08,1.51
2017-01-18 10:30:00,36.89,37.99,37.43,36.75,10169.9,0.54,1.46,36.768,36.934,37.104,7312.19,8335.21,8902.2,3.47
2017-01-17 15:00:00,37.32,37.87,37.1,36.83,9735.29,-0.22,-0.59,36.522,37.033,37.0835,6731.62,9559.18,8727.95,3.32
2017-01-17 14:00:00,36.0,37.33,37.26,35.28,9698.63,1.26,3.5,36.544,37.243,37.111,5566.09,10578.8,8536.09,3.31
2017-01-17 11:30:00,36.05,36.44,36.0,35.9,2234.9,-0.05,-0.14,36.572,37.21,37.1425,4652.51,10512.8,8294.7,0.76
2017-01-17 10:30:00,35.5,36.85,36.05,35.3,4722.17,0.55,1.55,36.754,37.343,37.2455,7686.19,11401.5,8507.19,1.61
2017-01-16 15:00:00,37.2,37.28,36.2,35.17,7267.1,-1.0,-2.69,37.1,37.42,37.3395,9358.23,11456.9,8968.26,2.48
2017-01-16 14:00:00,37.25,37.85,37.21,37.06,3907.65,-0.04,-0.11,37.544,37.527,37.3865,12386.7,11309.7,8902.63,1.33
2017-01-16 11:30:00,36.94,37.49,37.4,36.25,5130.72,0.46,1.25,37.942,37.496,37.3815,15591.6,11485.6,8904.34,1.75
2017-01-16 10:30:00,36.66,37.2,36.91,34.47,17403.3,0.25,0.68,37.848,37.396,37.3865,16373.1,11713.1,8903.14,5.94
2017-01-13 15:00:00,38.42,38.42,37.78,37.71,13082.4,-0.64,-1.67,37.932,37.379,37.396,15116.9,10284.4,8518.42,4.47
2017-01-13 14:00:00,39.2,39.5,38.42,38.2,22409.6,-0.78,-1.99,37.74,37.274,37.3765,13555.6,9469.2,8320.24,7.65
2017-01-13 11:30:00,36.92,39.5,39.2,36.75,19931.8,2.28,6.18,37.51,37.134,37.3215,10232.6,7896.73,7813.85,6.8
2017-01-13 10:30:00,37.3,37.45,36.93,36.6,9038.34,-0.37,-0.99,37.05,36.979,37.2585,7379.62,6493.35,7322.92,3.08
2017-01-12 15:00:00,36.83,37.57,37.33,36.81,11122.4,0.5,1.36,36.944,37.075,37.307,7053.01,6076.6,7686.25,3.8
2017-01-12 14:00:00,37.3,37.45,36.82,36.78,5275.91,-0.48,-1.29,36.826,37.148,37.401,5451.97,5612.83,7758.13,1.8
2017-01-12 11:30:00,36.9,37.44,37.27,36.82,5794.61,0.37,1.0,36.808,37.259,37.54,5382.78,6479.6,7821.12,1.98
2017-01-12 10:30:00,36.61,37.16,36.9,36.47,5666.82,0.29,0.79,36.758,37.246,37.666,5560.84,6495.58,7861.61,1.93
2017-01-11 15:00:00,36.74,36.88,36.4,36.36,7405.32,-0.34,-0.93,36.908,37.267,37.8045,5607.09,6323.08,8172.08,2.53
2017-01-11 14:00:00,36.75,37.0,36.74,36.6,3117.2,-0.01,-0.03,37.206,37.377,37.9655,5100.19,6093.22,8211.44,1.06
2017-01-11 11:30:00,37.02,37.28,36.73,36.55,4929.96,-0.29,-0.78,37.47,37.413,38.1095,5773.68,6752.4,8531.43,1.68
2017-01-11 10:30:00,37.39,37.55,37.02,36.94,6684.92,-0.37,-0.99,37.71,37.479,38.253,7576.41,7171.27,8653.95,2.28
2017-01-10 15:00:00,37.89,37.9,37.65,37.5,5898.05,-0.24,-0.63,37.734,37.509,38.382,7430.32,7730.97,9108.17,2.01
2017-01-10 14:00:00,38.15,38.2,37.89,37.74,4870.84,-0.26,-0.68,37.626,37.538,38.501,7039.08,8152.5,9753.24,1.66
2017-01-10 11:30:00,37.93,38.22,38.06,37.8,6484.64,0.13,0.34,37.548,37.539,38.6005,7086.24,9295.89,9846.2,2.21
2017-01-10 10:30:00,37.15,38.15,37.93,37.11,13943.6,0.78,2.1,37.356,37.654,38.655,7731.12,9903.43,10026.3,4.76
2017-01-09 15:00:00,37.13,37.19,37.14,36.92,5954.48,0.01,0.03,37.248,37.821,38.7335,6766.14,9162.64,10167.1,2.03
2017-01-09 14:00:00,37.5,37.55,37.11,37.11,3941.82,-0.39,-1.04,37.284,38.086,38.8055,8031.62,9227.64,10324.3,1.35
2017-01-09 11:30:00,37.1,37.66,37.5,36.99,5106.68,0.4,1.08,37.45,38.342,38.907,9265.92,10021.1,10500.2,1.74
2017-01-09 10:30:00,37.09,37.25,37.1,36.45,9709.01,0.01,0.03,37.53,38.554,38.973,11505.5,10329.7,10820.2,3.31
2017-01-06 15:00:00,37.32,37.62,37.39,37.2,9118.7,0.07,0.19,37.952,38.806,39.058,12075.7,10310.5,11410.0,3.11
2017-01-06 14:00:00,37.94,38.05,37.32,36.85,12281.9,-0.62,-1.63,38.394,39.027,39.1585,11559.1,10136.6,11512.1,4.19
2017-01-06 11:30:00,37.9,38.21,37.94,37.73,10113.3,0.04,0.11,38.888,39.255,39.2965,10423.6,10485.4,11413.4,3.45
2017-01-06 10:30:00,39.21,39.38,37.9,37.86,16304.8,-1.31,-3.34,39.234,39.464,39.4145,10776.2,11354.0,11286.3,5.56
2017-01-05 15:00:00,39.6,39.67,39.21,39.16,12560.0,-0.39,-0.98,39.578,39.662,39.5245,9153.77,10396.5,11349.6,4.29
2017-01-05 14:00:00,39.85,39.86,39.6,39.45,6535.68,-0.25,-0.63,39.66,39.656,39.5345,8545.2,10149.1,11335.1,2.23
2017-01-05 11:30:00,39.67,39.93,39.79,39.58,6604.47,0.12,0.3,39.66,39.646,39.5395,8714.12,11171.6,11381.4,2.25
2017-01-05 10:30:00,39.59,39.96,39.67,39.45,11876.2,0.08,0.2,39.622,39.525,39.5395,10547.1,11421.0,11433.4,4.05
2017-01-04 15:00:00,39.63,39.79,39.62,39.54,8192.56,-0.01,-0.03,39.694,39.472,39.5455,11931.7,10979.3,12451.8,2.8
2017-01-04 14:00:00,39.6,40.0,39.62,39.58,9517.07,0.02,0.05,39.746,39.392,39.614,11639.2,11310.8,12855.7,3.25
2017-01-04 11:30:00,39.63,39.86,39.6,39.38,7380.32,-0.03,-0.08,39.652,39.31,39.6615,11753.0,12509.5,12773.6,2.52
2017-01-04 10:30:00,39.76,39.78,39.6,39.22,15769.3,-0.16,-0.4,39.632,39.29,39.7165,13629.2,12887.6,12873.8,5.38
2017-01-03 15:00:00,39.95,40.45,40.03,39.73,18799.4,0.08,0.2,39.428,39.338,39.807,12295.0,12341.5,14155.5,6.42
2017-01-03 14:00:00,39.19,39.98,39.88,39.08,6729.97,0.69,1.76,39.25,39.365,39.839,10026.9,11218.6,14155.6,2.3
2017-01-03 11:30:00,39.5,39.58,39.15,39.03,10086.0,-0.35,-0.89,39.038,39.387,39.9,10982.4,12302.6,14309.9,3.44
2017-01-03 10:30:00,38.89,39.67,39.5,38.67,16761.2,0.61,1.57,38.968,39.413,40.0125,13265.9,12521.0,14532.1,5.72
2016-12-30 15:00:00,39.14,39.17,38.58,38.51,9098.26,-0.56,-1.43,38.948,39.433,40.077,12146.0,11591.1,16707.2,3.11
2016-12-30 14:00:00,38.8,39.19,39.14,38.65,7459.24,0.34,0.88,39.248,39.554,40.3145,12388.0,11445.7,17508.1,2.55
2016-12-30 11:30:00,38.8,38.84,38.82,38.22,11507.5,0.02,0.05,39.48,39.619,40.6105,12410.2,13924.3,17846.6,3.93
2016-12-30 10:30:00,39.32,39.35,38.8,38.5,21503.4,-0.52,-1.32,39.736,39.836,40.9505,13622.8,14400.5,18022.6,7.34
2016-12-29 15:00:00,40.08,40.35,39.4,39.34,11161.7,-0.68,-1.7,39.858,40.013,41.3055,11776.2,13037.7,22146.5,3.81
2016-12-29 14:00:00,40.28,40.6,40.08,40.06,10308.0,-0.2,-0.5,39.918,40.143,41.5795,11036.1,12860.1,21591.7,3.52
2016-12-29 11:30:00,40.1,40.36,40.3,39.76,7570.6,0.2,0.5,39.86,40.276,41.8195,10503.4,15969.5,21078.3,2.58
2016-12-29 10:30:00,39.5,40.4,40.1,39.2,17570.5,0.6,1.52,39.758,40.313,42.0485,15438.5,17092.7,20702.4,6.0
2016-12-28 15:00:00,39.7,39.74,39.41,39.2,12270.0,-0.29,-0.73,39.936,40.413,42.2875,15178.1,16317.1,19845.7,4.19
2016-12-28 14:00:00,39.8,39.93,39.7,39.39,7461.53,-0.1,-0.25,40.168,40.612,42.357,14299.2,16543.1,19233.6,2.55
2016-12-28 11:30:00,39.8,40.08,39.79,39.61,7644.49,-0.01,-0.03,40.368,40.721,42.412,14684.0,21823.4,18861.0,2.61
2016-12-28 10:30:00,41.1,41.1,39.79,39.24,32245.8,-1.31,-3.19,40.692,41.075,42.4625,21435.6,23570.5,18480.5,11.01
2016-12-27 15:00:00,40.57,41.3,40.99,40.38,16268.8,0.42,1.04,40.868,41.602,42.513,18746.9,21768.9,16880.8,5.55
2016-12-27 14:00:00,40.7,41.0,40.57,40.33,7875.17,-0.13,-0.32,40.89,42.065,42.318,17456.0,21644.6,16069.8,2.69
2016-12-27 11:30:00,41.41,41.62,40.7,40.33,9385.66,-0.71,-1.71,41.056,42.598,42.144,18787.0,31255.3,15676.4,3.2
2016-12-27 10:30:00,40.98,42.16,41.41,40.75,41402.6,0.43,1.05,41.074,43.016,41.9635,28962.8,30323.4,15208.9,14.13
2016-12-26 15:00:00,41.03,41.41,40.67,40.6,18802.2,-0.36,-0.88,41.458,43.363,41.7475,25705.4,26187.0,13148.8,6.42
2016-12-26 14:00:00,41.4,41.78,41.1,41.0,9814.44,-0.3,-0.72,42.336,43.784,41.4,24790.8,24312.2,12210.9,3.35
2016-12-26 11:30:00,40.71,42.26,41.4,40.41,14530.2,0.69,1.69,43.24,44.162,41.031,25833.3,23374.4,11721.0,4.96
2016-12-26 10:30:00,41.5,41.5,40.79,39.28,60264.7,-0.71,-1.71,44.14,44.102,40.647,43723.6,21924.1,10994.6,20.57
2016-12-23 15:00:00,45.1,45.54,43.33,43.01,25115.5,-1.77,-3.92,44.958,44.103,40.2935,31683.9,15898.7,7985.68,8.57
2016-12-23 14:00:00,45.6,46.0,45.06,45.01,14229.3,-0.54,-1.18,45.268,43.85,39.6595,26668.6,13390.4,6732.08,4.86
2016-12-23 11:30:00,45.9,46.1,45.62,45.5,15026.6,-0.28,-0.61,45.232,43.424,38.939,23833.6,11992.8,6020.96,5.13
2016-12-23 10:30:00,49.37,49.37,45.9,43.68,103982.0,-3.47,-7.03,45.084,42.571,38.1905,20915.6,10495.1,5269.79,35.49
2016-12-22 15:00:00,44.88,44.88,44.88,44.88,66.04,0.0,0.0,44.064,41.69,37.428,124.63,97.46,75.78,0.02
2016-12-22 14:00:00,44.88,44.88,44.88,44.88,39.0,0.0,0.0,43.248,40.911,36.577,113.43,94.37,72.73,0.01
2016-12-22 11:30:00,44.88,44.88,44.88,44.88,54.49,0.0,0.0,42.432,40.132,35.726,112.23,110.5,70.78,0.02
2016-12-22 10:30:00,44.88,44.88,44.88,44.88,436.15,0.0,0.0,41.616,39.016,34.875,151.92,109.64,68.2,0.15
2016-12-21 15:00:00,40.8,40.8,40.8,40.8,27.49,0.0,0.0,40.058,37.9,34.024,74.59,67.52,47.54,0.01
2016-12-21 14:00:00,40.8,40.8,40.8,40.8,10.0,0.0,0.0,39.316,37.192,33.2505,70.29,65.02,46.9,0.0
2016-12-21 11:30:00,40.8,40.8,40.8,40.8,33.0,0.0,0.0,38.574,36.484,32.477,75.32,72.7,46.75,0.01
2016-12-21 10:30:00,40.8,40.8,40.8,40.8,252.95,0.0,0.0,37.832,35.469,31.7035,108.78,73.74,45.1,0.09
2016-12-20 15:00:00,37.09,37.09,37.09,37.09,49.49,0.0,0.0,36.416,34.454,30.93,67.36,49.15,35.0,0.02
2016-12-20 14:00:00,37.09,37.09,37.09,37.09,6.0,0.0,0.0,35.742,33.81,30.227,60.46,44.5,32.53,0.0
2016-12-20 11:30:00,37.09,37.09,37.09,37.09,35.16,0.0,0.0,35.068,33.166,29.524,59.76,54.1,32.43,0.01
2016-12-20 10:30:00,37.09,37.09,37.09,37.09,200.28,0.0,0.0,34.394,32.243,28.821,70.08,51.08,30.67,0.07
2016-12-19 15:00:00,33.72,33.72,33.72,33.72,45.86,0.0,0.0,33.106,31.32,28.118,38.71,31.05,25.0,0.02
2016-12-19 14:00:00,33.72,33.72,33.72,33.72,15.0,0.0,0.0,32.492,30.734,27.479,30.94,26.76,23.4,0.01
2016-12-19 11:30:00,33.72,33.72,33.72,33.72,2.49,0.0,0.0,31.878,30.148,26.84,28.54,27.56,23.1,0.0
2016-12-19 10:30:00,30.65,33.72,33.72,30.65,86.77,3.07,10.02,31.264,29.309,26.201,48.44,28.78,23.01,0.03
2016-12-16 15:00:00,30.65,30.65,30.65,30.65,43.42,0.0,0.0,30.092,28.47,25.562,32.08,20.8,20.57,0.01
2016-12-16 14:00:00,30.65,30.65,30.65,30.65,7.0,0.0,0.0,29.534,27.938,24.9815,23.4,16.46,18.4,0.0
2016-12-16 11:30:00,30.65,30.65,30.65,30.65,3.0,0.0,0.0,28.976,27.406,24.401,22.58,20.86,18.8,0.0
2016-12-16 10:30:00,30.65,30.65,30.65,30.65,102.0,0.0,0.0,28.418,26.644,23.8205,26.58,20.57,19.0,0.03
2016-12-15 15:00:00,27.86,27.86,27.86,27.86,5.0,0.0,0.0,27.354,25.882,23.24,9.12,10.77,15.21,0.0
2016-12-15 14:00:00,27.86,27.86,27.86,27.86,0.0,0.0,0.0,26.848,25.399,22.7125,9.52,10.27,15.21,0.0
2016-12-15 11:30:00,27.86,27.86,27.86,27.86,2.88,0.0,0.0,26.342,24.916,22.185,9.52,18.94,15.46,0.0
2016-12-15 10:30:00,27.86,27.86,27.86,27.86,23.0,0.0,0.0,25.836,24.224,21.6575,19.15,20.05,15.82,0.01
2016-12-14 15:00:00,25.33,25.33,25.33,25.33,14.74,0.0,0.0,24.87,23.532,21.13,14.55,18.65,18.17,0.01
2016-12-14 14:00:00,25.33,25.33,25.33,25.33,7.0,0.0,0.0,24.41,23.093,20.9089,12.41,17.24,18.35,0.0
2016-12-14 11:30:00,25.33,25.33,25.33,25.33,0.0,0.0,0.0,23.95,22.654,20.6633,11.01,20.34,18.98,0.0
2016-12-14 10:30:00,25.33,25.33,25.33,25.33,51.0,0.0,0.0,23.49,22.025,20.3888,28.36,20.34,20.1,0.02
2016-12-13 15:00:00,23.03,23.03,23.03,23.03,0.03,0.0,0.0,22.612,21.396,20.08,20.96,16.74,18.17,0.0
2016-12-13 14:00:00,23.03,23.03,23.03,23.03,4.0,0.0,0.0,22.194,20.997,19.8833,22.75,17.44,19.38,0.0
2016-12-13 11:30:00,23.03,23.03,23.03,23.03,0.0,0.0,0.0,21.776,20.598,19.6586,22.07,19.66,20.47,0.0
2016-12-13 10:30:00,23.03,23.03,23.03,23.03,86.75,0.0,0.0,21.358,20.026,19.3992,29.67,20.16,22.05,0.03
2016-12-12 15:00:00,20.94,20.94,20.94,20.94,14.0,0.0,0.0,20.56,19.454,19.0967,12.32,11.98,16.66,0.0
2016-12-12 14:00:00,20.94,20.94,20.94,20.94,9.0,0.0,0.0,20.18,19.091,18.9291,12.52,11.58,16.9,0.0
2016-12-12 11:30:00,20.94,20.94,20.94,20.94,0.61,0.0,0.0,19.8,18.728,18.728,12.12,17.69,17.69,0.0
2016-12-12 10:30:00,20.94,20.94,20.94,20.94,38.0,0.0,0.0,19.42,18.4822,18.4822,17.24,19.59,19.59,0.01
2016-12-09 15:00:00,19.04,19.04,19.04,19.04,0.0,0.0,0.0,18.694,18.175,18.175,10.64,17.28,17.28,0.0
2016-12-09 14:00:00,19.04,19.04,19.04,19.04,15.0,0.0,0.0,18.348,18.0514,18.0514,11.64,19.75,19.75,0.01
2016-12-09 11:30:00,19.04,19.04,19.04,19.04,7.0,0.0,0.0,18.002,17.8867,17.8867,10.64,20.55,20.55,0.0
2016-12-09 10:30:00,19.04,19.04,19.04,19.04,26.2,0.0,0.0,17.656,17.656,17.656,23.25,23.25,23.25,0.01
2016-12-08 15:00:00,17.31,17.31,17.31,17.31,5.0,0.0,0.0,17.31,17.31,17.31,22.52,22.52,22.52,0.0
2016-12-08 14:00:00,17.31,17.31,17.31,17.31,5.0,0.0,0.0,17.31,17.31,17.31,28.36,28.36,28.36,0.0
2016-12-08 11:30:00,17.31,17.31,17.31,17.31,10.0,0.0,0.0,17.31,17.31,17.31,40.04,40.04,40.04,0.0
2016-12-08 10:30:00,15.65,17.31,17.31,15.65,70.07,1.66,10.61,17.31,17.31,17.31,70.07,70.07,70.07,0.02
