date,open,high,close,low,volume,price_change,p_change,ma5,ma10,ma20,v_ma5,v_ma10,v_ma20,turnover
2017-01-06 15:00:00,79.1,79.84,79.5,79.1,3072.0,0.4,0.51,79.364,78.599,78.2865,2056.32,1875.5,1371.8,1.51
2017-01-06 14:30:00,79.13,79.55,79.1,79.03,826.0,-0.03,-0.04,79.264,78.439,78.2455,2168.32,1604.06,1249.31,0.41
2017-01-06 14:00:00,79.2,79.2,79.15,78.56,1011.71,-0.05,-0.06,79.034,78.309,78.2125,2311.32,1549.16,1260.66,0.5
2017-01-06 13:30:00,79.89,79.9,79.21,79.0,1315.0,-0.68,-0.85,78.694,78.214,78.1715,2317.58,1537.59,1268.81,0.65
2017-01-06 11:30:00,79.2,80.08,79.86,79.06,4056.9,0.66,0.83,78.352,78.046,78.1145,2369.98,1506.89,1266.06,2.0
2017-01-06 11:00:00,77.78,79.6,79.0,77.78,3632.0,1.22,1.57,77.834,77.79,78.0835,1694.68,1196.74,1140.56,1.79
2017-01-06 10:30:00,77.45,78.08,77.95,77.01,1541.0,0.5,0.65,77.614,77.6,78.07,1039.8,1025.33,987.9,0.76
2017-01-06 10:00:00,78.19,78.19,77.45,77.1,1043.0,-0.74,-0.95,77.584,77.656,78.105,787.0,972.33,964.55,0.51
2017-01-05 15:00:00,77.27,78.2,77.5,77.13,1577.0,0.23,0.3,77.734,77.754,78.1725,757.6,951.19,965.05,0.78
2017-01-05 14:30:00,77.88,77.9,77.27,77.1,680.42,-0.61,-0.78,77.74,77.842,78.22,643.8,885.74,905.4,0.34
2017-01-05 14:00:00,77.8,78.01,77.9,77.55,357.58,0.1,0.13,77.746,77.974,78.2765,698.8,868.1,933.7,0.18
2017-01-05 13:30:00,78.3,78.35,77.8,77.71,277.0,-0.5,-0.64,77.586,78.052,78.317,1010.86,894.55,976.07,0.14
2017-01-05 11:30:00,77.53,78.5,78.2,77.35,896.0,0.67,0.86,77.728,78.116,78.373,1157.66,972.15,1039.07,0.44
2017-01-05 11:00:00,77.3,77.68,77.53,77.17,1008.0,0.23,0.3,77.774,78.129,78.403,1144.77,1000.04,1061.27,0.5
2017-01-05 10:30:00,77.1,77.78,77.3,77.07,955.43,0.2,0.26,77.944,78.183,78.4515,1127.67,1025.24,1106.09,0.47
2017-01-05 10:00:00,76.5,78.66,77.1,76.5,1917.87,0.6,0.78,78.202,78.377,78.5455,1037.39,1084.38,1106.77,0.94
2017-01-04 15:00:00,78.43,78.57,78.51,78.39,1011.02,0.08,0.1,78.518,78.54,78.682,778.24,950.48,1068.2,0.5
2017-01-04 14:30:00,78.38,78.47,78.43,78.33,831.55,0.05,0.06,78.504,78.554,78.7455,786.64,956.78,1114.8,0.41
2017-01-04 14:00:00,78.59,78.59,78.38,78.27,922.5,-0.21,-0.27,78.484,78.591,78.8035,855.3,978.92,1200.35,0.45
2017-01-04 13:30:00,78.67,78.67,78.59,78.42,504.0,-0.08,-0.1,78.422,78.598,78.8435,922.8,925.06,1288.87,0.25
2017-01-04 11:30:00,78.44,78.7,78.68,78.4,622.15,0.24,0.31,78.552,78.579,78.828,1131.37,999.3,1338.34,0.31
2017-01-04 11:00:00,78.33,78.47,78.44,78.23,1053.0,0.11,0.14,78.562,78.582,78.76,1122.71,1057.59,1438.66,0.52
2017-01-04 10:30:00,78.07,78.61,78.33,78.07,1174.87,0.26,0.33,78.604,78.63,78.7145,1126.91,1105.99,1420.66,0.58
2017-01-04 10:00:00,79.28,79.39,78.07,78.05,1260.0,-1.21,-1.53,78.698,78.677,78.678,1102.54,1122.5,1401.56,0.62
2017-01-03 15:00:00,78.73,79.35,79.24,78.73,1546.85,0.51,0.65,78.774,78.72,78.663,927.31,1186.94,1360.41,0.76
2017-01-03 14:30:00,78.65,78.85,78.73,78.54,578.83,0.08,0.1,78.606,78.714,78.606,867.23,1129.16,1318.17,0.29
2017-01-03 14:00:00,78.8,78.89,78.65,78.5,1074.0,-0.15,-0.19,78.602,78.824,78.5675,992.46,1185.92,1346.4,0.53
2017-01-03 13:30:00,78.47,78.94,78.8,78.4,1053.0,0.33,0.42,78.656,78.937,78.495,1085.06,1272.82,1359.24,0.52
2017-01-03 11:30:00,78.4,78.47,78.45,78.26,383.89,0.05,0.06,78.656,79.016,78.43,1142.46,1421.78,1405.15,0.19
2017-01-03 11:00:00,78.71,78.94,78.4,78.18,1246.43,-0.31,-0.39,78.666,79.089,78.405,1446.57,1652.68,1492.76,0.61
2017-01-03 10:30:00,78.92,79.08,78.71,78.56,1205.0,-0.21,-0.27,78.822,79.077,78.381,1391.08,1677.37,1554.44,0.59
2017-01-03 10:00:00,78.8,79.79,78.92,78.6,1537.0,0.12,0.15,79.046,78.938,78.3595,1379.37,1819.72,1594.09,0.76
2016-12-30 15:00:00,78.5,79.14,78.8,78.14,1340.0,0.3,0.38,79.218,78.799,78.36,1460.57,1735.32,1555.64,0.66
2016-12-30 14:30:00,79.18,79.19,78.5,78.21,1904.4,-0.68,-0.86,79.376,78.679,78.369,1701.1,1680.62,1561.04,0.94
2016-12-30 14:00:00,79.83,79.84,79.18,79.0,969.0,-0.65,-0.81,79.512,78.606,78.385,1858.79,1533.88,1518.62,0.48
2016-12-30 13:30:00,79.8,79.98,79.83,79.55,1146.43,0.03,0.04,79.332,78.498,78.366,1963.67,1507.18,1556.72,0.56
2016-12-30 11:30:00,79.54,79.9,79.78,79.53,1943.0,0.24,0.3,78.83,78.311,78.3135,2260.08,1506.88,1762.64,0.96
2016-12-30 11:00:00,79.13,79.59,79.59,79.0,2542.65,0.46,0.58,78.38,78.053,78.204,2010.08,1445.67,1764.48,1.25
2016-12-30 10:30:00,78.28,79.2,79.18,78.27,2692.85,0.9,1.15,77.982,77.844,78.107,1660.15,1388.52,1800.9,1.33
2016-12-30 10:00:00,77.95,78.48,78.28,77.3,1493.4,0.33,0.42,77.7,77.721,78.082,1208.98,1332.84,1775.26,0.74
2016-12-29 15:00:00,77.53,77.58,77.32,77.02,2628.5,-0.21,-0.27,77.664,77.685,78.062,1050.7,1431.5,1763.69,1.29
2016-12-29 14:30:00,77.6,77.88,77.53,77.51,693.0,-0.07,-0.09,77.792,77.781,78.1095,753.68,1368.45,1730.2,0.34
2016-12-29 14:00:00,77.77,77.88,77.6,77.43,793.0,-0.17,-0.22,77.726,77.921,78.133,881.26,1375.95,1951.7,0.39
2016-12-29 13:30:00,78.1,78.14,77.77,77.77,437.0,-0.33,-0.42,77.706,78.059,78.1255,1116.89,1441.45,2206.15,0.22
2016-12-29 11:30:00,77.96,78.15,78.1,77.41,702.0,0.14,0.18,77.742,78.164,78.0265,1456.7,1503.35,2294.18,0.35
2016-12-29 11:00:00,77.2,78.12,77.96,76.92,1143.4,0.76,0.98,77.706,78.234,77.873,1812.3,1606.25,2354.28,0.56
2016-12-29 10:30:00,77.51,77.55,77.2,76.92,1330.88,-0.31,-0.4,77.77,78.316,77.729,1983.22,2018.41,2383.86,0.66
2016-12-29 10:00:00,77.77,77.96,77.5,76.7,1971.15,-0.27,-0.35,78.116,78.355,77.6025,1870.64,2083.29,2397.49,0.97
2016-12-28 15:00:00,77.92,78.13,77.95,77.68,2136.05,0.03,0.04,78.412,78.37,77.4505,1766.01,2213.28,2359.63,1.05
2016-12-28 14:30:00,78.29,78.4,77.92,77.55,2480.0,-0.37,-0.47,78.586,78.443,77.253,1550.0,2217.67,2316.1,1.22
2016-12-28 14:00:00,78.93,78.93,78.28,78.12,1998.0,-0.65,-0.82,78.762,78.439,77.024,1400.2,2095.87,2245.93,0.98
2016-12-28 13:30:00,78.91,79.0,78.93,78.78,768.0,0.02,0.03,78.862,78.438,76.7475,2053.6,2091.96,2190.23,0.38
2016-12-28 11:30:00,78.82,78.99,78.98,78.8,1448.0,0.16,0.2,78.594,78.345,76.435,2295.95,2527.46,2271.53,0.71
2016-12-28 11:00:00,78.8,78.97,78.82,78.68,1056.0,0.02,0.03,78.328,78.192,76.163,2660.55,2970.85,2294.89,0.52
2016-12-28 10:30:00,78.76,78.94,78.8,78.66,1731.0,0.04,0.05,78.3,77.889,75.8525,2885.35,3085.0,2299.84,0.85
2016-12-28 10:00:00,77.01,79.05,78.78,77.01,5265.0,1.77,2.3,78.116,77.512,75.5215,2791.55,3102.3,2283.87,2.59
2016-12-27 15:00:00,77.66,78.04,77.59,77.51,1979.74,-0.07,-0.09,78.014,77.142,75.21,2130.32,2749.3,2076.32,0.98
2016-12-27 14:30:00,78.69,78.74,77.65,77.06,3271.0,-1.04,-1.32,78.096,76.85,74.979,2758.98,2711.69,2015.73,1.61
2016-12-27 14:00:00,77.88,78.68,78.68,77.8,2180.0,0.8,1.03,78.056,76.531,74.76,3281.15,2505.99,1916.9,1.07
2016-12-27 13:30:00,78.27,78.29,77.88,77.79,1262.0,-0.39,-0.5,77.478,76.063,74.4915,3284.66,2414.54,1931.83,0.62
2016-12-27 11:30:00,78.0,78.38,78.27,77.79,1958.88,0.27,0.35,76.908,75.609,74.315,3413.06,2395.99,1963.58,0.96
2016-12-27 11:00:00,77.45,78.6,78.0,77.3,5123.0,0.55,0.71,76.27,75.057,74.149,3368.29,2288.5,1937.46,2.52
2016-12-27 10:30:00,75.8,77.79,77.45,75.8,5881.88,1.65,2.18,75.604,74.525,73.984,2664.4,2015.6,1735.21,2.9
2016-12-27 10:00:00,74.84,75.86,75.79,74.33,2197.55,0.95,1.27,75.006,74.134,73.8555,1730.82,1618.93,1540.72,1.08
2016-12-26 15:00:00,75.08,75.45,75.03,74.82,1904.0,-0.05,-0.07,74.648,73.816,73.785,1544.41,1514.68,1475.89,0.94
2016-12-26 14:30:00,74.67,75.4,75.08,74.67,1735.0,0.41,0.55,74.31,73.531,73.7505,1378.92,1465.43,1417.52,0.85
2016-12-26 14:00:00,74.46,74.67,74.67,74.07,1603.55,0.21,0.28,73.844,73.278,73.716,1208.72,1403.34,1377.52,0.79
2016-12-26 13:30:00,74.0,74.6,74.46,73.95,1214.0,0.46,0.62,73.446,73.108,73.6945,1366.81,1319.78,1385.04,0.6
2016-12-26 11:30:00,73.39,74.17,74.0,73.39,1265.5,0.61,0.83,73.262,72.989,73.6655,1507.05,1327.82,1426.54,0.62
2016-12-26 11:00:00,72.71,73.45,73.34,72.69,1076.56,0.63,0.87,72.984,72.92,73.6685,1484.95,1449.12,1445.79,0.53
2016-12-26 10:30:00,72.66,73.0,72.75,72.55,884.01,0.09,0.12,72.752,73.021,73.7005,1551.94,1531.17,1439.61,0.44
2016-12-26 10:00:00,72.4,73.0,72.68,71.51,2394.0,0.28,0.39,72.712,73.241,73.779,1597.95,1586.42,1464.94,1.18
2016-12-23 15:00:00,72.61,73.68,73.54,72.51,1915.17,0.93,1.28,72.77,73.443,73.854,1272.75,1454.82,1433.04,0.94
2016-12-23 14:30:00,72.18,72.84,72.61,72.18,1155.0,0.43,0.6,72.716,73.577,73.87,1148.58,1462.5,1391.73,0.57
2016-12-23 14:00:00,72.54,72.91,72.18,72.13,1411.5,-0.36,-0.5,72.856,73.754,73.9255,1413.3,1437.1,1438.68,0.7
2016-12-23 13:30:00,72.99,73.0,72.55,72.31,1114.07,-0.44,-0.6,73.29,73.97,74.0415,1510.4,1369.61,1531.81,0.55
2016-12-23 11:30:00,73.27,73.59,72.97,72.97,768.0,-0.3,-0.41,73.77,74.154,74.128,1574.89,1351.7,1629.78,0.38
2016-12-23 11:00:00,73.31,73.6,73.27,73.0,1294.35,-0.04,-0.05,74.116,74.281,74.129,1636.89,1450.29,1656.28,0.64
2016-12-23 10:30:00,74.35,74.35,73.31,72.92,2478.58,-1.04,-1.4,74.438,74.342,74.0835,1776.42,1525.25,1619.11,1.22
2016-12-23 10:00:00,75.08,75.24,74.35,74.08,1897.0,-0.73,-0.97,74.652,74.417,74.0445,1460.9,1442.45,1541.43,0.93
2016-12-22 15:00:00,74.7,74.96,74.95,74.62,1436.5,0.25,0.33,74.65,74.38,73.9605,1228.82,1348.05,1497.18,0.71
2016-12-22 14:30:00,74.88,75.04,74.7,74.57,1078.0,-0.18,-0.24,74.538,74.317,73.8555,1128.52,1343.46,1482.06,0.53
2016-12-22 14:00:00,74.38,75.1,74.88,74.36,1992.0,0.5,0.67,74.446,74.265,73.7405,1263.69,1411.26,1476.56,0.98
2016-12-22 13:30:00,74.39,74.52,74.38,74.23,901.0,-0.01,-0.01,74.246,74.163,73.616,1274.09,1320.96,1433.26,0.44
2016-12-22 11:30:00,74.39,74.39,74.34,74.0,736.58,-0.05,-0.07,74.182,74.097,73.52,1424.0,1440.26,1453.81,0.36
2016-12-22 11:00:00,74.1,74.48,74.39,74.1,935.0,0.29,0.39,74.11,74.113,73.398,1467.29,1694.0,1471.98,0.46
2016-12-22 10:30:00,73.88,74.55,74.24,73.81,1753.88,0.36,0.49,74.096,74.102,73.2885,1558.41,1907.85,1491.48,0.86
2016-12-22 10:00:00,73.53,74.27,73.88,73.53,2044.0,0.35,0.48,74.084,73.977,73.1845,1558.83,1862.27,1483.11,1.01
2016-12-21 15:00:00,73.98,74.18,74.06,73.94,1650.55,0.08,0.11,74.08,73.825,73.1055,1367.83,1712.97,1444.68,0.81
2016-12-21 14:30:00,74.32,74.32,73.98,73.88,953.0,-0.34,-0.46,74.012,73.672,73.0225,1456.52,1640.41,1414.77,0.47
2016-12-21 14:00:00,74.18,74.45,74.32,74.1,1390.61,0.14,0.19,74.116,73.541,72.9525,1920.72,1646.31,1420.28,0.69
2016-12-21 13:30:00,74.0,74.4,74.18,73.9,1756.0,0.18,0.24,74.108,73.394,72.8755,2257.3,1620.65,1063.15,0.87
2016-12-21 11:30:00,73.72,74.0,73.86,73.6,1089.0,0.14,0.19,73.87,73.216,72.8615,2165.7,1541.85,1468.08,0.54
2016-12-21 11:00:00,74.5,74.5,73.72,73.71,2094.0,-0.78,-1.05,73.57,73.069,72.8625,2058.1,1545.55,1498.19,1.03
2016-12-21 10:30:00,74.28,75.0,74.5,74.23,3274.0,0.22,0.3,73.332,72.943,72.8665,1824.3,1467.35,1451.72,1.61
2016-12-21 10:00:00,73.4,74.51,74.28,73.4,3073.5,0.88,1.2,72.966,72.683,72.824,1371.9,1249.95,1311.87,1.51
2016-12-20 15:00:00,72.36,72.99,72.99,72.36,1298.0,0.63,0.87,72.68,72.475,72.7675,984.0,1075.1,1177.94,0.64
2016-12-20 14:30:00,72.53,72.67,72.36,72.36,551.0,-0.17,-0.23,72.562,72.392,72.789,918.0,1103.96,1161.79,0.27
2016-12-20 14:00:00,72.67,72.7,72.53,72.36,925.0,-0.14,-0.19,72.568,72.386,72.85,1033.0,1176.4,1191.39,0.46
2016-12-20 13:30:00,72.85,72.95,72.67,72.66,1012.0,-0.18,-0.25,72.554,72.373,72.914,1110.4,1189.14,1223.69,0.5
2016-12-20 11:30:00,72.5,72.93,72.85,72.33,1134.0,0.35,0.48,72.4,72.364,72.958,1128.0,1194.26,1280.38,0.56
2016-12-20 11:00:00,72.39,72.65,72.4,72.3,968.01,0.01,0.01,72.27,72.357,72.995,1166.2,505.66,1290.11,0.48
2016-12-20 10:30:00,72.46,72.69,72.39,72.38,1126.0,-0.07,-0.1,72.222,72.507,73.039,1289.91,1394.31,1305.98,0.55
2016-12-20 10:00:00,72.93,72.93,72.46,72.01,1312.0,-0.47,-0.64,72.204,72.656,73.107,1319.8,1450.83,1297.48,0.65
2016-12-19 15:00:00,72.2,72.5,71.9,71.85,1100.0,-0.3,-0.42,72.192,72.79,73.168,1267.87,1436.08,1302.43,0.54
2016-12-19 14:30:00,72.16,72.2,72.2,71.75,1325.01,0.04,0.06,72.328,72.965,73.309,1260.51,1373.78,1329.78,0.65
2016-12-19 14:00:00,72.33,72.39,72.16,71.88,1586.55,-0.17,-0.24,72.444,73.06,73.4345,-154.89,1280.78,1374.96,0.78
2016-12-19 13:30:00,72.4,72.67,72.3,72.3,1275.45,-0.1,-0.14,72.792,73.186,73.5415,1498.7,1219.62,1415.91,0.63
2016-12-19 11:30:00,72.5,72.7,72.4,72.38,1052.36,-0.1,-0.14,73.108,73.314,73.5965,1581.86,1206.38,1548.14,0.52
2016-12-19 11:00:00,72.78,72.89,72.58,72.4,1063.19,-0.2,-0.27,73.388,73.455,73.561,1604.29,1258.24,1616.15,0.52
2016-12-19 10:30:00,73.9,73.9,72.78,72.46,-5751.99,-1.12,-1.52,73.602,73.552,73.5295,1487.05,1366.5,1641.34,-2.83
2016-12-19 10:00:00,73.9,73.9,73.9,73.9,9854.49,0.0,0.0,73.676,73.633,73.5535,2716.45,2074.57,1985.99,4.85
2016-12-16 15:00:00,73.8,74.05,73.88,73.62,1691.24,0.08,0.11,73.58,73.571,73.5225,940.55,1217.65,1524.42,0.83
2016-12-16 14:30:00,73.65,74.05,73.8,73.38,1164.5,0.15,0.2,73.52,73.558,73.5025,830.9,1144.12,1493.75,0.57
2016-12-16 14:00:00,73.15,73.9,73.65,73.14,477.0,0.5,0.68,73.522,73.546,73.4625,912.2,1168.77,1505.13,0.23
2016-12-16 13:30:00,73.44,73.46,73.15,73.14,395.0,-0.29,-0.39,73.502,73.653,73.3985,1245.95,1285.77,1626.21,0.19
2016-12-16 11:30:00,73.58,73.61,73.42,73.08,975.0,-0.16,-0.22,73.59,73.809,73.421,1432.69,1469.14,1695.06,0.48
2016-12-16 11:00:00,73.81,74.18,73.58,73.5,1143.0,-0.23,-0.31,73.562,73.897,73.4535,1494.75,1612.19,1722.85,0.56
2016-12-16 10:30:00,73.55,73.99,73.81,73.51,1571.0,0.26,0.35,73.596,73.879,73.5,1457.35,1889.89,1755.66,0.77
2016-12-16 10:00:00,73.85,73.96,73.55,73.01,2145.75,-0.3,-0.41,73.57,73.667,73.5145,1425.35,1974.06,1781.61,1.06
2016-12-15 15:00:00,73.18,73.68,73.59,73.18,1328.69,0.41,0.56,73.804,73.507,73.555,1325.6,1916.18,1732.37,0.65
2016-12-15 14:30:00,73.75,73.79,73.28,73.01,1285.3,-0.47,-0.64,74.028,73.474,73.5715,1505.58,1897.41,1711.19,0.63
2016-12-15 14:00:00,73.68,73.94,73.75,73.37,956.0,0.07,0.1,74.232,73.474,73.575,1729.64,1831.18,1683.42,0.47
2016-12-15 13:30:00,74.72,74.78,73.68,73.51,1411.0,-1.04,-1.39,74.162,73.447,73.5535,2322.44,1843.38,1738.35,0.7
2016-12-15 11:30:00,74.71,75.2,74.72,74.61,1647.0,0.01,0.01,73.764,73.379,73.5535,2522.77,1841.48,1821.1,0.81
2016-12-15 11:00:00,74.3,74.8,74.71,74.19,2228.61,0.41,0.55,73.21,73.144,73.4995,2506.77,1966.64,1925.56,1.1
2016-12-15 10:30:00,73.4,74.49,74.3,73.36,2405.58,0.9,1.23,72.92,73.033,73.4635,2289.24,1920.98,1980.93,1.19
2016-12-15 10:00:00,71.93,73.82,73.4,71.93,3920.01,1.47,2.04,72.716,73.01,73.4785,1932.73,1833.51,2017.03,1.93
2016-12-14 15:00:00,71.95,72.28,71.69,71.38,2412.63,-0.26,-0.36,72.732,73.121,73.673,1364.33,1621.42,1920.3,1.19
2016-12-14 14:30:00,73.26,73.26,71.95,71.95,1567.0,-1.31,-1.79,72.994,73.362,73.959,1160.2,1589.16,1894.22,0.77
2016-12-14 14:00:00,73.3,73.97,73.26,73.12,1141.0,-0.04,-0.05,73.078,73.603,74.299,1426.52,1548.56,1856.1,0.56
2016-12-14 13:30:00,73.48,73.73,73.28,73.08,623.0,-0.2,-0.27,73.146,73.669,74.551,1552.72,1524.96,2003.9,0.31
2016-12-14 11:30:00,73.0,73.75,73.48,72.8,1078.0,0.48,0.66,73.304,73.676,74.797,1734.3,1535.66,2170.4,0.53
2016-12-14 11:00:00,72.37,73.3,73.0,71.8,1392.0,0.63,0.87,73.51,73.66,75.213,1878.52,1633.31,2212.96,0.69
2016-12-14 10:30:00,73.6,73.6,72.37,71.29,2898.58,-1.23,-1.67,73.73,73.728,75.668,2018.12,1800.71,2199.8,1.43
2016-12-14 10:00:00,73.99,74.2,73.6,73.54,1772.0,-0.39,-0.53,74.128,73.855,76.163,1670.6,1884.49,2091.22,0.87
2016-12-13 15:00:00,74.51,74.68,74.07,74.03,1530.91,-0.44,-0.59,74.192,73.894,76.6045,1497.2,2040.89,2041.67,0.75
2016-12-13 14:30:00,74.1,74.94,74.51,73.88,1799.09,0.41,0.55,74.048,73.947,77.0415,1337.02,2200.54,2046.87,0.89
2016-12-13 14:00:00,74.36,74.95,74.1,73.88,2090.0,-0.26,-0.35,73.81,74.225,77.4025,1388.1,2219.19,2055.24,1.03
2016-12-13 13:30:00,73.92,74.48,74.36,73.78,1161.0,0.44,0.6,73.726,74.556,77.7835,1583.3,2199.29,2042.79,0.57
2016-12-13 11:30:00,73.35,73.94,73.92,72.93,905.0,0.57,0.78,73.582,74.995,78.208,2098.38,2163.64,2073.29,0.45
2016-12-13 11:00:00,73.32,73.61,73.35,72.9,730.0,0.03,0.04,73.596,75.433,78.6585,2584.58,2482.84,2163.13,0.36
2016-12-13 10:30:00,73.68,73.69,73.32,72.71,2054.5,-0.36,-0.49,73.846,75.918,79.1635,3064.06,2805.14,2215.03,1.01
2016-12-13 10:00:00,73.0,74.48,73.68,72.01,3066.0,0.68,0.93,74.64,76.766,79.676,3050.28,2792.62,2166.61,1.51
2016-12-12 15:00:00,74.04,74.36,73.64,73.64,3736.38,-0.4,-0.54,75.386,77.608,80.1655,2815.28,2598.88,2059.71,1.84
2016-12-12 14:30:00,74.61,74.78,73.99,73.86,3336.0,-0.62,-0.83,76.408,78.471,80.6745,2228.9,2297.95,1974.94,1.64
2016-12-12 14:00:00,77.2,77.2,74.6,74.1,3127.44,-2.6,-3.37,77.27,79.315,81.189,2381.1,2042.45,1875.39,1.54
2016-12-12 13:30:00,77.55,77.55,77.29,76.68,1985.56,-0.26,-0.34,77.99,80.136,81.6845,2546.21,1893.2,1808.02,0.98
2016-12-12 11:30:00,78.66,78.66,77.41,77.41,1891.0,-1.25,-1.59,78.892,80.58,82.0825,2534.97,1891.3,1806.8,0.93
2016-12-12 11:00:00,78.3,78.83,78.75,78.0,804.5,0.45,0.57,79.83,81.011,82.499,2382.49,1886.3,1826.54,0.4
2016-12-12 10:30:00,78.2,78.94,78.3,77.31,4097.0,0.1,0.13,80.534,81.421,82.8375,2366.99,1982.95,1826.67,2.02
2016-12-12 10:00:00,81.13,81.83,78.2,78.2,3953.0,-2.93,-3.61,81.36,81.884,83.1895,1703.79,1843.43,1683.47,1.95
2016-12-09 15:00:00,82.18,82.18,81.8,81.51,1929.33,-0.38,-0.46,82.282,82.409,83.561,1240.19,1624.93,1577.27,0.95
2016-12-09 14:30:00,82.27,82.27,82.1,81.66,1128.63,-0.17,-0.21,82.268,82.586,83.706,1247.63,1540.59,1527.52,0.56
2016-12-09 14:00:00,82.43,82.55,82.27,82.01,727.0,-0.16,-0.19,82.192,82.723,83.829,1390.1,1520.53,1524.74,0.36
2016-12-09 13:30:00,82.81,83.0,82.43,82.37,781.0,-0.38,-0.46,82.308,82.878,83.9155,1598.9,1651.93,1554.59,0.38
2016-12-09 11:30:00,81.73,82.81,82.81,81.15,1635.0,1.08,1.32,82.408,83.063,84.011,1983.06,1708.33,1595.67,0.81
2016-12-09 11:00:00,81.72,82.19,81.73,81.72,1966.5,0.01,0.01,82.536,83.233,84.087,2009.66,1722.84,1606.17,0.97
2016-12-09 10:30:00,82.85,83.19,81.72,81.68,1841.0,-1.13,-1.36,82.904,83.585,84.236,1833.56,1722.29,1573.94,0.91
2016-12-09 10:00:00,82.5,83.49,82.85,82.49,1771.0,0.35,0.42,83.254,83.987,84.425,1650.96,1766.79,1503.66,0.87
2016-12-08 15:00:00,83.45,83.45,82.93,82.7,2701.8,-0.52,-0.62,83.448,84.254,84.5575,1704.96,1670.39,1452.91,1.33
2016-12-08 14:30:00,83.58,83.7,83.45,83.02,1768.0,-0.13,-0.16,83.718,84.495,84.671,1433.6,1523.51,1357.62,0.87
2016-12-08 14:00:00,83.47,83.8,83.57,83.34,1086.0,0.1,0.12,83.93,84.713,84.733,1436.03,1529.61,1320.62,0.53
2016-12-08 13:30:00,83.83,83.99,83.47,83.38,928.0,-0.36,-0.43,84.266,84.826,84.797,1611.03,1514.44,1348.82,0.46
2016-12-08 11:30:00,84.28,84.28,83.82,83.3,2041.0,-0.46,-0.55,84.72,84.935,84.9085,1882.63,1528.94,1390.92,1.01
2016-12-08 11:00:00,84.51,84.88,84.28,84.2,1345.0,-0.23,-0.27,85.06,84.953,84.989,1635.83,1457.24,1367.44,0.66
2016-12-08 10:30:00,85.18,85.28,84.51,84.51,1780.14,-0.67,-0.79,85.272,84.959,85.03,1613.43,1483.01,1356.49,0.88
2016-12-08 10:00:00,85.7,85.98,85.25,85.07,1961.0,-0.45,-0.53,85.496,84.941,85.0455,1623.2,1489.49,1309.71,0.97
2016-12-07 15:00:00,85.52,85.76,85.74,85.51,2286.0,0.22,0.26,85.386,84.887,85.056,1417.86,1425.58,1237.19,1.13
2016-12-07 14:30:00,85.34,85.73,85.52,85.21,807.0,0.18,0.21,85.15,84.863,85.045,1175.26,1240.53,1184.44,0.4
2016-12-07 14:00:00,85.63,85.75,85.34,85.1,1233.0,-0.29,-0.34,84.846,84.861,85.0455,1278.66,1235.43,1195.39,0.61
2016-12-07 13:30:00,84.93,85.8,85.63,84.93,1829.0,0.7,0.82,84.646,84.847,85.0865,1352.59,1191.73,1212.54,0.9
2016-12-07 11:30:00,84.56,84.98,84.7,84.3,934.3,0.14,0.17,84.386,84.753,85.1055,1355.79,1111.63,1306.99,0.46
2016-12-07 11:00:00,84.0,85.0,84.56,84.0,1073.0,0.56,0.67,84.388,84.768,85.139,1433.3,1183.2,1402.85,0.53
2016-12-07 10:30:00,84.34,84.37,84.0,83.71,1324.0,-0.34,-0.4,84.576,84.882,85.164,1305.81,1252.9,1513.87,0.65
2016-12-07 10:00:00,84.39,85.19,84.34,83.72,1602.63,-0.05,-0.06,84.876,85.025,85.269,1192.21,1277.64,1558.07,0.79
2016-12-06 15:00:00,84.71,84.98,84.33,84.15,1845.0,-0.38,-0.45,85.048,85.101,85.3515,1030.88,1229.98,1619.79,0.91
2016-12-06 14:30:00,85.5,85.59,84.71,84.5,1321.87,-0.79,-0.92,85.12,85.15,85.458,867.48,1129.92,1673.89,0.65
2016-12-06 14:00:00,85.5,85.58,85.5,85.02,435.53,0.0,0.0,85.148,85.225,85.585,933.11,1048.79,1733.29,0.21
2016-12-06 13:30:00,85.2,85.7,85.5,85.2,756.0,0.3,0.35,85.188,85.227,85.686,1200.0,1128.34,1976.89,0.37
2016-12-06 11:30:00,84.7,85.2,85.2,84.5,796.0,0.5,0.59,85.174,85.23,85.861,1363.08,1155.34,2129.62,0.39
2016-12-06 11:00:00,84.85,85.27,84.69,84.5,1028.0,-0.16,-0.19,85.154,85.326,86.104,1429.08,1233.34,2211.12,0.51
2016-12-06 10:30:00,85.7,85.94,84.85,84.8,1650.0,-0.85,-0.99,85.18,85.458,86.3885,1392.36,1502.34,2273.42,0.81
2016-12-06 10:00:00,86.3,86.32,85.7,85.2,1770.0,-0.6,-0.7,85.302,85.51,86.7075,1164.48,1622.49,2293.47,0.87
2016-12-05 15:00:00,85.1,85.95,85.43,85.0,1571.4,0.33,0.39,85.266,85.446,87.025,1056.68,1774.84,2333.77,0.77
2016-12-05 14:30:00,84.82,85.18,85.1,84.6,1126.0,0.28,0.33,85.286,85.513,87.3535,947.6,1838.49,2391.33,0.55
2016-12-05 14:00:00,85.5,85.6,84.82,84.7,844.39,-0.68,-0.8,85.498,85.602,87.6875,1037.6,2009.59,2458.53,0.42
2016-12-05 13:30:00,85.52,85.7,85.46,85.31,510.61,-0.06,-0.07,85.736,85.766,88.031,1612.32,2217.85,2609.25,0.25
2016-12-05 11:30:00,85.53,85.58,85.52,84.72,1231.0,-0.01,-0.01,85.718,85.945,88.253,2080.5,2417.79,2732.84,0.61
2016-12-05 11:00:00,86.16,86.36,85.53,85.53,1026.0,-0.63,-0.73,85.626,86.145,88.499,2493.0,2825.44,2776.93,0.51
2016-12-05 10:30:00,86.01,86.48,86.16,85.52,1576.0,0.15,0.17,85.74,86.492,88.7305,2729.39,3103.9,2826.36,0.78
2016-12-05 10:00:00,83.03,86.4,86.01,82.5,3718.0,2.98,3.59,85.706,86.882,88.9135,2981.59,3188.9,2843.46,1.83
2016-12-02 15:00:00,85.06,85.84,85.37,85.02,2851.5,0.31,0.36,85.796,87.319,89.096,2823.39,3044.5,2734.2,1.4
2016-12-02 14:30:00,86.1,86.2,85.06,85.0,3293.5,-1.04,-1.21,86.172,87.905,89.2605,2755.09,2964.45,2647.99,1.62
2016-12-02 14:00:00,85.99,86.31,86.1,85.21,2207.93,0.11,0.13,86.664,88.604,89.4605,3157.89,2892.7,2549.14,1.09
2016-12-02 13:30:00,86.25,86.39,85.99,85.28,2837.0,-0.26,-0.3,87.244,89.194,89.6455,3478.42,2944.16,2531.19,1.4
2016-12-02 11:30:00,87.26,87.69,86.46,86.46,2927.0,-0.8,-0.92,88.058,89.773,89.8405,3396.21,2907.46,2595.34,1.44
2016-12-02 11:00:00,87.52,87.8,87.25,87.03,2510.0,-0.27,-0.31,88.842,90.296,89.5645,3265.61,3000.65,2752.94,1.24
2016-12-02 10:30:00,89.03,89.45,87.52,87.05,5307.5,-1.51,-1.7,89.638,90.561,89.211,3173.81,3047.89,2763.74,2.61
2016-12-02 10:00:00,89.66,90.88,89.0,88.7,3810.61,-0.66,-0.74,90.544,90.853,88.8155,2627.51,2728.41,2572.82,1.88
2016-12-01 15:00:00,90.28,90.38,90.06,90.0,2425.96,-0.22,-0.24,91.144,90.969,88.335,2409.9,2548.81,2510.14,1.2
2016-12-01 14:30:00,91.23,91.25,90.38,90.0,2274.0,-0.85,-0.93,91.488,90.945,87.8315,2418.71,2498.02,2445.99,1.12
2016-12-01 14:00:00,92.05,92.17,91.23,91.22,2051.0,-0.82,-0.89,91.75,90.873,87.32,2735.68,2423.89,2436.8,1.01
2016-12-01 13:30:00,92.0,92.67,92.05,91.93,2576.0,0.05,0.05,91.484,90.616,86.7735,2921.96,2331.53,2544.14,1.27
2016-12-01 11:30:00,91.78,92.42,92.0,91.3,2722.56,0.22,0.24,91.162,90.317,86.1435,2829.31,2205.58,2661.41,1.34
2016-12-01 11:00:00,91.69,91.96,91.78,90.9,2470.0,0.09,0.1,90.794,90.097,85.492,2687.72,2118.22,2667.41,1.22
2016-12-01 10:30:00,89.9,91.98,91.69,89.9,3858.84,1.79,1.99,90.402,89.908,84.8405,2577.34,2283.22,2666.74,1.9
2016-12-01 10:00:00,89.5,90.15,89.9,89.1,2982.39,0.4,0.45,89.996,88.833,84.223,2112.11,2505.24,2571.95,1.47
2016-11-30 15:00:00,90.23,90.8,90.44,90.0,2112.78,0.21,0.23,89.748,87.861,83.695,1741.1,2479.6,2643.57,1.04
2016-11-30 14:30:00,89.82,90.95,90.16,89.5,2014.58,0.34,0.38,89.472,86.778,83.1605,1581.84,2417.22,2888.47,0.99
2016-11-30 14:00:00,89.61,90.13,89.82,89.21,1918.1,0.21,0.23,89.4,85.701,82.5675,1548.72,2471.46,3057.79,0.94
2016-11-30 13:30:00,88.79,89.92,89.66,88.4,1532.68,0.87,0.98,89.414,84.718,81.9705,1989.11,2393.95,3206.59,0.76
2016-11-30 11:30:00,89.06,89.4,88.66,88.4,1127.37,-0.4,-0.45,87.67,83.767,81.3175,2898.37,2449.72,3289.53,0.56
2016-11-30 11:00:00,89.8,89.8,89.06,88.91,1316.47,-0.74,-0.82,85.974,82.931,80.7415,3218.09,2756.74,3424.63,0.65
2016-11-30 10:30:00,89.89,90.27,89.8,89.53,1849.0,-0.09,-0.1,84.084,81.97,80.1615,3252.6,3117.25,3430.83,0.91
2016-11-30 10:00:00,88.0,90.0,89.89,87.91,4120.03,1.89,2.15,82.002,80.887,79.532,3394.2,3216.6,3407.74,2.03
2016-10-13 15:00:00,80.18,81.4,80.94,80.13,6078.96,0.76,0.95,80.022,79.773,78.909,2798.79,3050.25,3261.68,2.99
2016-10-13 14:30:00,79.61,80.35,80.18,79.61,2726.0,0.57,0.72,79.864,79.613,78.736,2001.07,2638.66,3066.64,1.34
2016-10-13 14:00:00,79.49,79.99,79.61,79.21,1489.0,0.12,0.15,79.888,79.529,78.6215,2295.4,2807.55,3070.18,0.73
2016-10-13 13:30:00,79.93,80.05,79.39,79.19,2557.0,-0.54,-0.68,79.856,79.543,78.532,2981.9,3359.71,3317.22,1.26
2016-10-13 11:30:00,80.01,80.1,79.99,79.86,1142.99,-0.02,-0.02,79.772,79.434,78.41,3039.0,3644.12,3320.03,0.56
2016-10-13 11:00:00,80.33,80.5,80.15,80.0,2090.35,-0.18,-0.22,79.524,79.223,78.2505,3301.71,4019.23,3396.28,1.03
2016-10-13 10:30:00,79.45,80.78,80.3,79.4,4197.65,0.85,1.07,79.362,78.868,78.115,3276.25,4129.35,3550.24,2.07
2016-10-13 10:00:00,79.5,80.49,79.45,79.15,4921.5,-0.05,-0.06,79.17,78.552,77.892,3319.7,4092.51,3448.11,2.42
2016-10-12 14:30:00,78.75,79.0,78.97,78.2,2842.5,0.22,0.28,79.23,78.353,77.705,3737.53,3744.42,3370.15,1.4
2016-10-12 14:00:00,79.21,79.39,78.75,78.68,2456.53,-0.46,-0.58,79.096,78.177,77.5075,4249.25,3598.87,3301.82,1.21
2016-10-12 13:30:00,79.34,79.5,79.34,79.0,1963.05,0.0,0.0,78.922,78.045,77.31,4736.76,3473.12,3356.42,0.97
2016-10-12 11:30:00,79.78,79.95,79.34,79.1,4414.93,-0.44,-0.55,78.374,77.859,77.089,4982.45,3494.62,3560.36,2.17
2016-10-12 11:00:00,78.3,79.78,79.75,78.0,7010.64,1.45,1.85,77.934,77.714,76.761,4865.32,3332.8,3423.61,3.45
2016-10-12 10:30:00,77.89,78.63,78.3,77.7,5401.1,0.41,0.53,77.476,77.521,76.4205,3751.31,3274.73,3127.98,2.66
2016-10-12 10:00:00,76.01,77.88,77.88,76.0,4894.08,1.87,2.46,77.258,77.386,76.153,2948.49,2995.94,2975.62,2.41
2016-10-11 15:00:00,77.14,77.63,76.6,76.5,3191.5,-0.54,-0.7,77.168,77.278,75.8975,2209.48,2773.32,2773.46,1.57
2016-10-11 14:30:00,77.46,77.79,77.14,76.01,3829.27,-0.32,-0.41,77.344,77.362,75.677,2006.78,2971.14,2668.54,1.89
2016-10-11 14:00:00,77.21,77.48,77.46,77.05,1440.58,0.25,0.32,77.494,77.232,75.425,1800.28,2803.71,2511.45,0.71
2016-10-11 13:30:00,77.45,77.6,77.21,77.0,1387.04,-0.24,-0.31,77.566,77.057,75.161,2798.16,2995.88,2482.22,0.68
2016-10-11 11:30:00,77.48,77.93,77.43,77.41,1199.0,-0.05,-0.06,77.514,76.838,74.911,3043.39,3004.77,2460.72,0.59
2016-10-11 11:00:00,77.89,77.89,77.48,76.99,2178.01,-0.41,-0.53,77.388,76.575,74.6335,3337.16,3239.72,2496.47,1.07
2016-10-11 10:30:00,77.85,78.11,77.89,77.82,2796.79,0.04,0.05,77.38,76.319,74.3925,3935.49,3626.1,2452.62,1.38
2016-10-11 10:00:00,76.3,78.53,77.82,76.27,6429.96,1.52,1.99,76.97,75.808,74.1155,3807.13,3514.42,2373.63,3.17
2016-10-10 15:00:00,76.8,77.1,76.95,76.61,2613.21,0.15,0.2,76.548,75.32,73.8445,3193.6,2981.23,2071.42,1.29
2016-10-10 14:30:00,77.45,77.45,76.8,76.5,2667.82,-0.65,-0.84,76.162,74.92,73.637,2966.15,2955.31,1995.31,1.31
2016-10-10 14:00:00,75.84,78.0,77.44,75.84,5169.68,1.6,2.11,75.762,74.517,73.4525,3142.29,2773.6,1920.37,2.55
2016-10-10 13:30:00,75.71,75.95,75.84,75.67,2155.0,0.13,0.17,75.258,73.992,73.2385,3316.71,2365.94,1754.58,1.06
2016-10-10 11:30:00,75.05,75.85,75.71,74.9,3362.27,0.66,0.88,74.646,73.618,73.0555,3221.71,2219.18,1867.99,1.66
2016-10-10 11:00:00,74.8,75.08,75.02,74.56,1476.0,0.22,0.29,74.092,73.265,72.928,2768.86,1968.56,1849.22,0.73
2016-10-10 10:30:00,74.92,75.47,74.8,74.56,3548.5,-0.12,-0.16,73.678,72.984,72.848,2944.46,1916.66,1848.57,1.75
2016-10-10 10:00:00,73.9,75.3,74.92,73.7,6041.79,1.02,1.38,73.272,72.692,72.775,2404.92,1753.21,1711.8,2.98
2016-09-30 15:00:00,72.94,72.99,72.78,72.7,1680.0,-0.16,-0.22,72.726,72.466,72.6915,1415.16,1279.13,1437.71,0.83
2016-09-30 14:30:00,72.95,73.0,72.94,72.84,1098.0,-0.01,-0.01,72.59,72.423,72.7195,1216.66,1232.83,1436.65,0.54
2016-09-30 14:00:00,72.78,73.2,72.95,72.58,2354.0,0.17,0.23,72.438,72.369,72.7365,1168.26,1161.62,1430.65,1.16
2016-09-30 13:30:00,72.19,72.8,72.77,72.09,850.81,0.58,0.8,72.29,72.354,72.75,888.86,1035.32,1443.25,0.42
2016-09-30 11:30:00,72.1,72.49,72.19,72.0,1093.0,0.09,0.12,72.112,72.388,72.764,1101.51,1067.13,1531.55,0.54
2016-09-30 11:00:00,72.16,72.18,72.1,71.7,687.47,-0.06,-0.08,72.206,72.485,72.8135,1143.11,1143.23,1712.98,0.34
2016-09-30 10:30:00,72.21,72.5,72.18,72.0,856.0,-0.03,-0.04,72.256,72.493,72.7835,1249.01,1516.79,1748.25,0.42
2016-09-30 10:00:00,71.77,72.45,72.21,71.25,957.02,0.44,0.61,72.3,72.591,72.6945,1154.97,1729.89,1756.96,0.47
2016-09-29 15:00:00,72.66,72.69,71.88,71.86,1914.04,-0.78,-1.07,72.418,72.712,72.6155,1181.77,1780.48,1761.5,0.94
2016-09-29 14:30:00,72.35,72.9,72.66,72.23,1301.0,0.31,0.43,72.664,72.858,72.536,1032.76,1670.38,1808.69,0.64
2016-09-29 14:00:00,72.4,72.5,72.35,72.13,1217.0,-0.05,-0.07,72.764,72.917,72.4615,1143.35,1596.28,1827.94,0.6
2016-09-29 13:30:00,72.76,72.92,72.4,72.4,385.81,-0.36,-0.49,72.73,73.016,72.4045,1784.57,1640.46,1862.47,0.19
2016-09-29 11:30:00,73.0,73.2,72.8,72.75,1091.0,-0.2,-0.27,72.882,73.104,72.3895,2304.8,1699.68,1966.48,0.54
2016-09-29 11:00:00,73.11,73.2,73.11,72.66,1169.0,0.0,0.0,73.006,73.146,72.3495,2379.19,1851.18,2098.65,0.58
2016-09-29 10:30:00,72.18,73.16,73.16,71.88,1853.92,0.98,1.36,73.052,73.14,72.323,2307.99,1995.96,2098.55,0.91
2016-09-29 10:00:00,73.37,73.37,72.18,71.41,4423.1,-1.19,-1.62,73.07,73.142,72.3015,2049.21,2282.74,2067.5,2.18
2016-09-28 15:00:00,73.42,73.5,73.16,73.01,2987.0,-0.26,-0.35,73.302,73.074,72.3225,1496.35,1979.7,1900.9,1.47
2016-09-28 14:30:00,73.34,73.6,73.42,73.17,1462.95,0.08,0.11,73.326,72.798,72.327,1094.55,1784.02,1860.15,0.72
2016-09-28 14:00:00,73.25,73.45,73.34,73.17,813.0,0.09,0.12,73.286,72.519,72.308,1323.16,1742.51,1857.7,0.4
2016-09-28 13:30:00,73.34,73.35,73.25,73.12,560.0,-0.09,-0.12,73.228,72.214,72.247,1683.92,1947.01,1911.22,0.28
2016-09-28 11:30:00,73.28,73.62,73.34,73.09,1658.81,0.06,0.08,73.214,72.006,72.185,2516.27,2059.61,2101.69,0.82
2016-09-28 11:00:00,73.22,73.47,73.28,73.1,978.0,0.06,0.08,72.846,71.793,72.163,2463.05,2084.48,2109.35,0.48
2016-09-28 10:30:00,73.05,73.97,73.22,73.05,2606.0,0.17,0.23,72.27,71.675,72.143,2473.49,2233.28,2120.0,1.28
2016-09-28 10:00:00,73.0,73.36,73.05,72.6,2616.8,0.05,0.07,71.752,71.553,72.155,2161.85,2346.12,2038.65,1.29
2016-09-27 15:00:00,71.5,73.5,73.18,71.29,4721.73,1.68,2.35,71.2,71.506,72.1725,2210.09,2201.14,1952.06,2.33
2016-09-27 14:30:00,70.4,71.8,71.5,70.13,1392.73,1.1,1.56,70.798,71.461,72.169,1602.95,1852.27,1768.95,0.69
2016-09-27 14:00:00,70.63,70.7,70.4,70.1,1030.19,-0.23,-0.33,70.74,71.571,72.2535,1705.9,1822.1,1830.07,0.51
2016-09-27 13:30:00,70.24,70.89,70.63,70.01,1047.82,0.39,0.56,71.08,71.856,72.4105,1993.06,1936.28,1959.41,0.52
2016-09-27 11:30:00,71.17,71.17,70.29,70.03,2858.0,-0.88,-1.24,71.354,72.097,72.5765,2530.39,1972.9,2415.23,1.41
2016-09-27 11:00:00,71.21,71.55,71.17,71.16,1686.0,-0.04,-0.06,71.812,72.28,72.612,2192.19,1875.42,2357.98,0.83
2016-09-27 10:30:00,72.1,72.12,71.21,71.2,1907.5,-0.89,-1.23,72.124,72.364,72.609,2101.59,2143.77,2344.41,0.94
2016-09-27 10:00:00,71.99,72.5,72.1,71.53,2466.0,0.11,0.15,72.402,72.533,72.586,1938.29,2134.22,2309.29,1.21
2016-09-26 15:00:00,72.58,72.88,72.0,71.65,3734.47,-0.58,-0.8,72.632,72.611,72.534,1879.49,2006.73,2216.74,1.84
2016-09-26 14:30:00,72.73,73.0,72.58,72.58,1167.0,-0.15,-0.21,72.84,72.757,72.501,1415.4,1731.18,2071.06,0.57
2016-09-26 14:00:00,72.6,73.35,72.73,72.47,1232.96,0.13,0.18,72.748,72.839,72.4505,1558.65,1702.98,2082.42,0.61
2016-09-26 13:30:00,73.22,73.22,72.6,72.4,1091.04,-0.62,-0.85,72.604,72.877,72.3985,2185.95,1685.64,2124.7,0.54
2016-09-26 11:30:00,73.04,73.88,73.25,72.92,2172.0,0.21,0.29,72.664,72.936,72.3185,2330.15,1838.03,2195.08,1.07
2016-09-26 11:00:00,72.22,73.1,73.04,72.01,1414.0,0.82,1.14,72.59,72.965,72.1825,2133.96,1982.53,2181.03,0.7
2016-09-26 10:30:00,72.01,72.45,72.12,71.7,1883.27,0.11,0.15,72.674,73.056,72.0565,2046.96,2857.56,2183.74,0.93
2016-09-26 10:00:00,72.4,72.5,72.01,71.53,4369.46,-0.39,-0.54,72.93,72.944,72.0085,1847.31,2840.54,2131.82,2.15
2016-09-23 15:00:00,72.9,73.18,72.9,72.85,1812.0,0.0,0.0,73.15,72.854,71.978,1185.32,2545.05,1984.2,0.89
2016-09-23 14:30:00,73.46,73.49,72.88,72.83,1191.08,-0.58,-0.79,73.208,72.639,71.902,1345.92,2484.35,2025.89,0.59
2016-09-23 14:00:00,73.4,73.49,73.46,73.05,979.0,0.06,0.08,73.34,72.457,71.823,1831.1,2426.74,2201.43,0.48
2016-09-23 13:30:00,73.11,73.58,73.4,72.92,885.0,0.29,0.4,73.438,72.245,71.64,3668.16,2410.94,2223.48,0.44
2016-09-23 11:30:00,73.18,73.35,73.11,73.0,1059.52,-0.07,-0.1,72.958,72.062,71.434,3833.76,2461.85,2231.48,0.52
2016-09-23 11:00:00,73.55,73.73,73.19,72.83,2615.0,-0.36,-0.49,72.558,71.92,71.246,3904.79,2563.76,2232.71,1.29
2016-09-23 10:30:00,73.94,74.4,73.54,73.43,3617.0,-0.4,-0.54,72.07,71.701,71.0535,3622.79,2552.14,2153.61,1.78
2016-09-23 10:00:00,71.45,74.81,73.95,71.45,10164.3,2.5,3.5,71.574,71.4,70.849,3022.39,2379.54,2014.51,5.01
2016-09-22 15:00:00,71.13,71.21,71.0,70.91,1713.0,-0.13,-0.18,71.052,71.057,70.6455,1153.73,1509.91,1554.39,0.84
2016-09-22 14:30:00,70.76,71.18,71.11,70.7,1414.63,0.35,0.49,71.166,71.073,70.5805,1089.94,1423.11,1511.54,0.7
2016-09-22 14:00:00,71.06,71.21,70.75,70.75,1205.0,-0.31,-0.44,71.282,71.102,70.5015,1222.74,1423.35,1489.96,0.59
2016-09-22 13:30:00,71.34,71.36,71.06,71.04,615.0,-0.28,-0.39,71.332,71.165,70.444,1481.49,1567.42,1492.81,0.3
2016-09-22 11:30:00,71.57,71.57,71.34,71.15,821.0,-0.23,-0.32,71.226,71.189,70.36,1736.69,1976.11,1553.46,0.4
2016-09-22 11:00:00,71.68,71.8,71.57,71.57,1394.08,-0.11,-0.15,71.062,71.035,70.263,1866.1,2036.01,1563.66,0.69
2016-09-22 10:30:00,70.99,71.85,71.69,70.81,2078.62,0.7,0.99,70.98,70.806,70.1575,1756.29,2001.1,1518.86,1.02
2016-09-22 10:00:00,70.98,71.29,71.0,70.63,2498.73,0.02,0.03,70.922,70.572,70.0425,1623.96,1901.66,1445.63,1.23
2016-09-21 15:00:00,70.52,70.69,70.53,70.44,1891.0,0.01,0.01,70.998,70.406,69.973,1653.36,1755.08,1346.09,0.93
2016-09-21 14:30:00,71.16,71.17,70.52,70.49,1468.08,-0.64,-0.9,71.152,70.298,69.9345,2215.53,1649.48,1353.49,0.72
2016-09-21 14:00:00,71.4,71.44,71.16,71.03,845.0,-0.24,-0.34,71.008,70.234,69.8765,2205.91,1598.88,1412.83,0.42
2016-09-21 13:30:00,71.38,71.57,71.4,71.31,1417.0,0.02,0.03,70.632,70.088,69.7645,2245.91,1599.98,1479.33,0.7
2016-09-21 11:30:00,71.18,71.74,71.38,71.13,2645.73,0.2,0.28,70.222,69.901,69.604,2179.35,1556.58,1490.98,1.3
2016-09-21 11:00:00,69.8,71.61,71.3,69.79,4701.82,1.5,2.15,69.814,69.723,69.4255,1856.8,1418.2,1395.24,2.32
2016-09-21 10:30:00,69.28,69.98,69.8,69.23,1420.0,0.52,0.75,69.444,69.531,69.2565,1083.44,1130.82,1190.65,0.7
2016-09-21 10:00:00,69.01,69.49,69.28,69.01,1045.0,0.27,0.39,69.46,69.491,69.1615,991.84,1091.32,1138.6,0.51
2016-09-20 15:00:00,69.34,69.65,69.35,69.32,1084.2,0.01,0.01,69.544,69.509,69.101,954.04,1036.62,1101.1,0.53
2016-09-20 14:30:00,69.45,69.65,69.34,69.34,1033.0,-0.11,-0.16,69.58,69.513,69.027,933.8,989.6,1063.54,0.51
2016-09-20 14:00:00,69.88,69.97,69.45,69.45,834.99,-0.43,-0.62,69.632,69.54,68.9675,979.6,937.1,1036.04,0.41
2016-09-20 13:30:00,69.7,70.0,69.88,69.7,962.01,0.18,0.26,69.618,69.571,68.895,1178.2,1057.5,1060.34,0.47
2016-09-20 11:30:00,69.61,69.74,69.7,69.52,856.0,0.09,0.13,69.522,69.519,68.786,1190.8,1226.78,1065.44,0.42
2016-09-20 11:00:00,69.6,69.69,69.53,69.47,983.01,-0.07,-0.1,69.474,69.441,68.699,1119.2,1358.68,1103.78,0.48
2016-09-20 10:30:00,69.38,69.75,69.6,69.32,1262.0,0.22,0.32,69.446,69.307,68.615,1045.4,1425.38,1084.68,0.62
2016-09-20 10:00:00,69.7,69.98,69.38,69.15,1828.0,-0.32,-0.46,69.448,69.128,68.5295,894.6,1372.28,1060.28,0.9
2016-09-19 15:00:00,69.46,69.52,69.4,69.3,1025.0,-0.06,-0.09,69.524,68.982,68.4265,936.8,1250.48,1006.28,0.5
2016-09-19 14:30:00,69.39,69.46,69.46,69.33,498.0,0.07,0.1,69.516,68.832,68.3215,1262.76,1185.88,1020.15,0.25
2016-09-19 14:00:00,69.61,69.69,69.39,69.32,614.01,-0.22,-0.32,69.408,68.693,68.225,1598.16,1165.58,1043.65,0.3
2016-09-19 13:30:00,69.8,69.84,69.61,69.55,508.0,-0.19,-0.27,69.168,68.541,68.163,1805.36,1137.48,1073.15,0.25
2016-09-19 11:30:00,69.36,70.09,69.76,69.36,2039.0,0.4,0.58,68.808,68.395,68.103,1849.96,1134.98,1138.9,1.0
2016-09-19 11:00:00,68.91,69.66,69.36,68.83,2654.8,0.45,0.65,68.44,68.219,68.01,1564.16,1063.18,1120.6,1.31
2016-09-19 10:30:00,68.19,68.92,68.92,68.19,2175.0,0.73,1.07,68.148,68.053,67.942,1109.0,904.1,1057.51,1.07
2016-09-19 10:00:00,67.81,68.8,68.19,67.81,1650.0,0.38,0.56,67.978,67.957,67.911,733.0,848.88,1017.26,0.81
2016-09-14 15:00:00,67.92,67.93,67.81,67.75,731.0,-0.11,-0.16,67.914,67.923,67.919,469.6,743.98,1003.26,0.36
2016-09-14 14:30:00,67.9,68.0,67.92,67.76,609.99,0.02,0.03,67.982,67.931,67.962,420.0,748.28,1018.36,0.3
2016-09-14 14:00:00,68.07,68.1,67.9,67.9,379.0,-0.17,-0.25,67.998,67.871,68.03,562.2,762.08,1021.91,0.19
2016-09-14 13:30:00,67.87,68.13,68.07,67.86,295.0,0.2,0.29,67.958,67.811,68.0945,699.2,854.43,1075.6,0.15
2016-09-14 11:30:00,68.15,68.15,67.87,67.81,333.01,-0.28,-0.41,67.936,67.757,68.1295,964.76,921.73,1235.36,0.16
2016-09-14 11:00:00,68.0,68.2,68.15,67.98,483.0,0.15,0.22,67.932,67.785,68.286,1018.36,1008.83,1298.38,0.24
2016-09-14 10:30:00,67.61,68.36,68.0,67.6,1321.0,0.39,0.58,67.88,67.811,68.4295,1076.56,1142.83,1342.28,0.65
2016-09-14 10:00:00,67.35,67.85,67.7,67.28,1064.0,0.35,0.52,67.744,67.801,68.5865,961.96,1178.03,1331.73,0.52
2016-09-13 15:00:00,67.85,68.06,67.96,67.65,1622.8,0.11,0.16,67.664,67.831,68.7825,1009.65,1210.93,1293.83,0.8
2016-09-13 14:30:00,67.89,67.94,67.85,67.59,601.0,-0.04,-0.06,67.578,67.865,68.9555,878.69,1185.65,1239.79,0.3
2016-09-13 14:00:00,67.32,68.19,67.89,67.27,774.0,0.57,0.85,67.638,67.915,69.1385,999.29,1262.55,1288.14,0.38
2016-09-13 13:30:00,67.27,67.6,67.32,67.22,748.0,0.05,0.07,67.742,67.993,69.316,1209.09,1288.45,1339.04,0.37
2016-09-13 11:30:00,67.53,67.56,67.3,67.18,1302.46,-0.23,-0.34,67.858,68.189,69.5605,1394.09,1281.75,1389.09,0.64
2016-09-13 11:00:00,68.15,68.3,67.53,67.2,968.0,-0.62,-0.91,67.998,68.378,69.8115,1412.2,1296.78,1390.97,0.48
2016-09-13 10:30:00,68.41,68.48,68.15,67.99,1204.0,-0.26,-0.38,68.152,68.502,70.0355,1492.6,1548.99,1409.67,0.59
2016-09-13 10:00:00,68.77,68.9,68.41,68.37,1823.0,-0.36,-0.52,68.192,68.787,70.2405,1525.8,1587.94,1403.17,0.9
2016-09-12 15:00:00,68.0,68.27,67.9,67.9,1673.0,-0.1,-0.15,68.244,69.048,70.429,1367.8,1541.74,1339.37,0.82
2016-09-12 14:30:00,68.3,68.42,68.0,68.0,1393.0,-0.3,-0.44,68.52,69.372,70.657,1169.4,1485.44,1290.77,0.69
2016-09-12 14:00:00,68.35,68.64,68.3,68.18,1370.0,-0.05,-0.07,68.758,69.734,70.8705,1181.36,1376.74,1269.32,0.67
2016-09-12 13:30:00,68.67,68.67,68.35,68.13,1370.0,-0.32,-0.47,68.852,70.046,71.073,1605.38,1293.94,1277.82,0.67
2016-09-12 11:30:00,69.28,69.28,68.67,68.6,1033.0,-0.61,-0.88,69.382,70.362,71.2715,1650.08,1313.74,1284.62,0.51
2016-09-12 11:00:00,69.16,69.37,69.28,68.86,681.0,0.12,0.17,69.852,70.639,71.4465,1715.68,1389.64,1328.22,0.34
2016-09-12 10:30:00,68.77,69.43,69.19,68.77,1452.8,0.42,0.61,70.224,70.932,71.626,1801.48,1496.44,1379.12,0.72
