date,open,high,close,low,volume,price_change,p_change,ma5,ma10,ma20,v_ma5,v_ma10,v_ma20,turnover
2017-03-17 15:00:00,70.47,70.48,69.79,69.5,5206.72,-0.68,-0.96,70.146,69.234,68.6125,5679.74,4743.19,4240.1,1.4
2017-03-17 14:00:00,70.19,70.78,70.47,70.19,2299.0,0.28,0.4,69.978,68.989,68.486,5117.8,4385.92,4094.48,0.62
2017-03-17 11:30:00,71.35,71.39,70.2,70.0,4263.0,-1.15,-1.61,69.674,68.671,68.334,5237.88,4618.48,4124.26,1.15
2017-03-17 10:30:00,68.81,71.59,71.39,68.81,13340.0,2.58,3.75,69.42,68.481,68.1635,6524.28,4463.65,3999.47,3.6
2017-03-16 15:00:00,68.94,69.01,68.88,68.84,3290.0,-0.06,-0.09,68.604,68.152,67.9275,4196.83,3306.85,3619.87,0.89
2017-03-16 14:00:00,68.95,69.08,68.95,68.81,2397.0,0.0,0.0,68.322,68.057,67.8395,3806.63,3289.35,3544.27,0.65
2017-03-16 11:30:00,68.93,69.17,68.95,68.55,2899.4,0.02,0.03,68.0,67.992,67.7495,3654.03,3566.25,3477.22,0.78
2017-03-16 10:30:00,67.3,69.45,68.93,67.2,10695.0,1.63,2.42,67.668,67.952,67.6675,3999.08,3699.61,3422.75,2.88
2017-03-15 15:00:00,67.47,67.48,67.31,67.21,1702.77,-0.16,-0.24,67.542,67.923,67.568,2403.02,3119.54,3113.75,0.46
2017-03-15 14:00:00,67.34,67.47,67.47,67.03,1339.0,0.13,0.19,67.7,67.959,67.5825,2416.86,3131.53,3172.66,0.36
2017-03-15 11:30:00,67.29,67.38,67.34,67.02,1634.0,0.05,0.07,67.792,67.991,67.5855,2772.06,3737.02,3209.2,0.44
2017-03-15 10:30:00,68.01,68.01,67.29,66.84,4624.61,-0.72,-1.06,67.984,67.983,67.5945,3478.46,3803.04,3230.77,1.25
2017-03-14 15:00:00,68.11,68.35,68.3,68.0,2714.7,0.19,0.28,68.236,67.997,67.61,3400.14,3630.04,3254.96,0.73
2017-03-14 14:00:00,67.96,68.11,68.1,67.9,1772.0,0.14,0.21,68.304,67.846,67.5625,3836.06,3535.28,3312.23,0.48
2017-03-14 11:30:00,68.3,68.45,67.93,67.89,3115.0,-0.37,-0.54,68.218,67.703,67.509,3846.19,3932.88,3491.38,0.84
2017-03-14 10:30:00,68.4,68.76,68.3,68.17,5166.0,-0.1,-0.15,68.19,67.622,67.4795,4701.98,3799.18,3613.31,1.39
2017-03-13 15:00:00,68.6,68.68,68.55,68.36,4233.0,-0.05,-0.07,67.982,67.507,67.439,4127.62,3388.2,3870.66,1.14
2017-03-13 14:00:00,67.67,68.73,68.64,67.67,4894.31,0.97,1.43,67.758,67.383,67.4545,3859.95,3145.9,3802.06,1.32
2017-03-13 11:30:00,67.8,67.8,67.67,67.3,1822.64,-0.13,-0.19,67.388,67.213,67.429,3234.51,3107.97,3751.71,0.49
2017-03-13 10:30:00,66.52,67.98,67.79,66.26,7393.93,1.27,1.91,67.188,67.206,67.386,4019.58,3213.8,4420.62,1.99
2017-03-10 15:00:00,67.43,67.44,67.26,67.11,2294.21,-0.17,-0.25,67.054,67.18,67.405,2896.39,2681.38,4458.29,0.62
2017-03-10 14:00:00,66.8,67.48,67.43,66.51,2894.64,0.63,0.94,67.032,67.206,67.55,2648.78,2658.49,4434.28,0.78
2017-03-10 11:30:00,66.7,66.9,66.79,66.5,1767.12,0.09,0.13,67.008,67.223,67.6785,2431.85,2879.87,4343.45,0.48
2017-03-10 10:30:00,66.97,67.0,66.67,66.13,5748.0,-0.3,-0.45,67.038,67.279,67.8635,2981.43,3089.17,4360.96,1.55
2017-03-09 15:00:00,67.15,67.3,67.12,66.98,1778.0,-0.03,-0.04,67.224,67.315,68.025,2408.03,3049.87,4210.51,0.88
2017-03-09 14:00:00,67.18,67.38,67.15,67.11,1056.14,-0.03,-0.04,67.306,67.337,68.2215,2466.37,3427.43,4181.61,0.52
2017-03-09 11:30:00,66.94,67.58,67.31,66.86,1810.0,0.37,0.55,67.38,67.371,68.419,2668.21,4353.12,4167.91,0.89
2017-03-09 10:30:00,67.68,67.7,66.94,66.8,4515.0,-0.74,-1.09,67.438,67.526,68.598,3327.89,4458.22,4139.16,2.22
2017-03-08 15:00:00,67.53,67.6,67.6,67.3,2881.0,0.07,0.1,67.52,67.645,68.781,3196.9,4395.46,4056.41,1.42
2017-03-08 14:00:00,67.52,67.65,67.53,67.35,2069.7,0.01,0.01,67.406,67.566,68.9965,3691.7,5627.43,3980.78,1.02
2017-03-08 11:30:00,67.6,67.6,67.52,67.41,2065.34,-0.08,-0.12,67.368,67.63,69.223,4388.49,6235.2,3919.39,1.02
2017-03-08 10:30:00,67.33,67.67,67.6,67.26,5108.4,0.27,0.4,67.362,67.894,69.444,6038.02,6210.06,3876.12,2.52
2017-03-07 15:00:00,67.03,67.49,67.35,66.94,3860.08,0.32,0.48,67.614,68.134,69.679,5588.54,5807.02,3737.76,1.9
2017-03-07 14:00:00,67.34,67.46,67.03,66.8,5355.0,-0.31,-0.46,67.77,68.448,69.953,5594.01,5632.76,3655.67,2.64
2017-03-07 11:30:00,67.49,67.52,67.34,67.01,5553.64,-0.15,-0.22,67.726,68.735,70.193,7563.15,5371.16,3447.77,2.74
2017-03-07 10:30:00,68.04,68.37,67.49,67.38,10313.0,-0.55,-0.81,67.892,69.106,70.4135,8081.9,4935.8,3277.64,5.08
2017-03-06 15:00:00,68.13,68.99,68.86,68.0,2861.0,0.73,1.07,68.426,69.467,70.6415,6382.1,3982.7,2834.99,1.41
2017-03-06 14:00:00,66.81,68.6,68.13,66.81,3887.4,1.32,1.98,68.654,69.67,70.8425,6025.5,3820.1,2740.79,1.91
2017-03-06 11:30:00,68.2,68.39,66.81,66.81,15200.7,-1.39,-2.04,69.126,69.917,71.0855,5671.5,3717.35,2592.07,7.49
2017-03-06 10:30:00,69.12,69.88,68.17,68.17,8147.39,-0.95,-1.37,69.744,70.427,71.4075,3179.17,2334.13,1900.69,4.01
2017-03-03 15:00:00,70.0,70.49,70.16,69.99,1814.0,0.16,0.23,70.32,70.816,71.659,1789.69,1603.59,1631.57,0.89
2017-03-03 14:00:00,70.49,70.55,70.0,70.0,1078.0,-0.49,-0.7,70.508,70.994,71.781,1583.29,1542.19,1615.57,0.53
2017-03-03 11:30:00,69.9,70.78,70.49,69.56,2117.45,0.59,0.84,70.686,71.224,71.92,1614.69,1668.49,1609.92,1.04
2017-03-03 10:30:00,71.0,71.14,69.9,69.85,2739.01,-1.1,-1.55,70.708,71.458,72.039,1763.2,1678.59,1600.19,1.35
2017-03-02 15:00:00,71.1,71.18,71.05,70.8,1200.0,-0.05,-0.07,71.11,71.651,72.1545,1489.09,1524.39,1560.04,0.59
2017-03-02 14:00:00,70.89,71.1,71.1,70.69,782.0,0.21,0.3,71.312,71.721,72.1885,1417.49,1619.49,1574.98,0.39
2017-03-02 11:30:00,70.6,71.01,70.89,70.5,1235.0,0.29,0.41,71.48,71.816,72.2225,1501.09,1687.29,1697.68,0.61
2017-03-02 10:30:00,71.88,71.88,70.6,70.52,2860.0,-1.28,-1.78,71.762,72.015,72.2135,1722.29,1661.49,1688.74,1.41
2017-03-01 15:00:00,72.06,72.19,71.91,71.81,1368.43,-0.15,-0.21,72.208,72.254,72.209,1593.97,1466.79,1619.84,0.67
2017-03-01 14:00:00,71.94,72.3,72.06,71.94,842.0,0.12,0.17,72.192,72.388,72.1775,1559.69,1467.24,1623.71,0.41
2017-03-01 11:30:00,72.31,72.41,71.94,71.81,1200.0,-0.37,-0.51,72.13,72.502,72.1385,1821.49,1659.54,1610.04,0.59
2017-03-01 10:30:00,72.5,73.0,72.3,71.9,2341.0,-0.2,-0.28,72.152,72.568,72.096,1873.49,1688.94,1595.94,1.15
2017-02-28 15:00:00,71.83,72.85,72.83,71.83,2218.43,1.0,1.39,72.268,72.616,72.041,1600.69,1551.34,1539.69,1.09
2017-02-28 14:00:00,71.75,71.9,71.83,71.25,1197.0,0.08,0.11,72.3,72.62,71.996,1339.6,1521.8,1501.57,0.59
2017-02-28 11:30:00,72.05,72.05,71.75,71.1,2151.0,-0.3,-0.42,72.584,72.658,71.9825,1374.8,1595.7,1480.77,1.06
2017-02-28 10:30:00,72.7,73.22,72.05,71.8,1460.0,-0.65,-0.89,72.874,72.656,71.974,1497.6,1530.48,1424.12,0.72
2017-02-27 15:00:00,72.99,72.99,72.88,72.5,977.0,-0.11,-0.15,72.984,72.629,71.929,1504.4,1708.08,1429.37,0.48
2017-02-27 14:00:00,73.25,73.26,72.99,72.62,913.0,-0.26,-0.35,72.964,72.412,71.833,1502.0,1715.98,1458.57,0.45
2017-02-27 11:30:00,73.2,73.31,73.25,72.93,1373.0,0.05,0.07,72.94,72.164,71.6985,1704.0,1772.88,1459.17,0.68
2017-02-27 10:30:00,72.41,73.5,73.2,72.09,2765.0,0.79,1.09,72.732,71.967,71.549,1816.6,1780.18,1446.77,1.36
2017-02-24 15:00:00,72.78,72.82,72.6,72.51,1494.0,-0.18,-0.25,72.438,71.775,71.413,1563.37,1560.54,1412.3,0.74
2017-02-24 14:00:00,72.9,72.95,72.78,72.63,965.0,-0.12,-0.16,72.274,71.624,71.2905,1911.77,1502.94,1415.05,0.48
2017-02-24 11:30:00,72.21,72.87,72.87,71.84,1923.0,0.66,0.91,71.86,71.466,71.1515,1929.97,1528.04,1496.06,0.95
2017-02-24 10:30:00,71.62,72.69,72.21,71.5,1936.0,0.59,0.82,71.388,71.372,71.039,1841.77,1481.34,1555.94,0.95
2017-02-23 15:00:00,71.78,71.8,71.73,71.3,1498.84,-0.05,-0.07,71.202,71.307,71.0305,1743.77,1365.84,1526.84,0.74
2017-02-23 14:00:00,70.71,72.08,71.78,70.65,3236.0,1.07,1.51,71.112,71.292,71.0595,1557.71,1317.76,1521.7,1.59
2017-02-23 11:30:00,70.51,70.75,70.71,70.33,1056.0,0.2,0.28,70.974,71.229,71.098,1094.11,1150.66,1391.55,0.52
2017-02-23 10:30:00,71.47,71.47,70.51,70.33,1482.0,-0.96,-1.34,71.072,71.254,71.1815,1126.11,1201.15,1385.4,0.73
2017-02-22 15:00:00,71.28,71.36,71.28,70.8,1446.0,0.0,0.0,71.356,71.233,71.2815,1120.91,1145.45,1381.5,0.71
2017-02-22 14:00:00,71.13,71.28,71.28,70.94,568.56,0.15,0.21,71.412,71.131,71.375,987.91,1113.35,1385.15,0.28
2017-02-22 11:30:00,71.2,71.34,71.09,70.71,918.0,-0.11,-0.15,71.472,71.051,71.498,1077.8,1264.06,1390.61,0.45
2017-02-22 10:30:00,71.87,71.87,71.2,71.11,1216.0,-0.67,-0.93,71.484,70.957,71.6135,1207.2,1327.16,1389.18,0.6
2017-02-21 15:00:00,71.56,71.99,71.93,71.47,1456.0,0.37,0.52,71.436,70.837,71.7235,1276.19,1464.08,1389.78,0.72
2017-02-21 14:00:00,71.58,71.69,71.56,71.11,781.0,-0.02,-0.03,71.11,70.706,71.805,1169.99,1630.55,1380.73,0.38
2017-02-21 11:30:00,71.15,71.58,71.58,71.03,1018.0,0.43,0.6,70.85,70.754,71.9115,1238.79,1687.85,1381.88,0.5
2017-02-21 10:30:00,70.7,71.28,71.15,70.64,1565.01,0.45,0.64,70.63,70.827,72.0165,1450.32,1725.65,1372.38,0.77
2017-02-20 15:00:00,70.3,71.0,70.96,70.25,1560.96,0.66,0.94,70.43,70.967,72.149,1447.12,1632.44,1342.33,0.77
2017-02-20 14:00:00,70.26,70.5,70.3,70.15,925.0,0.04,0.06,70.238,71.109,72.297,1651.97,1569.65,1336.03,0.46
2017-02-20 11:30:00,70.48,70.48,70.26,70.0,1125.0,-0.22,-0.31,70.302,71.33,72.473,2091.1,1617.55,1344.98,0.55
2017-02-20 10:30:00,71.01,71.01,70.48,70.1,2075.64,-0.53,-0.75,70.658,71.619,72.658,2136.9,1656.95,1390.28,1.02
2017-02-17 15:00:00,70.0,70.2,70.15,69.94,1549.01,0.15,0.21,71.024,71.945,72.789,2000.97,1517.16,1345.3,0.76
2017-02-17 14:00:00,70.62,70.62,70.0,69.88,2585.2,-0.62,-0.88,71.504,72.27,72.9665,1817.77,1451.2,1313.99,1.27
2017-02-17 11:30:00,72.04,72.04,70.62,70.08,3120.64,-1.42,-1.97,71.98,72.61,73.1445,1487.33,1315.48,1256.5,1.54
2017-02-17 10:30:00,72.28,72.53,72.04,71.9,1354.0,-0.24,-0.33,72.358,72.904,73.327,1144.0,1130.91,1145.67,0.67
2017-02-16 15:00:00,72.55,72.55,72.31,72.16,1396.0,-0.24,-0.33,72.58,73.069,73.464,1177.0,1075.91,1214.97,0.69
2017-02-16 14:00:00,72.38,72.59,72.55,72.38,633.0,0.17,0.23,72.866,73.206,73.557,1033.36,1019.11,1197.97,0.31
2017-02-16 11:30:00,72.51,72.51,72.38,72.36,933.0,-0.13,-0.18,73.036,73.331,73.638,1084.62,1052.21,1214.37,0.46
2017-02-16 10:30:00,72.3,72.79,72.51,72.3,1404.0,0.21,0.29,73.24,73.485,73.719,1143.62,1102.41,1209.67,0.69
2017-02-15 15:00:00,73.74,73.74,73.15,72.76,1519.0,-0.59,-0.8,73.45,73.616,73.8055,1117.82,1072.41,1237.87,0.75
2017-02-15 14:00:00,73.4,73.96,73.74,73.32,677.8,0.34,0.46,73.558,73.697,73.8015,974.82,1123.61,1260.42,0.33
2017-02-15 11:30:00,73.4,73.54,73.4,73.19,889.31,0.0,0.0,73.546,73.633,73.774,1004.86,1173.43,1270.45,0.44
2017-02-15 10:30:00,74.03,74.2,73.4,73.31,1228.0,-0.63,-0.85,73.626,73.663,73.7185,1019.81,1176.79,1269.58,0.6
2017-02-14 15:00:00,73.69,73.78,73.56,73.5,1275.0,-0.13,-0.18,73.73,73.679,73.6745,1061.21,1197.52,1260.53,0.63
2017-02-14 14:00:00,73.68,73.98,73.69,73.68,804.0,0.01,0.01,73.782,73.75,73.6675,1027.01,1160.42,1293.62,0.4
2017-02-14 11:30:00,73.8,74.2,73.68,73.51,828.0,-0.12,-0.16,73.836,73.859,73.649,1272.41,1354.02,1297.52,0.41
2017-02-14 10:30:00,74.01,74.08,73.8,73.53,964.03,-0.21,-0.28,73.72,73.908,73.646,1342.01,1376.82,1311.52,0.47
2017-02-13 15:00:00,73.82,74.03,73.92,73.8,1435.0,0.1,0.14,73.7,73.945,73.672,1333.78,1376.52,1314.62,0.71
2017-02-13 14:00:00,73.96,74.23,73.82,73.7,1104.0,-0.14,-0.19,73.628,73.953,73.6965,1333.84,1316.92,1293.02,0.54
2017-02-13 11:30:00,73.1,74.18,73.96,72.0,2031.0,0.86,1.18,73.718,73.995,73.728,1293.84,1403.32,1263.92,1.0
2017-02-13 10:30:00,73.0,73.54,73.1,73.0,1176.0,0.1,0.14,73.882,73.906,73.7455,1435.64,1397.22,1211.22,0.58
2017-02-10 15:00:00,73.56,74.05,73.7,73.55,922.88,0.14,0.19,74.096,73.915,73.795,1411.64,1367.46,1192.42,0.45
2017-02-10 14:00:00,74.27,74.38,73.56,73.38,1435.31,-0.71,-0.96,74.19,73.774,73.8255,1419.26,1362.37,1166.58,0.71
2017-02-10 11:30:00,74.78,75.1,74.27,74.2,904.0,-0.51,-0.68,74.278,73.67,73.8725,1300.0,1323.54,1122.89,0.45
2017-02-10 10:30:00,74.18,75.99,74.78,73.21,2740.0,0.6,0.81,74.272,73.585,73.8725,1512.8,1426.81,1114.11,1.35
2017-02-09 15:00:00,74.17,74.49,74.17,73.92,1056.0,0.0,0.0,73.93,73.439,73.8685,1358.8,1241.01,1008.04,0.52
2017-02-09 14:00:00,74.0,74.3,74.17,73.84,961.01,0.17,0.23,73.734,73.384,73.875,1323.28,1246.21,989.75,0.47
2017-02-09 11:30:00,74.24,74.26,74.0,73.83,839.0,-0.24,-0.32,73.358,73.399,73.8955,1305.48,1252.71,963.0,0.41
2017-02-09 10:30:00,73.52,74.7,74.24,73.51,1967.99,0.72,0.98,73.062,73.44,73.94,1347.08,1269.11,954.13,0.97
2017-02-08 15:00:00,73.05,73.15,73.07,72.92,1970.0,0.02,0.03,72.898,73.461,73.973,1340.83,1124.51,910.43,0.97
2017-02-08 14:00:00,72.3,73.45,73.19,72.3,878.42,0.89,1.23,72.948,73.585,74.07,1123.23,1025.21,1043.11,0.43
2017-02-08 11:30:00,72.52,72.58,72.29,72.2,872.0,-0.23,-0.32,73.034,73.675,74.1745,1169.14,1017.37,1125.34,0.43
2017-02-08 10:30:00,73.65,73.65,72.52,72.28,1047.0,-1.13,-1.53,73.44,73.877,74.253,1199.94,970.78,1116.17,0.52
2017-02-07 15:00:00,73.32,73.5,73.42,72.0,1936.71,0.1,0.14,73.818,74.075,74.3195,1191.14,922.24,1123.27,0.95
2017-02-07 14:00:00,73.62,73.62,73.32,73.12,882.0,-0.3,-0.41,74.024,74.16,74.371,908.2,801.41,1326.93,0.43
2017-02-07 11:30:00,74.32,74.34,73.62,73.58,1108.0,-0.7,-0.94,74.222,74.298,74.3025,927.2,775.07,1386.6,0.55
2017-02-07 10:30:00,74.32,74.52,74.32,74.03,1026.0,0.0,0.0,74.316,74.366,74.1225,865.6,733.28,1450.95,0.51
2017-02-06 15:00:00,74.45,74.45,74.41,74.18,1003.0,-0.04,-0.05,74.314,74.392,73.945,741.62,673.28,1587.23,0.49
2017-02-06 14:00:00,74.39,74.5,74.45,74.29,522.0,0.06,0.08,74.332,74.44,73.9185,653.34,639.15,1631.45,0.26
2017-02-06 11:30:00,74.09,74.5,74.31,74.09,977.0,0.22,0.3,74.296,74.485,73.8315,694.62,696.34,1780.3,0.48
2017-02-06 10:30:00,74.2,74.88,74.09,73.61,800.0,-0.11,-0.15,74.374,74.555,73.818,622.94,1061.01,1792.15,0.39
2017-02-03 15:00:00,74.5,74.55,74.31,74.19,406.1,-0.19,-0.26,74.416,74.674,73.831,600.96,1233.3,1825.55,0.2
2017-02-03 14:00:00,74.3,75.0,74.5,74.3,561.62,0.2,0.27,74.47,74.629,73.8655,604.94,1261.56,1879.83,0.28
2017-02-03 11:30:00,74.7,74.7,74.27,73.75,728.38,-0.43,-0.58,74.548,74.564,73.9155,624.96,1324.3,1919.27,0.36
2017-02-03 10:30:00,74.88,75.45,74.7,74.51,618.62,-0.18,-0.24,74.674,74.582,73.9555,698.06,1852.45,1951.7,0.3
2017-01-26 15:00:00,74.58,74.79,74.3,74.3,690.1,-0.28,-0.38,74.736,74.307,73.984,1499.07,1998.12,1996.37,0.34
2017-01-26 14:00:00,74.89,74.89,74.58,74.25,426.0,-0.31,-0.41,74.932,73.879,74.014,1865.64,2168.61,2061.84,0.21
2017-01-26 11:30:00,74.9,74.95,74.89,74.5,661.7,-0.01,-0.01,74.788,73.498,74.008,1918.18,2501.18,2084.09,0.33
2017-01-26 10:30:00,75.52,75.52,74.9,74.73,1093.88,-0.62,-0.82,74.58,73.397,74.006,2023.64,2623.75,2106.18,0.54
2017-01-25 15:00:00,75.28,76.0,75.01,74.81,4623.68,-0.27,-0.36,74.49,73.178,74.005,3006.84,2864.26,2117.54,2.28
2017-01-25 14:00:00,73.86,75.57,75.28,73.17,2522.95,1.42,1.92,73.878,73.081,73.8995,2497.17,2523.3,2052.68,1.24
2017-01-25 11:30:00,73.85,74.35,73.86,73.8,688.7,0.01,0.01,72.826,72.988,73.8335,2471.58,2417.8,1967.28,0.34
2017-01-25 10:30:00,73.5,74.52,73.85,73.02,1189.0,0.35,0.48,72.208,73.102,73.863,3084.17,2498.09,1999.85,0.59
2017-01-24 15:00:00,71.95,74.5,74.45,71.9,6009.88,2.5,3.47,72.214,73.267,73.8955,3223.86,2514.24,2042.35,2.96
2017-01-24 14:00:00,70.02,71.95,71.95,70.02,2075.32,1.93,2.76,71.866,73.329,74.008,2721.69,2050.95,1933.96,1.02
2017-01-24 11:30:00,70.77,70.88,70.02,70.0,2395.0,-0.75,-1.06,72.284,73.661,74.2805,2549.42,1994.62,1936.02,1.18
2017-01-24 10:30:00,72.96,72.96,70.77,70.15,3751.64,-2.19,-3.0,73.15,74.149,74.488,2364.02,1955.07,1884.57,1.85
2017-01-23 15:00:00,72.74,74.45,73.88,72.67,1887.48,1.14,1.57,73.996,74.518,74.633,1912.01,1667.0,1877.87,0.93
2017-01-23 14:00:00,74.04,74.45,72.71,67.26,3499.0,-1.33,-1.8,74.32,74.615,74.934,1804.61,1588.61,2293.34,1.72
2017-01-23 11:30:00,74.35,74.45,74.04,74.02,1214.0,-0.31,-0.42,74.792,74.832,74.9985,1380.21,1370.81,2180.69,0.6
2017-01-23 10:30:00,75.45,75.45,74.35,73.88,1468.0,-1.1,-1.46,75.038,74.718,74.9655,1439.81,1582.07,2562.39,0.72
2017-01-20 15:00:00,75.5,75.5,75.0,74.68,1491.59,-0.5,-0.66,75.148,74.679,75.0035,1546.11,1516.77,2810.8,0.73
2017-01-20 14:00:00,75.06,75.57,75.5,74.9,1350.48,0.44,0.59,75.04,74.624,75.2435,1422.0,1501.61,2987.47,0.67
2017-01-20 11:30:00,75.27,75.65,75.07,74.88,1377.0,-0.2,-0.27,74.91,74.524,75.5185,1372.6,1570.46,3103.55,0.68
2017-01-20 10:30:00,73.47,75.45,75.27,73.18,1512.0,1.8,2.45,74.872,74.687,75.862,1361.4,1816.96,3198.9,0.74
2017-01-19 15:00:00,74.46,75.06,74.9,74.08,1999.5,0.44,0.59,74.398,74.9,76.1935,1724.32,1877.42,3637.77,0.98
2017-01-19 14:00:00,74.75,74.88,74.46,74.08,871.0,-0.29,-0.39,74.21,74.827,76.462,1487.42,1814.07,3768.55,0.43
2017-01-19 11:30:00,74.87,75.47,74.85,74.31,1103.49,-0.02,-0.03,74.208,74.748,76.6665,1581.22,2088.74,3837.65,0.54
2017-01-19 10:30:00,74.0,74.91,74.88,73.6,1321.0,0.88,1.19,74.138,75.253,76.882,1768.32,2998.08,3929.74,0.65
2017-01-18 15:00:00,73.96,76.96,72.9,72.7,3326.62,-1.06,-1.43,74.502,75.165,77.053,2272.52,2990.58,4034.12,1.64
2017-01-18 14:00:00,74.45,74.47,73.96,73.56,815.0,-0.49,-0.66,75.402,75.213,77.259,2030.52,3542.72,3957.24,0.4
2017-01-18 11:30:00,74.5,74.5,74.45,73.21,1340.0,-0.05,-0.07,75.444,75.328,77.436,2140.72,4104.84,4006.74,0.66
2017-01-18 10:30:00,76.1,76.51,74.5,74.02,2039.0,-1.6,-2.1,75.288,75.863,77.576,2596.25,4473.34,4052.26,1.0
2017-01-17 15:00:00,77.5,78.0,76.7,76.25,3842.0,-0.8,-1.03,76.368,76.513,77.7735,4227.83,4636.64,4010.93,1.89
2017-01-17 14:00:00,74.23,77.4,77.4,74.01,2116.62,3.17,4.27,75.828,77.037,77.8705,3708.63,4580.84,3914.38,1.04
2017-01-17 11:30:00,73.67,76.2,74.17,73.67,1366.0,0.5,0.68,75.024,77.487,77.942,5054.91,5398.12,3842.65,0.67
2017-01-17 10:30:00,75.05,76.27,73.67,73.1,3617.65,-1.38,-1.84,75.212,78.097,78.1685,6068.95,5723.02,3814.05,1.78
2017-01-16 15:00:00,74.0,81.3,79.9,71.99,10196.9,5.9,7.97,76.438,78.585,78.4285,6350.42,5586.56,3685.52,5.02
2017-01-16 14:00:00,73.37,74.9,74.0,73.3,1246.0,0.63,0.86,76.658,78.511,78.368,5045.44,4861.41,3274.17,0.61
2017-01-16 11:30:00,75.12,75.12,73.38,72.05,8848.0,-1.74,-2.32,78.246,78.941,78.619,5453.04,5077.66,3260.17,4.36
2017-01-16 10:30:00,79.98,79.99,75.11,74.88,6436.22,-4.87,-6.09,79.95,79.305,78.9195,5741.32,4371.76,2904.67,3.17
2017-01-13 15:00:00,81.0,81.47,79.8,79.31,5024.98,-1.2,-1.48,80.982,79.544,79.1385,5377.09,3908.64,2750.21,2.48
2017-01-13 14:00:00,81.94,81.94,81.0,80.72,3672.0,-0.94,-1.15,80.732,79.289,79.1235,4822.69,3631.18,2693.86,1.81
2017-01-13 11:30:00,81.9,82.01,81.94,81.11,3284.0,0.04,0.05,80.364,79.034,79.031,4677.37,3385.22,2626.59,1.62
2017-01-13 10:30:00,80.0,82.82,81.9,79.8,10289.4,1.9,2.38,79.636,78.704,78.927,4702.27,3247.92,2846.84,5.07
2017-01-12 15:00:00,78.55,80.47,80.27,78.36,4615.07,1.72,2.19,78.66,78.397,78.7295,3002.19,2287.18,2461.57,2.27
2017-01-12 14:00:00,79.13,79.3,78.55,78.52,2253.0,-0.58,-0.73,78.106,78.24,78.591,2440.18,1905.08,2343.69,1.11
2017-01-12 11:30:00,78.3,79.16,79.16,78.0,2945.39,0.86,1.1,77.846,78.272,78.5585,2439.66,1784.48,2262.76,1.45
2017-01-12 10:30:00,77.27,78.95,78.3,77.2,3408.51,1.03,1.33,77.704,78.225,78.5105,2093.08,1686.94,2210.7,1.68
2017-01-11 15:00:00,77.5,77.5,77.02,76.95,1789.0,-0.48,-0.62,77.772,78.297,78.4605,1793.58,1442.69,2183.93,0.88
2017-01-11 14:00:00,77.12,77.64,77.5,76.8,1805.0,0.38,0.49,78.134,78.534,78.535,1572.18,1437.58,2186.61,0.89
2017-01-11 11:30:00,78.45,78.47,77.25,77.08,2250.38,-1.2,-1.53,78.374,78.733,78.579,1369.98,1591.78,2167.69,1.11
2017-01-11 10:30:00,79.0,79.0,78.45,78.32,1212.5,-0.55,-0.7,78.698,78.958,78.6505,1129.3,1756.54,2138.93,0.6
2017-01-10 15:00:00,78.83,78.83,78.64,78.38,1911.0,-0.19,-0.24,78.746,79.028,78.6445,1280.8,1867.96,2200.04,0.94
2017-01-10 14:00:00,78.61,78.96,78.83,78.57,682.0,0.22,0.28,78.822,79.15,78.6745,1091.8,2445.75,2210.78,0.34
2017-01-10 11:30:00,78.87,78.95,78.7,78.41,794.0,-0.17,-0.22,78.934,79.062,78.6655,1302.98,2635.95,2283.03,0.39
2017-01-10 10:30:00,78.3,79.22,78.87,78.11,1047.0,0.57,0.73,79.092,78.942,78.653,1813.58,2782.29,2324.84,0.52
2017-01-09 15:00:00,79.02,79.02,78.69,78.57,1970.0,-0.33,-0.42,79.218,78.845,78.645,2383.78,2741.05,2409.6,0.97
2017-01-09 14:00:00,79.39,79.39,79.02,78.91,966.0,-0.37,-0.47,79.31,78.796,78.6505,2455.12,2734.45,2473.32,0.48
2017-01-09 11:30:00,79.49,79.98,79.39,78.68,1737.9,-0.1,-0.13,79.478,78.624,78.6585,3799.7,2925.18,2530.79,0.86
2017-01-09 10:30:00,78.5,79.49,79.49,78.4,3347.0,0.99,1.26,79.19,78.536,78.678,3968.92,2935.65,2668.17,1.65
2017-01-06 15:00:00,79.13,79.84,79.5,79.03,3898.0,0.37,0.47,78.792,78.425,78.6625,3751.01,2743.6,2710.14,1.92
2017-01-06 14:00:00,79.89,79.9,79.15,78.56,2326.71,-0.74,-0.93,78.472,78.343,78.5535,3098.32,2521.31,2681.31,1.15
2017-01-06 11:30:00,77.78,80.08,79.86,77.78,7688.9,2.08,2.67,78.282,78.261,78.476,3013.78,2532.13,2626.48,3.79
2017-01-06 10:30:00,78.19,78.19,77.95,77.01,2584.0,-0.24,-0.31,77.77,78.199,78.388,2050.66,1975.81,2334.3,1.27
2017-01-05 15:00:00,77.88,78.2,77.5,77.1,2257.42,-0.38,-0.49,77.882,78.269,78.3505,1902.37,1930.11,2370.2,1.11
2017-01-05 14:00:00,78.3,78.35,77.9,77.55,634.58,-0.4,-0.51,78.058,78.364,78.373,1736.19,1867.4,2488.13,0.31
2017-01-05 11:30:00,77.3,78.5,78.2,77.17,1904.0,0.9,1.16,78.214,78.445,78.392,1944.3,2078.14,2594.7,0.94
2017-01-05 10:30:00,76.5,78.66,77.3,76.5,2873.3,0.8,1.05,78.24,78.505,78.431,2050.48,2212.18,2624.7,1.42
2017-01-04 15:00:00,78.38,78.57,78.51,78.33,1842.57,0.13,0.17,78.628,78.693,78.506,1900.95,2136.39,2830.84,0.91
2017-01-04 14:00:00,78.67,78.67,78.38,78.27,1426.5,-0.29,-0.37,78.656,78.82,78.46,1957.84,2400.7,3001.25,0.7
2017-01-04 11:30:00,78.33,78.7,78.68,78.23,1675.15,0.35,0.45,78.67,78.9,78.475,1998.6,2676.68,3102.02,0.83
2017-01-04 10:30:00,79.28,79.39,78.33,78.05,2434.87,-0.95,-1.2,78.676,78.764,78.4545,2211.97,2841.31,3372.36,1.2
2017-01-03 15:00:00,78.65,79.35,79.24,78.54,2125.68,0.59,0.75,78.77,78.691,78.4105,2373.88,2720.82,3654.59,1.05
2017-01-03 14:00:00,78.47,78.94,78.65,78.4,2127.0,0.18,0.23,78.758,78.577,78.2,2371.83,2692.8,3730.25,1.05
2017-01-03 11:30:00,78.71,78.94,78.45,78.18,1630.32,-0.26,-0.33,78.984,78.432,78.001,2843.56,2810.3,3764.78,0.8
2017-01-03 10:30:00,78.8,79.79,78.71,78.56,2742.0,-0.09,-0.11,79.13,78.382,77.7785,3354.75,3108.87,3800.37,1.35
2016-12-30 15:00:00,79.18,79.19,78.8,78.14,3244.4,-0.38,-0.48,78.852,78.339,77.4805,3470.65,3111.27,3827.17,1.6
2016-12-30 14:00:00,79.8,79.98,79.18,79.0,2115.43,-0.62,-0.78,78.612,78.357,77.2175,3067.77,3037.23,3818.46,1.04
2016-12-30 11:30:00,79.13,79.9,79.78,79.0,4485.65,0.65,0.82,78.396,78.319,76.8675,3013.76,3525.29,3838.96,2.21
2016-12-30 10:30:00,77.95,79.2,79.18,77.3,4186.25,1.23,1.58,77.88,78.1,76.527,2777.04,3601.8,3717.8,2.06
2016-12-29 15:00:00,77.6,77.88,77.32,77.02,3321.5,-0.28,-0.36,77.634,78.05,76.2335,2863.0,3527.37,3727.27,1.64
2016-12-29 14:00:00,78.1,78.14,77.6,77.43,1230.0,-0.5,-0.64,77.826,78.145,76.115,2751.9,3903.41,3686.92,0.61
2016-12-29 11:30:00,77.2,78.15,78.1,76.92,1845.4,0.9,1.17,78.102,78.13,75.979,3006.7,4588.35,3770.07,0.91
2016-12-29 10:30:00,77.77,77.96,77.2,76.7,3302.03,-0.57,-0.73,78.242,77.823,75.791,4036.82,4767.71,3761.38,1.63
2016-12-28 15:00:00,78.29,78.4,77.95,77.55,4616.05,-0.34,-0.43,78.32,77.57,75.643,4426.56,4719.26,3786.17,2.27
2016-12-28 14:00:00,78.91,79.0,78.28,78.12,2766.0,-0.63,-0.8,78.466,77.175,75.4485,4191.75,4491.87,3685.54,1.36
2016-12-28 11:30:00,78.8,78.99,78.98,78.68,2504.0,0.18,0.23,78.464,76.622,75.2505,5054.92,4543.07,3704.57,1.23
2016-12-28 10:30:00,77.01,79.05,78.8,77.01,6996.0,1.79,2.32,78.158,76.078,74.9945,6170.01,4599.68,3738.52,3.45
2016-12-27 15:00:00,78.69,78.74,77.59,77.06,5250.74,-1.1,-1.4,77.404,75.416,74.7795,5498.61,4152.64,3706.1,2.59
2016-12-27 14:00:00,78.27,78.68,78.68,77.79,3442.0,0.41,0.52,76.82,74.954,74.5495,5011.97,3833.8,3536.01,1.7
2016-12-27 11:30:00,77.45,78.6,78.27,77.3,7081.88,0.82,1.06,75.884,74.417,74.242,4791.98,3927.16,3460.76,3.49
2016-12-27 10:30:00,74.84,77.79,77.45,74.33,8079.43,2.61,3.49,74.78,74.085,73.971,4031.21,3470.42,3211.77,3.98
2016-12-26 15:00:00,74.67,75.45,75.03,74.67,3639.0,0.36,0.48,73.998,73.828,73.718,3029.36,2951.78,2929.7,1.79
2016-12-26 14:00:00,74.0,74.67,74.67,73.95,2817.55,0.67,0.91,73.428,73.759,73.5615,2806.67,2755.04,2869.0,1.39
2016-12-26 11:30:00,72.71,74.17,74.0,72.69,2342.06,1.29,1.77,73.088,73.716,73.436,2655.63,2853.07,2871.22,1.15
2016-12-26 10:30:00,72.4,73.0,72.75,71.51,3278.01,0.35,0.48,72.95,73.722,73.356,3062.34,2879.22,2859.89,1.61
2016-12-23 15:00:00,72.18,73.68,73.54,72.18,3070.17,1.36,1.88,73.39,73.879,73.3575,2909.63,2866.08,2901.12,1.51
2016-12-23 14:00:00,72.99,73.0,72.18,72.13,2525.57,-0.81,-1.11,73.658,73.911,73.3745,2874.2,2877.36,2890.4,1.24
2016-12-23 11:30:00,73.31,73.6,72.97,72.97,2062.35,-0.34,-0.46,74.09,74.143,73.448,2703.4,3259.56,2807.72,1.02
2016-12-23 10:30:00,75.08,75.24,73.31,72.92,4375.58,-1.77,-2.36,74.344,74.145,73.4705,3050.51,3238.22,2810.5,2.16
2016-12-22 15:00:00,74.88,75.04,74.95,74.57,2514.5,0.07,0.09,74.494,74.067,73.4955,2696.1,2994.36,2777.56,1.24
2016-12-22 14:00:00,74.39,75.1,74.88,74.23,2893.0,0.49,0.66,74.368,73.857,73.4275,2822.52,2953.11,2782.53,1.43
2016-12-22 11:30:00,74.1,74.48,74.34,74.0,1671.58,0.24,0.32,74.164,73.608,73.371,2880.52,2907.61,2756.23,0.82
2016-12-22 10:30:00,73.53,74.55,74.24,73.53,3797.88,0.71,0.97,74.196,73.364,73.39,3815.71,2982.96,2866.44,1.87
2016-12-21 15:00:00,74.32,74.32,74.06,73.88,2603.55,-0.26,-0.35,73.946,73.156,73.393,3425.93,2889.37,2992.82,1.28
2016-12-21 14:00:00,74.0,74.45,74.32,73.9,3146.61,0.32,0.43,73.64,72.99,73.2745,3292.62,2840.57,3061.62,1.55
2016-12-21 11:30:00,74.5,74.5,73.86,73.6,3183.0,-0.64,-0.86,73.346,72.836,73.2215,3083.7,2936.16,2992.49,1.57
2016-12-21 10:30:00,73.4,75.0,74.5,73.4,6347.5,1.1,1.5,73.052,72.838,73.2025,2934.7,2903.43,2956.84,3.13
2016-12-20 15:00:00,72.53,72.99,72.99,72.36,1849.0,0.46,0.63,72.532,72.753,73.096,2150.2,2355.88,2873.0,0.91
2016-12-20 14:00:00,72.85,72.95,72.53,72.36,1937.0,-0.32,-0.44,72.366,72.796,73.15,2352.8,2382.78,2947.05,0.95
2016-12-20 11:30:00,72.39,72.93,72.85,72.3,2102.01,0.46,0.64,72.34,72.924,73.2285,2388.51,2560.76,3012.75,1.04
2016-12-20 10:30:00,72.93,72.93,72.39,72.01,2438.0,-0.54,-0.74,72.326,72.998,73.282,2788.61,2611.95,2989.4,1.2
2016-12-19 15:00:00,72.16,72.5,71.9,71.75,2425.01,-0.26,-0.36,72.624,73.134,73.3285,2872.16,2604.85,3123.52,1.19
2016-12-19 14:00:00,72.4,72.67,72.16,71.88,2862.0,-0.24,-0.33,72.974,73.416,73.4155,2561.56,2749.91,3355.89,1.41
2016-12-19 11:30:00,72.78,72.89,72.4,72.38,2115.55,-0.38,-0.52,73.226,73.63,73.5375,2412.76,3096.27,3468.44,1.04
2016-12-19 10:30:00,73.9,73.9,72.78,72.46,4102.5,-1.12,-1.52,73.508,73.559,73.788,2733.0,3282.68,3497.44,2.02
2016-12-16 15:00:00,73.65,74.05,73.88,73.38,2855.74,0.23,0.31,73.67,73.607,74.064,2435.3,3048.83,3694.81,1.41
2016-12-16 14:00:00,73.44,73.9,73.65,73.14,872.0,0.21,0.29,73.644,73.567,74.46,2337.55,3010.26,3704.92,0.43
2016-12-16 11:30:00,73.81,74.18,73.42,73.08,2118.0,-0.39,-0.53,73.858,73.439,74.891,2938.27,3390.12,3736.72,1.04
2016-12-16 10:30:00,73.85,73.99,73.81,73.01,3716.75,-0.04,-0.05,74.034,73.504,75.3605,3779.79,3511.32,3810.9,1.83
2016-12-15 15:00:00,73.75,73.79,73.59,73.01,2613.99,-0.16,-0.22,73.61,73.533,75.756,3832.36,3464.74,3805.66,1.29
2016-12-15 14:00:00,74.72,74.78,73.75,73.37,2367.0,-0.97,-1.3,73.544,73.566,76.223,3662.37,3366.84,3898.45,1.17
2016-12-15 11:30:00,74.3,75.2,74.72,74.19,3875.61,0.42,0.57,73.49,73.523,76.714,3682.97,3642.19,3880.8,1.91
2016-12-15 10:30:00,71.93,74.49,74.3,71.93,6325.59,2.37,3.29,73.02,73.415,77.169,3841.96,3961.87,3856.32,3.12
2016-12-14 15:00:00,73.26,73.26,71.69,71.38,3979.63,-1.57,-2.14,72.974,73.445,77.6795,3242.84,3840.61,3727.1,1.96
2016-12-14 14:00:00,73.48,73.97,73.26,73.08,1764.0,-0.22,-0.3,73.456,74.017,78.382,3097.12,3712.2,3682.77,0.87
2016-12-14 11:30:00,72.37,73.75,73.48,71.8,2470.0,1.11,1.53,73.588,74.521,78.986,3071.32,4340.8,3747.67,1.22
2016-12-14 10:30:00,73.99,74.2,72.37,71.29,4670.58,-1.62,-2.19,73.556,75.353,79.547,3601.42,4399.59,3724.53,2.3
2016-12-13 15:00:00,74.1,74.94,74.07,73.88,3330.0,-0.03,-0.04,73.81,76.343,80.1285,4081.78,4083.33,3637.34,1.64
2016-12-13 14:00:00,73.92,74.95,74.1,73.78,3251.0,0.18,0.24,73.916,77.217,80.6415,4438.38,4110.48,3629.18,1.6
2016-12-13 11:30:00,73.32,73.94,73.92,72.9,1635.0,0.6,0.82,74.578,77.979,81.2115,4327.28,4146.58,3526.21,0.81
2016-12-13 10:30:00,73.0,74.48,73.32,72.01,5120.5,0.32,0.44,75.454,78.88,81.7755,5610.28,4430.06,3535.66,2.52
2016-12-12 15:00:00,74.61,74.78,73.64,73.64,7072.38,-0.97,-1.3,77.15,79.905,82.352,5197.77,4119.41,3450.63,3.48
2016-12-12 14:00:00,77.55,77.55,74.6,74.1,5113.0,-2.95,-3.8,78.876,80.923,82.9415,4084.89,3750.78,3231.88,2.52
2016-12-12 11:30:00,78.3,78.83,77.41,77.41,2695.5,-0.89,-1.14,80.518,81.914,83.4525,3782.59,3613.59,3043.98,1.33
2016-12-12 10:30:00,81.13,81.83,78.3,77.31,8050.0,-2.83,-3.49,81.38,82.747,83.858,3965.89,3653.34,3022.06,3.97
2016-12-09 15:00:00,82.27,82.27,81.8,81.51,3057.96,-0.47,-0.57,82.306,83.451,84.251,3249.85,3154.54,2884.26,1.51
2016-12-09 14:00:00,82.81,83.0,82.27,82.01,1508.0,-0.54,-0.65,82.66,83.741,84.4295,3041.06,3049.47,3038.61,0.74
2016-12-09 11:30:00,81.72,82.81,82.81,81.15,3601.5,1.09,1.33,82.97,83.914,84.621,3416.66,3191.34,3215.46,1.77
2016-12-09 10:30:00,82.5,83.49,81.72,81.68,3612.0,-0.78,-0.95,83.31,84.066,84.8035,3444.59,3147.87,3307.23,1.78
2016-12-08 15:00:00,83.58,83.7,82.93,82.7,4469.8,-0.65,-0.78,84.114,84.444,85.0935,3340.79,2905.83,3582.54,2.2
2016-12-08 14:00:00,83.83,83.99,83.57,83.34,2014.0,-0.26,-0.31,84.596,84.671,85.45,3059.23,2641.25,3594.04,0.99
2016-12-08 11:30:00,84.51,84.88,83.82,83.3,3386.0,-0.69,-0.82,84.822,84.799,85.833,3057.89,2781.85,3724.69,1.67
2016-12-08 10:30:00,85.7,85.98,84.51,84.51,3741.14,-1.19,-1.39,84.858,84.96,86.242,2966.01,2712.99,3815.02,1.84
2016-12-07 15:00:00,85.34,85.76,85.74,85.21,3093.0,0.4,0.47,84.822,84.991,86.601,2851.16,2474.37,3970.03,1.52
2016-12-07 14:00:00,84.93,85.8,85.34,84.93,3062.0,0.41,0.48,84.774,84.969,86.836,2470.87,2390.77,4021.74,1.51
2016-12-07 11:30:00,84.0,85.0,84.7,84.0,2007.3,0.7,0.83,84.746,85.051,87.06,2223.27,2613.97,4041.18,0.99
2016-12-07 10:30:00,84.39,85.19,84.0,83.71,2926.63,-0.39,-0.46,84.776,85.118,87.258,2505.81,3027.74,4063.01,1.44
2016-12-06 15:00:00,85.5,85.59,84.33,84.15,3166.87,-1.17,-1.37,85.062,85.328,87.548,2459.96,3239.57,4215.13,1.56
2016-12-06 14:00:00,85.2,85.7,85.5,85.02,1191.53,0.3,0.35,85.16,85.541,87.3785,2097.59,3466.59,4497.03,0.59
2016-12-06 11:30:00,84.85,85.27,85.2,84.5,1824.0,0.35,0.41,85.164,85.743,87.084,2310.68,4259.24,4639.76,0.9
2016-12-06 10:30:00,86.3,86.32,84.85,84.8,3420.0,-1.45,-1.68,85.356,86.229,86.8235,3004.68,4546.84,4710.22,1.68
2016-12-05 15:00:00,84.82,85.95,85.43,84.6,2697.4,0.61,0.72,85.46,86.867,86.596,3549.68,4667.54,4995.18,1.33
2016-12-05 14:00:00,85.52,85.7,84.82,84.7,1355.0,-0.7,-0.82,85.594,87.524,86.324,4019.19,4917.06,5299.26,0.67
2016-12-05 11:30:00,86.16,86.36,85.52,84.72,2257.0,-0.64,-0.74,85.922,88.211,86.0205,4835.59,5465.68,5452.49,1.11
2016-12-05 10:30:00,83.03,86.48,86.16,82.5,5294.0,3.13,3.77,86.322,88.703,85.7115,6207.81,5652.72,5910.92,2.61
2016-12-02 15:00:00,86.1,86.2,85.37,85.0,6145.0,-0.73,-0.85,87.102,89.069,85.3185,6089.0,5468.39,6160.98,3.03
2016-12-02 14:00:00,86.25,86.39,86.1,85.21,5044.93,-0.15,-0.17,88.274,89.398,84.88,5785.4,5098.28,6204.77,2.49
2016-12-02 11:30:00,87.52,87.8,86.46,86.46,5437.0,-1.06,-1.21,89.454,89.768,84.448,5814.93,5190.69,6093.91,2.68
2016-12-02 10:30:00,89.66,90.88,87.52,87.05,9118.11,-2.14,-2.39,90.5,89.216,83.9965,6095.77,5527.48,5990.91,4.49
2016-12-01 15:00:00,91.23,91.25,90.06,90.0,4699.96,-1.17,-1.28,91.084,88.425,83.515,5097.62,5020.27,5996.34,2.32
2016-12-01 14:00:00,92.0,92.67,91.23,91.22,4627.0,-0.77,-0.84,91.036,87.418,82.8595,4847.79,4873.61,6025.39,2.28
2016-12-01 11:30:00,91.69,92.42,92.0,90.9,5192.56,0.31,0.34,90.522,86.325,82.17,4411.15,5322.82,6160.28,2.56
2016-12-01 10:30:00,89.5,91.98,91.69,89.1,6841.23,2.19,2.45,90.082,85.124,81.3555,4566.45,5681.47,6142.56,3.37
2016-11-30 15:00:00,89.82,90.95,90.44,89.5,4127.36,0.62,0.69,87.932,83.83,80.511,4959.19,5439.31,6280.02,2.03
2016-11-30 14:00:00,88.79,90.13,89.82,88.4,3450.78,1.03,1.16,85.766,82.72,79.628,4942.92,6169.13,6212.55,1.7
2016-11-30 11:30:00,89.8,89.8,88.66,88.4,2443.84,-1.14,-1.27,83.8,81.568,78.7845,4899.43,6853.57,6200.25,1.2
2016-11-30 10:30:00,88.0,90.27,89.8,87.91,5969.03,1.8,2.05,82.128,80.362,77.961,6234.5,7311.27,6167.08,2.94
2016-10-13 15:00:00,79.61,81.4,80.94,79.61,8804.96,1.33,1.67,80.166,79.128,77.08,6796.5,6997.13,5959.28,4.34
2016-10-13 14:00:00,79.93,80.05,79.61,79.19,4046.0,-0.32,-0.4,79.728,78.777,76.627,5919.42,6454.33,5679.78,1.99
2016-10-13 11:30:00,80.33,80.5,79.99,79.86,3233.34,-0.34,-0.42,79.674,78.605,76.264,7395.34,6972.41,5557.62,1.59
2016-10-13 10:30:00,79.5,80.78,80.3,79.15,9119.15,0.8,1.01,79.336,78.301,75.9045,8807.71,7177.18,5508.96,4.49
2016-10-12 15:00:00,78.75,79.99,79.99,78.2,8779.04,1.24,1.57,78.596,78.015,75.5475,8388.04,6997.73,5366.85,4.32
2016-10-12 14:00:00,79.34,79.5,78.75,78.68,4419.58,-0.59,-0.74,78.09,77.587,75.206,7197.75,6603.65,5150.4,2.18
2016-10-12 11:30:00,78.3,79.95,79.34,78.0,11425.6,1.04,1.33,77.826,77.192,74.9355,6989.23,7120.72,4998.07,5.63
2016-10-12 10:30:00,76.01,78.63,78.3,76.0,10295.2,2.29,3.01,77.536,76.536,74.6355,6549.47,6255.96,4558.63,5.07
2016-10-11 15:00:00,77.46,77.79,76.6,76.01,7020.77,-0.86,-1.11,77.266,76.001,74.3815,5546.64,5546.92,4305.01,3.46
2016-10-11 14:00:00,77.45,77.6,77.46,77.0,2827.62,0.01,0.01,77.434,75.56,74.2105,5607.42,5022.89,4259.69,1.39
2016-10-11 11:30:00,77.89,77.93,77.43,76.99,3377.01,-0.46,-0.59,77.084,75.032,73.8575,6009.55,4921.43,4222.21,1.66
2016-10-11 10:30:00,76.3,78.53,77.89,76.27,9226.75,1.59,2.08,76.558,74.477,73.5005,7252.2,4905.24,4280.56,4.55
2016-10-10 15:00:00,77.45,77.45,76.95,76.5,5281.03,-0.5,-0.65,75.536,73.923,73.1665,5962.45,4142.84,4037.9,2.6
2016-10-10 14:00:00,75.71,78.0,77.44,75.67,7324.68,1.73,2.29,74.736,73.508,72.919,5547.21,3840.74,4018.92,3.61
2016-10-10 11:30:00,74.8,75.85,75.71,74.56,4838.27,0.91,1.22,73.686,73.08,72.6835,4438.37,3735.97,3768.89,2.38
2016-10-10 10:30:00,73.9,75.47,74.8,73.7,9590.29,0.9,1.22,72.98,72.825,72.5605,3833.32,3697.14,3706.27,4.72
2016-09-30 15:00:00,72.95,73.0,72.78,72.7,2778.0,-0.17,-0.23,72.396,72.679,72.4265,2558.27,2875.41,3539.4,1.37
2016-09-30 14:00:00,72.19,73.2,72.95,72.09,3204.81,0.76,1.05,72.31,72.735,72.4325,2323.23,2861.29,3550.65,1.58
2016-09-30 11:30:00,72.16,72.49,72.19,71.7,1780.47,0.03,0.04,72.28,72.762,72.458,2134.27,3063.09,3483.61,0.88
2016-09-30 10:30:00,71.77,72.5,72.18,71.25,1813.02,0.41,0.57,72.474,72.861,72.504,3033.58,3496.49,3578.31,0.89
2016-09-29 15:00:00,72.35,72.9,71.88,71.86,3215.04,-0.47,-0.65,72.67,72.683,72.572,3560.96,3522.99,4176.72,1.58
2016-09-29 14:00:00,72.76,72.92,72.35,72.13,1602.81,-0.41,-0.56,72.962,72.524,72.528,3192.56,3655.89,4172.35,0.79
2016-09-29 11:30:00,73.11,73.2,72.8,72.66,2260.0,-0.31,-0.42,73.16,72.41,72.448,3399.36,3932.96,4183.21,1.11
2016-09-29 10:30:00,73.37,73.37,73.16,71.41,6277.02,-0.21,-0.29,73.244,72.33,72.375,3991.92,4197.1,4180.97,3.09
2016-09-28 15:00:00,73.34,73.6,73.16,73.01,4449.95,-0.18,-0.25,73.248,72.287,72.3015,3959.4,3801.8,4095.98,2.19
2016-09-28 14:00:00,73.34,73.45,73.34,73.12,1373.0,0.0,0.0,72.696,72.296,72.17,3485.02,3715.4,4041.44,0.68
2016-09-28 11:30:00,73.22,73.62,73.34,73.09,2636.81,0.12,0.16,72.086,72.174,72.061,4119.22,4203.38,4085.89,1.3
2016-09-28 10:30:00,73.0,73.97,73.22,72.6,5222.8,0.22,0.3,71.66,72.13,71.963,4466.55,4240.0,4321.43,2.57
2016-09-27 15:00:00,70.4,73.5,73.18,70.13,6114.46,2.78,3.95,71.416,72.154,71.792,4402.29,3904.12,4183.54,3.01
2016-09-27 14:00:00,70.24,70.89,70.4,70.01,2078.01,0.16,0.23,71.326,72.147,71.6005,3644.2,3660.13,3983.68,1.02
2016-09-27 11:30:00,71.21,71.55,70.29,70.03,4544.0,-0.92,-1.29,71.896,72.461,71.553,3945.79,4830.46,3969.62,2.24
2016-09-27 10:30:00,71.99,72.5,71.21,71.2,4373.5,-0.78,-1.08,72.262,72.532,71.5235,4287.54,4688.82,3834.38,2.15
2016-09-26 15:00:00,72.73,73.0,72.0,71.65,4901.47,-0.73,-1.0,72.6,72.486,71.443,4013.46,4433.47,3770.2,2.41
2016-09-26 14:00:00,73.22,73.35,72.73,72.4,2324.0,-0.49,-0.67,72.892,72.42,71.313,3405.96,4164.83,3601.28,1.14
2016-09-26 11:30:00,72.22,73.88,73.25,72.01,3586.0,1.03,1.43,72.968,72.316,71.146,3676.07,4390.17,3541.18,1.77
2016-09-26 10:30:00,72.4,72.5,72.12,71.53,6252.73,-0.28,-0.39,73.026,72.044,70.9715,5715.13,4367.48,3596.57,3.08
2016-09-23 15:00:00,73.46,73.49,72.9,72.83,3003.08,-0.56,-0.76,72.802,71.948,70.8115,5090.11,3968.4,3475.18,1.48
2016-09-23 14:00:00,73.11,73.58,73.46,72.92,1864.0,0.35,0.48,72.372,71.796,70.557,4853.49,4402.85,3392.08,0.92
2016-09-23 11:30:00,73.55,73.73,73.11,72.83,3674.52,-0.44,-0.6,71.948,71.43,70.279,4923.71,4462.95,3332.58,1.81
2016-09-23 10:30:00,71.45,74.81,73.54,71.45,13781.3,2.09,2.93,71.664,71.054,70.017,5104.28,4307.22,3189.65,6.79
2016-09-22 15:00:00,70.76,71.21,71.0,70.7,3127.63,0.24,0.34,71.062,70.645,69.74,3019.83,3108.79,2619.84,1.54
2016-09-22 14:00:00,71.34,71.36,70.75,70.75,1820.0,-0.59,-0.83,71.094,70.515,69.588,2846.7,2979.93,2574.64,0.9
2016-09-22 11:30:00,71.68,71.8,71.34,71.15,2215.08,-0.34,-0.47,71.22,70.4,69.445,3952.21,3106.93,2559.74,1.09
2016-09-22 10:30:00,70.98,71.85,71.69,70.63,4577.35,0.71,1.0,70.912,70.206,69.243,4002.2,3037.72,2562.51,2.25
2016-09-21 15:00:00,71.16,71.17,70.53,70.44,3359.08,-0.63,-0.89,70.444,69.976,69.066,3510.17,2692.18,2485.0,1.65
2016-09-21 14:00:00,71.38,71.57,71.16,71.03,2262.0,-0.22,-0.31,70.228,69.899,68.9345,3197.75,2825.66,2470.34,1.11
2016-09-21 11:30:00,69.8,71.74,71.38,69.79,7347.55,1.58,2.26,69.936,69.675,68.7915,3113.15,2981.96,2494.24,3.62
2016-09-21 10:30:00,69.01,69.98,69.8,69.01,2465.0,0.79,1.14,69.58,69.318,68.656,2261.64,2381.3,2212.56,1.21
2016-09-20 15:00:00,69.45,69.65,69.35,69.32,2117.2,-0.1,-0.14,69.5,69.128,68.6255,2073.24,2202.2,2336.46,1.04
2016-09-20 14:00:00,69.7,70.0,69.45,69.45,1797.0,-0.25,-0.36,69.508,68.98,68.708,1874.2,2072.08,2378.32,0.89
2016-09-20 11:30:00,69.6,69.74,69.7,69.47,1839.01,0.1,0.14,69.57,68.835,68.7925,2453.56,2130.88,2359.27,0.91
2016-09-20 10:30:00,69.7,69.98,69.6,69.15,3090.0,-0.1,-0.14,69.414,68.661,68.8785,2850.76,2169.36,2372.82,1.52
2016-09-19 15:00:00,69.39,69.52,69.4,69.3,1523.0,0.01,0.01,69.056,68.49,68.9705,2500.96,2012.56,2395.37,0.75
2016-09-19 14:00:00,69.8,69.84,69.39,69.32,1122.01,-0.41,-0.59,68.756,68.28,69.1165,2331.16,2087.31,2453.32,0.55
2016-09-19 11:30:00,68.91,70.09,69.76,68.83,4693.8,0.85,1.23,68.452,68.156,69.2595,2269.96,2277.81,2478.27,2.31
2016-09-19 10:30:00,67.81,68.92,68.92,67.81,3825.0,1.11,1.64,68.1,67.97,69.3945,1808.2,2115.03,2326.83,1.88
2016-09-14 15:00:00,67.9,68.0,67.81,67.75,1340.99,-0.09,-0.13,67.908,67.908,69.566,1487.96,2006.53,2287.88,0.66
2016-09-14 14:00:00,67.87,68.13,67.9,67.86,674.0,0.03,0.04,67.924,67.994,69.784,1524.16,2043.83,2401.03,0.33
2016-09-14 11:30:00,68.0,68.2,67.87,67.81,816.01,-0.13,-0.19,67.804,68.123,70.044,1843.45,2470.72,2474.18,0.4
2016-09-14 10:30:00,67.35,68.36,68.0,67.28,2385.0,0.65,0.97,67.86,68.436,70.308,2285.65,2684.57,2566.79,1.17
2016-09-13 15:00:00,67.89,68.06,67.96,67.59,2223.8,0.07,0.1,67.84,68.75,70.606,2421.85,2587.67,2790.05,1.1
2016-09-13 14:00:00,67.27,68.19,67.89,67.22,1522.0,0.62,0.92,67.908,69.096,70.849,2525.09,2576.29,2942.36,0.75
