Not
2017-06-30,-6.327,-6.196,-0.131
2017-06-23,-6.691,-6.163,-0.528
2017-06-16,-6.893,-6.031,-0.862
2017-06-09,-7.177,-5.816,-1.361
2017-06-02,-7.647,-5.476,-2.171
2017-05-26,-7.210,-4.933,-2.278
2017-05-19,-6.667,-4.363,-2.304
2017-05-12,-6.429,-3.787,-2.641
2017-05-05,-5.916,-3.127,-2.789
2017-04-28,-5.312,-2.430,-2.882
2017-04-21,-4.543,-1.709,-2.834
2017-04-14,-3.432,-1.001,-2.431
2017-04-07,-2.369,-0.393,-1.975
2017-03-31,-1.552,0.101,-1.653
2017-03-24,-0.539,0.514,-1.053
2017-03-17,-1.102,0.777,-1.879
2017-03-10,-0.822,1.247,-2.069
2017-03-03,-0.210,1.764,-1.974
2017-02-24,0.297,2.258,-1.961
2017-02-17,0.680,2.748,-2.069
2017-02-10,1.187,3.266,-2.079
2017-02-03,1.670,3.785,-2.115
2017-01-26,2.203,4.314,-2.111
2017-01-20,2.728,4.842,-2.114
2017-01-13,3.437,5.370,-1.933
2017-01-06,3.756,5.854,-2.097
2016-12-30,4.160,6.378,-2.218
2016-12-23,4.685,6.932,-2.248
2016-12-16,5.827,7.494,-1.667
2016-12-09,7.160,7.911,-0.751
2016-12-02,7.949,8.099,-0.150
2016-11-25,8.484,8.136,0.348
2016-11-18,8.173,8.049,0.124
2016-11-11,7.853,8.018,-0.166
2016-11-04,7.604,8.060,-0.456
2016-10-28,nan,nan,nan
2016-10-21,nan,nan,nan
2016-10-14,nan,nan,nan
2016-09-30,nan,nan,nan
2016-09-23,nan,nan,nan
2016-09-14,nan,nan,nan
2016-09-09,nan,nan,nan
2016-09-02,nan,nan,nan
2016-08-26,nan,nan,nan
2016-08-19,nan,nan,nan
2016-08-12,nan,nan,nan
2016-08-05,nan,nan,nan
2016-07-29,nan,nan,nan
2016-07-22,nan,nan,nan
2016-07-15,nan,nan,nan
2016-07-08,nan,nan,nan
2016-07-01,nan,nan,nan
2016-06-24,nan,nan,nan
2016-06-17,nan,nan,nan
2016-06-08,nan,nan,nan
2016-06-03,nan,nan,nan
2016-05-27,nan,nan,nan
2016-05-20,nan,nan,nan
2016-05-13,nan,nan,nan
2016-05-06,nan,nan,nan
2016-04-29,nan,nan,nan
2016-04-22,nan,nan,nan
2016-04-15,nan,nan,nan
2016-04-08,nan,nan,nan
2016-04-01,nan,nan,nan
2016-03-25,nan,nan,nan
2016-03-18,nan,nan,nan
2016-03-11,nan,nan,nan
