date,open,high,close,low,volume,price_change,p_change,ma5,ma10,ma20,v_ma5,v_ma10,v_ma20,turnover
2017-03-17 15:00:00,37.48,37.48,36.71,36.45,13880.2,-0.77,-2.05,37.486,37.491,37.827,7831.67,7149.43,11386.9,1.57
2017-03-17 14:00:00,37.5,37.61,37.48,37.42,2209.31,-0.02,-0.05,37.644,37.598,37.8645,6019.59,6347.28,11194.2,0.25
2017-03-17 11:30:00,37.77,37.79,37.5,37.38,2786.0,-0.27,-0.71,37.616,37.613,37.846,6398.41,8156.75,11410.0,0.32
2017-03-17 10:30:00,38.06,38.06,37.77,37.51,7082.34,-0.29,-0.76,37.568,37.687,37.845,8515.51,9208.68,11590.2,0.8
2017-03-16 15:00:00,37.5,38.2,37.97,37.45,13200.5,0.47,1.25,37.504,37.75,37.824,8191.07,9715.13,12016.1,1.5
2017-03-16 14:00:00,37.34,37.6,37.5,37.32,4819.79,0.16,0.43,37.496,37.884,37.787,6467.2,9226.93,11682.0,0.55
2017-03-16 11:30:00,37.26,37.41,37.34,37.15,4103.42,0.08,0.21,37.552,38.038,37.783,6674.97,14144.3,11741.7,0.47
2017-03-16 10:30:00,37.45,37.65,37.26,37.2,13371.5,-0.19,-0.51,37.61,38.092,37.7895,9915.08,14437.7,12246.3,1.52
2017-03-15 15:00:00,37.93,37.93,37.45,37.44,5460.15,-0.48,-1.27,37.806,38.129,37.7835,9901.85,13726.1,12484.7,0.62
2017-03-15 14:00:00,37.78,37.95,37.93,37.47,4581.14,0.15,0.4,37.996,38.173,37.741,11239.2,13754.8,12644.5,0.52
2017-03-15 11:30:00,37.63,37.99,37.78,37.62,5858.66,0.15,0.4,38.272,38.163,37.676,11986.7,15624.4,12730.9,0.66
2017-03-15 10:30:00,37.88,37.88,37.63,36.83,20304.0,-0.25,-0.66,38.524,38.131,37.625,21613.5,16041.1,12640.9,2.3
2017-03-14 15:00:00,38.4,38.4,38.24,37.81,13305.3,-0.16,-0.42,38.574,38.079,37.581,18960.4,14663.3,12461.9,1.51
2017-03-14 14:00:00,39.32,39.32,38.4,38.4,12146.8,-0.92,-2.34,38.452,38.003,37.469,17550.3,13971.8,11983.3,1.38
2017-03-14 11:30:00,39.06,39.39,39.31,39.01,8318.55,0.25,0.64,38.35,37.898,37.3335,16270.4,14317.0,11568.2,0.94
2017-03-14 10:30:00,38.99,41.0,39.04,38.98,53993.0,0.05,0.13,38.054,37.69,37.1475,19262.0,14137.2,11304.1,6.13
2017-03-13 15:00:00,37.63,37.92,37.88,37.24,7038.37,0.25,0.66,37.738,37.528,36.9835,10468.7,9339.06,8952.93,0.8
2017-03-13 14:00:00,37.89,37.89,37.63,37.51,6255.03,-0.26,-0.69,37.584,37.487,36.8835,10366.2,10054.9,8923.58,0.71
2017-03-13 11:30:00,37.82,38.01,37.89,37.71,5746.82,0.07,0.19,37.554,37.438,36.792,10393.2,11243.3,8860.83,0.65
2017-03-13 10:30:00,37.51,38.5,37.83,37.51,23277.0,0.32,0.85,37.446,37.309,36.6875,12363.7,11534.2,8774.91,2.64
2017-03-10 15:00:00,37.08,37.58,37.46,37.08,10026.4,0.38,1.02,37.326,37.189,36.6005,9012.28,9837.36,8308.46,1.14
2017-03-10 14:00:00,37.46,37.5,37.11,37.07,6526.0,-0.35,-0.93,37.318,37.119,36.4815,8209.4,9240.77,8142.63,0.74
2017-03-10 11:30:00,37.35,37.64,37.48,37.34,6390.0,0.13,0.35,37.39,37.083,36.3705,9743.56,10260.4,7918.58,0.72
2017-03-10 10:30:00,37.2,37.55,37.35,36.85,15599.2,0.15,0.4,37.322,36.935,36.24,12093.4,9994.89,7785.84,1.77
2017-03-09 15:00:00,37.42,37.43,37.23,37.08,6519.76,-0.19,-0.51,37.172,36.769,36.1015,10704.6,8819.38,7400.18,0.74
2017-03-09 14:00:00,37.47,37.6,37.42,37.21,6012.06,-0.05,-0.13,37.052,36.605,36.0005,10662.4,8471.1,7432.5,0.68
2017-03-09 11:30:00,37.15,37.66,37.47,37.06,14196.8,0.32,0.86,36.92,36.439,35.9145,10272.1,8566.79,8125.58,1.61
2017-03-09 10:30:00,36.5,37.3,37.14,36.3,18139.2,0.64,1.75,36.776,36.28,35.746,10777.2,7792.26,7544.03,2.06
2017-03-08 15:00:00,36.63,36.67,36.6,36.25,8655.17,-0.03,-0.08,36.548,36.146,35.599,7896.37,6478.33,6857.73,0.98
2017-03-08 14:00:00,36.76,36.98,36.63,36.6,6309.0,-0.13,-0.35,36.366,36.066,35.4725,6934.15,6015.65,6542.17,0.72
2017-03-08 11:30:00,36.75,36.78,36.76,36.51,4060.5,0.01,0.03,36.158,36.012,35.351,6279.75,6779.55,6319.27,0.46
2017-03-08 10:30:00,36.19,36.95,36.75,36.19,16722.2,0.56,1.55,35.958,35.844,35.223,6861.45,7044.49,6325.55,1.9
2017-03-07 15:00:00,35.69,36.0,36.0,35.69,3734.99,0.31,0.87,35.784,35.658,35.087,4807.31,5576.77,5585.69,0.42
2017-03-07 14:00:00,35.63,35.78,35.69,35.5,3844.07,0.06,0.17,35.744,35.545,34.9925,5060.29,5576.79,5652.76,0.44
2017-03-07 11:30:00,35.76,35.86,35.59,35.59,3037.0,-0.17,-0.48,35.766,35.434,34.894,5097.15,5980.98,5542.01,0.34
2017-03-07 10:30:00,35.9,35.98,35.76,35.61,6969.0,-0.14,-0.39,35.866,35.396,34.803,7279.35,6393.9,5450.95,0.79
2017-03-06 15:00:00,35.8,35.94,35.88,35.79,6451.48,0.08,0.22,35.73,35.39,34.695,7227.52,7684.37,5210.1,0.73
2017-03-06 14:00:00,35.8,35.99,35.8,35.6,4999.88,0.0,0.0,35.532,35.212,34.59,6346.23,7295.8,5042.61,0.57
2017-03-06 11:30:00,36.09,36.13,35.8,35.78,4028.4,-0.29,-0.8,35.346,35.052,34.486,6093.29,7237.14,4982.06,0.46
2017-03-06 10:30:00,36.6,36.6,36.09,35.85,13948.0,-0.51,-1.39,35.102,34.879,34.3915,6864.81,7068.7,4863.4,1.58
2017-03-03 15:00:00,34.89,35.47,35.08,34.89,6709.86,0.19,0.54,34.926,34.69,34.292,5508.45,5859.0,4303.77,0.76
2017-03-03 14:00:00,34.87,34.9,34.89,34.74,2045.0,0.02,0.06,35.05,34.602,34.2415,8141.22,5606.61,4231.7,0.23
2017-03-03 11:30:00,34.58,34.92,34.87,34.49,3735.21,0.29,0.84,34.892,34.516,34.192,8245.38,5594.61,4197.84,0.42
2017-03-03 10:30:00,34.52,34.95,34.58,34.4,7885.97,0.06,0.17,34.758,34.44,34.1445,8380.98,5728.72,4109.87,0.89
2017-03-02 15:00:00,35.71,35.75,35.21,35.05,7166.21,-0.5,-1.4,34.656,34.354,34.1055,7272.58,5103.03,3912.52,0.81
2017-03-02 14:00:00,34.38,36.95,35.7,34.38,19873.7,1.32,3.84,34.454,34.21,34.038,6209.54,4507.99,3669.82,2.25
2017-03-02 11:30:00,34.2,34.2,34.1,34.0,2565.79,-0.1,-0.29,34.154,34.0,33.9485,3072.0,2735.82,2809.18,0.29
2017-03-02 10:30:00,34.3,34.5,34.2,34.13,4413.21,-0.1,-0.29,34.14,33.968,33.928,2943.85,2789.42,2760.66,0.5
2017-03-01 15:00:00,34.2,34.25,34.07,34.0,2344.0,-0.13,-0.38,34.122,33.92,33.901,3076.47,2726.99,2703.4,0.27
2017-03-01 14:00:00,34.16,34.35,34.2,34.14,1851.0,0.04,0.12,34.052,33.904,33.893,2933.49,2658.09,2684.2,0.21
2017-03-01 11:30:00,34.02,34.37,34.2,33.99,4186.0,0.18,0.53,33.966,33.894,33.878,2806.45,2748.54,2633.2,0.47
2017-03-01 10:30:00,34.1,34.1,34.03,33.82,1925.03,-0.07,-0.21,33.846,33.881,33.8615,2399.65,2856.78,2484.19,0.22
2017-02-28 15:00:00,33.72,34.11,34.11,33.63,5076.3,0.39,1.16,33.796,33.868,33.8525,2634.98,2801.06,2571.09,0.58
2017-02-28 14:00:00,33.77,33.86,33.72,33.6,1629.1,-0.05,-0.15,33.718,33.849,33.8505,2377.52,2491.03,2562.55,0.18
2017-02-28 11:30:00,33.6,33.8,33.77,33.54,1215.8,0.17,0.51,33.756,33.857,33.86,2382.7,2722.02,2610.42,0.14
2017-02-28 10:30:00,33.98,33.98,33.6,33.55,2152.0,-0.38,-1.12,33.822,33.866,33.862,2690.63,2831.64,2716.33,0.24
2017-02-27 15:00:00,33.72,33.95,33.78,33.68,3101.71,0.06,0.18,33.916,33.897,33.862,3313.92,2882.54,2788.25,0.35
2017-02-27 14:00:00,33.94,33.94,33.72,33.66,3789.0,-0.22,-0.65,33.94,33.888,33.8635,2967.14,2731.91,3100.45,0.43
2017-02-27 11:30:00,34.1,34.11,33.91,33.8,1655.0,-0.19,-0.56,33.98,33.882,33.844,2604.53,2679.81,3023.69,0.19
2017-02-27 10:30:00,33.96,34.2,34.1,33.9,2755.44,0.14,0.41,33.958,33.882,33.813,3061.33,2710.31,3012.48,0.31
2017-02-24 15:00:00,33.9,34.1,34.07,33.85,5268.46,0.17,0.5,33.91,33.862,33.768,2972.64,2517.87,3091.23,0.6
2017-02-24 14:00:00,33.91,33.93,33.9,33.8,1367.8,-0.01,-0.03,33.878,33.842,33.707,2451.15,2111.59,2929.32,0.16
2017-02-24 11:30:00,33.8,33.92,33.92,33.66,1975.95,0.12,0.36,33.836,33.837,33.6535,2496.68,2341.11,2947.45,0.22
2017-02-24 10:30:00,33.76,33.98,33.8,33.61,3939.0,0.04,0.12,33.784,33.852,33.6035,2755.09,2634.07,2938.8,0.45
2017-02-23 15:00:00,33.91,33.91,33.86,33.7,2312.0,-0.05,-0.15,33.806,33.863,33.577,2359.29,2498.82,2879.05,0.26
2017-02-23 14:00:00,33.69,34.14,33.91,33.69,2661.0,0.22,0.65,33.814,33.858,33.5305,2063.09,2601.03,2927.06,0.3
2017-02-23 11:30:00,33.68,33.78,33.69,33.64,1595.45,0.01,0.03,33.806,33.827,33.4825,1772.03,2693.97,2877.68,0.18
2017-02-23 10:30:00,34.3,34.3,33.66,33.65,3268.0,-0.64,-1.87,33.838,33.839,33.45,2185.54,3469.0,2894.55,0.37
2017-02-22 15:00:00,33.9,34.0,33.91,33.86,1960.0,0.01,0.03,33.92,33.806,33.416,2513.06,3367.57,2953.11,0.22
2017-02-22 14:00:00,33.88,33.95,33.9,33.82,831.01,0.02,0.06,33.92,33.744,33.37,2638.35,3314.65,3090.61,0.09
2017-02-22 11:30:00,33.84,33.97,33.87,33.81,1205.7,0.03,0.09,33.902,33.674,33.3535,3138.96,3664.58,3202.71,0.14
2017-02-22 10:30:00,34.0,34.25,33.85,33.62,3663.0,-0.15,-0.44,33.848,33.572,33.342,3615.91,3747.05,3242.65,0.42
2017-02-21 15:00:00,33.92,34.17,34.07,33.92,4905.57,0.15,0.44,33.84,33.47,33.327,4752.45,3553.79,3163.39,0.56
2017-02-21 14:00:00,33.85,33.98,33.91,33.76,2586.45,0.06,0.18,33.692,33.355,33.3075,4222.08,3243.53,3036.96,0.29
2017-02-21 11:30:00,33.61,33.85,33.81,33.59,3334.09,0.2,0.6,33.568,33.291,33.292,3990.96,3259.28,3006.65,0.38
2017-02-21 10:30:00,33.8,33.94,33.6,33.54,3590.44,-0.2,-0.59,33.446,33.203,33.2785,4190.21,3253.1,3018.26,0.41
2017-02-20 15:00:00,33.33,34.0,33.81,33.31,9345.69,0.48,1.44,33.296,33.138,33.2795,3878.19,3061.38,2968.17,1.06
2017-02-20 14:00:00,33.29,33.4,33.33,33.18,2253.75,0.04,0.12,33.1,33.061,33.272,2355.13,2320.11,2596.99,0.26
2017-02-20 11:30:00,33.2,33.29,33.29,33.0,1430.84,0.09,0.27,33.018,33.026,33.29,2264.98,2538.66,2570.1,0.16
2017-02-20 10:30:00,32.93,33.47,33.2,32.88,4330.31,0.27,0.82,33.014,32.996,33.316,2527.59,2866.57,2595.1,0.49
2017-02-17 15:00:00,32.83,32.94,32.85,32.82,2030.35,0.02,0.06,32.96,33.033,33.336,2315.99,2740.84,2521.24,0.23
2017-02-17 14:00:00,32.91,32.97,32.83,32.8,1730.4,-0.08,-0.24,32.98,33.112,33.373,2244.57,2738.24,2575.68,0.2
2017-02-17 11:30:00,33.27,33.27,32.92,32.8,1803.0,-0.35,-1.05,33.022,33.184,33.42,2285.09,2773.0,2599.96,0.2
2017-02-17 10:30:00,33.19,33.33,33.27,33.02,2743.89,0.08,0.24,33.034,33.26,33.4615,2812.33,2830.4,2658.37,0.31
2017-02-16 15:00:00,32.95,32.98,32.93,32.76,3272.29,-0.02,-0.06,32.978,33.293,33.4975,3205.55,2754.02,2711.88,0.37
2017-02-16 14:00:00,33.04,33.1,32.95,32.88,1673.29,-0.09,-0.27,33.106,33.354,33.5705,3165.7,2783.43,2841.87,0.19
2017-02-16 11:30:00,32.98,33.17,33.04,32.98,1933.0,0.06,0.18,33.244,33.421,33.634,3231.92,2874.95,2814.74,0.22
2017-02-16 10:30:00,32.87,33.08,32.98,32.8,4439.19,0.11,0.33,33.346,33.483,33.6925,3260.9,2873.86,2826.31,0.5
2017-02-15 15:00:00,33.57,33.58,32.99,32.87,4710.0,-0.58,-1.73,33.486,33.554,33.7585,2848.46,2601.54,2943.35,0.53
2017-02-15 14:00:00,33.64,33.86,33.57,33.51,3073.0,-0.07,-0.21,33.608,33.636,33.8145,2302.48,2323.63,3127.32,0.35
2017-02-15 11:30:00,33.55,33.64,33.64,33.38,2004.39,0.09,0.27,33.602,33.639,33.828,2401.17,2301.63,3131.07,0.23
2017-02-15 10:30:00,33.59,33.65,33.55,33.43,2077.9,-0.04,-0.12,33.598,33.634,33.8175,2517.99,2413.11,3131.45,0.24
2017-02-14 15:00:00,33.6,33.7,33.68,33.53,2377.0,0.08,0.24,33.62,33.656,33.8105,2486.83,2426.93,3248.29,0.27
2017-02-14 14:00:00,33.51,33.61,33.6,33.5,1980.1,0.09,0.27,33.622,33.663,33.8165,2354.63,2486.34,3305.19,0.22
2017-02-14 11:30:00,33.62,33.67,33.54,33.51,3566.46,-0.08,-0.24,33.664,33.702,33.8265,2344.78,2669.75,3317.64,0.4
2017-02-14 10:30:00,33.73,33.79,33.62,33.55,2588.5,-0.11,-0.33,33.676,33.787,33.8395,2202.09,2900.31,3219.31,0.29
2017-02-13 15:00:00,33.69,33.73,33.66,33.6,1922.08,-0.03,-0.09,33.67,33.847,33.8585,2308.23,2754.53,3258.59,0.22
2017-02-13 14:00:00,33.8,33.84,33.69,33.63,1716.0,-0.11,-0.33,33.692,33.902,33.8645,2367.03,2778.76,3269.33,0.19
2017-02-13 11:30:00,33.61,33.89,33.81,33.55,1930.86,0.2,0.6,33.704,33.963,33.869,2618.06,3285.15,3248.35,0.22
2017-02-13 10:30:00,33.58,33.88,33.6,33.5,2853.01,0.02,0.06,33.74,33.993,33.8715,2994.72,3931.02,3262.47,0.32
2017-02-10 15:00:00,33.77,33.79,33.59,33.51,3119.21,-0.18,-0.53,33.898,34.017,33.875,3598.52,3960.52,3257.07,0.35
2017-02-10 14:00:00,33.75,33.96,33.77,33.71,2216.05,0.02,0.06,34.024,34.001,33.8555,3200.83,3849.79,3146.91,0.25
2017-02-10 11:30:00,33.99,34.0,33.75,33.74,2971.16,-0.24,-0.71,34.112,33.965,33.842,3190.49,4069.66,3069.66,0.34
2017-02-10 10:30:00,34.46,34.47,33.99,33.86,3814.19,-0.47,-1.36,34.222,33.97,33.8195,3952.24,4124.04,2990.45,0.43
2017-02-09 15:00:00,34.22,34.41,34.39,34.1,5872.0,0.17,0.5,34.246,33.951,33.7845,4867.31,3965.52,2913.54,0.67
2017-02-09 14:00:00,34.23,34.35,34.22,34.18,1130.75,-0.01,-0.03,34.136,33.892,33.7545,4322.51,3538.32,2785.02,0.13
2017-02-09 11:30:00,34.3,34.3,34.21,34.02,2164.33,-0.09,-0.26,33.978,33.87,33.721,4498.76,3762.64,2779.79,0.25
2017-02-09 10:30:00,34.38,34.75,34.3,34.2,6779.94,-0.08,-0.23,33.818,33.827,33.677,4948.82,3759.9,2726.47,0.77
2017-02-08 15:00:00,33.83,34.38,34.11,33.83,8389.52,0.28,0.83,33.718,33.775,33.6295,4295.84,3211.56,2462.12,0.95
2017-02-08 14:00:00,33.43,33.84,33.84,33.4,3148.0,0.41,1.23,33.656,33.75,33.59,3063.73,2593.92,2177.06,0.36
2017-02-08 11:30:00,33.41,33.53,33.43,33.34,2012.0,0.02,0.06,33.648,33.733,33.5575,2754.13,2553.62,2142.96,0.23
2017-02-08 10:30:00,33.62,33.86,33.41,33.2,4414.66,-0.21,-0.62,33.762,33.71,33.5515,3026.53,2444.02,2142.51,0.5
2017-02-07 15:00:00,33.8,33.93,33.8,33.71,3515.0,0.0,0.0,33.836,33.719,33.546,2570.97,2069.66,2017.93,0.4
2017-02-07 14:00:00,33.78,33.82,33.8,33.55,2229.0,0.02,0.06,33.832,33.669,33.499,2127.27,1856.86,1960.68,0.25
2017-02-07 11:30:00,34.0,34.07,33.8,33.77,1600.0,-0.2,-0.59,33.844,33.618,33.453,2124.12,1861.56,1902.68,0.18
2017-02-07 10:30:00,33.61,34.12,34.0,33.61,3374.0,0.39,1.16,33.818,33.617,33.4055,2353.12,2031.73,1922.46,0.38
2017-02-06 15:00:00,33.78,33.88,33.78,33.64,2136.87,0.0,0.0,33.658,33.572,33.351,1861.52,1796.93,1901.78,0.24
2017-02-06 14:00:00,33.86,33.9,33.78,33.71,1296.5,-0.08,-0.24,33.602,33.527,33.3225,1568.34,1693.04,1920.79,0.15
2017-02-06 11:30:00,33.67,33.9,33.86,33.67,2213.22,0.19,0.56,33.506,33.484,33.3035,1586.46,1712.69,2095.21,0.25
2017-02-06 10:30:00,33.36,33.8,33.67,33.36,2745.0,0.31,0.93,33.392,33.43,33.275,1599.01,1760.2,2102.95,0.31
2017-02-03 15:00:00,33.5,33.52,33.2,33.18,916.0,-0.3,-0.9,33.416,33.382,33.2415,1710.33,1732.3,2227.77,0.1
2017-02-03 14:00:00,33.31,33.55,33.5,33.3,671.0,0.19,0.57,33.486,33.393,33.2005,1732.34,1841.0,2310.72,0.08
2017-02-03 11:30:00,33.29,33.38,33.3,33.15,1387.06,0.01,0.03,33.452,33.373,33.1455,1817.74,1966.2,2394.32,0.16
2017-02-03 10:30:00,33.75,33.89,33.29,33.02,2276.0,-0.46,-1.36,33.462,33.329,33.0975,1838.93,2064.49,2525.87,0.26
2017-01-26 15:00:00,33.55,33.81,33.79,33.55,3301.61,0.24,0.72,33.468,33.288,33.0405,1921.39,1943.79,2647.05,0.37
2017-01-26 14:00:00,33.38,33.62,33.55,33.35,1026.01,0.17,0.51,33.348,33.194,32.931,1754.26,1813.19,2668.72,0.12
2017-01-26 11:30:00,33.34,33.42,33.33,33.31,1098.0,-0.01,-0.03,33.3,33.13,32.8265,1949.66,2006.63,2685.87,0.12
2017-01-26 10:30:00,33.6,33.71,33.35,33.25,1493.02,-0.25,-0.74,33.294,33.118,32.739,2114.66,2148.53,2773.36,0.17
2017-01-25 15:00:00,33.18,33.41,33.32,33.12,2688.29,0.14,0.42,33.196,33.123,32.6355,2290.06,2477.73,3079.42,0.3
2017-01-25 14:00:00,33.32,33.36,33.19,33.18,2466.0,-0.13,-0.39,33.108,33.12,32.5645,1966.2,2445.7,3241.9,0.28
2017-01-25 11:30:00,33.31,33.45,33.31,33.2,2003.0,0.0,0.0,33.04,33.101,32.523,1872.11,2723.24,3200.7,0.23
2017-01-25 10:30:00,32.6,33.33,33.3,32.6,1923.0,0.7,2.15,32.96,33.008,32.472,2063.6,2780.44,3334.96,0.22
2017-01-24 15:00:00,32.88,33.09,32.86,32.81,2370.0,-0.02,-0.06,32.942,32.918,32.427,2182.4,2822.44,3565.56,0.27
2017-01-24 14:00:00,32.85,33.04,32.88,32.82,1069.0,0.03,0.09,33.05,32.866,32.429,2665.4,2987.24,4212.94,0.12
2017-01-24 11:30:00,32.91,32.94,32.85,32.75,1995.55,-0.06,-0.18,33.132,32.793,32.415,2925.2,3350.32,4640.02,0.23
2017-01-24 10:30:00,33.33,33.33,32.91,32.68,2960.45,-0.42,-1.26,33.162,32.668,32.382,3574.36,3524.25,4674.0,0.34
2017-01-23 15:00:00,33.4,33.44,33.21,33.11,2517.0,-0.19,-0.57,33.056,32.523,32.3465,3497.27,3365.1,4970.53,0.29
2017-01-23 14:00:00,33.22,33.85,33.4,33.2,4785.0,0.18,0.54,32.894,32.36,32.33,3462.47,3398.19,5410.76,0.54
2017-01-23 11:30:00,33.0,33.29,33.29,32.96,2368.0,0.29,0.88,32.682,32.148,32.319,3309.08,3681.11,5347.15,0.27
2017-01-23 10:30:00,32.39,33.15,33.0,32.39,5241.35,0.61,1.88,32.454,32.009,32.3035,3775.43,4038.11,5589.61,0.59
2017-01-20 15:00:00,32.4,32.64,32.38,32.35,2575.0,-0.02,-0.06,32.174,31.945,32.327,3474.14,3678.16,5625.82,0.29
2017-01-20 14:00:00,32.34,32.46,32.4,32.33,2343.0,0.06,0.19,31.99,31.936,32.383,3232.94,3889.49,5832.22,0.27
2017-01-20 11:30:00,32.15,32.5,32.34,32.1,4018.07,0.19,0.59,31.826,31.936,32.4645,3333.92,4308.69,5840.73,0.46
2017-01-20 10:30:00,31.58,32.31,32.15,31.18,4699.73,0.57,1.8,31.614,31.992,32.5575,4053.14,5438.64,5886.58,0.53
2017-01-19 15:00:00,31.46,31.6,31.6,31.39,3734.9,0.14,0.45,31.564,32.037,32.6705,4300.79,5929.74,5887.24,0.42
2017-01-19 14:00:00,31.65,31.66,31.46,31.39,1369.0,-0.19,-0.6,31.716,32.096,32.836,3882.18,5823.76,6076.94,0.16
2017-01-19 11:30:00,31.3,31.75,31.58,31.08,2847.88,0.28,0.89,31.882,32.17,33.016,4546.04,6575.96,6123.8,0.32
2017-01-19 10:30:00,31.58,31.79,31.28,30.6,7614.2,-0.3,-0.95,32.046,32.3,33.1995,5283.46,7423.33,6062.85,0.86
2017-01-18 15:00:00,32.36,32.36,31.9,31.81,5937.95,-0.46,-1.42,32.37,32.49,33.3945,6824.14,7013.19,5864.09,0.67
2017-01-18 14:00:00,32.3,32.53,32.36,32.2,1641.85,0.06,0.19,32.51,32.598,33.5625,7558.68,7141.12,5872.1,0.19
2017-01-18 11:30:00,32.4,32.45,32.29,32.14,4688.3,-0.11,-0.34,32.476,32.709,33.7255,7765.33,7573.48,5948.9,0.53
2017-01-18 10:30:00,32.66,32.74,32.4,32.32,6535.0,-0.26,-0.8,32.458,32.83,33.895,8605.87,7774.94,5909.62,0.74
2017-01-17 15:00:00,32.6,32.94,32.9,32.5,15317.6,0.3,0.92,32.554,32.993,34.075,9563.19,7372.77,5770.22,1.74
2017-01-17 14:00:00,32.11,32.6,32.6,32.02,9610.67,0.49,1.53,32.61,33.123,34.2245,7202.23,6334.52,5185.5,1.09
2017-01-17 11:30:00,32.2,32.34,32.19,32.01,2675.1,-0.01,-0.03,32.686,33.304,34.3985,6723.55,5844.75,4764.31,0.3
2017-01-17 10:30:00,32.83,33.0,32.2,32.0,8891.0,-0.63,-1.92,32.942,33.576,34.6065,7381.63,6330.13,4772.22,1.01
2017-01-16 15:00:00,33.18,33.18,32.88,31.26,11321.6,-0.3,-0.9,33.202,33.862,34.8005,6944.02,5671.64,4519.28,1.28
2017-01-16 14:00:00,32.97,33.26,33.18,32.96,3512.79,0.21,0.64,33.432,34.099,34.9795,5182.36,4702.38,4092.0,0.4
2017-01-16 11:30:00,33.47,33.57,32.98,32.96,7217.24,-0.49,-1.46,33.636,34.299,35.138,5466.8,4715.0,3980.91,0.82
2017-01-16 10:30:00,33.31,33.95,33.47,33.3,5965.5,0.16,0.48,33.922,34.527,35.3125,4965.95,4603.08,3736.33,0.68
2017-01-13 15:00:00,34.03,34.08,33.5,33.31,6702.95,-0.53,-1.56,34.21,34.742,35.4585,5278.64,4324.33,3699.0,0.76
2017-01-13 14:00:00,34.2,34.36,34.03,33.92,2513.3,-0.17,-0.5,34.522,34.96,35.5915,4399.26,4044.29,3501.74,0.29
2017-01-13 11:30:00,34.41,34.5,34.2,33.91,4935.0,-0.21,-0.61,34.766,35.157,35.703,4222.4,4167.66,3570.62,0.56
2017-01-13 10:30:00,34.93,35.3,34.41,34.25,4713.0,-0.52,-1.49,34.962,35.326,35.814,3963.2,4036.48,3452.77,0.53
2017-01-12 15:00:00,35.06,35.25,34.91,34.88,7528.95,-0.15,-0.43,35.132,35.493,35.914,4240.21,3683.86,3408.47,0.85
2017-01-12 14:00:00,35.26,35.27,35.06,35.05,2306.05,-0.2,-0.57,35.274,35.637,36.0075,3370.02,3214.3,3307.13,0.26
2017-01-12 11:30:00,35.18,35.35,35.25,35.12,1629.0,0.07,0.2,35.398,35.739,36.095,3689.33,3366.92,3389.58,0.18
2017-01-12 10:30:00,35.14,35.55,35.18,35.14,3639.0,0.04,0.11,35.548,35.86,36.1865,4112.93,3481.62,3431.88,0.41
2017-01-11 15:00:00,35.62,35.64,35.26,35.17,6098.05,-0.36,-1.01,35.69,35.977,36.2875,4109.76,3246.82,3452.09,0.69
2017-01-11 14:00:00,35.65,35.65,35.62,35.37,3178.0,-0.03,-0.08,35.854,36.098,36.3835,3127.52,2869.58,3357.18,0.36
2017-01-11 11:30:00,36.0,36.0,35.68,35.49,3902.58,-0.32,-0.89,36.0,36.175,36.4615,3058.59,3073.68,3433.98,0.44
2017-01-11 10:30:00,36.26,36.47,36.0,35.89,3747.0,-0.26,-0.72,36.08,36.223,36.5315,3044.5,2959.19,3555.19,0.43
2017-01-10 15:00:00,36.08,36.17,35.89,35.77,3623.19,-0.19,-0.53,36.172,36.249,36.6025,2850.32,2973.58,3858.34,0.41
2017-01-10 14:00:00,36.4,36.4,36.08,36.06,1186.81,-0.32,-0.88,36.264,36.302,36.674,2383.88,2869.06,3826.76,0.13
2017-01-10 11:30:00,36.08,36.38,36.35,35.98,2833.37,0.27,0.75,36.342,36.335,36.734,2611.64,3133.08,3887.57,0.32
2017-01-10 10:30:00,36.6,36.6,36.08,35.96,3832.15,-0.52,-1.42,36.35,36.378,36.778,3088.76,3399.96,3880.85,0.43
2017-01-09 15:00:00,36.38,36.48,36.46,36.3,2776.09,0.08,0.22,36.366,36.451,36.833,2873.88,3412.24,4003.58,0.31
2017-01-09 14:00:00,36.47,36.48,36.35,36.34,1291.0,-0.12,-0.33,36.326,36.513,36.8895,3096.84,3382.13,5124.02,0.15
2017-01-09 11:30:00,36.39,36.58,36.47,36.24,2325.61,0.08,0.22,36.34,36.598,36.913,3354.24,3657.35,5473.9,0.26
2017-01-09 10:30:00,36.45,36.58,36.39,36.2,5218.97,-0.06,-0.16,36.328,36.669,36.8885,3654.52,3844.79,5550.3,0.59
2017-01-06 15:00:00,36.26,36.3,36.16,36.11,2757.75,-0.1,-0.28,36.406,36.748,36.8505,3711.15,3794.28,5718.15,0.31
2017-01-06 14:00:00,36.45,36.47,36.26,36.15,3890.87,-0.19,-0.52,36.536,36.84,36.849,3950.6,4151.18,6039.18,0.44
2017-01-06 11:30:00,36.41,36.55,36.42,36.36,2578.0,0.01,0.03,36.7,36.956,36.8705,3667.43,4743.1,6289.89,0.29
2017-01-06 10:30:00,36.84,36.9,36.41,36.4,3827.0,-0.43,-1.17,36.856,37.046,36.8965,3960.46,4784.46,6536.29,0.43
2017-01-05 15:00:00,36.81,36.88,36.78,36.6,5502.13,-0.03,-0.08,37.01,37.133,36.9095,4035.06,4642.06,6731.42,0.62
2017-01-05 14:00:00,37.08,37.08,36.81,36.8,3955.0,-0.27,-0.73,37.09,37.178,36.875,3877.41,4361.74,6882.92,0.45
2017-01-05 11:30:00,37.2,37.25,37.08,37.02,2475.0,-0.12,-0.32,37.144,37.215,36.857,4351.77,4594.92,7205.86,0.28
2017-01-05 10:30:00,37.26,37.48,37.2,36.94,4043.18,-0.06,-0.16,37.212,37.266,36.803,5818.76,6865.9,7185.86,0.46
2017-01-04 15:00:00,37.2,37.23,37.18,37.04,4200.0,-0.02,-0.05,37.236,37.228,36.7355,5608.45,7290.44,7224.8,0.48
2017-01-04 14:00:00,37.1,37.37,37.18,37.08,4713.89,0.08,0.22,37.256,37.108,36.6815,5249.05,7255.82,7518.87,0.53
2017-01-04 11:30:00,37.42,37.48,37.08,37.04,6326.77,-0.34,-0.91,37.266,36.953,36.6125,4846.08,7642.03,7525.19,0.72
2017-01-04 10:30:00,37.32,38.15,37.42,37.22,9809.98,0.1,0.27,37.286,36.858,36.553,4838.07,7927.19,7640.96,1.11
2017-01-03 15:00:00,37.28,37.32,37.32,37.12,2991.63,0.04,0.11,37.32,36.785,36.469,7913.04,7836.69,7546.62,0.34
2017-01-03 14:00:00,37.23,37.33,37.28,37.11,2403.0,0.05,0.13,37.22,36.747,36.3855,8972.42,8288.12,7996.28,0.27
2017-01-03 11:30:00,37.16,37.38,37.23,37.15,2699.0,0.07,0.19,36.96,36.686,36.269,9262.58,8820.78,8190.98,0.31
2017-01-03 10:30:00,36.93,37.5,37.18,36.93,6286.76,0.25,0.68,36.64,36.572,36.135,10438.0,9404.08,8287.69,0.71
2016-12-30 15:00:00,36.84,37.7,37.59,36.72,25184.8,0.75,2.04,36.43,36.499,35.983,11016.3,9816.8,8220.4,2.86
2016-12-30 14:00:00,35.98,36.86,36.82,35.92,8288.56,0.84,2.33,36.25,36.34,35.8285,7760.34,7505.82,7789.6,0.94
2016-12-30 11:30:00,35.63,35.98,35.98,35.59,3853.77,0.35,0.98,36.274,36.243,35.675,7603.81,7159.16,7583.87,0.44
2016-12-30 10:30:00,36.33,36.39,35.63,35.56,8576.0,-0.7,-1.93,36.412,36.255,35.5795,8378.99,7781.93,7542.71,0.97
2016-12-29 15:00:00,36.69,36.69,36.13,36.07,9178.36,-0.56,-1.53,36.504,36.272,35.505,8370.19,7408.36,7343.57,1.04
2016-12-29 14:00:00,36.94,37.18,36.69,36.66,8905.0,-0.25,-0.68,36.568,36.248,35.427,8617.3,7354.72,6988.15,1.01
2016-12-29 11:30:00,36.69,36.94,36.94,36.5,7505.92,0.25,0.68,36.43,36.153,35.3215,7251.3,7256.56,6654.81,0.85
2016-12-29 10:30:00,36.0,36.85,36.67,35.91,7729.68,0.67,1.86,36.212,36.024,35.1995,6714.52,7704.44,6504.72,0.88
2016-12-28 15:00:00,36.45,36.6,36.09,36.09,8532.0,-0.36,-0.99,36.098,35.852,35.097,7184.86,7561.17,6378.64,0.97
2016-12-28 14:00:00,36.0,36.56,36.45,35.94,10413.9,0.45,1.25,36.04,35.698,35.0425,6446.53,7171.29,6365.23,1.18
2016-12-28 11:30:00,35.85,36.09,36.0,35.85,2075.0,0.15,0.42,35.928,35.467,34.948,6092.15,6623.99,6025.43,0.24
2016-12-28 10:30:00,35.81,36.04,35.85,35.8,4822.0,0.04,0.11,35.876,35.317,34.8685,7261.82,8073.37,6048.8,0.55
2016-12-27 15:00:00,35.8,36.15,36.1,35.73,10081.4,0.3,0.84,35.836,35.107,34.8065,8694.36,8008.57,6122.54,1.14
2016-12-27 14:00:00,35.89,36.03,35.8,35.68,4840.34,-0.09,-0.25,35.606,34.904,34.7125,7937.47,7303.49,5797.1,0.55
2016-12-27 11:30:00,35.74,36.12,35.89,35.62,8642.0,0.15,0.42,35.356,34.738,34.631,7896.04,7278.78,5661.68,0.98
2016-12-27 10:30:00,35.36,35.78,35.74,35.33,7923.38,0.38,1.07,35.006,34.606,34.542,7155.84,6621.58,5419.08,0.9
2016-12-26 15:00:00,34.95,35.66,35.65,34.94,11984.7,0.7,2.0,34.758,34.49,34.451,8884.91,6053.05,5606.46,1.36
2016-12-26 14:00:00,34.55,35.12,34.95,34.41,6296.94,0.4,1.16,34.378,34.375,34.389,7322.78,5305.0,5298.6,0.71
2016-12-26 11:30:00,34.14,34.65,34.55,34.11,4633.2,0.41,1.2,34.202,34.342,34.3635,6669.51,5196.11,5140.4,0.53
2016-12-26 10:30:00,34.27,34.4,34.14,33.8,4940.96,-0.13,-0.38,34.12,34.387,34.364,6661.52,5559.18,5385.22,0.56
2016-12-23 15:00:00,33.75,34.5,34.5,33.73,16568.8,0.75,2.22,34.206,34.429,34.4195,6087.34,5426.87,6118.06,1.88
2016-12-23 14:00:00,34.07,34.1,33.75,33.71,4174.0,-0.32,-0.94,34.222,34.42,34.3845,3221.18,4024.22,5559.72,0.47
2016-12-23 11:30:00,34.14,34.28,34.07,34.03,3030.61,-0.07,-0.21,34.372,34.506,34.3895,3287.23,4236.5,5564.39,0.34
2016-12-23 10:30:00,34.42,34.66,34.14,34.08,4593.24,-0.28,-0.81,34.482,34.521,34.3885,3722.71,4290.7,5663.48,0.52
2016-12-22 15:00:00,34.58,34.71,34.57,34.57,2070.0,-0.01,-0.03,34.654,34.524,34.3895,4456.84,4044.58,5920.53,0.23
2016-12-22 14:00:00,34.5,34.7,34.58,34.48,2238.06,0.08,0.23,34.652,34.478,34.3235,4766.4,4216.57,6102.58,0.25
2016-12-22 11:30:00,34.6,34.67,34.5,34.45,4504.24,-0.1,-0.29,34.618,34.412,34.2695,4827.27,5159.87,6134.52,0.51
2016-12-22 10:30:00,35.06,35.06,34.62,34.59,5208.0,-0.44,-1.25,34.64,34.403,34.233,5185.77,5292.19,6136.36,0.59
2016-12-21 15:00:00,34.56,35.04,35.0,34.52,8263.88,0.44,1.27,34.56,34.385,34.179,4858.7,5084.69,6274.87,0.94
2016-12-21 14:00:00,34.4,34.73,34.56,34.33,3617.8,0.16,0.47,34.394,34.341,34.0765,3632.32,5211.26,6270.95,0.41
2016-12-21 11:30:00,34.61,34.62,34.41,34.35,2542.41,-0.2,-0.58,34.304,34.41,34.023,3666.75,6809.26,6286.71,0.29
2016-12-21 10:30:00,34.44,34.82,34.61,34.23,6296.77,0.17,0.49,34.206,34.349,33.982,5492.47,7095.22,6507.18,0.71
2016-12-20 15:00:00,34.17,34.23,34.22,34.05,3572.62,0.05,0.15,34.166,34.273,33.9205,5398.61,6892.28,6651.16,0.41
2016-12-20 14:00:00,34.17,34.28,34.17,34.1,2132.0,0.0,0.0,34.21,34.256,33.9085,5310.68,7036.26,6799.52,0.24
2016-12-20 11:30:00,33.92,34.2,34.11,33.8,3789.96,0.19,0.56,34.288,34.255,33.8905,6790.19,7796.48,6934.98,0.43
2016-12-20 10:30:00,34.08,34.4,33.92,33.71,11671.0,-0.16,-0.47,34.516,34.169,33.8785,9951.76,7988.58,7009.8,1.32
2016-12-19 15:00:00,34.45,34.45,34.41,34.2,5827.46,-0.04,-0.12,34.492,34.127,33.88,8697.96,7109.18,7227.31,0.66
2016-12-19 14:00:00,34.57,34.73,34.44,34.43,3133.0,-0.13,-0.38,34.38,34.063,33.8465,8385.94,6980.53,7978.31,0.36
2016-12-19 11:30:00,35.25,35.27,34.56,34.43,9529.54,-0.69,-1.96,34.302,33.973,33.867,8761.84,7465.06,8485.51,1.08
2016-12-19 10:30:00,33.8,35.25,35.25,33.8,19597.8,1.45,4.29,34.222,33.812,33.9265,8802.76,7330.64,8365.47,2.22
2016-12-16 15:00:00,33.85,33.96,33.8,33.69,5402.0,-0.05,-0.15,33.822,33.636,33.9775,6025.4,5764.17,8311.33,0.61
2016-12-16 14:00:00,34.05,34.12,33.85,33.75,4267.38,-0.2,-0.59,33.762,33.615,34.155,5520.4,5919.14,8852.5,0.48
2016-12-16 11:30:00,34.17,34.34,34.05,34.01,5012.46,-0.12,-0.35,33.746,33.568,34.3435,5575.12,6410.03,9273.88,0.57
2016-12-16 10:30:00,33.3,34.25,34.16,33.3,9734.16,0.86,2.58,33.644,33.561,34.537,6168.28,6562.79,9681.7,1.1
2016-12-15 15:00:00,33.5,33.51,33.25,33.0,5711.0,-0.25,-0.75,33.402,33.526,34.735,5858.53,6073.48,10380.1,0.65
2016-12-15 14:00:00,33.77,33.94,33.5,33.42,2877.0,-0.27,-0.8,33.45,33.588,35.068,5502.94,6031.03,10588.8,0.33
2016-12-15 11:30:00,33.54,33.99,33.77,33.53,4541.0,0.23,0.69,33.468,33.633,35.4115,6317.88,7345.44,10837.6,0.52
2016-12-15 10:30:00,32.58,33.64,33.54,32.58,7978.25,0.96,2.95,33.39,33.63,35.7655,7244.94,8976.09,11193.5,0.91
2016-12-14 15:00:00,33.49,33.5,32.95,32.88,8185.42,-0.54,-1.61,33.478,33.761,36.1785,6957.29,9505.96,12926.1,0.93
2016-12-14 14:00:00,33.6,33.63,33.49,33.38,3933.02,-0.11,-0.33,33.65,34.041,36.5185,6288.43,9400.29,12761.4,0.45
2016-12-14 11:30:00,33.38,33.68,33.59,32.99,6951.71,0.21,0.63,33.726,34.319,36.8195,6559.12,10858.5,12846.0,0.79
2016-12-14 10:30:00,33.51,34.12,33.38,33.16,9176.32,-0.13,-0.39,33.798,34.695,37.13,8373.0,11785.9,12668.1,1.04
2016-12-13 15:00:00,33.81,34.28,33.98,33.81,6540.0,0.17,0.5,33.87,35.119,37.462,10707.2,12137.7,12703.0,0.74
2016-12-13 14:00:00,33.88,34.2,33.81,33.69,4841.12,-0.07,-0.21,34.044,35.513,37.7015,12054.6,12800.6,12632.7,0.55
2016-12-13 11:30:00,33.96,34.05,33.87,33.4,5286.46,-0.09,-0.27,34.432,35.944,37.955,12512.2,14686.7,12574.9,0.6
2016-12-13 10:30:00,33.74,34.27,33.95,32.52,16021.1,0.21,0.62,34.912,36.548,38.211,15157.8,15146.6,12569.8,1.82
2016-12-12 15:00:00,34.85,35.0,33.74,33.57,20847.5,-1.11,-3.19,35.592,37.19,38.452,15198.7,14329.8,12334.4,2.37
2016-12-12 14:00:00,35.73,35.73,34.85,34.77,13277.0,-0.88,-2.46,36.368,37.901,38.7145,13568.2,13410.9,11671.1,1.51
2016-12-12 11:30:00,36.27,36.29,35.75,35.73,7128.71,-0.52,-1.43,36.982,38.596,38.927,13546.6,16346.2,11920.7,0.81
2016-12-12 10:30:00,37.3,37.57,36.27,35.72,18514.9,-1.03,-2.76,37.456,38.996,39.0525,16861.2,16122.5,11746.5,2.1
2016-12-09 15:00:00,37.61,37.67,37.35,37.2,16225.5,-0.26,-0.69,38.184,39.32,39.163,15135.4,14833.6,11372.7,1.84
2016-12-09 14:00:00,37.95,38.01,37.62,37.52,12695.0,-0.33,-0.87,38.788,39.565,39.2365,13460.8,13550.4,10932.0,1.44
2016-12-09 11:30:00,38.13,38.28,37.92,37.5,13168.8,-0.21,-0.55,39.434,39.805,39.306,13253.6,13268.3,10560.5,1.49
2016-12-09 10:30:00,39.8,39.8,38.12,38.05,23702.0,-1.68,-4.22,40.21,39.89,39.3555,19145.9,12464.7,10059.4,2.69
2016-12-08 15:00:00,40.37,40.49,39.91,39.83,9885.66,-0.46,-1.14,40.536,39.966,39.3885,15383.8,10463.0,9264.4,1.12
2016-12-08 14:00:00,40.85,40.85,40.37,40.28,7852.59,-0.48,-1.18,40.456,39.874,39.3405,14531.8,9992.91,9092.12,0.89
2016-12-08 11:30:00,41.8,41.8,40.85,40.85,11659.2,-0.95,-2.27,40.342,39.714,39.2775,13640.0,10338.9,8969.25,1.32
2016-12-08 10:30:00,39.55,41.85,41.8,39.55,42630.0,2.25,5.69,40.176,39.528,39.191,13282.9,9931.32,8968.04,4.84
2016-11-30 15:00:00,39.51,39.8,39.75,39.36,4891.33,0.24,0.61,39.57,39.258,39.04,5783.57,7495.14,7549.72,0.55
2016-11-30 14:00:00,39.8,39.8,39.51,39.4,5626.0,-0.29,-0.73,39.396,39.109,38.926,5542.28,7370.41,7766.76,0.64
2016-11-30 11:30:00,40.02,40.04,39.8,39.65,3393.33,-0.22,-0.55,39.292,39.006,38.8505,5453.99,7911.83,7864.45,0.38
2016-11-30 10:30:00,39.5,40.15,40.02,39.36,9873.75,0.52,1.32,39.086,38.908,38.7505,7037.9,8313.52,7869.98,1.12
2016-10-13 15:00:00,38.88,38.97,38.77,38.73,5133.45,-0.11,-0.28,38.88,38.807,38.635,6579.76,7852.72,7673.62,0.58
2016-10-13 14:00:00,38.99,38.99,38.88,38.7,3684.89,-0.11,-0.28,38.946,38.821,38.5815,9206.71,7653.98,7807.25,0.42
2016-10-13 11:30:00,38.77,39.1,38.99,38.68,5184.52,0.22,0.57,38.822,38.811,38.5185,9198.54,8065.78,7903.11,0.59
2016-10-13 10:30:00,38.65,39.27,38.77,38.56,11312.9,0.12,0.31,38.72,38.807,38.4815,10369.7,8191.32,8391.66,1.28
2016-10-12 15:00:00,39.1,39.19,38.99,38.85,7583.05,-0.11,-0.28,38.73,38.841,38.413,9589.14,7599.55,8281.11,0.86
2016-10-12 14:00:00,39.0,39.75,39.1,39.0,18268.2,0.1,0.26,38.734,38.854,38.288,9125.69,8004.75,8157.01,2.07
2016-10-12 11:30:00,38.48,38.5,38.26,38.2,3644.01,-0.22,-0.57,38.696,38.822,38.1745,6101.24,7604.29,7484.75,0.41
2016-10-12 10:30:00,38.66,38.66,38.48,38.0,11040.2,-0.18,-0.47,38.8,38.743,38.1005,6933.01,8163.11,7621.4,1.25
2016-10-11 15:00:00,39.01,39.01,38.82,38.68,7410.24,-0.19,-0.49,38.894,38.695,38.019,6012.98,7817.07,7533.37,0.84
2016-10-11 14:00:00,38.91,39.1,39.01,38.9,5265.76,0.1,0.26,38.952,38.593,37.91,5609.97,7426.44,7734.76,0.6
2016-10-11 11:30:00,38.78,38.97,38.91,38.7,3146.0,0.13,0.34,38.974,38.463,37.7425,6883.81,7494.53,7846.59,0.36
2016-10-11 10:30:00,38.88,39.15,38.78,38.52,7802.9,-0.1,-0.26,38.948,38.342,37.5525,9107.33,7960.53,8059.29,0.89
2016-10-10 15:00:00,39.1,39.14,38.95,38.9,6440.0,-0.15,-0.38,38.686,38.226,37.3615,9393.21,7740.45,8453.39,0.73
2016-10-10 14:00:00,39.12,39.13,39.11,38.84,5395.17,-0.01,-0.03,38.496,38.156,37.199,9621.15,8591.99,8807.05,0.61
2016-10-10 11:30:00,38.78,39.25,39.12,38.66,11635.0,0.34,0.88,38.234,37.985,37.09,9242.92,8962.67,8836.12,1.32
2016-10-10 10:30:00,38.2,38.8,38.78,38.2,14263.6,0.58,1.52,37.952,37.722,37.021,8105.23,8309.27,8385.87,1.62
2016-09-30 15:00:00,37.83,38.0,37.47,37.43,9232.26,-0.36,-0.95,37.736,37.527,36.9645,6813.73,7365.21,8047.14,1.05
2016-09-30 14:00:00,37.8,38.01,38.0,37.72,7579.74,0.2,0.53,37.766,37.458,36.9755,6087.69,7079.69,7807.88,0.86
2016-09-30 11:30:00,37.71,37.99,37.8,37.6,3504.0,0.09,0.24,37.816,37.343,36.973,7562.83,7249.68,7705.64,0.4
2016-09-30 10:30:00,37.55,38.18,37.71,37.55,5946.6,0.16,0.43,37.736,37.227,36.983,8682.43,8043.08,7749.94,0.67
2016-09-29 15:00:00,37.62,38.02,37.7,37.53,7806.04,0.08,0.21,37.492,37.022,36.9975,8513.31,8198.66,8026.11,0.89
2016-09-29 14:00:00,38.25,38.25,37.62,37.51,5602.09,-0.63,-1.65,37.318,36.763,37.033,7916.7,8158.05,8123.23,0.64
2016-09-29 11:30:00,37.4,38.4,38.25,37.27,14955.4,0.85,2.27,37.15,36.497,37.0715,8071.69,9166.33,8190.85,1.7
2016-09-29 10:30:00,36.82,37.42,37.4,36.82,9102.01,0.58,1.58,36.87,36.242,37.0825,6936.53,9022.1,8053.33,1.03
2016-09-28 15:00:00,36.84,36.88,36.49,36.48,5100.99,-0.35,-0.95,36.718,36.195,37.125,7403.73,8709.58,8761.81,0.58
2016-09-28 14:00:00,36.78,37.1,36.83,36.75,4823.01,0.05,0.14,36.552,36.32,37.2065,7884.0,8462.48,9029.75,0.55
2016-09-28 11:30:00,36.79,36.92,36.78,36.65,6377.0,-0.01,-0.03,36.208,36.402,37.2825,8399.4,8729.08,9237.67,0.72
2016-09-28 10:30:00,36.38,36.9,36.85,36.0,9279.63,0.47,1.29,35.844,36.493,37.379,10261.0,8536.08,9609.94,1.05
2016-09-27 15:00:00,35.71,36.8,36.64,35.71,11438.0,0.93,2.6,35.614,36.603,37.464,11107.7,8161.61,11270.4,1.3
2016-09-27 14:00:00,35.11,35.78,35.66,35.02,7502.38,0.55,1.57,35.672,36.739,37.4535,10015.4,7456.8,10885.8,0.85
2016-09-27 11:30:00,34.96,35.2,35.11,34.84,7400.0,0.15,0.43,36.088,36.973,37.498,9040.95,7853.56,10692.2,0.84
2016-09-27 10:30:00,35.7,35.95,34.96,34.8,15684.8,-0.74,-2.07,36.596,37.303,37.591,9058.75,8088.42,10703.3,1.78
2016-09-26 15:00:00,36.92,37.06,35.7,35.67,13513.2,-1.22,-3.3,37.142,37.646,37.6685,6811.2,7215.38,10309.2,1.53
2016-09-26 14:00:00,37.74,37.77,36.93,36.93,5976.75,-0.81,-2.15,37.592,37.923,37.7105,5215.55,7084.56,9921.01,0.68
2016-09-26 11:30:00,37.66,37.96,37.74,37.65,2630.0,0.08,0.21,37.806,38.055,37.694,4898.18,8814.04,9957.76,0.3
2016-09-26 10:30:00,37.52,38.1,37.65,37.52,7489.0,0.13,0.35,37.858,38.093,37.652,6666.18,9597.03,10190.5,0.85
2016-09-23 15:00:00,37.92,37.92,37.69,37.69,4447.0,-0.23,-0.61,38.01,38.163,37.6305,7118.08,9746.26,11100.4,0.5
2016-09-23 14:00:00,38.0,38.0,37.95,37.67,5535.0,-0.05,-0.13,38.15,38.265,37.519,7619.56,10683.8,11220.9,0.63
2016-09-23 11:30:00,37.98,38.19,38.0,37.88,4389.88,0.02,0.05,38.254,38.325,37.4055,8953.56,14379.1,11240.2,0.5
2016-09-23 10:30:00,38.3,38.65,38.0,37.85,11470.0,-0.3,-0.78,38.304,38.168,37.304,12729.9,14314.9,11671.4,1.3
2016-09-22 15:00:00,38.36,38.5,38.41,38.32,9748.53,0.05,0.13,38.328,38.023,37.184,12527.9,13530.9,11809.8,1.11
2016-09-22 14:00:00,38.41,38.52,38.39,38.25,6954.4,-0.02,-0.05,38.316,37.879,37.0035,12374.4,13318.2,11825.2,0.79
2016-09-22 11:30:00,38.25,38.68,38.47,38.11,12205.0,0.22,0.58,38.38,37.691,36.836,13748.0,13403.1,11758.6,1.38
2016-09-22 10:30:00,38.25,38.7,38.25,37.89,23271.6,0.0,0.0,38.396,37.498,36.6625,19804.7,12757.5,11856.0,2.64
2016-09-21 15:00:00,38.38,38.4,38.12,38.0,10459.9,-0.26,-0.68,38.032,37.333,36.5135,15899.9,11101.5,11510.1,1.19
2016-09-21 14:00:00,38.71,38.76,38.35,38.07,8981.25,-0.36,-0.93,37.718,37.211,36.3775,14533.8,10784.1,12385.9,1.02
2016-09-21 11:30:00,38.57,38.88,38.71,38.43,13822.4,0.14,0.36,37.442,37.098,36.276,14262.0,12454.6,12315.0,1.57
2016-09-21 10:30:00,36.44,38.87,38.55,36.44,42488.4,2.11,5.79,37.002,36.773,36.1825,13058.2,11758.0,11933.4,4.82
2016-09-20 15:00:00,36.56,36.56,36.43,36.27,3747.48,-0.13,-0.36,36.6,36.486,36.12,5710.23,8101.2,10402.5,0.43
2016-09-20 14:00:00,36.92,36.92,36.55,36.35,3629.67,-0.37,-1.0,36.634,36.44,36.223,6303.08,9027.91,10468.5,0.41
2016-09-20 11:30:00,36.51,37.08,36.97,36.4,7622.0,0.46,1.26,36.704,36.345,36.3355,7034.28,10088.7,10422.4,0.86
2016-09-20 10:30:00,36.31,36.74,36.51,36.06,7803.42,0.2,0.55,36.754,36.128,36.4265,10647.2,10332.3,10229.4,0.89
2016-09-19 15:00:00,36.6,36.67,36.54,36.51,5748.58,-0.06,-0.16,36.544,35.981,36.5545,10457.9,10114.0,10187.7,0.65
2016-09-19 14:00:00,36.91,37.1,36.6,36.55,6711.72,-0.31,-0.84,36.372,35.827,36.67,10492.2,10954.6,10227.4,0.76
2016-09-19 11:30:00,37.22,37.28,36.9,36.7,7285.7,-0.32,-0.86,36.246,35.694,36.7825,11752.8,11918.7,10084.3,0.83
2016-09-19 10:30:00,36.0,37.63,37.22,36.0,25686.4,1.22,3.39,35.986,35.544,36.888,13143.1,13987.7,9912.91,2.91
2016-09-14 15:00:00,35.68,35.68,35.46,35.26,6857.05,-0.22,-0.62,35.502,35.454,36.973,10017.4,12175.4,9215.01,0.78
2016-09-14 14:00:00,35.96,35.96,35.68,35.47,5920.0,-0.28,-0.78,35.418,35.592,37.165,9770.17,12108.7,9260.68,0.67
2016-09-14 11:30:00,35.6,36.46,35.97,35.6,13014.6,0.37,1.04,35.282,35.754,37.346,11416.9,12703.7,9367.8,1.48
2016-09-14 10:30:00,34.7,35.69,35.6,34.7,14237.2,0.9,2.59,35.142,36.006,37.52,12084.6,11909.1,9308.63,1.62
2016-09-13 15:00:00,35.04,35.18,34.8,34.79,10057.9,-0.24,-0.68,35.102,36.326,37.707,14832.4,10756.1,9393.35,1.14
2016-09-13 14:00:00,34.99,35.33,35.04,34.77,5621.15,0.05,0.14,35.406,36.725,37.931,14333.4,10126.4,9670.98,0.64
2016-09-13 11:30:00,35.26,35.48,35.0,34.7,14153.8,-0.26,-0.74,35.766,37.128,38.1505,14447.3,10261.4,10058.8,1.61
2016-09-13 10:30:00,36.49,36.49,35.27,35.1,16352.8,-1.22,-3.34,36.226,37.513,38.3555,13990.6,9500.16,9668.85,1.86
2016-09-12 15:00:00,36.43,36.52,35.4,34.8,27976.4,-1.03,-2.83,36.87,37.871,38.5385,11733.6,8249.88,10030.1,3.17
2016-09-12 14:00:00,36.84,37.07,36.32,36.21,7563.0,-0.52,-1.41,37.55,38.232,38.6785,6679.87,5838.09,9116.8,0.86
2016-09-12 11:30:00,37.3,37.36,36.84,36.8,6190.55,-0.46,-1.23,38.044,38.492,38.785,5919.47,6254.63,9167.11,0.7
2016-09-12 10:30:00,37.1,37.43,37.3,36.8,11870.0,0.2,0.54,38.49,38.738,38.849,6075.41,6412.63,9104.84,1.35
2016-09-09 15:00:00,38.8,38.81,38.49,38.49,5068.0,-0.31,-0.8,38.8,38.938,38.882,5009.76,6031.88,9124.1,0.57
2016-09-09 14:00:00,38.79,39.0,38.8,38.75,2707.79,0.01,0.03,38.872,39.034,38.8675,4766.16,6708.18,9252.25,0.31
2016-09-09 11:30:00,39.07,39.07,38.79,38.76,3761.0,-0.28,-0.72,38.914,39.088,38.8335,4996.31,8030.56,9519.07,0.43
2016-09-09 10:30:00,38.72,39.27,39.07,38.72,6970.24,0.35,0.9,38.94,39.137,38.763,6589.79,9215.51,9781.88,0.79
2016-09-08 15:00:00,38.85,38.98,38.85,38.65,6541.78,0.0,0.0,38.986,39.173,38.692,6749.85,9856.32,9884.29,0.74
2016-09-08 14:00:00,39.01,39.18,38.85,38.81,3850.0,-0.16,-0.41,39.076,39.198,38.613,7053.99,9837.54,9689.35,0.44
2016-09-08 11:30:00,38.92,39.09,39.01,38.85,3858.53,0.09,0.23,39.196,39.206,38.5435,8650.19,11810.4,9905.71,0.44
2016-09-08 10:30:00,39.3,39.4,38.92,38.67,11728.4,-0.38,-0.97,39.262,39.125,38.448,11064.8,12395.5,10058.1,1.33
2016-09-07 15:00:00,39.27,39.54,39.3,39.22,7770.56,0.03,0.08,39.334,39.078,38.3645,11841.2,12079.6,9816.75,0.88
2016-09-07 14:00:00,39.45,39.54,39.3,39.2,8062.45,-0.15,-0.38,39.36,38.96,38.2585,12962.8,11797.0,9779.76,0.91
2016-09-07 11:30:00,39.3,39.76,39.45,39.23,11831.0,0.15,0.38,39.32,38.826,38.1485,12621.1,12216.3,9778.78,1.34
2016-09-07 10:30:00,39.29,39.5,39.34,38.81,15931.6,0.05,0.13,39.216,38.701,38.055,14970.6,11796.3,9707.33,1.81
2016-09-06 15:00:00,39.44,39.58,39.28,39.07,15610.5,-0.16,-0.41,38.988,38.579,37.9785,13726.2,11007.6,9130.31,1.77
2016-09-06 14:00:00,39.13,39.5,39.43,39.05,13378.4,0.3,0.77,38.822,38.389,37.8935,12318.0,10348.3,8574.05,1.52
