2017-03-17@15:00:00,38.974,37.827,36.680
2017-03-17@14:00:00,38.907,37.864,36.822
2017-03-17@11:30:00,38.927,37.846,36.765
2017-03-17@10:30:00,38.928,37.845,36.762
2017-03-16@15:00:00,38.928,37.824,36.720
2017-03-16@14:00:00,38.918,37.787,36.656
2017-03-16@11:30:00,38.919,37.783,36.647
2017-03-16@10:30:00,38.916,37.789,36.663
2017-03-15@15:00:00,38.923,37.783,36.644
2017-03-15@14:00:00,38.985,37.741,36.497
2017-03-15@11:30:00,39.007,37.676,36.345
2017-03-15@10:30:00,39.013,37.625,36.237
2017-03-14@15:00:00,39.020,37.581,36.142
2017-03-14@14:00:00,39.029,37.469,35.909
2017-03-14@11:30:00,39.013,37.334,35.654
2017-03-14@10:30:00,38.732,37.148,35.563
2017-03-13@15:00:00,38.422,36.984,35.545
2017-03-13@14:00:00,38.337,36.884,35.430
2017-03-13@11:30:00,38.276,36.792,35.308
2017-03-13@10:30:00,38.142,36.688,35.233
2017-03-10@15:00:00,37.977,36.601,35.224
2017-03-10@14:00:00,37.949,36.482,35.014
2017-03-10@11:30:00,37.962,36.371,34.779
2017-03-10@10:30:00,37.873,36.240,34.607
2017-03-09@15:00:00,37.803,36.102,34.400
2017-03-09@14:00:00,37.661,36.001,34.340
2017-03-09@11:30:00,37.446,35.915,34.383
2017-03-09@10:30:00,37.297,35.746,34.195
2017-03-08@15:00:00,37.151,35.599,34.047
2017-03-08@14:00:00,37.088,35.473,33.857
2017-03-08@11:30:00,36.966,35.351,33.736
2017-03-08@10:30:00,36.776,35.223,33.670
2017-03-07@15:00:00,36.555,35.087,33.619
2017-03-07@14:00:00,36.457,34.993,33.528
2017-03-07@11:30:00,36.421,34.894,33.367
2017-03-07@10:30:00,36.369,34.803,33.237
2017-03-06@15:00:00,36.280,34.695,33.110
2017-03-06@14:00:00,36.125,34.590,33.055
2017-03-06@11:30:00,35.960,34.486,33.012
2017-03-06@10:30:00,35.754,34.392,33.029
2017-03-03@15:00:00,35.413,34.292,33.171
2017-03-03@14:00:00,35.306,34.242,33.177
2017-03-03@11:30:00,35.222,34.192,33.162
2017-03-03@10:30:00,35.132,34.145,33.157
2017-03-02@15:00:00,35.083,34.106,33.128
2017-03-02@14:00:00,34.878,34.038,33.198
2017-03-02@11:30:00,34.301,33.949,33.596
2017-03-02@10:30:00,34.290,33.928,33.566
2017-03-01@15:00:00,34.258,33.901,33.544
2017-03-01@14:00:00,34.242,33.893,33.544
2017-03-01@11:30:00,34.197,33.878,33.559
2017-03-01@10:30:00,34.145,33.861,33.578
2017-02-28@15:00:00,34.125,33.852,33.580
2017-02-28@14:00:00,34.116,33.850,33.585
2017-02-28@11:30:00,34.120,33.860,33.600
2017-02-28@10:30:00,34.119,33.862,33.605
2017-02-27@15:00:00,34.119,33.862,33.605
2017-02-27@14:00:00,34.119,33.863,33.608
2017-02-27@11:30:00,34.186,33.844,33.502
2017-02-27@10:30:00,34.229,33.813,33.397
2017-02-24@15:00:00,34.241,33.768,33.295
2017-02-24@14:00:00,34.307,33.707,33.107
2017-02-24@11:30:00,34.357,33.653,32.950
2017-02-24@10:30:00,34.364,33.603,32.843
2017-02-23@15:00:00,34.345,33.577,32.809
2017-02-23@14:00:00,34.336,33.530,32.725
2017-02-23@11:30:00,34.306,33.482,32.659
2017-02-23@10:30:00,34.289,33.450,32.611
2017-02-22@15:00:00,34.273,33.416,32.559
2017-02-22@14:00:00,34.215,33.370,32.525
2017-02-22@11:30:00,34.169,33.354,32.538
2017-02-22@10:30:00,34.134,33.342,32.550
2017-02-21@15:00:00,34.091,33.327,32.563
2017-02-21@14:00:00,34.012,33.307,32.603
2017-02-21@11:30:00,33.955,33.292,32.629
2017-02-21@10:30:00,33.909,33.278,32.648
2017-02-20@15:00:00,33.912,33.279,32.647
2017-02-20@14:00:00,33.883,33.272,32.661
2017-02-20@11:30:00,33.927,33.290,32.653
2017-02-20@10:30:00,33.992,33.316,32.640
2017-02-17@15:00:00,34.021,33.336,32.651
2017-02-17@14:00:00,34.028,33.373,32.718
2017-02-17@11:30:00,34.047,33.420,32.793
2017-02-17@10:30:00,34.060,33.462,32.863
2017-02-16@15:00:00,34.131,33.498,32.864
2017-02-16@14:00:00,34.260,33.571,32.881
2017-02-16@11:30:00,34.317,33.634,32.951
2017-02-16@10:30:00,34.362,33.693,33.023
2017-02-15@15:00:00,34.393,33.759,33.124
2017-02-15@14:00:00,34.360,33.815,33.269
2017-02-15@11:30:00,34.361,33.828,33.295
2017-02-15@10:30:00,34.373,33.818,33.262
2017-02-14@15:00:00,34.383,33.811,33.238
2017-02-14@14:00:00,34.386,33.817,33.247
2017-02-14@11:30:00,34.387,33.826,33.266
2017-02-14@10:30:00,34.385,33.840,33.294
2017-02-13@15:00:00,34.398,33.858,33.319
2017-02-13@14:00:00,34.398,33.864,33.331
2017-02-13@11:30:00,34.398,33.869,33.340
2017-02-13@10:30:00,34.400,33.871,33.343
2017-02-10@15:00:00,34.397,33.875,33.353
2017-02-10@14:00:00,34.443,33.855,33.268
2017-02-10@11:30:00,34.449,33.842,33.235
2017-02-10@10:30:00,34.471,33.819,33.168
2017-02-09@15:00:00,34.469,33.784,33.100
2017-02-09@14:00:00,34.381,33.754,33.128
2017-02-09@11:30:00,34.315,33.721,33.127
2017-02-09@10:30:00,34.250,33.677,33.104
2017-02-08@15:00:00,34.142,33.629,33.117
2017-02-08@14:00:00,34.069,33.590,33.111
2017-02-08@11:30:00,34.052,33.557,33.063
2017-02-08@10:30:00,34.055,33.551,33.048
2017-02-07@15:00:00,34.058,33.546,33.034
2017-02-07@14:00:00,34.077,33.499,32.921
2017-02-07@11:30:00,34.073,33.453,32.833
2017-02-07@10:30:00,34.057,33.405,32.754
2017-02-06@15:00:00,33.976,33.351,32.726
2017-02-06@14:00:00,33.918,33.322,32.727
2017-02-06@11:30:00,33.862,33.303,32.745
2017-02-06@10:30:00,33.772,33.275,32.778
2017-02-03@15:00:00,33.718,33.241,32.765
2017-02-03@14:00:00,33.807,33.200,32.594
2017-02-03@11:30:00,33.828,33.145,32.463
2017-02-03@10:30:00,33.860,33.097,32.335
2017-01-26@15:00:00,33.901,33.040,32.180
2017-01-26@14:00:00,33.929,32.931,31.933
2017-01-26@11:30:00,33.970,32.827,31.683
2017-01-26@10:30:00,33.979,32.739,31.499
2017-01-25@15:00:00,33.994,32.636,31.277
2017-01-25@14:00:00,33.921,32.564,31.208
2017-01-25@11:30:00,33.851,32.523,31.195
2017-01-25@10:30:00,33.753,32.472,31.191
2017-01-24@15:00:00,33.650,32.427,31.204
2017-01-24@14:00:00,33.655,32.429,31.203
2017-01-24@11:30:00,33.626,32.415,31.204
2017-01-24@10:30:00,33.580,32.382,31.184
2017-01-23@15:00:00,33.522,32.347,31.171
2017-01-23@14:00:00,33.465,32.330,31.195
2017-01-23@11:30:00,33.416,32.319,31.222
2017-01-23@10:30:00,33.353,32.303,31.254
2017-01-20@15:00:00,33.456,32.327,31.198
2017-01-20@14:00:00,33.622,32.383,31.144
2017-01-20@11:30:00,33.897,32.465,31.032
2017-01-20@10:30:00,34.175,32.558,30.940
2017-01-19@15:00:00,34.464,32.671,30.877
2017-01-19@14:00:00,34.806,32.836,30.866
2017-01-19@11:30:00,35.105,33.016,30.927
2017-01-19@10:30:00,35.394,33.200,31.005
2017-01-18@15:00:00,35.565,33.395,31.224
2017-01-18@14:00:00,35.764,33.562,31.361
2017-01-18@11:30:00,36.027,33.725,31.424
2017-01-18@10:30:00,36.248,33.895,31.542
2017-01-17@15:00:00,36.493,34.075,31.657
2017-01-17@14:00:00,36.702,34.224,31.747
2017-01-17@11:30:00,36.884,34.398,31.913
2017-01-17@10:30:00,37.013,34.607,32.200
2017-01-16@15:00:00,37.018,34.801,32.583
2017-01-16@14:00:00,37.124,34.980,32.835
2017-01-16@11:30:00,37.194,35.138,33.082
2017-01-16@10:30:00,37.191,35.313,33.434
2017-01-13@15:00:00,37.190,35.459,33.727
2017-01-13@14:00:00,37.094,35.592,34.089
2017-01-13@11:30:00,37.049,35.703,34.357
2017-01-13@10:30:00,37.002,35.814,34.626
2017-01-12@15:00:00,36.938,35.914,34.890
2017-01-12@14:00:00,36.989,36.008,35.026
2017-01-12@11:30:00,37.034,36.095,35.156
2017-01-12@10:30:00,37.135,36.187,35.238
2017-01-11@15:00:00,37.215,36.288,35.360
2017-01-11@14:00:00,37.262,36.384,35.505
2017-01-11@11:30:00,37.332,36.462,35.591
2017-01-11@10:30:00,37.364,36.532,35.699
2017-01-10@15:00:00,37.482,36.603,35.723
2017-01-10@14:00:00,37.543,36.674,35.805
2017-01-10@11:30:00,37.596,36.734,35.872
2017-01-10@10:30:00,37.647,36.778,35.909
2017-01-09@15:00:00,37.657,36.833,36.009
2017-01-09@14:00:00,37.757,36.890,36.022
2017-01-09@11:30:00,37.745,36.913,36.081
2017-01-09@10:30:00,37.797,36.889,35.980
2017-01-06@15:00:00,37.893,36.851,35.808
2017-01-06@14:00:00,37.895,36.849,35.803
2017-01-06@11:30:00,37.885,36.871,35.856
2017-01-06@10:30:00,37.890,36.897,35.903
2017-01-05@15:00:00,37.884,36.910,35.935
2017-01-05@14:00:00,37.912,36.875,35.838
2017-01-05@11:30:00,37.910,36.857,35.804
2017-01-05@10:30:00,37.914,36.803,35.692
2017-01-04@15:00:00,37.904,36.736,35.567
2017-01-04@14:00:00,37.863,36.682,35.500
2017-01-04@11:30:00,37.830,36.613,35.395
2017-01-04@10:30:00,37.790,36.553,35.316
2017-01-03@15:00:00,37.687,36.469,35.251
2017-01-03@14:00:00,37.587,36.386,35.184
2017-01-03@11:30:00,37.550,36.269,34.988
2017-01-03@10:30:00,37.541,36.135,34.729
2016-12-30@15:00:00,37.552,35.983,34.414
2016-12-30@14:00:00,37.342,35.829,34.315
2016-12-30@11:30:00,37.367,35.675,33.983
2016-12-30@10:30:00,37.402,35.580,33.757
2016-12-29@15:00:00,37.432,35.505,33.578
2016-12-29@14:00:00,37.373,35.427,33.481
2016-12-29@11:30:00,37.210,35.322,33.433
2016-12-29@10:30:00,36.965,35.200,33.434
2016-12-28@15:00:00,36.743,35.097,33.451
2016-12-28@14:00:00,36.625,35.043,33.460
2016-12-28@11:30:00,36.403,34.948,33.493
2016-12-28@10:30:00,36.258,34.869,33.479
2016-12-27@15:00:00,36.124,34.807,33.489
2016-12-27@14:00:00,35.910,34.713,33.515
2016-12-27@11:30:00,35.740,34.631,33.522
2016-12-27@10:30:00,35.509,34.542,33.575
2016-12-26@15:00:00,35.283,34.451,33.619
2016-12-26@14:00:00,35.013,34.389,33.765
2016-12-26@11:30:00,34.933,34.364,33.794
2016-12-26@10:30:00,34.934,34.364,33.794
2016-12-23@15:00:00,35.098,34.420,33.741
2016-12-23@14:00:00,35.113,34.385,33.656
2016-12-23@11:30:00,35.102,34.390,33.677
2016-12-23@10:30:00,35.103,34.389,33.674
2016-12-22@15:00:00,35.102,34.390,33.677
2016-12-22@14:00:00,35.186,34.324,33.461
2016-12-22@11:30:00,35.194,34.270,33.345
2016-12-22@10:30:00,35.176,34.233,33.290
2016-12-21@15:00:00,35.150,34.179,33.208
2016-12-21@14:00:00,35.110,34.076,33.043
2016-12-21@11:30:00,35.062,34.023,32.984
2016-12-21@10:30:00,35.021,33.982,32.943
2016-12-20@15:00:00,34.949,33.920,32.892
2016-12-20@14:00:00,34.928,33.908,32.889
2016-12-20@11:30:00,34.904,33.890,32.877
2016-12-20@10:30:00,34.887,33.878,32.870
2016-12-19@15:00:00,34.889,33.880,32.871
2016-12-19@14:00:00,34.827,33.847,32.866
2016-12-19@11:30:00,34.911,33.867,32.823
2016-12-19@10:30:00,35.226,33.927,32.627
2016-12-16@15:00:00,35.535,33.978,32.420
2016-12-16@14:00:00,36.293,34.155,32.017
2016-12-16@11:30:00,36.953,34.344,31.734
2016-12-16@10:30:00,37.570,34.537,31.504
2016-12-15@15:00:00,38.138,34.735,31.332
2016-12-15@14:00:00,39.075,35.068,31.061
2016-12-15@11:30:00,39.963,35.412,30.860
2016-12-15@10:30:00,40.824,35.766,30.707
2016-12-14@15:00:00,41.764,36.179,30.593
2016-12-14@14:00:00,42.104,36.519,30.933
2016-12-14@11:30:00,42.369,36.820,31.270
2016-12-14@10:30:00,42.616,37.130,31.644
2016-12-13@15:00:00,42.802,37.462,32.122
2016-12-13@14:00:00,42.821,37.701,32.582
2016-12-13@11:30:00,42.771,37.955,33.139
2016-12-13@10:30:00,42.662,38.211,33.760
2016-12-12@15:00:00,42.453,38.452,34.451
2016-12-12@14:00:00,42.084,38.715,35.345
2016-12-12@11:30:00,41.793,38.927,36.061
2016-12-12@10:30:00,41.547,39.052,36.558
2016-12-09@15:00:00,41.329,39.163,36.997
2016-12-09@14:00:00,41.245,39.236,37.228
2016-12-09@11:30:00,41.178,39.306,37.434
2016-12-09@10:30:00,41.128,39.355,37.583
2016-12-08@15:00:00,41.091,39.389,37.686
2016-12-08@14:00:00,41.035,39.341,37.646
2016-12-08@11:30:00,40.907,39.278,37.648
2016-12-08@10:30:00,40.652,39.191,37.730
2016-11-30@15:00:00,39.887,39.040,38.193
2016-11-30@14:00:00,39.954,38.926,37.898
2016-11-30@11:30:00,39.917,38.851,37.784
2016-11-30@10:30:00,39.817,38.751,37.684
2016-10-13@15:00:00,39.624,38.635,37.646
2016-10-13@14:00:00,39.649,38.582,37.514
2016-10-13@11:30:00,39.654,38.519,37.383
2016-10-13@10:30:00,39.602,38.482,37.361
2016-10-12@15:00:00,39.618,38.413,37.208
2016-10-12@14:00:00,39.724,38.288,36.852
2016-10-12@11:30:00,39.693,38.175,36.656
2016-10-12@10:30:00,39.735,38.101,36.466
2016-10-11@15:00:00,39.730,38.019,36.308
2016-10-11@14:00:00,39.680,37.910,36.140
2016-10-11@11:30:00,39.690,37.743,35.795
2016-10-11@10:30:00,39.734,37.553,35.371
2016-10-10@15:00:00,39.740,37.362,34.983
2016-10-10@14:00:00,39.565,37.199,34.833
2016-10-10@11:30:00,39.289,37.090,34.891
2016-10-10@10:30:00,39.040,37.021,35.002
2016-09-30@15:00:00,38.842,36.965,35.087
2016-09-30@14:00:00,38.867,36.976,35.084
2016-09-30@11:30:00,38.859,36.973,35.087
2016-09-30@10:30:00,38.889,36.983,35.077
2016-09-29@15:00:00,38.929,36.998,35.066
2016-09-29@14:00:00,39.040,37.033,35.026
2016-09-29@11:30:00,39.150,37.072,34.993
2016-09-29@10:30:00,39.188,37.083,34.977
2016-09-28@15:00:00,39.288,37.125,34.962
2016-09-28@14:00:00,39.390,37.207,35.023
2016-09-28@11:30:00,39.514,37.283,35.051
2016-09-28@10:30:00,39.681,37.379,35.077
2016-09-27@15:00:00,39.807,37.464,35.121
2016-09-27@14:00:00,39.813,37.454,35.094
2016-09-27@11:30:00,39.752,37.498,35.244
2016-09-27@10:30:00,39.581,37.591,35.601
2016-09-26@15:00:00,39.337,37.669,36.000
2016-09-26@14:00:00,39.213,37.711,36.208
2016-09-26@11:30:00,39.237,37.694,36.151
2016-09-26@10:30:00,39.233,37.652,36.071
2016-09-23@15:00:00,39.223,37.631,36.038
2016-09-23@14:00:00,39.370,37.519,35.668
2016-09-23@11:30:00,39.409,37.406,35.402
2016-09-23@10:30:00,39.381,37.304,35.227
2016-09-22@15:00:00,39.361,37.184,35.007
2016-09-22@14:00:00,39.337,37.004,34.670
2016-09-22@11:30:00,39.228,36.836,34.444
2016-09-22@10:30:00,39.058,36.663,34.267
2016-09-21@15:00:00,38.866,36.514,34.161
2016-09-21@14:00:00,38.656,36.378,34.099
2016-09-21@11:30:00,38.368,36.276,34.184
2016-09-21@10:30:00,37.976,36.183,34.389
2016-09-20@15:00:00,37.647,36.120,34.593
2016-09-20@14:00:00,38.065,36.223,34.381
2016-09-20@11:30:00,38.492,36.336,34.179
2016-09-20@10:30:00,38.822,36.427,34.031
2016-09-19@15:00:00,39.214,36.555,33.895
2016-09-19@14:00:00,39.511,36.670,33.829
2016-09-19@11:30:00,39.778,36.783,33.787
2016-09-19@10:30:00,40.037,36.888,33.739
2016-09-14@15:00:00,40.243,36.973,33.703
2016-09-14@14:00:00,40.507,37.165,33.823
2016-09-14@11:30:00,40.738,37.346,33.954
2016-09-14@10:30:00,40.969,37.520,34.071
2016-09-13@15:00:00,41.124,37.707,34.290
2016-09-13@14:00:00,41.138,37.931,34.724
2016-09-13@11:30:00,41.128,38.151,35.173
2016-09-13@10:30:00,nan,nan,nan
2016-09-12@15:00:00,nan,nan,nan
2016-09-12@14:00:00,nan,nan,nan
2016-09-12@11:30:00,nan,nan,nan
2016-09-12@10:30:00,nan,nan,nan
2016-09-09@15:00:00,nan,nan,nan
2016-09-09@14:00:00,nan,nan,nan
2016-09-09@11:30:00,nan,nan,nan
2016-09-09@10:30:00,nan,nan,nan
2016-09-08@15:00:00,nan,nan,nan
2016-09-08@14:00:00,nan,nan,nan
2016-09-08@11:30:00,nan,nan,nan
2016-09-08@10:30:00,nan,nan,nan
2016-09-07@15:00:00,nan,nan,nan
2016-09-07@14:00:00,nan,nan,nan
2016-09-07@11:30:00,nan,nan,nan
2016-09-07@10:30:00,nan,nan,nan
2016-09-06@15:00:00,nan,nan,nan
2016-09-06@14:00:00,nan,nan,nan
