Not
2017-05-12,-0.467,-0.553,0.085
2017-05-11,-0.466,-0.574,0.108
2017-05-10,-0.466,-0.601,0.136
2017-05-09,-0.504,-0.635,0.131
2017-05-08,-0.584,-0.668,0.084
2017-05-05,-0.627,-0.689,0.062
2017-05-04,-0.688,-0.704,0.016
2017-05-03,-0.732,-0.708,-0.024
2017-05-02,-0.808,-0.702,-0.106
2017-04-28,-0.885,-0.676,-0.209
2017-04-27,-0.917,-0.624,-0.294
2017-04-26,-0.905,-0.550,-0.355
2017-04-25,-0.827,-0.462,-0.365
2017-04-24,-0.775,-0.370,-0.404
2017-04-21,-0.596,-0.269,-0.327
2017-04-20,-0.348,-0.187,-0.161
2017-04-19,-0.336,-0.147,-0.189
2017-04-18,-0.332,-0.100,-0.233
2017-04-17,-0.288,-0.042,-0.246
2017-04-14,-0.227,0.020,-0.247
2017-04-13,-0.168,0.082,-0.250
2017-04-12,-0.142,0.144,-0.285
2017-04-11,-0.114,0.215,-0.329
2017-04-10,-0.033,0.298,-0.330
2017-04-07,0.088,0.380,-0.292
2017-04-06,0.217,0.453,-0.236
2017-04-05,0.206,0.512,-0.305
2017-03-31,0.225,0.588,-0.363
2017-03-30,0.353,0.679,-0.326
2017-03-29,0.530,0.761,-0.230
2017-03-28,0.719,0.818,-0.100
2017-03-27,0.821,0.843,-0.022
2017-03-24,0.908,0.848,0.059
2017-03-23,0.896,0.834,0.062
2017-03-22,0.881,0.818,0.063
2017-03-21,0.895,0.802,0.093
2017-03-20,0.920,0.779,0.141
2017-03-17,0.942,0.744,0.198
2017-03-16,1.019,0.694,0.324
2017-03-15,0.979,0.613,0.366
2017-03-14,0.962,0.522,0.440
2017-03-13,0.845,0.412,0.432
2017-03-10,0.728,0.304,0.424
2017-03-09,0.601,0.198,0.403
2017-03-08,0.455,0.097,0.358
2017-03-07,0.327,0.008,0.320
2017-03-06,0.221,-0.072,0.293
2017-03-03,0.094,-0.146,0.239
2017-03-02,0.012,-0.206,0.217
2017-03-01,-0.106,-0.260,0.153
2017-02-28,-0.140,-0.298,0.159
2017-02-27,-0.184,-0.338,0.154
2017-02-24,-0.202,-0.376,0.174
2017-02-23,-0.257,-0.420,0.162
2017-02-22,-0.299,-0.461,0.162
2017-02-21,-0.353,-0.501,0.148
2017-02-20,-0.432,-0.538,0.106
2017-02-17,-0.502,-0.565,0.063
2017-02-16,-0.483,-0.580,0.097
2017-02-15,-0.468,-0.604,0.136
2017-02-14,-0.444,-0.638,0.194
2017-02-13,-0.475,-0.687,0.212
2017-02-10,-0.506,-0.740,0.234
2017-02-09,-0.526,-0.798,0.273
2017-02-08,-0.631,-0.867,0.236
2017-02-07,-0.727,-0.925,0.199
2017-02-06,-0.808,-0.975,0.168
2017-02-03,-0.897,-1.017,0.120
2017-02-02,-0.939,-1.047,0.108
2017-01-26,-1.032,-1.074,0.042
2017-01-25,-1.137,-1.085,-0.052
2017-01-24,-1.212,-1.072,-0.140
2017-01-23,-1.244,-1.036,-0.208
2017-01-20,-1.301,-0.985,-0.317
2017-01-19,-1.271,-0.905,-0.366
2017-01-18,-1.134,-0.814,-0.320
2017-01-17,-0.973,-0.734,-0.239
2017-01-16,-0.856,-0.674,-0.181
2017-01-13,-0.693,-0.629,-0.064
2017-01-12,-0.538,-0.613,0.075
2017-01-11,-0.475,-0.632,0.157
2017-01-10,-0.422,-0.671,0.249
2017-01-09,-0.414,-0.733,0.319
2017-01-06,-0.456,-0.813,0.356
2017-01-05,-0.473,-0.902,0.429
2017-01-04,-0.550,-1.009,0.459
2017-01-03,-0.681,-1.124,0.442
2016-12-30,-0.852,-1.234,0.382
2016-12-29,-1.076,-1.330,0.253
2016-12-28,-1.208,-1.393,0.185
2016-12-27,-1.354,-1.439,0.085
2016-12-26,-1.517,-1.461,-0.057
2016-12-23,-1.663,-1.446,-0.216
2016-12-22,-1.710,-1.392,-0.318
2016-12-21,-1.751,-1.313,-0.438
2016-12-20,-1.820,-1.203,-0.617
2016-12-19,-1.803,-1.049,-0.754
2016-12-16,-1.774,-0.860,-0.913
2016-12-15,-1.649,-0.632,-1.017
2016-12-14,-1.409,-0.378,-1.032
2016-12-13,-1.050,-0.120,-0.930
2016-12-12,-0.680,0.112,-0.793
2016-12-09,-0.177,0.311,-0.488
2016-12-08,0.105,0.432,-0.327
2016-11-30,0.198,0.514,-0.316
2016-11-29,0.335,0.593,-0.259
2016-11-28,0.518,0.658,-0.140
2016-11-25,0.646,0.693,-0.047
2016-11-24,0.687,0.705,-0.018
2016-11-23,0.776,0.709,0.067
2016-11-22,0.820,0.693,0.127
2016-11-21,0.734,0.661,0.073
2016-11-18,0.580,0.643,-0.062
2016-11-17,0.528,0.658,-0.130
2016-11-16,0.612,0.691,-0.079
2016-11-15,0.603,0.711,-0.108
2016-11-14,0.598,0.738,-0.140
2016-11-11,0.692,0.773,-0.080
2016-11-10,0.788,0.793,-0.005
2016-11-09,0.817,0.794,0.023
2016-11-08,0.924,0.788,0.136
2016-11-07,0.968,0.754,0.214
2016-11-04,1.026,0.701,0.325
2016-11-03,0.892,0.619,0.272
2016-11-02,0.796,0.551,0.245
2016-10-28,0.732,0.490,0.242
2016-10-27,0.757,0.430,0.327
2016-10-26,0.698,0.348,0.350
2016-10-25,0.650,0.260,0.389
2016-10-24,0.371,0.163,0.208
2016-10-21,0.157,0.111,0.045
2016-10-20,0.261,0.100,0.161
2016-10-19,0.306,0.059,0.246
2016-10-18,0.245,-0.002,0.248
2016-10-17,0.203,-0.064,0.268
2016-10-14,0.178,-0.131,0.309
2016-10-13,0.098,-0.208,0.307
2016-10-12,0.026,-0.285,0.311
2016-10-11,-0.084,-0.363,0.278
2016-10-10,-0.206,-0.432,0.226
2016-09-30,-0.377,-0.489,0.112
2016-09-29,-0.442,-0.516,0.075
2016-09-28,-0.538,-0.535,-0.003
2016-09-27,-0.531,-0.534,0.004
2016-09-26,-0.530,-0.535,0.006
2016-09-23,-0.424,-0.537,0.113
2016-09-22,-0.484,-0.565,0.081
2016-09-21,-0.628,-0.585,-0.043
2016-09-20,-0.773,-0.574,-0.199
2016-09-19,-0.775,-0.525,-0.251
2016-09-14,-0.778,-0.462,-0.316
2016-09-13,-0.660,-0.383,-0.277
2016-09-12,-0.433,-0.313,-0.120
2016-09-09,-0.198,-0.283,0.086
2016-09-08,-0.209,-0.305,0.096
2016-09-07,-0.257,-0.329,0.071
2016-09-06,-0.361,-0.347,-0.014
2016-09-05,-0.487,-0.343,-0.144
2016-09-02,-0.530,-0.307,-0.223
2016-09-01,-0.581,-0.252,-0.329
2016-08-31,-0.552,-0.169,-0.382
2016-08-30,-0.476,-0.074,-0.402
2016-08-29,-0.421,0.027,-0.448
2016-08-26,-0.372,0.139,-0.511
2016-08-25,-0.306,0.267,-0.573
2016-08-24,-0.283,0.410,-0.693
2016-08-23,-0.207,0.583,-0.790
2016-08-22,0.004,0.781,-0.777
2016-08-19,0.359,0.975,-0.615
2016-08-18,0.530,1.129,-0.598
2016-08-17,0.667,1.278,-0.611
2016-08-15,0.802,1.431,-0.629
2016-08-12,0.863,1.588,-0.725
2016-08-11,1.140,1.769,-0.629
2016-08-10,1.436,1.927,-0.491
2016-08-09,1.543,2.049,-0.506
2016-08-08,1.713,2.176,-0.463
2016-08-05,1.876,2.292,-0.415
2016-08-04,2.010,2.396,-0.385
2016-08-03,2.003,2.492,-0.489
2016-08-02,2.193,2.614,-0.421
2016-08-01,2.376,2.719,-0.344
2016-07-29,2.655,2.805,-0.150
2016-07-28,2.876,2.843,0.034
2016-07-27,3.178,2.834,0.344
2016-07-26,3.374,2.748,0.626
2016-07-25,3.220,2.592,0.628
2016-07-22,3.092,2.435,0.657
2016-07-21,2.869,2.271,0.599
2016-07-20,2.665,2.121,0.543
2016-07-19,2.618,1.985,0.632
2016-07-18,2.590,1.827,0.763
2016-07-15,2.617,1.636,0.981
2016-07-14,2.634,1.391,1.242
2016-07-13,2.440,1.081,1.360
2016-07-12,2.311,0.741,1.570
2016-07-11,2.095,0.348,1.747
2016-07-08,1.889,-0.088,1.977
2016-07-07,1.167,-0.583,1.750
2016-07-06,0.296,-1.020,1.316
2016-07-05,-0.429,-1.349,0.920
2016-03-18,-0.993,-1.579,0.586
2016-03-17,-1.375,-1.726,0.351
2016-03-16,-1.549,-1.813,0.265
2016-03-15,-1.605,-1.880,0.274
2016-03-14,-1.736,-1.948,0.212
2016-03-11,-1.950,-2.001,0.051
2016-03-10,-2.047,-2.014,-0.033
2016-03-09,-2.065,-2.006,-0.059
2016-03-08,-2.109,-1.991,-0.118
2016-03-07,-2.191,-1.961,-0.230
2016-03-04,-2.182,-1.904,-0.278
2016-03-03,-2.029,-1.834,-0.194
2016-03-02,-2.007,-1.786,-0.222
2016-03-01,-1.979,-1.730,-0.249
2016-02-29,-1.785,-1.668,-0.117
2016-02-26,-1.430,-1.639,0.208
2016-02-25,-1.252,-1.691,0.439
2016-02-24,-1.112,-1.801,0.688
2016-02-23,-1.259,-1.973,0.714
2016-02-22,-1.484,-2.151,0.667
2016-02-19,-1.767,-2.318,0.551
2016-02-18,-1.977,-2.455,0.479
2016-02-17,-2.264,-2.575,0.311
2016-02-16,-2.525,-2.653,0.128
2016-02-15,-2.711,-2.685,-0.026
2016-02-05,-2.745,-2.678,-0.067
2016-02-04,-2.820,-2.662,-0.158
2016-02-03,-2.972,-2.622,-0.349
2016-02-02,-3.030,-2.535,-0.495
2016-02-01,-3.042,-2.411,-0.631
2016-01-29,-2.870,-2.253,-0.617
2016-01-28,-2.786,-2.099,-0.687
2016-01-27,-2.386,-1.927,-0.459
2016-01-26,-2.163,-1.812,-0.351
2016-01-25,-1.948,-1.725,-0.223
2016-01-22,-2.013,-1.669,-0.344
2016-01-21,-2.159,-1.583,-0.576
2016-01-20,-2.202,-1.439,-0.763
2016-01-19,-2.321,-1.248,-1.073
2016-01-18,-2.432,-0.980,-1.452
2016-01-15,-2.396,-0.617,-1.779
2016-01-14,-2.068,-0.172,-1.896
2016-01-13,-1.738,0.302,-2.040
2016-01-12,-1.133,0.812,-1.945
2016-01-11,-0.586,1.298,-1.884
2016-01-08,0.178,1.770,-1.591
2016-01-07,0.761,2.167,-1.406
2016-01-06,1.481,2.519,-1.038
2016-01-05,1.943,2.779,-0.836
2016-01-04,2.639,2.988,-0.349
2015-12-31,3.161,3.075,0.086
2015-12-30,3.277,3.053,0.224
2015-12-29,3.172,2.997,0.174
2015-12-28,3.233,2.954,0.279
2015-12-25,3.257,2.884,0.373
2015-12-24,3.380,2.791,0.589
2015-12-23,3.315,2.643,0.672
2015-12-22,3.331,2.475,0.856
2015-12-21,3.156,2.261,0.894
2015-12-18,2.737,2.038,0.699
2015-12-17,2.167,1.863,0.304
2015-12-16,1.664,1.787,-0.123
2015-12-15,1.358,1.818,-0.460
2015-12-14,1.364,1.932,-0.569
2015-12-11,1.340,2.075,-0.734
2015-12-10,1.575,2.258,-0.684
2015-12-09,1.866,2.429,-0.563
2015-12-08,2.140,2.570,-0.430
2015-12-07,2.270,2.677,-0.408
2015-12-04,2.420,2.779,-0.360
2015-12-03,2.597,2.869,-0.272
2015-12-02,2.712,2.937,-0.225
2015-12-01,3.006,2.993,0.013
2015-11-30,3.176,2.990,0.186
2015-11-27,3.094,2.944,0.151
2015-11-26,3.269,2.906,0.363
2015-11-25,3.202,2.815,0.387
2015-11-24,2.943,2.719,0.224
2015-11-23,2.662,2.662,-0.001
2015-11-20,2.659,2.663,-0.004
2015-11-19,2.696,2.664,0.032
2015-11-18,2.705,2.656,0.050
2015-11-17,3.030,2.643,0.387
2015-11-16,3.216,2.546,0.670
2015-11-13,3.312,2.379,0.933
2015-11-12,3.350,2.146,1.204
2015-11-11,2.923,1.845,1.078
2015-11-10,2.476,1.575,0.901
2015-11-09,2.213,1.350,0.863
2015-11-06,1.824,1.134,0.689
2015-11-05,1.534,0.962,0.572
2015-11-04,1.238,0.819,0.420
2015-11-03,1.005,0.714,0.292
2015-11-02,0.803,0.641,0.162
2015-10-30,0.727,0.600,0.126
2015-10-29,0.720,0.569,0.152
2015-10-28,0.668,0.531,0.138
2015-10-27,0.686,0.496,0.190
2015-10-26,0.597,0.449,0.148
2015-10-23,0.538,0.412,0.126
2015-10-22,0.557,0.380,0.177
2015-10-21,0.627,0.336,0.291
2015-10-20,0.785,0.263,0.521
2015-10-19,0.680,0.133,0.547
2015-10-16,0.621,-0.004,0.625
2015-10-15,0.475,-0.160,0.635
2015-10-14,0.250,-0.318,0.569
2015-10-13,0.083,-0.461,0.543
2015-10-12,-0.073,-0.596,0.523
2015-10-09,-0.299,-0.727,0.428
2015-10-08,-0.443,-0.834,0.391
2015-10-07,-0.581,-0.932,0.352
2015-09-30,-0.647,-1.020,0.373
2015-09-29,-0.717,-1.113,0.396
2015-09-28,-0.743,-1.212,0.470
2015-09-25,-0.855,-1.330,0.475
2015-09-24,-0.882,-1.449,0.567
2015-09-23,-1.052,-1.590,0.539
2015-09-22,-1.253,-1.725,0.471
2015-09-21,-1.477,-1.843,0.365
2015-09-18,-1.736,-1.934,0.198
2015-09-17,-1.875,-1.984,0.109
2015-09-16,-1.982,-2.011,0.029
2015-09-15,-2.115,-2.018,-0.097
2015-09-14,-2.037,-1.994,-0.043
2015-09-11,-2.024,-1.983,-0.041
2015-09-10,-2.232,-1.973,-0.259
2015-09-09,-2.367,-1.908,-0.459
2015-09-08,-2.639,-1.793,-0.846
2015-09-07,-2.714,-1.582,-1.132
2015-09-02,-2.557,-1.299,-1.258
2015-09-01,-2.224,-0.984,-1.240
2015-08-31,-1.906,-0.674,-1.231
2015-08-28,-1.712,-0.367,-1.345
2015-08-27,-1.708,-0.030,-1.678
2015-08-26,-1.548,0.389,-1.937
2015-08-25,-1.165,0.873,-2.038
2015-08-24,-0.441,1.383,-1.824
2015-08-21,0.274,1.839,-1.564
2015-08-20,0.917,2.230,-1.312
2015-08-19,1.452,2.558,-1.106
2015-08-18,1.886,2.834,-0.948
2015-08-17,2.470,3.071,-0.601
2015-08-14,2.860,3.222,-0.361
2015-08-13,3.071,3.312,-0.241
2015-08-12,3.251,3.372,-0.121
2015-08-11,3.445,3.402,0.043
2015-08-10,3.366,3.392,-0.025
2015-08-07,3.427,3.398,0.029
2015-08-06,3.593,3.391,0.202
2015-08-05,3.786,3.340,0.445
2015-08-04,3.668,3.229,0.439
2015-08-03,3.787,3.119,0.668
2015-07-31,3.488,2.952,0.536
2015-07-30,3.010,2.818,0.192
2015-07-29,2.720,2.770,-0.050
2015-07-28,nan,nan,nan
2015-07-27,nan,nan,nan
2015-07-24,nan,nan,nan
2015-07-23,nan,nan,nan
2015-07-22,nan,nan,nan
2015-07-21,nan,nan,nan
2015-07-20,nan,nan,nan
2015-07-17,nan,nan,nan
2015-07-16,nan,nan,nan
2015-07-15,nan,nan,nan
2015-07-14,nan,nan,nan
2015-07-13,nan,nan,nan
2015-07-10,nan,nan,nan
2015-07-09,nan,nan,nan
2015-07-08,nan,nan,nan
2015-07-07,nan,nan,nan
2015-07-06,nan,nan,nan
2015-07-03,nan,nan,nan
2015-07-02,nan,nan,nan
2015-07-01,nan,nan,nan
2015-06-30,nan,nan,nan
2015-06-29,nan,nan,nan
2015-06-26,nan,nan,nan
2015-06-25,nan,nan,nan
2015-06-24,nan,nan,nan
2015-06-23,nan,nan,nan
2015-06-19,nan,nan,nan
2015-06-18,nan,nan,nan
2015-06-17,nan,nan,nan
2015-06-16,nan,nan,nan
2015-06-15,nan,nan,nan
2015-06-12,nan,nan,nan
2015-06-11,nan,nan,nan
