date,open,high,close,low,volume,price_change,p_change,ma5,ma10,ma20,v_ma5,v_ma10,v_ma20,turnover
2017-06-30,17.47,18.35,17.9,17.11,6428667.5,0.32,1.82,17.488,18.21,18.001,6132234.8,6729715.35,9012566.85,11.81
2017-05-31,17.05,17.75,17.58,16.12,5791666.0,0.58,3.41,17.602,18.463,17.99,5705412.2,7269033.2,9242700.63,10.64
2017-04-28,16.83,17.57,17.0,16.5,5073490.0,0.19,1.13,17.658,18.59,17.807,5999297.7,7507794.85,9474896.88,9.32
2017-03-31,18.15,18.43,16.81,16.63,6652238.5,-1.34,-7.38,18.224,18.783,17.686,7579155.9,7633183.0,10061084.38,12.22
2017-02-28,18.52,19.04,18.15,17.82,6715112.0,-0.32,-1.73,18.97,18.951,17.814,7452123.5,7539937.65,11465213.45,12.34
2017-01-26,17.92,18.68,18.47,17.65,4294554.5,0.61,3.42,18.932,18.877,18.064,7327195.9,7904115.85,12769334.25,7.89
2016-12-30,19.82,20.01,17.86,17.58,7261093.5,-1.97,-9.93,19.324,18.743,18.601,8832654.2,9131711.1,15268002.73,13.34
2016-11-30,20.38,22.16,19.83,19.8,12972781.0,-0.71,-3.46,19.522,18.326,19.165,9016292.0,9161104.4,18113274.45,23.83
2016-10-31,18.13,21.41,20.54,18.0,6017076.5,2.58,14.37,19.342,17.801,19.679,7687210.1,8901540.1,20593852.0,11.05
2016-09-30,20.38,20.47,17.96,17.65,6090474.0,-2.47,-12.09,18.932,17.719,19.801,7627751.8,9700322.75,21868220.08,11.19
2016-08-31,18.84,22.35,20.43,18.33,11821846.0,1.58,8.38,18.822,17.791,19.957,8481035.8,11295418.35,25086768.38,21.72
2016-07-29,18.98,21.9,18.85,18.63,8179282.5,-0.08,-0.42,18.162,17.516,20.159,9430768.0,11216368.05,31436818.48,15.03
2016-06-30,18.48,19.4,18.93,16.85,6327371.5,0.44,2.38,17.13,17.023,20.059,9305916.8,11441998.9,32448700.05,11.62
2016-05-31,17.4,18.59,18.49,15.51,5719785.0,1.08,6.2,16.26,16.589,19.636,10115870.1,12488985.75,33258511.58,10.51
2016-04-29,17.01,18.32,17.41,16.28,10356894.0,0.28,1.64,16.506,16.677,19.168,11772893.7,15390489.25,33907809.13,19.03
2016-03-31,13.75,18.05,17.13,13.41,16570507.0,3.44,25.13,16.76,17.25,18.716,14109800.9,17634552.65,34203480.08,30.44
2016-02-29,14.36,16.28,13.69,13.17,7555026.5,-0.89,-6.1,16.87,18.459,18.288,13001968.1,21404294.35,34080049.67,13.88
2016-01-29,19.64,19.79,14.58,12.88,10377138.0,-5.14,-26.07,16.916,20.003,17.979,13578081.0,27065444.5,34009699.73,19.06
2015-12-31,18.58,23.5,19.72,18.4,14004903.0,1.04,5.57,16.918,21.556,17.641,14862101.4,32286163.9,33832306.63,25.73
2015-11-30,17.13,22.87,18.68,16.73,22041430.0,1.0,5.66,16.848,21.882,17.061,19008084.8,34036117.4,33710665.88,40.49
2015-10-30,15.1,19.55,17.68,14.71,11031343.0,3.76,27.01,17.74,22.123,16.506,21159304.4,38878118.4,33036944.38,20.26
2015-09-30,14.2,15.36,13.92,13.15,10435591.0,-0.67,-4.59,20.048,22.802,16.023,29806620.6,51657268.9,32804136.03,19.17
2015-08-31,19.0,19.96,14.59,11.95,16797240.0,-4.78,-24.68,23.09,23.095,15.75,40552808.0,53455401.2,32590098.05,30.86
2015-07-31,23.0,25.48,19.37,16.91,34734820.0,-3.77,-16.29,26.194,22.683,15.468,49710226.4,54028037.4,32204398.5,63.81
2015-06-30,29.01,31.72,23.14,20.17,32797528.0,-6.08,-20.81,26.916,21.658,14.961,49064150.0,52425129.0,30989765.5,60.25
2015-05-29,29.19,34.31,29.22,26.51,54267924.0,0.09,0.31,26.506,20.182,14.239,56596932.4,50772407.5,29747988.83,96.91
2015-04-30,30.0,34.3,29.13,28.15,64166528.0,-0.98,-3.25,25.556,18.116,13.237,73507917.2,46755805.0,27631634.43,114.58
2015-03-31,23.48,31.67,30.11,20.04,62584332.0,7.13,31.03,23.1,15.955,12.221,66357994.4,40953954.95,24943615.73,111.76
2015-02-27,20.36,23.36,22.98,19.63,31504438.0,1.89,8.96,19.172,13.726,11.142,58345848.4,35378449.35,22154929.55,56.26
2015-01-30,24.89,27.32,21.09,20.84,70461440.0,-3.38,-13.81,16.4,12.239,10.396,55786108.0,33385214.35,20873766.08,125.82
2014-12-31,18.0,28.66,24.47,17.28,138822848.0,7.62,45.22,13.858,10.888,9.865,44947882.6,27195770.35,17801864.18,247.9
2014-11-28,10.5,16.85,16.85,10.44,28416914.0,6.38,60.94,10.676,9.243,9.124,20003692.8,13951003.15,11131854.3,50.74
2014-10-31,9.15,10.72,10.47,8.81,22523602.0,1.35,14.8,8.81,8.404,8.756,15549915.5,11724794.9,10419201.75,40.22
2014-09-30,8.39,9.21,9.12,8.35,18705736.0,0.74,8.83,8.28,8.253,8.788,12411050.3,10380759.6,9853646.1,33.4
2014-08-29,8.5,8.92,8.38,8.25,16270313.0,-0.18,-2.1,8.078,8.263,8.857,10984320.7,9554402.0,9326423.75,29.05
2014-07-31,7.54,8.65,8.56,7.44,14101899.0,1.04,13.83,7.918,8.296,8.928,9443658.1,8723570.15,8744686.6,25.18
2014-06-30,7.85,7.91,7.52,7.38,6148027.5,-0.3,-3.84,7.81,8.358,8.879,7898313.5,8507463.85,8204005.48,10.98
2014-05-30,8.07,8.46,7.82,7.69,6829276.0,-0.29,-3.58,7.998,8.486,8.966,7899674.3,8933276.5,8049802.68,12.2
2014-04-30,7.6,8.73,8.11,7.57,11572088.0,0.53,6.99,8.226,8.558,9.057,8350468.9,8931409.75,7874527.74,20.67
2014-03-31,7.96,8.05,7.58,7.23,8567000.0,-0.44,-5.49,8.448,8.553,9.08,8124483.3,8362317.8,7451431.25,15.3
2014-02-28,8.38,8.84,8.02,7.63,6375176.0,-0.44,-5.2,8.674,8.842,9.17,8003482.2,8407958.0,7248701.6,11.39
2014-01-30,8.95,8.99,8.46,8.41,6154831.5,-0.5,-5.58,8.906,9.004,9.294,9116614.2,8312705.45,7144727.38,11.0
2013-12-31,9.5,9.84,8.96,8.64,9083249.0,-0.26,-2.82,8.974,9.108,9.457,9966878.7,9113608.6,7153207.08,16.23
2013-11-29,8.76,9.35,9.22,8.13,10442160.0,0.51,5.86,8.89,9.323,9.532,9512350.6,9326532.6,6977985.7,18.65
2013-10-31,9.14,9.41,8.71,8.39,7961994.5,-0.47,-5.12,8.658,9.45,9.51,8600152.3,9098445.5,6699118.48,14.22
2013-09-30,8.8,10.1,9.18,8.71,11940836.0,0.38,4.32,9.01,9.559,9.523,8812433.8,8765803.05,6497069.36,21.33
2013-08-30,8.63,9.64,8.8,8.1,10406154.0,0.26,3.04,9.102,9.4,9.481,7508796.7,7900547.1,6028418.43,18.59
2013-07-31,8.01,9.4,8.54,7.7,6810608.5,0.48,5.96,9.242,9.446,9.432,8260338.5,7166328.85,5619169.34,12.17
2013-06-28,10.5,10.65,8.06,7.23,5881168.5,-2.41,-23.02,9.756,9.556,9.458,9140714.6,6817645.73,5389523.65,10.51
2013-05-31,9.65,10.93,10.47,9.4,9023402.0,0.83,8.61,10.242,9.606,9.579,9596738.7,6540544.7,5221314.38,16.12
2013-04-26,9.51,10.2,9.64,9.05,5422650.5,0.14,1.47,10.108,9.497,9.554,8719172.3,6089445.2,4880911.26,9.69
2013-03-29,11.09,11.95,9.5,9.48,14163863.0,-1.61,-14.49,9.698,9.583,9.588,8292297.5,5976749.3,4699269.69,25.3
2013-02-28,10.36,12.49,11.11,9.95,11212489.0,0.62,5.91,9.65,9.805,9.691,6072319.2,5192805.55,4068828.78,20.03
2013-01-31,9.88,10.76,10.49,8.96,8161289.0,0.69,7.04,9.356,9.74,9.753,4494576.85,4629438.8,3602188.24,36.62
2012-12-31,7.54,9.85,9.8,7.36,4635570.0,2.21,29.12,8.97,9.569,9.863,3484350.7,4299791.45,3276930.23,20.8
2012-11-30,9.3,9.65,7.59,7.19,3288276.5,-1.67,-18.04,8.886,9.487,10.047,3459718.1,4228335.68,3204377.5,15.77
2012-10-31,9.57,10.05,9.26,9.1,3063971.5,-0.38,-3.94,9.468,9.561,10.366,3661201.1,4156289.75,3271686.68,14.7
2012-09-28,8.53,9.7,9.64,8.41,3323777.25,1.08,12.62,9.96,9.417,10.622,4313291.9,4072009.83,3286508.18,15.94
2012-08-31,9.37,9.76,8.56,8.2,3110158.25,-0.82,-8.74,10.124,9.359,10.839,4764300.75,3961401.58,3246465.46,14.92
2012-07-31,10.52,10.87,9.38,9.15,4512407.0,-1.12,-10.67,10.168,9.552,11.097,5115232.2,3902084.05,3261472.05,21.65
2012-06-29,11.69,12.15,10.5,9.92,4295691.5,-1.22,-10.41,10.088,9.61,11.328,4996953.25,3672377.33,3329676.78,24.25
2012-05-31,10.76,11.77,11.72,9.89,6324425.5,1.26,12.05,9.654,9.592,11.66,4651378.4,3421790.08,3567658.5,35.7
2012-04-27,8.79,10.92,10.46,8.73,5578821.5,1.68,19.13,8.874,9.577,11.733,3830727.75,2944852.0,3413420.55,31.49
2012-03-30,8.95,10.11,8.78,8.51,4864815.5,-0.2,-2.23,8.594,9.766,11.896,3158502.4,2574937.69,3373546.33,27.46
2012-02-29,8.33,9.47,8.98,8.01,3921012.25,0.65,7.8,8.936,10.156,12.2,2688935.9,2254069.0,3441975.38,22.13
2012-01-31,7.9,8.75,8.33,7.22,2567817.25,0.51,6.52,9.132,10.606,12.393,2347801.4,2180419.33,3514395.91,14.49
2011-12-30,9.36,9.53,7.82,7.53,2221172.25,-1.24,-13.69,9.53,11.171,12.695,2192201.75,2387083.6,3652100.73,12.54
2011-11-30,10.38,10.89,9.06,9.02,2217694.75,-1.43,-13.63,10.28,11.826,13.227,2058976.25,2501006.53,3759613.41,12.52
2011-10-31,10.0,10.93,10.49,9.89,2516983.0,0.53,5.32,10.938,12.318,13.855,1991372.98,2531529.35,4259705.83,14.21
2011-09-30,10.32,10.48,9.96,9.65,2215339.75,-0.36,-3.49,11.376,12.641,14.384,1819202.1,2620860.05,4289313.49,12.51
2011-08-31,11.55,11.56,10.32,9.93,1789819.0,-1.25,-10.8,12.08,13.045,14.616,2013037.25,2986976.23,4398470.0,10.1
2011-07-29,12.35,12.72,11.57,11.27,1555044.75,-0.78,-6.32,12.812,13.728,14.855,2581965.45,3713526.93,4543395.06,8.78
2011-06-30,12.68,12.68,12.35,11.26,1879678.38,-0.33,-2.6,13.372,13.889,15.048,2943036.8,3881989.1,4719180.37,10.61
2011-05-31,13.48,13.66,12.68,12.43,1656128.62,-0.8,-5.93,13.698,14.025,15.217,3071685.72,4172154.96,4896649.24,9.35
2011-04-29,13.96,15.0,13.48,13.35,3184515.5,-0.5,-3.58,13.906,14.244,15.386,3422518.0,4629881.75,5112683.95,17.98
2011-03-31,14.39,15.28,13.98,13.59,4634460.0,-0.39,-2.71,14.01,14.179,15.522,3960915.2,4848372.5,5250410.27,26.16
2011-02-28,13.97,15.68,14.37,13.37,3360401.5,0.39,2.79,14.644,14.219,15.641,4845088.4,4917117.85,5297791.06,18.97
2011-01-31,13.75,14.65,13.98,13.03,2522923.0,0.26,1.9,14.406,14.628,15.747,4820941.4,5018220.3,5459240.19,32.16
2010-12-31,13.92,14.94,13.72,12.99,3410290.0,-0.28,-2.0,14.352,15.392,15.907,5272624.2,5987882.3,5726178.11,43.47
2010-11-30,17.09,18.75,14.0,13.66,5876501.5,-3.15,-18.37,14.582,16.126,16.126,5837245.5,5957766.93,5957766.93,74.9
2010-10-29,13.3,19.55,17.15,13.26,9055326.0,3.97,30.12,14.348,16.362,16.362,5735829.8,5966796.42,5966796.42,115.42
2010-09-30,13.75,14.48,13.18,12.79,3239666.5,-0.53,-3.87,13.794,16.264,16.264,4989147.3,5580730.22,5580730.22,41.29
2010-08-31,14.87,15.23,13.71,13.48,4781337.0,-1.16,-7.8,14.85,16.704,16.704,5215499.2,5915167.89,5915167.89,60.94
2010-07-30,12.83,15.29,14.87,12.45,6233396.5,2.04,15.9,16.432,17.203,17.203,6703140.4,6104139.71,6104139.71,79.45
2010-06-30,14.22,14.94,12.83,12.68,5369423.0,-1.55,-10.78,17.67,17.67,17.67,6078288.35,6078288.35,6078288.35,68.44
2010-05-31,18.1,18.33,14.38,14.21,5321913.5,-4.08,-22.1,18.88,18.88,18.88,6255504.69,6255504.69,6255504.69,67.83
2010-04-30,21.6,22.05,18.46,17.9,4371426.0,-3.16,-14.62,20.38,20.38,20.38,6566701.75,6566701.75,6566701.75,79.6
2010-03-31,20.6,23.31,21.62,20.53,12219543.0,0.56,2.66,21.34,21.34,21.34,7664339.63,7664339.63,7664339.63,222.5
2010-02-26,21.01,21.94,21.06,21.0,3109136.25,1.06,5.3,21.06,21.06,21.06,3109136.25,3109136.25,3109136.25,56.61
