2017-03-17@15:00:00,18.118,17.868,17.618
2017-03-17@14:00:00,18.118,17.867,17.616
2017-03-17@11:30:00,18.115,17.865,17.615
2017-03-17@10:30:00,18.105,17.861,17.617
2017-03-16@15:00:00,18.097,17.858,17.619
2017-03-16@14:00:00,18.086,17.856,17.625
2017-03-16@11:30:00,18.068,17.849,17.630
2017-03-16@10:30:00,18.039,17.842,17.645
2017-03-15@15:00:00,18.004,17.835,17.666
2017-03-15@14:00:00,18.058,17.854,17.649
2017-03-15@11:30:00,18.109,17.875,17.640
2017-03-15@10:30:00,18.148,17.894,17.639
2017-03-14@15:00:00,18.164,17.910,17.655
2017-03-14@14:00:00,18.189,17.924,17.659
2017-03-14@11:30:00,18.200,17.937,17.674
2017-03-14@10:30:00,18.207,17.949,17.690
2017-03-13@15:00:00,18.217,17.960,17.702
2017-03-13@14:00:00,18.242,17.975,17.707
2017-03-13@11:30:00,18.252,17.991,17.729
2017-03-13@10:30:00,18.249,18.005,17.760
2017-03-10@15:00:00,18.223,18.019,17.815
2017-03-10@14:00:00,18.203,18.030,17.857
2017-03-10@11:30:00,18.197,18.036,17.874
2017-03-10@10:30:00,18.193,18.043,17.892
2017-03-09@15:00:00,18.189,18.047,17.905
2017-03-09@14:00:00,18.193,18.050,17.907
2017-03-09@11:30:00,18.188,18.062,17.936
2017-03-09@10:30:00,18.193,18.073,17.953
2017-03-08@15:00:00,18.218,18.088,17.958
2017-03-08@14:00:00,18.218,18.088,17.958
2017-03-08@11:30:00,18.214,18.087,17.959
2017-03-08@10:30:00,18.218,18.088,17.958
2017-03-07@15:00:00,18.236,18.096,17.955
2017-03-07@14:00:00,18.239,18.098,17.956
2017-03-07@11:30:00,18.242,18.101,17.960
2017-03-07@10:30:00,18.249,18.109,17.968
2017-03-06@15:00:00,18.251,18.112,17.973
2017-03-06@14:00:00,18.255,18.114,17.972
2017-03-06@11:30:00,18.274,18.120,17.966
2017-03-06@10:30:00,18.297,18.131,17.965
2017-03-03@15:00:00,18.316,18.146,17.976
2017-03-03@14:00:00,18.385,18.171,17.956
2017-03-03@11:30:00,18.428,18.194,17.959
2017-03-03@10:30:00,18.463,18.213,17.964
2017-03-02@15:00:00,18.474,18.232,17.989
2017-03-02@14:00:00,18.503,18.250,17.997
2017-03-02@11:30:00,18.533,18.268,18.002
2017-03-02@10:30:00,18.598,18.291,17.985
2017-03-01@15:00:00,18.659,18.312,17.966
2017-03-01@14:00:00,18.758,18.349,17.941
2017-03-01@11:30:00,18.822,18.384,17.945
2017-03-01@10:30:00,18.862,18.411,17.960
2017-02-28@15:00:00,18.893,18.436,17.978
2017-02-28@14:00:00,18.944,18.471,17.998
2017-02-28@11:30:00,18.970,18.505,18.040
2017-02-28@10:30:00,19.004,18.539,18.074
2017-02-27@15:00:00,19.042,18.581,18.120
2017-02-27@14:00:00,19.024,18.597,18.169
2017-02-27@11:30:00,19.012,18.604,18.195
2017-02-27@10:30:00,19.003,18.608,18.214
2017-02-24@15:00:00,19.005,18.608,18.210
2017-02-24@14:00:00,19.015,18.598,18.181
2017-02-24@11:30:00,19.017,18.595,18.172
2017-02-24@10:30:00,19.017,18.597,18.177
2017-02-23@15:00:00,19.027,18.615,18.203
2017-02-23@14:00:00,19.030,18.612,18.193
2017-02-23@11:30:00,19.035,18.605,18.175
2017-02-23@10:30:00,19.032,18.594,18.155
2017-02-22@15:00:00,19.026,18.578,18.130
2017-02-22@14:00:00,18.993,18.551,18.109
2017-02-22@11:30:00,18.962,18.534,18.106
2017-02-22@10:30:00,18.941,18.519,18.097
2017-02-21@15:00:00,18.921,18.502,18.083
2017-02-21@14:00:00,18.866,18.479,18.092
2017-02-21@11:30:00,18.818,18.460,18.102
2017-02-21@10:30:00,18.747,18.440,18.132
2017-02-20@15:00:00,18.608,18.416,18.224
2017-02-20@14:00:00,18.610,18.417,18.223
2017-02-20@11:30:00,18.617,18.422,18.226
2017-02-20@10:30:00,18.637,18.432,18.226
2017-02-17@15:00:00,18.636,18.442,18.247
2017-02-17@14:00:00,18.634,18.443,18.251
2017-02-17@11:30:00,18.635,18.442,18.248
2017-02-17@10:30:00,18.655,18.424,18.192
2017-02-16@15:00:00,18.595,18.398,18.200
2017-02-16@14:00:00,18.599,18.390,18.181
2017-02-16@11:30:00,18.606,18.383,18.160
2017-02-16@10:30:00,18.604,18.376,18.147
2017-02-15@15:00:00,18.605,18.376,18.147
2017-02-15@14:00:00,18.605,18.374,18.143
2017-02-15@11:30:00,18.603,18.360,18.117
2017-02-15@10:30:00,18.647,18.334,18.021
2017-02-14@15:00:00,18.676,18.311,17.946
2017-02-14@14:00:00,18.682,18.289,17.896
2017-02-14@11:30:00,18.683,18.264,17.845
2017-02-14@10:30:00,18.671,18.239,17.806
2017-02-13@15:00:00,18.638,18.218,17.798
2017-02-13@14:00:00,18.598,18.198,17.798
2017-02-13@11:30:00,18.557,18.176,17.794
2017-02-13@10:30:00,18.486,18.152,17.818
2017-02-10@15:00:00,18.431,18.133,17.834
2017-02-10@14:00:00,18.411,18.124,17.837
2017-02-10@11:30:00,18.382,18.116,17.849
2017-02-10@10:30:00,18.387,18.119,17.850
2017-02-09@15:00:00,18.403,18.123,17.844
2017-02-09@14:00:00,18.449,18.135,17.821
2017-02-09@11:30:00,18.499,18.149,17.799
2017-02-09@10:30:00,18.529,18.159,17.788
2017-02-08@15:00:00,18.561,18.167,17.772
2017-02-08@14:00:00,18.578,18.173,17.767
2017-02-08@11:30:00,18.601,18.184,17.766
2017-02-08@10:30:00,18.613,18.208,17.803
2017-02-07@15:00:00,18.617,18.232,17.847
2017-02-07@14:00:00,18.620,18.252,17.884
2017-02-07@11:30:00,18.612,18.275,17.937
2017-02-07@10:30:00,18.593,18.292,17.991
2017-02-06@15:00:00,18.589,18.303,18.017
2017-02-06@14:00:00,18.593,18.318,18.042
2017-02-06@11:30:00,18.583,18.337,18.090
2017-02-06@10:30:00,18.580,18.353,18.126
2017-02-03@15:00:00,18.587,18.377,18.166
2017-02-03@14:00:00,18.575,18.391,18.207
2017-02-03@11:30:00,18.571,18.405,18.239
2017-02-03@10:30:00,18.551,18.414,18.277
2017-01-26@15:00:00,18.556,18.412,18.268
2017-01-26@14:00:00,18.570,18.398,18.225
2017-01-26@11:30:00,18.573,18.382,18.191
2017-01-26@10:30:00,18.572,18.371,18.169
2017-01-25@15:00:00,18.552,18.356,18.159
2017-01-25@14:00:00,18.558,18.343,18.127
2017-01-25@11:30:00,18.553,18.335,18.117
2017-01-25@10:30:00,18.558,18.321,18.084
2017-01-24@15:00:00,18.560,18.308,18.055
2017-01-24@14:00:00,18.565,18.293,18.020
2017-01-24@11:30:00,18.566,18.277,17.987
2017-01-24@10:30:00,18.584,18.259,17.934
2017-01-23@15:00:00,18.583,18.246,17.908
2017-01-23@14:00:00,18.565,18.233,17.901
2017-01-23@11:30:00,18.550,18.211,17.871
2017-01-23@10:30:00,18.530,18.184,17.838
2017-01-20@15:00:00,18.482,18.147,17.812
2017-01-20@14:00:00,18.446,18.119,17.791
2017-01-20@11:30:00,18.403,18.082,17.761
2017-01-20@10:30:00,18.359,18.057,17.755
2017-01-19@15:00:00,18.342,18.031,17.719
2017-01-19@14:00:00,18.336,18.009,17.681
2017-01-19@11:30:00,18.318,17.991,17.664
2017-01-19@10:30:00,18.288,17.978,17.668
2017-01-18@15:00:00,18.250,17.961,17.671
2017-01-18@14:00:00,18.228,17.945,17.661
2017-01-18@11:30:00,18.173,17.926,17.678
2017-01-18@10:30:00,18.147,17.911,17.675
2017-01-17@15:00:00,18.125,17.905,17.684
2017-01-17@14:00:00,18.122,17.904,17.685
2017-01-17@11:30:00,18.130,17.906,17.681
2017-01-17@10:30:00,18.169,17.917,17.665
2017-01-16@15:00:00,18.167,17.917,17.666
2017-01-16@14:00:00,18.167,17.917,17.666
2017-01-16@11:30:00,18.198,17.926,17.654
2017-01-16@10:30:00,18.242,17.941,17.641
2017-01-13@15:00:00,18.256,17.955,17.654
2017-01-13@14:00:00,18.283,17.970,17.657
2017-01-13@11:30:00,18.292,17.989,17.686
2017-01-13@10:30:00,18.314,18.004,17.694
2017-01-12@15:00:00,18.331,18.029,17.726
2017-01-12@14:00:00,18.365,18.059,17.754
2017-01-12@11:30:00,18.421,18.090,17.760
2017-01-12@10:30:00,18.465,18.113,17.761
2017-01-11@15:00:00,18.494,18.139,17.783
2017-01-11@14:00:00,18.516,18.170,17.823
2017-01-11@11:30:00,18.539,18.199,17.859
2017-01-11@10:30:00,18.518,18.224,17.929
2017-01-10@15:00:00,18.508,18.235,17.962
2017-01-10@14:00:00,18.502,18.242,17.983
2017-01-10@11:30:00,18.499,18.248,17.997
2017-01-10@10:30:00,18.500,18.246,17.992
2017-01-09@15:00:00,18.491,18.257,18.023
2017-01-09@14:00:00,18.528,18.243,17.958
2017-01-09@11:30:00,18.554,18.229,17.904
2017-01-09@10:30:00,18.586,18.207,17.828
2017-01-06@15:00:00,18.600,18.196,17.792
2017-01-06@14:00:00,18.610,18.181,17.752
2017-01-06@11:30:00,18.611,18.172,17.734
2017-01-06@10:30:00,18.608,18.165,17.723
2017-01-05@15:00:00,18.602,18.151,17.700
2017-01-05@14:00:00,18.578,18.135,17.692
2017-01-05@11:30:00,18.534,18.114,17.695
2017-01-05@10:30:00,18.495,18.097,17.699
2017-01-04@15:00:00,18.455,18.080,17.706
2017-01-04@14:00:00,18.397,18.060,17.724
2017-01-04@11:30:00,18.323,18.041,17.759
2017-01-04@10:30:00,18.285,18.030,17.775
2017-01-03@15:00:00,18.275,18.027,17.779
2017-01-03@14:00:00,18.256,18.019,17.782
2017-01-03@11:30:00,18.230,18.005,17.781
2017-01-03@10:30:00,18.215,17.994,17.773
2016-12-30@15:00:00,18.168,17.975,17.782
2016-12-30@14:00:00,18.175,17.971,17.768
2016-12-30@11:30:00,18.182,17.967,17.752
2016-12-30@10:30:00,18.177,17.969,17.761
2016-12-29@15:00:00,18.177,17.970,17.763
2016-12-29@14:00:00,18.187,17.980,17.774
2016-12-29@11:30:00,18.195,17.985,17.776
2016-12-29@10:30:00,18.199,17.987,17.776
2016-12-28@15:00:00,18.205,17.992,17.780
2016-12-28@14:00:00,18.229,18.000,17.771
2016-12-28@11:30:00,18.234,18.002,17.771
2016-12-28@10:30:00,18.260,18.010,17.761
2016-12-27@15:00:00,18.329,18.027,17.726
2016-12-27@14:00:00,18.327,18.020,17.714
2016-12-27@11:30:00,18.323,18.011,17.699
2016-12-27@10:30:00,18.315,18.001,17.687
2016-12-26@15:00:00,18.298,17.986,17.675
2016-12-26@14:00:00,18.293,17.980,17.667
2016-12-26@11:30:00,18.294,17.982,17.670
2016-12-26@10:30:00,18.296,17.986,17.676
2016-12-23@15:00:00,18.296,17.990,17.685
2016-12-23@14:00:00,18.299,18.004,17.709
2016-12-23@11:30:00,18.302,18.020,17.739
2016-12-23@10:30:00,18.298,18.032,17.766
2016-12-22@15:00:00,18.300,18.041,17.783
2016-12-22@14:00:00,18.299,18.040,17.782
2016-12-22@11:30:00,18.296,18.036,17.776
2016-12-22@10:30:00,18.296,18.036,17.776
2016-12-21@15:00:00,18.294,18.033,17.773
2016-12-21@14:00:00,18.277,18.027,17.777
2016-12-21@11:30:00,18.299,18.034,17.769
2016-12-21@10:30:00,18.311,18.037,17.763
2016-12-20@15:00:00,18.255,18.026,17.797
2016-12-20@14:00:00,18.310,18.048,17.787
2016-12-20@11:30:00,18.352,18.072,17.792
2016-12-20@10:30:00,18.376,18.092,17.809
2016-12-19@15:00:00,18.420,18.121,17.822
2016-12-19@14:00:00,18.467,18.149,17.832
2016-12-19@11:30:00,18.478,18.166,17.854
2016-12-19@10:30:00,18.476,18.175,17.875
2016-12-16@15:00:00,18.504,18.200,17.895
2016-12-16@14:00:00,18.670,18.242,17.813
2016-12-16@11:30:00,18.825,18.286,17.747
2016-12-16@10:30:00,18.918,18.328,17.739
2016-12-15@15:00:00,18.957,18.359,17.761
2016-12-15@14:00:00,18.967,18.381,17.796
2016-12-15@11:30:00,18.985,18.418,17.850
2016-12-15@10:30:00,19.000,18.446,17.892
2016-12-14@15:00:00,19.016,18.485,17.953
2016-12-14@14:00:00,19.035,18.523,18.010
2016-12-14@11:30:00,19.047,18.546,18.046
2016-12-14@10:30:00,19.061,18.569,18.078
2016-12-13@15:00:00,19.056,18.595,18.135
2016-12-13@14:00:00,19.059,18.611,18.164
2016-12-13@11:30:00,19.065,18.631,18.197
2016-12-13@10:30:00,19.068,18.656,18.244
2016-12-12@15:00:00,19.073,18.672,18.272
2016-12-12@14:00:00,19.098,18.695,18.292
2016-12-12@11:30:00,19.092,18.724,18.357
2016-12-12@10:30:00,19.028,18.758,18.489
2016-12-09@15:00:00,19.045,18.789,18.533
2016-12-09@14:00:00,19.246,18.822,18.398
2016-12-09@11:30:00,19.353,18.845,18.338
2016-12-09@10:30:00,19.445,18.873,18.301
2016-12-08@15:00:00,19.586,18.922,18.259
2016-12-08@14:00:00,19.753,18.992,18.231
2016-12-08@11:30:00,19.878,19.049,18.220
2016-12-08@10:30:00,19.991,19.110,18.229
2016-12-07@15:00:00,20.107,19.169,18.231
2016-12-07@14:00:00,20.185,19.220,18.254
2016-12-07@11:30:00,20.250,19.277,18.303
2016-12-07@10:30:00,20.310,19.334,18.358
2016-12-06@15:00:00,20.379,19.402,18.424
2016-12-06@14:00:00,20.378,19.402,18.426
2016-12-06@11:30:00,20.384,19.399,18.414
2016-12-06@10:30:00,20.398,19.390,18.383
2016-12-05@15:00:00,20.416,19.381,18.346
2016-12-05@14:00:00,20.440,19.363,18.287
2016-12-05@11:30:00,20.459,19.348,18.237
2016-12-05@10:30:00,20.483,19.330,18.178
2016-12-02@15:00:00,20.501,19.306,18.112
2016-12-02@14:00:00,20.481,19.260,18.039
2016-12-02@11:30:00,20.470,19.212,17.954
2016-12-02@10:30:00,20.451,19.168,17.885
2016-12-01@15:00:00,20.397,19.114,17.831
2016-12-01@14:00:00,20.297,19.050,17.803
2016-12-01@11:30:00,20.196,18.989,17.782
2016-12-01@10:30:00,20.073,18.926,17.779
2016-11-30@15:00:00,19.932,18.834,17.736
2016-11-30@14:00:00,19.801,18.741,17.680
2016-11-30@11:30:00,19.631,18.645,17.658
2016-11-30@10:30:00,19.398,18.547,17.696
2016-10-13@15:00:00,18.979,18.446,17.913
2016-10-13@14:00:00,18.968,18.411,17.855
2016-10-13@11:30:00,18.950,18.376,17.802
2016-10-13@10:30:00,18.925,18.347,17.769
2016-10-12@15:00:00,18.904,18.321,17.738
2016-10-12@14:00:00,18.892,18.284,17.676
2016-10-12@11:30:00,18.866,18.248,17.631
2016-10-12@10:30:00,18.849,18.213,17.578
2016-10-11@15:00:00,18.806,18.182,17.559
2016-10-11@14:00:00,18.747,18.142,17.536
2016-10-11@11:30:00,18.706,18.102,17.499
2016-10-11@10:30:00,18.643,18.062,17.481
2016-10-10@15:00:00,18.558,18.022,17.486
2016-10-10@14:00:00,18.456,17.974,17.492
2016-10-10@11:30:00,18.326,17.942,17.558
2016-10-10@10:30:00,18.146,17.912,17.677
2016-09-30@15:00:00,18.129,17.907,17.685
2016-09-30@14:00:00,18.249,17.931,17.612
2016-09-30@11:30:00,18.376,17.961,17.546
2016-09-30@10:30:00,18.487,17.993,17.499
2016-09-29@15:00:00,18.575,18.020,17.465
2016-09-29@14:00:00,18.662,18.051,17.440
2016-09-29@11:30:00,18.748,18.085,17.422
2016-09-29@10:30:00,18.838,18.119,17.400
2016-09-28@15:00:00,18.909,18.151,17.392
2016-09-28@14:00:00,18.965,18.191,17.418
2016-09-28@11:30:00,19.034,18.236,17.439
2016-09-28@10:30:00,19.044,18.268,17.492
2016-09-27@15:00:00,19.062,18.295,17.528
2016-09-27@14:00:00,19.073,18.331,17.589
2016-09-27@11:30:00,19.065,18.370,17.676
2016-09-27@10:30:00,19.058,18.415,17.771
2016-09-26@15:00:00,19.030,18.450,17.871
2016-09-26@14:00:00,18.961,18.502,18.042
2016-09-26@11:30:00,18.926,18.535,18.143
2016-09-26@10:30:00,18.878,18.569,18.259
2016-09-23@15:00:00,18.790,18.603,18.416
2016-09-23@14:00:00,18.780,18.611,18.442
2016-09-23@11:30:00,18.792,18.620,18.448
2016-09-23@10:30:00,18.804,18.627,18.450
2016-09-22@15:00:00,18.822,18.637,18.452
2016-09-22@14:00:00,18.874,18.652,18.431
2016-09-22@11:30:00,18.887,18.659,18.431
2016-09-22@10:30:00,nan,nan,nan
2016-09-21@15:00:00,nan,nan,nan
2016-09-21@14:00:00,nan,nan,nan
2016-09-21@11:30:00,nan,nan,nan
2016-09-21@10:30:00,nan,nan,nan
2016-09-20@15:00:00,nan,nan,nan
2016-09-20@14:00:00,nan,nan,nan
2016-09-20@11:30:00,nan,nan,nan
2016-09-20@10:30:00,nan,nan,nan
2016-09-19@15:00:00,nan,nan,nan
2016-09-19@14:00:00,nan,nan,nan
2016-09-19@11:30:00,nan,nan,nan
2016-09-19@10:30:00,nan,nan,nan
2016-09-14@15:00:00,nan,nan,nan
2016-09-14@14:00:00,nan,nan,nan
2016-09-14@11:30:00,nan,nan,nan
2016-09-14@10:30:00,nan,nan,nan
2016-09-13@15:00:00,nan,nan,nan
2016-09-13@14:00:00,nan,nan,nan
