2017-06-30,49.520,48.771,47.092,46.343,45.234
2017-06-29,48.832,47.992,46.786,46.071,45.098
2017-06-28,48.886,47.679,46.617,45.939,45.032
2017-06-27,48.536,47.190,46.415,45.757,44.962
2017-06-26,48.324,46.787,46.242,45.580,44.900
2017-06-23,48.022,46.429,46.078,45.401,44.870
2017-06-22,47.152,46.141,45.858,45.202,44.837
2017-06-21,46.472,45.930,45.653,45.007,44.815
2017-06-20,45.844,45.804,45.484,44.849,44.815
2017-06-19,45.250,45.591,45.272,44.729,44.795
2017-06-16,44.836,45.414,45.129,44.661,44.795
2017-06-15,45.130,45.581,45.110,44.705,44.841
2017-06-14,45.388,45.555,45.069,44.714,44.875
2017-06-13,45.764,45.641,45.040,44.741,44.916
2017-06-12,45.932,45.698,44.976,44.739,44.954
2017-06-09,45.992,45.727,44.887,44.741,44.995
2017-06-08,46.032,45.576,44.732,44.705,45.021
2017-06-07,45.722,45.376,44.545,44.590,45.043
2017-06-06,45.518,45.164,44.371,44.536,45.063
2017-06-05,45.464,44.953,44.298,44.456,45.092
2017-06-02,45.462,44.844,44.284,44.420,45.116
2017-06-01,45.120,44.639,44.267,44.438,45.123
2017-05-31,45.030,44.584,44.293,44.499,45.157
2017-05-26,44.810,44.439,44.291,44.406,45.185
2017-05-25,44.442,44.255,44.259,44.295,45.197
2017-05-24,44.226,44.048,44.247,44.193,45.236
2017-05-23,44.158,43.889,44.270,44.125,45.295
2017-05-22,44.138,43.714,44.197,44.061,45.365
2017-05-19,44.068,43.579,44.222,44.069,45.402
2017-05-18,44.068,43.643,44.208,44.097,45.438
2017-05-17,43.870,43.724,44.207,44.124,45.464
2017-05-16,43.620,43.896,44.337,44.126,45.526
2017-05-15,43.290,44.002,44.457,44.124,45.577
2017-05-12,43.090,44.144,44.389,44.167,45.624
2017-05-11,43.218,44.264,44.314,44.220,45.696
2017-05-10,43.578,44.447,44.266,44.339,45.780
2017-05-09,44.172,44.651,44.242,44.473,45.881
2017-05-08,44.714,44.681,44.234,44.623,46.000
2017-05-05,45.198,44.866,44.313,44.781,46.127
2017-05-04,45.310,44.773,44.323,44.862,46.222
2017-05-03,45.316,44.691,44.324,44.930,46.307
2017-05-02,45.130,44.778,44.241,44.977,46.371
2017-04-28,44.648,44.912,44.185,45.036,46.458
2017-04-27,44.534,44.635,44.179,45.091,46.537
2017-04-26,44.236,44.365,44.198,45.168,46.601
2017-04-25,44.066,44.085,44.285,45.250,46.666
2017-04-24,44.426,43.834,44.384,45.338,46.721
2017-04-21,45.176,43.787,44.594,45.496,46.794
2017-04-20,44.736,43.761,44.739,45.590,46.865
2017-04-19,44.494,43.874,44.906,45.727,46.963
2017-04-18,44.104,43.958,45.049,45.813,47.040
2017-04-17,43.242,43.704,45.077,45.809,47.100
2017-04-14,42.398,43.458,45.097,45.814,47.191
2017-04-13,42.786,43.723,45.319,45.964,47.358
2017-04-12,43.254,44.031,45.570,46.099,47.552
2017-04-11,43.812,44.486,45.833,46.279,47.756
2017-04-10,44.166,44.934,46.089,46.465,47.962
2017-04-07,44.518,45.402,46.350,46.669,48.175
2017-04-06,44.660,45.717,46.504,46.736,48.374
2017-04-05,44.808,45.939,46.653,46.779,48.572
2017-03-31,45.160,46.141,46.740,46.804,48.768
2017-03-30,45.702,46.450,46.861,46.927,48.962
2017-03-29,46.286,46.737,46.992,47.030,49.154
2017-03-28,46.774,46.915,47.084,47.081,49.330
2017-03-27,47.070,47.109,47.133,47.171,49.502
2017-03-24,47.122,47.180,47.175,47.221,49.659
2017-03-23,47.198,47.245,47.230,47.288,49.810
2017-03-22,47.188,47.299,47.302,47.378,49.958
2017-03-21,47.056,47.292,47.245,47.472,50.097
2017-03-20,47.148,47.368,47.199,47.583,50.242
2017-03-17,47.238,47.340,47.135,47.685,50.379
2017-03-16,47.292,47.273,47.165,47.766,50.504
2017-03-15,47.410,47.247,47.177,47.881,50.631
2017-03-14,47.528,47.254,47.163,47.984,50.773
2017-03-13,47.588,47.158,47.202,48.033,50.903
2017-03-10,47.442,47.170,47.241,48.082,51.075
2017-03-09,47.254,47.216,47.310,48.105,51.274
2017-03-08,47.084,47.306,47.417,48.092,51.475
2017-03-07,46.980,47.199,47.562,48.140,51.663
2017-03-06,46.728,47.030,47.690,48.200,51.857
2017-03-03,46.898,46.930,47.857,48.267,52.049
2017-03-02,47.178,47.058,48.012,48.392,52.238
2017-03-01,47.528,47.107,48.198,48.569,52.403
2017-02-28,47.418,47.073,48.348,48.752,52.566
2017-02-27,47.332,47.247,48.471,49.005,52.734
2017-02-24,46.962,47.313,48.538,49.233,52.886
2017-02-23,46.938,47.404,48.550,49.460,53.028
2017-02-22,46.686,47.528,48.485,49.681,53.166
2017-02-21,46.728,47.926,48.610,50.011,53.333
2017-02-20,47.162,48.350,48.784,50.366,53.511
2017-02-17,47.664,48.784,48.935,50.733,53.688
2017-02-16,47.870,48.966,49.058,50.997,53.841
2017-02-15,48.370,49.289,49.299,51.277,54.027
2017-02-14,49.124,49.624,49.591,51.579,54.234
2017-02-13,49.538,49.695,49.883,51.833,54.387
2017-02-10,49.904,49.764,50.193,52.097,54.548
2017-02-09,50.062,49.696,50.488,52.331,54.669
2017-02-08,50.208,49.442,50.757,52.539,54.767
2017-02-07,50.124,49.294,51.054,52.722,54.855
2017-02-06,49.852,49.219,51.374,52.902,54.937
2017-02-03,49.624,49.087,51.707,53.073,55.023
2017-01-26,49.330,49.151,52.012,53.243,55.143
2017-01-25,48.676,49.310,52.271,53.380,55.246
2017-01-24,48.464,49.559,52.557,53.563,55.319
2017-01-23,48.586,50.072,52.901,53.773,55.419
2017-01-20,48.550,50.623,53.263,54.068,55.508
2017-01-19,48.972,51.280,53.649,54.443,55.648
2017-01-18,49.944,52.073,54.087,54.858,55.799
2017-01-17,50.654,52.814,54.435,55.187,55.935
2017-01-16,51.558,53.529,54.743,55.515,56.071
2017-01-13,52.696,54.328,55.066,55.832,56.228
2017-01-12,53.588,54.873,55.289,56.085,56.378
2017-01-11,54.202,55.232,55.415,56.238,56.497
2017-01-10,54.974,55.555,55.565,56.380,56.582
2017-01-09,55.500,55.731,55.624,56.464,56.669
2017-01-06,55.960,55.903,55.790,56.539,56.701
2017-01-05,56.158,56.018,56.024,56.597,56.659
2017-01-04,56.262,56.102,56.250,56.651,56.617
2017-01-03,56.136,56.057,56.374,56.655,56.491
2016-12-30,55.962,55.958,56.508,56.657,56.358
2016-12-29,55.846,55.804,56.583,56.644,56.215
2016-12-28,55.878,55.705,56.691,56.685,56.096
2016-12-27,55.942,55.599,56.741,56.777,55.978
2016-12-26,55.978,55.576,56.793,56.889,55.875
2016-12-23,55.954,55.517,56.830,56.942,55.771
2016-12-22,55.762,55.677,56.857,57.000,55.656
2016-12-21,55.532,56.030,56.886,57.007,55.548
2016-12-20,55.256,56.398,56.926,56.995,55.434
2016-12-19,55.174,56.691,56.954,56.988,55.322
2016-12-16,55.080,57.059,57.006,56.972,55.221
2016-12-15,55.592,57.363,57.063,56.973,55.110
2016-12-14,56.528,57.677,57.175,57.043,55.042
2016-12-13,57.540,57.883,57.365,57.112,54.986
2016-12-12,58.208,58.010,57.545,57.075,54.907
2016-12-09,59.038,58.143,57.654,57.066,54.840
2016-12-08,59.134,58.037,57.662,56.949,54.725
2016-12-07,58.826,57.743,57.496,56.854,54.580
2016-12-06,58.226,57.454,57.294,56.740,54.426
2016-12-05,57.812,57.217,57.137,56.683,54.289
2016-12-02,57.248,56.953,56.929,56.627,54.152
2016-12-01,56.940,56.764,56.778,56.624,54.033
2016-11-30,56.660,56.674,56.726,56.670,53.929
2016-11-29,56.682,56.848,56.726,56.757,53.835
2016-11-28,56.622,57.080,56.607,56.783,53.739
2016-11-25,56.658,57.165,56.527,56.875,53.638
2016-11-24,56.588,57.287,56.405,56.863,53.534
2016-11-23,56.688,57.249,56.409,56.722,53.426
2016-11-22,57.014,57.134,56.383,56.583,53.315
2016-11-21,57.538,57.057,56.415,56.328,53.213
2016-11-18,57.672,56.905,56.464,56.060,53.118
2016-11-17,57.986,56.792,56.554,55.786,53.029
2016-11-16,57.810,56.779,56.668,55.508,52.909
2016-11-15,57.254,56.605,56.711,55.180,52.766
2016-11-14,56.576,56.135,56.635,54.861,52.629
2016-11-11,56.138,55.889,56.729,54.601,52.520
2016-11-10,55.598,55.524,56.651,54.313,52.397
2016-11-09,55.748,55.570,56.458,54.090,52.306
2016-11-08,55.956,55.633,56.308,53.873,52.208
2016-11-07,55.694,55.774,55.963,53.656,52.106
2016-11-04,55.640,56.024,55.637,53.470,52.013
2016-11-03,55.450,56.317,55.282,53.248,51.906
2016-11-02,55.392,56.558,54.872,53.041,51.793
2016-10-28,55.310,56.818,54.468,52.860,51.684
2016-10-27,55.854,57.135,54.223,52.740,51.606
2016-10-26,56.408,57.570,53.957,52.615,51.542
2016-10-25,57.184,57.778,53.707,52.500,51.475
2016-10-24,57.724,57.347,53.349,52.306,51.377
2016-10-21,58.326,56.983,52.993,52.113,51.291
2016-10-20,58.416,56.152,52.597,51.896,51.188
2016-10-19,58.732,55.251,52.192,51.677,51.080
2016-10-18,58.372,54.248,51.713,51.442,50.950
2016-10-17,56.970,53.186,51.283,51.188,50.821
2016-10-14,55.640,52.118,50.880,50.913,50.692
2016-10-13,53.888,51.312,50.542,50.696,50.608
2016-10-12,51.770,50.344,50.138,50.402,50.498
2016-10-11,50.124,49.636,49.861,50.206,50.408
2016-10-10,49.402,49.352,49.785,50.131,50.384
2016-09-30,48.596,49.004,49.677,50.047,50.363
2016-09-29,48.736,49.043,49.767,50.099,50.396
2016-09-28,48.918,49.134,49.890,50.177,50.378
2016-09-27,49.148,49.178,50.039,50.273,50.365
2016-09-26,49.302,49.380,50.189,50.310,50.324
2016-09-23,49.412,49.643,50.310,50.353,50.288
2016-09-22,49.350,49.772,50.387,50.397,50.236
2016-09-21,49.350,49.932,50.430,50.438,50.190
2016-09-20,49.208,50.086,50.490,50.482,50.133
2016-09-19,49.458,50.218,50.520,50.523,50.061
2016-09-14,49.874,50.351,50.568,50.542,50.011
2016-09-13,50.194,50.492,50.627,50.555,49.968
2016-09-12,50.514,50.647,50.698,50.557,49.912
2016-09-09,50.964,50.901,50.820,50.565,49.891
2016-09-08,50.978,50.998,50.774,50.545,49.828
2016-09-07,50.828,50.977,50.707,50.509,49.735
2016-09-06,50.790,51.003,50.709,50.472,49.666
2016-09-05,50.780,50.929,50.691,50.469,49.563
2016-09-02,50.838,50.895,50.679,50.451,49.453
2016-09-01,51.018,50.823,50.675,50.449,49.403
2016-08-31,51.126,50.786,50.638,50.470,49.780
2016-08-30,51.216,50.762,50.587,50.481,50.153
2016-08-29,51.078,50.750,50.512,50.484,50.463
2016-08-26,50.952,50.740,50.397,50.459,50.752
2016-08-25,50.628,50.551,50.318,50.455,51.010
2016-08-24,50.446,50.438,50.275,50.471,51.274
2016-08-23,50.308,50.415,50.207,50.520,51.495
2016-08-22,50.422,50.454,50.239,50.594,51.727
2016-08-19,50.528,50.464,50.229,50.610,51.949
2016-08-18,50.474,50.528,50.261,50.638,52.182
2016-08-17,50.430,50.490,50.312,50.680,52.399
2016-08-16,50.522,50.412,50.341,50.693,52.624
2016-08-15,50.486,50.275,50.350,50.579,52.834
2016-08-12,50.400,50.055,50.318,50.458,53.038
2016-08-11,50.582,50.085,50.407,50.338,53.256
2016-08-10,50.550,50.112,50.487,50.223,53.502
2016-08-09,50.302,49.999,50.572,50.076,53.713
2016-08-08,50.064,50.024,50.664,49.942,53.919
2016-08-05,49.710,49.994,50.683,49.784,54.139
2016-08-04,49.588,49.995,50.692,49.598,54.375
2016-08-03,49.674,50.135,50.775,49.480,54.627
2016-08-02,49.696,50.270,50.833,49.381,54.885
2016-08-01,49.984,50.426,50.731,49.267,55.182
2016-07-29,50.278,50.581,50.659,49.217,55.493
2016-07-28,50.402,50.729,50.465,49.112,55.776
2016-07-27,50.596,50.862,50.278,48.961,56.074
2016-07-26,50.844,51.145,50.114,48.861,56.339
2016-07-25,50.868,51.304,49.901,48.656,56.572
2016-07-22,50.884,51.372,49.679,48.456,56.814
2016-07-21,51.056,51.390,49.400,48.358,57.060
2016-07-20,51.128,51.415,49.152,49.090,57.289
2016-07-19,51.446,51.397,48.937,49.825,57.514
2016-07-18,51.740,51.037,48.687,50.442,57.747
2016-07-15,51.860,50.737,48.534,51.045,58.039
2016-07-14,51.724,50.201,48.304,51.564,58.308
2016-07-13,51.702,49.695,48.010,52.077,58.572
2016-07-12,51.348,49.083,47.718,52.471,58.835
2016-07-11,50.334,48.499,47.332,52.861,59.115
2016-07-08,49.614,47.986,46.997,53.289,59.406
2016-07-07,48.678,47.410,46.842,53.726,59.705
2016-07-06,47.688,46.890,47.927,54.118,60.030
2016-07-05,46.818,46.477,49.039,54.556,60.300
2016-07-04,46.664,46.337,50.144,55.089,60.625
2016-07-01,46.358,46.332,51.198,55.618,60.956
2016-06-30,46.142,46.407,52.246,56.173,61.307
2016-06-29,46.092,46.326,53.268,56.781,61.618
2016-06-28,46.136,46.354,54.165,57.350,61.946
2016-06-27,46.010,46.166,55.041,57.896,62.262
2016-06-24,46.306,46.009,55.940,58.495,62.564
2016-06-23,46.672,46.275,56.884,59.151,62.920
2016-06-22,46.560,48.964,57.731,59.775,63.254
2016-06-21,46.572,51.602,58.595,60.388,63.586
2016-06-20,46.322,53.951,59.464,61.097,63.945
2016-06-17,45.712,56.065,60.261,61.770,64.289
2016-06-16,45.878,58.085,61.056,62.439,64.625
2016-06-15,51.368,60.210,62.008,63.186,64.975
2016-06-14,56.632,61.977,62.847,63.817,65.271
2016-06-13,61.580,63.917,63.761,64.488,65.558
2016-06-08,66.418,65.872,64.737,65.172,65.875
2016-06-07,70.292,67.493,65.589,65.761,66.167
2016-06-06,69.052,66.499,65.180,65.488,65.937
2016-06-03,67.322,65.589,64.781,65.202,65.710
2016-06-02,66.254,64.978,64.670,65.052,65.542
2016-06-01,65.326,64.458,64.622,65.034,65.411
2016-05-31,64.694,64.027,64.616,65.051,65.286
2016-05-30,63.946,63.806,64.674,65.068,65.153
2016-05-27,63.856,63.718,64.737,65.199,65.102
2016-05-26,63.702,63.606,64.774,65.370,65.066
2016-05-25,63.590,63.603,64.821,65.523,65.002
2016-05-24,63.360,63.685,64.895,65.685,64.903
2016-05-23,63.666,63.862,64.983,65.942,64.848
2016-05-20,63.580,63.973,65.008,66.045,64.786
2016-05-19,63.510,64.363,65.088,66.161,64.835
2016-05-18,63.616,64.787,65.321,66.294,64.913
2016-05-17,64.010,65.205,65.564,66.441,64.981
2016-05-16,64.058,65.543,65.699,66.455,65.001
2016-05-13,64.366,65.757,65.940,66.543,65.057
2016-05-12,65.216,65.942,66.252,66.628,65.121
2016-05-11,65.958,66.040,66.483,66.634,65.183
2016-05-10,66.400,66.106,66.685,66.690,65.175
2016-05-09,67.028,66.104,66.982,66.733,65.140
2016-05-06,67.148,66.044,67.081,66.784,65.112
2016-05-05,66.668,65.814,67.061,66.793,65.031
2016-05-04,66.122,65.856,67.047,66.808,64.960
2016-05-03,65.812,65.922,67.059,66.810,64.866
2016-04-29,65.180,65.855,66.911,66.764,64.775
2016-04-28,64.940,66.123,66.936,66.725,64.683
2016-04-27,64.960,66.562,66.972,66.627,64.636
2016-04-26,65.590,66.925,66.931,66.578,64.561
2016-04-25,66.032,67.264,66.982,66.573,64.532
2016-04-22,66.530,67.859,67.047,66.386,64.520
2016-04-21,67.306,68.118,67.153,66.219,64.513
2016-04-20,68.164,68.307,67.282,66.033,64.550
2016-04-19,68.260,68.239,67.285,65.788,64.547
2016-04-18,68.496,68.197,67.254,65.521,64.523
2016-04-15,69.188,67.967,67.218,65.239,64.464
2016-04-14,68.930,67.750,67.026,65.006,64.443
2016-04-13,68.450,67.381,66.659,64.763,64.353
2016-04-12,68.218,66.938,66.404,64.481,64.294
2016-04-11,67.898,66.700,66.227,64.121,64.219
2016-04-08,66.746,66.236,65.650,63.754,64.154
2016-04-07,66.570,66.189,65.269,63.528,64.136
2016-04-06,66.312,66.257,64.895,63.508,64.240
2016-04-05,65.658,66.330,64.563,63.532,64.319
2016-04-01,65.502,66.312,64.183,63.521,64.431
2016-03-31,65.726,66.470,63.874,63.548,64.714
2016-03-30,65.808,66.303,63.633,63.571,64.981
2016-03-29,66.202,65.938,63.453,63.613,65.271
2016-03-28,67.002,65.871,63.252,63.732,65.588
2016-03-25,67.122,65.755,62.831,63.661,65.926
2016-03-24,67.214,65.064,62.513,63.546,66.281
2016-03-23,66.798,64.350,62.197,63.440,66.622
2016-03-22,65.674,63.534,62.133,63.269,66.881
2016-03-21,64.740,62.796,62.133,63.112,67.131
2016-03-18,64.388,62.055,62.126,62.922,67.388
2016-03-17,62.914,61.279,62.087,62.786,67.675
2016-03-16,61.902,60.964,62.204,62.641,67.970
2016-03-15,61.394,60.969,62.451,62.645,68.309
2016-03-14,60.852,60.633,62.662,62.544,68.636
2016-03-11,59.722,59.907,62.614,62.491,68.920
2016-03-10,59.644,59.963,62.788,62.654,69.248
2016-03-09,60.026,60.044,62.985,62.808,69.591
2016-03-08,60.544,60.733,63.136,63.068,69.938
2016-03-07,60.414,61.470,63.271,63.307,70.257
2016-03-04,60.092,62.196,63.356,63.525,70.629
2016-03-03,60.282,62.895,63.539,63.689,71.010
2016-03-02,60.062,63.445,63.479,63.880,71.322
2016-03-01,60.922,63.933,63.483,63.943,71.662
2016-02-29,62.526,64.691,63.500,64.107,72.062
2016-02-26,64.300,65.320,63.783,64.318,72.486
2016-02-25,65.508,65.612,64.000,64.554,72.968
2016-02-24,66.828,65.925,64.190,64.745,73.446
2016-02-23,66.944,65.540,64.235,64.972,73.841
2016-02-22,66.856,65.071,64.225,65.106,74.140
2016-02-19,66.340,64.516,64.189,65.341,74.457
2016-02-18,65.716,64.183,64.086,65.881,74.815
2016-02-17,65.022,63.513,64.097,66.391,75.101
2016-02-16,64.136,63.033,63.949,66.930,75.436
2016-02-15,63.286,62.308,63.814,67.444,75.757
2016-02-05,62.692,62.246,63.816,68.191,76.119
2016-02-04,62.650,62.388,64.025,69.016,76.637
2016-02-03,62.004,62.455,64.155,69.805,77.176
2016-02-02,61.930,62.930,64.688,70.493,77.687
2016-02-01,61.330,63.379,65.123,71.149,78.190
2016-01-29,61.800,63.862,65.754,71.853,78.584
2016-01-28,62.126,63.989,66.730,72.564,78.927
2016-01-27,62.906,64.682,67.829,73.300,79.368
2016-01-26,63.930,64.864,68.878,73.974,79.732
2016-01-25,65.428,65.321,70.011,74.728,80.089
2016-01-22,65.924,65.387,71.164,75.350,80.353
2016-01-21,65.852,65.662,72.329,75.843,80.527
2016-01-20,66.458,65.856,73.480,76.374,80.689
2016-01-19,65.798,66.446,74.275,76.808,80.830
2016-01-18,65.214,66.867,75.035,77.208,80.849
2016-01-15,64.850,67.645,75.849,77.733,80.925
2016-01-14,65.472,69.471,76.851,78.332,81.027
2016-01-13,65.254,70.977,77.609,78.764,81.020
2016-01-12,67.094,72.892,78.529,79.381,81.102
2016-01-11,68.520,74.702,79.432,80.018,81.144
2016-01-08,70.440,76.941,80.332,80.654,81.229
2016-01-07,73.470,78.997,80.933,81.382,81.282
2016-01-06,76.700,81.103,81.634,82.146,81.320
2016-01-05,78.690,82.103,81.989,82.710,81.267
2016-01-04,80.884,83.202,82.379,83.174,81.210
2015-12-31,83.442,84.053,82.777,83.573,81.043
2015-12-30,84.524,84.231,82.762,83.750,80.693
2015-12-29,85.506,84.241,82.658,83.811,80.300
2015-12-28,85.516,84.165,82.625,83.943,79.885
2015-12-25,85.520,84.162,82.676,84.070,79.469
2015-12-24,84.664,83.722,82.511,84.047,78.997
2015-12-23,83.938,82.869,82.574,84.258,78.483
2015-12-22,82.976,82.164,82.668,84.548,78.031
2015-12-21,82.814,81.874,83.013,84.881,77.643
2015-12-18,82.804,81.555,83.160,85.231,77.281
2015-12-17,82.780,81.501,83.334,85.314,76.933
2015-12-16,81.800,81.293,83.510,85.290,76.526
2015-12-15,81.352,81.074,83.597,85.437,76.128
2015-12-14,80.934,81.085,83.832,85.491,75.748
2015-12-11,80.306,81.189,84.025,85.449,75.271
2015-12-10,80.222,81.299,84.209,85.356,74.800
2015-12-09,80.786,82.279,84.953,85.211,74.484
2015-12-08,80.796,83.172,85.739,85.004,74.108
2015-12-07,81.236,84.152,86.385,84.853,73.756
2015-12-04,82.072,84.764,87.070,84.490,73.392
2015-12-03,82.376,85.166,87.221,84.117,72.930
2015-12-02,83.772,85.726,87.288,83.723,72.436
2015-12-01,85.548,86.119,87.618,83.277,71.974
2015-11-30,87.068,86.579,87.694,82.823,71.502
2015-11-27,87.456,86.860,87.579,82.270,71.106
2015-11-26,87.956,87.120,87.385,81.805,70.692
2015-11-25,87.680,87.627,86.677,81.182,70.165
2015-11-24,86.690,88.307,85.919,80.494,69.583
2015-11-23,86.090,88.617,85.204,79.824,69.080
2015-11-20,86.264,89.375,84.353,79.246,68.758
2015-11-19,86.284,89.275,83.592,78.513,68.475
2015-11-18,87.574,88.850,82.722,77.636,68.205
2015-11-17,89.924,89.117,81.855,76.788,67.939
2015-11-16,91.144,88.808,80.945,75.828,67.725
2015-11-13,92.486,88.299,79.975,74.868,67.512
2015-11-12,92.266,87.650,79.147,73.947,67.311
2015-11-11,90.126,85.728,77.959,72.708,66.992
2015-11-10,88.310,83.532,76.587,71.515,66.597
2015-11-09,86.472,81.791,75.427,70.405,66.230
2015-11-06,84.112,79.331,74.181,69.330,65.786
2015-11-05,83.034,77.909,73.131,68.552,65.395
2015-11-04,81.330,76.594,72.029,67.763,65.075
2015-11-03,78.754,74.594,70.624,66.819,64.696
2015-11-02,77.110,73.083,69.337,66.006,64.329
2015-10-30,74.550,71.652,68.152,65.094,64.082
2015-10-29,72.784,70.644,67.095,64.244,63.831
2015-10-28,71.858,70.191,66.198,63.757,63.619
2015-10-27,70.434,69.642,65.506,63.213,63.362
2015-10-26,69.056,69.063,64.711,62.659,63.131
2015-10-23,68.754,69.032,64.329,62.294,63.129
2015-10-22,68.504,68.354,63.873,61.743,63.050
2015-10-21,68.524,67.464,63.348,61.149,62.882
2015-10-20,68.850,66.654,62.931,60.671,62.682
2015-10-19,69.070,65.592,62.468,60.181,62.433
2015-10-16,69.310,64.653,61.814,59.941,62.257
2015-10-15,68.204,63.546,61.043,59.579,62.088
2015-10-14,66.404,62.206,60.539,59.148,61.863
2015-10-13,64.458,61.370,59.998,58.672,61.587
2015-10-12,62.114,60.360,59.456,58.337,61.204
2015-10-09,59.996,59.627,58.924,58.270,60.772
2015-10-08,58.888,59.392,58.438,58.437,60.353
2015-10-07,58.008,59.232,57.991,58.773,59.921
2015-09-30,58.282,59.208,57.680,59.090,59.572
2015-09-29,58.606,59.344,57.475,59.622,59.180
2015-09-28,59.258,58.976,57.585,60.155,58.740
2015-09-25,59.896,58.541,57.595,60.675,58.244
2015-09-24,60.456,58.873,57.619,61.275,57.732
2015-09-23,60.134,58.626,57.323,61.679,57.130
2015-09-22,60.082,58.553,57.325,62.054,56.491
2015-09-21,58.694,58.222,57.592,62.242,55.797
2015-09-18,57.186,57.484,57.959,62.238,-1
2015-09-17,57.290,56.750,58.544,62.387,-1
2015-09-16,57.118,56.152,59.031,62.574,-1
2015-09-15,57.024,55.606,59.761,62.652,-1
2015-09-14,57.750,56.194,60.745,63.070,-1
2015-09-11,57.782,56.649,61.742,63.419,-1
2015-09-10,56.210,56.365,62.476,63.481,-1
2015-09-09,55.186,56.020,63.205,63.511,-1
2015-09-08,54.188,56.097,63.805,63.603,-1
2015-09-07,54.638,56.962,64.252,63.965,-1
2015-09-02,55.516,58.435,64.615,64.357,-1
2015-09-01,56.520,60.338,65.205,64.616,-1
2015-08-31,56.854,61.910,65.785,64.692,-1
2015-08-28,58.006,63.917,66.174,64.685,-1
2015-08-27,59.286,65.296,66.508,64.572,-1
2015-08-26,61.354,66.835,66.804,64.597,-1
2015-08-25,64.156,68.587,67.039,64.578,-1
2015-08-24,66.966,70.391,67.256,64.503,-1
2015-08-21,69.828,71.513,67.356,64.071,-1
2015-08-20,71.306,71.543,67.466,63.274,-1
2015-08-19,72.316,70.795,67.318,62.269,-1
2015-08-18,73.018,70.072,66.755,61.069,-1
2015-08-17,73.816,69.660,66.083,60.054,-1
2015-08-14,73.198,68.432,65.069,58.737,-1
2015-08-13,71.780,67.720,64.210,57.324,-1
2015-08-12,69.274,66.773,63.477,55.812,-1
2015-08-11,67.126,65.491,62.574,54.189,-1
2015-08-10,65.504,64.122,61.559,52.580,-1
2015-08-07,63.666,63.199,60.349,50.927,-1
2015-08-06,63.660,63.390,59.140,49.351,-1
2015-08-05,64.272,63.841,58.005,-1,-1
2015-08-04,63.856,63.438,56.567,-1,-1
2015-08-03,62.740,62.507,55.251,-1,-1
2015-07-31,62.732,61.707,53.890,-1,-1
2015-07-30,63.120,60.700,52.125,-1,-1
2015-07-29,63.410,60.182,50.332,-1,-1
2015-07-28,63.020,59.657,48.538,-1,-1
2015-07-27,62.274,58.995,46.809,-1,-1
2015-07-24,60.682,57.500,44.791,-1,-1
2015-07-23,58.280,54.890,42.331,-1,-1
2015-07-22,56.954,52.170,-1,-1,-1
2015-07-21,56.294,49.697,-1,-1,-1
2015-07-20,55.716,47.996,-1,-1,-1
2015-07-17,54.318,46.073,-1,-1,-1
2015-07-16,51.500,43.551,-1,-1,-1
2015-07-15,47.386,40.482,-1,-1,-1
2015-07-14,43.100,37.419,-1,-1,-1
2015-07-13,40.276,34.624,-1,-1,-1
2015-07-10,37.828,32.083,-1,-1,-1
2015-07-09,35.602,29.773,-1,-1,-1
2015-07-08,33.578,-1,-1,-1,-1
2015-07-07,31.738,-1,-1,-1,-1
2015-07-06,28.972,-1,-1,-1,-1
2015-07-03,26.338,-1,-1,-1,-1
2015-07-02,23.944,-1,-1,-1,-1
2015-07-01,-1,-1,-1,-1,-1
2015-06-30,-1,-1,-1,-1,-1
2015-06-29,-1,-1,-1,-1,-1
2015-06-26,-1,-1,-1,-1,-1
