date,open,high,close,low,volume,price_change,p_change,ma5,ma10,ma20,v_ma5,v_ma10,v_ma20,turnover
2017-06-30,30.85,31.45,29.5,29.02,71828.12,-1.42,-4.59,35.528,38.589,43.045,107017.73,93189.28,154069.27,28.73
2017-06-23,33.05,33.94,30.92,29.8,109178.92,-2.44,-7.31,37.816,40.367,43.758,98162.25,100379.52,158397.75,43.67
2017-06-16,36.14,36.14,33.36,32.53,74503.08,-6.8,-16.93,39.528,42.03,44.471,88718.55,119847.83,161132.13,29.8
2017-02-17,43.7,46.4,40.16,39.73,128582.08,-3.54,-8.1,40.662,44.202,45.125,92887.35,155985.84,166227.96,51.43
2017-02-10,40.76,46.48,43.7,40.61,150996.47,2.76,6.74,41.39,46.536,45.435,87201.57,170026.53,168580.83,60.4
2017-02-03,39.39,42.24,40.94,38.81,27550.7,1.46,3.7,41.65,48.256,45.551,79360.82,186947.63,169753.12,11.02
2017-01-26,39.05,40.99,39.48,39.0,61960.44,0.45,1.15,42.918,50.262,45.88,102596.79,227059.24,179910.43,24.78
2017-01-20,43.99,44.0,39.03,38.08,95347.04,-4.77,-10.89,44.532,52.017,46.372,150977.11,245537.52,188983.51,38.14
2017-01-13,44.0,46.49,43.8,42.0,100153.21,-1.2,-2.67,47.742,52.235,46.984,219084.32,236112.93,196786.55,40.06
2017-01-06,47.42,49.4,45.0,44.96,111792.73,-2.28,-4.82,51.682,50.413,47.274,252851.48,226109.85,205571.4,44.72
2016-12-30,46.6,48.1,47.28,45.35,143730.53,-0.27,-0.57,54.862,47.501,47.501,294534.43,214949.26,214949.26,57.49
2016-12-23,53.88,59.99,47.55,47.0,303862.06,-7.53,-13.67,57.606,47.526,47.526,351521.68,222862.45,222862.45,121.54
2016-12-16,64.0,68.83,55.08,55.08,435883.09,-8.42,-13.26,59.502,47.523,47.523,340097.92,212737.5,212737.5,174.35
2016-12-09,59.8,64.93,63.5,59.0,268989.0,2.6,4.27,56.728,46.443,46.443,253141.54,180859.56,180859.56,107.6
2016-12-02,60.51,66.68,60.9,56.5,320207.47,-0.1,-0.16,49.144,43.6,43.6,199368.23,166171.32,166171.32,128.08
2016-11-25,56.0,64.25,61.0,55.0,428666.78,3.97,6.96,40.14,40.14,40.14,135364.09,135364.09,135364.09,171.47
2016-11-18,45.33,60.34,57.03,45.33,246743.28,15.82,38.39,34.925,34.925,34.925,62038.42,62038.42,62038.42,98.7
2016-11-11,28.14,41.21,41.21,28.14,1101.16,15.63,61.1,27.557,27.557,27.557,470.14,470.14,470.14,0.44
2016-11-04,23.25,25.58,25.58,23.25,122.44,9.7,61.08,20.73,20.73,20.73,154.63,154.63,154.63,0.05
2016-10-28,10.63,15.88,15.88,10.63,186.81,3.65,44.03,15.88,15.88,15.88,186.81,186.81,186.81,0.07
