date,open,high,close,low,volume,price_change,p_change,ma5,ma10,ma20,v_ma5,v_ma10,v_ma20,turnover
2017-06-30,13.43,14.05,13.82,12.6,2541364.75,0.4,2.98,15.692,16.217,18.953,2634498.57,3415350.1,2240585.17,13.96
2017-05-31,15.06,15.15,13.42,11.92,2928360.5,-1.61,-10.71,16.598,16.108,19.785,2804470.57,3328621.55,2202117.02,16.09
2017-04-12,16.85,17.09,15.03,13.85,1049387.62,-1.82,-10.8,17.428,15.968,20.398,3066550.07,3187636.66,2113426.35,5.77
2017-03-31,19.25,19.83,16.85,16.44,3466487.25,-2.49,-12.88,18.004,15.632,20.976,4274737.15,3157195.34,2161348.63,19.05
2017-02-28,18.48,19.72,19.34,17.81,3186892.75,0.99,5.39,17.874,16.377,21.409,4535646.4,2871976.4,2130412.4,17.51
2017-01-26,17.6,19.14,18.35,16.1,3391224.75,0.78,4.44,16.742,16.643,21.9,4196201.63,2643058.81,2108734.04,18.63
2016-12-30,17.7,19.0,17.57,13.75,4238758.0,-0.34,-1.9,15.618,17.312,22.356,3852772.53,2422418.54,2079447.67,23.29
2016-11-30,15.74,18.87,17.91,15.01,7090323.0,1.71,10.56,14.508,17.688,22.821,3308723.25,2053078.58,1982373.32,38.96
2016-10-31,13.75,18.0,16.2,13.65,4771033.5,2.52,18.42,13.26,18.017,23.291,2039653.53,1436979.44,1750305.95,26.21
2016-09-30,12.77,14.23,13.68,12.6,1489668.88,0.95,7.46,14.88,19.667,23.539,1208306.4,1060537.58,1585970.91,8.18
2016-08-31,12.02,13.18,12.73,11.9,1674079.25,0.71,5.91,16.544,21.689,23.816,1089915.99,1065820.24,1635967.47,9.2
2016-07-29,11.65,12.61,12.02,11.45,1518511.62,0.35,3.0,19.006,23.461,24.011,992064.56,1075612.48,1762635.03,8.34
2016-06-30,24.33,24.6,11.67,10.87,744974.38,-12.63,-51.98,20.868,24.827,24.233,797433.91,1039216.03,1811412.57,4.09
2016-05-31,22.19,24.5,24.3,21.93,614297.88,2.3,10.46,22.774,26.32,24.533,834305.35,1165501.92,1883435.11,6.75
2016-04-29,24.8,25.88,22.0,21.67,897716.81,-3.04,-12.14,24.454,26.44,24.131,912768.76,1388848.41,1995900.11,9.87
2016-03-31,21.33,25.09,25.04,19.81,1184822.12,3.71,17.39,26.834,27.157,23.78,1041724.5,1574409.27,2139100.17,13.02
2016-02-29,21.2,25.74,21.33,21.07,545358.38,0.13,0.61,27.916,27.4,23.229,1159160.4,1736476.79,2154263.03,5.99
2016-01-29,32.63,32.89,21.2,20.11,929331.56,-11.5,-35.17,28.786,27.953,22.831,1280998.15,1911668.05,2188456.02,10.21
2015-12-31,33.56,36.35,32.7,31.17,1006614.94,-1.2,-3.54,29.866,28.565,22.383,1496698.49,2063632.47,2172873.36,11.06
2015-11-25,29.8,34.5,33.9,28.0,1542495.5,3.45,11.33,28.426,27.41,21.35,1864928.05,2111404.24,2170850.74,16.95
2015-10-30,26.5,33.66,30.45,25.4,1772001.62,4.77,18.57,27.48,25.943,20.251,2107094.05,2206114.69,2153902.91,19.47
2015-09-30,26.3,27.58,25.68,21.0,1154547.12,-0.92,-3.46,26.884,24.56,19.383,2313793.17,2449657.57,2190209.82,12.69
2015-08-31,24.9,35.47,26.6,21.01,2007833.25,1.1,4.31,27.12,23.638,18.728,2542337.95,2583609.11,2214448.63,22.06
2015-07-31,28.0,32.78,25.5,16.43,2847762.75,-3.67,-12.58,27.264,22.745,18.022,2630566.45,2601368.31,2205533.63,31.29
2015-06-30,27.63,40.26,29.17,24.1,2753325.5,1.7,6.19,26.394,21.822,17.392,2357880.42,2602951.81,2165852.76,30.26
2015-05-29,27.02,30.88,27.47,24.33,2805497.25,0.61,2.27,24.406,20.402,16.536,2305135.32,2703791.06,2233700.7,30.83
2015-04-30,27.32,29.99,26.86,25.3,2297271.0,-0.46,-1.68,22.236,19.058,15.823,2585521.97,2572049.28,2296068.59,25.24
2015-03-31,21.04,28.58,27.32,21.04,2448975.75,6.17,29.17,20.156,17.709,15.046,2624880.27,2465243.99,2339452.35,26.91
2015-02-27,18.96,21.5,21.15,18.05,1484332.62,1.92,9.98,18.226,16.201,14.24,2572170.17,2282114.25,2328572.02,16.31
2015-01-30,16.65,20.38,19.23,16.17,2489600.0,2.61,15.7,17.25,15.289,13.703,2848023.2,2230297.24,2289792.94,27.36
2014-12-31,16.52,19.49,16.62,16.0,4207430.5,0.16,0.97,16.398,14.558,13.295,3102446.8,2101691.13,2235304.45,46.24
2014-11-28,17.81,18.68,16.46,15.3,2494062.5,-1.21,-6.85,15.88,14.205,12.954,2558576.58,1930762.06,2046039.91,27.41
2014-10-31,16.27,18.54,17.67,15.4,2185425.25,1.4,8.61,15.262,13.818,12.627,2305607.7,1845288.15,1957433.41,24.02
2014-09-30,14.99,17.39,16.27,14.99,2863597.75,1.3,8.68,14.176,13.298,12.317,1992058.33,1809698.94,1899673.36,31.47
2014-08-29,14.0,16.6,14.97,13.65,3761718.0,0.94,6.7,13.328,12.962,12.043,1612571.29,1728753.71,1806915.17,41.34
2014-07-31,13.4,14.21,14.03,12.77,1488079.38,0.66,4.94,12.718,12.67,11.814,1100935.46,1763610.33,1673525.19,16.35
2014-06-30,12.27,13.85,13.37,12.0,1229218.12,1.13,9.23,12.53,12.588,11.586,1302947.54,2020087.9,1683150.17,13.51
2014-05-30,11.9,12.5,12.24,11.62,617678.38,0.21,1.75,12.374,12.382,11.532,1384968.59,2213660.71,1740042.34,6.79
2014-04-30,11.83,13.1,12.03,11.42,966162.56,0.11,0.92,12.42,12.278,11.471,1627339.56,2375029.8,1736245.51,10.62
2014-03-31,13.05,13.61,11.92,11.7,1203538.88,-1.17,-8.94,12.596,12.116,11.426,1844936.13,2349288.64,1735590.42,13.23
2014-02-28,12.58,14.33,13.09,12.41,2498139.75,0.5,3.97,12.622,12.032,11.361,2426285.2,2368917.78,1714229.21,27.45
2014-01-30,12.5,12.94,12.59,10.83,1639323.38,0.12,0.96,12.646,11.703,11.249,2737228.25,2161317.77,1619680.79,18.01
2013-12-31,12.6,13.68,12.47,11.9,1829533.25,-0.44,-3.41,12.39,11.435,11.25,3042352.83,2069578.68,1621668.41,20.1
2013-11-29,12.0,13.1,12.91,11.26,2054145.38,0.86,7.14,12.136,11.335,11.229,3122720.03,1989647.78,1643114.24,22.57
2013-10-31,13.28,15.61,12.05,11.32,4110284.25,-1.16,-8.78,11.636,11.124,11.135,2853641.15,1885076.64,1609090.77,45.17
2013-09-30,11.25,13.4,13.21,11.22,4052855.0,1.9,16.8,11.442,10.957,11.132,2311550.35,1583440.05,1501051.47,44.54
2013-08-30,11.23,12.39,11.31,11.01,3164946.25,0.11,0.98,10.76,10.584,11.032,1585407.29,1346212.44,1331244.91,34.78
2013-07-31,10.29,12.15,11.2,9.6,2231369.25,0.79,7.59,10.48,10.681,11.012,1096804.53,1266423.96,1247977.47,24.52
2013-06-28,11.08,11.18,10.41,8.9,708751.0,-0.67,-6.05,10.534,10.663,11.047,856575.54,1097461.23,1263522.03,7.79
2013-05-31,9.63,12.0,11.08,9.62,1399830.25,1.28,13.06,10.612,10.736,11.216,916512.13,1121892.21,1301416.11,15.38
2013-04-26,9.95,10.2,9.8,9.01,422139.69,-0.11,-1.11,10.472,10.69,11.235,855329.75,1059540.65,1251419.84,4.64
2013-03-29,11.46,11.69,9.91,9.88,721932.44,-1.56,-13.6,10.408,10.794,11.333,1107017.59,1078043.81,1262560.74,7.93
2013-02-28,10.75,11.57,11.47,10.5,1030224.31,0.67,6.2,10.882,11.064,11.5,1436043.4,1173758.15,1281331.59,11.32
2013-01-31,10.44,11.53,10.8,10.17,1008433.94,0.42,4.05,10.792,11.123,11.655,1338346.93,1296580.69,1309006.73,11.08
2012-12-31,9.43,10.9,10.38,8.62,1093918.38,0.9,9.49,10.86,11.146,11.784,1327272.29,1333104.91,1410072.63,51.14
2012-11-30,12.26,12.65,9.48,9.28,1680578.88,-2.8,-22.8,10.908,11.306,11.986,1263751.54,1418662.88,1460579.72,78.56
2012-10-31,11.01,13.42,12.28,10.6,2367061.5,1.26,11.43,11.18,11.48,12.239,1049070.04,1316277.39,1438599.99,110.65
2012-09-28,11.14,12.3,11.02,10.54,541741.94,-0.12,-1.08,11.246,11.342,12.339,911472.89,1229530.98,1385475.77,25.32
2012-08-31,10.5,12.06,11.14,10.5,953060.75,0.52,4.9,11.454,11.43,12.474,1254814.45,1429582.83,1404448.6,44.55
2012-07-31,10.88,11.6,10.62,10.26,776314.62,-0.22,-2.03,11.432,11.696,12.674,1338937.52,1480940.01,1487879.54,36.29
2012-06-29,12.6,12.9,10.84,10.6,607171.38,-1.77,-14.04,11.704,11.78,12.843,1573574.22,1443299.03,1538681.69,28.38
2012-05-31,12.19,13.8,12.61,11.99,1679075.75,0.55,4.56,11.78,11.872,13.002,1583484.74,1447077.67,1568912.43,78.49
2012-04-27,10.95,12.57,12.06,10.9,2258449.75,1.03,9.34,11.438,11.936,13.048,1547589.06,1388905.03,1549477.55,105.57
2012-03-30,11.8,12.38,11.03,10.65,1373676.12,-0.95,-7.93,11.406,12.187,13.115,1604351.21,1321432.78,1489910.92,64.21
2012-02-29,11.22,12.51,11.98,10.78,1949498.12,0.76,6.77,11.96,12.422,13.182,1622942.49,1487040.34,1455225.26,91.13
2012-01-31,10.95,11.35,11.22,9.53,656723.94,0.32,2.94,11.856,12.665,13.126,1313023.83,1502496.56,1386762.92,43.32
2011-12-30,12.3,12.75,10.9,10.31,1499597.38,-1.0,-8.4,11.964,12.997,13.185,1310670.6,1560922.59,1397343.98,98.92
2011-11-30,13.56,14.79,11.9,11.71,2542260.5,-1.9,-13.77,12.434,13.335,13.332,1230221.0,1541420.56,1403684.13,167.7
2011-10-31,11.56,14.14,13.8,11.11,1466632.5,2.34,20.42,12.968,13.518,13.547,1038514.35,1379314.37,1354608.62,96.74
2011-09-30,11.87,11.9,11.46,11.0,399904.81,-0.3,-2.55,12.884,13.651,13.628,1351138.2,1494819.07,1342419.77,26.38
2011-08-31,13.27,13.5,11.76,11.16,644957.81,-1.49,-11.24,13.474,13.906,13.805,1691969.29,1634064.35,1453135.16,42.54
2011-07-29,14.57,15.15,13.25,13.13,1097349.38,-1.32,-9.06,14.03,14.131,13.912,1811174.58,1690747.19,1495670.81,72.38
2011-06-30,13.35,14.98,14.57,12.9,1583727.25,1.19,8.89,14.236,14.159,13.949,1852620.12,1710050.07,1517799.78,104.47
2011-05-31,14.41,16.21,13.38,12.81,3029751.75,-1.03,-7.15,14.068,14.042,13.912,1720114.4,1658389.06,1513921.69,200.05
2011-04-29,14.37,15.85,14.41,13.25,2104060.25,-0.13,-0.89,14.418,13.942,13.946,1638499.95,1423410.18,1419182.32,138.93
2011-03-31,14.34,14.67,14.54,12.85,1240984.25,0.26,1.82,14.338,13.587,13.915,1576159.42,1271029.29,1373523.79,81.94
2011-02-28,13.48,14.82,14.28,13.32,1304577.12,0.55,4.01,14.232,13.373,13.87,1570319.8,1233765.37,1382990.9,86.14
2011-01-31,15.02,15.84,13.73,11.91,921198.62,-1.4,-9.25,14.082,13.329,13.838,1567480.02,1265947.69,1389022.73,83.75
2010-12-31,13.89,16.59,15.13,13.31,2621679.5,1.12,7.99,14.016,13.576,13.848,1596663.72,1329902.87,1428008.07,238.33
2010-11-30,13.95,15.07,14.01,12.61,1792357.62,0.0,0.0,13.466,13.604,13.731,1208320.41,1190020.46,1319492.48,162.94
2010-10-29,13.68,14.58,14.01,12.5,1211786.12,0.48,3.55,12.836,13.703,13.703,965899.15,1272205.97,1272205.97,110.16
2010-09-30,13.43,14.63,13.53,12.64,1290378.25,0.13,0.97,12.514,13.669,13.669,897210.94,1278919.29,1278919.29,117.31
2010-08-31,12.41,13.86,13.4,12.03,1067117.12,1.02,8.24,12.576,13.686,13.686,964415.36,1277486.92,1277486.92,97.01
2010-07-30,10.89,12.8,12.38,10.5,679962.94,1.52,14.0,13.136,13.727,13.727,1063142.01,1307539.74,1307539.74,61.81
2010-06-30,12.22,13.09,10.86,10.58,580251.31,-1.54,-12.42,13.742,13.952,13.952,1171720.5,1412135.88,1412135.88,52.75
2010-05-31,13.6,14.3,12.4,10.66,868345.06,-1.44,-10.4,14.57,14.57,14.57,1578512.79,1578512.79,1578512.79,78.94
2010-04-30,16.17,17.56,13.84,13.46,1626400.38,-2.36,-14.57,15.113,15.113,15.113,1756054.72,1756054.72,1756054.72,147.85
2010-03-31,15.52,16.48,16.2,14.6,1560750.38,0.79,5.13,15.537,15.537,15.537,1799272.84,1799272.84,1799272.84,177.36
2010-02-26,14.9,16.49,15.41,14.32,1222855.38,0.41,2.73,15.205,15.205,15.205,1918534.07,1918534.07,1918534.07,138.96
2010-01-29,20.0,20.75,15.0,14.61,2614212.75,5.83,49.41,15.0,15.0,15.0,2614212.75,2614212.75,2614212.75,297.07
