2017-06-30,14.039,13.214,12.388
2017-06-29,13.954,13.168,12.382
2017-06-28,13.832,13.133,12.434
2017-06-27,13.704,13.105,12.506
2017-06-26,13.584,13.071,12.557
2017-06-23,13.468,13.044,12.619
2017-06-22,13.456,13.021,12.586
2017-06-21,13.420,12.984,12.548
2017-06-20,13.404,12.978,12.552
2017-06-19,13.413,12.981,12.548
2017-06-16,13.415,12.985,12.554
2017-06-15,13.419,12.983,12.546
2017-06-14,13.479,12.956,12.432
2017-06-13,13.500,12.942,12.383
2017-06-12,13.503,12.944,12.384
2017-06-09,13.504,12.941,12.378
2017-06-08,13.629,12.975,12.320
2017-06-07,13.783,13.014,12.244
2017-06-06,14.046,13.071,12.095
2017-06-05,14.312,13.156,11.999
2017-06-02,14.562,13.247,11.931
2017-06-01,14.826,13.345,11.863
2017-05-31,15.086,13.433,11.780
2017-05-26,15.350,13.523,11.696
2017-05-25,16.048,13.714,11.380
2017-05-23,16.601,13.901,11.201
2017-05-22,17.039,14.106,11.172
2017-05-19,17.396,14.316,11.236
2017-05-18,17.718,14.504,11.290
2017-05-17,18.023,14.690,11.357
2017-05-16,18.291,14.897,11.502
2017-05-15,18.505,15.125,11.745
2017-05-12,18.589,15.365,12.141
2017-05-11,18.644,15.606,12.568
2017-05-10,18.715,15.828,12.940
2017-05-09,18.637,16.060,13.482
2017-05-08,18.629,16.239,13.848
2017-05-05,18.558,16.397,14.236
2017-05-04,18.554,16.551,14.548
2017-05-03,18.512,16.700,14.887
2017-05-02,18.353,16.803,15.253
2017-04-12,18.431,16.984,15.537
2017-04-11,18.437,17.155,15.873
2017-04-10,18.460,17.331,16.202
2017-04-07,18.707,17.426,16.145
2017-04-06,18.941,17.527,16.113
2017-04-05,19.244,17.654,16.063
2017-03-31,19.480,17.778,16.076
2017-03-30,19.684,17.904,16.124
2017-03-29,19.863,18.025,16.186
2017-03-28,20.033,18.143,16.252
2017-03-27,20.159,18.248,16.336
2017-03-24,20.289,18.370,16.451
2017-03-23,20.343,18.463,16.583
2017-03-22,20.401,18.554,16.707
2017-03-21,20.430,18.648,16.865
2017-03-20,20.443,18.751,17.058
2017-03-17,20.371,18.855,17.339
2017-03-16,20.296,18.911,17.525
2017-03-15,20.204,18.976,17.747
2017-03-14,19.753,19.080,18.407
2017-03-13,19.725,19.098,18.471
2017-03-10,19.783,19.083,18.382
2017-03-09,19.784,19.101,18.418
2017-03-08,19.783,19.113,18.442
2017-03-07,19.792,19.126,18.460
2017-03-06,19.775,19.118,18.460
2017-03-03,19.753,19.095,18.437
2017-03-02,19.724,19.079,18.434
2017-03-01,19.729,19.027,18.325
2017-02-28,19.671,18.993,18.314
2017-02-27,19.636,18.976,18.315
2017-02-24,19.544,18.940,18.335
2017-02-23,19.536,18.905,18.274
2017-02-22,19.527,18.855,18.182
2017-02-21,19.541,18.793,18.045
2017-02-20,19.463,18.754,18.045
2017-02-17,19.410,18.724,18.037
2017-02-16,19.417,18.710,18.002
2017-02-15,19.445,18.668,17.890
2017-02-14,19.496,18.611,17.726
2017-02-13,19.560,18.539,17.517
2017-02-10,19.734,18.472,17.210
2017-02-09,19.760,18.362,16.963
2017-02-08,19.758,18.253,16.747
2017-02-07,19.676,18.143,16.609
2017-02-06,19.534,18.055,16.575
2017-02-03,19.432,17.989,16.546
2017-01-26,19.283,17.916,16.549
2017-01-25,19.245,17.893,16.541
2017-01-24,19.128,17.829,16.529
2017-01-23,18.944,17.744,16.543
2017-01-20,18.831,17.627,16.423
2017-01-19,18.753,17.535,16.316
2017-01-18,18.671,17.467,16.262
2017-01-17,18.620,17.407,16.194
2017-01-16,18.434,17.318,16.202
2017-01-13,18.294,17.190,16.086
2017-01-12,18.375,17.024,15.673
2017-01-11,18.481,16.861,15.241
2017-01-10,18.606,16.694,14.781
2017-01-09,18.576,16.582,14.587
2017-01-06,18.579,16.583,14.587
2017-01-05,18.643,16.613,14.582
2017-01-04,18.738,16.655,14.571
2017-01-03,18.825,16.692,14.559
2016-12-30,18.807,16.684,14.561
2016-12-29,18.952,16.727,14.502
2016-12-28,19.115,16.776,14.437
2016-12-27,19.118,16.777,14.436
2016-12-26,19.092,16.764,14.436
2016-12-23,19.138,16.785,14.431
2016-12-22,19.178,16.820,14.462
2016-12-21,19.184,16.829,14.473
2016-12-20,19.185,16.829,14.473
2016-12-19,19.176,16.818,14.459
2016-12-16,19.171,16.812,14.452
2016-12-15,19.214,16.769,14.324
2016-12-14,19.201,16.777,14.352
2016-12-13,19.102,16.848,14.594
2016-12-12,18.918,16.927,14.935
2016-12-09,18.847,16.964,15.080
2016-12-08,18.841,16.952,15.062
2016-12-07,18.785,16.907,15.028
2016-12-06,18.697,16.850,15.002
2016-12-05,18.597,16.796,14.994
2016-12-02,18.550,16.762,14.973
2016-12-01,18.283,16.642,15.000
2016-11-30,17.917,16.509,15.101
2016-11-29,17.702,16.391,15.080
2016-11-28,17.592,16.331,15.069
2016-11-25,17.346,16.255,15.164
2016-11-24,17.562,16.294,15.026
2016-11-23,17.522,16.273,15.024
2016-11-22,17.476,16.254,15.032
2016-11-21,17.443,16.224,15.005
2016-11-18,17.397,16.195,14.992
2016-11-17,17.355,16.252,15.148
2016-11-16,17.286,16.287,15.288
2016-11-15,17.470,16.206,14.942
2016-11-14,17.608,16.134,14.659
2016-11-11,17.722,16.056,14.390
2016-11-10,17.705,15.962,14.219
2016-11-09,17.655,15.877,14.098
2016-11-08,17.592,15.794,13.995
2016-11-07,17.497,15.704,13.911
2016-11-04,17.443,15.582,13.721
2016-11-03,17.487,15.465,13.442
2016-11-02,17.520,15.346,13.172
2016-11-01,17.538,15.255,12.971
2016-10-31,17.479,15.146,12.813
2016-10-28,17.377,15.026,12.674
2016-10-27,16.790,14.813,12.835
2016-10-26,16.568,14.693,12.818
2016-10-25,16.279,14.551,12.822
2016-10-24,16.075,14.436,12.796
2016-10-21,15.823,14.296,12.768
2016-10-20,15.439,14.141,12.842
2016-10-19,15.112,14.006,12.900
2016-10-18,15.096,13.929,12.762
2016-10-17,15.063,13.858,12.652
2016-10-14,15.011,13.806,12.600
2016-10-13,14.881,13.739,12.596
2016-10-12,14.695,13.650,12.605
2016-10-11,14.478,13.548,12.617
2016-10-10,14.200,13.446,12.691
2016-09-30,14.094,13.382,12.670
2016-09-29,14.087,13.335,12.582
2016-09-28,14.123,13.278,12.432
2016-09-27,14.106,13.214,12.322
2016-09-26,14.037,13.149,12.260
2016-09-23,13.961,13.086,12.210
2016-09-22,13.870,13.034,12.197
2016-09-21,13.699,12.970,12.241
2016-09-20,13.586,12.926,12.265
2016-09-19,13.454,12.889,12.324
2016-09-14,13.414,12.875,12.336
2016-09-13,13.384,12.863,12.342
2016-09-12,13.363,12.856,12.348
2016-09-09,13.362,12.855,12.348
2016-09-08,13.345,12.842,12.338
2016-09-07,13.284,12.797,12.310
2016-09-06,13.175,12.768,12.361
2016-09-05,13.131,12.736,12.341
2016-09-02,13.123,12.718,12.313
2016-09-01,13.126,12.693,12.260
2016-08-31,13.104,12.672,12.239
2016-08-30,13.097,12.664,12.230
2016-08-29,13.092,12.673,12.253
2016-08-26,13.093,12.686,12.279
2016-08-25,13.158,12.660,12.162
2016-08-24,13.163,12.652,12.141
2016-08-23,13.214,12.613,12.012
2016-08-22,13.206,12.595,11.983
2016-08-19,13.203,12.561,11.919
2016-08-18,13.158,12.527,11.895
2016-08-17,13.094,12.487,11.879
2016-08-16,13.029,12.449,11.869
2016-08-15,12.939,12.407,11.874
2016-08-12,12.842,12.369,11.896
2016-08-11,12.786,12.345,11.904
2016-08-10,12.780,12.340,11.900
2016-08-09,12.699,12.312,11.925
2016-08-08,12.726,12.276,11.826
2016-08-05,12.731,12.240,11.748
2016-08-04,12.743,12.210,11.677
2016-08-03,12.715,12.184,11.652
2016-08-02,12.661,12.158,11.654
2016-08-01,12.597,12.123,11.649
2016-07-29,12.492,12.073,11.654
2016-07-28,12.523,12.051,11.578
2016-07-27,12.492,12.016,11.539
2016-07-26,12.526,11.993,11.459
2016-07-25,12.500,11.952,11.404
2016-07-22,12.510,11.917,11.324
2016-07-21,12.515,11.864,11.213
2016-07-20,12.490,11.822,11.153
2016-07-19,12.454,11.779,11.104
2016-07-18,12.434,11.728,11.022
2016-07-15,12.385,11.676,10.967
2016-07-14,12.301,11.626,10.951
2016-07-13,12.193,11.568,10.942
2016-07-12,12.072,11.524,10.975
2016-07-11,12.064,11.489,10.913
2016-07-08,12.033,11.470,10.907
2016-07-07,17.534,12.078,6.622
2016-07-06,20.273,12.690,5.106
2016-07-05,22.334,13.290,4.245
2016-07-04,24.116,13.910,3.704
2016-07-01,25.628,14.537,3.445
2016-06-30,26.936,15.170,3.403
2016-06-29,28.093,15.801,3.509
2016-06-28,28.945,16.398,3.851
2016-06-27,29.661,16.985,4.308
2016-06-24,30.273,17.581,4.889
2016-06-23,30.753,18.186,5.618
2016-06-22,31.095,18.769,6.443
2016-06-21,31.367,19.374,7.381
2016-06-20,31.429,19.965,8.500
2016-06-17,31.295,20.528,9.761
2016-06-16,31.001,21.088,11.175
2016-06-15,30.519,21.690,12.860
2016-06-14,29.718,22.264,14.810
2016-06-13,28.224,22.825,17.425
2016-06-08,24.735,23.371,22.007
2016-06-07,24.685,23.306,21.927
2016-06-06,24.575,23.253,21.930
2016-06-03,24.474,23.200,21.925
2016-06-02,24.341,23.161,21.980
2016-06-01,24.281,23.147,22.012
2016-05-31,24.175,23.121,22.066
2016-05-30,24.013,23.083,22.153
2016-05-27,24.043,23.013,21.983
2016-05-26,24.046,22.959,21.871
2016-05-25,24.006,22.923,21.839
2016-05-24,23.968,22.893,21.817
2016-05-23,23.975,22.846,21.717
2016-05-20,23.901,22.798,21.694
2016-05-19,23.897,22.755,21.613
2016-05-18,23.905,22.773,21.640
2016-05-17,24.226,22.875,21.523
2016-05-16,24.414,22.931,21.447
2016-05-13,24.648,23.014,21.379
2016-05-12,24.901,23.139,21.376
2016-05-11,25.082,23.253,21.423
2016-05-10,25.174,23.330,21.485
2016-05-09,25.418,23.428,21.438
2016-05-06,25.528,23.501,21.474
2016-05-05,25.743,23.585,21.426
2016-05-04,26.001,23.668,21.335
2016-05-03,26.136,23.732,21.328
2016-04-29,26.192,23.774,21.355
2016-04-28,26.259,23.926,21.592
2016-04-27,26.245,24.045,21.844
2016-04-26,26.207,24.101,21.994
2016-04-25,26.166,24.152,22.137
2016-04-22,26.045,24.266,22.487
2016-04-21,25.975,24.383,22.791
2016-04-20,25.715,24.461,23.206
2016-04-19,25.595,24.494,23.393
2016-04-18,25.627,24.443,23.259
2016-04-15,25.701,24.384,23.067
2016-04-14,25.983,24.248,22.512
2016-04-13,26.316,24.052,21.787
2016-04-12,26.486,23.870,21.253
2016-04-11,26.561,23.730,20.899
2016-04-08,26.561,23.512,20.462
2016-04-07,26.571,23.326,20.080
2016-04-06,26.403,23.109,19.815
2016-04-05,26.053,22.899,19.744
2016-04-01,25.824,22.684,19.544
2016-03-31,25.703,22.469,19.235
2016-03-30,25.329,22.312,19.295
2016-03-29,25.025,22.186,19.346
2016-03-28,24.836,22.063,19.289
2016-03-25,24.629,21.944,19.259
2016-03-24,24.491,21.912,19.332
2016-03-23,24.067,21.812,19.556
2016-03-22,24.444,21.884,19.324
2016-03-21,24.733,21.951,19.169
2016-03-18,25.005,22.019,19.032
2016-03-17,25.269,22.097,18.924
2016-03-16,25.605,22.242,18.879
2016-03-15,26.049,22.474,18.898
2016-03-14,26.304,22.665,19.025
2016-03-11,26.313,22.722,19.130
2016-03-10,26.287,22.817,19.346
2016-03-09,26.248,22.908,19.567
2016-03-08,26.200,22.968,19.735
2016-03-07,26.183,23.006,19.829
2016-03-04,26.134,23.037,19.940
2016-03-03,26.009,23.093,20.177
2016-03-02,26.097,23.030,19.963
2016-03-01,26.143,22.980,19.817
2016-02-29,26.117,23.046,19.974
2016-02-26,26.114,23.144,20.173
2016-02-25,26.054,23.059,20.064
2016-02-24,26.044,23.033,20.022
2016-02-23,25.823,22.954,20.084
2016-02-22,25.746,22.930,20.114
2016-02-19,25.554,22.863,20.171
2016-02-18,25.347,22.784,20.220
2016-02-17,25.351,22.785,20.218
2016-02-16,24.945,22.676,20.407
2016-02-15,24.699,22.610,20.520
2016-02-05,24.736,22.638,20.540
2016-02-04,25.173,22.774,20.374
2016-02-03,25.715,22.945,20.174
2016-02-02,27.033,23.284,19.535
2016-02-01,27.899,23.591,19.283
2016-01-29,28.858,23.996,19.133
2016-01-28,30.563,24.571,18.578
2016-01-27,31.968,25.195,18.421
2016-01-26,33.039,25.785,18.531
2016-01-25,34.018,26.300,18.582
2016-01-22,34.990,26.808,18.626
2016-01-21,35.687,27.365,19.042
2016-01-20,36.396,27.946,19.496
2016-01-19,37.106,28.485,19.863
2016-01-18,37.699,28.972,20.244
2016-01-15,38.134,29.506,20.878
2016-01-14,38.515,30.100,21.685
2016-01-13,38.936,30.624,22.312
2016-01-12,38.877,31.161,23.445
2016-01-11,38.525,31.639,24.753
2016-01-08,37.807,32.138,26.469
2016-01-07,37.203,32.475,27.747
2016-01-06,36.461,32.777,29.092
2016-01-05,36.184,32.964,29.744
2016-01-04,35.684,33.242,30.800
2015-12-31,35.257,33.341,31.425
2015-12-30,35.599,33.207,30.815
2015-12-29,35.957,33.015,30.073
2015-12-28,36.172,32.848,29.523
2015-12-25,36.440,32.633,28.826
2015-12-24,36.487,32.421,28.354
2015-12-23,36.481,32.236,27.991
2015-12-22,36.386,31.987,27.588
2015-12-21,36.146,31.745,27.343
2015-12-18,35.889,31.512,27.134
2015-12-17,35.551,31.293,27.034
2015-12-16,34.991,31.079,27.167
2015-12-15,34.302,30.874,27.446
2015-12-14,33.794,30.679,27.563
2015-12-11,33.495,30.567,27.639
2015-12-10,33.149,30.351,27.552
2015-12-09,32.940,30.200,27.460
2015-12-08,32.740,30.123,27.505
2015-11-25,32.375,30.013,27.650
2015-11-24,31.396,29.833,28.269
2015-11-23,31.532,29.858,28.183
2015-11-20,32.217,30.014,27.810
2015-11-19,32.734,30.201,27.667
2015-11-18,32.757,30.246,27.734
2015-11-17,32.731,30.264,27.797
2015-11-16,32.968,30.414,27.860
2015-11-13,33.158,30.544,27.930
2015-11-12,33.123,30.583,28.042
2015-11-11,33.267,30.505,27.743
2015-11-10,33.449,30.405,27.361
2015-11-09,33.671,30.257,26.842
2015-11-06,33.783,30.061,26.339
2015-11-05,33.794,29.847,25.899
2015-11-04,33.818,29.694,25.570
2015-11-03,33.881,29.439,24.997
2015-11-02,34.015,29.288,24.560
2015-10-30,34.148,29.096,24.043
2015-10-29,34.196,28.794,23.391
2015-10-28,34.053,28.574,23.094
2015-10-27,33.913,28.330,22.747
2015-10-26,33.470,28.013,22.555
2015-10-23,32.674,27.605,22.535
2015-10-22,31.860,27.124,22.388
2015-10-21,31.571,26.755,21.939
2015-10-20,31.354,26.507,21.660
2015-10-19,30.490,25.991,21.491
2015-10-16,29.250,25.537,21.824
2015-10-15,28.477,25.292,22.106
2015-10-14,28.100,25.142,22.184
2015-10-13,27.902,25.083,22.264
2015-10-12,27.742,25.024,22.306
2015-10-09,27.524,24.932,22.339
2015-10-08,27.408,24.898,22.387
2015-09-30,27.070,24.759,22.447
2015-09-29,27.222,24.805,22.387
2015-09-28,27.467,24.875,22.283
2015-09-25,27.445,24.857,22.269
2015-09-24,27.531,24.767,22.002
2015-09-23,27.452,24.596,21.740
2015-09-22,27.416,24.577,21.738
2015-09-21,27.844,24.692,21.539
2015-09-18,29.158,24.990,20.821
2015-09-17,31.036,25.499,19.962
2015-09-16,31.912,25.924,19.936
2015-09-15,33.297,26.425,19.553
2015-09-14,34.293,27.027,19.760
2015-09-11,35.044,27.540,20.035
2015-09-10,35.773,27.968,20.163
2015-09-09,36.433,28.401,20.369
2015-09-08,36.930,28.735,20.539
2015-09-07,37.030,28.947,20.863
2015-09-02,37.022,29.148,21.274
2015-09-01,37.010,29.231,21.452
2015-08-31,36.947,29.279,21.610
2015-08-28,37.170,29.098,21.025
2015-08-27,37.199,29.018,20.836
2015-08-26,37.139,29.125,21.111
2015-08-25,36.856,29.348,21.839
2015-08-24,36.573,29.493,22.413
2015-08-21,36.488,29.569,22.649
2015-08-20,36.525,29.652,22.779
2015-08-19,36.617,29.698,22.779
2015-08-18,36.225,29.532,22.840
2015-08-17,36.034,29.394,22.754
2015-08-14,35.400,29.060,22.721
2015-08-13,34.728,28.666,22.605
2015-08-12,34.231,28.188,22.145
2015-08-11,33.621,27.669,21.717
2015-08-10,32.633,27.269,21.905
2015-08-07,31.761,26.786,21.810
2015-08-06,31.684,26.347,21.010
2015-08-05,31.887,25.858,19.829
2015-08-04,32.317,25.342,18.367
2015-08-03,32.621,24.992,17.364
2015-07-31,32.715,24.858,17.002
2015-07-30,32.624,24.712,16.799
2015-07-29,32.456,24.611,16.766
2015-07-28,32.534,24.643,16.753
2015-07-27,32.955,24.827,16.698
2015-07-24,32.976,24.838,16.699
2015-07-23,33.018,24.850,16.682
2015-07-22,33.242,24.899,16.555
2015-07-21,34.280,25.131,15.981
2015-07-20,35.177,25.385,15.592
2015-07-17,36.293,25.743,15.193
2015-07-16,37.974,26.301,14.629
2015-07-15,39.470,26.970,14.469
2015-07-14,40.385,27.565,14.746
2015-07-13,41.755,28.191,14.627
2015-07-10,43.370,29.042,14.715
2015-07-09,44.021,29.816,15.612
2015-07-08,44.176,30.638,17.100
2015-07-07,43.506,31.384,19.263
2015-07-06,42.706,32.160,21.614
2015-07-03,41.781,32.739,23.698
2015-07-02,41.025,33.061,25.097
2015-07-01,40.523,33.312,26.101
2015-06-30,40.340,33.430,26.521
2015-06-29,40.365,33.414,26.464
2015-06-26,40.273,33.449,26.625
2015-06-25,40.449,33.345,26.241
2015-06-24,40.500,33.157,25.814
2015-06-23,40.326,32.916,25.507
2015-06-19,40.230,32.727,25.223
2015-06-18,40.079,32.447,24.814
2015-06-17,39.472,32.059,24.645
2015-06-16,38.838,31.615,24.391
2015-06-15,38.488,31.270,24.051
2015-06-12,37.506,30.675,23.845
2015-06-11,35.497,29.962,24.427
2015-06-10,34.239,29.485,24.731
2015-06-09,32.968,29.090,25.213
2015-06-08,32.501,28.808,25.116
2015-06-05,31.482,28.447,25.413
2015-06-04,30.922,28.155,25.388
2015-06-03,31.010,27.956,24.903
2015-06-02,30.846,27.715,24.585
2015-06-01,30.604,27.464,24.325
2015-05-29,30.447,27.362,24.277
2015-05-28,30.424,27.331,24.239
2015-05-27,30.384,27.284,24.185
2015-05-26,30.160,27.146,24.132
2015-05-25,29.672,26.984,24.297
2015-05-22,29.126,26.821,24.516
2015-05-21,28.828,26.728,24.629
2015-05-20,28.346,26.622,24.899
2015-05-19,28.142,26.562,24.982
2015-05-18,27.913,26.482,25.051
2015-05-15,28.080,26.559,25.038
2015-05-14,28.250,26.652,25.055
2015-05-13,28.371,26.693,25.016
2015-05-12,28.629,26.750,24.871
2015-05-11,28.894,26.844,24.794
2015-05-08,29.027,26.918,24.810
2015-05-07,29.055,26.980,24.906
2015-05-06,28.977,27.101,25.225
2015-05-05,29.124,27.292,25.460
2015-05-04,29.207,27.500,25.793
2015-04-30,29.448,27.620,25.793
2015-04-29,29.455,27.661,25.867
2015-04-28,29.441,27.690,25.940
2015-04-27,29.384,27.745,26.106
2015-04-24,29.385,27.794,26.203
2015-04-23,29.385,27.794,26.203
2015-04-22,29.398,27.840,26.282
2015-04-21,29.440,27.804,26.168
2015-04-20,29.502,27.769,26.036
2015-04-17,29.555,27.748,25.941
2015-04-16,29.635,27.657,25.679
2015-04-15,29.899,27.488,25.077
2015-04-14,30.156,27.288,24.420
2015-04-13,30.247,27.014,23.782
2015-04-10,30.392,26.710,23.028
2015-04-09,30.556,26.410,22.265
2015-04-08,30.604,26.182,21.761
2015-04-07,30.540,25.968,21.397
2015-04-03,30.210,25.656,21.102
2015-04-02,29.791,25.305,20.819
2015-04-01,29.186,25.034,20.882
2015-03-31,28.850,24.873,20.895
2015-03-30,28.587,24.619,20.650
2015-03-27,28.252,24.355,20.457
2015-03-26,27.803,24.019,20.234
2015-03-25,27.537,23.723,19.909
2015-03-24,26.845,23.362,19.879
2015-03-23,26.404,23.066,19.728
2015-03-20,25.895,22.817,19.738
2015-03-19,25.505,22.500,19.495
2015-03-18,25.051,22.172,19.293
2015-03-17,24.832,21.919,19.005
2015-03-16,24.776,21.649,18.522
2015-03-13,24.690,21.411,18.132
2015-03-12,24.601,21.255,17.909
2015-03-11,24.544,21.119,17.694
2015-03-10,24.399,20.929,17.459
2015-03-09,24.125,20.729,17.333
2015-03-06,23.885,20.540,17.194
2015-03-05,23.694,20.392,17.089
2015-03-04,23.112,20.150,17.187
2015-03-03,22.125,19.904,17.683
2015-03-02,21.734,19.789,17.843
2015-02-27,21.292,19.663,18.034
2015-02-26,21.120,19.513,17.905
2015-02-25,20.925,19.424,17.922
2015-02-17,20.714,19.328,17.941
2015-02-16,20.503,19.220,17.936
2015-02-13,20.127,19.035,17.943
2015-02-12,20.095,18.950,17.805
2015-02-11,20.218,18.839,17.460
2015-02-10,20.234,18.735,17.236
2015-02-09,20.278,18.685,17.091
2015-02-06,20.364,18.600,16.836
2015-02-05,20.305,18.492,16.680
2015-02-04,20.236,18.389,16.541
2015-02-03,20.207,18.299,16.391
2015-02-02,20.119,18.207,16.295
2015-01-30,20.070,18.101,16.131
2015-01-29,19.968,17.970,15.972
2015-01-28,19.854,17.885,15.915
2015-01-27,19.636,17.813,15.990
2015-01-26,19.245,17.702,16.158
2015-01-23,18.873,17.599,16.325
2015-01-22,18.812,17.558,16.303
2015-01-21,18.528,17.471,16.414
2015-01-20,18.242,17.379,16.516
2015-01-19,18.027,17.331,16.634
2015-01-16,18.151,17.361,16.572
2015-01-15,18.251,17.382,16.513
2015-01-14,18.507,17.464,16.420
2015-01-13,18.663,17.524,16.384
2015-01-12,18.794,17.575,16.357
2015-01-09,18.842,17.635,16.428
2015-01-08,18.978,17.705,16.431
2015-01-07,18.990,17.690,16.390
2015-01-06,19.050,17.654,16.258
2015-01-05,19.091,17.614,16.137
2014-12-31,19.080,17.629,16.177
2014-12-30,19.062,17.640,16.218
2014-12-29,19.124,17.593,16.061
2014-12-26,19.127,17.497,15.866
2014-12-25,19.122,17.435,15.747
2014-12-24,19.106,17.398,15.690
2014-12-23,19.101,17.370,15.638
2014-12-22,19.093,17.355,15.616
2014-12-19,19.094,17.358,15.623
2014-12-18,19.077,17.342,15.608
2014-12-17,18.976,17.265,15.555
2014-12-16,18.848,17.155,15.463
2014-12-15,18.603,17.026,15.448
2014-12-12,18.372,16.902,15.433
2014-12-11,18.119,16.762,15.405
2014-12-10,17.920,16.638,15.356
2014-12-09,17.410,16.521,15.632
2014-12-08,17.358,16.487,15.616
2014-12-05,17.385,16.506,15.626
2014-12-04,17.387,16.507,15.627
2014-12-03,17.417,16.515,15.612
2014-12-02,17.437,16.521,15.606
2014-12-01,17.589,16.583,15.577
2014-11-28,17.802,16.668,15.534
2014-11-27,17.938,16.729,15.519
2014-11-26,18.005,16.759,15.512
2014-11-25,18.218,16.830,15.441
2014-11-24,18.378,16.884,15.390
2014-11-21,18.410,16.901,15.391
2014-11-20,18.403,16.897,15.390
2014-11-19,18.403,16.881,15.358
2014-11-18,18.401,16.883,15.365
2014-11-17,18.392,16.900,15.408
2014-11-14,18.402,16.893,15.384
2014-11-13,18.413,16.888,15.363
2014-11-12,18.405,16.892,15.379
2014-11-11,18.419,16.876,15.333
2014-11-10,18.428,16.865,15.302
2014-11-07,18.423,16.841,15.259
2014-11-06,18.425,16.827,15.228
2014-11-05,18.378,16.783,15.188
2014-11-04,18.354,16.746,15.137
2014-11-03,18.263,16.683,15.103
2014-10-31,18.094,16.610,15.125
2014-10-30,17.956,16.553,15.150
2014-10-29,17.846,16.481,15.115
2014-10-28,17.514,16.369,15.224
2014-10-27,17.114,16.248,15.381
2014-10-24,16.896,16.151,15.405
2014-10-23,16.701,16.106,15.511
2014-10-22,16.679,16.095,15.511
2014-10-21,16.666,16.085,15.503
2014-10-20,16.611,16.057,15.502
2014-10-17,16.769,16.106,15.442
2014-10-16,16.885,16.172,15.458
2014-10-15,16.959,16.225,15.490
2014-10-14,17.020,16.261,15.502
2014-10-13,17.086,16.298,15.510
2014-10-10,17.131,16.320,15.509
2014-10-09,17.199,16.352,15.505
2014-10-08,17.229,16.368,15.506
2014-09-30,17.229,16.369,15.508
2014-09-29,17.237,16.377,15.517
2014-09-26,17.361,16.305,15.249
2014-09-25,17.381,16.242,15.103
2014-09-24,17.405,16.214,15.023
2014-09-23,17.411,16.200,14.988
2014-09-22,17.407,16.216,15.024
2014-09-19,17.440,16.199,14.957
2014-09-18,17.447,16.155,14.862
2014-09-17,17.533,16.080,14.626
2014-09-16,17.569,16.022,14.474
2014-09-15,17.591,15.972,14.352
2014-09-12,17.539,15.848,14.156
2014-09-11,17.447,15.721,13.995
2014-09-10,17.318,15.621,13.923
2014-09-09,17.174,15.528,13.883
2014-09-05,16.990,15.445,13.900
2014-09-04,16.805,15.379,13.953
2014-09-03,16.548,15.264,13.980
2014-09-02,16.340,15.130,13.920
2014-09-01,16.189,15.024,13.860
2014-08-29,15.971,14.896,13.821
2014-08-28,16.031,14.831,13.631
2014-08-27,15.998,14.768,13.539
2014-08-26,15.947,14.689,13.431
2014-08-25,15.849,14.588,13.327
2014-08-22,15.613,14.474,13.336
2014-08-21,15.561,14.393,13.226
2014-08-20,15.446,14.296,13.147
2014-08-19,15.470,14.220,12.970
2014-08-18,15.418,14.141,12.865
2014-08-15,15.336,14.057,12.779
2014-08-14,15.315,13.996,12.677
2014-08-13,15.297,13.927,12.557
2014-08-12,15.198,13.842,12.487
2014-08-11,15.048,13.762,12.477
2014-08-08,14.806,13.673,12.540
2014-08-07,14.387,13.555,12.723
2014-08-06,14.211,13.466,12.722
2014-08-05,14.151,13.407,12.664
2014-08-04,14.025,13.359,12.693
2014-08-01,13.953,13.329,12.704
2014-07-31,13.911,13.300,12.690
2014-07-30,13.782,13.268,12.755
2014-07-29,13.700,13.247,12.795
2014-07-28,nan,nan,nan
2014-07-25,nan,nan,nan
2014-07-24,nan,nan,nan
2014-07-23,nan,nan,nan
2014-07-22,nan,nan,nan
2014-07-21,nan,nan,nan
2014-07-18,nan,nan,nan
2014-07-17,nan,nan,nan
2014-07-16,nan,nan,nan
2014-07-15,nan,nan,nan
2014-07-14,nan,nan,nan
2014-07-11,nan,nan,nan
2014-07-10,nan,nan,nan
2014-07-09,nan,nan,nan
2014-07-08,nan,nan,nan
2014-07-07,nan,nan,nan
2014-07-04,nan,nan,nan
2014-07-03,nan,nan,nan
2014-07-02,nan,nan,nan
