Not
2017-03-17@15:00:00,2.492,1.753,0.739
2017-03-17@14:00:00,2.381,1.569,0.812
2017-03-17@11:30:00,2.204,1.366,0.838
2017-03-17@10:30:00,1.946,1.156,0.790
2017-03-16@15:00:00,1.588,0.958,0.630
2017-03-16@14:00:00,1.455,0.801,0.654
2017-03-16@11:30:00,1.264,0.638,0.626
2017-03-16@10:30:00,1.001,0.481,0.520
2017-03-15@15:00:00,0.651,0.351,0.300
2017-03-15@14:00:00,0.510,0.276,0.234
2017-03-15@11:30:00,0.322,0.218,0.104
2017-03-15@10:30:00,0.248,0.192,0.056
2017-03-14@15:00:00,0.219,0.178,0.041
2017-03-14@14:00:00,0.225,0.167,0.058
2017-03-14@11:30:00,0.191,0.153,0.038
2017-03-14@10:30:00,0.175,0.143,0.031
2017-03-13@15:00:00,0.178,0.136,0.042
2017-03-13@14:00:00,0.175,0.125,0.050
2017-03-13@11:30:00,0.160,0.113,0.047
2017-03-13@10:30:00,0.135,0.101,0.034
2017-03-10@15:00:00,0.112,0.092,0.020
2017-03-10@14:00:00,0.045,0.087,-0.042
2017-03-10@11:30:00,0.033,0.098,-0.065
2017-03-10@10:30:00,0.029,0.114,-0.086
2017-03-09@15:00:00,0.029,0.136,-0.106
2017-03-09@14:00:00,0.047,0.162,-0.115
2017-03-09@11:30:00,0.082,0.191,-0.109
2017-03-09@10:30:00,0.132,0.218,-0.086
2017-03-08@15:00:00,0.196,0.239,-0.043
2017-03-08@14:00:00,0.212,0.250,-0.039
2017-03-08@11:30:00,0.213,0.260,-0.047
2017-03-08@10:30:00,0.220,0.272,-0.051
2017-03-07@15:00:00,0.199,0.284,-0.086
2017-03-07@14:00:00,0.218,0.306,-0.087
2017-03-07@11:30:00,0.234,0.328,-0.094
2017-03-07@10:30:00,0.244,0.351,-0.107
2017-03-06@15:00:00,0.264,0.378,-0.114
2017-03-06@14:00:00,0.278,0.406,-0.128
2017-03-06@11:30:00,0.308,0.438,-0.130
2017-03-06@10:30:00,0.324,0.471,-0.147
2017-03-03@15:00:00,0.341,0.508,-0.167
2017-03-03@14:00:00,0.373,0.549,-0.177
2017-03-03@11:30:00,0.419,0.593,-0.174
2017-03-03@10:30:00,0.466,0.637,-0.171
2017-03-02@15:00:00,0.525,0.680,-0.155
2017-03-02@14:00:00,0.583,0.719,-0.135
2017-03-02@11:30:00,0.637,0.752,-0.115
2017-03-02@10:30:00,0.680,0.781,-0.102
2017-03-01@15:00:00,0.758,0.807,-0.048
2017-03-01@14:00:00,0.779,0.819,-0.040
2017-03-01@11:30:00,0.811,0.829,-0.018
2017-03-01@10:30:00,0.829,0.833,-0.004
2017-02-28@15:00:00,0.862,0.834,0.027
2017-02-28@14:00:00,0.852,0.827,0.024
2017-02-28@11:30:00,0.866,0.821,0.045
2017-02-28@10:30:00,0.878,0.810,0.068
2017-02-27@15:00:00,0.878,0.793,0.085
2017-02-27@14:00:00,0.904,0.772,0.132
2017-02-27@11:30:00,0.929,0.739,0.190
2017-02-27@10:30:00,0.926,0.691,0.235
2017-02-24@15:00:00,0.945,0.633,0.312
2017-02-24@14:00:00,0.898,0.555,0.344
2017-02-24@11:30:00,0.811,0.469,0.343
2017-02-24@10:30:00,0.689,0.383,0.306
2017-02-23@15:00:00,0.552,0.307,0.245
2017-02-23@14:00:00,0.388,0.245,0.143
2017-02-23@11:30:00,0.272,0.210,0.063
2017-02-23@10:30:00,0.273,0.194,0.080
2017-02-22@15:00:00,0.254,0.174,0.080
2017-02-22@14:00:00,0.245,0.154,0.091
2017-02-22@11:30:00,0.224,0.131,0.093
2017-02-22@10:30:00,0.212,0.108,0.104
2017-02-21@15:00:00,0.178,0.082,0.096
2017-02-21@14:00:00,0.146,0.058,0.088
2017-02-21@11:30:00,0.074,0.036,0.038
2017-02-21@10:30:00,0.049,0.026,0.022
2017-02-20@15:00:00,0.021,0.021,0.000
2017-02-20@14:00:00,0.007,0.021,-0.013
2017-02-20@11:30:00,0.003,0.024,-0.020
2017-02-20@10:30:00,-0.001,0.029,-0.030
2017-02-17@15:00:00,-0.013,0.036,-0.049
2017-02-17@14:00:00,0.008,0.049,-0.041
2017-02-17@11:30:00,0.029,0.059,-0.030
2017-02-17@10:30:00,0.040,0.066,-0.026
2017-02-16@15:00:00,0.038,0.073,-0.035
2017-02-16@14:00:00,0.044,0.081,-0.037
2017-02-16@11:30:00,0.040,0.091,-0.051
2017-02-16@10:30:00,0.045,0.103,-0.058
2017-02-15@15:00:00,0.077,0.118,-0.041
2017-02-15@14:00:00,0.101,0.128,-0.027
2017-02-15@11:30:00,0.111,0.135,-0.024
2017-02-15@10:30:00,0.118,0.141,-0.023
2017-02-14@15:00:00,0.125,0.147,-0.022
2017-02-14@14:00:00,0.125,0.152,-0.027
2017-02-14@11:30:00,0.126,0.159,-0.033
2017-02-14@10:30:00,0.137,0.167,-0.031
2017-02-13@15:00:00,0.156,0.175,-0.019
2017-02-13@14:00:00,0.163,0.180,-0.016
2017-02-13@11:30:00,0.175,0.184,-0.009
2017-02-13@10:30:00,0.177,0.186,-0.009
2017-02-10@15:00:00,0.203,0.189,0.014
2017-02-10@14:00:00,0.217,0.185,0.032
2017-02-10@11:30:00,0.231,0.177,0.054
2017-02-10@10:30:00,0.234,0.163,0.070
2017-02-09@15:00:00,0.223,0.146,0.077
2017-02-09@14:00:00,0.207,0.127,0.080
2017-02-09@11:30:00,0.204,0.107,0.097
2017-02-09@10:30:00,0.206,0.082,0.123
2017-02-08@15:00:00,0.204,0.052,0.152
2017-02-08@14:00:00,0.188,0.014,0.175
2017-02-08@11:30:00,0.168,-0.030,0.198
2017-02-08@10:30:00,0.158,-0.080,0.238
2017-02-07@15:00:00,0.137,-0.139,0.276
2017-02-07@14:00:00,0.067,-0.208,0.275
2017-02-07@11:30:00,-0.065,-0.277,0.212
2017-02-07@10:30:00,-0.225,-0.330,0.104
2017-02-06@15:00:00,-0.278,-0.356,0.077
2017-02-06@14:00:00,-0.329,-0.375,0.046
2017-02-06@11:30:00,-0.357,-0.386,0.029
2017-02-06@10:30:00,-0.399,-0.394,-0.005
2017-02-03@15:00:00,-0.414,-0.393,-0.022
2017-02-03@14:00:00,-0.414,-0.387,-0.027
2017-02-03@11:30:00,-0.400,-0.380,-0.019
2017-02-03@10:30:00,-0.377,-0.375,-0.002
2017-01-26@15:00:00,-0.360,-0.375,0.015
2017-01-26@14:00:00,-0.350,-0.379,0.029
2017-01-26@11:30:00,-0.355,-0.386,0.031
2017-01-26@10:30:00,-0.373,-0.394,0.020
2017-01-25@15:00:00,-0.380,-0.399,0.018
2017-01-25@14:00:00,-0.372,-0.403,0.032
2017-01-25@11:30:00,-0.355,-0.411,0.056
2017-01-25@10:30:00,-0.352,-0.425,0.073
2017-01-24@15:00:00,-0.351,-0.444,0.093
2017-01-24@14:00:00,-0.345,-0.467,0.122
2017-01-24@11:30:00,-0.367,-0.497,0.130
2017-01-24@10:30:00,-0.374,-0.530,0.155
2017-01-23@15:00:00,-0.417,-0.569,0.152
2017-01-23@14:00:00,-0.465,-0.606,0.141
2017-01-23@11:30:00,-0.526,-0.642,0.115
2017-01-23@10:30:00,-0.581,-0.671,0.090
2017-01-20@15:00:00,-0.632,-0.693,0.061
2017-01-20@14:00:00,-0.672,-0.708,0.036
2017-01-20@11:30:00,-0.715,-0.717,0.002
2017-01-20@10:30:00,-0.750,-0.718,-0.033
2017-01-19@15:00:00,-0.781,-0.710,-0.071
2017-01-19@14:00:00,-0.775,-0.692,-0.083
2017-01-19@11:30:00,-0.767,-0.671,-0.096
2017-01-19@10:30:00,-0.746,-0.647,-0.099
2017-01-18@15:00:00,-0.706,-0.622,-0.084
2017-01-18@14:00:00,-0.688,-0.601,-0.087
2017-01-18@11:30:00,-0.676,-0.580,-0.097
2017-01-18@10:30:00,-0.681,-0.555,-0.126
2017-01-17@15:00:00,-0.676,-0.524,-0.152
2017-01-17@14:00:00,-0.689,-0.486,-0.203
2017-01-17@11:30:00,-0.662,-0.435,-0.227
2017-01-17@10:30:00,-0.573,-0.378,-0.195
2017-01-16@15:00:00,-0.452,-0.330,-0.123
2017-01-16@14:00:00,-0.371,-0.299,-0.072
2017-01-16@11:30:00,-0.333,-0.281,-0.052
2017-01-16@10:30:00,-0.288,-0.268,-0.020
2017-01-13@15:00:00,-0.290,-0.263,-0.027
2017-01-13@14:00:00,-0.280,-0.256,-0.024
2017-01-13@11:30:00,-0.287,-0.250,-0.037
2017-01-13@10:30:00,-0.304,-0.241,-0.064
2017-01-12@15:00:00,-0.291,-0.225,-0.066
2017-01-12@14:00:00,-0.268,-0.208,-0.059
2017-01-12@11:30:00,-0.232,-0.193,-0.038
2017-01-12@10:30:00,-0.215,-0.184,-0.031
2017-01-11@15:00:00,-0.190,-0.176,-0.014
2017-01-11@14:00:00,-0.187,-0.173,-0.014
2017-01-11@11:30:00,-0.193,-0.169,-0.024
2017-01-11@10:30:00,-0.186,-0.163,-0.022
2017-01-10@15:00:00,-0.190,-0.158,-0.032
2017-01-10@14:00:00,-0.187,-0.150,-0.037
2017-01-10@11:30:00,-0.191,-0.141,-0.051
2017-01-10@10:30:00,-0.191,-0.128,-0.063
2017-01-09@15:00:00,-0.189,-0.112,-0.077
2017-01-09@14:00:00,-0.173,-0.093,-0.080
2017-01-09@11:30:00,-0.158,-0.073,-0.085
2017-01-09@10:30:00,-0.143,-0.052,-0.091
2017-01-06@15:00:00,-0.097,-0.029,-0.068
2017-01-06@14:00:00,-0.068,-0.012,-0.055
2017-01-06@11:30:00,-0.042,0.001,-0.043
2017-01-06@10:30:00,-0.012,0.012,-0.024
2017-01-05@15:00:00,0.024,0.018,0.006
2017-01-05@14:00:00,0.037,0.017,0.020
2017-01-05@11:30:00,0.037,0.012,0.026
2017-01-05@10:30:00,0.039,0.005,0.034
2017-01-04@15:00:00,0.028,-0.003,0.031
2017-01-04@14:00:00,0.017,-0.011,0.028
2017-01-04@11:30:00,0.007,-0.018,0.025
2017-01-04@10:30:00,-0.002,-0.024,0.022
2017-01-03@15:00:00,-0.019,-0.029,0.010
2017-01-03@14:00:00,-0.031,-0.032,0.001
2017-01-03@11:30:00,-0.049,-0.032,-0.017
2017-01-03@10:30:00,-0.061,-0.028,-0.033
2016-12-30@15:00:00,-0.075,-0.020,-0.055
2016-12-30@14:00:00,-0.062,-0.006,-0.057
2016-12-30@11:30:00,-0.053,0.008,-0.061
2016-12-30@10:30:00,-0.034,0.024,-0.057
2016-12-29@15:00:00,-0.002,0.038,-0.040
2016-12-29@14:00:00,0.033,0.048,-0.015
2016-12-29@11:30:00,0.045,0.051,-0.007
2016-12-29@10:30:00,0.044,0.053,-0.009
2016-12-28@15:00:00,0.056,0.055,0.001
2016-12-28@14:00:00,0.069,0.055,0.014
2016-12-28@11:30:00,0.073,0.052,0.021
2016-12-28@10:30:00,0.077,0.047,0.030
2016-12-27@15:00:00,0.076,0.039,0.037
2016-12-27@14:00:00,0.072,0.030,0.042
2016-12-27@11:30:00,0.062,0.019,0.043
2016-12-27@10:30:00,0.041,0.008,0.032
2016-12-26@15:00:00,0.013,0.000,0.013
2016-12-26@14:00:00,-0.012,-0.003,-0.009
2016-12-26@11:30:00,-0.040,-0.001,-0.039
2016-12-26@10:30:00,-0.044,0.009,-0.053
2016-12-23@15:00:00,-0.042,0.022,-0.064
2016-12-23@14:00:00,-0.018,0.038,-0.056
2016-12-23@11:30:00,0.021,0.052,-0.032
2016-12-23@10:30:00,0.055,0.060,-0.005
2016-12-22@15:00:00,0.073,0.062,0.012
2016-12-22@14:00:00,0.079,0.059,0.020
2016-12-22@11:30:00,0.070,0.054,0.016
2016-12-22@10:30:00,0.074,0.050,0.024
2016-12-21@15:00:00,0.074,0.044,0.031
2016-12-21@14:00:00,0.070,0.036,0.034
2016-12-21@11:30:00,0.061,0.027,0.034
2016-12-21@10:30:00,0.059,0.019,0.040
2016-12-20@15:00:00,0.053,0.009,0.044
2016-12-20@14:00:00,0.057,-0.002,0.059
2016-12-20@11:30:00,0.049,-0.017,0.066
2016-12-20@10:30:00,0.038,-0.033,0.071
2016-12-19@15:00:00,0.033,-0.051,0.085
2016-12-19@14:00:00,0.020,-0.072,0.093
2016-12-19@11:30:00,0.006,-0.096,0.102
2016-12-19@10:30:00,-0.020,-0.121,0.101
2016-12-16@15:00:00,-0.061,-0.146,0.085
2016-12-16@14:00:00,-0.075,-0.167,0.092
2016-12-16@11:30:00,-0.095,-0.190,0.095
2016-12-16@10:30:00,-0.117,-0.214,0.097
2016-12-15@15:00:00,-0.142,-0.238,0.097
2016-12-15@14:00:00,-0.152,-0.262,0.111
2016-12-15@11:30:00,-0.170,-0.290,0.120
2016-12-15@10:30:00,-0.230,-0.320,0.091
2016-12-14@15:00:00,-0.281,-0.343,0.062
2016-12-14@14:00:00,-0.357,-0.358,0.002
2016-12-14@11:30:00,-0.480,-0.359,-0.121
2016-12-14@10:30:00,-0.483,-0.329,-0.155
2016-12-13@15:00:00,-0.477,-0.290,-0.187
2016-12-13@14:00:00,-0.473,-0.243,-0.229
2016-12-13@11:30:00,-0.446,-0.186,-0.260
2016-12-13@10:30:00,-0.384,-0.121,-0.263
2016-12-12@15:00:00,-0.292,-0.055,-0.237
2016-12-12@14:00:00,-0.178,0.004,-0.182
2016-12-12@11:30:00,-0.098,0.049,-0.147
2016-12-12@10:30:00,-0.027,0.086,-0.113
2016-12-09@15:00:00,0.042,0.114,-0.072
2016-12-09@14:00:00,0.092,0.132,-0.040
2016-12-09@11:30:00,0.118,0.142,-0.024
2016-12-09@10:30:00,0.121,0.148,-0.027
2016-12-08@15:00:00,0.137,0.155,-0.018
2016-12-08@14:00:00,0.159,0.159,-0.000
2016-12-08@11:30:00,0.160,0.160,0.000
2016-12-08@10:30:00,0.157,0.160,-0.003
2016-12-07@15:00:00,0.153,0.160,-0.008
2016-12-07@14:00:00,0.138,0.162,-0.024
2016-12-07@11:30:00,0.123,0.168,-0.045
2016-12-07@10:30:00,0.124,0.179,-0.056
2016-12-06@15:00:00,0.132,0.193,-0.061
2016-12-06@14:00:00,0.154,0.209,-0.054
2016-12-06@11:30:00,0.152,0.222,-0.070
2016-12-06@10:30:00,0.162,0.240,-0.078
2016-12-05@15:00:00,0.163,0.259,-0.096
2016-12-05@14:00:00,0.186,0.284,-0.098
2016-12-05@11:30:00,0.217,0.308,-0.091
2016-12-05@10:30:00,0.248,0.331,-0.083
2016-12-02@15:00:00,0.291,0.352,-0.060
2016-12-02@14:00:00,0.353,0.367,-0.014
2016-12-02@11:30:00,0.410,0.370,0.040
2016-12-02@10:30:00,0.456,0.360,0.096
2016-12-01@15:00:00,0.459,0.336,0.123
2016-12-01@14:00:00,0.461,0.305,0.156
2016-12-01@11:30:00,0.441,0.266,0.175
2016-12-01@10:30:00,0.424,0.223,0.202
2016-11-30@15:00:00,0.383,0.172,0.211
2016-11-30@14:00:00,0.339,0.119,0.219
2016-11-30@11:30:00,0.277,0.064,0.212
2016-11-30@10:30:00,0.194,0.011,0.182
2016-10-13@15:00:00,0.051,-0.034,0.086
2016-10-13@14:00:00,0.039,-0.056,0.094
2016-10-13@11:30:00,0.026,-0.079,0.106
2016-10-13@10:30:00,0.009,-0.106,0.115
2016-10-12@15:00:00,-0.001,-0.134,0.133
2016-10-12@14:00:00,-0.030,-0.168,0.137
2016-10-12@11:30:00,-0.051,-0.202,0.151
2016-10-12@10:30:00,-0.083,-0.240,0.157
2016-10-11@15:00:00,-0.141,-0.279,0.138
2016-10-11@14:00:00,-0.181,-0.314,0.132
2016-10-11@11:30:00,-0.213,-0.347,0.134
2016-10-11@10:30:00,-0.249,-0.380,0.131
2016-10-10@15:00:00,-0.285,-0.413,0.128
2016-10-10@14:00:00,-0.333,-0.445,0.112
2016-10-10@11:30:00,-0.397,-0.473,0.076
2016-10-10@10:30:00,-0.489,-0.492,0.003
2016-09-30@15:00:00,-0.553,-0.493,-0.061
2016-09-30@14:00:00,-0.551,-0.478,-0.073
2016-09-30@11:30:00,-0.558,-0.459,-0.099
2016-09-30@10:30:00,-0.538,-0.435,-0.103
2016-09-29@15:00:00,-0.525,-0.409,-0.116
2016-09-29@14:00:00,-0.495,-0.380,-0.115
2016-09-29@11:30:00,-0.477,-0.351,-0.126
2016-09-29@10:30:00,-0.473,-0.320,-0.153
2016-09-28@15:00:00,-0.448,-0.281,-0.167
2016-09-28@14:00:00,-0.405,-0.240,-0.165
2016-09-28@11:30:00,-0.359,-0.198,-0.161
2016-09-28@10:30:00,-0.309,-0.158,-0.151
2016-09-27@15:00:00,-0.263,-0.121,-0.142
2016-09-27@14:00:00,nan,nan,nan
2016-09-27@11:30:00,nan,nan,nan
2016-09-27@10:30:00,nan,nan,nan
2016-09-26@15:00:00,nan,nan,nan
2016-09-26@14:00:00,nan,nan,nan
2016-09-26@11:30:00,nan,nan,nan
2016-09-26@10:30:00,nan,nan,nan
2016-09-23@15:00:00,nan,nan,nan
2016-09-23@14:00:00,nan,nan,nan
2016-09-23@11:30:00,nan,nan,nan
2016-09-23@10:30:00,nan,nan,nan
2016-09-22@15:00:00,nan,nan,nan
2016-09-22@14:00:00,nan,nan,nan
2016-09-22@11:30:00,nan,nan,nan
2016-09-22@10:30:00,nan,nan,nan
2016-09-21@15:00:00,nan,nan,nan
2016-09-21@14:00:00,nan,nan,nan
2016-09-21@11:30:00,nan,nan,nan
2016-09-21@10:30:00,nan,nan,nan
2016-09-20@15:00:00,nan,nan,nan
2016-09-20@14:00:00,nan,nan,nan
2016-09-20@11:30:00,nan,nan,nan
2016-09-20@10:30:00,nan,nan,nan
2016-09-19@15:00:00,nan,nan,nan
2016-09-19@14:00:00,nan,nan,nan
2016-09-19@11:30:00,nan,nan,nan
2016-09-19@10:30:00,nan,nan,nan
2016-09-14@15:00:00,nan,nan,nan
2016-09-14@14:00:00,nan,nan,nan
2016-09-14@11:30:00,nan,nan,nan
2016-09-14@10:30:00,nan,nan,nan
2016-09-13@15:00:00,nan,nan,nan
2016-09-13@14:00:00,nan,nan,nan
