Not
2017-06-30,-1.572,-1.047,-0.525
2017-06-23,-1.536,-0.916,-0.620
2017-06-16,-1.538,-0.761,-0.778
2017-06-09,-1.453,-0.566,-0.887
2017-06-02,-1.252,-0.345,-0.907
2017-05-26,-0.908,-0.118,-0.790
2017-05-19,-0.544,0.079,-0.624
2017-05-12,-0.413,0.235,-0.648
2017-05-05,-0.088,0.397,-0.486
2017-04-28,0.203,0.519,-0.316
2017-04-21,0.585,0.598,-0.013
2017-04-14,0.954,0.601,0.353
2017-04-07,1.095,0.513,0.582
2017-03-31,1.099,0.367,0.732
2017-03-24,1.056,0.185,0.872
2017-03-17,0.820,-0.033,0.854
2017-03-10,-0.084,-0.247,0.163
2017-03-03,-0.313,-0.288,-0.026
2017-02-24,-0.512,-0.281,-0.231
2017-02-17,-0.790,-0.223,-0.567
2017-02-10,-0.716,-0.082,-0.634
2017-02-03,-0.655,0.077,-0.731
2017-01-26,-0.404,0.260,-0.664
2017-01-20,-0.119,0.425,-0.545
2017-01-13,0.185,0.562,-0.376
2017-01-06,0.351,0.656,-0.305
2016-12-30,0.462,0.732,-0.270
2016-12-23,0.568,0.799,-0.231
2016-12-16,0.700,0.857,-0.157
2016-12-09,0.843,0.896,-0.053
2016-12-02,0.964,0.910,0.054
2016-11-25,1.113,0.896,0.217
2016-11-18,1.016,0.842,0.174
2016-11-11,0.942,0.798,0.143
2016-11-04,0.835,0.762,0.072
2016-10-28,0.802,0.744,0.058
2016-10-21,0.777,0.730,0.047
2016-10-14,0.785,0.718,0.066
2016-09-30,0.846,0.702,0.145
2016-09-23,1.047,0.666,0.382
2016-09-14,1.073,0.570,0.503
2016-09-09,1.037,0.444,0.593
2016-09-02,0.877,0.296,0.581
2016-08-26,0.548,0.151,0.397
2016-08-19,0.458,0.052,0.406
2016-08-12,0.397,-0.050,0.447
2016-08-05,0.409,-0.161,0.571
2016-07-29,0.340,-0.304,0.644
2016-07-22,0.318,-0.465,0.783
2016-07-15,0.207,-0.661,0.868
2016-07-08,-0.049,-0.878,0.829
2016-07-01,-0.310,-1.085,0.775
2016-06-24,-0.594,-1.279,0.685
2016-06-17,-0.754,-1.450,0.696
2016-06-08,-0.988,-1.624,0.636
2016-06-03,-1.196,-1.783,0.587
2016-05-27,-1.472,-1.929,0.458
2016-05-20,-1.607,-2.044,0.437
2016-05-13,-1.661,-2.153,0.492
2016-05-06,-1.681,-2.276,0.595
2016-04-29,-1.829,-2.425,0.596
2016-04-22,-1.966,-2.574,0.608
2016-04-15,-2.125,-2.726,0.601
2016-04-08,-2.450,-2.876,0.426
2016-04-01,-2.687,-2.983,0.295
2016-03-25,-2.896,-3.056,0.161
2016-03-18,-3.085,-3.097,0.012
2016-03-11,-3.277,-3.100,-0.178
2016-03-04,-3.254,-3.055,-0.199
2016-02-26,-3.172,-3.005,-0.166
2016-02-19,-3.191,-2.964,-0.227
2016-02-05,-3.234,-2.907,-0.328
2016-01-29,-3.101,-2.825,-0.276
2016-01-22,-2.824,-2.756,-0.068
2016-01-15,-2.632,-2.739,0.107
2016-01-08,-2.285,-2.765,0.480
2015-12-31,-2.066,-2.885,0.819
2015-12-25,-2.303,-3.090,0.787
2015-12-18,-2.688,-3.287,0.599
2015-12-11,-3.026,-3.437,0.410
2015-12-04,-3.248,-3.539,0.291
2015-11-27,-3.565,-3.612,0.047
2015-11-20,-3.911,-3.623,-0.288
2015-11-13,-4.491,-3.552,-0.940
2015-11-06,-4.981,-3.317,-1.665
2015-10-30,-5.303,-2.900,-2.402
2015-10-23,-5.385,-2.300,-3.085
2015-10-16,-5.444,-1.529,-3.915
2015-10-09,-5.354,-0.550,-4.804
2015-09-30,-4.959,0.651,-5.610
2015-09-25,-4.266,2.054,-6.319
2015-09-18,nan,nan,nan
2015-09-11,nan,nan,nan
2015-09-02,nan,nan,nan
2015-08-28,nan,nan,nan
2015-08-21,nan,nan,nan
2015-08-14,nan,nan,nan
2015-07-07,nan,nan,nan
2015-07-03,nan,nan,nan
2015-06-26,nan,nan,nan
2015-06-19,nan,nan,nan
2015-06-12,nan,nan,nan
2015-06-05,nan,nan,nan
2015-05-29,nan,nan,nan
2015-05-22,nan,nan,nan
2015-05-15,nan,nan,nan
2015-05-08,nan,nan,nan
2015-04-30,nan,nan,nan
2015-04-24,nan,nan,nan
2014-11-07,nan,nan,nan
2014-10-31,nan,nan,nan
2014-10-24,nan,nan,nan
2014-10-17,nan,nan,nan
2014-10-10,nan,nan,nan
2014-09-30,nan,nan,nan
2014-09-26,nan,nan,nan
2014-09-19,nan,nan,nan
2014-09-12,nan,nan,nan
2014-09-05,nan,nan,nan
2014-08-29,nan,nan,nan
2014-08-22,nan,nan,nan
2014-08-15,nan,nan,nan
2014-08-08,nan,nan,nan
2014-08-01,nan,nan,nan
