date,open,high,close,low,volume,price_change,p_change,ma5,ma10,ma20,v_ma5,v_ma10,v_ma20,turnover
2017-01-06 15:00:00,47.28,47.59,46.74,46.73,21969.5,-0.54,-1.14,48.404,49.612,49.289,18886.9,20184.8,22129.1,5.86
2017-01-06 14:30:00,49.0,49.0,47.26,46.72,37230.5,-1.74,-3.55,49.11,50.129,49.3425,16476.8,20246.3,21459.1,9.93
2017-01-06 14:00:00,49.15,49.64,49.0,48.54,14171.0,-0.15,-0.31,49.66,50.434,49.3715,12493.3,18567.7,21024.6,3.78
2017-01-06 13:30:00,49.86,50.0,49.15,49.11,9504.0,-0.71,-1.42,49.86,50.494,49.389,23577.4,18067.4,21823.5,2.53
2017-01-06 11:30:00,50.25,50.7,49.87,49.31,11559.7,-0.38,-0.76,50.412,50.549,49.459,22696.3,20290.8,24179.2,3.08
2017-01-06 11:00:00,50.01,51.05,50.27,49.86,9919.0,0.26,0.52,50.82,50.482,49.398,21482.7,25122.8,24606.2,2.65
2017-01-06 10:30:00,50.0,51.5,50.01,49.55,17312.6,0.01,0.02,51.148,50.264,49.307,24015.8,28556.0,24577.1,4.62
2017-01-06 10:00:00,51.66,53.0,50.0,49.2,69591.6,-1.66,-3.21,51.208,49.983,49.2385,24642.1,28962.2,24187.0,18.56
2017-01-05 15:00:00,51.91,51.91,51.91,51.91,5098.52,0.0,0.0,51.128,49.734,49.233,12557.3,23630.3,21391.3,1.36
2017-01-05 14:30:00,51.91,51.91,51.91,51.91,5491.6,0.0,0.0,50.686,49.383,49.1195,17885.3,23952.5,21974.8,1.46
2017-01-05 14:00:00,50.38,51.91,51.91,50.32,22584.5,1.53,3.04,50.144,48.966,48.9805,28763.0,24073.4,22995.6,6.02
2017-01-05 13:30:00,49.72,51.4,50.31,49.72,20444.5,0.59,1.19,49.38,48.556,48.7815,33096.2,22671.8,23689.2,5.45
2017-01-05 11:30:00,49.75,50.0,49.6,49.22,9167.5,-0.15,-0.3,48.758,48.309,48.5455,33282.3,23481.4,24516.6,2.44
2017-01-05 11:00:00,49.1,51.0,49.7,48.65,31738.6,0.6,1.22,48.34,48.284,48.396,34703.2,25579.7,24935.8,8.46
2017-01-05 10:30:00,48.0,49.96,49.2,47.68,59880.0,1.2,2.5,48.08,48.369,48.305,30019.7,28067.6,23997.8,15.97
2017-01-05 10:00:00,46.33,48.09,48.09,45.28,44250.6,1.76,3.8,47.788,48.314,48.225,19383.9,24089.6,21406.7,11.8
2017-01-04 15:00:00,47.5,47.62,47.2,46.92,21374.8,-0.3,-0.63,47.732,48.35,48.2245,12247.4,20598.2,19562.4,5.7
2017-01-04 14:30:00,48.42,48.5,47.51,47.0,16272.0,-0.91,-1.88,47.86,48.494,48.253,13680.5,19411.9,19137.9,4.34
2017-01-04 14:00:00,47.7,48.55,48.4,47.32,8321.0,0.7,1.47,48.228,48.732,48.2825,16456.1,19152.4,20168.9,2.22
2017-01-04 13:30:00,47.81,48.19,47.74,47.21,6701.0,-0.07,-0.15,48.658,48.856,48.228,26115.6,19997.1,20950.6,1.79
2017-01-04 11:30:00,47.83,48.47,47.81,47.43,8568.0,-0.02,-0.04,48.84,48.995,48.196,28795.3,21917.8,23848.1,2.28
2017-01-04 11:00:00,49.37,49.37,47.84,46.76,28540.5,-1.53,-3.1,48.968,49.007,48.0495,28949.1,24706.7,24620.9,7.61
2017-01-04 10:30:00,50.52,51.4,49.35,49.01,30150.2,-1.17,-2.32,49.128,48.782,47.875,25143.2,25551.7,23663.2,8.04
2017-01-04 10:00:00,48.03,51.7,50.55,47.7,56618.2,2.52,5.25,49.236,48.508,47.6025,21848.6,24292.0,22939.7,15.1
2017-01-03 15:00:00,48.44,48.95,48.65,47.8,20099.8,0.21,0.43,49.054,48.241,47.295,13878.6,19928.0,20486.9,5.36
2017-01-03 14:30:00,48.64,49.15,48.45,48.28,9336.81,-0.19,-0.39,49.15,48.136,47.104,15040.3,18723.7,20216.1,2.49
2017-01-03 14:00:00,49.86,49.9,48.64,48.21,9511.0,-1.22,-2.45,49.046,48.099,46.9495,20464.2,18526.6,20839.3,2.54
2017-01-03 13:30:00,49.65,50.5,49.89,49.01,13677.0,0.24,0.48,48.436,48.012,46.746,25960.3,18863.9,21092.5,3.65
2017-01-03 11:30:00,49.1,50.48,49.64,48.84,16768.2,0.54,1.1,47.78,47.833,46.4945,26735.4,21185.5,22651.0,4.47
2017-01-03 11:00:00,48.0,49.86,49.13,47.52,25908.7,1.13,2.35,47.428,47.6,46.171,25977.5,21904.1,23129.8,6.91
2017-01-03 10:30:00,45.57,48.7,47.93,45.54,36456.2,2.36,5.18,47.122,47.397,45.9155,22407.1,25778.3,22429.1,9.72
2017-01-03 10:00:00,45.5,46.54,45.59,45.24,36991.3,0.09,0.2,47.152,47.092,45.7175,16588.9,24535.2,21051.9,9.86
2016-12-30 15:00:00,47.9,48.19,46.61,46.27,17552.8,-1.29,-2.69,47.588,46.968,45.643,11767.5,21774.7,19564.9,4.68
2016-12-30 14:30:00,47.5,47.96,47.88,46.36,12978.3,0.38,0.8,47.886,46.697,45.5275,15635.6,21587.4,19149.0,3.46
2016-12-30 14:00:00,48.05,48.4,47.6,47.19,8057.0,-0.45,-0.94,47.772,46.349,45.3405,17830.7,21045.8,19374.6,2.15
2016-12-30 13:30:00,47.76,48.46,48.08,47.65,7365.11,0.32,0.67,47.672,46.072,45.1995,29149.6,21708.4,20243.3,1.96
2016-12-30 11:30:00,48.08,48.25,47.77,47.13,12884.2,-0.31,-0.64,47.032,45.8,45.012,32481.4,23152.0,23238.5,3.44
2016-12-30 11:00:00,47.36,48.96,48.1,46.95,36893.4,0.74,1.56,46.348,45.48,44.9505,31782.0,23321.2,23078.1,9.84
2016-12-30 10:30:00,47.02,47.31,47.31,46.31,23954.0,0.29,0.62,45.508,45.156,44.8725,27539.2,24116.5,22814.2,6.39
2016-12-30 10:00:00,44.0,47.8,47.1,44.0,64651.2,3.1,7.05,44.926,44.742,44.78,24260.8,24355.4,22517.8,17.24
2016-12-29 15:00:00,44.35,44.91,44.88,43.65,24024.4,0.53,1.2,44.472,44.434,44.63,14267.2,19079.8,19925.7,6.41
2016-12-29 14:30:00,43.89,44.49,44.35,43.82,9387.0,0.46,1.05,44.568,44.343,44.5725,13822.5,17568.7,19361.6,2.5
2016-12-29 14:00:00,44.38,44.4,43.9,43.59,15679.3,-0.48,-1.08,44.612,44.318,44.5295,14860.4,17355.0,19690.8,4.18
2016-12-29 13:30:00,44.85,45.14,44.4,44.4,7562.03,-0.45,-1.0,44.804,44.358,44.501,20693.8,16710.6,21659.9,2.02
2016-12-29 11:30:00,45.37,46.0,44.83,44.81,14683.5,-0.54,-1.19,44.558,44.332,44.3595,24450.0,17703.5,25073.2,3.92
2016-12-29 11:00:00,44.53,45.6,45.36,44.41,21800.5,0.83,1.86,44.396,44.327,44.2335,23892.4,18778.2,24634.8,5.81
2016-12-29 10:30:00,44.84,44.84,44.57,44.16,14576.5,-0.27,-0.6,44.118,44.224,44.081,21315.0,23325.0,23695.0,3.89
2016-12-29 10:00:00,42.96,44.93,44.86,42.96,44846.7,1.9,4.42,44.024,44.421,43.968,19849.6,22835.0,23436.7,11.96
2016-12-28 15:00:00,44.02,44.1,43.17,43.1,26343.0,-0.85,-1.93,43.912,44.589,43.842,12727.3,21511.9,21958.9,7.02
2016-12-28 14:30:00,43.96,44.65,44.02,43.89,11895.5,0.06,0.14,44.106,44.818,43.8,10956.9,20680.2,21631.3,3.17
2016-12-28 14:00:00,44.12,44.4,43.97,43.9,8913.03,-0.15,-0.34,44.258,44.826,43.744,13663.9,20771.6,21604.6,2.38
2016-12-28 13:30:00,44.32,44.8,44.1,44.07,7250.0,-0.22,-0.5,44.33,44.802,43.698,25335.0,21154.6,22221.7,1.93
2016-12-28 11:30:00,44.12,44.79,44.3,43.91,9235.0,0.18,0.41,44.818,44.741,43.654,25820.3,22026.6,23535.2,2.46
2016-12-28 11:00:00,44.8,45.15,44.14,43.86,17491.1,-0.66,-1.47,45.266,44.644,43.8135,30296.6,26609.3,23699.1,4.66
2016-12-28 10:30:00,44.33,45.8,44.78,44.31,25430.5,0.45,1.02,45.53,44.387,43.8805,30403.4,32443.0,23209.1,6.78
2016-12-28 10:00:00,43.89,44.79,44.33,43.47,67268.6,0.44,1.0,45.394,44.14,43.843,27879.3,30491.4,22463.1,17.94
2016-12-27 15:00:00,46.54,46.54,46.54,46.42,9676.48,0.0,0.0,45.274,43.938,43.9225,16974.1,24065.0,19227.1,2.58
2016-12-27 14:30:00,45.46,46.54,46.54,45.41,31616.1,1.08,2.38,44.664,43.515,43.927,18232.9,24038.4,19159.1,8.43
2016-12-27 14:00:00,44.13,45.64,45.46,43.92,18025.4,1.33,3.01,44.022,43.095,43.9635,22922.0,22405.9,17735.6,4.81
2016-12-27 13:30:00,43.73,44.46,44.1,43.51,12810.0,0.37,0.85,43.244,42.782,44.0305,34482.6,22582.4,17518.3,3.42
2016-12-27 11:30:00,43.49,44.1,43.73,43.2,12742.5,0.24,0.55,42.886,42.662,44.16,33103.4,22437.5,18477.4,3.4
2016-12-27 11:00:00,43.37,43.76,43.49,43.08,15970.3,0.12,0.28,42.602,42.594,44.3985,31155.9,23288.8,17867.5,4.26
2016-12-27 10:30:00,41.61,43.9,43.33,41.35,55062.0,1.72,4.13,42.366,42.567,44.649,29843.9,25043.9,17082.6,14.68
2016-12-27 10:00:00,41.69,42.78,41.57,41.33,75828.2,-0.12,-0.29,42.168,42.983,44.9075,21889.7,20788.9,14340.1,20.22
2016-12-26 15:00:00,42.31,42.31,42.31,42.31,5914.0,0.0,0.0,42.32,43.374,45.254,10682.3,13975.1,10566.0,1.58
2016-12-26 14:30:00,42.31,42.31,42.31,42.31,3005.0,0.0,0.0,42.438,43.546,45.5635,11771.7,14434.9,10290.5,0.8
2016-12-26 14:00:00,42.34,42.58,42.31,42.31,9410.18,-0.03,-0.07,42.586,43.907,45.873,15421.6,14389.3,10166.0,2.51
2016-12-26 13:30:00,42.36,43.05,42.34,42.31,15291.2,-0.02,-0.05,42.768,44.339,46.1825,20243.9,14279.7,9761.01,4.08
2016-12-26 11:30:00,42.9,42.99,42.33,42.31,19790.9,-0.57,-1.33,43.798,44.832,46.4905,19688.0,13065.4,11212.6,5.28
2016-12-26 11:00:00,43.23,43.7,42.9,42.57,11361.2,-0.33,-0.76,44.428,45.279,47.0745,17268.0,12454.2,11505.8,3.03
2016-12-26 10:30:00,43.21,44.36,43.05,42.36,21254.7,-0.16,-0.37,44.654,45.658,47.58,17098.1,14517.3,11731.9,5.67
2016-12-26 10:00:00,44.98,45.75,43.22,43.0,33521.6,-1.76,-3.91,45.228,46.203,47.9125,13356.9,12446.3,11065.3,8.94
2016-12-23 15:00:00,45.5,47.5,47.49,44.55,12511.8,1.99,4.37,45.91,46.731,48.224,8315.57,9121.36,10025.7,3.34
2016-12-23 14:30:00,44.01,45.8,45.48,43.8,7690.88,1.47,3.34,45.866,46.832,48.3495,6442.8,7891.38,9683.25,2.05
2016-12-23 14:00:00,45.96,46.3,44.03,44.03,10511.7,-1.93,-4.2,46.13,47.134,48.616,7640.3,7156.79,9796.17,2.8
2016-12-23 13:30:00,46.6,47.0,45.92,45.81,2548.5,-0.68,-1.46,46.662,47.581,48.9195,11936.4,6146.02,9858.43,0.68
2016-12-23 11:30:00,47.27,47.96,46.63,46.38,8314.99,-0.64,-1.35,47.178,47.839,49.0985,11535.7,5942.67,11145.8,2.22
2016-12-23 11:00:00,46.8,48.0,47.27,46.71,3147.91,0.47,1.0,47.552,48.026,49.2425,9927.14,5242.27,10889.1,0.84
2016-12-23 10:30:00,46.79,48.51,46.8,46.26,13678.4,0.01,0.02,47.798,48.149,49.3545,9339.96,9359.68,11121.1,3.65
2016-12-23 10:00:00,44.59,48.49,46.69,44.59,31992.4,2.1,4.71,48.138,48.87,49.4885,6673.27,10557.3,10697.0,8.53
2016-12-22 15:00:00,48.5,48.5,48.5,48.5,545.0,0.0,0.0,48.5,49.502,49.5895,355.6,8946.5,9511.13,0.15
2016-12-22 14:30:00,48.5,48.5,48.5,48.5,272.0,0.0,0.0,48.5,49.622,49.64,349.6,9684.33,9644.35,0.07
2016-12-22 14:00:00,48.5,48.5,48.5,48.5,212.0,0.0,0.0,48.5,49.717,49.6895,557.4,10930.1,10578.7,0.06
2016-12-22 13:30:00,48.5,48.5,48.5,48.5,345.0,0.0,0.0,48.5,49.867,49.709,9379.4,11475.1,11823.7,0.09
2016-12-22 11:30:00,48.5,48.5,48.5,48.5,404.0,0.0,0.0,49.602,50.098,49.7025,14441.4,12435.5,14983.9,0.11
2016-12-22 11:00:00,48.5,48.5,48.5,48.5,515.0,0.0,0.0,50.504,50.258,49.528,17537.4,13570.8,15182.4,0.14
2016-12-22 10:30:00,48.5,48.5,48.5,48.5,1311.0,0.0,0.0,50.744,50.358,49.3535,19019.1,16348.9,15292.9,0.35
2016-12-22 10:00:00,52.0,52.22,48.5,48.5,44322.0,-3.5,-6.73,50.934,50.459,49.179,21302.7,16535.9,15706.4,11.82
2016-12-21 15:00:00,53.0,54.01,54.01,51.0,25655.1,1.01,1.91,51.234,50.56,49.0045,13570.8,12882.5,14393.0,6.84
2016-12-21 14:30:00,49.68,53.01,53.01,48.8,15883.9,3.33,6.7,50.594,50.107,48.5175,10429.7,10836.8,13302.7,4.24
2016-12-21 14:00:00,49.45,51.06,49.7,48.77,7923.33,0.25,0.51,50.012,49.677,48.0635,9604.28,10075.8,13144.1,2.11
2016-12-21 13:30:00,49.97,52.0,49.45,48.65,12729.3,-0.52,-1.04,49.972,49.658,47.8135,13678.8,9604.37,8577.13,3.39
2016-12-21 11:30:00,50.72,50.97,50.0,49.8,5662.5,-0.72,-1.42,49.984,49.662,47.387,11769.0,10227.3,17954.3,1.51
2016-12-21 11:00:00,50.18,51.5,50.81,49.7,9949.28,0.63,1.26,49.886,49.551,46.933,12194.2,12172.3,17922.7,2.65
2016-12-21 10:30:00,49.5,50.98,50.1,48.59,11757.0,0.6,1.21,49.62,49.307,46.4385,11243.8,17532.3,18233.2,3.14
2016-12-21 10:00:00,50.5,51.29,49.5,47.0,28295.9,-1.0,-1.98,49.342,48.798,45.974,10547.2,16794.1,19998.5,7.55
2016-12-20 15:00:00,49.51,49.51,49.51,49.5,3180.5,0.0,0.0,49.344,48.349,45.382,5529.95,14236.8,23023.4,0.85
2016-12-20 14:30:00,49.48,49.51,49.51,49.43,7788.2,0.03,0.06,49.34,47.899,44.6465,8685.57,14877.0,23104.6,2.08
2016-12-20 14:00:00,48.78,49.51,49.48,48.7,5197.6,0.7,1.44,49.216,47.449,43.9345,12150.4,15903.5,23924.5,1.39
2016-12-20 13:30:00,49.41,49.48,48.71,48.7,8273.95,-0.7,-1.42,48.994,46.928,43.2475,23820.7,15768.6,23980.7,2.21
2016-12-20 11:30:00,49.5,49.51,49.51,49.48,3209.5,0.01,0.02,48.254,46.45,42.6415,23040.9,16212.4,23948.1,0.86
2016-12-20 11:00:00,48.89,49.51,49.49,48.81,18958.6,0.6,1.23,47.354,45.969,42.0295,22943.7,7549.89,24046.0,5.06
2016-12-20 10:30:00,48.28,49.5,48.89,47.6,25112.5,0.61,1.26,46.458,45.112,41.423,21068.4,25681.2,24637.9,6.7
2016-12-20 10:00:00,44.2,49.0,48.37,44.2,63549.0,4.17,9.43,45.682,44.315,40.793,19656.6,23673.1,23740.7,16.95
2016-12-19 15:00:00,45.01,45.01,45.01,45.0,4374.8,0.0,0.0,44.862,43.57,40.2045,7716.44,18934.1,20711.5,1.17
2016-12-19 14:30:00,45.01,45.01,45.01,44.98,2723.81,0.0,0.0,44.646,43.15,39.756,9383.92,23202.9,20508.7,0.73
2016-12-19 14:00:00,45.01,45.01,45.01,44.96,9581.81,0.0,0.0,44.584,42.415,39.298,-7843.96,31810.0,20411.3,2.56
2016-12-19 13:30:00,44.28,45.01,45.01,44.28,18053.6,0.73,1.65,43.766,41.394,38.845,30294.1,31332.3,19970.9,4.81
2016-12-19 11:30:00,43.93,44.5,44.27,43.9,3848.18,0.34,0.77,42.948,40.42,38.39,27689.6,31945.5,19135.8,1.03
2016-12-19 11:00:00,44.6,44.82,43.93,43.49,12712.2,-0.67,-1.5,42.278,39.567,37.9535,30151.8,32192.8,19007.0,3.39
2016-12-19 10:30:00,40.92,45.01,44.7,40.92,-83415.6,3.78,9.24,41.654,38.833,37.528,37021.9,31683.8,18409.0,-22.24
2016-12-19 10:00:00,40.92,40.92,40.92,40.92,200272.0,0.0,0.0,40.246,38.09,37.0695,71463.9,40542.1,22612.7,53.41
2016-12-16 15:00:00,40.92,40.92,40.92,40.92,5031.04,0.0,0.0,39.022,37.734,36.8,32370.4,23594.7,12626.5,1.34
2016-12-16 14:30:00,40.81,40.92,40.92,40.66,16159.6,0.11,0.27,37.892,37.271,36.5245,36201.4,23808.3,12398.4,4.31
2016-12-16 14:00:00,37.8,40.92,40.81,37.75,47062.4,3.01,7.96,36.856,36.839,36.2425,34233.7,22488.9,11607.5,12.55
2016-12-16 13:30:00,34.8,37.96,37.66,34.8,88794.4,2.86,8.22,36.012,36.362,35.9615,26345.8,17814.5,9285.2,23.68
2016-12-16 11:30:00,35.27,35.28,34.8,34.73,4804.75,-0.47,-1.33,35.934,36.181,35.858,9620.25,9012.73,5014.67,1.28
2016-12-16 11:00:00,35.77,35.77,35.27,34.06,24185.8,-0.5,-1.4,36.446,36.296,35.87,14818.9,8609.46,4808.19,6.45
2016-12-16 10:30:00,36.59,36.6,35.74,35.74,6321.0,-0.85,-2.32,36.65,36.36,35.8595,11415.2,6326.03,3630.0,1.69
2016-12-16 10:00:00,36.8,37.0,36.59,36.5,7623.1,-0.21,-0.57,36.822,36.34,35.813,10744.2,5821.24,3370.65,2.03
2016-12-15 15:00:00,37.32,37.36,37.27,37.01,5166.58,-0.05,-0.13,36.712,36.223,35.715,9283.11,5134.15,3023.3,1.38
2016-12-15 14:30:00,36.29,37.39,37.36,36.15,30797.9,1.07,2.95,36.428,36.049,35.5905,8405.22,4683.27,2823.12,8.21
2016-12-15 14:00:00,36.6,36.69,36.29,36.26,7167.24,-0.31,-0.85,36.146,35.866,35.4495,2400.04,1658.38,1313.52,1.91
2016-12-15 13:30:00,36.04,36.79,36.6,35.99,2966.31,0.56,1.55,36.07,35.778,35.382,1236.89,988.59,998.66,0.79
2016-12-15 11:30:00,35.85,36.06,36.04,35.85,317.5,0.19,0.53,35.858,35.646,35.3015,898.26,726.01,981.15,0.08
2016-12-15 11:00:00,35.95,36.0,35.85,35.82,777.16,-0.1,-0.28,35.734,35.561,35.262,985.19,755.94,1297.02,0.21
2016-12-15 10:30:00,35.91,36.01,35.95,35.9,772.0,0.04,0.11,35.67,35.535,35.2745,961.32,1016.6,1328.1,0.21
2016-12-15 10:00:00,35.7,36.01,35.91,35.7,1351.5,0.21,0.59,35.586,35.444,35.2845,916.72,1006.92,1421.95,0.36
2016-12-14 15:00:00,35.42,35.67,35.54,35.3,1273.13,0.12,0.34,35.486,35.359,35.3195,740.28,933.97,1410.65,0.34
2016-12-14 14:30:00,35.53,35.55,35.42,35.31,752.14,-0.11,-0.31,35.434,35.286,35.3785,553.76,920.06,1426.45,0.2
2016-12-14 14:00:00,35.53,35.66,35.53,35.53,657.84,0.0,0.0,35.388,35.207,35.4515,526.7,912.45,1441.12,0.18
2016-12-14 13:30:00,35.43,35.77,35.53,35.39,549.0,0.1,0.28,35.4,35.132,35.5235,1071.88,962.97,1476.99,0.15
2016-12-14 11:30:00,35.28,35.42,35.41,35.21,469.31,0.13,0.37,35.302,35.033,35.5945,1097.11,968.67,1485.75,0.13
2016-12-14 11:00:00,35.19,35.3,35.28,35.18,340.5,0.09,0.26,35.232,34.986,35.6855,1127.65,1008.74,1533.51,0.09
2016-12-14 10:30:00,35.59,35.59,35.19,35.19,616.84,-0.4,-1.12,35.138,34.957,35.785,1286.37,1236.29,1545.55,0.16
2016-12-14 10:00:00,35.48,35.98,35.59,35.19,3383.75,0.11,0.31,35.026,34.963,35.904,1298.21,1838.1,1528.71,0.9
2016-12-13 15:00:00,35.06,35.1,35.04,34.97,675.15,-0.02,-0.06,34.864,35.014,36.0035,854.06,1639.61,1370.72,0.18
2016-12-13 14:30:00,34.81,35.09,35.06,34.81,622.0,0.25,0.72,34.764,35.125,36.1265,840.23,1836.99,1357.11,0.17
2016-12-13 14:00:00,34.63,34.9,34.81,34.63,1134.11,0.18,0.52,34.74,35.28,36.251,889.83,1887.34,1348.06,0.3
2016-12-13 13:30:00,34.72,34.82,34.63,34.59,676.03,-0.09,-0.26,34.776,35.471,36.3895,1186.2,1932.84,1329.81,0.18
2016-12-13 11:30:00,34.53,34.78,34.78,34.45,1162.99,0.25,0.72,34.9,35.696,36.532,2378.0,1969.78,1386.55,0.31
2016-12-13 11:00:00,34.94,34.94,34.54,34.54,606.0,-0.4,-1.14,35.164,35.915,36.668,2425.16,1991.02,1409.39,0.16
2016-12-13 10:30:00,34.99,34.99,34.94,34.8,870.0,-0.05,-0.14,35.486,36.156,36.8255,2833.76,2002.83,1420.4,0.23
2016-12-13 10:00:00,34.8,35.1,34.99,34.54,2616.0,0.19,0.55,35.82,36.385,36.963,2884.86,2058.28,1391.8,0.7
2016-12-12 15:00:00,36.06,36.11,35.25,33.41,6635.0,-0.81,-2.25,36.166,36.613,37.1005,2679.47,1854.8,1293.87,1.77
2016-12-12 14:30:00,36.12,36.39,36.1,36.04,1398.78,-0.02,-0.06,36.492,36.845,37.2225,1561.57,1219.31,983.92,0.37
2016-12-12 14:00:00,36.61,36.61,36.15,36.01,2649.0,-0.46,-1.26,36.666,36.993,37.308,1556.88,1101.83,939.08,0.71
2016-12-12 13:30:00,36.72,36.72,36.61,36.6,1125.5,-0.11,-0.3,36.826,37.128,37.394,1171.9,877.23,828.23,0.3
2016-12-12 11:30:00,36.88,37.01,36.72,36.7,1589.07,-0.16,-0.43,36.95,37.222,37.4515,1231.7,808.78,839.31,0.42
2016-12-12 11:00:00,36.97,37.05,36.88,36.85,1045.48,-0.09,-0.24,37.06,37.308,37.517,1030.14,726.77,822.39,0.28
2016-12-12 10:30:00,36.95,37.09,36.97,36.8,1375.37,0.02,0.05,37.198,37.368,37.573,877.05,803.33,793.62,0.37
2016-12-12 10:00:00,37.31,37.31,36.95,36.95,724.08,-0.36,-0.96,37.32,37.421,37.623,646.78,827.77,763.09,0.19
2016-12-09 15:00:00,37.27,37.27,37.23,37.0,1424.49,-0.04,-0.11,37.43,37.495,37.6745,582.56,837.98,754.8,0.38
2016-12-09 14:30:00,37.57,37.57,37.27,37.16,581.28,-0.3,-0.8,37.494,37.541,37.708,385.86,725.32,692.83,0.16
2016-12-09 14:00:00,37.58,37.61,37.57,37.51,280.04,-0.01,-0.03,37.556,37.588,37.743,423.41,732.94,690.77,0.07
2016-12-09 13:30:00,37.5,37.63,37.58,37.5,224.0,0.08,0.21,37.538,37.6,37.753,729.6,748.53,698.06,0.06
2016-12-09 11:30:00,37.55,37.55,37.5,37.39,403.0,-0.05,-0.13,37.522,37.623,37.768,1008.75,776.33,742.63,0.11
2016-12-09 11:00:00,37.58,37.69,37.55,37.51,441.0,-0.03,-0.08,37.56,37.66,37.792,1093.4,779.23,792.44,0.12
2016-12-09 10:30:00,37.48,37.71,37.58,37.48,769.0,0.1,0.27,37.588,37.681,37.814,1064.78,869.83,837.56,0.21
2016-12-09 10:00:00,37.5,37.5,37.48,37.18,1811.01,-0.02,-0.05,37.62,37.726,37.835,1042.47,918.0,842.31,0.48
2016-12-08 15:00:00,37.69,37.69,37.5,37.47,1619.76,-0.19,-0.5,37.662,37.778,37.8565,767.46,783.92,795.45,0.43
2016-12-08 14:30:00,37.69,37.72,37.69,37.65,826.22,0.0,0.0,37.724,37.825,37.8725,543.9,698.42,731.28,0.22
2016-12-08 14:00:00,37.74,37.78,37.69,37.66,297.9,-0.05,-0.13,37.76,37.854,37.8755,465.06,671.62,729.62,0.08
2016-12-08 13:30:00,37.7,37.74,37.74,37.62,657.45,0.04,0.11,37.774,37.875,37.881,674.88,660.33,757.48,0.18
2016-12-08 11:30:00,37.76,37.8,37.69,37.67,435.95,-0.07,-0.19,37.832,37.898,37.885,793.53,648.59,779.55,0.12
2016-12-08 11:00:00,37.87,37.87,37.81,37.7,502.0,-0.06,-0.16,37.894,37.906,37.873,800.38,647.6,804.91,0.13
2016-12-08 10:30:00,37.76,37.94,37.87,37.75,432.0,0.11,0.29,37.926,37.913,37.8545,852.93,708.93,804.32,0.12
2016-12-08 10:00:00,38.15,38.15,37.76,37.67,1347.0,-0.39,-1.02,37.948,37.924,37.831,878.18,805.65,797.67,0.36
2016-12-07 15:00:00,38.0,38.05,38.03,37.94,1250.68,0.03,0.08,37.976,37.947,37.8165,645.78,805.3,743.79,0.33
2016-12-07 14:30:00,37.97,38.05,38.0,37.93,470.22,0.03,0.08,37.964,37.944,37.7825,503.66,766.61,699.69,0.13
2016-12-07 14:00:00,37.98,38.05,37.97,37.92,764.74,-0.01,-0.03,37.918,37.935,37.749,494.81,806.98,710.98,0.2
2016-12-07 13:30:00,37.93,38.01,37.98,37.87,558.26,0.05,0.13,37.9,37.92,37.7245,564.92,764.15,705.02,0.15
2016-12-07 11:30:00,37.97,37.97,37.9,37.86,185.0,-0.07,-0.18,37.9,37.897,37.7005,733.11,787.63,798.43,0.05
2016-12-07 11:00:00,37.77,38.0,37.97,37.76,540.06,0.2,0.53,37.918,37.887,37.6805,964.81,854.63,909.52,0.14
2016-12-07 10:30:00,37.88,37.9,37.77,37.74,426.0,-0.11,-0.29,37.924,37.872,37.6345,1029.57,910.51,987.93,0.11
2016-12-07 10:00:00,37.81,38.12,37.88,37.61,1115.3,0.07,0.19,37.952,37.84,37.61,1119.14,962.21,1026.9,0.3
2016-12-06 15:00:00,37.99,38.05,37.98,37.95,1399.2,-0.01,-0.03,37.94,37.796,37.584,963.38,899.71,1038.58,0.37
2016-12-06 14:30:00,38.0,38.17,37.99,37.98,1343.5,-0.01,-0.03,37.894,37.738,37.5585,842.14,789.69,1028.05,0.36
2016-12-06 14:00:00,37.9,38.08,38.0,37.87,863.84,0.1,0.26,37.856,37.686,37.538,744.44,682.29,1044.03,0.23
2016-12-06 13:30:00,37.82,37.97,37.91,37.81,873.85,0.09,0.24,37.82,37.621,37.528,791.46,632.78,1066.51,0.23
2016-12-06 11:30:00,37.75,37.82,37.82,37.7,336.5,0.07,0.19,37.728,37.563,37.524,805.29,614.99,1062.77,0.09
2016-12-06 11:00:00,37.8,37.86,37.75,37.75,793.0,-0.05,-0.13,37.652,37.529,37.5315,836.04,645.89,1093.11,0.21
2016-12-06 10:30:00,37.82,37.82,37.8,37.75,855.0,-0.02,-0.05,37.582,37.504,37.542,737.24,809.23,1085.98,0.23
2016-12-06 10:00:00,37.75,37.82,37.82,37.68,1098.95,0.07,0.19,37.516,37.474,37.5485,620.15,964.41,1073.68,0.29
2016-12-05 15:00:00,37.44,37.49,37.45,37.38,943.0,0.01,0.03,37.422,37.397,37.555,474.09,1065.35,1060.21,0.25
2016-12-05 14:30:00,37.4,37.5,37.44,37.38,490.27,0.04,0.11,37.398,37.38,37.5825,424.69,1091.58,1033.32,0.13
2016-12-05 14:00:00,37.47,37.5,37.4,37.35,298.99,-0.07,-0.19,37.406,37.372,37.617,455.74,1177.44,1044.49,0.08
2016-12-05 13:30:00,37.35,37.5,37.47,37.32,269.52,0.12,0.32,37.426,37.379,37.657,881.21,1266.41,1140.54,0.07
2016-12-05 11:30:00,37.33,37.35,37.35,37.32,368.68,0.02,0.05,37.432,37.39,37.683,1308.67,1405.77,1182.79,0.1
2016-12-05 11:00:00,37.48,37.49,37.33,37.33,696.0,-0.15,-0.4,37.372,37.435,37.7135,1656.61,1500.24,1225.83,0.19
2016-12-05 10:30:00,37.5,37.5,37.48,37.4,645.5,-0.02,-0.05,37.362,37.485,37.7455,1758.47,1510.54,1225.38,0.17
2016-12-05 10:00:00,37.18,37.7,37.5,36.72,2426.37,0.32,0.86,37.338,37.534,37.775,1899.14,1540.33,1211.11,0.65
2016-12-02 15:00:00,37.05,37.5,37.5,37.0,2406.79,0.45,1.21,37.332,37.58,37.8005,1651.6,1362.73,1122.46,0.64
2016-12-02 14:30:00,37.28,37.28,37.05,37.05,2108.4,-0.23,-0.62,37.348,37.623,37.8285,1502.88,1182.95,1026.05,0.56
2016-12-02 14:00:00,37.36,37.43,37.28,37.25,1205.3,-0.08,-0.21,37.498,37.713,37.881,1343.87,1055.06,945.34,0.32
2016-12-02 13:30:00,37.43,37.44,37.36,37.24,1348.84,-0.07,-0.19,37.608,37.785,37.933,1262.61,975.06,971.38,0.36
2016-12-02 11:30:00,37.58,37.75,37.47,37.47,1188.68,-0.11,-0.29,37.73,37.862,37.9555,1181.51,911.55,1033.78,0.32
2016-12-02 11:00:00,37.8,37.88,37.58,37.5,1663.18,-0.22,-0.58,37.828,37.935,38.0025,1073.85,1014.67,1348.63,0.44
2016-12-02 10:30:00,37.84,37.96,37.8,37.8,1313.35,-0.04,-0.11,37.898,37.976,38.011,863.02,959.8,1314.32,0.35
2016-12-02 10:00:00,37.97,38.19,37.83,37.82,799.0,-0.14,-0.37,37.928,37.992,38.0075,766.25,951.43,1301.84,0.21
2016-12-01 15:00:00,37.96,38.11,37.97,37.93,943.36,0.01,0.03,37.962,38.006,38.0,687.51,940.23,1340.58,0.25
2016-12-01 14:30:00,37.93,37.99,37.96,37.9,650.38,0.03,0.08,37.994,38.016,37.9905,641.58,881.89,1448.06,0.17
2016-12-01 14:00:00,37.95,37.99,37.93,37.9,609.0,-0.02,-0.05,38.042,38.021,37.9865,955.48,882.19,1690.79,0.16
2016-12-01 13:30:00,37.98,38.02,37.95,37.87,829.5,-0.03,-0.08,38.054,38.034,37.974,1056.58,869.15,1903.89,0.22
2016-12-01 11:30:00,38.12,38.12,38.0,37.96,405.32,-0.12,-0.31,38.056,38.049,37.953,1136.6,835.62,1946.41,0.11
2016-12-01 11:00:00,38.2,38.23,38.13,38.1,713.68,-0.07,-0.18,38.05,38.081,37.925,1192.94,967.69,1990.3,0.19
2016-12-01 10:30:00,37.99,38.2,38.2,37.95,2219.91,0.21,0.55,38.038,38.049,37.89,1122.2,1156.02,2000.49,0.59
2016-12-01 10:00:00,37.8,38.0,37.99,37.78,1114.5,0.19,0.5,38.0,38.07,37.852,808.89,1682.59,1959.34,0.3
2016-11-30 15:00:00,37.97,38.0,37.96,37.86,1229.6,-0.01,-0.03,38.014,38.046,37.823,681.72,1668.84,2026.84,0.33
2016-11-30 14:30:00,38.07,38.08,37.97,37.95,687.0,-0.1,-0.26,38.042,38.023,37.7935,534.64,1652.26,2014.9,0.18
2016-11-30 14:00:00,38.01,38.2,38.07,38.01,360.0,0.06,0.16,38.112,37.994,37.7635,742.44,1740.94,2114.43,0.1
2016-11-30 13:30:00,38.06,38.19,38.01,37.94,653.34,-0.05,-0.13,38.06,37.965,37.722,1189.84,2014.23,2159.66,0.17
2016-11-30 11:30:00,38.1,38.24,38.06,38.01,478.67,-0.04,-0.1,38.14,37.952,37.6765,2556.29,2499.39,2232.41,0.13
2016-11-30 11:00:00,38.32,38.33,38.1,38.03,494.18,-0.22,-0.57,38.078,37.914,37.6185,2655.95,2938.62,2293.68,0.13
2016-11-30 10:30:00,37.81,38.36,38.32,37.81,1726.02,0.51,1.35,38.004,37.857,37.56,2769.88,3057.2,2343.07,0.46
2016-11-30 10:00:00,38.12,38.22,37.81,37.8,2597.0,-0.31,-0.81,37.876,37.769,37.497,2739.45,3012.9,2314.39,0.69
2016-10-13 15:00:00,37.75,38.45,38.41,37.7,7485.57,0.66,1.75,37.87,37.731,37.4665,2838.61,2844.95,2213.07,2.0
2016-10-13 14:30:00,37.73,37.8,37.75,37.67,977.0,0.02,0.05,37.764,37.634,37.4005,2442.49,2236.08,1927.44,0.26
2016-10-13 14:00:00,37.68,37.76,37.73,37.68,1063.83,0.05,0.13,37.75,37.6,37.377,3221.29,2384.83,1965.39,0.28
2016-10-13 13:30:00,37.78,37.83,37.68,37.67,1573.84,-0.1,-0.26,37.71,37.564,37.3555,3344.53,2377.55,2032.55,0.42
2016-10-13 11:30:00,37.88,37.89,37.78,37.76,3092.83,-0.1,-0.26,37.662,37.533,37.332,3286.36,2487.92,2025.58,0.82
2016-10-13 11:00:00,37.68,37.88,37.88,37.59,5504.94,0.2,0.53,37.592,37.479,37.301,2851.29,2305.08,1920.94,1.47
2016-10-13 10:30:00,37.55,37.69,37.68,37.53,4871.02,0.13,0.35,37.504,37.401,37.26,2029.68,1965.44,1700.85,1.3
2016-10-13 10:00:00,37.68,37.72,37.53,37.5,1680.0,-0.15,-0.4,37.45,37.323,37.231,1548.37,1648.74,1522.82,0.45
2016-10-12 14:30:00,37.43,37.45,37.44,37.37,1283.0,0.01,0.03,37.418,37.263,37.215,1410.57,1628.94,1472.17,0.34
2016-10-12 14:00:00,37.44,37.48,37.43,37.4,917.5,-0.01,-0.03,37.404,37.225,37.201,1689.47,1615.89,1505.87,0.24
2016-10-12 13:30:00,37.41,37.5,37.44,37.38,1396.86,0.03,0.08,37.366,37.202,37.1765,1758.87,1581.19,1515.15,0.37
2016-10-12 11:30:00,37.35,37.43,37.41,37.31,2464.5,0.06,0.16,37.298,37.167,37.138,1901.2,1618.8,1562.0,0.66
2016-10-12 11:00:00,37.37,37.4,37.37,37.32,991.0,0.0,0.0,37.196,37.154,37.0955,1749.1,1545.95,1531.11,0.26
2016-10-12 10:30:00,37.24,37.5,37.37,37.21,2677.5,0.13,0.35,37.108,37.147,37.0545,1847.3,1687.55,1560.01,0.71
2016-10-12 10:00:00,37.33,37.33,37.24,37.01,1264.5,-0.09,-0.24,37.046,37.131,37.013,1542.3,1563.25,1454.24,0.34
2016-10-11 15:00:00,36.9,37.3,37.1,36.9,2108.5,0.2,0.54,37.038,37.123,36.979,1403.5,1536.8,1414.21,0.56
2016-10-11 14:30:00,36.93,37.03,36.9,36.9,1704.0,-0.03,-0.08,37.036,37.119,36.9525,1336.4,1436.26,1336.24,0.45
2016-10-11 14:00:00,37.06,37.06,36.93,36.91,1482.0,-0.13,-0.35,37.112,37.139,36.9335,1342.8,1396.9,1284.48,0.4
2016-10-11 13:30:00,37.2,37.22,37.06,37.04,1152.5,-0.14,-0.38,37.186,37.167,36.912,1527.8,1315.4,1306.08,0.31
2016-10-11 11:30:00,37.09,37.24,37.2,37.09,570.5,0.11,0.3,37.216,37.177,36.8825,1584.2,1395.86,1269.58,0.15
2016-10-11 11:00:00,37.28,37.28,37.09,37.08,1773.0,-0.19,-0.51,37.208,37.151,36.8455,1670.1,1449.11,1403.68,0.47
2016-10-11 10:30:00,37.3,37.4,37.28,37.26,1736.0,-0.02,-0.05,37.202,37.109,36.802,1536.12,1505.21,1363.83,0.46
2016-10-11 10:00:00,37.26,37.37,37.3,37.07,2407.0,0.04,0.11,37.166,37.037,36.752,1451.0,1516.27,1302.83,0.64
2016-10-10 15:00:00,37.16,37.29,37.21,37.11,1434.5,0.05,0.13,37.148,36.962,36.702,1103.0,1432.47,1200.66,0.38
2016-10-10 14:30:00,37.06,37.18,37.16,37.06,1000.0,0.1,0.27,37.138,36.895,36.657,1207.52,1345.22,1161.94,0.27
2016-10-10 14:00:00,37.1,37.24,37.06,37.01,1103.1,-0.04,-0.11,37.094,36.835,36.614,1228.12,1291.62,1135.49,0.29
2016-10-10 13:30:00,37.21,37.3,37.1,37.1,1310.4,-0.11,-0.3,37.016,36.786,36.584,1474.3,1236.21,1114.16,0.35
2016-10-10 11:30:00,37.14,37.22,37.21,37.09,667.0,0.07,0.19,36.908,36.728,36.537,1581.54,1172.07,1108.96,0.18
2016-10-10 11:00:00,36.94,37.3,37.16,36.91,1957.1,0.22,0.6,36.776,36.657,36.4965,1761.94,1296.77,1309.52,0.52
2016-10-10 10:30:00,36.67,36.96,36.94,36.67,1103.0,0.27,0.74,36.652,36.588,36.4385,1482.92,1143.3,1614.96,0.29
2016-10-10 10:00:00,37.49,37.49,36.67,36.57,2334.0,-0.82,-2.19,36.576,36.54,36.394,1355.12,1358.26,1659.56,0.62
2016-09-30 15:00:00,36.55,36.58,36.56,36.48,1846.6,0.01,0.03,36.556,36.495,36.3865,998.12,1222.46,1557.01,0.49
2016-09-30 14:30:00,36.54,36.66,36.55,36.52,1569.0,0.01,0.03,36.548,36.467,36.388,762.6,1089.4,1485.73,0.42
2016-09-30 14:00:00,36.56,36.58,36.54,36.53,562.0,-0.02,-0.05,36.538,36.442,36.3965,831.6,968.86,1451.83,0.15
2016-09-30 13:30:00,36.57,36.58,36.56,36.49,464.0,-0.01,-0.03,36.524,36.419,36.3915,803.69,978.66,1454.38,0.12
2016-09-30 11:30:00,36.52,36.58,36.57,36.49,549.0,0.05,0.14,36.504,36.393,36.3885,1361.39,979.36,1478.43,0.15
2016-09-30 11:00:00,36.5,36.56,36.52,36.48,669.0,0.02,0.05,36.434,36.382,36.391,1446.79,992.11,1567.08,0.18
2016-09-30 10:30:00,36.47,36.7,36.5,36.41,1914.0,0.03,0.08,36.386,36.346,36.3855,1416.19,1045.86,1610.03,0.51
2016-09-30 10:00:00,36.58,36.58,36.47,36.27,422.44,-0.11,-0.3,36.346,36.336,36.3705,1106.11,1322.27,1581.38,0.11
2016-09-29 15:00:00,36.22,36.47,36.46,36.18,3252.53,0.24,0.66,36.314,36.289,36.371,1153.63,2086.61,1665.06,0.87
2016-09-29 14:30:00,36.28,36.28,36.22,36.16,976.0,-0.06,-0.17,36.282,36.248,36.348,597.32,1960.86,1550.9,0.26
2016-09-29 14:00:00,36.3,36.3,36.28,36.21,516.0,-0.02,-0.06,36.33,36.278,36.338,537.42,1891.56,1671.58,0.14
2016-09-29 13:30:00,36.31,36.36,36.3,36.25,363.6,-0.01,-0.03,36.306,36.309,36.31,675.52,1882.06,1724.61,0.1
2016-09-29 11:30:00,36.3,36.39,36.31,36.29,660.0,0.01,0.03,36.326,36.351,36.2725,1538.42,1934.8,1861.63,0.18
2016-09-29 11:00:00,36.45,36.45,36.3,36.23,471.0,-0.15,-0.41,36.264,36.364,36.262,3019.6,1930.1,2065.65,0.13
2016-09-29 10:30:00,36.16,36.46,36.46,36.12,676.5,0.3,0.83,36.214,36.384,36.25,3324.4,1977.5,2095.13,0.18
2016-09-29 10:00:00,36.3,36.39,36.16,36.09,1206.5,-0.14,-0.39,36.226,36.4,36.233,3245.7,2142.05,2213.95,0.32
2016-09-28 15:00:00,36.0,36.4,36.4,35.69,4678.09,0.4,1.11,36.312,36.425,36.2365,3088.6,2174.2,2210.73,1.25
2016-09-28 14:30:00,36.09,36.17,36.0,35.61,8065.91,-0.09,-0.25,36.376,36.405,36.23,2331.18,1840.49,2013.24,2.15
2016-09-28 14:00:00,36.52,36.58,36.05,36.03,1995.0,-0.47,-1.29,36.464,36.453,36.2475,840.6,1243.5,1665.65,0.53
2016-09-28 13:30:00,36.6,36.62,36.52,36.5,283.0,-0.08,-0.22,36.554,36.448,36.2555,630.6,1140.94,1701.03,0.08
2016-09-28 11:30:00,36.72,36.72,36.59,36.45,421.0,-0.13,-0.35,36.574,36.398,36.245,1038.4,1451.6,1945.5,0.11
2016-09-28 11:00:00,36.44,36.74,36.72,36.3,891.0,0.28,0.77,36.538,36.311,36.282,1259.8,1567.16,2119.45,0.24
2016-09-28 10:30:00,36.5,36.56,36.44,36.39,613.0,-0.06,-0.16,36.434,36.194,36.3155,1349.8,1788.46,2173.2,0.16
2016-09-28 10:00:00,36.88,36.88,36.5,36.28,945.0,-0.38,-1.03,36.442,36.16,36.367,1646.4,2201.21,2194.4,0.25
2016-09-27 15:00:00,36.41,36.62,36.62,36.31,2322.0,0.21,0.58,36.342,36.116,36.4125,1651.28,2212.76,2224.03,0.62
2016-09-27 14:30:00,36.21,36.41,36.41,36.11,1528.0,0.2,0.55,36.222,36.066,36.461,1864.8,2285.86,2143.55,0.41
2016-09-27 14:00:00,36.48,36.5,36.2,36.14,1341.0,-0.28,-0.77,36.084,36.048,36.5215,1874.52,2247.26,2139.45,0.36
2016-09-27 13:30:00,36.03,36.49,36.48,36.0,2096.0,0.45,1.25,35.954,36.055,36.593,2227.12,2186.0,2242.77,0.56
2016-09-27 11:30:00,36.02,36.18,36.0,35.99,969.4,-0.02,-0.06,35.878,36.042,36.642,2756.01,2087.81,2248.67,0.26
2016-09-27 11:00:00,35.74,36.04,36.02,35.72,3389.58,0.28,0.78,35.89,36.063,36.719,2774.23,2261.12,2381.23,0.9
2016-09-27 10:30:00,35.55,35.82,35.72,35.55,1576.61,0.17,0.48,35.91,36.092,36.793,2706.92,2439.41,2296.97,0.42
2016-09-27 10:00:00,36.0,36.0,35.55,35.51,3104.0,-0.45,-1.25,36.012,36.253,36.878,2620.0,2671.74,2275.64,0.83
2016-09-26 15:00:00,36.06,36.1,36.1,35.95,4740.48,0.04,0.11,36.156,36.437,36.9795,2144.88,2557.94,2182.29,1.26
2016-09-26 14:30:00,36.12,36.21,36.06,36.05,1060.5,-0.06,-0.17,36.206,36.574,37.0405,1419.6,2187.59,2040.19,0.28
2016-09-26 14:00:00,36.23,36.24,36.12,36.06,3053.0,-0.11,-0.3,36.236,36.709,37.117,1748.0,2235.3,2070.81,0.81
2016-09-26 13:30:00,36.27,36.3,36.23,36.23,1142.0,-0.04,-0.11,36.274,36.856,37.1955,2171.9,2001.25,1999.39,0.3
2016-09-26 11:30:00,36.35,36.45,36.27,36.26,728.4,-0.08,-0.22,36.494,36.995,37.272,2723.48,2031.65,2147.84,0.19
2016-09-26 11:00:00,36.21,36.44,36.35,36.2,1114.1,0.14,0.39,36.718,37.131,37.3245,2971.0,2299.55,2355.4,0.3
2016-09-26 10:30:00,36.3,36.48,36.21,36.2,2702.5,-0.09,-0.25,36.942,37.242,37.3965,2955.58,2409.54,2415.82,0.72
2016-09-26 10:00:00,37.0,37.0,36.31,36.21,5172.5,-0.69,-1.86,37.182,37.375,37.481,2722.59,2501.34,2358.27,1.38
2016-09-23 15:00:00,37.38,37.45,37.33,37.11,3899.9,-0.05,-0.13,37.438,37.494,37.5665,1830.59,2154.54,2173.99,1.04
2016-09-23 14:30:00,37.47,37.48,37.39,37.37,1966.0,-0.08,-0.21,37.496,37.503,37.597,1339.81,1879.55,2109.3,0.52
2016-09-23 14:00:00,37.41,37.56,37.47,37.34,1037.0,0.06,0.16,37.544,37.522,37.6175,1628.1,1806.65,2109.55,0.28
2016-09-23 13:30:00,37.59,37.6,37.41,37.41,1537.57,-0.18,-0.48,37.542,37.507,37.6315,1863.5,1892.78,2343.99,0.41
2016-09-23 11:30:00,37.62,37.65,37.59,37.55,712.5,-0.03,-0.08,37.568,37.525,37.6645,2280.09,1906.32,2482.16,0.19
2016-09-23 11:00:00,37.63,37.77,37.62,37.58,1446.0,-0.01,-0.03,37.55,37.535,37.7135,2478.49,1997.52,2629.86,0.39
2016-09-23 10:30:00,37.46,37.93,37.63,37.4,3407.43,0.17,0.45,37.51,37.549,37.7565,2419.29,2264.03,2667.04,0.91
2016-09-23 10:00:00,37.8,37.8,37.46,37.42,2214.0,-0.34,-0.9,37.5,37.518,37.801,1985.2,2411.24,2595.82,0.59
2016-09-22 15:00:00,37.5,37.74,37.54,37.5,3620.5,0.04,0.11,37.472,37.551,37.858,1922.06,2422.09,2602.87,0.97
2016-09-22 14:30:00,37.5,37.52,37.5,37.39,1704.5,0.0,0.0,37.482,37.587,37.931,1532.56,2215.19,2462.59,0.45
2016-09-22 14:00:00,37.58,37.62,37.42,37.36,1150.0,-0.16,-0.43,37.52,37.639,37.997,1516.56,2193.44,2514.77,0.31
2016-09-22 13:30:00,37.32,37.88,37.58,37.32,1237.0,0.26,0.7,37.588,37.691,38.0805,2108.78,2339.04,2874.54,0.33
2016-09-22 11:30:00,37.59,37.59,37.32,37.25,1898.31,-0.27,-0.72,37.536,37.713,38.1455,2837.28,2412.44,3399.94,0.51
2016-09-22 11:00:00,37.71,37.75,37.59,37.5,1673.0,-0.12,-0.32,37.63,37.756,38.26,2922.12,2795.2,3642.58,0.45
2016-09-22 10:30:00,37.8,37.8,37.69,37.56,1624.5,-0.11,-0.29,37.692,37.804,38.3525,2897.82,3058.0,3743.12,0.43
2016-09-22 10:00:00,37.6,38.29,37.76,37.5,4111.1,0.16,0.43,37.758,37.892,38.4495,2870.32,3262.2,3885.58,1.1
2016-09-21 15:00:00,37.79,37.79,37.32,37.32,4879.5,-0.47,-1.24,37.794,37.964,38.5285,2569.3,3070.04,3773.55,1.3
2016-09-21 14:30:00,37.9,38.0,37.79,37.67,2322.5,-0.11,-0.29,37.89,38.084,38.6275,1987.6,2780.4,3621.97,0.62
2016-09-21 14:00:00,38.02,38.06,37.9,37.83,1551.5,-0.12,-0.32,37.882,38.165,38.702,2668.29,2783.64,3639.92,0.41
2016-09-21 13:30:00,37.94,38.06,38.02,37.8,1487.0,0.08,0.21,37.916,38.275,38.7745,3218.19,2710.0,3745.93,0.4
2016-09-21 11:30:00,37.8,38.49,37.94,37.8,2606.0,0.14,0.37,38.026,38.355,38.8415,3654.09,2836.1,4951.88,0.69
2016-09-21 11:00:00,37.75,37.87,37.8,37.6,1971.0,0.05,0.13,38.134,38.47,38.871,3570.79,3410.04,5089.53,0.53
2016-09-21 10:30:00,38.06,38.06,37.75,37.52,5725.95,-0.31,-0.81,38.278,38.578,38.9175,3573.19,4387.44,5306.93,1.53
2016-09-21 10:00:00,38.88,38.88,38.07,38.06,4301.0,-0.81,-2.08,38.448,38.764,38.9415,2899.0,4489.95,5112.98,1.15
2016-09-20 15:00:00,38.48,38.76,38.57,38.46,3666.5,0.09,0.23,38.634,38.901,38.943,2201.8,4428.24,4937.01,0.98
2016-09-20 14:30:00,38.53,38.71,38.48,38.46,2189.5,-0.05,-0.13,38.684,39.007,38.919,2018.1,4508.95,4835.68,0.58
2016-09-20 14:00:00,38.6,38.85,38.52,38.51,1983.0,-0.08,-0.21,38.806,39.093,38.8955,3249.3,4477.05,4963.23,0.53
2016-09-20 13:30:00,39.0,39.07,38.6,38.59,2355.0,-0.4,-1.03,38.878,39.171,38.867,5201.7,4463.55,5670.48,0.63
2016-09-20 11:30:00,38.82,39.05,39.0,38.82,815.0,0.18,0.46,39.08,39.239,38.8125,6080.9,4496.2,5777.91,0.22
2016-09-20 11:00:00,39.09,39.1,38.82,38.74,2748.0,-0.27,-0.69,39.168,39.274,38.7295,6654.67,4781.86,5902.92,0.73
2016-09-20 10:30:00,38.88,39.37,39.09,38.39,8345.5,0.21,0.54,39.33,39.328,38.65,6999.8,7067.66,5820.05,2.23
2016-09-20 10:00:00,40.0,40.0,38.88,38.88,11745.0,-1.12,-2.8,39.38,39.272,38.5665,5704.8,6769.01,5523.4,3.13
2016-09-19 15:00:00,39.44,39.63,39.61,39.44,6751.0,0.17,0.43,39.464,39.257,38.4765,3725.4,6226.41,4993.15,1.8
2016-09-19 14:30:00,39.63,39.63,39.44,39.33,3683.86,-0.19,-0.48,39.398,39.119,38.357,2911.5,5736.01,4776.57,0.98
2016-09-19 14:00:00,39.34,39.76,39.63,39.32,4473.63,0.29,0.74,39.38,38.985,38.2545,2909.06,5445.78,4683.58,1.19
2016-09-19 13:30:00,39.29,39.4,39.34,39.26,1870.5,0.05,0.13,39.326,38.831,38.1445,7135.53,5162.42,4679.05,0.5
2016-09-19 11:30:00,39.28,39.38,39.3,39.25,1848.0,0.02,0.05,39.164,38.698,38.0615,7833.23,5449.42,4942.93,0.49
2016-09-19 11:00:00,39.35,39.42,39.28,39.23,2681.5,-0.07,-0.18,39.05,38.563,37.9665,8727.43,6877.42,5003.3,0.72
2016-09-19 10:30:00,39.36,39.61,39.35,39.3,3671.65,-0.01,-0.03,38.84,38.386,37.9075,8560.53,7059.63,5026.33,0.98
2016-09-19 10:00:00,38.67,41.5,39.36,38.67,25606.0,0.69,1.78,38.59,38.185,37.814,7982.5,7023.98,5122.47,6.83
2016-09-14 15:00:00,38.73,38.73,38.53,38.34,5359.0,-0.2,-0.52,38.336,37.972,37.736,3189.3,4572.43,3959.65,1.43
2016-09-14 14:30:00,38.23,38.98,38.73,38.16,6319.0,0.5,1.31,38.232,37.861,37.6795,3065.6,4277.78,3791.2,1.69
2016-09-14 14:00:00,38.09,38.35,38.23,38.07,1847.0,0.14,0.37,38.076,37.696,37.6045,5027.4,3759.88,3685.58,0.49
2016-09-14 13:30:00,38.05,38.19,38.1,38.05,781.5,0.05,0.13,37.932,37.595,37.5655,5558.73,3817.13,3955.93,0.21
2016-09-14 11:30:00,38.01,38.17,38.09,37.9,1640.0,0.08,0.21,37.78,37.524,37.56,6065.46,3921.38,4385.38,0.44
2016-09-14 11:00:00,37.95,38.34,38.01,37.8,4740.5,0.06,0.16,37.608,37.458,37.6265,5955.56,4195.68,4458.68,1.26
2016-09-14 10:30:00,37.43,39.0,37.95,37.43,16128.0,0.52,1.39,37.49,37.425,37.688,5489.96,4436.44,4337.43,4.3
2016-09-14 10:00:00,37.32,37.51,37.51,36.6,4503.65,0.19,0.51,37.316,37.37,37.755,2492.36,3129.19,3615.48,1.2
2016-09-13 15:00:00,37.23,37.48,37.34,37.12,3315.15,0.11,0.3,37.258,37.429,37.8545,2075.53,2993.03,3482.99,0.88
2016-09-13 14:30:00,37.42,37.42,37.23,37.21,1090.5,-0.19,-0.51,37.268,37.443,37.975,1777.3,3220.96,3407.75,0.29
2016-09-13 14:00:00,37.08,37.57,37.42,37.08,2412.5,0.34,0.92,37.308,37.5,38.1025,2435.8,3346.86,3555.87,0.64
2016-09-13 13:30:00,37.22,37.32,37.08,37.01,1140.0,-0.14,-0.38,37.36,37.498,38.214,3382.93,3304.61,3803.02,0.3
2016-09-13 11:30:00,37.35,37.4,37.22,37.0,2419.5,-0.13,-0.35,37.424,37.513,38.324,3766.03,3611.28,4422.87,0.65
2016-09-13 11:00:00,37.43,37.67,37.39,37.39,1824.0,-0.04,-0.11,37.6,37.536,38.4295,3910.53,4094.72,4525.99,0.49
2016-09-13 10:30:00,37.68,37.69,37.43,37.36,4383.0,-0.25,-0.66,37.618,37.596,38.524,4664.63,4849.37,4646.74,1.17
2016-09-13 10:00:00,37.94,37.94,37.68,37.35,7148.13,-0.26,-0.69,37.692,37.795,38.627,4257.93,4721.67,4529.84,1.91
2016-09-12 15:00:00,38.08,38.08,37.4,37.3,3055.5,-0.68,-1.79,37.636,37.951,38.7265,3226.3,4238.41,4344.94,0.81
2016-09-12 14:30:00,37.48,38.1,38.1,37.33,3142.0,0.62,1.65,37.602,38.14,38.8435,3456.53,4101.76,4364.21,0.84
2016-09-12 14:00:00,37.79,38.75,37.48,37.09,5594.5,-0.31,-0.82,37.472,38.28,38.9085,4278.92,3972.96,4588.44,1.49
2016-09-12 13:30:00,37.4,37.87,37.8,37.08,2349.5,0.4,1.07,37.574,38.507,39.005,5034.12,3594.53,4906.24,0.63
2016-09-12 11:30:00,37.23,37.4,37.4,37.02,1990.0,0.17,0.46,37.898,38.705,39.123,5185.42,3764.88,5636.19,0.53
2016-09-12 11:00:00,37.41,37.45,37.23,36.85,4206.65,-0.18,-0.48,38.266,38.93,39.309,5250.52,4301.43,5950.88,1.12
2016-09-12 10:30:00,37.99,38.0,37.45,37.45,7253.94,-0.54,-1.42,38.678,39.135,39.5075,4746.99,5234.46,5908.3,1.93
