2017-06-30,29.038,26.758,24.479
2017-06-29,29.086,26.691,24.296
2017-06-28,29.107,26.625,24.144
2017-06-27,29.104,26.619,24.135
2017-06-26,29.053,26.576,24.100
2017-06-23,28.987,26.540,24.093
2017-06-22,28.906,26.465,24.024
2017-06-21,28.885,26.410,23.936
2017-06-20,28.752,26.355,23.959
2017-06-19,28.633,26.323,24.013
2017-06-16,28.575,26.305,24.036
2017-06-15,28.646,26.322,23.998
2017-06-14,28.585,26.310,24.036
2017-06-13,28.676,26.331,23.987
2017-06-12,28.858,26.451,24.045
2017-06-09,28.850,26.555,24.261
2017-06-08,28.864,26.584,24.304
2017-06-07,28.894,26.630,24.366
2017-06-06,28.903,26.663,24.424
2017-06-05,28.973,26.790,24.608
2017-06-02,29.194,26.974,24.754
2017-06-01,29.433,27.184,24.936
2017-05-31,29.542,27.369,25.197
2017-05-26,29.643,27.481,25.320
2017-05-25,29.699,27.582,25.465
2017-05-24,29.737,27.652,25.567
2017-05-23,29.643,27.734,25.825
2017-05-22,29.456,27.831,26.207
2017-05-19,29.831,28.004,26.177
2017-05-18,30.172,28.132,26.093
2017-05-17,30.513,28.279,26.045
2017-05-16,31.227,28.460,25.694
2017-05-15,31.788,28.623,25.459
2017-05-12,33.142,28.947,24.753
2017-05-11,34.740,29.388,24.036
2017-05-10,36.028,29.887,23.747
2017-05-09,37.811,30.542,23.274
2017-05-08,39.588,31.244,22.900
2017-05-05,41.019,31.963,22.907
2017-05-04,41.874,32.529,23.185
2017-05-03,42.531,33.010,23.489
2017-05-02,43.271,33.519,23.768
2017-04-28,43.837,34.032,24.228
2017-04-27,44.663,34.685,24.707
2017-04-26,45.191,35.315,25.439
2017-04-25,45.515,35.951,26.387
2017-04-24,45.169,36.433,27.698
2017-04-21,44.610,36.903,29.196
2017-04-20,44.293,37.233,30.173
2017-04-19,43.873,37.605,31.338
2017-04-18,43.274,37.941,32.608
2017-04-17,42.816,38.214,33.612
2017-04-14,42.134,38.527,34.920
2017-04-13,41.908,38.687,35.466
2017-04-12,41.862,38.753,35.644
2017-04-11,41.836,38.845,35.854
2017-04-10,41.802,38.826,35.851
2017-04-07,41.527,38.706,35.886
2017-04-06,41.243,38.610,35.977
2017-04-05,41.204,38.521,35.838
2017-03-31,41.216,38.446,35.677
2017-03-30,41.174,38.285,35.397
2017-03-29,41.128,38.141,35.154
2017-03-28,40.494,37.920,35.347
2017-03-27,40.007,37.665,35.324
2017-03-24,39.359,37.442,35.525
2017-03-23,39.360,37.444,35.528
2017-03-22,39.359,37.450,35.541
2017-03-21,39.362,37.445,35.528
2017-03-20,39.341,37.416,35.492
2017-03-17,39.353,37.381,35.409
2017-03-16,39.338,37.337,35.337
2017-03-15,39.295,37.320,35.346
2017-03-14,39.282,37.315,35.349
2017-03-13,39.533,37.384,35.235
2017-03-10,39.863,37.456,35.049
2017-03-09,39.883,37.461,35.039
2017-03-08,40.210,37.545,34.880
2017-03-07,40.372,37.588,34.804
2017-03-06,40.693,37.723,34.753
2017-03-03,40.777,37.805,34.834
2017-03-02,40.788,37.903,35.018
2017-03-01,40.783,37.996,35.210
2017-02-28,40.806,38.047,35.289
2017-02-27,40.809,38.215,35.621
2017-02-24,40.745,38.273,35.801
2017-02-23,40.794,38.363,35.933
2017-02-22,40.846,38.475,36.105
2017-02-21,40.806,38.585,36.364
2017-02-20,40.757,38.646,36.535
2017-02-17,40.591,38.738,36.886
2017-02-16,40.474,38.778,37.082
2017-02-15,40.979,38.958,36.938
2017-02-14,41.398,39.133,36.868
2017-02-13,42.252,39.331,36.410
2017-02-10,44.155,39.678,35.201
2017-02-09,45.255,40.008,34.761
2017-02-08,46.349,40.336,34.323
2017-02-07,48.777,40.937,33.098
2017-02-06,49.579,41.297,33.015
2017-02-03,50.569,41.799,33.029
2017-02-02,51.062,42.220,33.378
2017-01-26,51.254,42.552,33.850
2017-01-25,51.269,42.803,34.337
2017-01-24,51.614,43.172,34.731
2017-01-23,51.458,43.413,35.369
2017-01-20,51.732,43.817,35.902
2017-01-19,52.152,44.281,36.410
2017-01-18,53.532,45.033,36.535
2017-01-17,53.706,45.596,37.487
2017-01-16,53.319,45.935,38.552
2017-01-13,52.809,46.111,39.414
2017-01-12,53.401,45.896,38.391
2017-01-11,54.170,45.597,37.025
2017-01-10,54.878,45.182,35.487
2017-01-09,55.186,44.576,33.966
2017-01-06,55.201,44.133,33.065
2017-01-05,55.028,43.675,32.322
2017-01-04,53.925,42.981,32.037
2017-01-03,53.495,42.516,31.538
2016-12-30,52.768,41.960,31.152
2016-12-29,52.263,41.497,30.732
2016-12-28,51.917,41.156,30.396
2016-12-27,51.701,40.895,30.090
2016-12-26,51.021,40.480,29.939
2016-12-23,50.850,40.333,29.816
2016-12-22,49.991,39.911,29.831
2016-12-21,48.686,39.388,30.090
2016-12-20,45.122,38.627,32.133
2016-12-19,42.336,38.131,33.926
2016-12-16,40.620,37.814,35.008
2016-12-15,40.142,37.694,35.247
2016-12-14,40.215,37.757,35.299
2016-12-13,40.303,37.952,35.602
2016-12-12,40.206,38.174,36.142
2016-12-09,39.968,38.415,36.863
2016-12-08,40.056,38.540,37.024
2016-12-07,40.153,38.640,37.127
2016-12-06,40.151,38.643,37.136
2016-12-05,40.143,38.670,37.198
2016-12-02,40.096,38.717,37.339
2016-12-01,40.018,38.755,37.492
2016-11-30,40.013,38.758,37.504
2016-11-29,40.049,38.741,37.433
2016-11-28,40.179,38.679,37.180
2016-11-25,40.180,38.565,36.951
2016-11-24,40.178,38.524,36.871
2016-11-23,40.178,38.530,36.882
2016-11-22,40.161,38.512,36.864
2016-11-21,40.022,38.445,36.869
2016-11-18,39.999,38.422,36.845
2016-11-17,40.004,38.426,36.848
2016-11-16,39.998,38.418,36.839
2016-11-15,39.880,38.310,36.741
2016-11-14,39.712,38.230,36.748
2016-11-11,39.454,38.159,36.865
2016-11-10,39.190,38.059,36.928
2016-11-09,38.903,37.935,36.967
2016-11-08,38.904,37.891,36.878
2016-11-07,38.933,37.796,36.660
2016-11-04,38.927,37.698,36.470
2016-11-03,38.952,37.612,36.273
2016-11-02,38.933,37.542,36.151
2016-10-28,38.993,37.467,35.941
2016-10-27,38.994,37.480,35.966
2016-10-26,39.010,37.505,36.001
2016-10-25,38.989,37.488,35.987
2016-10-24,39.055,37.508,35.962
2016-10-21,39.346,37.573,35.801
2016-10-20,39.382,37.586,35.791
2016-10-19,39.319,37.542,35.766
2016-10-18,39.188,37.479,35.771
2016-10-17,39.413,37.535,35.658
2016-10-14,39.652,37.633,35.614
2016-10-13,40.393,37.806,35.219
2016-10-12,40.829,37.928,35.027
2016-10-11,41.230,38.085,34.941
2016-10-10,41.251,38.139,35.027
2016-09-30,41.250,38.145,35.040
2016-09-29,41.228,38.179,35.131
2016-09-28,41.200,38.214,35.228
2016-09-27,41.157,38.271,35.386
2016-09-26,41.132,38.297,35.462
2016-09-23,41.127,38.299,35.472
2016-09-22,41.141,38.280,35.419
2016-09-21,41.157,38.242,35.328
2016-09-20,41.167,38.220,35.273
2016-09-19,41.134,38.137,35.140
2016-09-14,41.052,37.931,34.811
2016-09-13,41.076,37.774,34.473
2016-09-12,41.247,37.626,34.005
2016-09-09,41.378,37.472,33.566
2016-09-08,41.293,37.193,33.094
2016-09-07,41.188,36.905,32.622
2016-09-06,40.534,36.509,32.485
2016-09-05,39.842,36.143,32.444
2016-09-02,39.016,35.768,32.520
2016-09-01,38.769,35.512,32.255
2016-08-31,38.617,35.293,31.969
2016-08-30,38.441,35.069,31.698
2016-08-29,38.191,34.869,31.548
2016-08-26,37.819,34.646,31.473
2016-08-25,37.457,34.479,31.501
2016-08-24,37.257,34.376,31.495
2016-08-23,36.880,34.234,31.589
2016-08-22,36.535,34.143,31.751
2016-08-19,36.000,33.980,31.961
2016-08-18,35.328,33.811,32.294
2016-08-17,35.265,33.799,32.333
2016-08-16,35.300,33.805,32.311
2016-08-15,35.464,33.852,32.240
2016-08-12,35.854,33.948,32.043
2016-08-11,36.238,34.072,31.906
2016-08-10,36.485,34.193,31.901
2016-08-09,36.660,34.306,31.953
2016-08-08,36.821,34.417,32.014
2016-08-05,36.928,34.535,32.142
2016-08-04,37.211,34.723,32.236
2016-08-03,37.514,34.937,32.360
2016-08-02,37.514,35.099,32.685
2016-08-01,37.438,35.156,32.874
2016-07-29,37.333,35.264,33.195
2016-07-28,37.306,35.349,33.393
2016-07-27,37.378,35.463,33.549
2016-07-26,37.458,35.594,33.730
2016-07-25,37.617,35.688,33.760
2016-07-22,37.780,35.888,33.997
2016-07-21,37.718,36.077,34.436
2016-07-20,37.979,36.206,34.434
2016-07-19,38.010,36.262,34.514
2016-07-18,38.030,36.332,34.635
2016-07-15,38.201,36.406,34.612
2016-07-14,38.193,36.385,34.578
2016-07-13,38.193,36.382,34.572
2016-07-12,38.196,36.411,34.627
2016-07-11,38.372,36.327,34.282
2016-07-08,38.634,36.211,33.789
2016-07-07,38.572,36.159,33.747
2016-07-06,38.451,36.082,33.713
2016-07-05,38.446,36.031,33.617
2016-07-04,38.391,36.104,33.817
2016-07-01,38.571,36.010,33.450
2016-06-30,38.741,35.891,33.042
2016-06-29,38.854,35.712,32.571
2016-06-28,42.145,36.239,30.333
2016-06-27,44.642,36.797,28.952
2016-06-24,46.552,37.311,28.071
2016-06-23,48.072,37.822,27.572
2016-06-22,49.278,38.277,27.277
2016-06-21,50.293,38.769,27.246
2016-06-20,51.092,39.223,27.354
2016-06-17,51.699,39.590,27.482
2016-06-16,52.198,40.026,27.854
2016-06-15,52.816,40.534,28.252
2016-06-14,53.144,40.928,28.712
2016-06-13,53.229,41.393,29.557
2016-06-08,53.170,41.907,30.645
2016-06-07,53.200,42.284,31.368
2016-06-06,53.264,42.736,32.209
2016-06-03,53.012,43.088,33.165
2016-06-02,52.840,43.500,34.161
2016-06-01,52.171,44.069,35.968
2016-05-31,50.985,44.628,38.271
2016-05-30,48.534,45.194,41.854
2016-05-27,48.302,45.004,41.706
2016-05-26,47.840,44.750,41.661
2016-05-25,47.396,44.446,41.496
2016-05-24,46.879,44.221,41.564
2016-05-23,46.408,44.020,41.632
2016-05-20,46.003,43.840,41.678
2016-05-19,45.702,43.715,41.728
2016-05-18,45.526,43.619,41.713
2016-05-17,46.422,43.783,41.144
2016-05-16,46.914,43.874,40.835
2016-05-13,47.291,44.004,40.717
2016-05-12,47.388,44.087,40.786
2016-05-11,47.531,44.183,40.835
2016-05-10,47.532,44.195,40.858
2016-05-09,47.650,44.248,40.846
2016-05-06,47.640,44.385,41.130
2016-05-05,47.685,44.294,40.903
2016-05-04,47.634,44.225,40.816
2016-05-03,47.984,43.981,39.978
2016-04-29,48.532,43.654,38.777
2016-04-28,48.986,43.343,37.700
2016-04-27,49.334,43.041,36.748
2016-04-26,49.890,42.697,35.504
2016-04-25,50.014,42.391,34.768
2016-04-22,50.015,42.127,34.240
2016-04-21,50.009,41.845,33.681
2016-04-20,49.889,41.576,33.264
2016-04-19,49.829,41.230,32.631
2016-04-18,48.955,40.634,32.313
2016-04-15,47.947,40.001,32.056
2016-04-14,47.168,39.321,31.475
2016-04-13,46.696,38.663,30.631
2016-04-12,45.825,38.016,30.207
2016-04-11,45.173,37.475,29.777
2016-04-08,43.873,36.758,29.644
2016-04-07,42.551,36.085,29.620
2016-04-06,41.615,35.590,29.565
2016-04-05,40.078,35.021,29.965
2016-04-01,39.441,34.656,29.871
2016-03-31,39.205,34.307,29.409
2016-03-30,38.855,34.063,29.272
2016-03-29,38.484,33.840,29.197
2016-03-28,38.405,33.642,28.880
2016-03-25,38.041,33.316,28.591
2016-03-24,37.356,33.075,28.794
2016-03-23,36.676,32.827,28.978
2016-03-22,36.095,32.721,29.347
2016-03-21,36.149,32.731,29.314
2016-03-18,36.133,32.728,29.323
2016-03-17,36.135,32.728,29.322
2016-03-16,36.357,32.818,29.280
2016-03-15,36.660,32.991,29.323
2016-03-14,36.858,33.107,29.357
2016-03-11,36.884,33.136,29.388
2016-03-10,36.913,33.242,29.571
2016-03-09,36.953,33.376,29.799
2016-03-08,36.969,33.428,29.887
2016-03-07,36.972,33.493,30.014
2016-03-04,36.975,33.488,30.002
2016-03-03,36.870,33.550,30.230
2016-03-02,37.001,33.461,29.921
2016-03-01,37.005,33.486,29.967
2016-02-29,36.937,33.545,30.154
2016-02-26,36.983,33.810,30.638
2016-02-25,37.126,33.928,30.731
2016-02-24,37.118,34.016,30.914
2016-02-23,37.154,34.026,30.899
2016-02-22,37.008,33.986,30.964
2016-02-19,36.775,33.881,30.988
2016-02-18,36.627,33.753,30.880
2016-02-17,36.648,33.761,30.874
2016-02-16,36.474,33.675,30.877
2016-02-15,36.599,33.714,30.830
2016-02-05,36.757,33.809,30.862
2016-02-04,37.823,34.085,30.348
2016-02-03,38.414,34.289,30.165
2016-02-02,40.116,34.740,29.364
2016-02-01,41.083,35.122,29.161
2016-01-29,41.949,35.588,29.228
2016-01-28,43.846,36.293,28.741
2016-01-27,45.819,37.170,28.521
2016-01-26,47.591,37.930,28.269
2016-01-25,48.726,38.667,28.609
2016-01-22,50.672,39.425,28.178
2016-01-21,52.554,40.258,27.962
2016-01-20,53.440,40.987,28.535
2016-01-19,54.525,41.694,28.863
2016-01-18,55.453,42.427,29.401
2016-01-15,55.668,43.105,30.542
2016-01-14,55.676,43.888,32.101
2016-01-13,55.547,44.442,33.337
2016-01-12,54.916,44.984,35.053
2016-01-11,54.395,45.423,36.452
2016-01-08,53.568,45.817,38.066
2016-01-07,53.252,46.019,38.787
2016-01-06,52.648,46.338,40.029
2016-01-05,52.604,46.567,40.531
2016-01-04,52.296,46.839,41.383
2015-12-31,51.935,47.071,42.208
2015-12-30,51.935,47.059,42.184
2015-12-29,52.002,46.791,41.581
2015-12-28,51.879,46.589,41.300
2015-12-25,51.822,46.478,41.134
2015-12-24,51.317,46.047,40.777
2015-12-23,50.268,45.727,41.187
2015-12-22,49.938,45.588,41.239
2015-12-21,49.252,45.401,41.551
2015-12-18,48.310,45.044,41.779
2015-12-17,48.000,44.910,41.821
2015-12-16,47.415,44.747,42.079
2015-12-15,47.291,44.578,41.866
2015-12-14,47.323,44.605,41.888
2015-12-11,47.355,44.634,41.913
2015-12-10,47.347,44.721,42.096
2015-12-09,48.388,45.054,41.720
2015-12-08,48.596,45.177,41.758
2015-12-07,48.456,44.965,41.474
2015-12-04,48.318,44.806,41.294
2015-12-03,48.369,44.565,40.762
2015-12-02,48.551,44.274,39.998
2015-12-01,48.682,44.175,39.668
2015-11-30,48.903,43.936,38.970
2015-11-27,49.114,43.619,38.125
2015-11-26,49.915,43.257,36.600
2015-11-25,50.273,42.712,35.152
2015-11-24,50.432,42.122,33.813
2015-11-23,50.293,41.501,32.710
2015-11-20,50.436,41.021,31.607
2015-11-19,50.353,40.416,30.480
2015-11-18,50.145,39.744,29.343
2015-11-17,50.159,39.134,28.109
2015-11-16,49.516,38.543,27.571
2015-11-13,48.765,37.925,27.085
2015-11-12,47.906,37.313,26.721
2015-11-11,45.537,36.453,27.370
2015-11-10,43.631,35.676,27.721
2015-11-09,42.565,35.144,27.724
2015-11-06,41.150,34.561,27.973
2015-11-05,40.111,34.018,27.925
2015-11-04,39.220,33.530,27.841
2015-11-03,37.929,32.949,27.970
2015-11-02,36.760,32.419,28.078
2015-10-30,35.694,31.898,28.103
2015-10-29,35.336,31.597,27.858
2015-10-28,35.197,31.217,27.238
2015-10-27,34.838,30.973,27.108
2015-10-26,34.430,30.724,27.019
2015-10-23,34.059,30.482,26.906
2015-10-22,33.830,30.268,26.707
2015-10-21,33.832,30.030,26.229
2015-10-20,33.928,29.819,25.710
2015-10-19,33.470,29.523,25.577
2015-10-16,33.317,29.131,24.946
2015-10-15,32.841,28.829,24.818
2015-10-14,32.313,28.674,25.036
2015-10-13,31.957,28.536,25.116
2015-10-12,31.589,28.450,25.311
2015-10-09,31.139,28.320,25.502
2015-10-08,30.917,28.120,25.324
2015-10-07,30.798,27.870,24.943
2015-09-30,30.671,27.748,24.826
2015-09-29,30.787,27.788,24.790
2015-09-28,31.761,28.031,24.301
2015-09-25,32.103,28.144,24.185
2015-09-24,32.338,28.309,24.280
2015-09-23,32.261,28.243,24.226
2015-09-22,32.484,28.331,24.179
2015-09-21,33.470,28.605,23.740
2015-09-18,35.410,29.085,22.760
2015-09-17,37.879,29.793,21.707
2015-09-16,39.428,30.454,21.481
2015-09-15,41.749,31.266,20.783
2015-09-14,44.584,32.397,20.210
2015-09-11,47.456,33.535,19.615
2015-09-10,49.587,34.459,19.332
2015-09-09,51.645,35.487,19.329
2015-09-08,52.657,36.207,19.757
2015-09-07,53.222,36.895,20.569
2015-09-02,53.418,37.693,21.968
2015-09-01,53.697,38.722,23.747
2015-08-31,53.669,39.602,25.534
2015-08-28,54.439,40.579,26.718
2015-08-27,54.664,41.168,27.671
2015-08-26,54.343,41.643,28.943
2015-08-25,53.752,42.053,30.354
2015-08-24,52.693,42.413,32.133
2015-08-21,51.923,42.702,33.480
2015-08-20,51.441,43.023,34.604
2015-08-19,51.327,43.214,35.101
2015-08-18,51.446,43.061,34.676
2015-08-17,51.533,42.976,34.418
2015-08-14,51.710,42.583,33.455
2015-08-13,51.278,42.018,32.757
2015-08-12,50.518,41.245,31.972
2015-08-11,49.706,40.598,31.489
2015-08-10,48.317,40.085,31.853
2015-08-07,47.809,39.619,31.429
2015-08-06,47.763,39.092,30.421
2015-08-05,47.976,38.441,28.907
2015-08-04,47.726,37.485,27.245
2015-08-03,47.063,36.751,26.440
2015-07-31,44.664,35.936,27.208
2015-07-30,43.295,35.526,27.757
2015-07-29,43.263,35.517,27.771
2015-07-28,44.547,35.842,27.137
2015-07-27,45.567,36.265,26.963
2015-07-24,46.839,36.712,26.585
2015-07-23,48.895,37.209,25.522
2015-07-22,49.559,37.417,25.275
2015-07-21,49.892,37.606,25.321
2015-07-20,49.895,37.609,25.323
2015-07-17,49.885,37.552,25.218
2015-07-16,49.929,37.314,24.698
2015-07-15,50.161,37.045,23.929
2015-07-14,50.560,36.589,22.618
2015-07-13,50.845,35.821,20.796
2015-07-10,51.410,35.122,18.834
2015-07-09,nan,nan,nan
2015-07-08,nan,nan,nan
2015-07-07,nan,nan,nan
2015-07-06,nan,nan,nan
2015-07-03,nan,nan,nan
2015-07-02,nan,nan,nan
2015-07-01,nan,nan,nan
2015-06-30,nan,nan,nan
2015-06-29,nan,nan,nan
2015-06-26,nan,nan,nan
2015-06-25,nan,nan,nan
2015-06-24,nan,nan,nan
2015-06-23,nan,nan,nan
2015-06-19,nan,nan,nan
2015-06-18,nan,nan,nan
2015-06-17,nan,nan,nan
2015-06-16,nan,nan,nan
2015-06-15,nan,nan,nan
2015-06-12,nan,nan,nan
