Not
2017-01-06@15:00:00,0.077,0.560,-0.483
2017-01-06@14:30:00,0.312,0.681,-0.369
2017-01-06@14:00:00,0.553,0.773,-0.220
2017-01-06@13:30:00,0.677,0.828,-0.151
2017-01-06@11:30:00,0.809,0.866,-0.057
2017-01-06@11:00:00,0.893,0.880,0.013
2017-01-06@10:30:00,0.946,0.877,0.069
2017-01-06@10:00:00,1.027,0.860,0.167
2017-01-05@15:00:00,1.116,0.818,0.298
2017-01-05@14:30:00,1.019,0.743,0.275
2017-01-05@14:00:00,0.880,0.674,0.206
2017-01-05@13:30:00,0.690,0.623,0.067
2017-01-05@11:30:00,0.601,0.606,-0.005
2017-01-05@11:00:00,0.550,0.608,-0.057
2017-01-05@10:30:00,0.468,0.622,-0.154
2017-01-05@10:00:00,0.406,0.661,-0.255
2017-01-04@15:00:00,0.435,0.724,-0.290
2017-01-04@14:30:00,0.556,0.797,-0.241
2017-01-04@14:00:00,0.670,0.857,-0.187
2017-01-04@13:30:00,0.716,0.904,-0.187
2017-01-04@11:30:00,0.832,0.951,-0.119
2017-01-04@11:00:00,0.960,0.980,-0.021
2017-01-04@10:30:00,1.106,0.985,0.121
2017-01-04@10:00:00,1.123,0.955,0.168
2017-01-03@15:00:00,1.007,0.913,0.093
2017-01-03@14:30:00,1.036,0.890,0.147
2017-01-03@14:00:00,1.080,0.853,0.227
2017-01-03@13:30:00,1.100,0.797,0.304
2017-01-03@11:30:00,0.983,0.721,0.262
2017-01-03@11:00:00,0.844,0.655,0.189
2017-01-03@10:30:00,0.707,0.608,0.100
2017-01-03@10:00:00,0.644,0.583,0.061
2016-12-30@15:00:00,0.793,0.568,0.225
2016-12-30@14:30:00,0.866,0.511,0.355
2016-12-30@14:00:00,0.819,0.422,0.396
2016-12-30@13:30:00,0.775,0.323,0.451
2016-12-30@11:30:00,0.658,0.211,0.448
2016-12-30@11:00:00,0.531,0.099,0.433
2016-12-30@10:30:00,0.328,-0.010,0.338
2016-12-30@10:00:00,0.145,-0.094,0.239
2016-12-29@15:00:00,-0.070,-0.154,0.084
2016-12-29@14:30:00,-0.117,-0.175,0.057
2016-12-29@14:00:00,-0.122,-0.189,0.067
2016-12-29@13:30:00,-0.080,-0.206,0.125
2016-12-29@11:30:00,-0.077,-0.237,0.160
2016-12-29@11:00:00,-0.115,-0.277,0.162
2016-12-29@10:30:00,-0.217,-0.317,0.101
2016-12-29@10:00:00,-0.262,-0.343,0.081
2016-12-28@15:00:00,-0.346,-0.363,0.017
2016-12-28@14:30:00,-0.276,-0.367,0.091
2016-12-28@14:00:00,-0.269,-0.390,0.120
2016-12-28@13:30:00,-0.252,-0.420,0.168
2016-12-28@11:30:00,-0.239,-0.462,0.223
2016-12-28@11:00:00,-0.239,-0.518,0.278
2016-12-28@10:30:00,-0.220,-0.587,0.367
2016-12-28@10:00:00,-0.257,-0.679,0.422
2016-12-27@15:00:00,-0.255,-0.785,0.529
2016-12-27@14:30:00,-0.474,-0.917,0.443
2016-12-27@14:00:00,-0.746,-1.028,0.281
2016-12-27@13:30:00,-0.973,-1.098,0.125
2016-12-27@11:30:00,-1.110,-1.129,0.019
2016-12-27@11:00:00,-1.231,-1.134,-0.097
2016-12-27@10:30:00,-1.343,-1.110,-0.234
2016-12-27@10:00:00,-1.450,-1.051,-0.399
2016-12-26@15:00:00,-1.387,-0.951,-0.436
2016-12-26@14:30:00,-1.361,-0.842,-0.519
2016-12-26@14:00:00,-1.308,-0.713,-0.595
2016-12-26@13:30:00,-1.222,-0.564,-0.658
2016-12-26@11:30:00,-1.097,-0.399,-0.697
2016-12-26@11:00:00,-0.920,-0.225,-0.695
2016-12-26@10:30:00,-0.739,-0.051,-0.688
2016-12-26@10:00:00,-0.513,0.121,-0.634
2016-12-23@15:00:00,-0.234,0.279,-0.514
2016-12-23@14:30:00,-0.310,0.408,-0.718
2016-12-23@14:00:00,-0.197,0.587,-0.784
2016-12-23@13:30:00,0.097,0.783,-0.686
2016-12-23@11:30:00,0.279,0.955,-0.675
2016-12-23@11:00:00,0.435,1.123,-0.688
2016-12-23@10:30:00,0.563,1.295,-0.733
2016-12-23@10:00:00,0.765,1.479,-0.713
2016-12-22@15:00:00,1.024,1.657,-0.633
2016-12-22@14:30:00,1.155,1.815,-0.661
2016-12-22@14:00:00,1.305,1.980,-0.676
2016-12-22@13:30:00,1.477,2.149,-0.672
2016-12-22@11:30:00,1.676,2.317,-0.641
2016-12-22@11:00:00,1.906,2.477,-0.572
2016-12-22@10:30:00,2.171,2.620,-0.450
2016-12-22@10:00:00,2.477,2.733,-0.256
2016-12-21@15:00:00,2.833,2.797,0.036
2016-12-21@14:30:00,2.684,2.788,-0.103
2016-12-21@14:00:00,2.558,2.814,-0.256
2016-12-21@13:30:00,2.696,2.877,-0.182
2016-12-21@11:30:00,2.858,2.923,-0.065
2016-12-21@11:00:00,2.968,2.939,0.029
2016-12-21@10:30:00,2.983,2.932,0.051
2016-12-21@10:00:00,3.030,2.919,0.111
2016-12-20@15:00:00,3.108,2.891,0.216
2016-12-20@14:30:00,3.160,2.837,0.323
2016-12-20@14:00:00,3.182,2.757,0.425
2016-12-20@13:30:00,3.166,2.651,0.515
2016-12-20@11:30:00,3.178,2.522,0.656
2016-12-20@11:00:00,3.065,2.358,0.708
2016-12-20@10:30:00,2.879,2.181,0.698
2016-12-20@10:00:00,2.661,2.006,0.655
2016-12-19@15:00:00,2.397,1.843,0.554
2016-12-19@14:30:00,2.367,1.704,0.663
2016-12-19@14:00:00,2.294,1.538,0.756
2016-12-19@13:30:00,2.168,1.349,0.819
2016-12-19@11:30:00,1.976,1.144,0.831
2016-12-19@11:00:00,1.777,0.937,0.840
2016-12-19@10:30:00,1.531,0.727,0.804
2016-12-19@10:00:00,1.117,0.526,0.592
2016-12-16@15:00:00,0.958,0.378,0.580
2016-12-16@14:30:00,0.740,0.233,0.507
2016-12-16@14:00:00,0.451,0.106,0.345
2016-12-16@13:30:00,0.087,0.019,0.068
2016-12-16@11:30:00,-0.057,0.002,-0.060
2016-12-16@11:00:00,0.050,0.017,0.032
2016-12-16@10:30:00,0.138,0.009,0.129
2016-12-16@10:00:00,0.201,-0.023,0.223
2016-12-15@15:00:00,0.191,-0.079,0.270
2016-12-15@14:30:00,0.107,-0.146,0.253
2016-12-15@14:00:00,-0.011,-0.209,0.198
2016-12-15@13:30:00,-0.053,-0.259,0.206
2016-12-15@11:30:00,-0.136,-0.310,0.174
2016-12-15@11:00:00,-0.184,-0.354,0.169
2016-12-15@10:30:00,-0.224,-0.396,0.173
2016-12-15@10:00:00,-0.281,-0.439,0.159
2016-12-14@15:00:00,-0.345,-0.479,0.134
2016-12-14@14:30:00,-0.385,-0.512,0.127
2016-12-14@14:00:00,-0.418,-0.544,0.126
2016-12-14@13:30:00,-0.465,-0.576,0.110
2016-12-14@11:30:00,-0.519,-0.603,0.085
2016-12-14@11:00:00,-0.567,-0.625,0.057
2016-12-14@10:30:00,-0.608,-0.639,0.031
2016-12-14@10:00:00,-0.641,-0.647,0.005
2016-12-13@15:00:00,-0.716,-0.648,-0.068
2016-12-13@14:30:00,-0.744,-0.631,-0.113
2016-12-13@14:00:00,-0.772,-0.603,-0.169
2016-12-13@13:30:00,-0.770,-0.560,-0.210
2016-12-13@11:30:00,-0.739,-0.508,-0.231
2016-12-13@11:00:00,-0.703,-0.450,-0.253
2016-12-13@10:30:00,-0.623,-0.387,-0.236
2016-12-13@10:00:00,-0.552,-0.328,-0.224
2016-12-12@15:00:00,-0.459,-0.272,-0.187
2016-12-12@14:30:00,-0.359,-0.225,-0.134
2016-12-12@14:00:00,-0.314,-0.192,-0.122
2016-12-12@13:30:00,-0.257,-0.161,-0.095
2016-12-12@11:30:00,-0.227,-0.137,-0.089
2016-12-12@11:00:00,-0.196,-0.115,-0.081
2016-12-12@10:30:00,-0.171,-0.095,-0.076
2016-12-12@10:00:00,-0.145,-0.076,-0.069
2016-12-09@15:00:00,-0.108,-0.059,-0.049
2016-12-09@14:30:00,-0.087,-0.046,-0.041
2016-12-09@14:00:00,-0.064,-0.036,-0.028
2016-12-09@13:30:00,-0.064,-0.029,-0.035
2016-12-09@11:30:00,-0.064,-0.021,-0.043
2016-12-09@11:00:00,-0.055,-0.010,-0.045
2016-12-09@10:30:00,-0.047,0.002,-0.049
2016-12-09@10:00:00,-0.040,0.014,-0.054
2016-12-08@15:00:00,-0.021,0.027,-0.048
2016-12-08@14:30:00,0.003,0.039,-0.036
2016-12-08@14:00:00,0.013,0.048,-0.035
2016-12-08@13:30:00,0.027,0.057,-0.031
2016-12-08@11:30:00,0.038,0.065,-0.027
2016-12-08@11:00:00,0.057,0.071,-0.014
2016-12-08@10:30:00,0.069,0.075,-0.006
2016-12-08@10:00:00,0.076,0.077,-0.000
2016-12-07@15:00:00,0.096,0.077,0.019
2016-12-07@14:30:00,0.092,0.072,0.020
2016-12-07@14:00:00,0.089,0.067,0.022
2016-12-07@13:30:00,0.087,0.061,0.025
2016-12-07@11:30:00,0.081,0.055,0.026
2016-12-07@11:00:00,0.082,0.049,0.033
2016-12-07@10:30:00,0.074,0.040,0.034
2016-12-07@10:00:00,0.083,0.032,0.051
2016-12-06@15:00:00,0.082,0.019,0.063
2016-12-06@14:30:00,0.070,0.003,0.067
2016-12-06@14:00:00,0.053,-0.014,0.066
2016-12-06@13:30:00,0.028,-0.030,0.058
2016-12-06@11:30:00,0.006,-0.045,0.051
2016-12-06@11:00:00,-0.013,-0.057,0.044
2016-12-06@10:30:00,-0.030,-0.068,0.038
2016-12-06@10:00:00,-0.057,-0.078,0.021
2016-12-05@15:00:00,-0.092,-0.083,-0.009
2016-12-05@14:30:00,-0.098,-0.081,-0.017
2016-12-05@14:00:00,-0.103,-0.077,-0.027
2016-12-05@13:30:00,-0.104,-0.070,-0.034
2016-12-05@11:30:00,-0.111,-0.061,-0.050
2016-12-05@11:00:00,-0.106,-0.049,-0.057
2016-12-05@10:30:00,-0.096,-0.035,-0.062
2016-12-05@10:00:00,-0.097,-0.019,-0.078
2016-12-02@15:00:00,-0.099,0.000,-0.100
2016-12-02@14:30:00,-0.101,0.025,-0.126
2016-12-02@14:00:00,-0.055,0.057,-0.112
2016-12-02@13:30:00,-0.019,0.085,-0.104
2016-12-02@11:30:00,0.019,0.111,-0.092
2016-12-02@11:00:00,0.056,0.134,-0.078
2016-12-02@10:30:00,0.091,0.153,-0.062
2016-12-02@10:00:00,0.112,0.168,-0.057
2016-12-01@15:00:00,0.134,0.183,-0.049
2016-12-01@14:30:00,0.146,0.195,-0.049
2016-12-01@14:00:00,0.160,0.207,-0.047
2016-12-01@13:30:00,0.179,0.219,-0.039
2016-12-01@11:30:00,0.199,0.228,-0.030
2016-12-01@11:00:00,0.216,0.236,-0.020
2016-12-01@10:30:00,0.221,0.241,-0.020
2016-12-01@10:00:00,0.217,0.246,-0.029
2016-11-30@15:00:00,0.230,0.253,-0.023
2016-11-30@14:30:00,0.247,0.259,-0.012
2016-11-30@14:00:00,0.264,0.262,0.003
2016-11-30@13:30:00,0.272,0.261,0.011
2016-11-30@11:30:00,0.284,0.258,0.025
2016-11-30@11:00:00,0.290,0.252,0.038
2016-11-30@10:30:00,0.289,0.243,0.046
2016-11-30@10:00:00,0.262,0.231,0.030
2016-10-13@15:00:00,0.275,0.224,0.051
2016-10-13@14:30:00,0.226,0.211,0.015
2016-10-13@14:00:00,0.228,0.207,0.021
2016-10-13@13:30:00,0.230,0.201,0.028
2016-10-13@11:30:00,0.233,0.194,0.039
2016-10-13@11:00:00,0.224,0.185,0.039
2016-10-13@10:30:00,0.199,0.175,0.024
2016-10-13@10:00:00,0.184,0.169,0.015
2016-10-12@14:30:00,0.178,0.165,0.013
2016-10-12@14:00:00,0.177,0.162,0.015
2016-10-12@13:30:00,0.174,0.158,0.016
2016-10-12@11:30:00,0.167,0.154,0.013
2016-10-12@11:00:00,0.158,0.151,0.007
2016-10-12@10:30:00,0.149,0.149,-0.000
2016-10-12@10:00:00,0.135,0.149,-0.015
2016-10-11@15:00:00,0.128,0.153,-0.025
2016-10-11@14:30:00,0.132,0.159,-0.027
2016-10-11@14:00:00,0.155,0.166,-0.011
2016-10-11@13:30:00,0.180,0.169,0.011
2016-10-11@11:30:00,0.195,0.166,0.029
2016-10-11@11:00:00,0.198,0.159,0.039
2016-10-11@10:30:00,0.209,0.149,0.060
2016-10-11@10:00:00,0.201,0.134,0.067
2016-10-10@15:00:00,0.187,0.117,0.070
2016-10-10@14:30:00,0.174,0.100,0.075
2016-10-10@14:00:00,0.161,0.081,0.080
2016-10-10@13:30:00,0.152,0.061,0.091
2016-10-10@11:30:00,0.134,0.038,0.096
2016-10-10@11:00:00,0.098,0.014,0.084
2016-10-10@10:30:00,0.056,-0.007,0.063
2016-10-10@10:00:00,0.024,-0.022,0.046
2016-09-30@15:00:00,0.010,-0.034,0.044
2016-09-30@14:30:00,0.003,-0.045,0.048
2016-09-30@14:00:00,-0.004,-0.057,0.052
2016-09-30@13:30:00,-0.013,-0.070,0.057
2016-09-30@11:30:00,-0.026,-0.084,0.058
2016-09-30@11:00:00,-0.043,-0.099,0.055
2016-09-30@10:30:00,-0.060,-0.113,0.053
2016-09-30@10:00:00,-0.077,-0.126,0.048
2016-09-29@15:00:00,-0.096,-0.138,0.042
2016-09-29@14:30:00,-0.117,-0.148,0.031
2016-09-29@14:00:00,-0.118,-0.156,0.038
2016-09-29@13:30:00,-0.124,-0.166,0.042
2016-09-29@11:30:00,-0.131,-0.176,0.045
2016-09-29@11:00:00,-0.140,-0.187,0.047
2016-09-29@10:30:00,-0.148,-0.199,0.051
2016-09-29@10:00:00,-0.173,-0.212,0.039
2016-09-28@15:00:00,-0.171,-0.222,0.051
2016-09-28@14:30:00,-0.190,-0.234,0.044
2016-09-28@14:00:00,-0.172,-0.246,0.074
2016-09-28@13:30:00,-0.151,-0.264,0.113
2016-09-28@11:30:00,-0.169,-0.292,0.123
2016-09-28@11:00:00,-0.198,-0.323,0.125
2016-09-28@10:30:00,-0.245,-0.354,0.110
2016-09-28@10:00:00,-0.272,-0.382,0.109
2016-09-27@15:00:00,-0.310,-0.409,0.099
2016-09-27@14:30:00,-0.365,-0.434,0.069
2016-09-27@14:00:00,-0.410,-0.451,0.041
2016-09-27@13:30:00,-0.439,-0.462,0.023
2016-09-27@11:30:00,-0.498,-0.467,-0.031
2016-09-27@11:00:00,-0.518,-0.459,-0.058
2016-09-27@10:30:00,-0.537,-0.445,-0.092
2016-09-27@10:00:00,-0.524,-0.422,-0.102
2016-09-26@15:00:00,-0.481,-0.396,-0.085
2016-09-26@14:30:00,-0.476,-0.375,-0.101
2016-09-26@14:00:00,-0.459,-0.350,-0.109
2016-09-26@13:30:00,-0.437,-0.323,-0.114
2016-09-26@11:30:00,-0.413,-0.294,-0.118
2016-09-26@11:00:00,-0.380,-0.265,-0.116
2016-09-26@10:30:00,-0.341,-0.236,-0.106
2016-09-26@10:00:00,-0.273,-0.209,-0.063
2016-09-23@15:00:00,-0.191,-0.193,0.003
2016-09-23@14:30:00,-0.188,-0.194,0.006
2016-09-23@14:00:00,-0.187,-0.196,0.008
2016-09-23@13:30:00,-0.192,-0.198,0.006
2016-09-23@11:30:00,-0.189,-0.199,0.010
2016-09-23@11:00:00,-0.201,-0.202,0.001
2016-09-23@10:30:00,-0.216,-0.202,-0.015
2016-09-23@10:00:00,-0.234,-0.198,-0.036
2016-09-22@15:00:00,-0.235,-0.189,-0.046
2016-09-22@14:30:00,-0.242,-0.178,-0.065
2016-09-22@14:00:00,-0.243,-0.161,-0.082
2016-09-22@13:30:00,-0.233,-0.141,-0.092
2016-09-22@11:30:00,-0.232,-0.118,-0.114
2016-09-22@11:00:00,-0.202,-0.090,-0.112
2016-09-22@10:30:00,-0.187,-0.062,-0.126
2016-09-22@10:00:00,-0.177,-0.030,-0.147
2016-09-21@15:00:00,-0.167,0.007,-0.174
2016-09-21@14:30:00,-0.108,0.050,-0.158
2016-09-21@14:00:00,-0.079,0.090,-0.169
2016-09-21@13:30:00,-0.052,0.132,-0.184
2016-09-21@11:30:00,-0.029,0.178,-0.207
2016-09-21@11:00:00,0.008,0.230,-0.221
2016-09-21@10:30:00,0.071,0.285,-0.214
2016-09-21@10:00:00,0.155,0.339,-0.184
2016-09-20@15:00:00,0.227,0.385,-0.158
2016-09-20@14:30:00,0.265,0.424,-0.159
2016-09-20@14:00:00,0.319,0.464,-0.145
2016-09-20@13:30:00,0.379,0.500,-0.121
2016-09-20@11:30:00,0.442,0.530,-0.089
2016-09-20@11:00:00,0.475,0.553,-0.078
2016-09-20@10:30:00,nan,nan,nan
2016-09-20@10:00:00,nan,nan,nan
2016-09-19@15:00:00,nan,nan,nan
2016-09-19@14:30:00,nan,nan,nan
2016-09-19@14:00:00,nan,nan,nan
2016-09-19@13:30:00,nan,nan,nan
2016-09-19@11:30:00,nan,nan,nan
2016-09-19@11:00:00,nan,nan,nan
2016-09-19@10:30:00,nan,nan,nan
2016-09-19@10:00:00,nan,nan,nan
2016-09-14@15:00:00,nan,nan,nan
2016-09-14@14:30:00,nan,nan,nan
2016-09-14@14:00:00,nan,nan,nan
2016-09-14@13:30:00,nan,nan,nan
2016-09-14@11:30:00,nan,nan,nan
2016-09-14@11:00:00,nan,nan,nan
2016-09-14@10:30:00,nan,nan,nan
2016-09-14@10:00:00,nan,nan,nan
2016-09-13@15:00:00,nan,nan,nan
2016-09-13@14:30:00,nan,nan,nan
2016-09-13@14:00:00,nan,nan,nan
2016-09-13@13:30:00,nan,nan,nan
2016-09-13@11:30:00,nan,nan,nan
2016-09-13@11:00:00,nan,nan,nan
2016-09-13@10:30:00,nan,nan,nan
2016-09-13@10:00:00,nan,nan,nan
2016-09-12@15:00:00,nan,nan,nan
2016-09-12@14:30:00,nan,nan,nan
2016-09-12@14:00:00,nan,nan,nan
2016-09-12@13:30:00,nan,nan,nan
2016-09-12@11:30:00,nan,nan,nan
2016-09-12@11:00:00,nan,nan,nan
2016-09-12@10:30:00,nan,nan,nan
