Not
2017-06-30,-0.199,-0.170,-0.028
2017-06-29,-0.211,-0.163,-0.047
2017-06-28,-0.206,-0.151,-0.055
2017-06-27,-0.198,-0.138,-0.060
2017-06-26,-0.183,-0.123,-0.060
2017-06-23,-0.162,-0.108,-0.054
2017-06-22,-0.134,-0.094,-0.039
2017-06-21,-0.122,-0.084,-0.038
2017-06-20,-0.107,-0.075,-0.032
2017-06-19,-0.097,-0.067,-0.030
2017-06-16,-0.092,-0.060,-0.033
2017-06-15,-0.084,-0.051,-0.033
2017-06-14,-0.078,-0.043,-0.035
2017-06-13,-0.060,-0.035,-0.026
2017-06-12,-0.057,-0.028,-0.029
2017-06-09,-0.042,-0.021,-0.021
2017-06-08,-0.023,-0.016,-0.007
2017-06-07,-0.019,-0.014,-0.006
2017-06-06,-0.021,-0.012,-0.009
2017-06-05,0.000,-0.010,0.010
2017-06-02,0.012,-0.013,0.024
2017-06-01,0.053,-0.019,0.072
2017-05-31,0.109,-0.037,0.146
2017-05-26,0.119,-0.073,0.192
2017-05-25,0.092,-0.121,0.214
2017-05-24,0.067,-0.175,0.242
2017-05-23,0.045,-0.235,0.280
2017-05-22,0.025,-0.305,0.330
2017-05-19,-0.136,-0.388,0.252
2017-05-18,-0.328,-0.451,0.123
2017-05-17,-0.446,-0.482,0.035
2017-05-16,-0.480,-0.490,0.011
2017-05-15,-0.510,-0.493,-0.016
2017-05-12,-0.525,-0.489,-0.036
2017-05-11,-0.534,-0.480,-0.054
2017-05-10,-0.535,-0.467,-0.069
2017-05-09,-0.535,-0.449,-0.085
2017-05-08,-0.536,-0.428,-0.108
2017-05-05,-0.518,-0.401,-0.118
2017-05-04,-0.481,-0.371,-0.109
2017-05-03,-0.460,-0.344,-0.116
2017-05-02,-0.426,-0.315,-0.111
2017-04-28,-0.413,-0.287,-0.125
2017-04-27,-0.403,-0.256,-0.147
2017-04-26,-0.369,-0.219,-0.150
2017-04-25,-0.331,-0.182,-0.149
2017-04-24,-0.279,-0.144,-0.135
2017-04-21,-0.215,-0.110,-0.104
2017-04-20,-0.168,-0.084,-0.084
2017-04-19,-0.108,-0.064,-0.045
2017-04-18,-0.063,-0.052,-0.011
2017-04-17,-0.040,-0.050,0.010
2017-04-14,-0.025,-0.052,0.027
2017-04-13,-0.021,-0.059,0.038
2017-04-12,-0.029,-0.068,0.039
2017-04-11,-0.040,-0.078,0.038
2017-04-10,-0.057,-0.088,0.031
2017-04-07,-0.073,-0.096,0.023
2017-04-06,-0.100,-0.101,0.001
2017-04-05,-0.113,-0.101,-0.012
2017-03-31,-0.128,-0.099,-0.030
2017-03-30,-0.127,-0.091,-0.036
2017-03-29,-0.113,-0.082,-0.031
2017-03-28,-0.114,-0.074,-0.040
2017-03-27,-0.106,-0.064,-0.041
2017-03-24,-0.097,-0.054,-0.043
2017-03-23,-0.099,-0.043,-0.056
2017-03-22,-0.084,-0.029,-0.055
2017-03-21,-0.067,-0.016,-0.052
2017-03-20,-0.061,-0.003,-0.059
2017-03-17,-0.046,0.012,-0.058
2017-03-16,-0.034,0.027,-0.061
2017-03-15,-0.028,0.042,-0.070
2017-03-14,-0.006,0.059,-0.066
2017-03-13,0.016,0.076,-0.060
2017-03-10,0.039,0.091,-0.051
2017-03-09,0.078,0.103,-0.025
2017-03-08,0.113,0.110,0.004
2017-03-07,0.120,0.109,0.011
2017-03-06,0.125,0.106,0.019
2017-03-03,0.114,0.101,0.013
2017-03-02,0.122,0.098,0.024
2017-03-01,0.122,0.092,0.030
2017-02-28,0.115,0.085,0.030
2017-02-27,0.095,0.077,0.018
2017-02-24,0.109,0.073,0.036
2017-02-23,0.114,0.064,0.050
2017-02-22,0.111,0.051,0.060
2017-02-21,0.084,0.036,0.048
2017-02-20,0.072,0.024,0.048
2017-02-17,0.053,0.012,0.040
2017-02-16,0.054,0.002,0.052
2017-02-15,0.027,-0.011,0.038
2017-02-14,0.013,-0.020,0.033
2017-02-13,0.009,-0.028,0.037
2017-02-10,-0.004,-0.038,0.034
2017-02-09,-0.024,-0.046,0.022
2017-02-08,-0.034,-0.052,0.017
2017-02-07,-0.037,-0.056,0.019
2017-02-06,-0.043,-0.061,0.018
2017-02-03,-0.059,-0.065,0.006
2017-01-26,-0.067,-0.067,-0.000
2017-01-25,-0.079,-0.067,-0.013
2017-01-24,-0.092,-0.063,-0.028
2017-01-23,-0.109,-0.056,-0.053
2017-01-20,-0.108,-0.043,-0.065
2017-01-19,-0.091,-0.027,-0.064
2017-01-18,-0.065,-0.011,-0.053
2017-01-17,-0.043,0.002,-0.045
2017-01-16,-0.018,0.014,-0.032
2017-01-13,0.028,0.021,0.006
2017-01-12,0.037,0.020,0.017
2017-01-11,0.037,0.016,0.021
2017-01-10,0.020,0.011,0.009
2017-01-09,0.020,0.008,0.012
2017-01-06,0.001,0.005,-0.004
2017-01-05,-0.015,0.006,-0.021
2017-01-04,-0.031,0.011,-0.042
2017-01-03,-0.031,0.022,-0.052
2016-12-30,-0.031,0.035,-0.066
2016-12-29,-0.020,0.051,-0.071
2016-12-28,0.007,0.069,-0.062
2016-12-27,0.033,0.084,-0.051
2016-12-26,0.053,0.097,-0.044
2016-12-23,0.069,0.108,-0.039
2016-12-22,0.070,0.118,-0.048
2016-12-21,0.063,0.130,-0.067
2016-12-20,0.062,0.146,-0.084
2016-12-19,0.097,0.168,-0.070
2016-12-16,0.122,0.185,-0.063
2016-12-15,0.139,0.201,-0.061
2016-12-14,0.159,0.216,-0.057
2016-12-13,0.168,0.230,-0.063
2016-12-12,0.173,0.246,-0.073
2016-12-09,0.211,0.264,-0.054
2016-12-08,0.242,0.278,-0.036
2016-12-07,0.278,0.287,-0.009
2016-12-06,0.307,0.289,0.018
2016-12-05,0.327,0.284,0.042
2016-12-02,0.345,0.274,0.072
2016-12-01,0.331,0.256,0.075
2016-11-30,0.294,0.237,0.057
2016-11-29,0.313,0.223,0.090
2016-11-28,0.296,0.201,0.095
2016-11-25,0.280,0.177,0.103
2016-11-24,0.257,0.151,0.106
2016-11-23,0.224,0.125,0.100
2016-11-22,0.170,0.100,0.070
2016-11-21,0.128,0.082,0.046
2016-11-18,0.109,0.071,0.038
2016-11-17,0.111,0.061,0.049
2016-11-16,0.095,0.049,0.046
2016-11-15,0.074,0.037,0.037
2016-11-14,0.060,0.028,0.032
2016-11-11,0.027,0.020,0.007
2016-11-10,0.008,0.018,-0.011
2016-11-09,0.003,0.021,-0.018
2016-11-08,0.014,0.026,-0.012
2016-11-07,0.011,0.029,-0.018
2016-11-04,0.015,0.033,-0.018
2016-11-03,0.023,0.037,-0.014
2016-11-02,0.028,0.041,-0.013
2016-11-01,0.040,0.044,-0.004
2016-10-31,0.047,0.045,0.002
2016-10-28,0.056,0.045,0.012
2016-10-27,0.061,0.042,0.019
2016-10-26,0.063,0.037,0.026
2016-10-25,0.066,0.031,0.036
2016-10-24,0.065,0.022,0.043
2016-10-21,0.048,0.011,0.037
2016-10-20,0.042,0.002,0.040
2016-10-19,0.030,-0.008,0.039
2016-10-18,0.025,-0.018,0.043
2016-10-17,0.015,-0.029,0.043
2016-10-14,0.017,-0.040,0.056
2016-10-13,0.007,-0.054,0.060
2016-10-12,-0.006,-0.069,0.062
2016-10-11,-0.030,-0.084,0.055
2016-10-10,-0.066,-0.098,0.032
2016-09-30,-0.109,-0.106,-0.003
2016-09-29,-0.115,-0.105,-0.010
2016-09-28,-0.133,-0.103,-0.030
2016-09-27,-0.123,-0.095,-0.028
2016-09-26,-0.115,-0.089,-0.026
2016-09-23,-0.100,-0.082,-0.018
2016-09-22,-0.100,-0.077,-0.022
2016-09-21,-0.099,-0.072,-0.028
2016-09-20,-0.096,-0.065,-0.032
2016-09-19,-0.091,-0.057,-0.034
2016-09-14,-0.084,-0.048,-0.035
2016-09-13,-0.072,-0.039,-0.033
2016-09-12,-0.056,-0.031,-0.025
2016-09-09,-0.033,-0.025,-0.008
2016-09-08,-0.028,-0.023,-0.005
2016-09-07,-0.033,-0.022,-0.011
2016-09-06,-0.035,-0.019,-0.016
2016-09-05,-0.038,-0.015,-0.023
2016-09-02,-0.031,-0.009,-0.022
2016-09-01,-0.022,-0.004,-0.018
2016-08-31,-0.010,0.001,-0.011
2016-08-30,-0.007,0.003,-0.010
2016-08-29,-0.002,0.006,-0.008
2016-08-26,0.005,0.008,-0.002
2016-08-25,0.015,0.008,0.007
2016-08-24,0.026,0.007,0.019
2016-08-23,0.031,0.002,0.029
2016-08-22,0.030,-0.005,0.036
2016-08-19,0.035,-0.014,0.049
2016-08-18,0.018,-0.027,0.045
2016-08-17,0.005,-0.038,0.043
2016-08-16,-0.008,-0.049,0.041
2016-08-15,-0.031,-0.059,0.028
2016-08-12,-0.061,-0.066,0.004
2016-08-11,-0.078,-0.067,-0.012
2016-08-10,-0.078,-0.064,-0.014
2016-08-09,-0.080,-0.061,-0.019
2016-08-08,-0.088,-0.056,-0.032
2016-08-05,-0.093,-0.048,-0.046
2016-08-04,-0.087,-0.036,-0.051
2016-08-03,-0.084,-0.024,-0.061
2016-08-02,-0.073,-0.008,-0.065
2016-08-01,-0.059,0.008,-0.066
2016-07-29,-0.034,0.024,-0.058
2016-07-28,-0.013,0.039,-0.052
2016-07-27,0.016,0.052,-0.036
2016-07-26,0.050,0.061,-0.011
2016-07-25,0.058,0.064,-0.006
2016-07-22,0.078,0.065,0.013
2016-07-21,0.091,0.062,0.029
2016-07-20,0.089,0.055,0.035
2016-07-19,0.094,0.046,0.048
2016-07-18,0.093,0.034,0.059
2016-07-15,0.094,0.020,0.074
2016-07-14,0.077,0.001,0.076
2016-07-13,0.054,-0.018,0.072
2016-07-12,0.027,-0.036,0.063
2016-07-11,-0.023,-0.052,0.028
2016-07-08,-0.026,-0.059,0.033
2016-07-07,-0.027,-0.067,0.041
2016-07-06,-0.034,-0.077,0.044
2016-07-05,-0.047,-0.088,0.041
2016-07-04,-0.076,-0.098,0.022
2016-07-01,-0.104,-0.104,0.000
2016-06-30,-0.108,-0.104,-0.004
2016-06-29,-0.114,-0.103,-0.011
2016-06-28,-0.121,-0.100,-0.021
2016-06-27,-0.122,-0.095,-0.027
2016-06-24,-0.114,-0.088,-0.026
2016-06-23,-0.091,-0.082,-0.009
2016-06-22,-0.089,-0.080,-0.009
2016-06-21,-0.090,-0.077,-0.012
2016-06-20,-0.081,-0.074,-0.007
2016-06-17,-0.071,-0.072,0.001
2016-06-16,-0.064,-0.073,0.009
2016-06-15,-0.050,-0.075,0.025
2016-06-14,-0.058,-0.081,0.023
2016-06-13,-0.054,-0.087,0.033
2016-06-08,-0.036,-0.095,0.060
2016-06-07,-0.061,-0.110,0.049
2016-06-06,-0.073,-0.122,0.049
2016-06-03,-0.081,-0.135,0.053
2016-06-02,-0.101,-0.148,0.047
2016-06-01,-0.123,-0.160,0.037
2016-05-31,-0.145,-0.169,0.024
2016-05-30,-0.178,-0.175,-0.003
2016-05-27,-0.180,-0.174,-0.006
2016-05-26,-0.180,-0.173,-0.007
2016-05-25,-0.186,-0.171,-0.015
2016-05-24,-0.186,-0.167,-0.019
2016-05-23,-0.189,-0.162,-0.026
2016-05-20,-0.195,-0.156,-0.039
2016-05-19,-0.193,-0.146,-0.047
2016-05-18,-0.181,-0.134,-0.047
2016-05-17,-0.169,-0.123,-0.046
2016-05-16,-0.173,-0.111,-0.062
2016-05-13,-0.165,-0.096,-0.070
2016-05-12,-0.149,-0.078,-0.071
2016-05-11,-0.131,-0.060,-0.070
2016-05-10,-0.106,-0.043,-0.064
2016-05-09,-0.073,-0.027,-0.046
2016-05-06,-0.021,-0.015,-0.006
2016-05-05,0.010,-0.014,0.023
2016-05-04,0.006,-0.020,0.026
2016-05-03,-0.007,-0.026,0.019
2016-04-29,-0.029,-0.031,0.002
2016-04-28,-0.045,-0.031,-0.014
2016-04-27,-0.082,-0.028,-0.054
2016-04-26,-0.080,-0.014,-0.066
2016-04-25,-0.074,0.002,-0.076
2016-04-22,-0.043,0.021,-0.064
2016-04-21,-0.015,0.037,-0.052
2016-04-20,0.020,0.050,-0.030
2016-04-19,0.065,0.057,0.007
2016-04-18,0.078,0.055,0.022
2016-04-15,0.097,0.050,0.047
2016-04-14,0.089,0.038,0.051
2016-04-13,0.067,0.025,0.042
2016-04-12,0.036,0.015,0.021
2016-04-11,0.022,0.010,0.013
2016-04-08,0.012,0.006,0.006
2016-04-07,0.029,0.005,0.024
2016-04-06,0.034,-0.001,0.035
2016-04-05,0.014,-0.010,0.024
2016-04-01,-0.014,-0.016,0.002
2016-03-31,-0.024,-0.016,-0.008
2016-03-30,-0.029,-0.014,-0.014
2016-03-29,-0.035,-0.011,-0.024
2016-03-28,-0.002,-0.005,0.003
2016-03-25,0.015,-0.006,0.020
2016-03-24,0.027,-0.011,0.038
2016-03-23,0.050,-0.020,0.070
2016-03-22,0.033,-0.038,0.071
2016-03-21,0.007,-0.055,0.062
2016-03-18,-0.026,-0.071,0.045
2016-03-17,-0.057,-0.082,0.026
2016-03-16,-0.078,-0.089,0.010
2016-03-15,-0.078,-0.091,0.013
2016-03-14,-0.064,-0.094,0.031
2016-03-11,-0.067,-0.102,0.035
2016-03-10,-0.044,-0.111,0.067
2016-03-09,-0.003,-0.128,0.124
2016-03-08,-0.009,-0.159,0.149
2016-03-07,-0.069,-0.196,0.127
2016-03-04,-0.113,-0.228,0.114
2016-03-03,-0.168,-0.256,0.088
2016-03-02,-0.219,-0.278,0.059
2016-03-01,-0.265,-0.293,0.028
2016-02-29,-0.254,-0.300,0.046
2016-02-26,-0.216,-0.312,0.095
2016-02-25,-0.203,-0.335,0.133
2016-02-24,-0.159,-0.369,0.210
2016-02-23,-0.205,-0.421,0.217
2016-02-22,-0.245,-0.475,0.230
2016-02-19,-0.309,-0.533,0.224
2016-02-18,-0.358,-0.589,0.230
2016-02-17,-0.433,-0.646,0.213
2016-02-16,-0.511,-0.700,0.189
2016-02-15,-0.603,-0.747,0.144
2016-02-05,-0.678,-0.783,0.105
2016-02-04,-0.756,-0.809,0.053
2016-02-03,-0.800,-0.822,0.022
2016-02-02,-0.824,-0.828,0.004
2016-02-01,-0.853,-0.829,-0.025
2016-01-29,-0.851,-0.822,-0.029
2016-01-28,-0.866,-0.815,-0.051
2016-01-27,-0.829,-0.803,-0.027
2016-01-26,-0.806,-0.796,-0.010
2016-01-25,-0.773,-0.793,0.020
2016-01-22,-0.839,-0.798,-0.040
2016-01-21,-0.848,-0.788,-0.059
2016-01-20,-0.841,-0.773,-0.067
2016-01-19,-0.867,-0.757,-0.111
2016-01-18,-0.882,-0.729,-0.153
2016-01-15,-0.848,-0.691,-0.157
2016-01-14,-0.803,-0.652,-0.151
2016-01-13,-0.798,-0.614,-0.185
2016-01-12,-0.766,-0.568,-0.198
2016-01-11,-0.742,-0.518,-0.224
2016-01-08,-0.678,-0.462,-0.216
2016-01-07,-0.635,-0.408,-0.227
2016-01-06,-0.499,-0.351,-0.148
2016-01-05,-0.467,-0.314,-0.153
2016-01-04,-0.372,-0.276,-0.096
2015-12-31,-0.263,-0.252,-0.011
2015-12-30,-0.245,-0.249,0.004
2015-12-29,-0.232,-0.250,0.018
2015-12-28,-0.217,-0.254,0.037
2015-12-25,-0.190,-0.264,0.073
2015-12-24,-0.203,-0.282,0.078
2015-12-23,-0.217,-0.302,0.084
2015-12-22,-0.246,-0.323,0.076
2015-12-21,-0.282,-0.342,0.059
2015-12-18,-0.321,-0.356,0.036
2015-12-17,-0.347,-0.365,0.018
2015-12-16,-0.381,-0.370,-0.012
2015-12-15,-0.409,-0.367,-0.042
2015-12-14,-0.424,-0.356,-0.067
2015-12-11,-0.447,-0.340,-0.107
2015-12-10,-0.436,-0.313,-0.123
2015-12-09,-0.422,-0.282,-0.140
2015-12-08,-0.396,-0.247,-0.149
2015-12-07,-0.347,-0.210,-0.138
2015-12-04,-0.330,-0.175,-0.155
2015-12-03,-0.306,-0.137,-0.169
2015-12-02,-0.303,-0.094,-0.208
2015-12-01,-0.276,-0.042,-0.233
2015-11-30,-0.191,0.016,-0.207
2015-11-27,-0.066,0.068,-0.134
2015-11-26,0.065,0.101,-0.036
2015-11-25,0.075,0.110,-0.036
2015-11-24,0.085,0.119,-0.035
2015-11-23,0.117,0.128,-0.010
2015-11-20,0.140,0.130,0.010
2015-11-19,0.138,0.128,0.010
2015-11-18,0.137,0.126,0.012
2015-11-17,0.158,0.123,0.035
2015-11-16,0.176,0.114,0.062
2015-11-13,0.187,0.098,0.089
2015-11-12,0.205,0.076,0.129
2015-11-11,0.200,0.044,0.156
2015-11-10,0.158,0.005,0.153
2015-11-09,0.096,-0.034,0.129
2015-11-06,0.030,-0.066,0.096
2015-11-05,-0.051,-0.090,0.039
2015-11-04,-0.112,-0.100,-0.013
2015-11-03,-0.145,-0.097,-0.048
2015-11-02,-0.108,-0.085,-0.023
2015-10-30,-0.061,-0.079,0.018
2015-10-29,-0.046,-0.083,0.037
2015-10-28,-0.035,-0.092,0.058
2015-10-27,-0.019,-0.107,0.088
2015-10-26,-0.057,-0.129,0.072
2015-10-23,-0.066,-0.147,0.081
2015-10-22,-0.063,-0.167,0.104
2015-10-21,-0.041,-0.193,0.152
2015-10-20,0.016,-0.231,0.247
2015-10-19,-0.038,-0.293,0.256
2015-10-16,-0.089,-0.357,0.269
2015-10-15,-0.188,-0.424,0.236
2015-10-14,-0.268,-0.483,0.215
2015-10-13,-0.314,-0.537,0.223
2015-10-12,-0.391,-0.593,0.202
2015-10-09,-0.497,-0.643,0.146
2015-10-08,-0.568,-0.680,0.112
2015-09-30,-0.670,-0.708,0.037
2015-09-29,-0.655,-0.717,0.062
2015-09-28,-0.611,-0.733,0.121
2015-09-25,-0.613,-0.763,0.150
2015-09-24,-0.609,-0.800,0.191
2015-09-23,-0.653,-0.848,0.195
2015-09-22,-0.666,-0.897,0.231
2015-09-21,-0.745,-0.955,0.210
2015-09-18,-0.836,-1.007,0.171
2015-09-17,-0.918,-1.050,0.132
2015-09-16,-0.993,-1.083,0.090
2015-09-15,-1.069,-1.105,0.036
2015-09-14,-1.037,-1.114,0.077
2015-09-11,-1.041,-1.133,0.093
2015-09-10,-1.081,-1.157,0.076
2015-09-09,-1.136,-1.176,0.040
2015-09-08,-1.240,-1.186,-0.054
2015-09-07,-1.290,-1.172,-0.118
2015-09-02,-1.293,-1.142,-0.150
2015-09-01,-1.389,-1.105,-0.284
2015-08-31,-1.428,-1.034,-0.395
2015-08-28,-1.448,-0.935,-0.513
2015-08-27,-1.441,-0.807,-0.634
2015-08-26,-1.302,-0.649,-0.653
2015-08-25,-1.041,-0.485,-0.555
2015-08-24,-0.692,-0.347,-0.345
2015-08-21,-0.405,-0.260,-0.145
2015-08-20,-0.222,-0.224,0.002
2015-08-19,-0.095,-0.225,0.129
2015-08-18,0.025,-0.257,0.281
2015-08-17,0.151,-0.327,0.478
2015-08-14,0.080,-0.447,0.527
2015-08-13,-0.042,-0.578,0.536
2015-08-12,-0.181,-0.712,0.532
2015-08-11,-0.322,-0.845,0.524
2015-08-10,-0.607,-0.976,0.369
2015-08-07,-0.776,-1.069,0.293
2015-08-06,-0.832,-1.142,0.310
2015-08-05,-0.847,-1.219,0.372
2015-08-04,-0.920,-1.312,0.392
2015-08-03,-1.069,-1.410,0.341
2015-07-31,-1.177,-1.496,0.319
2015-07-30,-1.254,-1.575,0.321
2015-07-29,-1.293,-1.655,0.362
2015-07-28,-1.415,-1.746,0.331
2015-07-27,-1.403,-1.829,0.426
2015-07-24,-1.496,-1.935,0.440
2015-07-23,-1.821,-2.045,0.224
2015-07-22,-2.000,-2.101,0.101
2015-07-21,-2.195,-2.126,-0.069
2015-07-20,-2.307,-2.109,-0.198
2015-07-17,-2.398,-2.060,-0.339
2015-07-16,-2.469,-1.975,-0.494
2015-07-15,-2.426,-1.851,-0.575
2015-07-14,-2.278,-1.708,-0.570
2015-07-13,-2.254,-1.565,-0.689
2015-07-10,-2.358,-1.393,-0.965
2015-07-09,-2.354,-1.152,-1.202
2015-07-08,-2.128,-0.851,-1.277
2015-07-07,-1.640,-0.532,-1.108
2015-07-06,-1.183,-0.255,-0.928
2015-07-03,-0.701,-0.023,-0.678
2015-07-02,-0.297,0.147,-0.444
2015-07-01,-0.024,0.257,-0.282
2015-06-30,0.055,0.328,-0.273
2015-06-29,0.046,0.396,-0.350
2015-06-26,0.120,0.484,-0.364
2015-06-25,0.347,0.575,-0.228
2015-06-24,0.431,0.632,-0.200
2015-06-23,0.337,0.682,-0.344
2015-06-19,0.382,0.768,-0.386
2015-06-18,0.657,0.864,-0.207
2015-06-17,0.826,0.916,-0.090
2015-06-16,0.958,0.939,0.020
2015-06-15,1.158,0.934,0.225
2015-06-12,1.183,0.877,0.306
2015-06-11,1.066,0.801,0.265
2015-06-10,1.065,0.735,0.330
2015-06-09,0.995,0.652,0.343
2015-06-08,0.853,0.567,0.287
2015-06-05,0.618,0.495,0.123
2015-06-04,0.455,0.464,-0.009
2015-06-03,0.387,0.466,-0.079
2015-06-02,0.384,0.486,-0.102
2015-06-01,0.337,0.512,-0.175
2015-05-29,0.383,0.555,-0.172
2015-05-28,0.561,0.598,-0.037
2015-05-27,0.728,0.607,0.121
2015-05-26,0.641,0.577,0.064
2015-05-25,0.545,0.561,-0.016
2015-05-22,0.425,0.565,-0.140
2015-05-21,0.335,0.600,-0.264
2015-05-20,0.332,0.666,-0.334
2015-05-19,0.365,0.750,-0.384
2015-05-18,0.392,0.846,-0.453
2015-05-15,0.514,0.959,-0.445
2015-05-14,0.666,1.070,-0.404
2015-05-13,0.756,1.171,-0.415
2015-05-12,0.872,1.275,-0.403
2015-05-11,0.954,1.375,-0.422
2015-05-08,1.076,1.481,-0.405
2015-05-07,1.272,1.582,-0.310
2015-05-06,1.557,1.660,-0.102
2015-05-05,1.650,1.685,-0.035
2015-05-04,1.620,1.694,-0.074
2015-04-30,1.729,1.712,0.016
2015-04-29,1.873,1.708,0.165
2015-04-28,1.951,1.667,0.284
2015-04-27,2.000,1.596,0.404
2015-04-24,1.806,1.495,0.311
2015-04-23,1.810,1.417,0.393
2015-04-22,1.763,1.319,0.444
2015-04-21,1.636,1.208,0.428
2015-04-20,1.477,1.101,0.376
2015-04-17,1.295,1.007,0.288
2015-04-16,1.045,0.935,0.111
2015-04-15,0.963,0.907,0.056
2015-04-14,0.997,0.893,0.104
2015-04-13,0.954,0.867,0.086
2015-04-10,0.915,0.846,0.069
2015-04-09,0.937,0.828,0.109
2015-04-08,0.982,0.801,0.181
2015-04-07,0.923,0.756,0.167
2015-04-03,0.896,0.714,0.182
2015-04-02,0.894,0.669,0.225
2015-04-01,0.866,0.612,0.253
2015-03-31,0.840,0.549,0.291
2015-03-30,0.807,0.476,0.331
2015-03-27,0.679,0.393,0.285
2015-03-26,0.594,0.322,0.272
2015-03-25,0.397,0.254,0.142
2015-03-24,0.336,0.219,0.118
2015-03-23,0.339,0.189,0.150
2015-03-20,0.298,0.152,0.146
2015-03-19,0.261,0.115,0.146
2015-03-18,0.225,0.079,0.147
2015-03-17,0.162,0.042,0.120
2015-03-16,0.097,0.012,0.085
2015-03-13,0.055,-0.009,0.064
2015-03-12,0.041,-0.025,0.066
2015-03-11,0.024,-0.042,0.065
2015-03-10,0.032,-0.058,0.089
2015-03-09,0.023,-0.080,0.103
2015-03-06,0.007,-0.106,0.113
2015-03-05,-0.006,-0.134,0.128
2015-03-04,-0.035,-0.166,0.131
2015-03-03,-0.081,-0.199,0.118
2015-03-02,-0.096,-0.229,0.133
2015-02-27,-0.140,-0.262,0.122
2015-02-26,-0.196,-0.292,0.097
2015-02-25,-0.255,-0.316,0.062
2015-02-17,-0.312,-0.332,0.020
2015-02-16,-0.357,-0.337,-0.021
2015-02-13,-0.392,-0.331,-0.061
2015-02-12,-0.417,-0.316,-0.101
2015-02-11,-0.413,-0.291,-0.122
2015-02-10,-0.398,-0.261,-0.137
2015-02-09,-0.381,-0.226,-0.154
2015-02-06,-0.336,-0.188,-0.149
2015-02-05,-0.269,-0.151,-0.118
2015-02-04,-0.220,-0.121,-0.099
2015-02-03,-0.200,-0.096,-0.104
2015-02-02,-0.195,-0.070,-0.125
2015-01-30,-0.147,-0.039,-0.108
2015-01-29,-0.115,-0.012,-0.103
2015-01-28,-0.105,0.014,-0.118
2015-01-27,-0.093,0.043,-0.137
2015-01-26,-0.091,0.077,-0.168
2015-01-23,-0.087,0.120,-0.207
2015-01-22,-0.065,0.171,-0.236
2015-01-21,-0.054,0.230,-0.284
2015-01-20,-0.023,0.301,-0.324
2015-01-19,0.079,0.382,-0.304
2015-01-16,0.239,0.458,-0.219
2015-01-15,0.279,0.513,-0.234
2015-01-14,0.324,0.571,-0.247
2015-01-13,0.451,0.633,-0.182
2015-01-12,0.564,0.678,-0.114
2015-01-09,0.696,0.707,-0.011
2015-01-08,0.776,0.710,0.066
2015-01-07,0.821,0.693,0.128
2015-01-06,0.802,0.661,0.141
2015-01-05,0.780,0.626,0.154
2014-12-31,0.669,0.587,0.081
2014-12-30,0.657,0.567,0.090
2014-12-29,0.693,0.544,0.148
2014-12-26,0.661,0.507,0.153
2014-12-25,0.636,0.469,0.167
2014-12-24,0.594,0.427,0.166
2014-12-23,0.563,0.386,0.177
2014-12-22,0.592,0.342,0.250
2014-12-19,0.495,0.279,0.216
2014-12-18,0.346,0.225,0.121
2014-12-17,0.246,0.195,0.051
2014-12-16,0.272,0.182,0.090
2014-12-15,0.262,0.160,0.102
2014-12-12,0.272,0.134,0.137
2014-12-11,0.286,0.100,0.186
2014-12-10,0.282,0.054,0.229
2014-12-09,0.227,-0.003,0.230
2014-12-08,0.211,-0.061,0.272
2014-12-05,0.132,-0.129,0.261
2014-12-04,0.047,-0.194,0.241
2014-12-03,-0.130,-0.255,0.124
2014-12-02,-0.199,-0.286,0.087
2014-12-01,-0.252,-0.307,0.055
2014-11-28,-0.283,-0.321,0.038
2014-11-27,-0.284,-0.331,0.047
2014-11-26,-0.311,-0.342,0.032
2014-11-25,-0.343,-0.350,0.008
2014-11-24,-0.375,-0.352,-0.023
2014-11-21,-0.391,-0.347,-0.044
2014-11-20,-0.405,-0.335,-0.070
2014-11-19,-0.391,-0.318,-0.074
2014-11-18,-0.354,-0.300,-0.054
2014-11-17,-0.294,-0.286,-0.008
2014-11-14,-0.270,-0.284,0.013
2014-11-13,-0.255,-0.287,0.032
2014-11-12,-0.258,-0.295,0.037
2014-11-11,-0.286,-0.305,0.018
2014-11-10,-0.281,-0.309,0.028
2014-11-07,-0.324,-0.316,-0.008
2014-11-06,-0.307,-0.314,0.007
2014-11-05,-0.287,-0.316,0.028
2014-11-04,-0.293,-0.323,0.030
2014-11-03,-0.326,-0.331,0.004
2014-10-31,-0.357,-0.332,-0.025
2014-10-30,-0.381,-0.325,-0.056
2014-10-29,-0.414,-0.311,-0.102
2014-10-28,-0.433,-0.286,-0.147
2014-10-27,-0.435,-0.249,-0.186
2014-10-24,-0.389,-0.202,-0.187
2014-10-23,-0.339,-0.156,-0.183
2014-10-22,-0.270,-0.110,-0.160
2014-10-21,-0.226,-0.070,-0.156
2014-10-20,-0.170,-0.031,-0.139
2014-10-17,-0.130,0.004,-0.133
2014-10-16,-0.066,0.037,-0.103
2014-10-15,-0.019,0.063,-0.082
2014-10-14,0.004,0.083,-0.079
2014-10-13,0.007,0.103,-0.096
2014-10-10,0.020,0.127,-0.107
2014-10-09,0.061,0.154,-0.092
2014-10-08,0.081,0.177,-0.096
2014-09-30,0.094,0.201,-0.107
2014-09-29,0.097,0.228,-0.131
2014-09-26,0.111,0.260,-0.150
2014-09-25,0.148,0.298,-0.150
2014-09-24,0.184,0.335,-0.152
2014-09-23,0.198,0.373,-0.175
2014-09-22,0.269,0.417,-0.148
2014-09-19,0.364,0.454,-0.090
2014-09-18,0.397,0.477,-0.079
2014-09-17,0.423,0.496,-0.073
2014-09-16,0.465,0.515,-0.049
2014-09-15,0.531,0.527,0.004
2014-09-12,0.554,0.526,0.028
2014-09-11,0.563,0.519,0.044
2014-09-10,0.595,0.508,0.087
2014-09-09,0.605,0.486,0.119
2014-09-05,0.583,0.457,0.126
2014-09-04,0.527,0.425,0.102
2014-09-03,0.522,0.400,0.123
2014-09-02,0.499,0.369,0.130
2014-09-01,0.454,0.336,0.118
2014-08-29,0.415,0.307,0.108
2014-08-28,0.345,0.280,0.065
2014-08-27,0.295,0.264,0.031
2014-08-26,0.233,0.256,-0.023
2014-08-25,0.237,0.262,-0.025
2014-08-22,0.222,0.268,-0.046
2014-08-21,0.241,0.279,-0.038
2014-08-20,0.265,0.289,-0.024
2014-08-19,0.274,0.295,-0.020
2014-08-18,0.266,0.300,-0.034
2014-08-15,nan,nan,nan
2014-08-14,nan,nan,nan
2014-08-13,nan,nan,nan
2014-08-12,nan,nan,nan
2014-08-11,nan,nan,nan
2014-08-08,nan,nan,nan
2014-08-07,nan,nan,nan
2014-08-06,nan,nan,nan
2014-08-05,nan,nan,nan
2014-08-04,nan,nan,nan
2014-08-01,nan,nan,nan
2014-07-31,nan,nan,nan
2014-07-30,nan,nan,nan
2014-07-29,nan,nan,nan
2014-07-28,nan,nan,nan
2014-07-25,nan,nan,nan
2014-07-24,nan,nan,nan
2014-07-23,nan,nan,nan
2014-07-22,nan,nan,nan
2014-07-21,nan,nan,nan
2014-07-18,nan,nan,nan
2014-07-17,nan,nan,nan
2014-07-16,nan,nan,nan
2014-07-15,nan,nan,nan
2014-07-14,nan,nan,nan
2014-07-11,nan,nan,nan
2014-07-10,nan,nan,nan
2014-07-09,nan,nan,nan
2014-07-08,nan,nan,nan
2014-07-07,nan,nan,nan
2014-07-04,nan,nan,nan
2014-07-03,nan,nan,nan
2014-07-02,nan,nan,nan
