Not
2017-01-06@15:00:00,0.084,0.074,0.010
2017-01-06@14:30:00,0.088,0.071,0.017
2017-01-06@14:00:00,0.087,0.067,0.020
2017-01-06@13:30:00,0.088,0.062,0.026
2017-01-06@11:30:00,0.081,0.055,0.026
2017-01-06@11:00:00,0.075,0.049,0.027
2017-01-06@10:30:00,0.067,0.042,0.025
2017-01-06@10:00:00,0.056,0.036,0.020
2017-01-05@15:00:00,0.045,0.031,0.014
2017-01-05@14:30:00,0.035,0.027,0.008
2017-01-05@14:00:00,0.031,0.025,0.005
2017-01-05@13:30:00,0.031,0.024,0.007
2017-01-05@11:30:00,0.035,0.023,0.012
2017-01-05@11:00:00,0.032,0.020,0.012
2017-01-05@10:30:00,0.027,0.017,0.010
2017-01-05@10:00:00,0.018,0.014,0.004
2017-01-04@15:00:00,0.017,0.013,0.004
2017-01-04@14:30:00,0.016,0.012,0.004
2017-01-04@14:00:00,0.016,0.011,0.005
2017-01-04@13:30:00,0.014,0.010,0.004
2017-01-04@11:30:00,0.014,0.009,0.005
2017-01-04@11:00:00,0.014,0.007,0.006
2017-01-04@10:30:00,0.016,0.006,0.010
2017-01-04@10:00:00,0.017,0.003,0.014
2017-01-03@15:00:00,0.021,0.000,0.021
2017-01-03@14:30:00,0.019,-0.005,0.024
2017-01-03@14:00:00,0.014,-0.011,0.025
2017-01-03@13:30:00,0.007,-0.018,0.024
2017-01-03@11:30:00,-0.000,-0.024,0.023
2017-01-03@11:00:00,-0.004,-0.030,0.025
2017-01-03@10:30:00,-0.010,-0.036,0.026
2017-01-03@10:00:00,-0.021,-0.042,0.021
2016-12-30@15:00:00,-0.034,-0.048,0.013
2016-12-30@14:30:00,-0.040,-0.051,0.011
2016-12-30@14:00:00,-0.044,-0.054,0.010
2016-12-30@13:30:00,-0.050,-0.056,0.006
2016-12-30@11:30:00,-0.056,-0.058,0.002
2016-12-30@11:00:00,-0.061,-0.058,-0.002
2016-12-30@10:30:00,-0.060,-0.058,-0.003
2016-12-30@10:00:00,-0.060,-0.057,-0.003
2016-12-29@15:00:00,-0.061,-0.056,-0.005
2016-12-29@14:30:00,-0.057,-0.055,-0.002
2016-12-29@14:00:00,-0.059,-0.054,-0.005
2016-12-29@13:30:00,-0.059,-0.053,-0.005
2016-12-29@11:30:00,-0.061,-0.052,-0.009
2016-12-29@11:00:00,-0.065,-0.050,-0.015
2016-12-29@10:30:00,-0.061,-0.046,-0.015
2016-12-29@10:00:00,-0.055,-0.042,-0.012
2016-12-28@15:00:00,-0.051,-0.039,-0.012
2016-12-28@14:30:00,-0.044,-0.036,-0.008
2016-12-28@14:00:00,-0.040,-0.034,-0.006
2016-12-28@13:30:00,-0.033,-0.032,-0.000
2016-12-28@11:30:00,-0.029,-0.032,0.003
2016-12-28@11:00:00,-0.026,-0.033,0.007
2016-12-28@10:30:00,-0.027,-0.035,0.008
2016-12-28@10:00:00,-0.031,-0.037,0.006
2016-12-27@15:00:00,-0.038,-0.039,0.000
2016-12-27@14:30:00,-0.037,-0.039,0.001
2016-12-27@14:00:00,-0.039,-0.039,0.000
2016-12-27@13:30:00,-0.041,-0.039,-0.002
2016-12-27@11:30:00,-0.042,-0.039,-0.004
2016-12-27@11:00:00,-0.043,-0.038,-0.006
2016-12-27@10:30:00,-0.045,-0.036,-0.008
2016-12-27@10:00:00,-0.045,-0.034,-0.011
2016-12-26@15:00:00,-0.050,-0.031,-0.018
2016-12-26@14:30:00,-0.055,-0.027,-0.028
2016-12-26@14:00:00,-0.059,-0.020,-0.039
2016-12-26@13:30:00,-0.049,-0.010,-0.039
2016-12-26@11:30:00,-0.041,-0.000,-0.041
2016-12-26@11:00:00,-0.028,0.010,-0.038
2016-12-26@10:30:00,-0.006,0.020,-0.026
2016-12-26@10:00:00,0.010,0.026,-0.016
2016-12-23@15:00:00,0.022,0.030,-0.008
2016-12-23@14:30:00,0.021,0.032,-0.011
2016-12-23@14:00:00,0.023,0.035,-0.012
2016-12-23@13:30:00,0.024,0.038,-0.013
2016-12-23@11:30:00,0.031,0.041,-0.010
2016-12-23@11:00:00,0.032,0.043,-0.011
2016-12-23@10:30:00,0.039,0.046,-0.007
2016-12-23@10:00:00,0.050,0.048,0.002
2016-12-22@15:00:00,0.061,0.047,0.014
2016-12-22@14:30:00,0.060,0.044,0.017
2016-12-22@14:00:00,0.055,0.040,0.016
2016-12-22@13:30:00,0.057,0.036,0.022
2016-12-22@11:30:00,0.059,0.030,0.029
2016-12-22@11:00:00,0.059,0.023,0.036
2016-12-22@10:30:00,0.055,0.014,0.041
2016-12-22@10:00:00,0.046,0.004,0.042
2016-12-21@15:00:00,0.037,-0.007,0.043
2016-12-21@14:30:00,0.030,-0.017,0.047
2016-12-21@14:00:00,0.019,-0.029,0.048
2016-12-21@13:30:00,-0.003,-0.041,0.038
2016-12-21@11:30:00,-0.017,-0.051,0.034
2016-12-21@11:00:00,-0.040,-0.059,0.019
2016-12-21@10:30:00,-0.059,-0.064,0.005
2016-12-21@10:00:00,-0.070,-0.065,-0.005
2016-12-20@15:00:00,-0.081,-0.064,-0.018
2016-12-20@14:30:00,-0.081,-0.059,-0.021
2016-12-20@14:00:00,-0.078,-0.054,-0.024
2016-12-20@13:30:00,-0.073,-0.048,-0.025
2016-12-20@11:30:00,-0.070,-0.042,-0.028
2016-12-20@11:00:00,-0.066,-0.035,-0.031
2016-12-20@10:30:00,-0.058,-0.027,-0.030
2016-12-20@10:00:00,-0.046,-0.019,-0.027
2016-12-19@15:00:00,-0.025,-0.013,-0.012
2016-12-19@14:30:00,-0.018,-0.010,-0.008
2016-12-19@14:00:00,-0.002,-0.008,0.006
2016-12-19@13:30:00,0.011,-0.009,0.020
2016-12-19@11:30:00,0.009,-0.014,0.023
2016-12-19@11:00:00,0.004,-0.020,0.024
2016-12-19@10:30:00,0.000,-0.026,0.026
2016-12-19@10:00:00,-0.016,-0.032,0.016
2016-12-16@15:00:00,-0.030,-0.036,0.006
2016-12-16@14:30:00,-0.038,-0.038,-0.000
2016-12-16@14:00:00,-0.045,-0.038,-0.007
2016-12-16@13:30:00,-0.044,-0.036,-0.008
2016-12-16@11:30:00,-0.041,-0.034,-0.007
2016-12-16@11:00:00,-0.043,-0.032,-0.011
2016-12-16@10:30:00,-0.043,-0.030,-0.013
2016-12-16@10:00:00,-0.047,-0.026,-0.021
2016-12-15@15:00:00,-0.048,-0.021,-0.027
2016-12-15@14:30:00,-0.054,-0.014,-0.039
2016-12-15@14:00:00,-0.048,-0.004,-0.044
2016-12-15@13:30:00,-0.042,0.006,-0.049
2016-12-15@11:30:00,-0.027,0.019,-0.046
2016-12-15@11:00:00,-0.012,0.030,-0.042
2016-12-15@10:30:00,0.004,0.041,-0.036
2016-12-15@10:00:00,0.035,0.050,-0.015
2016-12-14@15:00:00,0.074,0.053,0.020
2016-12-14@14:30:00,0.086,0.048,0.038
2016-12-14@14:00:00,0.083,0.039,0.045
2016-12-14@13:30:00,0.080,0.028,0.052
2016-12-14@11:30:00,0.068,0.015,0.053
2016-12-14@11:00:00,0.056,0.001,0.055
2016-12-14@10:30:00,0.046,-0.012,0.058
2016-12-14@10:00:00,0.026,-0.027,0.053
2016-12-13@15:00:00,-0.013,-0.040,0.027
2016-12-13@14:30:00,-0.033,-0.047,0.014
2016-12-13@14:00:00,-0.048,-0.051,0.003
2016-12-13@13:30:00,-0.054,-0.051,-0.003
2016-12-13@11:30:00,-0.061,-0.051,-0.010
2016-12-13@11:00:00,-0.065,-0.048,-0.017
2016-12-13@10:30:00,-0.067,-0.044,-0.023
2016-12-13@10:00:00,-0.059,-0.038,-0.021
2016-12-12@15:00:00,-0.047,-0.033,-0.014
2016-12-12@14:30:00,-0.036,-0.029,-0.006
2016-12-12@14:00:00,-0.027,-0.028,0.000
2016-12-12@13:30:00,-0.012,-0.028,0.015
2016-12-12@11:30:00,-0.010,-0.032,0.021
2016-12-12@11:00:00,-0.005,-0.037,0.032
2016-12-12@10:30:00,-0.014,-0.045,0.031
2016-12-12@10:00:00,-0.026,-0.053,0.027
2016-12-09@15:00:00,-0.048,-0.059,0.011
2016-12-09@14:30:00,-0.051,-0.062,0.011
2016-12-09@14:00:00,-0.053,-0.065,0.012
2016-12-09@13:30:00,-0.053,-0.068,0.016
2016-12-09@11:30:00,-0.060,-0.072,0.012
2016-12-09@11:00:00,-0.067,-0.075,0.008
2016-12-09@10:30:00,-0.073,-0.077,0.004
2016-12-09@10:00:00,-0.073,-0.078,0.005
2016-12-08@15:00:00,-0.081,-0.079,-0.001
2016-12-08@14:30:00,-0.083,-0.079,-0.004
2016-12-08@14:00:00,-0.087,-0.078,-0.009
2016-12-08@13:30:00,-0.089,-0.076,-0.013
2016-12-08@11:30:00,-0.087,-0.072,-0.014
2016-12-08@11:00:00,-0.084,-0.069,-0.015
2016-12-08@10:30:00,-0.082,-0.065,-0.017
2016-12-08@10:00:00,-0.079,-0.061,-0.019
2016-12-07@15:00:00,-0.078,-0.056,-0.022
2016-12-07@14:30:00,-0.085,-0.050,-0.035
2016-12-07@14:00:00,-0.085,-0.042,-0.043
2016-12-07@13:30:00,-0.080,-0.031,-0.049
2016-12-07@11:30:00,-0.072,-0.019,-0.054
2016-12-07@11:00:00,-0.061,-0.005,-0.055
2016-12-07@10:30:00,-0.049,0.009,-0.057
2016-12-07@10:00:00,-0.023,0.023,-0.047
2016-12-06@15:00:00,0.002,0.035,-0.033
2016-12-06@14:30:00,0.012,0.043,-0.031
2016-12-06@14:00:00,0.020,0.051,-0.031
2016-12-06@13:30:00,0.023,0.058,-0.035
2016-12-06@11:30:00,0.028,0.067,-0.039
2016-12-06@11:00:00,0.030,0.077,-0.047
2016-12-06@10:30:00,0.035,0.089,-0.054
2016-12-06@10:00:00,0.037,0.102,-0.065
2016-12-05@15:00:00,0.021,0.119,-0.097
2016-12-05@14:30:00,0.031,0.143,-0.112
2016-12-05@14:00:00,0.052,0.171,-0.119
2016-12-05@13:30:00,0.080,0.201,-0.121
2016-12-05@11:30:00,0.105,0.231,-0.126
2016-12-05@11:00:00,0.145,0.262,-0.117
2016-12-05@10:30:00,0.182,0.292,-0.110
2016-12-05@10:00:00,0.227,0.319,-0.093
2016-12-02@15:00:00,0.285,0.342,-0.058
2016-12-02@14:30:00,0.318,0.357,-0.039
2016-12-02@14:00:00,0.362,0.367,-0.005
2016-12-02@13:30:00,0.386,0.368,0.019
2016-12-02@11:30:00,0.397,0.363,0.034
2016-12-02@11:00:00,0.403,0.355,0.049
2016-12-02@10:30:00,0.401,0.342,0.059
2016-12-02@10:00:00,0.376,0.328,0.048
2016-12-01@15:00:00,0.354,0.316,0.038
2016-12-01@14:30:00,0.349,0.306,0.043
2016-12-01@14:00:00,0.345,0.295,0.049
2016-12-01@13:30:00,0.345,0.283,0.062
2016-12-01@11:30:00,0.346,0.268,0.078
2016-12-01@11:00:00,0.343,0.248,0.095
2016-12-01@10:30:00,0.323,0.224,0.099
2016-12-01@10:00:00,0.291,0.200,0.091
2016-11-30@15:00:00,0.236,0.177,0.059
2016-11-30@14:30:00,0.231,0.162,0.069
2016-11-30@14:00:00,0.225,0.145,0.080
2016-11-30@13:30:00,0.217,0.125,0.092
2016-11-30@11:30:00,0.197,0.102,0.095
2016-11-30@11:00:00,0.170,0.078,0.092
2016-11-30@10:30:00,0.133,0.055,0.078
2016-11-30@10:00:00,0.079,0.036,0.044
2016-10-13@15:00:00,0.007,0.025,-0.018
2016-10-13@14:30:00,0.009,0.029,-0.020
2016-10-13@14:00:00,0.013,0.034,-0.022
2016-10-13@13:30:00,0.018,0.040,-0.022
2016-10-13@11:30:00,0.023,0.045,-0.023
2016-10-13@11:00:00,0.029,0.051,-0.022
2016-10-13@10:30:00,0.033,0.056,-0.023
2016-10-13@10:00:00,0.038,0.062,-0.025
2016-10-12@14:30:00,0.042,0.068,-0.026
2016-10-12@14:00:00,0.046,0.075,-0.029
2016-10-12@13:30:00,0.053,0.082,-0.029
2016-10-12@11:30:00,0.058,0.089,-0.031
2016-10-12@11:00:00,0.066,0.097,-0.031
2016-10-12@10:30:00,0.076,0.104,-0.028
2016-10-12@10:00:00,0.086,0.112,-0.025
2016-10-11@15:00:00,0.104,0.118,-0.014
2016-10-11@14:30:00,0.110,0.121,-0.012
2016-10-11@14:00:00,0.118,0.124,-0.006
2016-10-11@13:30:00,0.125,0.126,-0.001
2016-10-11@11:30:00,0.132,0.126,0.006
2016-10-11@11:00:00,0.138,0.124,0.013
2016-10-11@10:30:00,0.144,0.121,0.022
2016-10-11@10:00:00,0.141,0.115,0.026
2016-10-10@15:00:00,0.136,0.109,0.027
2016-10-10@14:30:00,0.136,0.102,0.034
2016-10-10@14:00:00,0.135,0.094,0.041
2016-10-10@13:30:00,0.130,0.084,0.046
2016-10-10@11:30:00,0.122,0.072,0.050
2016-10-10@11:00:00,0.105,0.060,0.045
2016-10-10@10:30:00,0.082,0.048,0.034
2016-10-10@10:00:00,0.059,0.040,0.019
2016-09-30@14:30:00,0.026,0.035,-0.009
2016-09-30@14:00:00,0.030,0.038,-0.008
2016-09-30@13:30:00,0.034,0.040,-0.005
2016-09-30@11:30:00,0.038,0.041,-0.002
2016-09-30@11:00:00,0.044,0.041,0.003
2016-09-30@10:30:00,0.052,0.041,0.011
2016-09-30@10:00:00,0.059,0.038,0.021
2016-09-29@15:00:00,0.065,0.033,0.032
2016-09-29@14:30:00,0.066,0.025,0.041
2016-09-29@14:00:00,0.061,0.015,0.047
2016-09-29@13:30:00,0.055,0.003,0.052
2016-09-29@11:30:00,0.037,-0.010,0.047
2016-09-29@11:00:00,0.020,-0.022,0.042
2016-09-29@10:30:00,0.004,-0.032,0.036
2016-09-29@10:00:00,-0.018,-0.041,0.023
2016-09-28@15:00:00,-0.043,-0.047,0.004
2016-09-28@14:30:00,-0.045,-0.048,0.003
2016-09-28@14:00:00,-0.045,-0.049,0.004
2016-09-28@13:30:00,-0.046,-0.050,0.004
2016-09-28@11:30:00,-0.049,-0.051,0.002
2016-09-28@11:00:00,-0.049,-0.051,0.002
2016-09-28@10:30:00,-0.049,-0.051,0.003
2016-09-28@10:00:00,-0.052,-0.052,0.000
2016-09-27@15:00:00,-0.055,-0.052,-0.003
2016-09-27@14:30:00,-0.060,-0.051,-0.008
2016-09-27@14:00:00,-0.060,-0.049,-0.010
2016-09-27@13:30:00,-0.060,-0.047,-0.014
2016-09-27@11:30:00,-0.059,-0.043,-0.016
2016-09-27@11:00:00,-0.057,-0.039,-0.017
2016-09-27@10:30:00,-0.054,-0.035,-0.019
2016-09-27@10:00:00,-0.049,-0.030,-0.019
2016-09-26@15:00:00,-0.045,-0.026,-0.019
2016-09-26@14:30:00,-0.038,-0.021,-0.017
2016-09-26@14:00:00,-0.033,-0.017,-0.016
2016-09-26@13:30:00,-0.029,-0.013,-0.016
2016-09-26@11:30:00,-0.023,-0.009,-0.015
2016-09-26@11:00:00,-0.016,-0.005,-0.011
2016-09-26@10:30:00,-0.011,-0.002,-0.009
2016-09-26@10:00:00,-0.006,0.000,-0.006
2016-09-23@15:00:00,-0.001,0.002,-0.002
2016-09-23@14:30:00,0.002,0.002,-0.001
2016-09-23@14:00:00,0.003,0.002,0.000
2016-09-23@13:30:00,0.002,0.002,-0.000
2016-09-23@11:30:00,0.001,0.002,-0.001
2016-09-23@11:00:00,0.001,0.003,-0.002
2016-09-23@10:30:00,0.001,0.003,-0.003
2016-09-23@10:00:00,0.001,0.004,-0.002
2016-09-22@15:00:00,0.003,0.004,-0.001
2016-09-22@14:30:00,0.005,0.005,0.001
2016-09-22@14:00:00,0.007,0.004,0.003
2016-09-22@13:30:00,0.008,0.004,0.004
2016-09-22@11:30:00,0.007,0.003,0.004
2016-09-22@11:00:00,0.009,0.002,0.007
2016-09-22@10:30:00,0.006,0.000,0.006
2016-09-22@10:00:00,0.003,-0.001,0.004
2016-09-21@15:00:00,-0.000,-0.002,0.002
2016-09-21@14:30:00,0.001,-0.003,0.003
2016-09-21@14:00:00,0.000,-0.004,0.004
2016-09-21@13:30:00,-0.001,-0.005,0.004
2016-09-21@11:30:00,-0.002,-0.006,0.004
2016-09-21@11:00:00,-0.003,-0.007,0.004
2016-09-21@10:30:00,-0.004,-0.008,0.004
2016-09-21@10:00:00,-0.005,-0.009,0.004
2016-09-20@15:00:00,-0.008,-0.010,0.001
2016-09-20@14:30:00,-0.009,-0.010,0.001
2016-09-20@14:00:00,-0.010,-0.010,0.001
2016-09-20@13:30:00,-0.010,-0.010,0.000
2016-09-20@11:30:00,-0.010,-0.010,0.000
2016-09-20@11:00:00,-0.010,-0.011,0.001
2016-09-20@10:30:00,-0.009,-0.011,0.002
2016-09-20@10:00:00,nan,nan,nan
2016-09-19@15:00:00,nan,nan,nan
2016-09-19@14:30:00,nan,nan,nan
2016-09-19@14:00:00,nan,nan,nan
2016-09-19@13:30:00,nan,nan,nan
2016-09-19@11:30:00,nan,nan,nan
2016-09-19@11:00:00,nan,nan,nan
2016-09-19@10:30:00,nan,nan,nan
2016-09-19@10:00:00,nan,nan,nan
2016-09-14@15:00:00,nan,nan,nan
2016-09-14@14:30:00,nan,nan,nan
2016-09-14@14:00:00,nan,nan,nan
2016-09-14@13:30:00,nan,nan,nan
2016-09-14@11:30:00,nan,nan,nan
2016-09-14@11:00:00,nan,nan,nan
2016-09-14@10:00:00,nan,nan,nan
2016-09-13@15:00:00,nan,nan,nan
2016-09-13@14:30:00,nan,nan,nan
2016-09-13@14:00:00,nan,nan,nan
2016-09-13@13:30:00,nan,nan,nan
2016-09-13@11:30:00,nan,nan,nan
2016-09-13@11:00:00,nan,nan,nan
2016-09-13@10:30:00,nan,nan,nan
2016-09-13@10:00:00,nan,nan,nan
2016-09-12@15:00:00,nan,nan,nan
2016-09-12@14:30:00,nan,nan,nan
2016-09-12@14:00:00,nan,nan,nan
2016-09-12@13:30:00,nan,nan,nan
2016-09-12@11:30:00,nan,nan,nan
2016-09-12@11:00:00,nan,nan,nan
2016-09-12@10:30:00,nan,nan,nan
2016-09-12@10:00:00,nan,nan,nan
2016-09-09@15:00:00,nan,nan,nan
