Not
2017-01-06@15:00:00,0.063,0.070,-0.007
2017-01-06@14:30:00,0.084,0.072,0.012
2017-01-06@14:00:00,0.077,0.069,0.008
2017-01-06@13:30:00,0.074,0.067,0.008
2017-01-06@11:30:00,0.073,0.065,0.008
2017-01-06@11:00:00,0.056,0.063,-0.007
2017-01-06@10:30:00,0.058,0.065,-0.007
2017-01-06@10:00:00,0.065,0.066,-0.001
2017-01-05@15:00:00,0.072,0.067,0.005
2017-01-05@14:30:00,0.064,0.066,-0.002
2017-01-05@14:00:00,0.063,0.066,-0.003
2017-01-05@13:30:00,0.067,0.067,0.001
2017-01-05@11:30:00,0.076,0.067,0.009
2017-01-05@11:00:00,0.080,0.064,0.016
2017-01-05@10:30:00,0.082,0.060,0.022
2017-01-05@10:00:00,0.077,0.055,0.022
2017-01-04@15:00:00,0.068,0.049,0.019
2017-01-04@14:30:00,0.055,0.045,0.011
2017-01-04@14:00:00,0.055,0.042,0.013
2017-01-04@13:30:00,0.053,0.039,0.014
2017-01-04@11:30:00,0.049,0.035,0.014
2017-01-04@11:00:00,0.041,0.032,0.009
2017-01-04@10:30:00,0.037,0.029,0.008
2017-01-04@10:00:00,0.032,0.027,0.005
2017-01-03@15:00:00,0.032,0.026,0.006
2017-01-03@14:30:00,0.031,0.025,0.007
2017-01-03@14:00:00,0.028,0.023,0.005
2017-01-03@13:30:00,0.027,0.022,0.005
2017-01-03@11:30:00,0.023,0.021,0.002
2017-01-03@11:00:00,0.019,0.020,-0.002
2017-01-03@10:30:00,0.014,0.021,-0.007
2017-01-03@10:00:00,0.007,0.022,-0.015
2016-12-30@15:00:00,0.004,0.026,-0.022
2016-12-30@14:30:00,0.013,0.032,-0.018
2016-12-30@14:00:00,0.016,0.036,-0.020
2016-12-30@13:30:00,0.017,0.042,-0.025
2016-12-30@11:30:00,0.026,0.048,-0.022
2016-12-30@11:00:00,0.035,0.053,-0.018
2016-12-30@10:30:00,0.046,0.057,-0.012
2016-12-30@10:00:00,0.050,0.060,-0.010
2016-12-29@15:00:00,0.053,0.063,-0.010
2016-12-29@14:30:00,0.056,0.065,-0.009
2016-12-29@14:00:00,0.061,0.068,-0.007
2016-12-29@13:30:00,0.062,0.069,-0.007
2016-12-29@11:30:00,0.064,0.071,-0.008
2016-12-29@11:00:00,0.055,0.073,-0.018
2016-12-29@10:30:00,0.061,0.078,-0.017
2016-12-29@10:00:00,0.074,0.082,-0.008
2016-12-28@15:00:00,0.087,0.084,0.003
2016-12-28@14:30:00,0.088,0.083,0.005
2016-12-28@14:00:00,0.085,0.082,0.002
2016-12-28@13:30:00,0.084,0.082,0.002
2016-12-28@11:30:00,0.082,0.081,0.001
2016-12-28@11:00:00,0.085,0.081,0.004
2016-12-28@10:30:00,0.082,0.080,0.002
2016-12-28@10:00:00,0.075,0.079,-0.004
2016-12-27@15:00:00,0.070,0.080,-0.010
2016-12-27@14:30:00,0.075,0.083,-0.007
2016-12-27@14:00:00,0.081,0.085,-0.003
2016-12-27@13:30:00,0.095,0.085,0.010
2016-12-27@11:30:00,0.101,0.083,0.018
2016-12-27@11:00:00,0.102,0.078,0.024
2016-12-27@10:30:00,0.096,0.072,0.024
2016-12-27@10:00:00,0.083,0.066,0.017
2016-12-26@15:00:00,0.061,0.062,-0.002
2016-12-26@14:30:00,0.050,0.062,-0.013
2016-12-26@14:00:00,0.036,0.066,-0.030
2016-12-26@13:30:00,0.030,0.073,-0.043
2016-12-26@11:30:00,0.038,0.084,-0.046
2016-12-26@11:00:00,0.054,0.095,-0.042
2016-12-26@10:30:00,0.074,0.106,-0.031
2016-12-26@10:00:00,0.096,0.114,-0.018
2016-12-23@15:00:00,0.121,0.118,0.003
2016-12-23@14:30:00,0.132,0.117,0.015
2016-12-23@14:00:00,0.141,0.113,0.028
2016-12-23@13:30:00,0.144,0.106,0.038
2016-12-23@11:30:00,0.144,0.097,0.047
2016-12-23@11:00:00,0.137,0.085,0.051
2016-12-23@10:30:00,0.116,0.072,0.044
2016-12-23@10:00:00,0.097,0.061,0.036
2016-12-22@15:00:00,0.081,0.053,0.028
2016-12-22@14:30:00,0.053,0.045,0.007
2016-12-22@14:00:00,0.036,0.044,-0.007
2016-12-22@13:30:00,0.036,0.046,-0.009
2016-12-22@11:30:00,0.043,0.048,-0.005
2016-12-22@11:00:00,0.045,0.049,-0.004
2016-12-22@10:30:00,0.047,0.050,-0.003
2016-12-22@10:00:00,0.053,0.051,0.002
2016-12-21@15:00:00,0.058,0.050,0.008
2016-12-21@14:30:00,0.055,0.048,0.007
2016-12-21@14:00:00,0.059,0.046,0.012
2016-12-21@13:30:00,0.060,0.043,0.017
2016-12-21@11:30:00,0.059,0.039,0.019
2016-12-21@11:00:00,0.052,0.034,0.018
2016-12-21@10:30:00,0.052,0.030,0.023
2016-12-21@10:00:00,0.041,0.024,0.017
2016-12-20@15:00:00,0.022,0.020,0.002
2016-12-20@14:30:00,0.019,0.019,0.000
2016-12-20@14:00:00,0.023,0.019,0.004
2016-12-20@13:30:00,0.021,0.018,0.003
2016-12-20@11:30:00,0.022,0.018,0.005
2016-12-20@11:00:00,0.024,0.017,0.007
2016-12-20@10:30:00,0.033,0.015,0.018
2016-12-20@10:00:00,0.034,0.010,0.024
2016-12-19@15:00:00,0.035,0.004,0.030
2016-12-19@14:30:00,0.025,-0.003,0.029
2016-12-19@14:00:00,0.021,-0.010,0.032
2016-12-19@13:30:00,0.012,-0.018,0.031
2016-12-19@11:30:00,-0.003,-0.026,0.023
2016-12-19@11:00:00,-0.005,-0.032,0.027
2016-12-19@10:30:00,-0.004,-0.038,0.035
2016-12-19@10:00:00,-0.009,-0.047,0.038
2016-12-16@15:00:00,-0.012,-0.057,0.045
2016-12-16@14:30:00,-0.016,-0.068,0.052
2016-12-16@14:00:00,-0.022,-0.081,0.059
2016-12-16@13:30:00,-0.035,-0.095,0.061
2016-12-16@11:30:00,-0.044,-0.111,0.066
2016-12-16@11:00:00,-0.058,-0.127,0.069
2016-12-16@10:30:00,-0.081,-0.144,0.063
2016-12-16@10:00:00,-0.103,-0.160,0.057
2016-12-15@15:00:00,-0.123,-0.175,0.051
2016-12-15@14:30:00,-0.131,-0.187,0.057
2016-12-15@14:00:00,-0.142,-0.202,0.060
2016-12-15@13:30:00,-0.154,-0.216,0.063
2016-12-15@11:30:00,-0.165,-0.232,0.068
2016-12-15@11:00:00,-0.189,-0.249,0.060
2016-12-15@10:30:00,-0.216,-0.264,0.048
2016-12-15@10:00:00,-0.239,-0.276,0.037
2016-12-14@15:00:00,-0.253,-0.285,0.032
2016-12-14@14:30:00,-0.255,-0.293,0.038
2016-12-14@14:00:00,-0.265,-0.303,0.038
2016-12-14@13:30:00,-0.290,-0.313,0.022
2016-12-14@11:30:00,-0.299,-0.318,0.019
2016-12-14@11:00:00,-0.310,-0.323,0.013
2016-12-14@10:30:00,-0.308,-0.326,0.019
2016-12-14@10:00:00,-0.306,-0.331,0.025
2016-12-13@15:00:00,-0.315,-0.337,0.022
2016-12-13@14:30:00,-0.335,-0.342,0.007
2016-12-13@14:00:00,-0.364,-0.344,-0.020
2016-12-13@13:30:00,-0.392,-0.339,-0.053
2016-12-13@11:30:00,-0.421,-0.326,-0.094
2016-12-13@11:00:00,-0.413,-0.302,-0.111
2016-12-13@10:30:00,-0.400,-0.275,-0.125
2016-12-13@10:00:00,-0.368,-0.243,-0.124
2016-12-12@15:00:00,-0.325,-0.212,-0.112
2016-12-12@14:30:00,-0.287,-0.184,-0.103
2016-12-12@14:00:00,-0.259,-0.158,-0.101
2016-12-12@13:30:00,-0.229,-0.133,-0.096
2016-12-12@11:30:00,-0.194,-0.109,-0.084
2016-12-12@11:00:00,-0.158,-0.088,-0.070
2016-12-12@10:30:00,-0.133,-0.071,-0.063
2016-12-12@10:00:00,-0.099,-0.055,-0.044
2016-12-09@15:00:00,-0.073,-0.044,-0.029
2016-12-09@14:30:00,-0.058,-0.037,-0.021
2016-12-09@14:00:00,-0.052,-0.032,-0.020
2016-12-09@13:30:00,-0.047,-0.027,-0.020
2016-12-09@11:30:00,-0.047,-0.022,-0.025
2016-12-09@11:00:00,-0.043,-0.016,-0.027
2016-12-09@10:30:00,-0.038,-0.009,-0.029
2016-12-09@10:00:00,-0.028,-0.001,-0.027
2016-12-08@15:00:00,-0.023,0.005,-0.028
2016-12-08@14:30:00,-0.009,0.012,-0.021
2016-12-08@14:00:00,-0.001,0.018,-0.019
2016-12-08@13:30:00,0.007,0.022,-0.015
2016-12-08@11:30:00,0.018,0.026,-0.008
2016-12-08@11:00:00,0.034,0.028,0.007
2016-12-08@10:30:00,0.045,0.026,0.019
2016-12-08@10:00:00,0.051,0.022,0.029
2016-12-07@15:00:00,0.049,0.014,0.035
2016-12-07@14:30:00,0.040,0.005,0.034
2016-12-07@14:00:00,0.026,-0.003,0.029
2016-12-07@13:30:00,0.020,-0.011,0.030
2016-12-07@11:30:00,0.008,-0.018,0.026
2016-12-07@11:00:00,-0.006,-0.025,0.018
2016-12-07@10:30:00,-0.021,-0.029,0.008
2016-12-07@10:00:00,-0.023,-0.031,0.008
2016-12-06@15:00:00,-0.027,-0.033,0.006
2016-12-06@14:30:00,-0.034,-0.034,0.001
2016-12-06@14:00:00,-0.035,-0.035,-0.001
2016-12-06@13:30:00,-0.040,-0.035,-0.005
2016-12-06@11:30:00,-0.041,-0.033,-0.008
2016-12-06@11:00:00,-0.041,-0.031,-0.010
2016-12-06@10:30:00,-0.039,-0.029,-0.011
2016-12-06@10:00:00,-0.043,-0.026,-0.017
2016-12-05@15:00:00,-0.043,-0.022,-0.022
2016-12-05@14:30:00,-0.037,-0.016,-0.021
2016-12-05@14:00:00,-0.031,-0.011,-0.020
2016-12-05@13:30:00,-0.029,-0.006,-0.023
2016-12-05@11:30:00,-0.033,-0.000,-0.033
2016-12-05@11:00:00,-0.037,0.008,-0.045
2016-12-05@10:30:00,-0.035,0.019,-0.054
2016-12-05@10:00:00,-0.031,0.033,-0.063
2016-12-02@15:00:00,-0.017,0.048,-0.065
2016-12-02@14:30:00,0.001,0.065,-0.063
2016-12-02@14:00:00,0.020,0.081,-0.061
2016-12-02@13:30:00,0.034,0.096,-0.062
2016-12-02@11:30:00,0.058,0.111,-0.054
2016-12-02@11:00:00,0.086,0.125,-0.038
2016-12-02@10:30:00,0.103,0.134,-0.031
2016-12-02@10:00:00,0.114,0.142,-0.028
2016-12-01@15:00:00,0.122,0.149,-0.027
2016-12-01@14:30:00,0.122,0.156,-0.033
2016-12-01@14:00:00,0.122,0.164,-0.042
2016-12-01@13:30:00,0.131,0.175,-0.044
2016-12-01@11:30:00,0.144,0.186,-0.042
2016-12-01@11:00:00,0.157,0.196,-0.039
2016-12-01@10:30:00,0.171,0.206,-0.035
2016-12-01@10:00:00,0.190,0.215,-0.025
2016-11-30@15:00:00,0.202,0.221,-0.019
2016-11-30@14:30:00,0.230,0.226,0.004
2016-11-30@14:00:00,0.259,0.224,0.034
2016-11-30@13:30:00,0.266,0.216,0.050
2016-11-30@11:30:00,0.272,0.204,0.068
2016-11-30@11:00:00,0.276,0.186,0.090
2016-11-30@10:30:00,0.260,0.164,0.096
2016-11-30@10:00:00,0.232,0.140,0.092
2016-10-13@15:00:00,0.209,0.117,0.092
2016-10-13@14:30:00,0.152,0.094,0.059
2016-10-13@14:00:00,0.120,0.079,0.041
2016-10-13@13:30:00,0.097,0.069,0.028
2016-10-13@11:30:00,0.074,0.062,0.012
2016-10-13@11:00:00,0.061,0.059,0.002
2016-10-13@10:30:00,0.052,0.058,-0.007
2016-10-13@10:00:00,0.045,0.060,-0.015
2016-10-12@14:30:00,0.040,0.064,-0.024
2016-10-12@14:00:00,0.036,0.070,-0.034
2016-10-12@13:30:00,0.045,0.078,-0.033
2016-10-12@11:30:00,0.055,0.086,-0.032
2016-10-12@11:00:00,0.069,0.094,-0.025
2016-10-12@10:30:00,0.079,0.101,-0.022
2016-10-12@10:00:00,0.090,0.106,-0.016
2016-10-11@15:00:00,0.102,0.110,-0.008
2016-10-11@14:30:00,0.110,0.112,-0.002
2016-10-11@14:00:00,0.121,0.113,0.008
2016-10-11@13:30:00,0.130,0.111,0.019
2016-10-11@11:30:00,0.132,0.106,0.026
2016-10-11@11:00:00,0.132,0.099,0.033
2016-10-11@10:30:00,0.128,0.091,0.037
2016-10-11@10:00:00,0.126,0.082,0.044
2016-10-10@15:00:00,0.122,0.071,0.051
2016-10-10@14:30:00,0.126,0.058,0.067
2016-10-10@14:00:00,0.122,0.041,0.080
2016-10-10@13:30:00,0.112,0.021,0.091
2016-10-10@11:30:00,0.092,-0.002,0.093
2016-10-10@11:00:00,0.063,-0.025,0.088
2016-10-10@10:30:00,0.029,-0.047,0.076
2016-10-10@10:00:00,-0.012,-0.066,0.054
2016-09-30@15:00:00,-0.051,-0.079,0.028
2016-09-30@14:30:00,-0.057,-0.086,0.029
2016-09-30@14:00:00,-0.066,-0.093,0.027
2016-09-30@13:30:00,-0.074,-0.100,0.026
2016-09-30@11:30:00,-0.083,-0.107,0.024
2016-09-30@11:00:00,-0.082,-0.113,0.030
2016-09-30@10:30:00,-0.079,-0.120,0.041
2016-09-30@10:00:00,-0.087,-0.130,0.044
2016-09-29@15:00:00,-0.096,-0.141,0.046
2016-09-29@14:30:00,-0.104,-0.153,0.049
2016-09-29@14:00:00,-0.111,-0.165,0.053
2016-09-29@13:30:00,-0.121,-0.178,0.057
2016-09-29@11:30:00,-0.124,-0.193,0.069
2016-09-29@11:00:00,-0.135,-0.210,0.075
2016-09-29@10:30:00,-0.154,-0.229,0.075
2016-09-29@10:00:00,-0.176,-0.247,0.071
2016-09-28@15:00:00,-0.194,-0.265,0.071
2016-09-28@14:30:00,-0.207,-0.283,0.076
2016-09-28@14:00:00,-0.224,-0.302,0.078
2016-09-28@13:30:00,-0.245,-0.321,0.076
2016-09-28@11:30:00,-0.270,-0.340,0.070
2016-09-28@11:00:00,-0.295,-0.358,0.063
2016-09-28@10:30:00,-0.324,-0.374,0.050
2016-09-28@10:00:00,-0.357,-0.386,0.029
2016-09-27@15:00:00,-0.402,-0.393,-0.008
2016-09-27@14:30:00,-0.430,-0.391,-0.039
2016-09-27@14:00:00,-0.438,-0.381,-0.057
2016-09-27@13:30:00,-0.438,-0.367,-0.071
2016-09-27@11:30:00,-0.440,-0.349,-0.090
2016-09-27@11:00:00,-0.434,-0.327,-0.107
2016-09-27@10:30:00,-0.422,-0.300,-0.122
2016-09-27@10:00:00,-0.396,-0.269,-0.126
2016-09-26@15:00:00,-0.360,-0.238,-0.122
2016-09-26@14:30:00,-0.315,-0.207,-0.108
2016-09-26@14:00:00,-0.288,-0.180,-0.107
2016-09-26@13:30:00,-0.263,-0.154,-0.110
2016-09-26@11:30:00,-0.238,-0.126,-0.112
2016-09-26@11:00:00,-0.208,-0.098,-0.110
2016-09-26@10:30:00,-0.184,-0.071,-0.113
2016-09-26@10:00:00,-0.135,-0.043,-0.092
2016-09-23@15:00:00,-0.066,-0.019,-0.046
2016-09-23@14:30:00,-0.043,-0.008,-0.035
2016-09-23@14:00:00,-0.025,0.001,-0.026
2016-09-23@13:30:00,-0.017,0.008,-0.024
2016-09-23@11:30:00,-0.003,0.014,-0.017
2016-09-23@11:00:00,0.011,0.018,-0.007
2016-09-23@10:30:00,0.023,0.020,0.003
2016-09-23@10:00:00,0.022,0.019,0.003
2016-09-22@15:00:00,0.017,0.018,-0.001
2016-09-22@14:30:00,0.015,0.019,-0.003
2016-09-22@14:00:00,0.017,0.019,-0.002
2016-09-22@13:30:00,0.002,0.020,-0.018
2016-09-22@11:30:00,-0.012,0.024,-0.036
2016-09-22@11:00:00,-0.008,0.033,-0.041
2016-09-22@10:30:00,0.008,0.044,-0.036
2016-09-22@10:00:00,0.032,0.053,-0.021
2016-09-21@15:00:00,0.053,0.058,-0.005
2016-09-21@14:30:00,0.073,0.059,0.014
2016-09-21@14:00:00,0.079,0.056,0.024
2016-09-21@13:30:00,0.082,0.050,0.032
2016-09-21@11:30:00,0.077,0.042,0.035
2016-09-21@11:00:00,0.083,0.033,0.050
2016-09-21@10:30:00,0.077,0.020,0.057
2016-09-21@10:00:00,0.078,0.006,0.072
2016-09-20@15:00:00,0.065,-0.012,0.077
2016-09-20@14:30:00,0.020,-0.031,0.051
2016-09-20@14:00:00,0.013,-0.044,0.057
2016-09-20@13:30:00,0.002,-0.058,0.060
2016-09-20@11:30:00,-0.021,-0.073,0.052
2016-09-20@11:00:00,-0.048,-0.086,0.038
2016-09-20@10:30:00,nan,nan,nan
2016-09-20@10:00:00,nan,nan,nan
2016-09-19@15:00:00,nan,nan,nan
2016-09-19@14:30:00,nan,nan,nan
2016-09-19@14:00:00,nan,nan,nan
2016-09-19@13:30:00,nan,nan,nan
2016-09-19@11:30:00,nan,nan,nan
2016-09-19@11:00:00,nan,nan,nan
2016-09-19@10:30:00,nan,nan,nan
2016-09-19@10:00:00,nan,nan,nan
2016-09-14@15:00:00,nan,nan,nan
2016-09-14@14:30:00,nan,nan,nan
2016-09-14@14:00:00,nan,nan,nan
2016-09-14@13:30:00,nan,nan,nan
2016-09-14@11:30:00,nan,nan,nan
2016-09-14@11:00:00,nan,nan,nan
2016-09-14@10:30:00,nan,nan,nan
2016-09-14@10:00:00,nan,nan,nan
2016-09-13@15:00:00,nan,nan,nan
2016-09-13@14:30:00,nan,nan,nan
2016-09-13@14:00:00,nan,nan,nan
2016-09-13@13:30:00,nan,nan,nan
2016-09-13@11:30:00,nan,nan,nan
2016-09-13@11:00:00,nan,nan,nan
2016-09-13@10:30:00,nan,nan,nan
2016-09-13@10:00:00,nan,nan,nan
2016-09-12@15:00:00,nan,nan,nan
2016-09-12@14:30:00,nan,nan,nan
2016-09-12@14:00:00,nan,nan,nan
2016-09-12@13:30:00,nan,nan,nan
2016-09-12@11:30:00,nan,nan,nan
2016-09-12@11:00:00,nan,nan,nan
2016-09-12@10:30:00,nan,nan,nan
