2017-03-17@15:00:00,3.485,3.456,3.427
2017-03-17@14:00:00,3.492,3.453,3.415
2017-03-17@11:30:00,3.493,3.451,3.409
2017-03-17@10:30:00,3.496,3.448,3.400
2017-03-16@15:00:00,3.497,3.444,3.391
2017-03-16@14:00:00,3.492,3.439,3.386
2017-03-16@11:30:00,3.492,3.434,3.377
2017-03-16@10:30:00,3.488,3.430,3.373
2017-03-15@15:00:00,3.482,3.426,3.370
2017-03-15@14:00:00,3.477,3.424,3.372
2017-03-15@11:30:00,3.475,3.423,3.372
2017-03-15@10:30:00,3.473,3.423,3.372
2017-03-14@15:00:00,3.472,3.422,3.372
2017-03-14@14:00:00,3.475,3.423,3.371
2017-03-14@11:30:00,3.477,3.423,3.370
2017-03-14@10:30:00,3.477,3.423,3.370
2017-03-13@15:00:00,3.477,3.423,3.370
2017-03-13@14:00:00,3.477,3.423,3.370
2017-03-13@11:30:00,3.479,3.424,3.369
2017-03-13@10:30:00,3.483,3.425,3.368
2017-03-10@15:00:00,3.486,3.426,3.367
2017-03-10@14:00:00,3.489,3.429,3.370
2017-03-10@11:30:00,3.491,3.431,3.372
2017-03-10@10:30:00,3.494,3.434,3.375
2017-03-09@15:00:00,3.493,3.437,3.381
2017-03-09@14:00:00,3.509,3.444,3.379
2017-03-09@11:30:00,3.529,3.453,3.377
2017-03-09@10:30:00,3.545,3.461,3.378
2017-03-08@15:00:00,3.557,3.470,3.383
2017-03-08@14:00:00,3.570,3.476,3.382
2017-03-08@11:30:00,3.585,3.484,3.383
2017-03-08@10:30:00,3.593,3.490,3.388
2017-03-07@15:00:00,3.600,3.497,3.394
2017-03-07@14:00:00,3.609,3.502,3.396
2017-03-07@11:30:00,3.612,3.506,3.401
2017-03-07@10:30:00,3.617,3.512,3.407
2017-03-06@15:00:00,3.619,3.518,3.417
2017-03-06@14:00:00,3.625,3.524,3.423
2017-03-06@11:30:00,3.633,3.531,3.429
2017-03-06@10:30:00,3.641,3.538,3.435
2017-03-03@15:00:00,3.647,3.545,3.444
2017-03-03@14:00:00,3.650,3.553,3.456
2017-03-03@11:30:00,3.646,3.560,3.474
2017-03-03@10:30:00,3.642,3.568,3.493
2017-03-02@15:00:00,3.623,3.576,3.528
2017-03-02@14:00:00,3.632,3.581,3.530
2017-03-02@11:30:00,3.641,3.585,3.529
2017-03-02@10:30:00,3.649,3.589,3.529
2017-03-01@15:00:00,3.660,3.594,3.528
2017-03-01@14:00:00,3.665,3.598,3.531
2017-03-01@11:30:00,3.668,3.600,3.533
2017-03-01@10:30:00,3.670,3.604,3.538
2017-02-28@15:00:00,3.671,3.607,3.544
2017-02-28@14:00:00,3.674,3.611,3.548
2017-02-28@11:30:00,3.669,3.615,3.562
2017-02-28@10:30:00,3.668,3.619,3.571
2017-02-27@15:00:00,3.663,3.623,3.583
2017-02-27@14:00:00,3.660,3.625,3.591
2017-02-27@11:30:00,3.660,3.626,3.592
2017-02-27@10:30:00,3.662,3.625,3.588
2017-02-24@15:00:00,3.663,3.624,3.585
2017-02-24@14:00:00,3.667,3.622,3.577
2017-02-24@11:30:00,3.667,3.622,3.577
2017-02-24@10:30:00,3.669,3.620,3.572
2017-02-23@15:00:00,3.670,3.620,3.570
2017-02-23@14:00:00,3.668,3.618,3.569
2017-02-23@11:30:00,3.666,3.617,3.569
2017-02-23@10:30:00,3.666,3.617,3.569
2017-02-22@15:00:00,3.660,3.613,3.567
2017-02-22@14:00:00,3.661,3.609,3.557
2017-02-22@11:30:00,3.659,3.607,3.555
2017-02-22@10:30:00,3.657,3.605,3.553
2017-02-21@15:00:00,3.654,3.603,3.552
2017-02-21@14:00:00,3.650,3.602,3.554
2017-02-21@11:30:00,3.647,3.600,3.552
2017-02-21@10:30:00,3.641,3.597,3.552
2017-02-20@15:00:00,3.637,3.594,3.550
2017-02-20@14:00:00,3.632,3.592,3.552
2017-02-20@11:30:00,3.632,3.592,3.552
2017-02-20@10:30:00,3.634,3.593,3.552
2017-02-17@15:00:00,3.639,3.595,3.551
2017-02-17@14:00:00,3.639,3.595,3.550
2017-02-17@11:30:00,3.640,3.593,3.546
2017-02-17@10:30:00,3.642,3.591,3.541
2017-02-16@15:00:00,3.646,3.588,3.531
2017-02-16@14:00:00,3.644,3.587,3.530
2017-02-16@11:30:00,3.640,3.584,3.528
2017-02-16@10:30:00,3.630,3.580,3.530
2017-02-15@15:00:00,3.630,3.579,3.529
2017-02-15@14:00:00,3.630,3.579,3.529
2017-02-15@11:30:00,3.629,3.578,3.527
2017-02-15@10:30:00,3.628,3.576,3.525
2017-02-14@15:00:00,3.626,3.575,3.525
2017-02-14@14:00:00,3.620,3.573,3.526
2017-02-14@11:30:00,3.619,3.572,3.525
2017-02-14@10:30:00,3.618,3.571,3.525
2017-02-13@15:00:00,3.618,3.571,3.525
2017-02-13@14:00:00,3.615,3.568,3.522
2017-02-13@11:30:00,3.609,3.565,3.521
2017-02-13@10:30:00,3.601,3.562,3.523
2017-02-10@15:00:00,3.583,3.559,3.535
2017-02-10@14:00:00,3.584,3.559,3.535
2017-02-10@11:30:00,3.587,3.560,3.534
2017-02-10@10:30:00,3.589,3.562,3.535
2017-02-09@15:00:00,3.587,3.564,3.541
2017-02-09@14:00:00,3.586,3.563,3.541
2017-02-09@11:30:00,3.586,3.563,3.541
2017-02-09@10:30:00,3.596,3.560,3.525
2017-02-08@15:00:00,3.599,3.557,3.516
2017-02-08@14:00:00,3.602,3.555,3.509
2017-02-08@11:30:00,3.603,3.553,3.503
2017-02-08@10:30:00,3.603,3.551,3.499
2017-02-07@15:00:00,3.602,3.548,3.494
2017-02-07@14:00:00,3.603,3.544,3.485
2017-02-07@11:30:00,3.602,3.541,3.481
2017-02-07@10:30:00,3.599,3.538,3.478
2017-02-06@15:00:00,3.595,3.536,3.476
2017-02-06@14:00:00,3.594,3.534,3.474
2017-02-06@11:30:00,3.594,3.532,3.470
2017-02-06@10:30:00,3.593,3.530,3.466
2017-02-03@15:00:00,3.587,3.526,3.465
2017-02-03@14:00:00,3.586,3.520,3.454
2017-02-03@11:30:00,3.582,3.513,3.444
2017-02-03@10:30:00,3.575,3.506,3.437
2017-01-26@15:00:00,3.570,3.499,3.427
2017-01-26@14:00:00,3.563,3.491,3.419
2017-01-26@11:30:00,3.553,3.485,3.417
2017-01-26@10:30:00,3.551,3.483,3.414
2017-01-25@15:00:00,3.549,3.480,3.410
2017-01-25@14:00:00,3.546,3.479,3.411
2017-01-25@11:30:00,3.543,3.477,3.411
2017-01-25@10:30:00,3.540,3.476,3.412
2017-01-24@15:00:00,3.540,3.476,3.412
2017-01-24@14:00:00,3.540,3.476,3.411
2017-01-24@11:30:00,3.536,3.474,3.412
2017-01-24@10:30:00,3.533,3.470,3.407
2017-01-23@15:00:00,3.528,3.467,3.405
2017-01-23@14:00:00,3.522,3.464,3.406
2017-01-23@11:30:00,3.522,3.459,3.395
2017-01-23@10:30:00,3.523,3.452,3.381
2017-01-20@15:00:00,3.519,3.447,3.374
2017-01-20@14:00:00,3.519,3.445,3.370
2017-01-20@11:30:00,3.519,3.443,3.367
2017-01-20@10:30:00,3.519,3.442,3.364
2017-01-19@15:00:00,3.519,3.441,3.363
2017-01-19@14:00:00,3.519,3.441,3.362
2017-01-19@11:30:00,3.519,3.439,3.358
2017-01-19@10:30:00,3.518,3.437,3.356
2017-01-18@15:00:00,3.516,3.435,3.354
2017-01-18@14:00:00,3.509,3.431,3.352
2017-01-18@11:30:00,3.503,3.427,3.351
2017-01-18@10:30:00,3.491,3.423,3.354
2017-01-17@15:00:00,3.473,3.418,3.363
2017-01-17@14:00:00,3.461,3.414,3.367
2017-01-17@11:30:00,3.447,3.410,3.374
2017-01-17@10:30:00,3.445,3.408,3.372
2017-01-16@15:00:00,3.442,3.405,3.368
2017-01-16@14:00:00,3.431,3.401,3.370
2017-01-16@11:30:00,3.434,3.399,3.364
2017-01-16@10:30:00,3.436,3.398,3.361
2017-01-13@15:00:00,3.439,3.396,3.354
2017-01-13@14:00:00,3.438,3.395,3.353
2017-01-13@11:30:00,3.436,3.394,3.353
2017-01-13@10:30:00,3.435,3.393,3.351
2017-01-12@15:00:00,3.433,3.391,3.350
2017-01-12@14:00:00,3.431,3.391,3.351
2017-01-12@11:30:00,3.433,3.391,3.350
2017-01-12@10:30:00,3.431,3.391,3.351
2017-01-11@15:00:00,3.430,3.391,3.351
2017-01-11@14:00:00,3.429,3.389,3.349
2017-01-11@11:30:00,3.426,3.388,3.349
2017-01-11@10:30:00,3.424,3.385,3.346
2017-01-10@15:00:00,3.419,3.382,3.345
2017-01-10@14:00:00,3.417,3.381,3.344
2017-01-10@11:30:00,3.413,3.379,3.344
2017-01-10@10:30:00,3.412,3.377,3.342
2017-01-09@15:00:00,3.412,3.377,3.341
2017-01-09@14:00:00,3.414,3.375,3.336
2017-01-09@11:30:00,3.417,3.373,3.330
2017-01-09@10:30:00,3.418,3.373,3.327
2017-01-06@15:00:00,3.418,3.372,3.326
2017-01-06@14:00:00,3.417,3.370,3.322
2017-01-06@11:30:00,3.415,3.367,3.319
2017-01-06@10:30:00,3.415,3.365,3.314
2017-01-05@15:00:00,3.414,3.362,3.310
2017-01-05@14:00:00,3.413,3.357,3.301
2017-01-05@11:30:00,3.408,3.351,3.294
2017-01-05@10:30:00,3.400,3.346,3.291
2017-01-04@15:00:00,3.392,3.341,3.289
2017-01-04@14:00:00,3.390,3.337,3.284
2017-01-04@11:30:00,3.385,3.332,3.280
2017-01-04@10:30:00,3.383,3.329,3.276
2017-01-03@15:00:00,3.382,3.325,3.268
2017-01-03@14:00:00,3.376,3.321,3.267
2017-01-03@11:30:00,3.369,3.317,3.265
2017-01-03@10:30:00,3.365,3.312,3.260
2016-12-30@15:00:00,3.358,3.308,3.259
2016-12-30@14:00:00,3.358,3.308,3.259
2016-12-30@11:30:00,3.361,3.309,3.258
2016-12-30@10:30:00,3.370,3.311,3.253
2016-12-29@15:00:00,3.378,3.313,3.249
2016-12-29@14:00:00,3.386,3.315,3.245
2016-12-29@11:30:00,3.391,3.317,3.243
2016-12-29@10:30:00,3.400,3.320,3.240
2016-12-28@15:00:00,3.407,3.322,3.238
2016-12-28@14:00:00,3.422,3.328,3.235
2016-12-28@11:30:00,3.433,3.334,3.236
2016-12-28@10:30:00,3.440,3.339,3.239
2016-12-27@15:00:00,3.448,3.345,3.242
2016-12-27@14:00:00,3.453,3.349,3.246
2016-12-27@11:30:00,3.455,3.354,3.254
2016-12-27@10:30:00,3.462,3.360,3.259
2016-12-26@15:00:00,3.465,3.368,3.272
2016-12-26@14:00:00,3.476,3.376,3.277
2016-12-26@11:30:00,3.477,3.384,3.292
2016-12-26@10:30:00,3.472,3.393,3.314
2016-12-23@15:00:00,3.463,3.401,3.339
2016-12-23@14:00:00,3.465,3.406,3.348
2016-12-23@11:30:00,3.464,3.410,3.357
2016-12-23@10:30:00,3.467,3.413,3.360
2016-12-22@15:00:00,3.472,3.417,3.363
2016-12-22@14:00:00,3.483,3.423,3.363
2016-12-22@11:30:00,3.488,3.428,3.369
2016-12-22@10:30:00,3.499,3.434,3.369
2016-12-21@15:00:00,3.506,3.440,3.374
2016-12-21@14:00:00,3.527,3.446,3.366
2016-12-21@11:30:00,3.544,3.453,3.363
2016-12-21@10:30:00,3.551,3.459,3.368
2016-12-20@15:00:00,3.551,3.462,3.374
2016-12-20@14:00:00,3.548,3.464,3.381
2016-12-20@11:30:00,3.546,3.465,3.385
2016-12-20@10:30:00,3.549,3.464,3.379
2016-12-19@15:00:00,3.550,3.463,3.376
2016-12-19@14:00:00,3.550,3.461,3.372
2016-12-19@11:30:00,3.550,3.461,3.372
2016-12-19@10:30:00,3.550,3.462,3.374
2016-12-16@15:00:00,3.554,3.465,3.376
2016-12-16@14:00:00,3.559,3.468,3.377
2016-12-16@11:30:00,3.566,3.473,3.380
2016-12-16@10:30:00,3.570,3.476,3.383
2016-12-15@15:00:00,3.571,3.478,3.385
2016-12-15@14:00:00,3.575,3.480,3.385
2016-12-15@11:30:00,3.582,3.483,3.384
2016-12-15@10:30:00,3.585,3.484,3.384
2016-12-14@15:00:00,3.593,3.487,3.382
2016-12-14@14:00:00,3.586,3.484,3.382
2016-12-14@11:30:00,3.578,3.480,3.382
2016-12-14@10:30:00,3.573,3.477,3.381
2016-12-13@15:00:00,3.574,3.474,3.375
2016-12-13@14:00:00,3.574,3.476,3.379
2016-12-13@11:30:00,3.572,3.479,3.387
2016-12-13@10:30:00,3.567,3.484,3.401
2016-12-12@15:00:00,3.563,3.487,3.412
2016-12-12@14:00:00,3.561,3.491,3.422
2016-12-12@11:30:00,3.561,3.495,3.430
2016-12-12@10:30:00,3.561,3.498,3.434
2016-12-09@15:00:00,3.562,3.498,3.434
2016-12-09@14:00:00,3.575,3.502,3.428
2016-12-09@11:30:00,3.587,3.505,3.422
2016-12-09@10:30:00,3.601,3.509,3.417
2016-12-08@15:00:00,3.619,3.516,3.412
2016-12-08@14:00:00,3.638,3.521,3.404
2016-12-08@11:30:00,3.646,3.524,3.402
2016-12-08@10:30:00,3.650,3.526,3.403
2016-12-07@15:00:00,3.652,3.527,3.402
2016-12-07@14:00:00,3.654,3.531,3.408
2016-12-07@11:30:00,3.657,3.536,3.415
2016-12-07@10:30:00,3.662,3.543,3.424
2016-12-06@15:00:00,3.664,3.553,3.443
2016-12-06@14:00:00,3.734,3.539,3.344
2016-12-06@11:30:00,3.773,3.524,3.276
2016-12-06@10:30:00,3.800,3.509,3.219
2016-12-05@15:00:00,3.820,3.494,3.168
2016-12-05@14:00:00,3.831,3.478,3.125
2016-12-05@11:30:00,3.839,3.460,3.081
2016-12-05@10:30:00,3.843,3.443,3.043
2016-12-02@15:00:00,3.843,3.425,3.008
2016-12-02@14:00:00,3.829,3.406,2.983
2016-12-02@11:30:00,3.811,3.384,2.958
2016-12-02@10:30:00,3.788,3.363,2.938
2016-12-01@15:00:00,3.755,3.341,2.927
2016-12-01@14:00:00,3.714,3.318,2.922
2016-12-01@11:30:00,3.675,3.296,2.918
2016-12-01@10:30:00,3.636,3.275,2.914
2016-11-30@15:00:00,3.592,3.253,2.915
2016-11-30@14:00:00,3.544,3.236,2.928
2016-11-30@11:30:00,3.484,3.217,2.950
2016-11-30@10:30:00,3.398,3.197,2.995
2016-10-13@15:00:00,3.208,3.175,3.142
2016-10-13@14:00:00,3.208,3.175,3.142
2016-10-13@11:30:00,3.208,3.175,3.142
2016-10-13@10:30:00,3.208,3.175,3.142
2016-10-12@15:00:00,3.210,3.176,3.142
2016-10-12@14:00:00,3.211,3.176,3.142
2016-10-12@11:30:00,3.212,3.178,3.144
2016-10-12@10:30:00,3.212,3.179,3.145
2016-10-11@15:00:00,3.211,3.179,3.148
2016-10-11@14:00:00,3.213,3.180,3.147
2016-10-11@11:30:00,3.215,3.182,3.149
2016-10-11@10:30:00,3.215,3.182,3.149
2016-10-10@15:00:00,3.215,3.182,3.148
2016-10-10@14:00:00,3.215,3.182,3.148
2016-10-10@11:30:00,3.215,3.183,3.150
2016-10-10@10:30:00,3.215,3.185,3.155
2016-09-30@15:00:00,3.210,3.188,3.166
2016-09-30@14:00:00,3.216,3.189,3.162
2016-09-30@11:30:00,3.224,3.191,3.158
2016-09-30@10:30:00,3.233,3.194,3.154
2016-09-29@15:00:00,3.242,3.196,3.150
2016-09-29@14:00:00,3.256,3.201,3.145
2016-09-29@11:30:00,3.270,3.206,3.141
2016-09-29@10:30:00,3.284,3.211,3.138
2016-09-28@15:00:00,3.290,3.215,3.139
2016-09-28@14:00:00,3.292,3.217,3.142
2016-09-28@11:30:00,3.294,3.219,3.144
2016-09-28@10:30:00,3.293,3.222,3.151
2016-09-27@15:00:00,3.293,3.224,3.155
2016-09-27@14:00:00,3.293,3.225,3.158
2016-09-27@11:30:00,3.293,3.226,3.160
2016-09-27@10:30:00,3.291,3.229,3.167
2016-09-26@15:00:00,3.287,3.232,3.177
2016-09-26@14:00:00,3.284,3.234,3.184
2016-09-26@11:30:00,3.282,3.235,3.189
2016-09-26@10:30:00,3.281,3.237,3.193
2016-09-23@15:00:00,3.279,3.238,3.197
2016-09-23@14:00:00,3.280,3.238,3.197
2016-09-23@11:30:00,3.281,3.237,3.193
2016-09-23@10:30:00,3.287,3.233,3.180
2016-09-22@15:00:00,3.287,3.230,3.173
2016-09-22@14:00:00,3.282,3.228,3.173
2016-09-22@11:30:00,3.273,3.224,3.176
2016-09-22@10:30:00,nan,nan,nan
2016-09-21@15:00:00,nan,nan,nan
2016-09-21@14:00:00,nan,nan,nan
2016-09-21@11:30:00,nan,nan,nan
2016-09-21@10:30:00,nan,nan,nan
2016-09-20@15:00:00,nan,nan,nan
2016-09-20@14:00:00,nan,nan,nan
2016-09-20@11:30:00,nan,nan,nan
2016-09-20@10:30:00,nan,nan,nan
2016-09-19@15:00:00,nan,nan,nan
2016-09-19@14:00:00,nan,nan,nan
2016-09-19@11:30:00,nan,nan,nan
2016-09-19@10:30:00,nan,nan,nan
2016-09-14@15:00:00,nan,nan,nan
2016-09-14@14:00:00,nan,nan,nan
2016-09-14@11:30:00,nan,nan,nan
2016-09-14@10:30:00,nan,nan,nan
2016-09-13@15:00:00,nan,nan,nan
2016-09-13@14:00:00,nan,nan,nan
