2017-06-30,3.417,3.336,3.254
2017-06-29,3.402,3.327,3.252
2017-06-28,3.394,3.321,3.248
2017-06-27,3.388,3.317,3.245
2017-06-26,3.383,3.313,3.242
2017-06-23,3.375,3.308,3.240
2017-06-22,3.369,3.302,3.235
2017-06-21,3.363,3.298,3.233
2017-06-20,3.361,3.293,3.224
2017-06-19,3.358,3.288,3.218
2017-06-16,3.348,3.284,3.220
2017-06-15,3.338,3.279,3.219
2017-06-14,3.324,3.274,3.223
2017-06-13,3.323,3.269,3.214
2017-06-12,3.322,3.263,3.204
2017-06-09,3.325,3.261,3.196
2017-06-08,3.320,3.257,3.194
2017-06-07,3.318,3.256,3.194
2017-06-06,3.311,3.255,3.198
2017-06-05,3.311,3.255,3.198
2017-06-02,3.322,3.257,3.192
2017-06-01,3.341,3.262,3.183
2017-05-31,3.359,3.267,3.175
2017-05-26,3.376,3.272,3.168
2017-05-25,3.385,3.276,3.166
2017-05-24,3.394,3.280,3.165
2017-05-23,3.404,3.285,3.166
2017-05-22,3.412,3.290,3.167
2017-05-19,3.436,3.300,3.164
2017-05-18,3.454,3.310,3.165
2017-05-17,3.483,3.321,3.158
2017-05-16,3.503,3.332,3.161
2017-05-15,3.533,3.346,3.159
2017-05-12,3.577,3.367,3.156
2017-05-11,3.601,3.386,3.170
2017-05-10,3.616,3.404,3.192
2017-05-09,3.629,3.421,3.213
2017-05-08,3.633,3.433,3.233
2017-05-05,3.642,3.447,3.251
2017-05-04,3.638,3.455,3.271
2017-05-03,3.635,3.459,3.283
2017-05-02,3.634,3.460,3.286
2017-04-28,3.632,3.462,3.291
2017-04-27,3.632,3.466,3.299
2017-04-26,3.629,3.470,3.311
2017-04-25,3.625,3.476,3.327
2017-04-24,3.621,3.479,3.337
2017-04-21,3.615,3.484,3.353
2017-04-20,3.615,3.485,3.355
2017-04-19,3.615,3.487,3.359
2017-04-18,3.616,3.488,3.359
2017-04-17,3.615,3.487,3.358
2017-04-14,3.611,3.484,3.357
2017-04-13,3.587,3.476,3.365
2017-04-12,3.570,3.469,3.368
2017-04-11,3.554,3.464,3.373
2017-04-10,3.535,3.455,3.375
2017-04-07,3.529,3.449,3.369
2017-04-06,3.505,3.443,3.381
2017-04-05,3.505,3.443,3.381
2017-03-31,3.508,3.446,3.383
2017-03-30,3.504,3.449,3.394
2017-03-29,3.516,3.456,3.395
2017-03-28,3.539,3.461,3.383
2017-03-27,3.558,3.468,3.377
2017-03-24,3.574,3.473,3.371
2017-03-23,3.597,3.482,3.367
2017-03-22,3.624,3.491,3.358
2017-03-21,3.645,3.500,3.354
2017-03-20,3.665,3.508,3.351
2017-03-17,3.678,3.514,3.350
2017-03-16,3.683,3.520,3.357
2017-03-15,3.695,3.527,3.359
2017-03-14,3.696,3.532,3.367
2017-03-13,3.706,3.541,3.376
2017-03-10,3.710,3.548,3.386
2017-03-09,3.703,3.556,3.408
2017-03-08,3.691,3.565,3.439
2017-03-07,3.684,3.571,3.457
2017-03-06,3.678,3.577,3.475
2017-03-03,3.670,3.580,3.490
2017-03-02,3.654,3.586,3.518
2017-03-01,3.652,3.589,3.525
2017-02-28,3.657,3.586,3.514
2017-02-27,3.664,3.582,3.499
2017-02-24,3.667,3.579,3.490
2017-02-23,3.676,3.570,3.464
2017-02-22,3.678,3.559,3.440
2017-02-21,3.670,3.552,3.434
2017-02-20,3.658,3.545,3.431
2017-02-17,3.651,3.536,3.421
2017-02-16,3.654,3.528,3.402
2017-02-15,3.648,3.517,3.386
2017-02-14,3.648,3.510,3.372
2017-02-13,3.633,3.499,3.364
2017-02-10,3.624,3.487,3.350
2017-02-09,3.620,3.479,3.337
2017-02-08,3.606,3.470,3.334
2017-02-07,3.598,3.461,3.324
2017-02-06,3.583,3.450,3.317
2017-02-03,3.574,3.440,3.306
2017-01-26,3.555,3.429,3.302
2017-01-25,3.533,3.415,3.296
2017-01-24,3.524,3.404,3.284
2017-01-23,3.516,3.395,3.273
2017-01-20,3.497,3.386,3.275
2017-01-19,3.492,3.384,3.275
2017-01-18,3.492,3.384,3.275
2017-01-17,3.475,3.379,3.282
2017-01-16,3.468,3.377,3.286
2017-01-13,3.470,3.378,3.285
2017-01-12,3.483,3.381,3.279
2017-01-11,3.514,3.389,3.263
2017-01-10,3.517,3.390,3.263
2017-01-09,3.518,3.391,3.263
2017-01-06,3.537,3.398,3.259
2017-01-05,3.553,3.405,3.257
2017-01-04,3.560,3.409,3.257
2017-01-03,3.565,3.413,3.261
2016-12-30,3.575,3.420,3.265
2016-12-29,3.597,3.432,3.267
2016-12-28,3.630,3.447,3.264
2016-12-27,3.636,3.460,3.284
2016-12-26,3.658,3.478,3.298
2016-12-23,3.683,3.498,3.313
2016-12-22,3.678,3.507,3.336
2016-12-21,3.675,3.513,3.351
2016-12-20,3.674,3.518,3.361
2016-12-19,3.670,3.525,3.379
2016-12-16,3.669,3.527,3.384
2016-12-15,3.668,3.529,3.389
2016-12-14,3.674,3.534,3.394
2016-12-13,3.677,3.536,3.394
2016-12-12,3.685,3.545,3.405
2016-12-09,3.683,3.555,3.427
2016-12-08,3.685,3.558,3.430
2016-12-07,3.687,3.556,3.424
2016-12-06,3.688,3.561,3.434
2016-12-05,3.703,3.557,3.410
2016-12-02,3.719,3.549,3.379
2016-12-01,3.729,3.537,3.345
2016-11-30,3.722,3.524,3.326
2016-11-29,3.719,3.518,3.316
2016-11-28,3.711,3.500,3.288
2016-11-25,3.689,3.479,3.268
2016-11-24,3.698,3.465,3.231
2016-11-23,3.701,3.452,3.203
2016-11-22,3.698,3.441,3.184
2016-11-21,3.691,3.429,3.167
2016-11-18,3.686,3.418,3.149
2016-11-17,3.681,3.405,3.128
2016-11-16,3.658,3.388,3.117
2016-11-15,3.632,3.371,3.110
2016-11-14,3.589,3.352,3.115
2016-11-11,3.544,3.333,3.122
2016-11-10,3.505,3.313,3.121
2016-11-09,3.483,3.298,3.113
2016-11-08,3.412,3.278,3.143
2016-11-07,3.401,3.269,3.136
2016-11-04,3.393,3.260,3.127
2016-11-03,3.382,3.254,3.125
2016-11-02,3.363,3.243,3.123
2016-11-01,3.317,3.231,3.144
2016-10-31,3.307,3.226,3.144
2016-10-28,3.301,3.220,3.139
2016-10-27,3.301,3.220,3.139
2016-10-26,3.303,3.221,3.138
2016-10-25,3.294,3.218,3.142
2016-10-24,3.284,3.215,3.146
2016-10-21,3.277,3.213,3.148
2016-10-20,3.276,3.212,3.148
2016-10-19,3.272,3.211,3.149
2016-10-18,3.269,3.210,3.150
2016-10-17,3.295,3.214,3.133
2016-10-14,3.327,3.221,3.115
2016-10-13,3.361,3.233,3.104
2016-10-12,3.379,3.242,3.104
2016-10-11,3.392,3.250,3.108
2016-10-10,3.402,3.258,3.113
2016-09-30,3.410,3.266,3.121
2016-09-29,3.417,3.272,3.127
2016-09-28,3.421,3.281,3.140
2016-09-27,3.423,3.289,3.154
2016-09-26,3.430,3.297,3.164
2016-09-23,3.429,3.307,3.185
2016-09-22,3.444,3.316,3.188
2016-09-21,3.461,3.325,3.188
2016-09-20,3.472,3.334,3.196
2016-09-19,3.490,3.347,3.203
2016-09-14,3.507,3.361,3.214
2016-09-13,3.519,3.374,3.229
2016-09-12,3.540,3.391,3.242
2016-09-09,3.549,3.407,3.264
2016-09-08,3.563,3.416,3.268
2016-09-07,3.572,3.422,3.272
2016-09-06,3.589,3.430,3.270
2016-09-05,3.594,3.436,3.277
2016-09-02,3.596,3.442,3.288
2016-09-01,3.608,3.453,3.298
2016-08-31,3.616,3.464,3.312
2016-08-30,3.634,3.478,3.322
2016-08-29,3.638,3.490,3.342
2016-08-26,3.635,3.501,3.367
2016-08-25,3.627,3.506,3.385
2016-08-24,3.620,3.515,3.410
2016-08-23,3.614,3.519,3.424
2016-08-22,3.616,3.526,3.435
2016-08-19,3.610,3.528,3.446
2016-08-18,3.612,3.532,3.452
2016-08-17,3.643,3.541,3.439
2016-08-16,3.681,3.553,3.424
2016-08-15,3.729,3.564,3.399
2016-08-12,3.780,3.579,3.377
2016-08-11,3.826,3.595,3.364
2016-08-10,3.862,3.612,3.362
2016-08-09,3.915,3.631,3.347
2016-08-08,3.957,3.654,3.350
2016-08-05,4.020,3.682,3.344
2016-08-04,4.021,3.688,3.355
2016-08-03,4.025,3.684,3.343
2016-08-02,4.026,3.679,3.332
2016-08-01,4.034,3.671,3.308
2016-07-29,4.046,3.661,3.276
2016-07-28,4.052,3.657,3.262
2016-07-27,4.057,3.650,3.243
2016-07-26,4.059,3.647,3.235
2016-07-25,4.059,3.644,3.228
2016-07-22,4.074,3.633,3.192
2016-07-21,4.087,3.619,3.150
2016-07-20,4.088,3.599,3.109
2016-07-19,4.076,3.581,3.086
2016-07-18,4.052,3.562,3.072
2016-07-15,4.020,3.545,3.069
2016-07-14,3.992,3.510,3.028
2016-07-13,3.963,3.473,2.982
2016-07-12,3.895,3.434,2.972
2016-07-11,3.816,3.392,2.967
2016-07-06,3.665,3.343,3.021
2016-07-05,3.612,3.315,3.017
2016-07-04,3.601,3.293,2.985
2016-07-01,3.576,3.270,2.964
2016-06-30,3.563,3.252,2.941
2016-06-29,3.555,3.237,2.918
2016-06-28,3.543,3.217,2.891
2016-06-27,3.522,3.198,2.873
2016-06-24,3.490,3.177,2.863
2016-06-23,3.435,3.153,2.870
2016-06-22,3.422,3.141,2.860
2016-06-21,3.407,3.131,2.855
2016-06-20,3.389,3.120,2.850
2016-06-17,3.346,3.104,2.862
2016-06-16,3.285,3.088,2.891
2016-06-15,3.155,3.071,2.986
2016-06-14,3.158,3.071,2.984
2016-06-13,3.159,3.072,2.984
2016-06-08,3.148,3.068,2.988
2016-06-07,3.149,3.069,2.988
2016-06-06,3.149,3.069,2.988
2016-06-03,3.146,3.068,2.989
2016-06-02,3.166,3.074,2.982
2016-06-01,3.206,3.084,2.962
2016-05-31,3.235,3.094,2.952
2016-05-30,3.269,3.106,2.942
2016-05-27,3.280,3.117,2.953
2016-05-26,3.285,3.125,2.965
2016-05-25,3.293,3.135,2.977
2016-05-24,3.293,3.144,2.994
2016-05-23,3.294,3.151,3.008
2016-05-20,3.303,3.160,3.016
2016-05-19,3.323,3.173,3.023
2016-05-18,3.328,3.182,3.036
2016-05-17,3.343,3.193,3.043
2016-05-16,3.355,3.202,3.048
2016-05-13,3.374,3.210,3.046
2016-05-12,3.391,3.223,3.055
2016-05-11,3.411,3.239,3.067
2016-05-10,3.419,3.252,3.085
2016-05-09,3.419,3.266,3.113
2016-05-06,3.407,3.277,3.146
2016-05-05,3.404,3.281,3.157
2016-05-04,3.405,3.282,3.158
2016-05-03,3.407,3.285,3.162
2016-04-29,3.407,3.285,3.162
2016-04-28,3.407,3.288,3.168
2016-04-27,3.404,3.293,3.182
2016-04-26,3.402,3.294,3.186
2016-04-25,3.396,3.298,3.200
2016-04-22,3.388,3.302,3.216
2016-04-21,3.386,3.303,3.220
2016-04-20,3.392,3.305,3.218
2016-04-19,3.407,3.313,3.219
2016-04-18,3.421,3.318,3.215
2016-04-15,3.434,3.324,3.213
2016-04-14,3.440,3.326,3.212
2016-04-13,3.442,3.327,3.212
2016-04-12,3.437,3.325,3.213
2016-04-11,3.446,3.328,3.210
2016-04-08,3.444,3.327,3.210
2016-04-07,3.444,3.327,3.210
2016-04-06,3.445,3.332,3.218
2016-04-05,3.475,3.343,3.210
2016-04-01,3.523,3.356,3.189
2016-03-31,3.540,3.366,3.192
2016-03-30,3.549,3.375,3.201
2016-03-29,3.549,3.379,3.208
2016-03-28,3.544,3.382,3.219
2016-03-25,3.565,3.375,3.184
2016-03-24,3.576,3.370,3.163
2016-03-23,3.591,3.363,3.134
2016-03-22,3.590,3.362,3.133
2016-03-21,3.586,3.355,3.123
2016-03-18,3.582,3.345,3.108
2016-03-17,3.578,3.334,3.090
2016-03-16,3.572,3.328,3.084
2016-03-15,3.568,3.326,3.083
2016-03-14,3.569,3.326,3.083
2016-03-11,3.560,3.321,3.082
2016-03-10,3.578,3.305,3.032
2016-03-09,3.603,3.287,2.971
2016-03-08,3.629,3.262,2.895
2016-03-07,3.624,3.229,2.833
2016-03-04,3.595,3.189,2.782
2016-03-03,3.571,3.154,2.736
2016-03-02,3.551,3.116,2.681
2016-03-01,3.522,3.091,2.660
2016-02-29,3.497,3.075,2.652
2016-02-26,3.497,3.075,2.652
2016-02-25,3.493,3.072,2.651
2016-02-24,3.492,3.072,2.651
2016-02-23,3.472,3.065,2.657
2016-02-22,3.460,3.060,2.660
2016-02-19,3.449,3.055,2.661
2016-02-18,3.443,3.052,2.661
2016-02-17,3.443,3.052,2.661
2016-02-16,3.431,3.049,2.666
2016-02-15,3.414,3.045,2.675
2016-02-05,3.432,3.049,2.665
2016-02-04,3.508,3.074,2.639
2016-02-03,3.531,3.091,2.651
2016-02-02,3.599,3.127,2.655
2016-02-01,3.622,3.156,2.690
2016-01-29,3.620,3.183,2.745
2016-01-28,3.641,3.219,2.797
2016-01-27,3.638,3.262,2.885
2016-01-26,3.649,3.296,2.943
2016-01-25,3.655,3.324,2.992
2016-01-22,3.681,3.346,3.010
2016-01-21,3.701,3.368,3.035
2016-01-20,3.718,3.393,3.067
2016-01-19,3.746,3.415,3.084
2016-01-18,3.763,3.438,3.112
2016-01-15,3.756,3.461,3.165
2016-01-14,3.746,3.485,3.224
2016-01-13,3.748,3.502,3.255
2016-01-12,3.738,3.517,3.296
2016-01-11,3.737,3.535,3.333
2016-01-08,3.734,3.538,3.341
2016-01-07,3.735,3.533,3.331
2016-01-06,3.713,3.543,3.372
2016-01-05,3.711,3.537,3.363
2016-01-04,3.708,3.544,3.380
2015-12-31,3.680,3.554,3.428
2015-12-30,3.681,3.556,3.431
2015-12-29,3.680,3.556,3.431
2015-12-28,3.681,3.551,3.421
2015-12-25,3.684,3.548,3.412
2015-12-24,3.681,3.545,3.408
2015-12-23,3.703,3.551,3.399
2015-12-22,3.723,3.557,3.390
2015-12-21,3.725,3.557,3.389
2015-12-18,3.731,3.559,3.387
2015-12-17,3.752,3.566,3.380
2015-12-16,3.765,3.571,3.376
2015-12-15,3.776,3.575,3.374
2015-12-14,3.797,3.584,3.370
2015-12-11,3.821,3.591,3.360
2015-12-10,3.825,3.602,3.378
2015-12-09,3.837,3.618,3.399
2015-12-08,3.859,3.635,3.410
2015-12-07,3.889,3.656,3.422
2015-12-04,3.903,3.668,3.432
2015-12-03,3.908,3.681,3.453
2015-12-02,3.911,3.689,3.467
2015-12-01,3.908,3.695,3.482
2015-11-30,3.896,3.700,3.503
2015-11-27,3.881,3.705,3.528
2015-11-26,3.864,3.712,3.559
2015-11-25,3.864,3.711,3.557
2015-11-24,3.864,3.711,3.558
2015-11-23,3.866,3.715,3.563
2015-11-20,3.872,3.720,3.567
2015-11-19,3.876,3.722,3.568
2015-11-18,3.880,3.725,3.570
2015-11-17,3.881,3.727,3.573
2015-11-16,3.881,3.727,3.572
2015-11-13,3.874,3.722,3.570
2015-11-12,3.875,3.726,3.576
2015-11-11,3.874,3.725,3.575
2015-11-10,3.863,3.718,3.572
2015-11-09,3.833,3.708,3.583
2015-11-06,3.825,3.705,3.585
2015-11-05,3.828,3.694,3.560
2015-11-04,3.845,3.681,3.517
2015-11-03,3.877,3.667,3.456
2015-11-02,3.900,3.657,3.414
2015-10-30,3.906,3.653,3.399
2015-10-29,3.907,3.646,3.385
2015-10-28,3.907,3.636,3.364
2015-10-27,3.902,3.622,3.342
2015-10-26,3.890,3.614,3.337
2015-10-23,3.871,3.602,3.333
2015-10-22,3.849,3.589,3.329
2015-10-21,3.824,3.576,3.328
2015-10-20,3.807,3.569,3.331
2015-10-19,3.794,3.550,3.306
2015-10-16,3.783,3.546,3.309
2015-10-15,3.760,3.539,3.318
2015-10-14,3.741,3.534,3.327
2015-10-13,3.755,3.538,3.320
2015-10-12,3.747,3.535,3.323
2015-10-09,3.723,3.529,3.334
2015-10-08,3.723,3.529,3.334
2015-09-30,3.737,3.538,3.338
2015-09-29,3.733,3.547,3.360
2015-09-28,3.747,3.564,3.381
2015-09-25,3.746,3.565,3.384
2015-09-24,3.757,3.558,3.359
2015-09-23,3.764,3.554,3.343
2015-09-22,3.790,3.569,3.347
2015-09-21,3.946,3.600,3.253
2015-09-18,4.084,3.636,3.187
2015-09-17,4.188,3.672,3.156
2015-09-16,4.247,3.703,3.158
2015-09-15,4.411,3.752,3.092
2015-09-14,4.522,3.810,3.098
2015-09-11,4.653,3.861,3.069
2015-09-10,4.780,3.917,3.053
2015-09-09,4.875,3.967,3.058
2015-09-08,4.899,3.991,3.082
2015-09-07,4.905,4.011,3.116
2015-09-02,4.903,4.028,3.153
2015-09-01,4.898,4.050,3.202
2015-08-31,4.901,4.073,3.245
2015-08-28,4.890,4.095,3.300
2015-08-27,4.887,4.110,3.332
2015-08-26,4.861,4.135,3.409
2015-08-25,4.809,4.173,3.537
2015-08-24,4.739,4.199,3.658
2015-08-21,4.722,4.209,3.695
2015-08-20,4.738,4.219,3.700
2015-08-19,4.764,4.231,3.698
2015-08-18,4.773,4.237,3.701
2015-08-17,4.795,4.254,3.712
2015-08-14,4.773,4.246,3.719
2015-08-13,4.763,4.243,3.722
2015-08-12,4.710,4.222,3.734
2015-08-11,4.627,4.193,3.758
2015-08-10,4.610,4.189,3.768
2015-08-07,4.719,4.219,3.718
2015-08-06,4.733,4.235,3.737
2015-08-05,4.732,4.236,3.740
2015-08-04,4.762,4.221,3.680
2015-08-03,4.762,4.219,3.676
2015-07-31,4.767,4.233,3.699
2015-07-30,4.765,4.237,3.708
2015-07-29,4.790,4.262,3.733
2015-07-28,4.879,4.297,3.715
2015-07-27,5.011,4.359,3.706
2015-07-24,5.044,4.399,3.753
2015-07-23,5.136,4.432,3.727
2015-07-22,5.350,4.486,3.621
2015-07-21,5.615,4.562,3.508
2015-07-20,5.759,4.618,3.477
2015-07-17,5.891,4.677,3.463
2015-07-16,6.139,4.764,3.389
2015-07-15,6.370,4.867,3.364
2015-07-14,6.560,4.976,3.392
2015-07-13,6.781,5.074,3.366
2015-07-10,6.957,5.155,3.353
2015-07-09,7.109,5.260,3.410
2015-07-08,7.220,5.389,3.557
2015-07-07,7.257,5.533,3.808
2015-07-06,7.312,5.661,4.010
2015-07-03,7.377,5.786,4.195
2015-07-02,7.322,5.908,4.494
2015-07-01,7.317,6.019,4.721
2015-06-30,7.367,6.126,4.884
2015-06-29,7.461,6.229,4.996
2015-06-26,7.409,6.340,5.270
2015-06-25,7.295,6.404,5.513
2015-06-24,7.274,6.413,5.552
2015-06-23,7.359,6.381,5.403
2015-06-19,7.413,6.362,5.311
2015-06-18,7.497,6.332,5.167
2015-06-17,7.595,6.266,4.936
2015-06-16,7.696,6.181,4.666
2015-06-15,7.755,6.097,4.439
2015-06-12,7.784,5.995,4.205
2015-06-11,7.800,5.892,3.983
2015-06-10,7.790,5.785,3.780
2015-06-09,7.731,5.681,3.631
2015-06-08,7.644,5.581,3.517
2015-06-05,7.530,5.472,3.413
2015-06-04,7.367,5.355,3.342
2015-06-03,7.229,5.247,3.264
2015-06-02,7.027,5.127,3.226
2015-06-01,6.721,5.001,3.280
2015-05-29,6.277,4.863,3.449
2015-05-28,5.777,4.735,3.693
2015-05-27,5.384,4.644,3.904
2015-04-21,5.116,4.576,4.036
2015-04-20,5.018,4.514,4.010
2015-04-17,4.920,4.448,3.976
2015-04-16,4.850,4.394,3.937
2015-04-15,4.804,4.344,3.883
2015-04-14,4.827,4.297,3.767
2015-04-13,4.840,4.245,3.649
2015-04-10,4.864,4.196,3.528
2015-04-09,4.881,4.151,3.421
2015-04-08,4.893,4.107,3.321
2015-04-07,4.871,4.057,3.243
2015-04-03,4.819,4.004,3.188
2015-04-02,4.771,3.956,3.140
2015-04-01,4.717,3.907,3.096
2015-03-31,4.663,3.866,3.068
2015-03-30,4.607,3.827,3.047
2015-03-27,4.515,3.787,3.058
2015-03-26,4.415,3.743,3.070
2015-03-25,4.302,3.698,3.094
2015-03-24,4.126,3.643,3.160
2015-03-23,3.936,3.598,3.259
2015-03-20,3.859,3.571,3.282
2015-03-19,3.805,3.548,3.292
2015-03-18,3.729,3.522,3.314
2015-03-17,3.645,3.498,3.350
2015-03-16,3.617,3.483,3.348
2015-03-13,3.617,3.470,3.322
2015-03-12,3.619,3.462,3.304
2015-03-11,3.620,3.462,3.304
2015-03-10,3.628,3.467,3.305
2015-03-09,3.651,3.475,3.298
2015-03-06,3.661,3.479,3.297
2015-03-05,3.672,3.484,3.295
2015-03-04,3.694,3.493,3.292
2015-03-03,3.731,3.503,3.275
2015-03-02,3.775,3.515,3.255
2015-02-27,3.825,3.527,3.228
2015-02-26,3.869,3.541,3.213
2015-02-25,3.928,3.561,3.194
2015-02-17,3.950,3.579,3.207
2015-02-16,3.956,3.586,3.216
2015-02-13,3.959,3.593,3.227
2015-02-12,3.976,3.610,3.243
2015-02-11,3.972,3.623,3.273
2015-02-10,3.965,3.633,3.301
2015-02-09,3.962,3.651,3.339
2015-02-06,3.945,3.673,3.401
2015-02-05,3.919,3.693,3.467
2015-02-04,3.919,3.709,3.498
2015-02-03,3.957,3.731,3.504
2015-02-02,3.958,3.737,3.515
2015-01-30,3.954,3.740,3.526
2015-01-29,3.988,3.730,3.471
2015-01-28,4.032,3.712,3.391
2015-01-27,4.046,3.693,3.340
2015-01-26,4.045,3.674,3.302
2015-01-23,4.037,3.646,3.255
2015-01-22,4.034,3.616,3.198
2015-01-21,3.995,3.589,3.182
2015-01-20,3.978,3.580,3.182
2015-01-19,3.976,3.565,3.153
2015-01-16,3.983,3.546,3.108
2015-01-15,3.964,3.518,3.072
2015-01-14,3.956,3.500,3.044
2015-01-13,3.948,3.485,3.021
2015-01-12,3.921,3.462,3.003
2015-01-09,3.884,3.435,2.986
2015-01-08,3.844,3.410,2.975
2015-01-07,3.790,3.375,2.959
2015-01-06,3.653,3.334,3.014
2015-01-05,3.579,3.299,3.018
2014-12-31,3.511,3.273,3.034
2014-12-30,3.506,3.257,3.007
2014-12-29,3.538,3.235,2.932
2014-12-26,3.557,3.207,2.856
2014-12-25,3.557,3.177,2.796
2014-12-24,3.559,3.150,2.741
2014-12-23,3.564,3.127,2.690
2014-12-22,3.541,3.100,2.658
2014-12-19,3.469,3.053,2.637
2014-12-18,3.454,3.018,2.581
2014-12-17,3.450,2.986,2.522
2014-12-16,3.434,2.956,2.477
2014-12-15,3.400,2.923,2.445
2014-12-12,3.354,2.890,2.426
2014-12-11,3.300,2.859,2.418
2014-12-10,3.246,2.833,2.420
2014-12-09,3.181,2.804,2.428
2014-12-08,3.140,2.780,2.421
2014-12-05,3.072,2.756,2.440
2014-12-04,3.027,2.733,2.438
2014-12-03,2.942,2.708,2.474
2014-12-02,2.857,2.686,2.515
2014-12-01,2.832,2.679,2.526
2014-11-28,2.814,2.672,2.530
2014-11-27,2.794,2.663,2.533
2014-11-26,2.773,2.656,2.539
2014-11-25,2.756,2.644,2.533
2014-11-24,2.728,2.628,2.528
2014-11-21,2.746,2.616,2.486
2014-11-20,2.756,2.608,2.459
2014-11-19,2.767,2.599,2.432
2014-11-18,2.766,2.595,2.423
2014-11-17,2.765,2.593,2.420
2014-11-14,2.761,2.590,2.419
2014-11-13,2.755,2.586,2.416
2014-11-12,2.742,2.580,2.419
2014-11-11,2.733,2.576,2.418
2014-11-10,2.728,2.572,2.415
2014-11-07,2.716,2.566,2.416
2014-11-06,2.714,2.563,2.411
2014-11-05,2.705,2.558,2.410
2014-11-04,2.700,2.550,2.400
2014-11-03,2.668,2.538,2.408
2014-10-31,2.650,2.528,2.405
2014-10-30,2.636,2.519,2.402
2014-10-29,2.616,2.509,2.402
2014-10-28,2.612,2.505,2.398
2014-10-27,2.616,2.501,2.386
2014-10-24,2.621,2.498,2.376
2014-10-23,2.622,2.498,2.374
2014-10-22,2.620,2.499,2.379
2014-10-21,2.620,2.499,2.379
2014-10-20,2.612,2.494,2.376
2014-10-17,2.602,2.485,2.369
2014-10-16,2.594,2.477,2.361
2014-10-15,2.577,2.466,2.355
2014-10-14,2.567,2.456,2.345
2014-10-13,2.557,2.448,2.339
2014-10-10,2.540,2.438,2.337
2014-10-09,2.532,2.431,2.330
2014-10-08,2.516,2.421,2.326
2014-09-30,2.514,2.414,2.314
2014-09-29,2.511,2.405,2.300
2014-09-26,2.513,2.397,2.281
2014-09-25,2.514,2.387,2.260
2014-09-24,2.512,2.379,2.246
2014-09-23,2.500,2.370,2.241
2014-09-22,2.496,2.366,2.236
2014-09-19,2.495,2.364,2.233
2014-09-18,2.486,2.359,2.233
2014-09-17,2.473,2.355,2.237
2014-09-16,2.443,2.348,2.254
2014-09-15,2.424,2.343,2.263
2014-09-12,2.415,2.340,2.266
2014-09-11,2.406,2.337,2.269
2014-09-10,2.408,2.338,2.268
2014-09-09,2.415,2.340,2.265
2014-09-05,2.425,2.343,2.260
2014-09-04,2.436,2.346,2.255
2014-09-03,2.437,2.346,2.255
2014-09-02,2.443,2.349,2.255
2014-09-01,2.444,2.350,2.257
2014-08-29,2.445,2.353,2.261
2014-08-28,2.442,2.355,2.269
2014-08-27,2.440,2.363,2.286
2014-08-26,2.446,2.361,2.277
2014-08-25,2.453,2.359,2.265
2014-08-22,2.457,2.356,2.256
2014-08-21,2.466,2.351,2.236
2014-08-20,2.477,2.343,2.209
2014-08-19,2.488,2.333,2.177
2014-08-18,2.492,2.321,2.151
2014-08-15,2.499,2.310,2.121
2014-08-14,2.499,2.300,2.102
2014-08-13,2.499,2.291,2.083
2014-08-12,2.491,2.280,2.069
2014-08-11,2.479,2.267,2.055
2014-08-08,2.458,2.252,2.047
2014-08-07,2.432,2.237,2.043
2014-08-06,2.417,2.224,2.032
2014-08-05,2.390,2.210,2.031
2014-08-04,2.368,2.199,2.030
2014-08-01,2.342,2.187,2.033
2014-07-31,2.322,2.181,2.041
2014-07-30,2.266,2.171,2.077
2014-07-29,2.257,2.168,2.080
2014-07-28,nan,nan,nan
2014-07-25,nan,nan,nan
2014-07-24,nan,nan,nan
2014-07-23,nan,nan,nan
2014-07-22,nan,nan,nan
2014-07-21,nan,nan,nan
2014-07-18,nan,nan,nan
2014-07-17,nan,nan,nan
2014-07-16,nan,nan,nan
2014-07-15,nan,nan,nan
2014-07-14,nan,nan,nan
2014-07-11,nan,nan,nan
2014-07-10,nan,nan,nan
2014-07-09,nan,nan,nan
2014-07-08,nan,nan,nan
2014-07-07,nan,nan,nan
2014-07-04,nan,nan,nan
2014-07-03,nan,nan,nan
2014-07-02,nan,nan,nan
