date,open,high,close,low,volume,price_change,p_change,ma5,ma10,ma20,v_ma5,v_ma10,v_ma20,turnover
2017-03-17 15:00:00,20.72,20.8,20.78,20.62,15536.8,0.06,0.29,20.796,20.797,20.754,10156.5,9878.18,10681.0,1.33
2017-03-17 14:00:00,20.77,20.77,20.72,20.71,6882.14,-0.05,-0.24,20.806,20.786,20.734,8825.62,8714.93,10567.2,0.59
2017-03-17 11:30:00,20.83,20.88,20.74,20.72,8197.5,-0.09,-0.43,20.832,20.781,20.718,8985.03,8677.43,10835.0,0.7
2017-03-17 10:30:00,20.92,20.93,20.83,20.8,8598.75,-0.09,-0.43,20.85,20.782,20.6855,10390.0,8686.15,10728.5,0.74
2017-03-16 15:00:00,20.83,20.94,20.91,20.81,11567.2,0.08,0.38,20.858,20.766,20.65,10840.7,8333.95,10641.2,0.99
2017-03-16 14:00:00,20.85,20.93,20.83,20.82,8882.5,-0.02,-0.1,20.798,20.737,20.6105,9599.88,8264.98,10331.7,0.76
2017-03-16 11:30:00,20.83,20.86,20.85,20.79,7679.19,0.02,0.1,20.766,20.717,20.572,8604.23,9101.83,10066.2,0.66
2017-03-16 10:30:00,20.84,20.99,20.83,20.78,15222.2,-0.01,-0.05,20.73,20.73,20.532,8369.85,10109.4,9889.18,1.31
2017-03-15 15:00:00,20.62,20.89,20.87,20.59,10852.2,0.25,1.21,20.714,20.732,20.492,6982.32,10074.9,9922.2,0.93
2017-03-15 14:00:00,20.67,20.68,20.61,20.57,5363.3,-0.06,-0.29,20.674,20.712,20.47,5827.24,10419.2,9752.11,0.46
2017-03-15 11:30:00,20.66,20.73,20.67,20.63,3904.28,0.01,0.05,20.676,20.711,20.469,6930.08,11483.8,9785.36,0.33
2017-03-15 10:30:00,20.69,20.78,20.67,20.6,6507.22,-0.02,-0.1,20.668,20.682,20.4605,9599.42,12419.4,9881.59,0.56
2017-03-14 15:00:00,20.68,20.83,20.75,20.57,8284.64,0.07,0.34,20.73,20.655,20.458,11848.9,12992.6,10572.4,0.71
2017-03-14 14:00:00,20.65,20.72,20.67,20.61,5076.75,0.02,0.1,20.75,20.589,20.4355,13167.6,12770.9,10534.4,0.44
2017-03-14 11:30:00,20.63,20.7,20.62,20.58,10877.5,-0.01,-0.05,20.75,20.534,20.407,15011.2,12948.4,10644.9,0.93
2017-03-14 10:30:00,20.89,20.95,20.63,20.63,17251.0,-0.26,-1.24,20.746,20.484,20.3855,16037.6,12398.5,10569.5,1.48
2017-03-13 15:00:00,20.85,20.98,20.98,20.79,17754.4,0.13,0.62,20.696,20.427,20.3705,15239.3,11030.6,10316.1,1.52
2017-03-13 14:00:00,20.67,20.94,20.85,20.66,14878.1,0.18,0.87,20.58,20.334,20.3435,14136.3,9669.01,9880.6,1.28
2017-03-13 11:30:00,20.59,20.75,20.67,20.56,14295.0,0.08,0.39,20.428,20.252,20.32,12374.2,9769.46,9391.71,1.23
2017-03-13 10:30:00,20.35,20.66,20.6,20.1,16009.4,0.25,1.23,20.318,20.228,20.3045,10885.5,9085.0,9170.61,1.37
2017-03-10 15:00:00,20.41,20.52,20.38,20.3,13259.8,-0.03,-0.15,20.222,20.227,20.3035,8759.37,8086.89,9761.09,1.14
2017-03-10 14:00:00,20.08,20.48,20.4,20.07,12239.4,0.32,1.59,20.158,20.239,20.2935,6821.89,7343.8,9871.81,1.05
2017-03-10 11:30:00,20.12,20.18,20.09,20.06,6067.43,-0.03,-0.15,20.088,20.261,20.283,5201.68,8152.26,9565.17,0.52
2017-03-10 10:30:00,20.04,20.3,20.12,20.04,6851.71,0.08,0.4,20.076,20.282,20.291,7164.72,8297.98,9782.37,0.59
2017-03-09 15:00:00,20.06,20.14,20.12,20.02,5378.55,0.06,0.3,20.138,20.28,20.2945,7284.46,8341.37,10814.0,0.46
2017-03-09 14:00:00,20.05,20.18,20.06,20.02,3572.31,0.01,0.05,20.232,20.287,20.2705,7414.42,8740.59,10859.0,0.31
2017-03-09 11:30:00,20.03,20.09,20.05,19.97,4138.41,0.02,0.1,20.32,20.314,20.2575,7865.71,9601.54,10997.8,0.35
2017-03-09 10:30:00,20.25,20.39,20.03,19.95,15882.6,-0.22,-1.09,20.434,20.353,20.2475,11102.8,10092.2,11066.9,1.36
2017-03-08 15:00:00,20.59,20.59,20.43,20.4,7450.42,-0.16,-0.78,20.488,20.388,20.226,9431.24,9013.96,10580.0,0.64
2017-03-08 14:00:00,20.5,20.62,20.59,20.5,6028.34,0.09,0.44,20.422,20.381,20.1905,9398.28,9256.22,10446.5,0.52
2017-03-08 11:30:00,20.62,20.62,20.5,20.41,5828.8,-0.12,-0.58,20.342,20.38,20.1505,10066.8,11435.3,10366.0,0.5
2017-03-08 10:30:00,20.52,20.84,20.62,20.52,20324.0,0.1,0.49,20.308,20.348,20.1115,11337.4,12399.8,10345.0,1.74
2017-03-07 15:00:00,20.1,20.3,20.3,20.1,7524.62,0.2,1.0,20.272,20.305,20.0715,9081.53,10978.1,9783.52,0.65
2017-03-07 14:00:00,20.18,20.2,20.1,20.08,7285.65,-0.08,-0.4,20.288,20.3,20.036,8596.69,11266.8,9611.4,0.62
2017-03-07 11:30:00,20.32,20.33,20.19,20.1,9370.75,-0.13,-0.64,20.34,20.309,20.0065,9114.16,13286.6,9332.51,0.8
2017-03-07 10:30:00,20.38,20.56,20.33,20.25,12181.8,-0.05,-0.25,20.418,20.254,19.973,12803.8,12977.5,9006.69,1.04
2017-03-06 15:00:00,20.38,20.46,20.44,20.33,9044.81,0.06,0.29,20.388,20.201,19.931,13462.3,12394.0,8631.25,0.78
2017-03-06 14:00:00,20.36,20.51,20.38,20.35,5100.46,0.02,0.1,20.338,20.142,19.8825,12874.7,12041.5,8434.36,0.44
2017-03-06 11:30:00,20.59,20.59,20.36,20.34,9873.0,-0.23,-1.12,20.312,20.064,19.843,13936.8,12146.0,8380.42,0.85
2017-03-06 10:30:00,20.22,20.72,20.58,20.2,27819.0,0.36,1.78,20.278,20.0,19.81,17459.1,11636.8,8067.26,2.39
2017-03-03 15:00:00,20.19,20.34,20.18,20.08,15474.1,-0.01,-0.05,20.09,19.921,19.7635,13151.2,9296.69,6942.44,1.33
2017-03-03 14:00:00,20.25,20.26,20.19,20.15,6106.7,-0.06,-0.3,20.014,19.875,19.739,11325.7,8290.12,6406.86,0.52
2017-03-03 11:30:00,20.19,20.25,20.25,20.13,10411.3,0.06,0.3,19.946,19.838,19.716,11208.4,8588.96,6392.01,0.89
2017-03-03 10:30:00,19.64,20.59,20.19,19.64,27484.3,0.55,2.8,19.816,19.772,19.6855,10355.2,7956.03,6117.13,2.36
2017-03-02 15:00:00,19.8,19.82,19.64,19.64,6279.45,-0.16,-0.81,19.722,19.704,19.65,5814.49,5378.4,5116.16,0.54
2017-03-02 14:00:00,19.84,19.89,19.8,19.75,6346.93,-0.04,-0.2,19.752,19.692,19.65,5442.22,5035.89,5189.89,0.54
2017-03-02 11:30:00,19.6,19.85,19.85,19.54,5520.05,0.25,1.28,19.736,19.661,19.64,5254.5,4868.49,5383.66,0.47
2017-03-02 10:30:00,19.78,19.8,19.6,19.53,6145.22,-0.18,-0.91,19.73,19.623,19.622,5969.51,4827.18,5425.02,0.53
2017-03-01 15:00:00,19.79,19.79,19.72,19.7,4780.81,-0.07,-0.35,19.728,19.622,19.605,5556.88,4614.83,5388.38,0.41
2017-03-01 14:00:00,19.72,19.8,19.79,19.7,4418.09,0.07,0.35,19.686,19.62,19.5875,4942.3,4497.74,5558.47,0.38
2017-03-01 11:30:00,19.83,19.84,19.72,19.68,5408.32,-0.11,-0.55,19.632,19.606,19.5725,4629.55,4588.19,5574.83,0.46
2017-03-01 10:30:00,19.55,19.82,19.82,19.5,9095.13,0.27,1.38,19.586,19.603,19.565,4482.48,4523.59,5744.53,0.78
2017-02-28 15:00:00,19.51,19.63,19.59,19.47,4082.03,0.08,0.41,19.516,19.594,19.543,3684.85,4195.05,5573.21,0.35
2017-02-28 14:00:00,19.52,19.54,19.51,19.48,1707.92,-0.01,-0.05,19.516,19.599,19.5305,3672.78,4278.24,5551.78,0.15
2017-02-28 11:30:00,19.49,19.55,19.52,19.43,2854.37,0.03,0.15,19.554,19.596,19.522,4053.19,4853.93,5637.71,0.24
2017-02-28 10:30:00,19.39,19.55,19.49,19.39,4672.97,0.1,0.52,19.58,19.608,19.5165,4546.83,5343.9,5779.72,0.4
2017-02-27 15:00:00,19.59,19.6,19.47,19.43,5106.96,-0.12,-0.61,19.62,19.619,19.51,4564.7,5898.82,5931.2,0.44
2017-02-27 14:00:00,19.69,19.7,19.59,19.57,4021.67,-0.1,-0.51,19.672,19.621,19.49,4705.25,6022.86,5880.96,0.34
2017-02-27 11:30:00,19.65,19.75,19.7,19.65,3609.99,0.05,0.25,19.682,19.588,19.4575,4883.7,6161.94,5862.68,0.31
2017-02-27 10:30:00,19.71,19.84,19.65,19.56,5322.55,-0.06,-0.3,19.638,19.555,19.4225,5654.66,6619.2,5823.35,0.46
2017-02-24 15:00:00,19.73,19.76,19.69,19.67,4762.35,-0.04,-0.2,19.636,19.539,19.39,6140.96,6561.48,5835.42,0.41
2017-02-24 14:00:00,19.64,19.8,19.73,19.63,5809.71,0.09,0.46,19.618,19.527,19.362,7232.93,6965.48,5787.93,0.5
2017-02-24 11:30:00,19.49,19.73,19.64,19.48,4913.88,0.15,0.77,19.57,19.492,19.333,7340.47,6951.36,5659.5,0.42
2017-02-24 10:30:00,19.72,19.72,19.48,19.46,7464.82,-0.24,-1.22,19.494,19.462,19.311,7440.18,6825.33,5637.31,0.64
2017-02-23 15:00:00,19.6,19.66,19.64,19.52,7754.06,0.04,0.2,19.472,19.448,19.309,7583.73,6421.5,5429.72,0.67
2017-02-23 14:00:00,19.49,19.73,19.6,19.49,10222.2,0.11,0.56,19.442,19.425,19.3015,6981.99,6215.54,5286.42,0.88
2017-02-23 11:30:00,19.26,19.59,19.49,19.24,6347.38,0.23,1.19,19.436,19.401,19.2925,6698.02,5963.57,4980.44,0.54
2017-02-23 10:30:00,19.37,19.43,19.26,19.22,5412.42,-0.11,-0.57,19.414,19.359,19.2925,6562.26,5739.05,4808.71,0.46
2017-02-22 15:00:00,19.49,19.5,19.37,19.27,8182.61,-0.12,-0.62,19.43,19.327,19.2945,6210.48,5563.42,4720.84,0.7
2017-02-22 14:00:00,19.57,19.6,19.49,19.48,4745.35,-0.08,-0.41,19.424,19.29,19.2925,5259.26,5027.5,4614.22,0.41
2017-02-22 11:30:00,19.38,19.66,19.57,19.35,8802.32,0.19,0.98,19.408,19.241,19.2925,5449.09,5109.36,4500.3,0.76
2017-02-22 10:30:00,19.39,19.48,19.38,19.36,5668.6,-0.01,-0.05,19.366,19.197,19.2865,5229.13,4610.39,4287.39,0.49
2017-02-21 15:00:00,19.34,19.37,19.34,19.28,3653.52,0.0,0.0,19.304,19.174,19.2925,4915.84,4367.64,4409.75,0.31
2017-02-21 14:00:00,19.4,19.43,19.34,19.3,3426.5,-0.06,-0.31,19.224,19.16,19.3115,4916.36,4449.3,4409.88,0.29
2017-02-21 11:30:00,19.37,19.42,19.41,19.3,5694.5,0.04,0.21,19.156,19.17,19.329,4795.74,4437.94,4306.64,0.49
2017-02-21 10:30:00,19.07,19.42,19.36,19.07,7702.51,0.29,1.52,19.074,19.178,19.3425,4769.64,4357.31,4234.54,0.66
2017-02-20 15:00:00,18.94,19.08,19.07,18.94,4102.18,0.13,0.69,19.028,19.184,19.357,3991.66,3997.3,4138.58,0.35
2017-02-20 14:00:00,19.0,19.03,18.94,18.88,3656.1,-0.06,-0.32,19.044,19.226,19.3845,3819.43,3878.36,4098.51,0.31
2017-02-20 11:30:00,19.0,19.0,19.0,18.88,2823.4,0.0,0.0,19.096,19.262,19.42,3982.24,3878.26,4003.76,0.24
2017-02-20 10:30:00,19.1,19.21,19.0,18.91,5564.0,-0.1,-0.52,19.184,19.295,19.4555,4080.15,4200.93,4012.48,0.48
2017-02-17 15:00:00,19.15,19.24,19.13,19.1,3812.61,-0.02,-0.1,19.282,19.344,19.4895,3944.98,3891.23,3924.79,0.33
2017-02-17 14:00:00,19.21,19.23,19.15,19.11,3241.05,-0.06,-0.31,19.34,19.376,19.5085,4002.94,3964.4,3938.97,0.28
2017-02-17 11:30:00,19.43,19.45,19.2,19.2,4470.13,-0.23,-1.18,19.408,19.411,19.533,3937.3,4451.87,3899.09,0.38
2017-02-17 10:30:00,19.58,19.61,19.44,19.43,3312.95,-0.14,-0.72,19.428,19.463,19.551,3774.28,4370.45,3826.09,0.28
2017-02-16 15:00:00,19.42,19.5,19.49,19.37,4888.15,0.07,0.36,19.406,19.488,19.561,4321.72,4175.34,3995.73,0.42
2017-02-16 14:00:00,19.49,19.54,19.42,19.42,4102.43,-0.07,-0.36,19.406,19.507,19.5745,3837.49,4111.78,4053.67,0.35
2017-02-16 11:30:00,19.3,19.5,19.49,19.3,2912.83,0.19,0.98,19.412,19.53,19.5895,3925.85,4279.86,4121.96,0.25
2017-02-16 10:30:00,19.4,19.4,19.3,19.24,3655.06,-0.1,-0.52,19.414,19.543,19.604,4966.43,4318.66,4544.79,0.31
2017-02-15 15:00:00,19.5,19.53,19.33,19.24,6050.11,-0.17,-0.87,19.498,19.578,19.614,4966.62,4129.26,4673.94,0.52
2017-02-15 14:00:00,19.46,19.55,19.49,19.45,2467.01,0.03,0.15,19.57,19.616,19.6145,4028.96,3824.02,4640.16,0.21
2017-02-15 11:30:00,19.5,19.54,19.45,19.44,4544.23,-0.05,-0.26,19.608,19.635,19.6035,4386.08,3958.35,4637.63,0.39
2017-02-15 10:30:00,19.72,19.72,19.5,19.5,8115.76,-0.22,-1.12,19.648,19.641,19.5905,4633.88,3913.54,4477.62,0.7
2017-02-14 15:00:00,19.67,19.75,19.72,19.66,3656.0,0.05,0.25,19.672,19.655,19.573,3670.88,3346.31,4208.58,0.31
2017-02-14 14:00:00,19.69,19.72,19.69,19.63,1361.8,0.0,0.0,19.658,19.639,19.549,3291.89,3281.72,4148.64,0.12
2017-02-14 11:30:00,19.65,19.72,19.68,19.56,4252.59,0.03,0.15,19.662,19.634,19.524,3619.08,3816.12,4270.65,0.36
2017-02-14 10:30:00,19.71,19.8,19.65,19.62,5783.23,-0.06,-0.3,19.662,19.642,19.5035,3530.62,3995.56,4185.84,0.5
2017-02-13 15:00:00,19.65,19.7,19.62,19.6,3300.79,-0.03,-0.15,19.634,19.649,19.489,3193.2,3964.05,4041.56,0.28
2017-02-13 14:00:00,19.73,19.75,19.65,19.65,1761.03,-0.08,-0.41,19.638,19.665,19.4745,3021.73,4770.92,4096.38,0.15
2017-02-13 11:30:00,19.66,19.75,19.71,19.59,2997.77,0.05,0.25,19.62,19.65,19.455,3271.55,5218.63,4106.33,0.26
2017-02-13 10:30:00,19.47,19.72,19.68,19.45,3810.28,0.21,1.08,19.606,19.613,19.4335,4013.15,5456.3,4096.76,0.33
2017-02-10 15:00:00,19.64,19.66,19.51,19.51,4096.13,-0.13,-0.66,19.622,19.572,19.409,4460.49,5316.91,4022.58,0.35
2017-02-10 14:00:00,19.56,19.65,19.64,19.54,2443.44,0.08,0.41,19.664,19.54,19.392,4734.91,5041.7,3909.26,0.21
2017-02-10 11:30:00,19.64,19.72,19.56,19.54,3010.15,-0.08,-0.41,19.692,19.491,19.367,6520.1,5070.85,3828.9,0.26
2017-02-10 10:30:00,19.83,19.83,19.64,19.51,6705.76,-0.19,-0.96,19.68,19.459,19.346,7165.7,5015.55,3749.77,0.58
2017-02-09 15:00:00,19.72,19.78,19.76,19.71,6046.97,0.04,0.2,19.62,19.414,19.3235,6899.45,4725.18,3563.66,0.52
2017-02-09 14:00:00,19.78,19.87,19.72,19.7,5468.22,-0.06,-0.3,19.522,19.365,19.296,6173.33,4376.13,3410.52,0.47
2017-02-09 11:30:00,19.5,19.89,19.78,19.47,11369.4,0.28,1.44,19.416,19.329,19.267,5348.48,4119.06,3181.15,0.98
2017-02-09 10:30:00,19.3,19.52,19.5,19.3,6238.14,0.2,1.04,19.29,19.284,19.2355,3621.6,3421.84,2668.51,0.54
2017-02-08 15:00:00,19.27,19.39,19.34,19.26,5374.51,0.07,0.36,19.238,19.26,19.2185,2865.41,2994.03,2482.15,0.46
2017-02-08 14:00:00,19.16,19.28,19.27,19.16,2416.37,0.11,0.57,19.208,19.254,19.203,2550.91,2737.22,2346.93,0.21
2017-02-08 11:30:00,19.19,19.22,19.19,19.12,1344.0,0.0,0.0,19.208,19.246,19.194,2578.93,2728.25,2348.19,0.12
2017-02-08 10:30:00,19.27,19.33,19.15,19.08,2735.0,-0.12,-0.62,19.242,19.244,19.192,2889.63,2776.83,2408.6,0.23
2017-02-07 15:00:00,19.19,19.24,19.24,19.17,2457.17,0.05,0.26,19.278,19.243,19.1905,3222.08,2586.94,2428.02,0.21
2017-02-07 14:00:00,19.26,19.28,19.19,19.15,3802.0,-0.07,-0.36,19.282,19.233,19.179,3122.65,2483.98,2516.2,0.33
2017-02-07 11:30:00,19.36,19.36,19.27,19.26,2556.5,-0.09,-0.46,19.3,19.233,19.1735,2923.52,2402.14,2423.05,0.22
2017-02-07 10:30:00,19.3,19.41,19.36,19.29,2897.5,0.06,0.31,19.284,19.227,19.1655,2877.56,2444.9,2441.87,0.25
2017-02-06 15:00:00,19.26,19.34,19.33,19.23,4397.23,0.07,0.36,19.246,19.205,19.157,2664.02,2243.25,2478.19,0.38
2017-02-06 14:00:00,19.28,19.3,19.26,19.22,1960.0,-0.02,-0.1,19.208,19.187,19.154,1951.81,1915.18,2511.06,0.17
2017-02-06 11:30:00,19.19,19.32,19.28,19.19,2806.38,0.09,0.47,19.184,19.177,19.155,1845.32,1970.28,2526.08,0.24
2017-02-06 10:30:00,19.17,19.35,19.19,19.15,2326.68,0.02,0.1,19.166,19.152,19.154,1880.75,1956.65,2633.59,0.2
2017-02-03 15:00:00,19.14,19.18,19.17,19.1,1829.81,0.03,0.16,19.17,19.142,19.1585,2012.24,1968.14,3214.34,0.16
2017-02-03 14:00:00,19.14,19.19,19.14,19.09,836.18,0.0,0.0,19.164,19.14,19.1695,1822.48,2040.38,3427.8,0.07
2017-02-03 11:30:00,19.19,19.19,19.14,19.06,1427.55,-0.05,-0.26,19.166,19.138,19.1865,1878.55,2269.1,3654.88,0.12
2017-02-03 10:30:00,19.29,19.29,19.19,19.05,2983.55,-0.1,-0.52,19.17,19.125,19.203,2095.24,2548.41,4970.27,0.26
2017-01-26 15:00:00,19.14,19.24,19.21,19.11,2984.13,0.07,0.37,19.138,19.114,19.167,2032.55,2443.97,4967.24,0.26
2017-01-26 14:00:00,19.16,19.16,19.14,19.1,881.0,-0.02,-0.1,19.114,19.104,19.119,1924.03,2438.84,4924.38,0.08
2017-01-26 11:30:00,19.16,19.18,19.15,19.12,1116.5,-0.01,-0.05,19.116,19.109,19.0745,2258.28,2713.13,4927.74,0.1
2017-01-26 10:30:00,19.0,19.19,19.16,19.0,2511.01,0.16,0.84,19.11,19.121,19.032,2659.66,3106.94,4934.36,0.22
2017-01-25 15:00:00,19.09,19.14,19.03,19.01,2670.1,-0.06,-0.31,19.08,19.133,18.9845,3001.58,3081.88,4996.18,0.23
2017-01-25 14:00:00,19.16,19.17,19.09,19.06,2441.54,-0.07,-0.37,19.09,19.156,18.9505,2855.39,3310.53,5034.68,0.21
2017-01-25 11:30:00,19.12,19.2,19.15,19.08,2552.27,0.03,0.16,19.094,19.175,18.9175,2953.66,4460.54,5081.68,0.22
2017-01-25 10:30:00,18.91,19.15,19.12,18.9,3123.36,0.21,1.11,19.102,19.199,18.8815,3167.98,4815.22,5015.07,0.27
2017-01-24 15:00:00,19.08,19.08,19.01,18.92,4220.64,-0.07,-0.37,19.132,19.235,18.85,3554.22,5040.66,5036.0,0.36
2017-01-24 14:00:00,19.11,19.12,19.08,19.05,1939.13,-0.03,-0.16,19.186,19.281,18.821,3162.17,7392.13,5020.52,0.17
2017-01-24 11:30:00,19.19,19.2,19.11,19.06,2932.88,-0.08,-0.42,19.222,19.22,18.7865,3765.67,7490.52,5076.35,0.25
2017-01-24 10:30:00,19.3,19.38,19.19,19.18,3623.87,-0.11,-0.57,19.256,19.134,18.7415,5967.42,7409.93,5151.36,0.31
2017-01-23 15:00:00,19.28,19.31,19.27,19.21,5054.56,-0.01,-0.05,19.296,19.04,18.6995,6462.46,7142.34,5224.93,0.43
2017-01-23 14:00:00,19.28,19.39,19.28,19.28,2260.43,0.0,0.0,19.338,18.943,18.6385,6527.11,6761.78,5717.59,0.19
2017-01-23 11:30:00,19.28,19.32,19.26,19.21,4956.62,-0.02,-0.1,19.376,18.836,18.628,11622.1,6910.49,5812.4,0.43
2017-01-23 10:30:00,19.51,19.52,19.28,19.16,13941.6,-0.23,-1.18,19.218,18.745,18.617,11215.4,6758.83,5764.38,1.2
2017-01-20 15:00:00,19.48,19.5,19.39,19.18,6099.1,-0.09,-0.46,19.012,18.66,18.611,8852.44,5702.83,5337.05,0.52
2017-01-20 14:00:00,19.47,19.55,19.48,19.45,5377.79,0.01,0.05,18.784,18.564,18.6265,7822.22,5214.92,5264.84,0.46
2017-01-20 11:30:00,18.47,20.08,19.47,18.47,27735.3,1.0,5.41,18.548,18.465,18.6455,6996.47,5031.34,5098.94,2.38
2017-01-20 10:30:00,18.32,18.49,18.47,18.2,2923.0,0.15,0.82,18.296,18.361,18.669,2198.9,2648.9,3833.71,0.25
2017-01-19 15:00:00,18.25,18.34,18.25,18.23,2127.0,0.0,0.0,18.272,18.353,18.74,2302.3,2662.18,3882.31,0.18
2017-01-19 14:00:00,18.33,18.33,18.25,18.21,948.0,-0.08,-0.44,18.308,18.349,18.8295,2553.22,2892.78,4056.59,0.08
2017-01-19 11:30:00,18.21,18.34,18.3,18.19,1249.0,0.09,0.49,18.344,18.359,18.9255,2607.62,3307.51,4111.02,0.11
2017-01-19 10:30:00,18.4,18.42,18.21,18.11,3747.5,-0.19,-1.03,18.382,18.334,19.0255,3066.21,4673.39,4135.53,0.32
2017-01-18 15:00:00,18.43,18.45,18.35,18.3,3440.0,-0.08,-0.43,18.426,18.42,19.13,3098.91,4714.31,4069.24,0.3
2017-01-18 14:00:00,18.47,18.56,18.43,18.39,3381.6,-0.04,-0.22,18.434,18.489,19.225,3022.07,4769.93,4081.74,0.29
2017-01-18 11:30:00,18.49,18.5,18.43,18.41,1220.0,-0.06,-0.32,18.39,18.562,19.3185,3232.35,4971.27,4027.31,0.1
2017-01-18 10:30:00,18.59,18.59,18.49,18.31,3541.93,-0.1,-0.54,18.374,18.689,19.417,4007.4,5314.77,4130.26,0.3
2017-01-17 15:00:00,18.39,18.48,18.43,18.27,3911.0,0.04,0.22,18.286,18.826,19.518,6280.58,5166.55,4082.09,0.34
2017-01-17 14:00:00,18.21,18.39,18.39,18.07,3055.81,0.18,0.99,18.414,18.977,19.6215,6329.71,5018.52,4050.28,0.26
2017-01-17 11:30:00,18.35,18.51,18.21,18.19,4433.0,-0.14,-0.76,18.544,19.127,19.729,6517.79,5102.44,3971.84,0.38
2017-01-17 10:30:00,18.02,18.36,18.35,18.0,5095.27,0.33,1.83,18.734,19.31,19.8465,6710.19,5220.4,3877.53,0.44
2017-01-16 15:00:00,19.07,19.08,18.05,17.8,14907.8,-1.02,-5.35,19.004,19.492,19.9525,6622.13,4914.52,3860.37,1.28
2017-01-16 14:00:00,19.01,19.1,19.07,18.9,4156.69,0.06,0.32,19.366,19.717,20.0835,4052.52,3597.67,3317.23,0.36
2017-01-16 11:30:00,19.16,19.23,19.04,19.02,3996.17,-0.12,-0.63,19.54,19.84,20.159,3707.33,3424.17,3256.55,0.34
2017-01-16 10:30:00,19.65,19.65,19.16,19.03,5395.0,-0.49,-2.49,19.71,19.961,20.237,3687.1,3393.56,3211.83,0.46
2017-01-13 15:00:00,19.86,19.86,19.7,19.68,4655.0,-0.16,-0.81,19.886,20.075,20.311,3730.61,3083.36,3357.63,0.4
2017-01-13 14:00:00,19.94,19.97,19.86,19.85,2059.75,-0.08,-0.4,19.98,20.145,20.359,3206.91,2945.76,3294.73,0.18
2017-01-13 11:30:00,19.89,20.0,19.94,19.85,2430.75,0.05,0.25,20.068,20.21,20.398,3142.81,2997.63,3405.81,0.21
2017-01-13 10:30:00,20.01,20.1,19.89,19.89,3895.0,-0.12,-0.6,20.14,20.266,20.4375,3141.01,3082.04,3438.65,0.33
2017-01-12 15:00:00,20.17,20.17,20.04,20.0,5612.57,-0.13,-0.64,20.212,20.331,20.4805,3100.01,2841.24,3466.24,0.48
2017-01-12 14:00:00,20.3,20.32,20.17,20.17,2036.5,-0.13,-0.64,20.264,20.383,20.524,2436.1,2534.66,3596.94,0.17
2017-01-12 11:30:00,20.31,20.34,20.3,20.24,1739.25,-0.01,-0.05,20.31,20.413,20.5655,2684.6,2806.21,3853.27,0.15
2017-01-12 10:30:00,20.38,20.38,20.3,20.21,2421.73,-0.08,-0.39,20.352,20.45,20.6035,2852.45,3036.79,4018.1,0.21
2017-01-11 15:00:00,20.3,20.34,20.25,20.23,3690.0,-0.05,-0.25,20.392,20.478,20.647,3023.06,3088.94,4291.28,0.32
2017-01-11 14:00:00,20.39,20.39,20.3,20.22,2293.0,-0.09,-0.44,20.45,20.513,20.6995,2582.47,3030.11,4467.48,0.2
2017-01-11 11:30:00,20.51,20.52,20.4,20.39,3279.0,-0.11,-0.54,20.502,20.547,20.746,2633.22,3631.91,4710.88,0.28
2017-01-11 10:30:00,20.47,20.59,20.51,20.4,2578.5,0.04,0.2,20.516,20.573,20.792,2927.83,3643.71,5322.88,0.22
2017-01-10 15:00:00,20.54,20.59,20.5,20.5,3274.8,-0.04,-0.19,20.548,20.586,20.8015,3221.13,3813.98,5394.15,0.28
2017-01-10 14:00:00,20.56,20.6,20.54,20.5,1487.06,-0.02,-0.1,20.564,20.609,20.807,3154.81,3795.26,5407.36,0.13
2017-01-10 11:30:00,20.46,20.63,20.56,20.46,2546.75,0.1,0.49,20.576,20.63,20.806,3477.75,4091.25,5403.36,0.22
2017-01-10 10:30:00,20.68,20.68,20.47,20.45,4752.02,-0.21,-1.02,20.592,20.665,20.802,4630.6,4659.22,5421.07,0.41
2017-01-09 15:00:00,20.58,20.68,20.67,20.58,4045.0,0.09,0.44,20.63,20.718,20.8035,4359.6,4900.32,5399.27,0.35
2017-01-09 14:00:00,20.6,20.66,20.58,20.54,2943.23,-0.02,-0.1,20.624,20.757,20.79,4406.84,4999.42,5602.02,0.25
2017-01-09 11:30:00,20.64,20.65,20.6,20.54,3101.75,-0.04,-0.19,20.654,20.816,20.7925,4435.71,5493.63,5525.91,0.27
2017-01-09 10:30:00,20.67,20.74,20.64,20.38,8310.99,-0.03,-0.15,20.684,20.886,20.787,4704.75,5904.86,5523.12,0.71
2017-01-06 15:00:00,20.64,20.7,20.66,20.61,3397.03,0.02,0.1,20.738,20.945,20.7855,4687.85,5789.86,5279.37,0.29
2017-01-06 14:00:00,20.73,20.75,20.64,20.55,4281.22,-0.09,-0.43,20.806,21.011,20.785,5441.04,7002.04,5235.15,0.37
2017-01-06 11:30:00,20.74,20.82,20.73,20.7,3087.57,-0.01,-0.05,20.89,21.017,20.784,5592.0,6974.32,5111.89,0.26
2017-01-06 10:30:00,20.91,20.98,20.75,20.74,4446.92,-0.16,-0.77,20.978,21.005,20.7855,6551.55,7019.47,5065.76,0.38
2017-01-05 15:00:00,21.0,21.0,20.91,20.87,8226.5,-0.09,-0.43,21.088,20.982,20.7775,7104.97,6715.48,4982.77,0.71
2017-01-05 14:00:00,21.05,21.12,21.0,20.98,7163.01,-0.05,-0.24,21.152,20.939,20.7615,6891.87,6182.92,4768.22,0.61
2017-01-05 11:30:00,21.16,21.18,21.06,21.05,5036.01,-0.1,-0.47,21.216,20.889,20.7465,8563.05,5898.22,4507.47,0.43
2017-01-05 10:30:00,21.2,21.32,21.17,21.11,7885.3,-0.03,-0.14,21.144,20.823,20.73,8356.64,6204.62,4359.57,0.68
2017-01-04 15:00:00,21.23,21.33,21.3,21.23,7214.02,0.07,0.33,21.032,20.769,20.7065,7487.38,5558.19,4091.26,0.62
2017-01-04 14:00:00,21.33,21.35,21.23,21.22,7161.0,-0.1,-0.47,20.876,20.688,20.6765,6325.98,5141.39,4044.4,0.61
2017-01-04 11:30:00,20.69,21.37,21.32,20.69,15518.9,0.63,3.04,20.726,20.626,20.6565,5473.98,4768.89,3833.65,1.33
2017-01-04 10:30:00,20.62,20.76,20.7,20.62,4004.0,0.08,0.39,20.562,20.559,20.6375,3233.4,3468.25,3166.36,0.34
2017-01-03 15:00:00,20.52,20.66,20.61,20.48,3539.0,0.09,0.44,20.502,20.551,20.644,4052.6,3249.45,3179.18,0.3
2017-01-03 14:00:00,20.46,20.56,20.52,20.45,1407.01,0.06,0.29,20.506,20.566,20.6615,3629.0,3112.06,3294.54,0.12
2017-01-03 11:30:00,20.5,20.57,20.48,20.46,2901.0,-0.02,-0.1,20.5,20.573,20.673,3956.8,3250.06,3391.93,0.25
2017-01-03 10:30:00,20.37,20.57,20.5,20.37,4316.0,0.13,0.64,20.526,20.584,20.6805,4063.8,3353.52,3390.99,0.37
2016-12-30 15:00:00,20.6,20.6,20.4,20.4,8100.0,-0.2,-0.97,20.556,20.604,20.6805,3703.11,3116.72,3808.44,0.69
2016-12-30 14:00:00,20.49,20.66,20.63,20.49,1421.0,0.14,0.68,20.6,20.637,20.72,2446.31,2514.52,3775.35,0.12
2016-12-30 11:30:00,20.61,20.66,20.49,20.47,3046.0,-0.12,-0.58,20.626,20.644,20.752,2595.12,2624.33,3934.75,0.26
2016-12-30 10:30:00,20.73,20.85,20.61,20.6,3436.0,-0.12,-0.58,20.646,20.665,20.7975,2543.32,2947.4,3956.63,0.29
2016-12-29 15:00:00,20.62,20.68,20.65,20.56,2512.53,0.03,0.15,20.642,20.687,20.8395,2643.24,2898.4,4037.04,0.22
2016-12-29 14:00:00,20.76,20.8,20.62,20.62,1816.0,-0.14,-0.67,20.652,20.716,20.8755,2530.33,2864.48,4119.41,0.16
2016-12-29 11:30:00,20.59,20.78,20.76,20.53,2165.05,0.17,0.83,20.674,20.737,20.9145,2582.73,3108.9,4173.26,0.19
2016-12-29 10:30:00,20.59,20.68,20.59,20.42,2787.0,0.0,0.0,20.662,20.757,20.941,2653.54,3477.02,4249.56,0.24
2016-12-28 15:00:00,20.7,20.73,20.59,20.56,3935.6,-0.11,-0.53,20.684,20.773,20.9795,3351.49,3533.81,4494.11,0.34
2016-12-28 14:00:00,20.75,20.76,20.7,20.69,1948.0,-0.05,-0.24,20.732,20.777,21.0225,3153.57,3428.47,4568.33,0.17
2016-12-28 11:30:00,20.7,20.77,20.73,20.7,2078.0,0.03,0.14,20.78,20.757,21.057,3198.62,4500.17,4656.03,0.18
2016-12-28 10:30:00,20.7,20.82,20.7,20.68,2519.08,0.0,0.0,20.8,20.803,21.0935,3635.07,5036.18,4711.13,0.22
2016-12-27 15:00:00,20.83,20.84,20.7,20.67,6276.78,-0.13,-0.62,20.852,20.86,21.136,4300.5,5245.18,4993.32,0.54
2016-12-27 14:00:00,20.94,20.96,20.83,20.82,2946.0,-0.11,-0.53,20.862,20.93,21.169,3716.13,4965.85,4870.89,0.25
2016-12-27 11:30:00,20.83,21.0,20.94,20.82,2173.25,0.11,0.53,20.822,20.992,21.1915,3703.37,5175.67,4903.74,0.19
2016-12-27 10:30:00,21.04,21.04,20.83,20.78,4260.22,-0.21,-1.0,20.734,21.035,21.212,5801.72,5374.34,4978.71,0.37
2016-12-26 15:00:00,20.75,21.07,20.96,20.71,5846.25,0.21,1.01,20.806,21.092,21.239,6437.3,5237.62,5092.35,0.5
2016-12-26 14:00:00,20.63,20.78,20.75,20.58,3354.91,0.12,0.58,20.868,21.125,21.266,6189.85,5022.1,5188.27,0.29
2016-12-26 11:30:00,20.5,20.63,20.63,20.42,2882.22,0.13,0.63,20.998,21.186,21.311,6215.57,5454.4,5221.84,0.25
2016-12-26 10:30:00,21.18,21.18,20.5,20.25,12665.0,-0.68,-3.21,21.162,21.268,21.364,6647.95,5708.18,5450.86,1.09
2016-12-23 15:00:00,21.27,21.29,21.19,21.12,7438.13,-0.08,-0.38,21.336,21.357,21.4305,4946.95,4811.88,5146.07,0.64
2016-12-23 14:00:00,21.43,21.43,21.27,21.25,4609.0,-0.16,-0.75,21.378,21.384,21.4575,4037.94,4386.07,5039.54,0.4
2016-12-23 11:30:00,21.45,21.54,21.4,21.36,3483.52,-0.05,-0.23,21.382,21.412,21.474,3854.34,4741.47,4934.52,0.3
2016-12-23 10:30:00,21.29,21.46,21.45,21.29,5044.16,0.16,0.75,21.374,21.408,21.482,4693.23,4775.92,5020.64,0.43
2016-12-22 15:00:00,21.4,21.46,21.37,21.37,4159.95,-0.03,-0.14,21.374,21.391,21.498,4768.4,4631.8,5053.17,0.36
2016-12-22 14:00:00,21.31,21.41,21.4,21.31,2893.05,0.09,0.42,21.378,21.389,21.501,4676.81,4583.09,5084.37,0.25
2016-12-22 11:30:00,21.35,21.4,21.29,21.26,3691.01,-0.06,-0.28,21.39,21.386,21.504,4734.2,4947.08,5138.82,0.32
2016-12-22 10:30:00,21.43,21.47,21.36,21.33,7678.0,-0.07,-0.33,21.442,21.407,21.5225,5628.61,5354.44,5231.02,0.66
2016-12-21 15:00:00,21.39,21.48,21.45,21.32,5420.0,0.06,0.28,21.442,21.436,21.528,4858.61,4989.27,5171.97,0.46
2016-12-21 14:00:00,21.44,21.49,21.39,21.35,3702.0,-0.05,-0.23,21.408,21.46,21.5105,4495.21,5193.55,5219.14,0.32
2016-12-21 11:30:00,21.55,21.59,21.46,21.41,3180.0,-0.09,-0.42,21.4,21.504,21.512,4489.37,5480.25,5223.39,0.27
2016-12-21 10:30:00,21.39,21.56,21.55,21.35,8163.04,0.16,0.75,21.382,21.531,21.5055,5159.97,5693.01,5392.09,0.7
2016-12-20 15:00:00,21.28,21.36,21.36,21.23,3828.0,0.08,0.38,21.372,21.536,21.496,5080.27,5127.56,5350.07,0.33
2016-12-20 14:00:00,21.34,21.35,21.28,21.25,3603.0,-0.06,-0.28,21.43,21.556,21.5145,5119.94,5265.36,5461.17,0.31
2016-12-20 11:30:00,21.37,21.45,21.35,21.28,3672.8,-0.02,-0.09,21.512,21.605,21.536,5891.9,5474.53,5642.88,0.32
2016-12-20 10:30:00,21.49,21.49,21.37,21.19,6533.0,-0.12,-0.56,21.608,21.613,21.5455,6471.14,5585.65,5692.84,0.56
2016-12-19 15:00:00,21.65,21.72,21.5,21.44,7764.56,-0.15,-0.69,21.68,21.622,21.5535,6226.06,5330.55,5875.3,0.67
2016-12-19 14:00:00,21.73,21.76,21.65,21.58,4026.32,-0.08,-0.37,21.7,21.638,21.566,5174.85,5107.6,6270.23,0.35
2016-12-19 11:30:00,21.83,21.86,21.69,21.67,7462.8,-0.14,-0.64,21.682,21.62,21.5815,5410.78,5354.67,6821.7,0.64
2016-12-19 10:30:00,21.72,21.89,21.83,21.72,6569.0,0.11,0.51,21.698,21.561,21.606,5057.17,5244.74,7333.72,0.56
2016-12-16 15:00:00,21.6,21.77,21.73,21.58,5307.61,0.13,0.6,21.618,21.52,21.6715,4700.17,4966.54,7790.14,0.46
2016-12-16 14:00:00,21.56,21.62,21.6,21.52,2508.51,0.04,0.19,21.564,21.48,21.771,4435.05,5091.18,8060.52,0.22
2016-12-16 11:30:00,21.77,21.8,21.56,21.55,5205.99,-0.21,-0.96,21.576,21.456,21.884,5040.35,5572.58,8157.11,0.45
2016-12-16 10:30:00,21.31,21.83,21.77,21.31,5694.75,0.46,2.16,21.558,21.473,22.0055,5298.55,5656.98,8323.64,0.49
2016-12-15 15:00:00,21.46,21.5,21.43,21.36,4784.0,-0.03,-0.14,21.424,21.467,22.1045,5432.3,5811.23,8788.95,0.41
2016-12-15 14:00:00,21.66,21.72,21.46,21.4,3982.0,-0.2,-0.92,21.422,21.478,22.2405,5232.9,5800.03,9232.6,0.34
2016-12-15 11:30:00,21.46,21.76,21.66,21.45,5535.0,0.2,0.93,21.396,21.485,22.386,5747.3,6420.05,9314.1,0.47
2016-12-15 10:30:00,21.12,21.48,21.47,21.12,6497.0,0.35,1.66,21.336,21.494,22.5235,6104.82,7432.86,9547.4,0.56
2016-12-14 15:00:00,21.42,21.43,21.1,21.09,6363.5,-0.32,-1.49,21.388,21.543,22.6765,6015.42,8288.74,9977.31,0.55
2016-12-14 14:00:00,21.32,21.52,21.42,21.31,3787.0,0.1,0.47,21.51,21.651,22.8685,6190.17,9422.7,10284.3,0.32
2016-12-14 11:30:00,21.36,21.39,21.33,21.01,6554.0,-0.03,-0.14,21.534,21.823,23.0375,6367.17,10613.8,10617.5,0.56
2016-12-14 10:30:00,21.59,21.7,21.36,21.31,7322.58,-0.23,-1.07,21.574,22.062,23.2075,7092.81,11029.9,10755.0,0.63
2016-12-13 15:00:00,21.71,21.95,21.73,21.71,6050.0,0.02,0.09,21.652,22.312,23.3835,8760.91,10741.6,11036.7,0.52
2016-12-13 14:00:00,21.54,21.71,21.71,21.49,7237.26,0.17,0.79,21.698,22.538,23.549,10562.1,10990.3,11788.8,0.62
2016-12-13 11:30:00,21.53,21.59,21.54,21.48,4672.0,0.01,0.05,21.792,22.742,23.7205,12655.2,11766.7,12145.4,0.4
2016-12-13 10:30:00,21.88,21.89,21.53,21.25,10182.2,-0.35,-1.6,22.112,23.003,23.8905,14860.3,12665.2,12474.0,0.87
2016-12-12 15:00:00,21.96,22.0,21.75,21.75,15663.1,-0.21,-0.96,22.55,23.287,24.0515,14966.9,12208.1,12585.2,1.34
2016-12-12 14:00:00,22.12,22.31,21.96,21.9,15055.8,-0.16,-0.72,22.972,23.553,24.198,12722.4,11661.9,12212.4,1.29
2016-12-12 11:30:00,23.14,23.14,22.18,22.13,17703.1,-0.96,-4.15,23.378,23.81,24.324,11418.5,11665.9,11645.9,1.52
2016-12-12 10:30:00,23.69,23.84,23.14,23.03,15697.5,-0.55,-2.32,23.692,24.086,24.4435,10878.1,11145.9,11044.4,1.35
2016-12-09 15:00:00,23.86,23.9,23.72,23.72,10715.2,-0.14,-0.59,23.894,24.252,24.5175,10470.0,10621.3,11102.5,0.92
2016-12-09 14:00:00,23.99,24.03,23.86,23.85,4440.25,-0.13,-0.54,24.024,24.353,24.5535,9449.36,10480.1,11072.6,0.38
2016-12-09 11:30:00,23.75,24.0,23.99,23.72,8536.55,0.24,1.01,24.134,24.455,24.577,10601.5,11331.7,11228.7,0.73
2016-12-09 10:30:00,24.0,24.15,23.75,23.75,15001.0,-0.25,-1.04,24.242,24.56,24.601,11913.2,12587.3,11193.4,1.29
2016-12-08 15:00:00,24.37,24.42,24.15,24.1,13657.0,-0.22,-0.9,24.48,24.699,24.64,11413.6,12524.2,11679.4,1.17
2016-12-08 14:00:00,24.41,24.46,24.37,24.33,5612.0,-0.04,-0.16,24.61,24.778,24.649,10772.6,12282.9,11427.9,0.48
2016-12-08 11:30:00,24.53,24.56,24.41,24.35,10201.0,-0.12,-0.49,24.682,24.816,24.646,11510.8,12962.2,11387.4,0.87
2016-12-08 10:30:00,24.95,24.95,24.53,24.48,15095.2,-0.42,-1.68,24.776,24.843,24.638,12061.9,12762.9,11265.5,1.29
2016-12-07 15:00:00,24.8,24.98,24.94,24.7,12503.0,0.14,0.56,24.878,24.838,24.6245,13261.3,11626.0,11534.6,1.07
2016-12-07 14:00:00,24.73,24.88,24.8,24.7,10452.0,0.07,0.28,24.918,24.801,24.6035,13634.7,10942.9,11734.7,0.9
2016-12-07 11:30:00,24.88,24.95,24.73,24.7,9303.0,-0.15,-0.6,24.946,24.783,24.5735,13793.1,11583.8,11914.1,0.8
2016-12-07 10:30:00,25.05,25.05,24.88,24.71,12956.1,-0.17,-0.68,24.95,24.754,24.553,14413.5,11665.0,11774.0,1.11
2016-12-06 15:00:00,25.14,25.15,25.04,24.98,21092.5,-0.1,-0.4,24.91,24.699,24.5405,13464.0,11125.7,12033.4,1.81
2016-12-06 14:00:00,24.97,25.15,25.14,24.97,14369.8,0.17,0.68,24.798,24.642,24.5105,9990.65,9799.52,11332.2,1.23
2016-12-06 11:30:00,24.75,24.95,24.94,24.69,11244.2,0.19,0.77,24.684,24.581,24.4785,8251.21,10834.6,10842.2,0.96
2016-12-06 10:30:00,24.5,24.93,24.75,24.5,12405.0,0.25,1.02,24.62,24.52,24.453,9374.4,10572.9,10466.4,1.06
2016-12-05 15:00:00,24.48,24.68,24.68,24.45,8208.28,0.2,0.82,24.558,24.476,24.4345,8916.52,9812.61,10240.7,0.7
2016-12-05 14:00:00,24.57,24.58,24.48,24.3,3726.0,-0.09,-0.37,24.488,24.433,24.4255,8787.36,9768.08,10567.1,0.32
2016-12-05 11:30:00,24.62,24.73,24.57,24.47,5672.5,-0.05,-0.2,24.486,24.411,24.428,9608.4,11443.2,11103.5,0.49
2016-12-05 10:30:00,24.14,24.89,24.62,23.93,16860.2,0.48,1.99,24.478,24.406,24.4095,13418.1,12526.5,10987.5,1.45
2016-12-02 15:00:00,24.34,24.48,24.44,24.26,10115.6,0.1,0.41,24.42,24.364,24.3905,11771.5,12244.4,10529.2,0.87
2016-12-02 14:00:00,24.45,24.51,24.33,24.2,7562.5,-0.12,-0.49,24.394,24.352,24.3765,10708.7,11883.0,10293.9,0.65
2016-12-02 11:30:00,24.53,24.65,24.47,24.42,7831.19,-0.06,-0.24,24.378,24.382,24.3595,10748.8,12941.2,10114.4,0.67
2016-12-02 10:30:00,24.35,24.79,24.53,24.33,24720.8,0.18,0.74,24.336,24.379,24.34,13278.1,12864.8,9906.17,2.12
2016-12-01 15:00:00,24.31,24.4,24.33,24.28,8627.25,0.02,0.08,24.334,24.376,24.319,11634.9,10849.7,8898.93,0.74
2016-12-01 14:00:00,24.25,24.31,24.31,24.19,4801.75,0.06,0.25,24.308,24.386,24.313,12717.3,10359.8,8818.04,0.41
2016-12-01 11:30:00,24.26,24.41,24.25,24.17,7763.0,-0.01,-0.04,24.31,24.393,24.3015,13057.3,10668.8,8857.21,0.67
2016-12-01 10:30:00,24.21,24.3,24.26,24.05,20477.6,0.05,0.21,24.386,24.418,24.295,15133.6,11366.2,8770.2,1.76
2016-11-30 15:00:00,24.2,24.58,24.52,24.1,16504.7,0.32,1.32,24.422,24.445,24.2725,12451.5,10763.8,8068.97,1.53
2016-11-30 14:00:00,24.32,24.37,24.2,24.18,14039.4,-0.12,-0.49,24.418,24.413,24.233,10064.5,9448.57,7523.92,1.3
2016-11-30 11:30:00,24.63,24.63,24.32,24.3,6502.0,-0.31,-1.26,24.464,24.417,24.216,8002.26,8814.07,6930.52,0.6
2016-11-30 10:30:00,24.55,24.67,24.63,24.19,18144.1,0.08,0.33,24.476,24.401,24.1935,8280.28,8704.8,6729.93,1.69
2016-10-13 15:00:00,24.5,24.52,24.44,24.4,7067.18,-0.06,-0.24,24.45,24.337,24.156,7598.76,7287.53,6514.64,0.69
2016-10-13 14:00:00,24.43,24.58,24.5,24.41,4570.0,0.07,0.29,24.468,24.301,24.094,9076.2,6947.57,6349.38,0.45
2016-10-13 11:30:00,24.4,24.45,24.43,24.36,3728.01,0.03,0.12,24.408,24.262,24.031,8832.6,6948.17,6307.89,0.37
2016-10-13 10:30:00,24.4,24.54,24.38,24.32,7892.1,-0.02,-0.08,24.37,24.24,23.979,9625.88,7276.31,6278.98,0.77
2016-10-12 15:00:00,24.53,24.56,24.5,24.4,14736.5,-0.03,-0.12,24.326,24.21,23.93,9129.31,7045.6,6000.8,1.44
2016-10-12 14:00:00,24.21,24.59,24.53,24.13,14454.4,0.32,1.32,24.224,24.172,23.872,6976.32,6174.24,5410.23,1.42
2016-10-12 11:30:00,24.24,24.25,24.2,24.16,3352.0,-0.04,-0.17,24.134,24.1,23.8145,4818.93,5374.09,4741.54,0.33
2016-10-12 10:30:00,24.18,24.33,24.24,24.02,7694.42,0.06,0.25,24.116,24.053,23.7765,5063.73,5599.27,4713.7,0.75
2016-10-11 15:00:00,23.99,24.19,24.16,23.98,5409.23,0.17,0.71,24.11,24.015,23.7405,4926.74,5046.97,4534.82,0.53
2016-10-11 14:00:00,24.08,24.08,23.99,23.96,3971.5,-0.09,-0.37,24.094,23.986,23.7085,4961.9,4755.06,4644.36,0.39
2016-10-11 11:30:00,24.11,24.14,24.08,24.03,3667.51,-0.03,-0.12,24.12,23.975,23.668,5372.16,5741.74,4558.21,0.36
2016-10-11 10:30:00,24.15,24.2,24.11,24.05,4576.0,-0.04,-0.17,24.066,23.887,23.6295,5929.26,5751.2,4502.31,0.45
2016-10-10 15:00:00,24.09,24.27,24.21,24.09,7009.48,0.12,0.5,23.99,23.8,23.591,6134.8,5667.62,4499.36,0.69
2016-10-10 14:00:00,24.13,24.16,24.08,24.04,5585.0,-0.05,-0.21,23.92,23.718,23.5445,5167.2,5281.64,4532.44,0.55
2016-10-10 11:30:00,23.81,24.13,24.12,23.76,6022.8,0.31,1.3,23.878,23.65,23.522,4548.21,4956.0,4550.44,0.59
2016-10-10 10:30:00,24.0,24.12,23.81,23.72,6453.0,-0.19,-0.79,23.83,23.572,23.5075,6111.33,4646.22,4439.7,0.63
2016-09-30 15:00:00,23.86,23.89,23.73,23.69,5603.72,-0.13,-0.54,23.708,23.529,23.5095,5573.14,4109.0,4403.89,0.55
2016-09-30 14:00:00,23.87,23.93,23.86,23.82,2171.5,-0.01,-0.04,23.61,23.5,23.527,5200.43,3828.12,4338.8,0.21
2016-09-30 11:30:00,23.88,23.9,23.87,23.79,2490.04,-0.01,-0.04,23.516,23.466,23.534,5396.07,4022.67,4360.02,0.24
2016-09-30 10:30:00,23.28,24.28,23.88,23.28,13838.4,0.6,2.58,23.422,23.431,23.54,5363.78,4533.67,4441.18,1.36
2016-09-29 15:00:00,23.24,23.34,23.2,23.18,3762.04,-0.04,-0.17,23.314,23.361,23.548,3181.11,3374.68,3965.16,0.37
2016-09-29 14:00:00,23.39,23.39,23.24,23.16,3740.19,-0.15,-0.64,23.35,23.372,23.592,2644.85,3253.43,4030.79,0.37
2016-09-29 11:30:00,23.4,23.45,23.39,23.3,3149.67,-0.01,-0.04,23.39,23.382,23.6335,2455.82,3331.11,3973.28,0.31
2016-09-29 10:30:00,23.33,23.48,23.4,23.26,2328.64,0.07,0.3,23.416,23.371,23.671,2649.28,3783.25,4003.3,0.23
2016-09-28 15:00:00,23.38,23.43,23.34,23.32,2925.0,-0.04,-0.17,23.44,23.394,23.708,3703.56,4144.89,4295.07,0.29
2016-09-28 14:00:00,23.44,23.45,23.38,23.35,1080.75,-0.06,-0.26,23.408,23.443,23.746,3568.25,4233.19,4366.39,0.11
2016-09-28 11:30:00,23.52,23.52,23.44,23.31,2795.02,-0.08,-0.34,23.394,23.49,23.787,3862.01,4698.79,4423.15,0.27
2016-09-28 10:30:00,23.52,23.6,23.52,23.28,4116.98,0.0,0.0,23.374,23.554,23.8225,4206.4,4849.47,4423.15,0.4
2016-09-27 15:00:00,23.17,23.55,23.52,23.02,7600.04,0.35,1.51,23.326,23.602,23.856,4917.23,4697.38,4403.9,0.74
2016-09-27 14:00:00,23.31,23.31,23.18,23.16,2248.48,-0.13,-0.56,23.348,23.649,23.889,4586.22,4348.7,4292.21,0.22
2016-09-27 11:30:00,23.34,23.35,23.31,23.27,2549.52,-0.03,-0.13,23.478,23.735,23.94,4898.12,4555.65,4320.5,0.25
2016-09-27 10:30:00,23.22,23.48,23.34,23.22,4517.0,0.12,0.52,23.586,23.812,23.9885,5535.57,4808.15,4502.66,0.44
2016-09-26 15:00:00,23.63,23.76,23.28,23.28,7671.09,-0.35,-1.48,23.734,23.885,24.043,5492.54,4615.45,4641.07,0.75
2016-09-26 14:00:00,23.83,23.84,23.63,23.6,5945.0,-0.2,-0.84,23.878,23.971,24.1065,4477.53,4223.34,4534.96,0.58
2016-09-26 11:30:00,23.84,23.91,23.83,23.81,3808.01,-0.01,-0.04,23.95,24.022,24.1545,4111.18,4445.24,4469.56,0.37
2016-09-26 10:30:00,24.01,24.13,23.85,23.82,5736.75,-0.16,-0.67,23.992,24.049,24.191,4213.17,4499.59,4510.72,0.56
2016-09-23 15:00:00,24.0,24.14,24.08,23.92,4301.86,0.08,0.33,24.038,24.084,24.228,4080.73,4147.51,4692.96,0.42
2016-09-23 14:00:00,23.99,24.0,24.0,23.93,2596.01,0.01,0.04,24.036,24.091,24.2385,3738.36,3996.82,4959.43,0.25
2016-09-23 11:30:00,24.04,24.06,23.99,23.91,4113.25,-0.05,-0.21,24.064,24.11,24.244,3969.16,4110.42,4998.75,0.4
2016-09-23 10:30:00,24.13,24.26,24.04,24.02,4318.0,-0.09,-0.37,24.094,24.129,24.247,4779.31,4235.72,5025.04,0.42
2016-09-22 15:00:00,24.07,24.18,24.08,24.03,5074.54,0.01,0.04,24.106,24.145,24.26,4786.01,4085.35,5246.49,0.5
2016-09-22 14:00:00,24.14,24.14,24.07,24.05,2590.0,-0.07,-0.29,24.13,24.165,24.2555,4214.28,4197.17,5253.11,0.25
2016-09-22 11:30:00,24.11,24.19,24.14,24.05,3750.0,0.03,0.12,24.146,24.201,24.2565,4255.28,4666.69,5285.29,0.37
2016-09-22 10:30:00,24.29,24.32,24.14,24.0,8164.02,-0.15,-0.62,24.156,24.242,24.2555,4251.68,4846.57,5303.84,0.8
2016-09-21 15:00:00,24.2,24.2,24.1,24.09,4351.5,-0.1,-0.41,24.164,24.287,24.2525,3692.12,4493.87,5317.03,0.43
2016-09-21 14:00:00,24.15,24.21,24.2,24.13,2215.89,0.05,0.21,24.184,24.333,24.233,3384.7,4521.86,5392.37,0.22
2016-09-21 11:30:00,24.19,24.25,24.15,24.1,2795.0,-0.04,-0.17,24.2,24.372,24.214,4180.05,5238.4,5544.56,0.27
2016-09-21 10:30:00,24.1,24.4,24.19,24.0,3731.98,0.09,0.37,24.256,24.386,24.198,5078.1,5922.05,5664.76,0.37
2016-09-20 15:00:00,24.2,24.37,24.18,24.16,5366.25,-0.02,-0.08,24.328,24.378,24.187,5441.47,5887.08,6074.1,0.53
2016-09-20 14:00:00,24.28,24.31,24.2,24.2,2814.36,-0.08,-0.33,24.41,24.365,24.1985,5295.62,5814.36,6213.65,0.28
2016-09-20 11:30:00,24.42,24.43,24.28,24.21,6192.66,-0.14,-0.57,24.482,24.375,24.2165,5659.02,6407.62,6417.62,0.61
2016-09-20 10:30:00,24.49,24.64,24.43,24.4,7285.25,-0.06,-0.24,24.544,24.346,24.231,6296.76,6309.06,6298.79,0.71
2016-09-19 15:00:00,24.59,24.6,24.55,24.5,5548.81,-0.04,-0.16,24.516,24.312,24.238,6766.0,5903.88,6515.77,0.54
2016-09-19 14:00:00,24.56,24.63,24.59,24.54,4637.0,0.03,0.12,24.428,24.269,24.228,6332.7,5761.11,6674.51,0.45
2016-09-19 11:30:00,24.59,24.66,24.56,24.41,4631.37,-0.03,-0.12,24.32,24.218,24.218,6333.1,6140.18,6706.54,0.45
2016-09-19 10:30:00,24.3,24.65,24.59,24.3,9381.37,0.29,1.19,24.268,24.133,24.2105,7156.22,6262.88,6790.72,0.92
2016-09-14 15:00:00,24.11,24.3,24.29,23.99,9631.43,0.18,0.75,24.148,24.056,24.202,6321.36,5850.72,6737.28,0.94
2016-09-14 14:00:00,24.05,24.11,24.11,23.99,3382.31,0.06,0.25,24.108,24.01,24.1965,5041.77,5407.47,6638.8,0.33
2016-09-14 11:30:00,24.29,24.3,24.05,23.98,4639.0,-0.24,-0.99,24.11,23.996,24.2085,5189.52,6261.13,6687.71,0.45
2016-09-14 10:30:00,23.79,24.32,24.3,23.68,8747.0,0.51,2.14,24.116,24.032,24.224,5947.27,6612.95,6651.66,0.86
2016-09-13 15:00:00,24.09,24.1,23.99,23.84,5207.04,-0.1,-0.42,23.998,24.058,24.229,5369.54,6427.62,6687.82,0.51
2016-09-13 14:00:00,24.12,24.12,24.09,24.01,3233.52,-0.03,-0.12,23.964,24.116,24.249,5380.09,6288.52,7125.7,0.32
