2017-06-30,16.168,16.262,16.072,16.000,16.860
2017-06-29,16.172,16.280,16.046,16.031,16.914
2017-06-28,16.200,16.311,16.012,16.054,16.970
2017-06-27,16.356,16.333,15.992,16.069,17.035
2017-06-26,16.352,16.295,15.963,16.083,17.105
2017-06-23,16.356,16.195,15.926,16.106,17.178
2017-06-22,16.388,16.141,15.895,16.119,17.253
2017-06-21,16.422,16.101,15.858,16.111,17.327
2017-06-20,16.310,16.016,15.826,16.088,17.391
2017-06-19,16.238,15.949,15.852,16.095,17.467
2017-06-16,16.034,15.882,15.870,16.114,17.544
2017-06-15,15.894,15.812,15.906,16.132,17.618
2017-06-14,15.780,15.712,15.926,16.152,17.693
2017-06-13,15.722,15.650,15.938,16.175,17.771
2017-06-12,15.660,15.631,15.977,16.210,17.852
2017-06-09,15.730,15.657,16.062,16.275,17.946
2017-06-08,15.730,15.648,16.108,16.328,18.025
2017-06-07,15.644,15.615,16.116,16.379,18.096
2017-06-06,15.578,15.636,16.125,16.452,18.171
2017-06-05,15.602,15.754,16.169,16.537,18.249
2017-06-02,15.584,15.857,16.231,16.625,18.329
2017-06-01,15.566,16.000,16.292,16.740,18.405
2017-05-31,15.586,16.140,16.372,16.850,18.476
2017-05-26,15.694,16.225,16.438,16.957,18.545
2017-05-25,15.906,16.322,16.500,17.076,18.609
2017-05-24,16.130,16.466,16.584,17.191,18.674
2017-05-23,16.434,16.567,16.669,17.309,18.743
2017-05-22,16.694,16.617,16.761,17.412,18.812
2017-05-19,16.756,16.613,16.861,17.520,18.866
2017-05-18,16.738,16.583,16.928,17.618,18.909
2017-05-17,16.802,16.604,17.009,17.720,18.948
2017-05-16,16.700,16.584,17.110,17.797,18.982
2017-05-15,16.540,16.603,17.206,17.885,19.027
2017-05-12,16.470,16.651,17.323,18.000,19.075
2017-05-11,16.428,16.678,17.454,18.128,19.126
2017-05-10,16.406,16.701,17.554,18.251,19.169
2017-05-09,16.468,16.770,17.680,18.388,19.219
2017-05-08,16.666,16.905,17.810,18.542,19.282
2017-05-05,16.832,17.108,17.973,18.693,19.336
2017-05-04,16.928,17.273,18.136,18.839,19.382
2017-05-03,16.996,17.414,18.279,18.974,19.423
2017-05-02,17.072,17.636,18.404,19.104,19.461
2017-04-28,17.144,17.808,18.527,19.235,19.498
2017-04-27,17.384,17.994,18.675,19.366,19.535
2017-04-26,17.618,18.229,18.853,19.493,19.570
2017-04-25,17.832,18.406,19.026,19.618,19.598
2017-04-24,18.200,18.590,19.198,19.722,19.631
2017-04-21,18.472,18.714,19.361,19.813,19.665
2017-04-20,18.604,18.838,19.486,19.889,19.667
2017-04-19,18.840,18.999,19.622,19.962,19.671
2017-04-18,18.980,19.143,19.755,20.033,19.673
2017-04-17,18.980,19.171,19.839,20.071,19.656
2017-04-14,18.956,19.245,19.949,20.102,19.672
2017-04-13,19.072,19.355,20.053,20.133,19.693
2017-04-12,19.158,19.476,20.125,20.143,19.708
2017-04-11,19.306,19.645,20.224,20.157,19.733
2017-04-10,19.362,19.805,20.288,20.177,19.760
2017-04-07,19.534,20.008,20.363,20.212,19.794
2017-04-06,19.638,20.134,20.415,20.212,19.820
2017-04-05,19.794,20.245,20.444,20.199,19.846
2017-03-31,19.984,20.366,20.479,20.177,19.861
2017-03-30,20.248,20.506,20.521,20.167,19.877
2017-03-29,20.482,20.653,20.530,20.169,19.897
2017-03-28,20.630,20.750,20.522,20.150,19.908
2017-03-27,20.696,20.774,20.476,20.124,19.912
2017-03-24,20.748,20.802,20.413,20.088,19.916
2017-03-23,20.764,20.770,20.363,20.051,19.924
2017-03-22,20.824,20.718,20.314,20.022,19.937
2017-03-21,20.870,20.696,20.251,19.978,19.951
2017-03-20,20.852,20.643,20.177,19.925,19.960
2017-03-17,20.856,20.591,20.082,19.871,19.969
2017-03-16,20.776,20.535,19.998,19.817,19.985
2017-03-15,20.612,20.407,19.927,19.760,19.993
2017-03-14,20.522,20.293,19.850,19.705,19.997
2017-03-13,20.434,20.178,19.799,19.647,20.013
2017-03-10,20.326,20.024,19.732,19.578,20.026
2017-03-09,20.294,19.955,19.691,19.541,20.082
2017-03-08,20.202,19.910,19.674,19.518,20.149
2017-03-07,20.064,19.805,19.620,19.445,20.225
2017-03-06,19.922,19.710,19.567,19.380,20.304
2017-03-03,19.722,19.573,19.512,19.313,20.375
2017-03-02,19.616,19.461,19.458,19.241,20.446
2017-03-01,19.618,19.446,19.437,19.242,20.523
2017-02-28,19.546,19.406,19.411,19.253,20.602
2017-02-27,19.498,19.419,19.382,19.274,20.685
2017-02-24,19.424,19.439,19.356,19.310,20.777
2017-02-23,19.306,19.427,19.335,19.343,20.881
2017-02-22,19.274,19.437,19.322,19.377,20.989
2017-02-21,19.266,19.434,19.266,19.428,21.088
2017-02-20,19.340,19.423,19.215,19.493,21.179
2017-02-17,19.454,19.450,19.183,19.545,21.267
2017-02-16,19.548,19.455,19.131,19.587,21.357
2017-02-15,19.600,19.427,19.141,19.626,21.438
2017-02-14,19.602,19.415,19.176,19.667,21.530
2017-02-13,19.506,19.345,19.202,19.700,21.620
2017-02-10,19.446,19.272,19.246,19.744,21.718
2017-02-09,19.362,19.242,19.301,19.798,21.814
2017-02-08,19.254,19.206,19.347,19.853,21.907
2017-02-07,19.228,19.097,19.425,19.924,22.003
2017-02-06,19.184,19.007,19.528,19.994,22.108
2017-02-03,19.098,18.916,19.593,20.067,22.207
2017-02-02,19.122,18.806,19.653,20.153,22.311
2017-01-26,19.158,18.854,19.725,20.227,22.425
2017-01-25,18.966,18.937,19.794,20.290,22.518
2017-01-24,18.830,19.059,19.878,20.379,22.598
2017-01-23,18.734,19.219,19.981,20.474,22.687
2017-01-20,18.490,19.360,20.076,20.623,22.771
2017-01-19,18.550,19.487,20.177,20.781,22.852
2017-01-18,18.908,19.753,20.338,21.005,22.956
2017-01-17,19.288,20.049,20.488,21.228,23.056
2017-01-16,19.704,20.269,20.643,21.437,23.158
2017-01-13,20.230,20.499,20.826,21.651,23.270
2017-01-12,20.424,20.596,20.913,21.804,23.361
2017-01-11,20.598,20.650,20.967,21.952,23.440
2017-01-10,20.810,20.696,21.040,22.095,23.510
2017-01-09,20.834,20.742,21.102,22.245,23.576
2017-01-06,20.768,20.792,21.254,22.419,23.640
2017-01-05,20.768,20.867,21.429,22.602,23.698
2017-01-04,20.702,20.922,21.631,22.748,23.753
2017-01-03,20.582,20.927,21.818,22.865,23.793
2016-12-30,20.650,21.016,22.021,22.989,23.836
2016-12-29,20.816,21.153,22.227,23.127,23.886
2016-12-28,20.966,21.230,22.408,23.251,23.933
2016-12-27,21.142,21.283,22.604,23.393,23.978
2016-12-26,21.272,21.383,22.795,23.540,24.034
2016-12-23,21.382,21.462,22.997,23.691,24.086
2016-12-22,21.490,21.716,23.233,23.831,24.135
2016-12-21,21.494,21.990,23.469,23.960,24.181
2016-12-20,21.424,22.339,23.661,24.083,24.232
2016-12-19,21.494,22.709,23.834,24.222,24.282
2016-12-16,21.542,23.026,23.976,24.347,24.323
2016-12-15,21.942,23.300,24.114,24.470,24.356
2016-12-14,22.486,23.585,24.261,24.624,24.406
2016-12-13,23.254,23.924,24.449,24.746,24.460
2016-12-12,23.924,24.206,24.619,24.817,24.501
2016-12-09,24.510,24.531,24.806,24.900,24.545
2016-12-08,24.658,24.749,24.889,24.919,24.546
2016-12-07,24.684,24.948,24.945,24.923,24.539
2016-12-06,24.594,24.983,24.955,24.907,24.524
2016-12-05,24.488,24.958,24.979,24.884,24.528
2016-12-02,24.552,24.925,25.008,24.879,24.540
2016-12-01,24.840,24.927,25.055,24.889,24.554
2016-11-30,25.212,24.937,25.144,24.918,24.576
2016-11-29,25.372,24.973,25.158,24.928,24.598
2016-11-28,25.428,25.031,25.123,24.925,24.610
2016-11-25,25.298,25.081,25.085,24.908,24.615
2016-11-24,25.014,25.028,25.005,24.861,24.601
2016-11-23,24.662,24.942,24.910,24.795,24.591
2016-11-22,24.574,24.926,24.869,24.758,24.597
2016-11-21,24.634,25.000,24.847,24.722,24.617
2016-11-18,24.864,25.091,24.856,24.683,24.640
2016-11-17,25.042,25.183,24.870,24.645,24.659
2016-11-16,25.222,25.351,24.909,24.616,24.669
2016-11-15,25.278,25.342,24.906,24.563,24.669
2016-11-14,25.366,25.214,24.872,24.528,24.678
2016-11-11,25.318,25.089,24.822,24.482,24.679
2016-11-10,25.324,24.981,24.778,24.439,24.679
2016-11-09,25.480,24.878,24.722,24.403,24.674
2016-11-08,25.406,24.812,24.675,24.382,24.680
2016-11-07,25.062,24.693,24.583,24.341,24.672
2016-11-04,24.860,24.620,24.480,24.299,24.674
2016-11-03,24.638,24.557,24.376,24.242,24.668
2016-11-02,24.276,24.467,24.249,24.187,24.667
2016-10-28,24.218,24.469,24.174,24.173,24.686
2016-10-27,24.324,24.529,24.186,24.185,24.724
2016-10-26,24.380,24.554,24.178,24.190,24.801
2016-10-25,24.476,24.575,24.169,24.174,24.874
2016-10-24,24.658,24.565,24.165,24.156,24.974
2016-10-21,24.720,24.537,24.168,24.142,25.062
2016-10-20,24.734,24.473,24.165,24.173,25.152
2016-10-19,24.728,24.339,24.138,24.201,25.221
2016-10-18,24.674,24.195,24.085,24.220,25.284
2016-10-17,24.472,24.030,24.048,24.233,25.353
2016-10-14,24.354,23.878,24.026,24.267,25.424
2016-10-13,24.212,23.842,24.014,24.296,25.498
2016-10-12,23.950,23.802,24.008,24.322,25.570
2016-10-11,23.716,23.762,23.973,24.340,25.648
2016-10-10,23.588,23.765,23.952,24.388,25.750
2016-09-30,23.402,23.798,23.944,24.437,25.846
2016-09-29,23.472,23.857,24.023,24.511,25.946
2016-09-28,23.654,23.937,24.132,24.598,26.052
2016-09-27,23.808,23.975,24.232,24.674,26.155
2016-09-26,23.942,24.065,24.335,24.723,26.250
2016-09-23,24.194,24.173,24.462,24.776,26.353
2016-09-22,24.242,24.185,24.523,24.828,26.457
2016-09-21,24.220,24.214,24.582,24.877,26.565
2016-09-20,24.142,24.184,24.629,24.919,26.673
2016-09-19,24.188,24.139,24.700,24.945,26.758
2016-09-14,24.152,24.090,24.756,24.977,26.844
2016-09-13,24.128,24.188,24.839,25.004,26.946
2016-09-12,24.208,24.327,24.928,25.049,27.034
2016-09-09,24.226,24.489,25.023,25.095,27.156
2016-09-08,24.090,24.605,25.052,25.147,27.257
2016-09-07,24.028,24.751,25.078,25.198,27.326
2016-09-06,24.248,24.860,25.149,25.262,27.402
2016-09-05,24.446,24.950,25.209,25.412,27.442
2016-09-02,24.752,25.074,25.287,25.575,27.477
2016-09-01,25.120,25.260,25.349,25.792,27.560
2016-08-31,25.474,25.422,25.421,25.982,27.641
2016-08-30,25.472,25.489,25.412,26.131,27.683
2016-08-29,25.454,25.529,25.410,26.241,27.710
2016-08-26,25.396,25.557,25.398,26.349,27.746
2016-08-25,25.400,25.498,25.419,26.473,27.776
2016-08-24,25.370,25.404,25.422,26.580,27.796
2016-08-23,25.506,25.438,25.464,26.701,27.801
2016-08-22,25.604,25.467,25.643,26.818,27.822
2016-08-19,25.718,25.499,25.826,26.956,27.847
2016-08-18,25.596,25.437,26.059,27.111,27.837
2016-08-17,25.438,25.419,26.262,27.255,27.824
2016-08-16,25.370,25.335,26.453,27.382,27.810
2016-08-15,25.330,25.291,26.597,27.507,27.772
2016-08-12,25.280,25.238,26.745,27.637,27.742
2016-08-11,25.278,25.339,26.961,27.777,27.716
2016-08-10,25.400,25.439,27.168,27.930,27.717
2016-08-09,25.300,25.489,27.333,28.086,27.715
2016-08-08,25.252,25.819,27.494,28.254,27.674
2016-08-05,25.196,26.153,27.684,28.428,27.645
2016-08-04,25.400,26.680,27.949,28.570,27.609
2016-08-03,25.478,27.105,28.173,28.711,27.566
2016-08-02,25.678,27.570,28.405,28.889,27.550
2016-08-01,26.386,27.902,28.616,29.020,27.552
2016-07-29,27.110,28.252,28.837,29.217,27.571
2016-07-28,27.960,28.583,28.997,29.367,27.583
2016-07-27,28.732,28.897,29.176,29.454,27.585
2016-07-26,29.462,29.177,29.385,29.542,27.567
2016-07-25,29.418,29.168,29.471,29.472,27.485
2016-07-22,29.394,29.215,29.565,29.379,27.407
2016-07-21,29.206,29.217,29.515,29.328,27.290
2016-07-20,29.062,29.241,29.514,29.300,27.171
2016-07-19,28.892,29.240,29.548,29.234,27.060
2016-07-18,28.918,29.329,29.579,29.179,26.956
2016-07-15,29.036,29.421,29.700,29.142,26.864
2016-07-14,29.228,29.410,29.759,29.079,26.792
2016-07-13,29.420,29.454,29.732,29.012,26.731
2016-07-12,29.588,29.593,29.724,28.900,26.657
2016-07-11,29.740,29.774,29.625,28.826,26.593
2016-07-08,29.806,29.915,29.461,28.739,26.520
2016-07-07,29.592,29.813,29.384,28.562,26.427
2016-07-06,29.488,29.786,29.329,28.392,26.359
2016-07-05,29.598,29.856,29.232,28.239,26.295
2016-07-04,29.808,29.829,29.104,28.037,26.225
2016-07-01,30.024,29.978,29.003,27.848,26.153
2016-06-30,30.034,30.107,28.914,27.655,26.070
2016-06-29,30.084,30.010,28.791,27.503,25.962
2016-06-28,30.114,29.855,28.554,27.343,25.844
2016-06-27,29.850,29.475,28.353,27.095,25.722
2016-06-24,29.932,29.007,28.151,26.863,25.582
2016-06-23,30.180,28.954,27.937,26.647,25.490
2016-06-22,29.936,28.872,27.696,26.421,25.382
2016-06-21,29.596,28.607,27.431,26.212,25.255
2016-06-20,29.100,28.379,27.142,26.084,25.158
2016-06-17,28.082,28.028,26.783,25.926,25.027
2016-06-16,27.728,27.720,26.429,25.799,24.908
2016-06-15,27.808,27.571,26.250,25.716,24.816
2016-06-14,27.618,27.252,26.087,25.592,24.709
2016-06-13,27.658,27.230,25.906,25.498,24.609
2016-06-08,27.974,27.295,25.791,25.435,24.530
2016-06-07,27.712,26.920,25.494,25.253,24.372
2016-06-06,27.334,26.519,25.196,25.042,24.194
2016-06-03,26.886,26.254,25.015,24.885,24.036
2016-06-02,26.802,25.904,24.937,24.733,23.899
2016-06-01,26.616,25.538,24.875,24.587,23.764
2016-05-31,26.128,25.137,24.839,24.505,23.629
2016-05-30,25.704,24.929,24.789,24.450,23.494
2016-05-27,25.622,24.922,24.762,24.414,23.405
2016-05-26,25.006,24.581,24.633,24.361,23.303
2016-05-25,24.460,24.286,24.505,24.301,23.189
2016-05-24,24.146,24.068,24.419,24.292,23.093
2016-05-23,24.154,23.872,24.303,24.326,23.034
2016-05-20,24.222,23.775,24.201,24.351,22.973
2016-05-19,24.156,23.970,24.148,24.412,22.962
2016-05-18,24.112,24.212,24.111,24.459,22.941
2016-05-17,23.990,24.540,24.189,24.485,22.938
2016-05-16,23.590,24.648,24.211,24.421,22.903
2016-05-13,23.328,24.601,24.160,24.344,22.850
2016-05-12,23.784,24.684,24.251,24.349,22.833
2016-05-11,24.312,24.723,24.309,24.301,22.797
2016-05-10,25.090,24.770,24.404,24.333,22.757
2016-05-09,25.706,24.734,24.554,24.343,22.722
2016-05-06,25.874,24.626,24.639,24.299,22.677
2016-05-05,25.584,24.325,24.634,24.233,22.603
2016-05-04,25.134,24.010,24.582,24.129,22.505
2016-05-03,24.450,23.838,24.458,24.017,22.388
2016-04-29,23.762,23.774,24.308,23.916,22.287
2016-04-28,23.378,23.718,24.216,23.826,22.183
2016-04-27,23.066,23.817,24.182,23.721,22.132
2016-04-26,22.886,23.894,24.090,23.625,22.093
2016-04-25,23.226,24.037,24.115,23.491,22.106
2016-04-22,23.786,24.373,24.147,23.346,22.138
2016-04-21,24.058,24.651,24.136,23.188,22.144
2016-04-20,24.568,24.942,24.187,23.064,22.184
2016-04-19,24.902,25.154,24.189,22.942,22.191
2016-04-18,24.848,25.077,24.107,22.753,22.131
2016-04-15,24.960,24.842,23.988,22.539,22.061
2016-04-14,25.244,24.714,23.880,22.396,22.036
2016-04-13,25.316,24.547,23.673,22.246,21.986
2016-04-12,25.406,24.285,23.491,22.076,21.950
2016-04-11,25.306,24.192,23.218,21.894,21.940
2016-04-08,24.724,23.921,22.833,21.741,21.937
2016-04-07,24.184,23.620,22.456,21.595,21.922
2016-04-06,23.778,23.431,22.126,21.513,21.962
2016-04-05,23.164,23.223,21.836,21.423,21.973
2016-04-01,23.078,23.136,21.591,21.391,22.029
2016-03-31,23.118,23.133,21.387,21.384,22.156
2016-03-30,23.056,23.045,21.238,21.357,22.311
2016-03-29,23.084,22.798,21.096,21.318,22.451
2016-03-28,23.282,22.697,20.972,21.294,22.564
2016-03-25,23.194,22.243,20.745,21.182,22.674
2016-03-24,23.148,21.744,20.651,21.102,22.789
2016-03-23,23.034,21.292,20.582,21.056,22.887
2016-03-22,22.512,20.820,20.554,20.974,23.000
2016-03-21,22.112,20.448,20.523,20.882,23.072
2016-03-18,21.292,20.045,20.519,20.759,23.138
2016-03-17,20.340,19.641,20.510,20.658,23.184
2016-03-16,19.550,19.430,20.513,20.541,23.230
2016-03-15,19.128,19.394,20.578,20.543,23.307
2016-03-14,18.784,19.247,20.593,20.560,23.352
2016-03-11,18.798,19.246,20.651,20.721,23.430
2016-03-10,18.942,19.558,20.781,20.930,23.553
2016-03-09,19.310,19.872,20.938,21.099,23.693
2016-03-08,19.660,20.287,21.051,21.304,23.786
2016-03-07,19.710,20.598,21.099,21.441,23.855
2016-03-04,19.694,20.992,21.116,21.510,23.891
2016-03-03,20.174,21.379,21.166,21.583,23.928
2016-03-02,20.434,21.595,21.097,21.675,23.933
2016-03-01,20.914,21.761,21.118,21.726,23.943
2016-02-29,21.486,21.938,21.217,21.823,23.975
2016-02-26,22.290,22.056,21.459,21.987,24.011
2016-02-25,22.584,22.003,21.616,22.133,24.050
2016-02-24,22.756,22.004,21.713,22.249,24.090
2016-02-23,22.608,21.814,21.813,22.411,24.105
2016-02-22,22.390,21.600,21.862,22.522,24.115
2016-02-19,21.822,21.240,21.769,22.667,24.130
2016-02-18,21.422,20.953,21.686,22.927,24.162
2016-02-17,21.252,20.599,21.715,23.265,24.177
2016-02-16,21.020,20.474,21.709,23.585,24.191
2016-02-15,20.810,20.495,21.765,23.833,24.224
2016-02-05,20.658,20.861,21.953,24.167,24.274
2016-02-04,20.484,21.228,22.198,24.477,24.345
2016-02-03,19.946,21.422,22.372,24.718,24.392
2016-02-02,19.928,21.812,22.710,25.026,24.450
2016-02-01,20.180,22.124,22.984,25.263,24.496
2016-01-29,21.064,22.298,23.380,25.518,24.545
2016-01-28,21.972,22.418,23.914,25.710,24.584
2016-01-27,22.898,22.831,24.598,25.919,24.640
2016-01-26,23.696,22.944,25.141,26.070,24.628
2016-01-25,24.068,23.035,25.503,26.145,24.600
2016-01-22,23.532,23.044,25.821,26.139,24.525
2016-01-21,22.864,23.167,26.101,26.177,24.437
2016-01-20,22.764,23.321,26.366,26.287,24.361
2016-01-19,22.192,23.607,26.633,26.268,24.281
2016-01-18,22.002,23.843,26.833,26.270,24.242
2016-01-15,22.556,24.462,27.128,26.271,24.212
2016-01-14,23.470,25.410,27.356,26.273,24.156
2016-01-13,23.878,26.365,27.464,26.192,24.043
2016-01-12,25.022,27.338,27.634,26.160,23.945
2016-01-11,25.684,27.970,27.700,26.127,23.830
2016-01-08,26.368,28.597,27.687,26.035,23.679
2016-01-07,27.350,29.035,27.682,25.967,23.498
2016-01-06,28.852,29.410,27.770,25.931,23.315
2016-01-05,29.654,29.659,27.599,25.799,23.086
2016-01-04,30.256,29.822,27.483,25.709,22.883
2015-12-31,30.826,29.794,27.176,25.594,22.659
2015-12-30,30.720,29.302,26.705,25.396,22.375
2015-12-29,29.968,28.562,26.106,25.089,22.077
2015-12-28,29.664,27.929,25.571,24.796,21.789
2015-12-25,29.388,27.429,25.206,24.615,21.538
2015-12-24,28.762,26.776,24.754,24.381,21.260
2015-12-23,27.884,26.328,24.434,24.214,20.978
2015-12-22,27.156,26.130,24.191,24.066,20.715
2015-12-21,26.194,25.538,23.869,23.873,20.428
2015-12-18,25.470,25.144,23.652,23.729,20.166
2015-12-17,24.790,24.558,23.494,23.571,20.023
2015-12-16,24.772,24.108,23.444,23.458,19.940
2015-12-15,25.104,23.649,23.353,23.361,19.858
2015-12-14,24.882,23.212,23.230,23.185,19.783
2015-12-11,24.818,22.982,23.208,23.055,19.711
2015-12-10,24.326,22.731,23.184,22.911,19.616
2015-12-09,23.444,22.539,23.157,22.697,19.478
2015-12-08,22.194,22.252,23.034,22.435,19.333
2015-12-07,21.542,22.199,23.041,22.295,19.262
2015-12-04,21.146,22.160,23.022,22.214,19.232
2015-12-03,21.136,22.429,23.078,22.152,19.214
2015-12-02,21.634,22.779,23.133,22.038,19.186
2015-12-01,22.310,23.057,23.217,21.893,19.179
2015-11-30,22.856,23.247,23.172,21.731,19.199
2015-11-27,23.174,23.434,23.091,21.534,19.252
2015-11-26,23.722,23.637,23.002,21.323,19.329
2015-11-25,23.924,23.774,22.776,21.029,19.380
2015-11-24,23.804,23.815,22.527,20.700,19.419
2015-11-23,23.638,23.883,22.343,20.373,19.505
2015-11-20,23.694,23.883,22.242,20.057,19.605
2015-11-19,23.552,23.727,22.014,19.725,19.684
2015-11-18,23.624,23.486,21.668,19.354,19.739
2015-11-17,23.826,23.376,21.312,19.065,19.840
2015-11-16,24.128,23.096,20.973,18.782,19.956
2015-11-13,24.072,22.748,20.584,18.460,20.048
2015-11-12,23.902,22.366,20.167,18.138,20.122
2015-11-11,23.348,21.777,19.657,17.742,20.126
2015-11-10,22.926,21.238,19.142,17.364,20.149
2015-11-09,22.064,20.802,18.619,16.982,20.139
2015-11-06,21.424,20.600,18.144,16.604,20.189
2015-11-05,20.830,20.301,17.724,16.474,20.268
2015-11-04,20.206,19.850,17.289,16.422,20.379
2015-11-03,19.550,19.247,16.909,16.356,20.468
2015-11-02,19.540,18.850,16.625,16.382,20.603
2015-10-30,19.776,18.420,16.317,16.367,20.766
2015-10-29,19.772,17.967,16.024,16.322,20.925
2015-10-28,19.494,17.536,15.725,16.260,21.064
2015-10-27,18.944,17.046,15.428,16.231,21.214
2015-10-26,18.160,16.435,15.072,16.229,21.339
2015-10-23,17.064,15.688,14.606,16.249,21.436
2015-10-15,16.162,15.146,14.561,16.277,21.532
2015-10-14,15.578,14.727,14.708,16.334,21.641
2015-10-13,15.148,14.571,14.910,16.464,21.773
2015-10-12,14.710,14.400,15.148,16.667,21.868
2015-10-09,14.312,14.213,15.341,16.970,22.012
2015-10-08,14.130,14.081,15.499,17.334,22.167
2015-10-07,13.876,13.913,15.622,17.731,22.342
2015-09-30,13.994,13.809,15.824,18.139,22.546
2015-09-29,14.090,13.709,16.126,18.636,22.763
2015-09-28,14.114,13.524,16.530,19.154,22.945
2015-09-25,14.032,13.975,16.842,19.644,23.165
2015-09-24,13.950,14.688,17.138,20.123,23.444
2015-09-23,13.624,15.249,17.411,20.615,23.754
2015-09-22,13.328,15.895,17.801,21.130,24.060
2015-09-21,12.934,16.469,18.349,21.637,24.427
2015-09-18,13.918,16.917,18.960,22.106,24.860
2015-09-17,15.426,17.330,19.640,22.510,25.346
2015-09-16,16.874,17.838,20.304,22.935,25.775
2015-09-15,18.462,18.542,21.099,23.296,26.242
2015-09-14,20.004,19.535,21.969,23.774,26.695
2015-09-11,19.916,19.709,22.479,24.062,27.047
2015-09-10,19.234,19.588,22.841,24.336,27.332
2015-09-09,18.802,19.573,23.298,24.580,27.607
2015-09-08,18.622,19.707,23.747,24.824,27.867
2015-09-07,19.066,20.229,24.221,25.165,28.186
2015-09-02,19.502,21.003,24.701,25.529,28.490
2015-09-01,19.942,21.950,25.100,25.869,28.833
2015-08-31,20.344,22.770,25.483,26.196,29.174
2015-08-28,20.792,23.656,25.673,26.449,29.489
2015-08-27,21.392,24.402,25.893,26.624,29.759
2015-08-26,22.504,25.249,26.239,26.787,30.086
2015-08-25,23.958,26.094,26.711,26.949,30.468
2015-08-24,25.196,27.022,27.084,27.083,30.793
2015-08-21,26.520,27.787,27.383,27.069,31.053
2015-08-20,27.412,28.212,27.633,27.055,31.244
2015-08-19,27.994,28.399,27.792,27.001,31.413
2015-08-18,28.230,28.250,27.828,26.953,31.571
2015-08-17,28.848,28.196,27.910,26.954,31.703
2015-08-14,29.054,27.690,27.846,26.890,31.755
2015-08-13,29.012,27.384,27.735,26.736,31.763
2015-08-12,28.804,27.229,27.556,26.685,31.797
2015-08-11,28.270,27.327,27.376,26.765,31.809
2015-08-10,27.544,27.146,27.113,26.894,31.801
2015-08-07,26.326,26.978,26.711,26.991,32.025
2015-08-06,25.756,27.053,26.476,27.217,32.215
2015-08-05,25.654,27.184,26.302,27.615,32.384
2015-08-04,26.384,27.406,26.305,28.183,32.599
2015-08-03,26.748,27.623,26.332,28.616,32.801
2015-07-31,27.630,28.001,26.489,29.188,33.058
2015-07-30,28.350,28.085,26.412,29.616,33.270
2015-07-29,28.714,27.883,26.413,30.032,33.469
2015-07-28,28.428,27.425,26.484,30.327,33.629
2015-07-27,28.498,27.080,26.767,30.635,33.852
2015-07-24,28.372,26.443,26.998,30.911,34.070
2015-07-23,27.820,25.899,27.299,31.208,34.263
2015-07-22,27.052,25.420,27.830,31.451,34.451
2015-07-21,26.422,25.204,28.571,31.797,34.653
2015-07-20,25.662,25.042,29.113,32.151,34.822
2015-07-17,24.514,24.978,29.781,32.529,35.043
2015-07-16,23.978,24.739,30.381,32.895,35.271
2015-07-15,23.788,24.943,31.107,33.385,35.525
2015-07-14,23.986,25.544,31.778,33.988,35.839
2015-07-07,24.422,26.455,32.412,34.503,36.184
2015-07-06,25.442,27.553,33.144,35.037,36.517
2015-07-03,25.500,28.699,33.863,35.434,36.760
2015-07-02,26.098,30.240,34.467,35.824,36.993
2015-07-01,27.102,31.938,35.094,36.188,37.222
2015-06-30,28.488,33.183,35.705,36.452,37.416
2015-06-29,29.664,34.584,36.305,36.620,37.577
2015-06-26,31.898,36.024,36.973,36.791,37.754
2015-06-25,34.382,37.270,37.605,36.909,37.876
2015-06-24,36.774,38.012,38.210,36.852,37.952
2015-06-23,37.878,38.369,38.527,36.708,37.986
2015-06-19,39.504,38.736,38.778,37.059,38.021
2015-06-18,40.150,39.027,38.801,37.213,38.030
2015-06-17,40.158,38.694,38.616,37.154,37.941
2015-06-16,39.250,38.250,38.313,37.016,37.824
2015-06-15,38.860,38.228,38.087,36.986,37.759
2015-06-12,37.968,38.026,37.637,36.929,37.648
2015-06-11,37.904,37.922,37.174,36.924,37.571
2015-06-10,37.230,37.941,36.729,36.907,37.465
2015-06-09,37.250,38.408,36.272,36.931,37.394
2015-06-08,37.596,38.686,35.877,37.069,37.327
2015-06-05,38.084,38.821,36.221,37.230,37.256
2015-06-04,37.940,38.575,36.306,37.318,37.161
2015-06-03,38.652,38.539,36.384,37.451,37.094
2015-06-02,39.566,38.376,36.399,37.509,36.985
2015-06-01,39.776,37.946,36.365,37.493,36.866
2015-05-29,39.558,37.249,36.381,37.558,36.756
2015-05-28,39.210,36.426,36.425,37.648,36.648
2015-05-27,38.426,35.517,36.389,37.665,36.499
2015-05-26,37.186,34.136,36.192,37.691,36.317
2015-05-25,36.116,33.069,36.261,37.866,36.174
2015-05-22,34.940,33.621,36.435,37.997,36.054
2015-05-21,33.642,34.037,36.689,38.087,35.957
2015-05-20,32.608,34.229,36.906,38.162,35.871
2015-05-19,31.086,34.422,37.075,38.257,35.777
2015-05-18,30.022,34.784,37.266,38.379,35.724
2015-05-15,32.302,35.513,37.712,38.534,35.690
2015-05-14,34.432,36.425,38.258,38.718,35.689
2015-05-13,35.850,37.262,38.739,38.843,35.663
2015-05-12,37.758,38.248,39.468,39.053,35.665
2015-05-11,39.546,39.453,40.264,39.264,35.654
2015-05-08,38.724,39.249,40.185,38.984,35.409
2015-05-07,38.418,39.341,40.111,38.846,35.242
2015-05-06,38.674,39.584,40.129,38.727,35.121
2015-05-05,38.738,39.729,40.174,38.633,35.015
2015-05-04,39.360,39.748,40.177,38.531,34.898
2015-04-30,39.774,39.911,40.045,38.366,34.753
2015-04-29,40.264,40.092,39.864,38.219,34.612
2015-04-28,40.494,40.217,39.633,38.024,34.481
2015-04-27,40.720,40.689,39.455,37.858,34.365
2015-04-24,40.136,41.075,39.169,37.586,34.208
2015-04-23,40.048,41.121,38.851,37.282,34.038
2015-04-22,39.920,40.882,38.599,37.005,33.895
2015-04-21,39.940,40.674,38.299,36.738,33.763
2015-04-20,40.658,40.619,38.085,36.461,33.653
2015-04-17,42.014,40.606,37.923,36.240,33.521
2015-04-16,42.194,40.179,37.594,35.954,33.333
2015-04-15,41.844,39.637,37.282,35.648,33.120
2015-04-14,41.408,39.049,36.927,35.332,32.900
2015-04-13,40.580,38.222,36.442,34.943,32.643
2015-04-10,39.198,37.263,35.841,34.482,32.351
2015-04-09,38.164,36.581,35.362,34.111,32.128
2015-04-08,37.430,36.316,35.066,33.827,31.953
2015-04-07,36.690,35.924,34.770,33.580,31.786
2015-04-03,35.864,35.551,34.381,33.298,31.616
2015-04-02,35.328,35.240,34.056,33.068,31.460
2015-04-01,34.998,35.009,33.841,32.847,31.334
2015-03-31,35.202,34.927,33.654,32.660,31.246
2015-03-30,35.158,34.806,33.473,32.484,31.172
2015-03-27,35.238,34.662,33.303,32.276,31.098
2015-03-26,35.152,34.419,33.092,32.044,31.013
2015-03-25,35.020,34.144,32.875,31.834,30.948
2015-03-24,34.652,33.817,32.582,31.637,30.847
2015-03-23,34.454,33.617,32.408,31.515,30.738
2015-03-20,34.086,33.212,32.172,31.397,30.666
2015-03-19,33.686,32.873,31.982,31.265,30.631
2015-03-18,33.268,32.674,31.765,31.140,30.636
2015-03-17,32.982,32.381,31.526,31.005,30.659
2015-03-16,32.780,32.141,31.323,30.939,30.721
2015-03-13,32.338,31.945,31.083,30.873,30.778
2015-03-12,32.060,31.765,30.856,30.831,30.792
2015-03-11,32.080,31.607,30.678,30.794,30.763
2015-03-10,31.780,31.348,30.547,30.785,30.676
2015-03-09,31.502,31.199,30.463,30.787,30.556
2015-03-06,31.552,31.132,30.489,30.846,30.417
2015-03-05,31.470,31.092,30.461,30.803,30.242
2015-03-04,31.134,30.857,30.373,30.711,30.019
2015-03-03,30.916,30.671,30.317,30.591,-1
2015-03-02,30.896,30.505,30.338,30.468,-1
2015-02-27,30.712,30.222,30.337,30.343,-1
2015-02-26,30.714,29.947,30.363,30.220,-1
2015-02-25,30.580,29.750,30.387,30.145,-1
2015-02-24,30.426,29.746,30.503,30.079,-1
2015-02-17,30.114,29.728,30.580,29.992,-1
2015-02-16,29.732,29.846,30.703,29.934,-1
2015-02-13,29.180,29.830,30.658,29.851,-1
2015-02-12,28.920,29.889,30.639,29.821,-1
2015-02-11,29.066,29.963,30.551,29.833,-1
2015-02-10,29.342,30.171,30.450,29.860,-1
2015-02-09,29.960,30.452,30.404,29.919,-1
2015-02-06,30.480,30.780,30.357,29.983,-1
2015-02-05,30.858,31.025,30.342,30.063,-1
2015-02-04,30.860,31.260,30.245,30.056,-1
2015-02-03,31.000,31.433,30.123,29.962,-1
2015-02-02,30.944,31.560,29.978,29.935,-1
2015-01-30,31.080,31.487,29.862,29.997,-1
2015-01-29,31.192,31.388,29.786,30.133,-1
2015-01-28,31.660,31.140,29.768,30.313,-1
2015-01-27,31.866,30.729,29.704,30.503,-1
2015-01-26,32.176,30.356,29.652,30.683,-1
2015-01-23,31.894,29.934,29.584,30.753,-1
2015-01-22,31.584,29.660,29.582,30.733,-1
2015-01-21,30.620,29.231,29.454,30.567,-1
2015-01-20,29.592,28.814,29.227,30.326,-1
2015-01-19,28.536,28.396,29.123,29.988,-1
2015-01-16,27.974,28.237,29.252,29.681,-1
2015-01-15,27.736,28.185,29.505,29.326,-1
2015-01-14,27.842,28.396,29.899,-1,-1
2015-01-13,28.036,28.679,30.390,-1,-1
2015-01-12,28.256,28.948,30.847,-1,-1
2015-01-09,28.500,29.234,31.163,-1,-1
2015-01-08,28.634,29.505,31.269,-1,-1
2015-01-07,28.950,29.678,31.235,-1,-1
2015-01-06,29.322,29.640,31.082,-1,-1
2015-01-05,29.640,29.850,30.784,-1,-1
2014-12-31,29.968,30.267,30.403,-1,-1
2014-12-30,30.376,30.825,29.896,-1,-1
2014-12-29,30.406,31.403,-1,-1,-1
2014-12-26,29.958,32.101,-1,-1,-1
2014-12-25,30.060,32.746,-1,-1,-1
2014-12-24,30.566,33.092,-1,-1,-1
2014-12-23,31.274,33.033,-1,-1,-1
2014-12-22,32.400,32.793,-1,-1,-1
2014-12-19,34.244,32.525,-1,-1,-1
2014-12-18,35.432,31.719,-1,-1,-1
2014-12-17,35.618,30.539,-1,-1,-1
2014-12-16,34.792,28.968,-1,-1,-1
2014-12-15,33.186,-1,-1,-1,-1
2014-12-12,30.806,-1,-1,-1,-1
2014-12-11,28.006,-1,-1,-1,-1
2014-12-10,25.460,-1,-1,-1,-1
2014-12-09,23.144,-1,-1,-1,-1
2014-12-08,-1,-1,-1,-1,-1
2014-12-05,-1,-1,-1,-1,-1
2014-12-04,-1,-1,-1,-1,-1
2014-12-03,-1,-1,-1,-1,-1
