Not
2017-01-06@15:00:00,-0.816,-0.730,-0.086
2017-01-06@14:30:00,-0.842,-0.709,-0.133
2017-01-06@14:00:00,-0.812,-0.675,-0.137
2017-01-06@13:30:00,-0.812,-0.641,-0.171
2017-01-06@11:30:00,-0.789,-0.599,-0.190
2017-01-06@11:00:00,-0.775,-0.551,-0.224
2017-01-06@10:30:00,-0.709,-0.495,-0.214
2017-01-06@10:00:00,-0.627,-0.441,-0.185
2017-01-05@15:00:00,-0.591,-0.395,-0.196
2017-01-05@14:30:00,-0.560,-0.346,-0.213
2017-01-05@14:00:00,-0.518,-0.293,-0.225
2017-01-05@13:30:00,-0.477,-0.236,-0.241
2017-01-05@11:30:00,-0.387,-0.176,-0.211
2017-01-05@11:00:00,-0.300,-0.124,-0.177
2017-01-05@10:30:00,-0.186,-0.079,-0.106
2017-01-05@10:00:00,-0.062,-0.053,-0.009
2017-01-04@15:00:00,0.204,-0.051,0.255
2017-01-04@14:30:00,0.132,-0.114,0.246
2017-01-04@14:00:00,0.063,-0.176,0.238
2017-01-04@13:30:00,-0.037,-0.235,0.199
2017-01-04@11:30:00,-0.130,-0.285,0.155
2017-01-04@11:00:00,-0.233,-0.324,0.091
2017-01-04@10:30:00,-0.319,-0.347,0.027
2017-01-04@10:00:00,-0.355,-0.353,-0.001
2017-01-03@15:00:00,-0.336,-0.353,0.017
2017-01-03@14:30:00,-0.373,-0.357,-0.016
2017-01-03@14:00:00,-0.405,-0.353,-0.052
2017-01-03@13:30:00,-0.409,-0.340,-0.069
2017-01-03@11:30:00,-0.407,-0.323,-0.084
2017-01-03@11:00:00,-0.417,-0.302,-0.115
2017-01-03@10:30:00,-0.435,-0.274,-0.162
2017-01-03@10:00:00,-0.436,-0.233,-0.203
2016-12-30@15:00:00,-0.424,-0.183,-0.241
2016-12-30@14:30:00,-0.355,-0.122,-0.233
2016-12-30@14:00:00,-0.306,-0.064,-0.242
2016-12-30@13:30:00,-0.265,-0.004,-0.262
2016-12-30@11:30:00,-0.214,0.062,-0.275
2016-12-30@11:00:00,-0.091,0.131,-0.222
2016-12-30@10:30:00,-0.012,0.186,-0.198
2016-12-30@10:00:00,0.093,0.236,-0.143
2016-12-29@15:00:00,0.158,0.271,-0.114
2016-12-29@14:30:00,0.233,0.300,-0.067
2016-12-29@14:00:00,0.260,0.316,-0.056
2016-12-29@13:30:00,0.292,0.330,-0.038
2016-12-29@11:30:00,0.289,0.340,-0.051
2016-12-29@11:00:00,0.300,0.353,-0.053
2016-12-29@10:30:00,0.328,0.366,-0.038
2016-12-29@10:00:00,0.356,0.376,-0.019
2016-12-28@15:00:00,0.390,0.380,0.010
2016-12-28@14:30:00,0.429,0.378,0.051
2016-12-28@14:00:00,0.445,0.365,0.080
2016-12-28@13:30:00,0.447,0.345,0.102
2016-12-28@11:30:00,0.431,0.320,0.111
2016-12-28@11:00:00,0.429,0.292,0.137
2016-12-28@10:30:00,0.408,0.258,0.150
2016-12-28@10:00:00,0.405,0.220,0.184
2016-12-27@15:00:00,0.361,0.174,0.187
2016-12-27@14:30:00,0.350,0.128,0.222
2016-12-27@14:00:00,0.336,0.072,0.264
2016-12-27@13:30:00,0.320,0.006,0.314
2016-12-27@11:30:00,0.271,-0.072,0.343
2016-12-27@11:00:00,0.200,-0.158,0.358
2016-12-27@10:30:00,0.074,-0.247,0.321
2016-12-27@10:00:00,-0.062,-0.328,0.266
2016-12-26@15:00:00,-0.236,-0.394,0.158
2016-12-26@14:30:00,-0.349,-0.434,0.085
2016-12-26@14:00:00,-0.498,-0.455,-0.043
2016-12-26@13:30:00,-0.577,-0.444,-0.133
2016-12-26@11:30:00,-0.589,-0.411,-0.179
2016-12-26@11:00:00,-0.587,-0.366,-0.221
2016-12-26@10:30:00,-0.507,-0.311,-0.196
2016-12-26@10:00:00,-0.424,-0.262,-0.163
2016-12-23@15:00:00,-0.294,-0.221,-0.073
2016-12-23@14:30:00,-0.295,-0.203,-0.093
2016-12-23@14:00:00,-0.277,-0.180,-0.097
2016-12-23@13:30:00,-0.234,-0.155,-0.079
2016-12-23@11:30:00,-0.171,-0.135,-0.035
2016-12-23@11:00:00,-0.110,-0.127,0.017
2016-12-23@10:30:00,-0.076,-0.131,0.055
2016-12-23@10:00:00,-0.031,-0.145,0.114
2016-12-22@15:00:00,0.009,-0.173,0.182
2016-12-22@14:30:00,-0.017,-0.219,0.202
2016-12-22@14:00:00,-0.076,-0.269,0.193
2016-12-22@13:30:00,-0.152,-0.317,0.165
2016-12-22@11:30:00,-0.172,-0.359,0.187
2016-12-22@11:00:00,-0.206,-0.405,0.200
2016-12-22@10:30:00,-0.236,-0.455,0.220
2016-12-22@10:00:00,-0.268,-0.510,0.242
2016-12-21@15:00:00,-0.310,-0.571,0.261
2016-12-21@14:30:00,-0.403,-0.636,0.233
2016-12-21@14:00:00,-0.475,-0.694,0.220
2016-12-21@13:30:00,-0.539,-0.749,0.210
2016-12-21@11:30:00,-0.607,-0.802,0.195
2016-12-21@11:00:00,-0.659,-0.851,0.191
2016-12-21@10:30:00,-0.738,-0.898,0.160
2016-12-21@10:00:00,-0.859,-0.939,0.079
2016-12-20@15:00:00,-0.995,-0.958,-0.037
2016-12-20@14:30:00,-1.022,-0.949,-0.073
2016-12-20@14:00:00,-1.000,-0.931,-0.069
2016-12-20@13:30:00,-0.953,-0.913,-0.040
2016-12-20@11:30:00,-0.944,-0.904,-0.040
2016-12-20@11:00:00,-0.953,-0.894,-0.060
2016-12-20@10:30:00,-0.961,-0.879,-0.082
2016-12-20@10:00:00,-1.013,-0.858,-0.155
2016-12-19@15:00:00,-0.994,-0.819,-0.174
2016-12-19@14:30:00,-0.955,-0.776,-0.179
2016-12-19@14:00:00,-0.911,-0.731,-0.180
2016-12-19@13:30:00,-0.850,-0.686,-0.164
2016-12-19@11:30:00,-0.810,-0.645,-0.165
2016-12-19@11:00:00,-0.704,-0.604,-0.101
2016-12-19@10:30:00,-0.549,-0.579,0.029
2016-12-19@10:00:00,-0.425,-0.586,0.160
2016-12-16@15:00:00,-0.478,-0.626,0.148
2016-12-16@14:30:00,-0.538,-0.663,0.125
2016-12-16@14:00:00,-0.593,-0.694,0.101
2016-12-16@13:30:00,-0.617,-0.720,0.102
2016-12-16@11:30:00,-0.607,-0.745,0.138
2016-12-16@11:00:00,-0.627,-0.780,0.153
2016-12-16@10:30:00,-0.647,-0.818,0.171
2016-12-16@10:00:00,-0.707,-0.861,0.153
2016-12-15@15:00:00,-0.734,-0.899,0.165
2016-12-15@14:30:00,-0.715,-0.940,0.225
2016-12-15@14:00:00,-0.702,-0.997,0.295
2016-12-15@13:30:00,-0.709,-1.070,0.361
2016-12-15@11:30:00,-0.748,-1.161,0.413
2016-12-15@11:00:00,-0.876,-1.264,0.388
2016-12-15@10:30:00,-1.032,-1.361,0.328
2016-12-15@10:00:00,-1.180,-1.443,0.263
2016-12-14@15:00:00,-1.297,-1.509,0.211
2016-12-14@14:30:00,-1.289,-1.562,0.272
2016-12-14@14:00:00,-1.274,-1.630,0.356
2016-12-14@13:30:00,-1.369,-1.719,0.349
2016-12-14@11:30:00,-1.505,-1.806,0.300
2016-12-14@11:00:00,-1.649,-1.881,0.232
2016-12-14@10:30:00,-1.795,-1.939,0.144
2016-12-14@10:00:00,-1.853,-1.975,0.122
2016-12-13@15:00:00,-1.904,-2.005,0.101
2016-12-13@14:30:00,-2.129,-2.031,-0.098
2016-12-13@14:00:00,-2.246,-2.006,-0.240
2016-12-13@13:30:00,-2.328,-1.946,-0.382
2016-12-13@11:30:00,-2.355,-1.851,-0.504
2016-12-13@11:00:00,-2.232,-1.725,-0.507
2016-12-13@10:30:00,-2.012,-1.598,-0.414
2016-12-13@10:00:00,-1.736,-1.494,-0.242
2016-12-12@15:00:00,-1.628,-1.434,-0.194
2016-12-12@14:30:00,-1.550,-1.385,-0.164
2016-12-12@14:00:00,-1.474,-1.344,-0.130
2016-12-12@13:30:00,-1.412,-1.312,-0.100
2016-12-12@11:30:00,-1.352,-1.287,-0.065
2016-12-12@11:00:00,-1.301,-1.271,-0.031
2016-12-12@10:30:00,-1.295,-1.263,-0.032
2016-12-12@10:00:00,-1.182,-1.255,0.074
2016-12-09@15:00:00,-1.136,-1.274,0.137
2016-12-09@14:30:00,-1.123,-1.308,0.185
2016-12-09@14:00:00,-1.171,-1.354,0.183
2016-12-09@13:30:00,-1.292,-1.400,0.108
2016-12-09@11:30:00,-1.442,-1.427,-0.016
2016-12-09@11:00:00,-1.489,-1.423,-0.066
2016-12-09@10:30:00,-1.476,-1.406,-0.069
2016-12-09@10:00:00,-1.446,-1.389,-0.057
2016-12-08@15:00:00,-1.340,-1.375,0.034
2016-12-08@14:30:00,-1.309,-1.383,0.074
2016-12-08@14:00:00,-1.318,-1.402,0.083
2016-12-08@13:30:00,-1.322,-1.423,0.100
2016-12-08@11:30:00,-1.300,-1.448,0.148
2016-12-08@11:00:00,-1.321,-1.485,0.163
2016-12-08@10:30:00,-1.368,-1.526,0.158
2016-12-08@10:00:00,-1.408,-1.565,0.158
2016-12-07@15:00:00,-1.518,-1.605,0.087
2016-12-07@14:30:00,-1.652,-1.626,-0.026
2016-12-07@14:00:00,-1.721,-1.620,-0.101
2016-12-07@13:30:00,-1.781,-1.595,-0.186
2016-12-07@11:30:00,-1.824,-1.548,-0.276
2016-12-07@11:00:00,-1.824,-1.479,-0.345
2016-12-07@10:30:00,-1.732,-1.393,-0.339
2016-12-07@10:00:00,-1.555,-1.308,-0.247
2016-12-06@15:00:00,-1.287,-1.246,-0.041
2016-12-06@14:30:00,-1.271,-1.236,-0.036
2016-12-06@14:00:00,-1.289,-1.227,-0.062
2016-12-06@13:30:00,-1.336,-1.212,-0.125
2016-12-06@11:30:00,-1.377,-1.180,-0.197
2016-12-06@11:00:00,-1.415,-1.131,-0.283
2016-12-06@10:30:00,-1.412,-1.060,-0.352
2016-12-06@10:00:00,-1.385,-0.972,-0.413
2016-12-05@15:00:00,-1.420,-0.869,-0.551
2016-12-05@14:30:00,-1.375,-0.731,-0.644
2016-12-05@14:00:00,-1.316,-0.570,-0.745
2016-12-05@13:30:00,-1.202,-0.384,-0.818
2016-12-05@11:30:00,-1.093,-0.180,-0.913
2016-12-05@11:00:00,-0.918,0.049,-0.966
2016-12-05@10:30:00,-0.701,0.290,-0.991
2016-12-05@10:00:00,-0.569,0.538,-1.107
2016-12-02@15:00:00,-0.298,0.815,-1.113
2016-12-02@14:30:00,-0.051,1.093,-1.144
2016-12-02@14:00:00,0.276,1.379,-1.103
2016-12-02@13:30:00,0.529,1.655,-1.126
2016-12-02@11:30:00,0.854,1.936,-1.082
2016-12-02@11:00:00,1.295,2.207,-0.912
2016-12-02@10:30:00,1.636,2.435,-0.799
2016-12-02@10:00:00,2.013,2.635,-0.622
2016-12-01@15:00:00,2.383,2.790,-0.407
2016-12-01@14:30:00,2.632,2.892,-0.260
2016-12-01@14:00:00,2.831,2.957,-0.126
2016-12-01@13:30:00,2.993,2.989,0.005
2016-12-01@11:30:00,3.097,2.988,0.110
2016-12-01@11:00:00,3.202,2.960,0.242
2016-12-01@10:30:00,3.308,2.900,0.409
2016-12-01@10:00:00,3.361,2.797,0.564
2016-11-30@15:00:00,3.496,2.657,0.840
2016-11-30@14:30:00,3.439,2.447,0.992
2016-11-30@14:00:00,3.349,2.199,1.151
2016-11-30@13:30:00,3.137,1.911,1.226
2016-11-30@11:30:00,2.837,1.604,1.233
2016-11-30@11:00:00,2.551,1.296,1.255
2016-11-30@10:30:00,2.117,0.982,1.135
2016-11-30@10:00:00,1.352,0.699,0.653
2016-10-13@15:00:00,0.478,0.535,-0.057
2016-10-13@14:30:00,0.413,0.550,-0.136
2016-10-13@14:00:00,0.427,0.584,-0.157
2016-10-13@13:30:00,0.490,0.623,-0.133
2016-10-13@11:30:00,0.538,0.656,-0.118
2016-10-13@11:00:00,0.574,0.686,-0.112
2016-10-13@10:30:00,0.585,0.714,-0.129
2016-10-13@10:00:00,0.567,0.746,-0.179
2016-10-12@14:30:00,0.525,0.791,-0.265
2016-10-12@14:00:00,0.628,0.857,-0.229
2016-10-12@13:30:00,0.751,0.914,-0.163
2016-10-12@11:30:00,0.843,0.955,-0.112
2016-10-12@11:00:00,0.904,0.983,-0.079
2016-10-12@10:30:00,0.961,1.003,-0.042
2016-10-12@10:00:00,0.932,1.013,-0.081
2016-10-11@15:00:00,0.970,1.034,-0.064
2016-10-11@14:30:00,1.006,1.050,-0.043
2016-10-11@14:00:00,1.048,1.061,-0.012
2016-10-11@13:30:00,1.095,1.064,0.031
2016-10-11@11:30:00,1.126,1.056,0.070
2016-10-11@11:00:00,1.127,1.038,0.088
2016-10-11@10:30:00,1.137,1.016,0.121
2016-10-11@10:00:00,1.174,0.986,0.189
2016-10-10@15:00:00,1.220,0.939,0.281
2016-10-10@14:30:00,1.164,0.868,0.295
2016-10-10@14:00:00,1.056,0.794,0.262
2016-10-10@13:30:00,0.950,0.729,0.221
2016-10-10@11:30:00,0.876,0.674,0.203
2016-10-10@11:00:00,0.748,0.623,0.125
2016-10-10@10:30:00,0.654,0.592,0.062
2016-10-10@10:00:00,0.578,0.576,0.001
2016-09-30@15:00:00,0.507,0.576,-0.070
2016-09-30@14:30:00,0.506,0.594,-0.087
2016-09-30@14:00:00,0.506,0.615,-0.109
2016-09-30@13:30:00,0.516,0.643,-0.127
2016-09-30@11:30:00,0.504,0.674,-0.171
2016-09-30@11:00:00,0.542,0.717,-0.175
2016-09-30@10:30:00,0.611,0.761,-0.150
2016-09-30@10:00:00,0.658,0.798,-0.140
2016-09-29@15:00:00,0.703,0.833,-0.130
2016-09-29@14:30:00,0.782,0.866,-0.083
2016-09-29@14:00:00,0.870,0.887,-0.016
2016-09-29@13:30:00,0.950,0.891,0.059
2016-09-29@11:30:00,1.010,0.876,0.135
2016-09-29@11:00:00,1.029,0.842,0.186
2016-09-29@10:30:00,0.981,0.796,0.185
2016-09-29@10:00:00,0.982,0.749,0.233
2016-09-28@15:00:00,1.050,0.691,0.359
2016-09-28@14:30:00,1.041,0.601,0.440
2016-09-28@14:00:00,0.979,0.491,0.487
2016-09-28@13:30:00,0.894,0.370,0.524
2016-09-28@11:30:00,0.763,0.239,0.525
2016-09-28@11:00:00,0.537,0.107,0.429
2016-09-28@10:30:00,0.365,0.000,0.365
2016-09-28@10:00:00,0.109,-0.091,0.200
2016-09-27@15:00:00,-0.127,-0.141,0.014
2016-09-27@14:30:00,-0.320,-0.145,-0.175
2016-09-27@14:00:00,-0.352,-0.101,-0.251
2016-09-27@13:30:00,-0.291,-0.038,-0.253
2016-09-27@11:30:00,-0.245,0.025,-0.270
2016-09-27@11:00:00,-0.116,0.092,-0.209
2016-09-27@10:30:00,-0.066,0.145,-0.210
2016-09-27@10:00:00,-0.038,0.197,-0.235
2016-09-26@15:00:00,0.006,0.256,-0.250
2016-09-26@14:30:00,0.107,0.318,-0.212
2016-09-26@14:00:00,0.169,0.371,-0.202
2016-09-26@13:30:00,0.246,0.422,-0.176
2016-09-26@11:30:00,0.331,0.466,-0.134
2016-09-26@11:00:00,0.370,0.500,-0.130
2016-09-26@10:30:00,0.373,0.532,-0.159
2016-09-26@10:00:00,0.401,0.572,-0.171
2016-09-23@15:00:00,0.382,0.614,-0.233
2016-09-23@14:30:00,0.474,0.673,-0.199
2016-09-23@14:00:00,0.531,0.722,-0.192
2016-09-23@13:30:00,0.575,0.770,-0.195
2016-09-23@11:30:00,0.671,0.819,-0.148
2016-09-23@11:00:00,0.698,0.856,-0.158
2016-09-23@10:30:00,0.733,0.896,-0.163
2016-09-23@10:00:00,0.767,0.936,-0.170
2016-09-22@15:00:00,0.774,0.979,-0.204
2016-09-22@14:30:00,0.861,1.030,-0.169
2016-09-22@14:00:00,0.956,1.072,-0.116
2016-09-22@13:30:00,1.049,1.101,-0.053
2016-09-22@11:30:00,1.126,1.114,0.012
2016-09-22@11:00:00,1.177,1.111,0.066
2016-09-22@10:30:00,1.144,1.095,0.049
2016-09-22@10:00:00,1.090,1.083,0.007
2016-09-21@15:00:00,1.142,1.081,0.061
2016-09-21@14:30:00,1.213,1.066,0.147
2016-09-21@14:00:00,1.268,1.029,0.240
2016-09-21@13:30:00,1.257,0.969,0.288
2016-09-21@11:30:00,1.169,0.897,0.272
2016-09-21@11:00:00,1.081,0.829,0.252
2016-09-21@10:30:00,0.965,0.766,0.199
2016-09-21@10:00:00,0.938,0.716,0.222
2016-09-20@15:00:00,0.848,0.660,0.188
2016-09-20@14:30:00,0.843,0.614,0.230
2016-09-20@14:00:00,0.835,0.556,0.279
2016-09-20@13:30:00,0.777,0.486,0.291
2016-09-20@11:30:00,0.697,0.414,0.284
2016-09-20@11:00:00,0.639,0.343,0.296
2016-09-20@10:30:00,nan,nan,nan
2016-09-20@10:00:00,nan,nan,nan
2016-09-19@15:00:00,nan,nan,nan
2016-09-19@14:30:00,nan,nan,nan
2016-09-19@14:00:00,nan,nan,nan
2016-09-19@13:30:00,nan,nan,nan
2016-09-19@11:30:00,nan,nan,nan
2016-09-19@11:00:00,nan,nan,nan
2016-09-19@10:30:00,nan,nan,nan
2016-09-19@10:00:00,nan,nan,nan
2016-09-14@15:00:00,nan,nan,nan
2016-09-14@14:30:00,nan,nan,nan
2016-09-14@14:00:00,nan,nan,nan
2016-09-14@13:30:00,nan,nan,nan
2016-09-14@11:30:00,nan,nan,nan
2016-09-14@11:00:00,nan,nan,nan
2016-09-14@10:30:00,nan,nan,nan
2016-09-14@10:00:00,nan,nan,nan
2016-09-13@15:00:00,nan,nan,nan
2016-09-13@14:30:00,nan,nan,nan
2016-09-13@14:00:00,nan,nan,nan
2016-09-13@13:30:00,nan,nan,nan
2016-09-13@11:30:00,nan,nan,nan
2016-09-13@11:00:00,nan,nan,nan
2016-09-13@10:30:00,nan,nan,nan
2016-09-13@10:00:00,nan,nan,nan
2016-09-12@15:00:00,nan,nan,nan
2016-09-12@14:30:00,nan,nan,nan
2016-09-12@14:00:00,nan,nan,nan
2016-09-12@13:30:00,nan,nan,nan
2016-09-12@11:30:00,nan,nan,nan
2016-09-12@11:00:00,nan,nan,nan
2016-09-12@10:30:00,nan,nan,nan
