Not
2017-03-17@15:00:00,1.035,0.925,0.110
2017-03-17@14:00:00,1.016,0.898,0.119
2017-03-17@11:30:00,0.813,0.868,-0.055
2017-03-17@10:30:00,0.833,0.882,-0.049
2017-03-16@15:00:00,0.789,0.894,-0.105
2017-03-16@14:00:00,0.757,0.920,-0.163
2017-03-16@11:30:00,0.655,0.961,-0.307
2017-03-16@10:30:00,0.680,1.038,-0.358
2017-03-15@15:00:00,0.709,1.127,-0.418
2017-03-15@14:00:00,0.752,1.232,-0.480
2017-03-15@11:30:00,0.917,1.352,-0.435
2017-03-15@10:30:00,1.063,1.461,-0.398
2017-03-14@15:00:00,1.214,1.560,-0.346
2017-03-14@14:00:00,1.368,1.647,-0.278
2017-03-14@11:30:00,1.495,1.716,-0.221
2017-03-14@10:30:00,1.574,1.772,-0.198
2017-03-13@15:00:00,1.570,1.821,-0.251
2017-03-13@14:00:00,1.722,1.884,-0.162
2017-03-13@11:30:00,1.839,1.925,-0.086
2017-03-13@10:30:00,1.901,1.946,-0.045
2017-03-10@15:00:00,1.988,1.957,0.030
2017-03-10@14:00:00,1.826,1.950,-0.124
2017-03-10@11:30:00,1.715,1.981,-0.266
2017-03-10@10:30:00,1.649,2.047,-0.398
2017-03-09@15:00:00,1.493,2.147,-0.655
2017-03-09@14:00:00,1.625,2.311,-0.686
2017-03-09@11:30:00,1.789,2.482,-0.693
2017-03-09@10:30:00,1.972,2.655,-0.683
2017-03-08@15:00:00,2.233,2.826,-0.593
2017-03-08@14:00:00,2.388,2.974,-0.587
2017-03-08@11:30:00,2.505,3.121,-0.616
2017-03-08@10:30:00,2.675,3.275,-0.600
2017-03-07@15:00:00,2.793,3.425,-0.632
2017-03-07@14:00:00,3.024,3.583,-0.559
2017-03-07@11:30:00,3.224,3.722,-0.499
2017-03-07@10:30:00,3.454,3.847,-0.393
2017-03-06@15:00:00,3.675,3.945,-0.271
2017-03-06@14:00:00,3.942,4.013,-0.071
2017-03-06@11:30:00,4.234,4.031,0.204
2017-03-06@10:30:00,4.529,3.980,0.550
2017-03-03@15:00:00,4.828,3.842,0.985
2017-03-03@14:00:00,4.779,3.596,1.183
2017-03-03@11:30:00,4.571,3.300,1.270
2017-03-03@10:30:00,4.294,2.983,1.312
2017-03-02@15:00:00,4.185,2.655,1.530
2017-03-02@14:00:00,3.884,2.272,1.612
2017-03-02@11:30:00,3.444,1.869,1.575
2017-03-02@10:30:00,2.833,1.476,1.357
2017-03-01@15:00:00,2.011,1.136,0.874
2017-03-01@14:00:00,1.764,0.918,0.846
2017-03-01@11:30:00,1.424,0.706,0.717
2017-03-01@10:30:00,0.968,0.527,0.441
2017-02-28@15:00:00,0.373,0.417,-0.044
2017-02-28@14:00:00,0.366,0.428,-0.062
2017-02-28@11:30:00,0.376,0.443,-0.068
2017-02-28@10:30:00,0.385,0.460,-0.076
2017-02-27@15:00:00,0.445,0.479,-0.034
2017-02-27@14:00:00,0.543,0.487,0.055
2017-02-27@11:30:00,0.587,0.474,0.114
2017-02-27@10:30:00,0.608,0.445,0.162
2017-02-24@15:00:00,0.616,0.405,0.211
2017-02-24@14:00:00,0.600,0.352,0.248
2017-02-24@11:30:00,0.520,0.290,0.231
2017-02-24@10:30:00,0.467,0.232,0.235
2017-02-23@15:00:00,0.416,0.173,0.243
2017-02-23@14:00:00,0.402,0.113,0.289
2017-02-23@11:30:00,0.361,0.040,0.321
2017-02-23@10:30:00,0.284,-0.040,0.324
2017-02-22@15:00:00,0.203,-0.121,0.324
2017-02-22@14:00:00,0.128,-0.202,0.330
2017-02-22@11:30:00,0.027,-0.284,0.312
2017-02-22@10:30:00,-0.109,-0.362,0.253
2017-02-21@15:00:00,-0.262,-0.426,0.164
2017-02-21@14:00:00,-0.379,-0.467,0.087
2017-02-21@11:30:00,-0.489,-0.489,-0.000
2017-02-21@10:30:00,-0.670,-0.488,-0.182
2017-02-20@15:00:00,-0.753,-0.443,-0.310
2017-02-20@14:00:00,-0.751,-0.365,-0.385
2017-02-20@11:30:00,-0.648,-0.269,-0.379
2017-02-20@10:30:00,-0.495,-0.174,-0.321
2017-02-17@15:00:00,-0.341,-0.094,-0.247
2017-02-17@14:00:00,-0.254,-0.032,-0.222
2017-02-17@11:30:00,-0.193,0.023,-0.216
2017-02-17@10:30:00,-0.122,0.077,-0.199
2017-02-16@15:00:00,-0.103,0.127,-0.229
2017-02-16@14:00:00,-0.036,0.184,-0.220
2017-02-16@11:30:00,0.034,0.239,-0.205
2017-02-16@10:30:00,0.120,0.290,-0.170
2017-02-15@15:00:00,0.242,0.333,-0.091
2017-02-15@14:00:00,0.321,0.356,-0.034
2017-02-15@11:30:00,0.324,0.364,-0.040
2017-02-15@10:30:00,0.331,0.374,-0.044
2017-02-14@15:00:00,0.378,0.385,-0.007
2017-02-14@14:00:00,0.375,0.387,-0.012
2017-02-14@11:30:00,0.382,0.390,-0.008
2017-02-14@10:30:00,0.396,0.392,0.004
2017-02-13@15:00:00,0.403,0.391,0.012
2017-02-13@14:00:00,0.429,0.388,0.041
2017-02-13@11:30:00,0.435,0.378,0.057
2017-02-13@10:30:00,0.380,0.364,0.016
2017-02-10@15:00:00,0.331,0.360,-0.029
2017-02-10@14:00:00,0.369,0.367,0.002
2017-02-10@11:30:00,0.368,0.367,0.001
2017-02-10@10:30:00,0.399,0.366,0.033
2017-02-09@15:00:00,0.433,0.358,0.074
2017-02-09@14:00:00,0.394,0.339,0.054
2017-02-09@11:30:00,0.379,0.326,0.053
2017-02-09@10:30:00,0.358,0.313,0.045
2017-02-08@15:00:00,0.301,0.301,-0.000
2017-02-08@14:00:00,0.281,0.301,-0.020
2017-02-08@11:30:00,0.252,0.306,-0.054
2017-02-08@10:30:00,0.312,0.320,-0.008
2017-02-07@15:00:00,0.386,0.322,0.065
2017-02-07@14:00:00,0.423,0.306,0.117
2017-02-07@11:30:00,0.453,0.276,0.177
2017-02-07@10:30:00,0.458,0.232,0.226
2017-02-06@15:00:00,0.412,0.176,0.236
2017-02-06@14:00:00,0.366,0.117,0.249
2017-02-06@11:30:00,0.305,0.054,0.250
2017-02-06@10:30:00,0.167,-0.008,0.175
2017-02-03@15:00:00,0.082,-0.052,0.134
2017-02-03@14:00:00,0.103,-0.086,0.188
2017-02-03@11:30:00,0.084,-0.133,0.217
2017-02-03@10:30:00,0.117,-0.187,0.304
2017-01-26@15:00:00,0.107,-0.263,0.370
2017-01-26@14:00:00,0.003,-0.355,0.358
2017-01-26@11:30:00,-0.084,-0.445,0.361
2017-01-26@10:30:00,-0.131,-0.535,0.404
2017-01-25@15:00:00,-0.214,-0.636,0.422
2017-01-25@14:00:00,-0.312,-0.742,0.430
2017-01-25@11:30:00,-0.408,-0.849,0.441
2017-01-25@10:30:00,-0.530,-0.959,0.429
2017-01-24@15:00:00,-0.676,-1.066,0.390
2017-01-24@14:00:00,-0.712,-1.164,0.452
2017-01-24@11:30:00,-0.762,-1.277,0.515
2017-01-24@10:30:00,-0.816,-1.406,0.590
2017-01-23@15:00:00,-0.890,-1.553,0.663
2017-01-23@14:00:00,-1.011,-1.719,0.708
2017-01-23@11:30:00,-1.192,-1.896,0.704
2017-01-23@10:30:00,-1.381,-2.072,0.691
2017-01-20@15:00:00,-1.631,-2.245,0.614
2017-01-20@14:00:00,-1.801,-2.398,0.597
2017-01-20@11:30:00,-2.003,-2.547,0.545
2017-01-20@10:30:00,-2.217,-2.683,0.467
2017-01-19@15:00:00,-2.427,-2.800,0.373
2017-01-19@14:00:00,-2.540,-2.893,0.353
2017-01-19@11:30:00,-2.668,-2.982,0.314
2017-01-19@10:30:00,-2.856,-3.060,0.204
2017-01-18@15:00:00,-3.015,-3.111,0.096
2017-01-18@14:00:00,-3.101,-3.135,0.035
2017-01-18@11:30:00,-3.218,-3.144,-0.074
2017-01-18@10:30:00,-3.316,-3.126,-0.190
2017-01-17@15:00:00,-3.367,-3.078,-0.289
2017-01-17@14:00:00,-3.517,-3.006,-0.511
2017-01-17@11:30:00,-3.644,-2.878,-0.766
2017-01-17@10:30:00,-3.505,-2.686,-0.819
2017-01-16@15:00:00,-3.326,-2.482,-0.844
2017-01-16@14:00:00,-2.977,-2.271,-0.707
2017-01-16@11:30:00,-2.774,-2.094,-0.680
2017-01-16@10:30:00,-2.503,-1.924,-0.579
2017-01-13@15:00:00,-2.186,-1.779,-0.407
2017-01-13@14:00:00,-2.045,-1.677,-0.367
2017-01-13@11:30:00,-1.918,-1.586,-0.332
2017-01-13@10:30:00,-1.834,-1.503,-0.331
2017-01-12@15:00:00,-1.682,-1.420,-0.262
2017-01-12@14:00:00,-1.671,-1.354,-0.317
2017-01-12@11:30:00,-1.640,-1.275,-0.365
2017-01-12@10:30:00,-1.580,-1.184,-0.396
2017-01-11@15:00:00,-1.464,-1.085,-0.379
2017-01-11@14:00:00,-1.296,-0.990,-0.305
2017-01-11@11:30:00,-1.135,-0.914,-0.221
2017-01-11@10:30:00,-0.858,-0.859,0.000
2017-01-10@15:00:00,-0.870,-0.859,-0.011
2017-01-10@14:00:00,-0.874,-0.856,-0.018
2017-01-10@11:30:00,-0.890,-0.852,-0.038
2017-01-10@10:30:00,-0.938,-0.842,-0.096
2017-01-09@15:00:00,-0.953,-0.818,-0.135
2017-01-09@14:00:00,-0.948,-0.784,-0.164
2017-01-09@11:30:00,-0.931,-0.743,-0.188
2017-01-09@10:30:00,-0.945,-0.696,-0.248
2017-01-06@15:00:00,-0.909,-0.634,-0.275
2017-01-06@14:00:00,-0.861,-0.565,-0.296
2017-01-06@11:30:00,-0.787,-0.491,-0.296
2017-01-06@10:30:00,-0.697,-0.417,-0.280
2017-01-05@15:00:00,-0.548,-0.347,-0.200
2017-01-05@14:00:00,-0.450,-0.297,-0.153
2017-01-05@11:30:00,-0.345,-0.259,-0.086
2017-01-05@10:30:00,-0.209,-0.238,0.028
2017-01-04@15:00:00,-0.058,-0.245,0.186
2017-01-04@14:00:00,-0.167,-0.291,0.124
2017-01-04@11:30:00,-0.288,-0.322,0.034
2017-01-04@10:30:00,-0.391,-0.331,-0.060
2017-01-03@15:00:00,-0.405,-0.316,-0.089
2017-01-03@14:00:00,-0.425,-0.294,-0.131
2017-01-03@11:30:00,-0.403,-0.261,-0.142
2017-01-03@10:30:00,-0.386,-0.225,-0.160
2016-12-30@15:00:00,-0.354,-0.185,-0.169
2016-12-30@14:00:00,-0.254,-0.143,-0.111
2016-12-30@11:30:00,-0.194,-0.115,-0.079
2016-12-30@10:30:00,-0.065,-0.096,0.031
2016-12-29@15:00:00,0.027,-0.103,0.130
2016-12-29@14:00:00,0.070,-0.136,0.206
2016-12-29@11:30:00,0.060,-0.187,0.247
2016-12-29@10:30:00,0.025,-0.249,0.275
2016-12-28@15:00:00,-0.003,-0.318,0.315
2016-12-28@14:00:00,-0.036,-0.396,0.361
2016-12-28@11:30:00,-0.116,-0.487,0.370
2016-12-28@10:30:00,-0.204,-0.579,0.375
2016-12-27@15:00:00,-0.296,-0.673,0.377
2016-12-27@14:00:00,-0.393,-0.767,0.374
2016-12-27@11:30:00,-0.499,-0.861,0.361
2016-12-27@10:30:00,-0.655,-0.951,0.296
2016-12-26@15:00:00,-0.851,-1.025,0.174
2016-12-26@14:00:00,-0.985,-1.068,0.083
2016-12-26@11:30:00,-1.048,-1.089,0.041
2016-12-26@10:30:00,-1.023,-1.099,0.076
2016-12-23@15:00:00,-0.935,-1.118,0.183
2016-12-23@14:00:00,-0.963,-1.164,0.201
2016-12-23@11:30:00,-0.953,-1.215,0.262
2016-12-23@10:30:00,-0.943,-1.280,0.337
2016-12-22@15:00:00,-0.962,-1.364,0.402
2016-12-22@14:00:00,-1.067,-1.465,0.398
2016-12-22@11:30:00,-1.213,-1.564,0.352
2016-12-22@10:30:00,-1.318,-1.652,0.334
2016-12-21@15:00:00,-1.420,-1.736,0.316
2016-12-21@14:00:00,-1.578,-1.815,0.236
2016-12-21@11:30:00,-1.696,-1.874,0.178
2016-12-21@10:30:00,-1.789,-1.918,0.129
2016-12-20@15:00:00,-1.935,-1.950,0.016
2016-12-20@14:00:00,-1.954,-1.954,-0.000
2016-12-20@11:30:00,-1.905,-1.954,0.049
2016-12-20@10:30:00,-1.915,-1.967,0.052
2016-12-19@15:00:00,-1.965,-1.979,0.014
2016-12-19@14:00:00,-1.929,-1.983,0.054
2016-12-19@11:30:00,-1.883,-1.997,0.113
2016-12-19@10:30:00,-1.804,-2.025,0.220
2016-12-16@15:00:00,-1.750,-2.080,0.330
2016-12-16@14:00:00,-1.871,-2.163,0.292
2016-12-16@11:30:00,-1.948,-2.235,0.288
2016-12-16@10:30:00,-2.027,-2.307,0.281
2016-12-15@15:00:00,-2.147,-2.377,0.231
2016-12-15@14:00:00,-2.186,-2.435,0.250
2016-12-15@11:30:00,-2.259,-2.497,0.238
2016-12-15@10:30:00,-2.449,-2.557,0.108
2016-12-14@15:00:00,-2.625,-2.584,-0.041
2016-12-14@14:00:00,-2.619,-2.574,-0.045
2016-12-14@11:30:00,-2.720,-2.562,-0.158
2016-12-14@10:30:00,-2.835,-2.523,-0.312
2016-12-13@15:00:00,-2.826,-2.445,-0.381
2016-12-13@14:00:00,-2.965,-2.350,-0.615
2016-12-13@11:30:00,-2.925,-2.196,-0.729
2016-12-13@10:30:00,-2.664,-2.014,-0.650
2016-12-12@15:00:00,-2.296,-1.851,-0.445
2016-12-12@14:00:00,-2.146,-1.740,-0.406
2016-12-12@11:30:00,-2.025,-1.638,-0.387
2016-12-12@10:30:00,-1.927,-1.542,-0.386
2016-12-09@15:00:00,-1.765,-1.445,-0.320
2016-12-09@14:00:00,-1.710,-1.365,-0.345
2016-12-09@11:30:00,-1.773,-1.279,-0.494
2016-12-09@10:30:00,-1.718,-1.155,-0.562
2016-12-08@15:00:00,-1.580,-1.015,-0.565
2016-12-08@14:00:00,-1.458,-0.873,-0.584
2016-12-08@11:30:00,-1.360,-0.727,-0.633
2016-12-08@10:30:00,-1.276,-0.569,-0.707
2016-12-07@15:00:00,-1.189,-0.393,-0.797
2016-12-07@14:00:00,-1.157,-0.193,-0.964
2016-12-07@11:30:00,-1.017,0.048,-1.065
2016-12-07@10:30:00,-0.789,0.314,-1.103
2016-12-06@15:00:00,-0.386,0.590,-0.975
2016-12-06@14:00:00,-0.191,0.833,-1.024
2016-12-06@11:30:00,-0.039,1.089,-1.128
2016-12-06@10:30:00,0.151,1.371,-1.220
2016-12-05@15:00:00,0.423,1.677,-1.253
2016-12-05@14:00:00,0.745,1.990,-1.245
2016-12-05@11:30:00,1.145,2.301,-1.156
2016-12-05@10:30:00,1.605,2.590,-0.985
2016-12-02@15:00:00,1.994,2.837,-0.842
2016-12-02@14:00:00,2.454,3.047,-0.593
2016-12-02@11:30:00,2.854,3.195,-0.341
2016-12-02@10:30:00,3.373,3.281,0.092
2016-12-01@15:00:00,3.748,3.258,0.490
2016-12-01@14:00:00,3.901,3.135,0.766
2016-12-01@11:30:00,3.909,2.944,0.966
2016-12-01@10:30:00,3.820,2.702,1.117
2016-11-30@15:00:00,3.635,2.423,1.212
2016-11-30@14:00:00,3.283,2.120,1.163
2016-11-30@11:30:00,2.772,1.829,0.943
2016-11-30@10:30:00,2.233,1.594,0.639
2016-10-13@15:00:00,1.300,1.434,-0.133
2016-10-13@14:00:00,1.271,1.467,-0.196
2016-10-13@11:30:00,1.369,1.516,-0.147
2016-10-13@10:30:00,1.432,1.553,-0.121
2016-10-12@15:00:00,1.441,1.583,-0.142
2016-10-12@14:00:00,1.530,1.618,-0.088
2016-10-12@11:30:00,1.677,1.640,0.037
2016-10-12@10:30:00,1.743,1.631,0.112
2016-10-11@15:00:00,1.705,1.603,0.102
2016-10-11@14:00:00,1.724,1.578,0.146
2016-10-11@11:30:00,1.741,1.541,0.200
2016-10-11@10:30:00,1.702,1.491,0.211
2016-10-10@15:00:00,1.694,1.438,0.255
2016-10-10@14:00:00,1.577,1.374,0.203
2016-10-10@11:30:00,1.433,1.324,0.109
2016-10-10@10:30:00,1.281,1.297,-0.015
2016-09-30@15:00:00,1.204,1.300,-0.096
2016-09-30@14:00:00,1.221,1.324,-0.104
2016-09-30@11:30:00,1.248,1.350,-0.102
2016-09-30@10:30:00,1.310,1.376,-0.066
2016-09-29@15:00:00,1.365,1.393,-0.027
2016-09-29@14:00:00,1.443,1.399,0.044
2016-09-29@11:30:00,1.499,1.388,0.110
2016-09-29@10:30:00,1.477,1.361,0.116
2016-09-28@15:00:00,1.448,1.332,0.116
2016-09-28@14:00:00,1.389,1.303,0.087
2016-09-28@11:30:00,1.268,1.281,-0.013
2016-09-28@10:30:00,1.037,1.284,-0.247
2016-09-27@15:00:00,0.821,1.346,-0.525
2016-09-27@14:00:00,nan,nan,nan
2016-09-27@11:30:00,nan,nan,nan
2016-09-27@10:30:00,nan,nan,nan
2016-09-26@15:00:00,nan,nan,nan
2016-09-26@14:00:00,nan,nan,nan
2016-09-26@11:30:00,nan,nan,nan
2016-09-26@10:30:00,nan,nan,nan
2016-09-23@15:00:00,nan,nan,nan
2016-09-23@14:00:00,nan,nan,nan
2016-09-23@11:30:00,nan,nan,nan
2016-09-23@10:30:00,nan,nan,nan
2016-09-22@15:00:00,nan,nan,nan
2016-09-22@14:00:00,nan,nan,nan
2016-09-22@11:30:00,nan,nan,nan
2016-09-22@10:30:00,nan,nan,nan
2016-09-21@15:00:00,nan,nan,nan
2016-09-21@14:00:00,nan,nan,nan
2016-09-21@11:30:00,nan,nan,nan
2016-09-21@10:30:00,nan,nan,nan
2016-09-20@15:00:00,nan,nan,nan
2016-09-20@14:00:00,nan,nan,nan
2016-09-20@11:30:00,nan,nan,nan
2016-09-20@10:30:00,nan,nan,nan
2016-09-19@15:00:00,nan,nan,nan
2016-09-19@14:00:00,nan,nan,nan
2016-09-19@11:30:00,nan,nan,nan
2016-09-19@10:30:00,nan,nan,nan
2016-09-14@15:00:00,nan,nan,nan
2016-09-14@14:00:00,nan,nan,nan
2016-09-14@11:30:00,nan,nan,nan
2016-09-14@10:30:00,nan,nan,nan
2016-09-13@15:00:00,nan,nan,nan
2016-09-13@14:00:00,nan,nan,nan
