2017-03-17@15:00:00,28.209,27.344,26.479
2017-03-17@14:00:00,28.134,27.288,26.442
2017-03-17@11:30:00,27.876,27.221,26.567
2017-03-17@10:30:00,27.660,27.171,26.683
2017-03-16@15:00:00,27.351,27.120,26.890
2017-03-16@14:00:00,27.371,27.125,26.879
2017-03-16@11:30:00,27.366,27.123,26.880
2017-03-16@10:30:00,27.361,27.119,26.876
2017-03-15@15:00:00,27.356,27.114,26.872
2017-03-15@14:00:00,27.374,27.119,26.863
2017-03-15@11:30:00,27.434,27.136,26.838
2017-03-15@10:30:00,27.465,27.144,26.823
2017-03-14@15:00:00,27.497,27.154,26.811
2017-03-14@14:00:00,27.814,27.212,26.610
2017-03-14@11:30:00,27.941,27.258,26.574
2017-03-14@10:30:00,28.058,27.307,26.556
2017-03-13@15:00:00,28.174,27.354,26.534
2017-03-13@14:00:00,28.292,27.407,26.521
2017-03-13@11:30:00,28.344,27.451,26.557
2017-03-13@10:30:00,28.405,27.503,26.601
2017-03-10@15:00:00,28.402,27.539,26.676
2017-03-10@14:00:00,28.446,27.606,26.766
2017-03-10@11:30:00,28.515,27.662,26.808
2017-03-10@10:30:00,28.629,27.729,26.829
2017-03-09@15:00:00,28.659,27.786,26.912
2017-03-09@14:00:00,28.871,27.868,26.865
2017-03-09@11:30:00,28.933,27.936,26.939
2017-03-09@10:30:00,28.908,27.988,27.069
2017-03-08@15:00:00,28.863,28.042,27.221
2017-03-08@14:00:00,29.065,28.139,27.214
2017-03-08@11:30:00,29.050,28.149,27.249
2017-03-08@10:30:00,29.052,28.148,27.245
2017-03-07@15:00:00,29.193,28.107,27.022
2017-03-07@14:00:00,29.280,28.025,26.770
2017-03-07@11:30:00,29.366,27.953,26.540
2017-03-07@10:30:00,29.412,27.882,26.352
2017-03-06@15:00:00,29.419,27.814,26.210
2017-03-06@14:00:00,29.399,27.747,26.095
2017-03-06@11:30:00,29.383,27.701,26.020
2017-03-06@10:30:00,29.347,27.661,25.975
2017-03-03@15:00:00,29.337,27.644,25.952
2017-03-03@14:00:00,29.289,27.612,25.936
2017-03-03@11:30:00,29.236,27.584,25.933
2017-03-03@10:30:00,29.126,27.531,25.936
2017-03-02@15:00:00,29.054,27.489,25.924
2017-03-02@14:00:00,28.797,27.392,25.988
2017-03-02@11:30:00,28.622,27.320,26.019
2017-03-02@10:30:00,28.527,27.243,25.960
2017-03-01@15:00:00,28.403,27.173,25.943
2017-03-01@14:00:00,27.805,27.052,26.300
2017-03-01@11:30:00,27.715,27.004,26.293
2017-03-01@10:30:00,27.664,26.969,26.273
2017-02-28@15:00:00,27.659,26.980,26.300
2017-02-28@14:00:00,27.661,26.978,26.294
2017-02-28@11:30:00,27.650,26.988,26.325
2017-02-28@10:30:00,27.645,26.993,26.340
2017-02-27@15:00:00,27.653,26.985,26.316
2017-02-27@14:00:00,27.662,26.972,26.281
2017-02-27@11:30:00,27.673,26.943,26.212
2017-02-27@10:30:00,27.642,26.915,26.188
2017-02-24@15:00:00,27.623,26.909,26.194
2017-02-24@14:00:00,27.570,26.895,26.219
2017-02-24@11:30:00,27.458,26.870,26.281
2017-02-24@10:30:00,27.409,26.858,26.307
2017-02-23@15:00:00,27.429,26.862,26.295
2017-02-23@14:00:00,27.443,26.867,26.291
2017-02-23@11:30:00,27.473,26.876,26.279
2017-02-23@10:30:00,27.524,26.913,26.301
2017-02-22@15:00:00,27.564,26.939,26.314
2017-02-22@14:00:00,27.615,26.963,26.311
2017-02-22@11:30:00,27.711,27.010,26.308
2017-02-22@10:30:00,27.823,27.063,26.302
2017-02-21@15:00:00,27.928,27.111,26.294
2017-02-21@14:00:00,28.007,27.171,26.336
2017-02-21@11:30:00,28.067,27.221,26.376
2017-02-21@10:30:00,28.155,27.285,26.415
2017-02-20@15:00:00,28.202,27.352,26.503
2017-02-20@14:00:00,28.321,27.443,26.565
2017-02-20@11:30:00,28.346,27.534,26.723
2017-02-20@10:30:00,28.392,27.615,26.839
2017-02-17@15:00:00,28.407,27.650,26.893
2017-02-17@14:00:00,28.409,27.674,26.939
2017-02-17@11:30:00,28.409,27.707,27.005
2017-02-17@10:30:00,28.408,27.740,27.071
2017-02-16@15:00:00,28.413,27.757,27.101
2017-02-16@14:00:00,28.386,27.781,27.176
2017-02-16@11:30:00,28.368,27.793,27.219
2017-02-16@10:30:00,28.350,27.804,27.259
2017-02-15@15:00:00,28.317,27.822,27.328
2017-02-15@14:00:00,28.311,27.825,27.339
2017-02-15@11:30:00,28.340,27.808,27.277
2017-02-15@10:30:00,28.385,27.776,27.168
2017-02-14@15:00:00,28.396,27.750,27.105
2017-02-14@14:00:00,28.393,27.730,27.067
2017-02-14@11:30:00,28.391,27.713,27.035
2017-02-14@10:30:00,28.364,27.686,27.009
2017-02-13@15:00:00,28.338,27.660,26.982
2017-02-13@14:00:00,28.221,27.625,27.030
2017-02-13@11:30:00,28.115,27.592,27.070
2017-02-13@10:30:00,27.962,27.551,27.141
2017-02-10@15:00:00,27.924,27.520,27.116
2017-02-10@14:00:00,27.913,27.491,27.070
2017-02-10@11:30:00,27.897,27.447,26.998
2017-02-10@10:30:00,27.861,27.400,26.939
2017-02-09@15:00:00,27.810,27.360,26.911
2017-02-09@14:00:00,27.780,27.326,26.873
2017-02-09@11:30:00,27.763,27.298,26.833
2017-02-09@10:30:00,27.741,27.270,26.799
2017-02-08@15:00:00,27.691,27.240,26.790
2017-02-08@14:00:00,27.675,27.218,26.761
2017-02-08@11:30:00,27.674,27.198,26.722
2017-02-08@10:30:00,27.680,27.186,26.692
2017-02-07@15:00:00,27.683,27.161,26.639
2017-02-07@14:00:00,27.655,27.141,26.627
2017-02-07@11:30:00,27.631,27.111,26.591
2017-02-07@10:30:00,27.603,27.073,26.543
2017-02-06@15:00:00,27.560,27.048,26.536
2017-02-06@14:00:00,27.434,27.010,26.586
2017-02-06@11:30:00,27.308,26.973,26.638
2017-02-06@10:30:00,27.197,26.951,26.706
2017-02-03@15:00:00,27.197,26.951,26.706
2017-02-03@14:00:00,27.207,26.953,26.700
2017-02-03@11:30:00,27.283,26.973,26.664
2017-02-03@10:30:00,27.386,27.002,26.619
2017-01-26@15:00:00,27.391,27.006,26.621
2017-01-26@14:00:00,27.402,27.013,26.624
2017-01-26@11:30:00,27.409,27.018,26.628
2017-01-26@10:30:00,27.452,27.037,26.622
2017-01-25@15:00:00,27.451,27.036,26.620
2017-01-25@14:00:00,27.720,27.093,26.466
2017-01-25@11:30:00,27.745,27.115,26.485
2017-01-25@10:30:00,27.843,27.160,26.476
2017-01-24@15:00:00,27.985,27.223,26.461
2017-01-24@14:00:00,27.985,27.223,26.461
2017-01-24@11:30:00,27.978,27.231,26.484
2017-01-24@10:30:00,28.032,27.212,26.391
2017-01-23@15:00:00,28.037,27.206,26.374
2017-01-23@14:00:00,28.037,27.204,26.371
2017-01-23@11:30:00,28.036,27.207,26.378
2017-01-23@10:30:00,28.046,27.220,26.393
2017-01-20@15:00:00,28.151,27.258,26.364
2017-01-20@14:00:00,28.218,27.290,26.361
2017-01-20@11:30:00,28.320,27.327,26.333
2017-01-20@10:30:00,28.439,27.365,26.291
2017-01-19@15:00:00,28.543,27.420,26.297
2017-01-19@14:00:00,28.618,27.468,26.317
2017-01-19@11:30:00,28.752,27.537,26.321
2017-01-19@10:30:00,28.943,27.610,26.277
2017-01-18@15:00:00,29.111,27.703,26.294
2017-01-18@14:00:00,29.215,27.737,26.258
2017-01-18@11:30:00,29.455,27.836,26.217
2017-01-18@10:30:00,29.629,27.907,26.184
2017-01-17@15:00:00,29.753,27.958,26.162
2017-01-17@14:00:00,29.834,28.052,26.269
2017-01-17@11:30:00,29.902,28.152,26.401
2017-01-17@10:30:00,29.883,28.298,26.713
2017-01-16@15:00:00,29.851,28.406,26.961
2017-01-16@14:00:00,29.965,28.557,27.148
2017-01-16@11:30:00,30.015,28.706,27.397
2017-01-16@10:30:00,30.114,28.845,27.575
2017-01-13@15:00:00,30.368,28.970,27.571
2017-01-13@14:00:00,30.516,29.095,27.674
2017-01-13@11:30:00,30.656,29.209,27.761
2017-01-13@10:30:00,30.839,29.328,27.817
2017-01-12@15:00:00,31.025,29.463,27.901
2017-01-12@14:00:00,31.114,29.596,28.077
2017-01-12@11:30:00,31.212,29.709,28.205
2017-01-12@10:30:00,31.303,29.802,28.300
2017-01-11@15:00:00,31.365,29.889,28.413
2017-01-11@14:00:00,31.352,29.959,28.566
2017-01-11@11:30:00,31.368,30.002,28.636
2017-01-11@10:30:00,31.368,30.052,28.736
2017-01-10@15:00:00,31.339,30.103,28.867
2017-01-10@14:00:00,31.262,30.156,29.049
2017-01-10@11:30:00,31.176,30.196,29.216
2017-01-10@10:30:00,31.138,30.212,29.285
2017-01-09@15:00:00,31.020,30.246,29.471
2017-01-09@14:00:00,31.038,30.233,29.427
2017-01-09@11:30:00,31.068,30.213,29.357
2017-01-09@10:30:00,31.121,30.173,29.224
2017-01-06@15:00:00,31.105,30.121,29.136
2017-01-06@14:00:00,31.091,30.079,29.066
2017-01-06@11:30:00,31.061,30.046,29.030
2017-01-06@10:30:00,30.985,29.992,28.999
2017-01-05@15:00:00,30.849,29.920,28.991
2017-01-05@14:00:00,30.730,29.879,29.027
2017-01-05@11:30:00,30.618,29.850,29.081
2017-01-05@10:30:00,30.483,29.781,29.079
2017-01-04@15:00:00,30.330,29.719,29.108
2017-01-04@14:00:00,30.280,29.668,29.056
2017-01-04@11:30:00,30.219,29.616,29.013
2017-01-04@10:30:00,30.135,29.566,28.997
2017-01-03@15:00:00,30.062,29.519,28.976
2017-01-03@14:00:00,30.004,29.488,28.971
2017-01-03@11:30:00,30.006,29.443,28.880
2017-01-03@10:30:00,30.014,29.414,28.814
2016-12-30@15:00:00,30.009,29.379,28.748
2016-12-30@14:00:00,29.980,29.358,28.736
2016-12-30@11:30:00,29.969,29.351,28.732
2016-12-30@10:30:00,29.974,29.357,28.739
2016-12-29@15:00:00,29.967,29.351,28.735
2016-12-29@14:00:00,29.976,29.355,28.734
2016-12-29@11:30:00,29.972,29.354,28.736
2016-12-29@10:30:00,29.987,29.359,28.731
2016-12-28@15:00:00,29.977,29.348,28.719
2016-12-28@14:00:00,29.899,29.323,28.747
2016-12-28@11:30:00,29.732,29.290,28.847
2016-12-28@10:30:00,29.742,29.296,28.849
2016-12-27@15:00:00,29.869,29.327,28.785
2016-12-27@14:00:00,29.966,29.366,28.765
2016-12-27@11:30:00,30.074,29.411,28.748
2016-12-27@10:30:00,30.171,29.456,28.740
2016-12-26@15:00:00,30.258,29.504,28.749
2016-12-26@14:00:00,30.327,29.542,28.756
2016-12-26@11:30:00,30.382,29.608,28.833
2016-12-26@10:30:00,30.431,29.672,28.913
2016-12-23@15:00:00,30.436,29.735,29.033
2016-12-23@14:00:00,30.491,29.788,29.085
2016-12-23@11:30:00,30.533,29.833,29.133
2016-12-23@10:30:00,30.560,29.874,29.187
2016-12-22@15:00:00,30.560,29.911,29.262
2016-12-22@14:00:00,30.574,29.902,29.229
2016-12-22@11:30:00,30.589,29.887,29.185
2016-12-22@10:30:00,30.591,29.882,29.173
2016-12-21@15:00:00,30.567,29.893,29.219
2016-12-21@14:00:00,30.631,29.871,29.111
2016-12-21@11:30:00,30.655,29.857,29.059
2016-12-21@10:30:00,30.689,29.839,28.989
2016-12-20@15:00:00,30.712,29.788,28.864
2016-12-20@14:00:00,30.700,29.756,28.811
2016-12-20@11:30:00,30.670,29.720,28.770
2016-12-20@10:30:00,30.640,29.673,28.706
2016-12-19@15:00:00,30.591,29.632,28.673
2016-12-19@14:00:00,30.545,29.588,28.631
2016-12-19@11:30:00,30.467,29.536,28.604
2016-12-19@10:30:00,30.378,29.504,28.629
2016-12-16@15:00:00,30.512,29.531,28.549
2016-12-16@14:00:00,30.875,29.593,28.311
2016-12-16@11:30:00,31.353,29.686,28.018
2016-12-16@10:30:00,31.899,29.806,27.713
2016-12-15@15:00:00,32.084,29.874,27.663
2016-12-15@14:00:00,32.382,30.003,27.623
2016-12-15@11:30:00,32.733,30.153,27.573
2016-12-15@10:30:00,33.053,30.298,27.542
2016-12-14@15:00:00,33.373,30.460,27.546
2016-12-14@14:00:00,33.731,30.672,27.612
2016-12-14@11:30:00,34.051,30.874,27.697
2016-12-14@10:30:00,34.243,31.065,27.886
2016-12-13@15:00:00,34.384,31.261,28.137
2016-12-13@14:00:00,34.608,31.472,28.336
2016-12-13@11:30:00,34.802,31.687,28.572
2016-12-13@10:30:00,34.947,31.924,28.901
2016-12-12@15:00:00,34.941,32.122,29.303
2016-12-12@14:00:00,34.828,32.322,29.816
2016-12-12@11:30:00,34.583,32.523,30.462
2016-12-12@10:30:00,34.316,32.715,31.114
2016-12-09@15:00:00,34.150,32.837,31.523
2016-12-09@14:00:00,34.104,32.921,31.738
2016-12-09@11:30:00,34.102,32.976,31.850
2016-12-09@10:30:00,34.130,33.010,31.889
2016-12-08@15:00:00,33.977,33.106,32.235
2016-12-08@14:00:00,33.985,33.205,32.424
2016-12-08@11:30:00,33.999,33.273,32.546
2016-12-08@10:30:00,33.940,33.309,32.677
2016-12-07@15:00:00,33.927,33.314,32.700
2016-12-07@14:00:00,33.990,33.278,32.565
2016-12-07@11:30:00,34.027,33.241,32.454
2016-12-07@10:30:00,34.063,33.220,32.377
2016-12-06@15:00:00,34.077,33.207,32.337
2016-12-06@14:00:00,34.149,33.126,32.103
2016-12-06@11:30:00,34.130,33.050,31.970
2016-12-06@10:30:00,34.042,32.963,31.884
2016-12-05@15:00:00,34.033,32.909,31.784
2016-12-05@14:00:00,34.024,32.855,31.686
2016-12-05@11:30:00,33.995,32.814,31.632
2016-12-05@10:30:00,33.964,32.726,31.488
2016-12-02@15:00:00,33.976,32.645,31.313
2016-12-02@14:00:00,33.917,32.578,31.238
2016-12-02@11:30:00,33.855,32.509,31.162
2016-12-02@10:30:00,33.763,32.439,31.114
2016-12-01@15:00:00,33.634,32.365,31.095
2016-12-01@14:00:00,33.321,32.280,31.239
2016-12-01@11:30:00,32.983,32.198,31.412
2016-12-01@10:30:00,32.791,32.152,31.512
2016-11-30@15:00:00,32.686,32.104,31.521
2016-11-30@14:00:00,32.639,32.083,31.527
2016-11-30@11:30:00,32.582,32.062,31.541
2016-11-30@10:30:00,32.540,32.018,31.496
2016-10-13@15:00:00,32.495,31.948,31.400
2016-10-13@14:00:00,32.558,31.910,31.261
2016-10-13@11:30:00,32.579,31.861,31.142
2016-10-13@10:30:00,32.580,31.811,31.042
2016-10-12@15:00:00,32.549,31.769,30.989
2016-10-12@14:00:00,32.515,31.731,30.947
2016-10-12@11:30:00,32.429,31.689,30.948
2016-10-12@10:30:00,32.424,31.678,30.932
2016-10-11@15:00:00,32.424,31.674,30.924
2016-10-11@14:00:00,32.455,31.618,30.781
2016-10-11@11:30:00,32.483,31.562,30.641
2016-10-11@10:30:00,32.453,31.522,30.591
2016-10-10@15:00:00,32.484,31.446,30.408
2016-10-10@14:00:00,32.382,31.369,30.356
2016-10-10@11:30:00,32.291,31.297,30.303
2016-10-10@10:30:00,32.151,31.208,30.265
2016-09-30@15:00:00,32.088,31.141,30.194
2016-09-30@14:00:00,31.933,31.083,30.232
2016-09-30@11:30:00,31.965,31.088,30.211
2016-09-30@10:30:00,32.317,31.153,29.989
2016-09-29@15:00:00,32.688,31.247,29.805
2016-09-29@14:00:00,32.897,31.324,29.751
2016-09-29@11:30:00,33.088,31.403,29.718
2016-09-29@10:30:00,33.298,31.492,29.686
2016-09-28@15:00:00,33.347,31.528,29.709
2016-09-28@14:00:00,33.401,31.566,29.731
2016-09-28@11:30:00,33.466,31.606,29.746
2016-09-28@10:30:00,33.502,31.633,29.765
2016-09-27@15:00:00,33.555,31.673,29.791
2016-09-27@14:00:00,33.664,31.772,29.880
2016-09-27@11:30:00,33.818,31.896,29.975
2016-09-27@10:30:00,33.970,32.004,30.038
2016-09-26@15:00:00,34.028,32.145,30.262
2016-09-26@14:00:00,34.199,32.300,30.401
2016-09-26@11:30:00,34.243,32.438,30.632
2016-09-26@10:30:00,34.306,32.612,30.918
2016-09-23@15:00:00,34.175,32.758,31.340
2016-09-23@14:00:00,34.000,32.815,31.630
2016-09-23@11:30:00,34.033,32.795,31.558
2016-09-23@10:30:00,34.061,32.735,31.409
2016-09-22@15:00:00,34.032,32.680,31.328
2016-09-22@14:00:00,34.028,32.675,31.323
2016-09-22@11:30:00,34.037,32.682,31.328
2016-09-22@10:30:00,nan,nan,nan
2016-09-21@15:00:00,nan,nan,nan
2016-09-21@14:00:00,nan,nan,nan
2016-09-21@11:30:00,nan,nan,nan
2016-09-21@10:30:00,nan,nan,nan
2016-09-20@15:00:00,nan,nan,nan
2016-09-20@14:00:00,nan,nan,nan
2016-09-20@11:30:00,nan,nan,nan
2016-09-20@10:30:00,nan,nan,nan
2016-09-19@15:00:00,nan,nan,nan
2016-09-19@14:00:00,nan,nan,nan
2016-09-19@11:30:00,nan,nan,nan
2016-09-19@10:30:00,nan,nan,nan
2016-09-14@15:00:00,nan,nan,nan
2016-09-14@14:00:00,nan,nan,nan
2016-09-14@11:30:00,nan,nan,nan
2016-09-14@10:30:00,nan,nan,nan
2016-09-13@15:00:00,nan,nan,nan
2016-09-13@14:00:00,nan,nan,nan
