2017-06-30,25.869,19.310,12.750
2017-06-29,26.286,19.536,12.785
2017-06-28,26.577,19.709,12.841
2017-06-27,27.069,19.984,12.898
2017-06-26,27.462,20.339,13.215
2017-06-23,27.754,20.685,13.616
2017-06-22,27.962,21.045,14.127
2017-06-21,28.032,21.382,14.731
2017-06-20,28.256,21.778,15.299
2017-06-19,28.480,22.218,15.956
2017-06-16,28.548,22.623,16.698
2017-06-15,28.509,23.041,17.572
2017-06-14,28.260,23.447,18.633
2017-06-13,27.684,23.814,19.944
2017-06-12,25.854,24.226,22.598
2017-06-09,25.876,24.249,22.621
2017-06-08,25.877,24.249,22.621
2017-06-07,25.884,24.253,22.621
2017-06-06,25.875,24.247,22.618
2017-06-05,25.938,24.308,22.677
2017-06-02,26.032,24.396,22.759
2017-06-01,26.116,24.519,22.922
2017-05-31,26.090,24.685,23.280
2017-05-26,26.105,24.735,23.364
2017-05-25,26.135,24.718,23.301
2017-05-24,26.178,24.700,23.221
2017-05-23,26.258,24.666,23.074
2017-05-22,26.414,24.620,22.826
2017-05-19,26.410,24.617,22.824
2017-05-18,26.319,24.581,22.842
2017-05-17,26.289,24.567,22.844
2017-05-16,26.319,24.576,22.832
2017-05-15,26.545,24.637,22.728
2017-05-12,27.341,24.830,22.319
2017-05-11,27.839,25.005,22.171
2017-05-10,28.480,25.222,21.963
2017-05-09,29.103,25.439,21.775
2017-05-08,29.595,25.647,21.699
2017-05-05,30.264,25.929,21.593
2017-05-04,30.857,26.189,21.520
2017-05-03,31.306,26.413,21.519
2017-05-02,31.594,26.587,21.580
2017-04-28,31.846,26.746,21.645
2017-04-27,32.273,27.014,21.755
2017-04-26,32.707,27.396,22.084
2017-04-25,33.045,27.801,22.556
2017-04-24,33.389,28.265,23.141
2017-04-21,33.357,28.755,24.152
2017-04-20,33.478,29.098,24.717
2017-04-19,33.486,29.432,25.378
2017-04-18,33.333,29.760,26.187
2017-04-17,33.128,30.044,26.959
2017-04-14,32.919,30.280,27.641
2017-04-13,32.916,30.410,27.904
2017-04-12,32.780,30.553,28.325
2017-04-11,32.734,30.659,28.584
2017-04-10,32.690,30.738,28.786
2017-04-07,32.635,30.858,29.081
2017-04-06,32.746,30.953,29.160
2017-04-05,32.856,31.050,29.243
2017-03-31,32.877,31.151,29.424
2017-03-30,32.705,31.271,29.836
2017-03-29,32.384,31.396,30.408
2017-03-28,32.345,31.471,30.597
2017-03-27,32.413,31.514,30.614
2017-03-24,32.412,31.502,30.592
2017-03-23,32.303,31.471,30.639
2017-03-22,32.211,31.427,30.643
2017-03-21,32.194,31.415,30.636
2017-03-20,32.177,31.400,30.622
2017-03-17,32.187,31.364,30.541
2017-03-16,32.221,31.327,30.433
2017-03-15,32.261,31.354,30.447
2017-03-14,33.154,31.529,29.904
2017-03-13,34.082,31.764,29.446
2017-03-10,34.568,31.955,29.342
2017-03-09,34.909,32.144,29.379
2017-03-08,35.204,32.299,29.393
2017-03-07,35.244,32.339,29.433
2017-03-06,35.264,32.362,29.459
2017-03-03,35.315,32.418,29.520
2017-03-02,35.341,32.477,29.613
2017-03-01,35.347,32.515,29.682
2017-02-28,35.355,32.538,29.721
2017-02-27,35.359,32.548,29.737
2017-02-24,35.345,32.594,29.843
2017-02-23,35.344,32.608,29.872
2017-02-22,35.325,32.647,29.968
2017-02-21,35.386,32.750,30.114
2017-02-20,35.358,32.790,30.221
2017-02-17,35.279,32.879,30.478
2017-02-16,35.578,33.134,30.689
2017-02-15,36.202,33.385,30.568
2017-02-14,36.102,33.331,30.560
2017-02-13,35.876,33.259,30.641
2017-02-10,35.806,33.235,30.663
2017-02-09,35.753,33.215,30.676
2017-02-08,35.730,33.206,30.682
2017-02-07,35.746,33.232,30.717
2017-02-06,35.751,33.219,30.686
2017-02-03,35.776,33.158,30.540
2017-01-26,35.789,33.119,30.449
2017-01-25,35.831,33.074,30.316
2017-01-24,35.870,33.024,30.177
2017-01-23,35.964,32.940,29.916
2017-01-20,36.101,32.836,29.570
2017-01-19,36.191,32.746,29.301
2017-01-18,36.231,32.678,29.125
2017-01-17,36.230,32.501,28.771
2017-01-16,36.275,32.402,28.528
2017-01-13,36.263,32.294,28.325
2017-01-12,35.937,31.929,27.920
2017-01-11,35.169,31.502,27.834
2017-01-10,35.060,31.244,27.428
2017-01-09,34.789,30.944,27.099
2017-01-06,34.309,30.774,27.238
2017-01-05,33.809,30.614,27.418
2017-01-04,33.218,30.465,27.712
2017-01-03,32.774,30.331,27.888
2016-12-30,32.536,30.248,27.960
2016-12-29,32.574,30.259,27.943
2016-12-28,32.709,30.291,27.872
2016-12-27,32.939,30.354,27.768
2016-12-26,33.174,30.423,27.671
2016-12-23,33.630,30.569,27.507
2016-12-22,34.013,30.735,27.456
2016-12-21,34.203,30.848,27.493
2016-12-20,34.519,30.987,27.454
2016-12-19,34.711,31.131,27.550
2016-12-16,34.920,31.280,27.639
2016-12-15,34.975,31.351,27.726
2016-12-14,34.866,31.513,28.160
2016-12-13,34.700,31.705,28.710
2016-12-12,34.431,31.887,29.342
2016-12-09,33.902,32.088,30.273
2016-12-08,33.883,32.162,30.440
2016-12-07,33.969,32.283,30.597
2016-12-06,34.147,32.409,30.670
2016-12-05,34.096,32.544,30.991
2016-12-02,33.901,32.638,31.374
2016-12-01,33.887,32.670,31.452
2016-11-30,33.886,32.657,31.428
2016-11-29,33.881,32.638,31.394
2016-11-28,33.903,32.652,31.400
2016-11-25,33.920,32.656,31.392
2016-11-24,34.077,32.694,31.310
2016-11-23,34.114,32.724,31.334
2016-11-22,34.079,32.628,31.177
2016-11-21,34.165,32.534,30.902
2016-11-18,34.137,32.519,30.901
2016-11-17,34.409,32.418,30.426
2016-11-16,34.736,32.293,29.849
2016-11-15,35.094,32.108,29.122
2016-11-14,35.381,31.918,28.455
2016-11-11,35.517,31.740,27.962
2016-11-10,35.590,31.539,27.488
2016-11-09,35.489,31.288,27.086
2016-11-08,35.263,31.002,26.741
2016-11-07,35.125,30.703,26.280
2016-11-04,35.050,30.433,25.816
2016-11-03,34.877,30.172,25.466
2016-11-02,34.680,29.930,25.180
2016-10-28,34.457,29.672,24.887
2016-10-27,34.010,29.443,24.875
2016-10-26,33.354,29.193,25.032
2016-10-25,32.437,28.938,25.438
2016-10-24,31.663,28.728,25.792
2016-10-21,31.215,28.561,25.907
2016-10-20,30.879,28.362,25.844
2016-10-19,29.704,28.049,26.394
2016-10-18,29.468,27.884,26.300
2016-10-17,29.345,27.846,26.346
2016-10-14,29.423,27.872,26.320
2016-10-13,29.484,27.899,26.314
2016-10-12,29.563,27.926,26.288
2016-10-11,29.633,27.953,26.273
2016-10-10,29.603,27.930,26.256
2016-09-30,29.584,27.904,26.223
2016-09-29,29.582,27.919,26.256
2016-09-28,29.578,27.963,26.348
2016-09-27,29.575,27.986,26.397
2016-09-26,29.586,28.018,26.450
2016-09-23,29.566,28.039,26.511
2016-09-22,29.536,28.015,26.494
2016-09-21,29.478,27.981,26.484
2016-09-20,29.350,27.892,26.433
2016-09-19,29.221,27.836,26.451
2016-09-14,29.268,27.855,26.442
2016-09-13,29.292,27.930,26.568
2016-09-12,29.369,28.064,26.758
2016-09-09,29.360,28.066,26.772
2016-09-08,29.559,27.940,26.320
2016-09-07,29.612,27.780,25.948
2016-09-06,29.545,27.671,25.796
2016-09-05,29.390,27.544,25.697
2016-09-02,29.246,27.410,25.573
2016-09-01,29.244,27.319,25.394
2016-08-31,29.217,27.275,25.333
2016-08-30,29.198,27.205,25.212
2016-08-29,29.121,27.127,25.133
2016-08-26,29.121,27.008,24.894
2016-08-25,29.015,26.893,24.770
2016-08-24,28.960,26.815,24.669
2016-08-23,28.831,26.735,24.639
2016-08-22,28.972,26.772,24.571
2016-08-19,29.106,26.823,24.539
2016-08-18,29.181,26.847,24.513
2016-08-17,29.140,26.836,24.532
2016-08-16,29.240,26.861,24.481
2016-08-15,29.079,26.824,24.569
2016-08-12,29.414,26.953,24.492
2016-08-11,29.749,27.133,24.516
2016-08-10,30.145,27.346,24.546
2016-08-09,30.726,27.567,24.408
2016-08-08,31.689,27.878,24.067
2016-08-05,31.859,28.054,24.249
2016-08-04,31.825,28.104,24.382
2016-08-03,31.818,28.128,24.437
2016-08-02,31.787,28.190,24.593
2016-08-01,31.774,28.206,24.637
2016-07-29,31.719,28.235,24.750
2016-07-28,31.759,28.215,24.670
2016-07-27,31.819,28.183,24.547
2016-07-26,31.904,28.129,24.354
2016-07-25,31.932,27.956,23.979
2016-07-22,32.013,27.772,23.531
2016-07-21,32.096,27.559,23.022
2016-07-20,32.073,27.373,22.672
2016-07-19,31.936,27.173,22.409
2016-07-18,31.841,26.970,22.098
2016-07-15,31.614,26.744,21.873
2016-07-14,31.305,26.499,21.692
2016-07-13,30.881,26.173,21.465
2016-07-12,30.117,25.806,21.495
2016-07-11,28.484,25.311,22.137
2016-07-08,27.636,24.958,22.279
2016-07-07,27.347,24.831,22.314
2016-07-06,26.992,24.712,22.431
2016-07-05,26.471,24.560,22.648
2016-07-04,26.088,24.446,22.804
2016-07-01,25.853,24.358,22.863
2016-06-30,25.721,24.296,22.871
2016-06-29,25.601,24.204,22.806
2016-06-28,25.548,24.073,22.598
2016-06-27,25.447,23.949,22.451
2016-06-24,25.411,23.863,22.314
2016-06-23,25.447,23.785,22.123
2016-06-22,25.424,23.664,21.904
2016-06-21,25.272,23.548,21.824
2016-06-20,25.204,23.442,21.679
2016-06-17,25.075,23.325,21.574
2016-06-16,24.937,23.212,21.487
2016-06-15,24.943,23.216,21.488
2016-06-14,24.921,23.200,21.478
2016-06-13,24.922,23.210,21.498
2016-06-08,24.922,23.224,21.526
2016-06-07,24.782,23.175,21.567
2016-06-06,24.539,23.104,21.668
2016-06-03,24.367,23.052,21.736
2016-06-02,24.515,23.078,21.640
2016-06-01,25.177,23.188,21.198
2016-05-31,25.651,23.292,20.933
2016-05-30,25.914,23.389,20.863
2016-05-27,26.037,23.487,20.936
2016-05-26,26.141,23.578,21.015
2016-05-25,26.303,23.689,21.075
2016-05-24,26.456,23.827,21.197
2016-05-23,26.510,23.960,21.410
2016-05-20,26.569,24.074,21.578
2016-05-19,31.364,24.864,18.363
2016-05-18,34.167,25.647,17.127
2016-05-17,37.213,26.578,15.943
2016-05-16,39.545,27.426,15.306
2016-05-13,41.849,28.361,14.873
2016-05-12,43.463,29.237,15.011
2016-05-11,44.700,30.080,15.460
2016-05-10,45.634,30.856,16.078
2016-05-09,46.378,31.631,16.883
2016-05-06,46.868,32.372,17.876
2016-05-05,47.494,33.101,18.707
2016-05-04,48.023,33.742,19.461
2016-05-03,48.412,34.387,20.362
2016-04-29,48.525,35.038,21.551
2016-04-28,48.410,35.738,23.066
2016-04-27,48.061,36.439,24.817
2016-04-26,47.442,37.062,26.682
2016-04-25,46.683,37.793,28.902
2016-04-22,45.069,38.454,31.839
2016-04-21,41.350,39.126,36.901
2016-04-20,41.339,39.161,36.983
2016-04-19,41.340,39.235,37.130
2016-04-18,41.223,39.202,37.181
2016-04-15,41.061,39.105,37.148
2016-04-14,40.423,38.958,37.493
2016-04-13,40.509,38.739,36.968
2016-04-12,40.422,38.617,36.811
2016-04-11,40.453,38.514,36.575
2016-04-08,40.630,38.361,36.091
2016-04-07,40.817,38.227,35.636
2016-04-06,40.798,38.028,35.257
2016-04-05,40.665,37.922,35.178
2016-04-01,40.537,37.800,35.063
2016-03-31,40.713,37.596,34.478
2016-03-30,40.812,37.368,33.924
2016-03-29,40.831,37.142,33.453
2016-03-28,41.380,36.814,32.248
2016-03-25,41.561,36.321,31.081
2016-03-24,41.433,36.068,30.703
2016-03-23,41.249,35.786,30.323
2016-03-22,40.951,35.658,30.365
2016-03-21,40.546,35.517,30.487
2016-03-18,39.907,35.330,30.753
2016-03-17,39.512,35.173,30.834
2016-03-16,38.943,34.975,31.006
2016-03-15,38.871,34.934,30.996
2016-03-14,38.587,34.806,31.025
2016-03-11,38.329,34.624,30.918
2016-03-10,38.209,34.529,30.848
2016-03-09,38.111,34.452,30.792
2016-03-08,37.997,34.345,30.693
2016-03-07,37.607,34.146,30.684
2016-03-04,37.291,33.909,30.527
2016-03-03,37.278,33.788,30.298
2016-03-02,37.330,33.636,29.942
2016-03-01,37.282,33.552,29.821
2016-02-29,37.199,33.647,30.095
2016-02-26,37.306,33.974,30.642
2016-02-25,37.528,34.121,30.714
2016-02-24,37.644,34.262,30.879
2016-02-23,37.759,34.293,30.827
2016-02-22,37.879,34.324,30.768
2016-02-19,37.790,34.295,30.800
2016-02-18,37.774,34.288,30.801
2016-02-17,38.221,34.425,30.629
2016-02-16,38.337,34.474,30.611
2016-02-15,38.938,34.668,30.397
2016-02-05,39.494,34.937,30.380
2016-02-04,41.103,35.392,29.681
2016-02-03,41.920,35.747,29.573
2016-02-02,43.765,36.356,28.947
2016-02-01,44.418,36.795,29.172
2016-01-29,45.287,37.396,29.505
2016-01-28,47.162,38.245,29.328
2016-01-27,48.758,39.181,29.603
2016-01-26,50.213,40.067,29.921
2016-01-25,51.292,40.905,30.517
2016-01-22,53.082,41.715,30.347
2016-01-21,54.880,42.625,30.369
2016-01-20,55.725,43.406,31.087
2016-01-19,56.396,44.090,31.784
2016-01-18,56.639,44.639,32.638
2016-01-15,56.531,45.191,33.851
2016-01-14,56.251,45.829,35.406
2016-01-13,55.995,46.248,36.501
2016-01-12,55.325,46.704,38.082
2016-01-11,54.869,47.050,39.231
2016-01-08,54.267,47.352,40.436
2016-01-07,54.176,47.434,40.692
2016-01-06,53.803,47.685,41.566
2016-01-05,53.848,47.806,41.763
2016-01-04,53.534,48.136,42.737
2015-12-31,53.433,48.379,43.325
2015-12-30,53.467,48.401,43.335
2015-12-29,53.343,48.224,43.104
2015-12-28,53.142,48.056,42.969
2015-12-25,52.994,47.955,42.915
2015-12-24,52.422,47.483,42.544
2015-12-23,50.993,47.052,43.110
2015-12-22,50.302,46.814,43.325
2015-12-21,49.645,46.597,43.548
2015-12-18,49.755,46.314,42.872
2015-12-17,49.778,46.141,42.503
2015-12-16,49.755,45.857,41.959
2015-12-15,50.202,45.549,40.895
2015-12-14,50.295,45.375,40.455
2015-12-11,50.258,45.268,40.278
2015-12-10,50.248,45.225,40.201
2015-12-09,50.665,45.429,40.192
2015-12-08,50.619,45.391,40.162
2015-12-07,50.387,45.080,39.772
2015-12-04,49.958,44.783,39.608
2015-12-03,49.491,44.376,39.261
2015-12-02,48.970,43.860,38.750
2015-12-01,48.817,43.550,38.282
2015-11-30,48.582,43.162,37.741
2015-11-27,48.312,42.624,36.935
2015-11-26,48.587,42.274,35.960
2015-11-25,48.450,41.812,35.174
2015-11-24,48.058,41.295,34.532
2015-11-23,47.725,40.700,33.674
2015-11-20,47.828,40.272,32.716
2015-11-19,47.732,39.768,31.804
2015-11-18,47.739,39.283,30.826
2015-11-17,47.955,38.858,29.761
2015-11-16,47.647,38.514,29.381
2015-11-13,47.058,38.083,29.107
2015-11-12,46.307,37.696,29.085
2015-11-11,44.103,36.920,29.737
2015-11-10,42.612,36.265,29.918
2015-11-09,41.769,35.850,29.931
2015-11-06,40.536,35.387,30.238
2015-11-05,39.690,34.949,30.207
2015-11-04,39.106,34.620,30.133
2015-11-03,38.261,34.150,30.039
2015-11-02,37.483,33.735,29.987
2015-10-30,37.489,33.305,29.120
2015-10-29,37.337,32.925,28.512
2015-10-28,37.209,32.485,27.761
2015-10-27,36.732,32.198,27.663
2015-10-26,36.507,31.986,27.465
2015-10-23,36.296,31.785,27.273
2015-10-22,36.139,31.591,27.042
2015-10-21,36.118,31.375,26.632
2015-10-20,36.176,31.193,26.209
2015-10-19,35.686,30.842,25.998
2015-10-16,35.382,30.380,25.378
2015-10-15,34.410,29.914,25.417
2015-10-14,33.980,29.741,25.502
2015-10-13,33.686,29.599,25.511
2015-10-12,33.140,29.441,25.741
2015-10-09,32.479,29.227,25.974
2015-10-08,32.103,28.993,25.882
2015-10-07,31.613,28.680,25.747
2015-09-30,31.385,28.509,25.632
2015-09-29,31.267,28.476,25.684
2015-09-28,32.074,28.706,25.338
2015-09-25,32.407,28.842,25.277
2015-09-24,32.559,28.988,25.416
2015-09-23,32.440,28.914,25.388
2015-09-22,32.748,29.009,25.270
2015-09-21,33.971,29.288,24.605
2015-09-18,35.276,29.636,23.996
2015-09-17,37.290,30.205,23.119
2015-09-16,38.733,30.764,22.795
2015-09-15,41.099,31.534,21.968
2015-09-14,43.321,32.506,21.691
2015-09-11,45.194,33.421,21.648
2015-09-10,46.902,34.197,21.491
2015-09-09,48.908,35.118,21.327
2015-09-08,50.550,35.969,21.387
2015-09-07,51.632,36.811,21.990
2015-09-02,52.439,37.760,23.080
2015-09-01,53.559,38.958,24.356
2015-08-31,53.995,39.987,25.978
2015-08-28,54.229,40.784,27.338
2015-08-27,54.171,41.230,28.289
2015-08-26,53.800,41.625,29.449
2015-08-25,53.177,42.062,30.946
2015-08-24,52.205,42.403,32.601
2015-08-21,51.541,42.690,33.839
2015-08-20,51.239,43.009,34.779
2015-08-19,50.991,43.319,35.647
2015-08-18,51.038,43.277,35.516
2015-08-17,51.099,43.233,35.366
2015-08-14,51.254,42.903,34.551
2015-08-13,51.180,42.497,33.813
2015-08-12,51.181,41.990,32.798
2015-08-11,51.014,41.483,31.951
2015-08-10,50.176,41.044,31.912
2015-08-07,49.409,40.449,31.489
2015-08-06,49.046,39.768,30.489
2015-08-05,48.761,38.922,29.082
2015-08-04,47.571,37.749,27.926
2015-08-03,46.154,36.844,27.533
2015-07-31,44.653,36.192,27.730
2015-07-30,43.949,35.704,27.459
2015-07-29,43.557,35.465,27.373
2015-07-28,43.307,35.358,27.408
2015-07-27,43.648,35.533,27.418
2015-07-24,43.605,35.511,27.417
2015-07-23,43.506,35.487,27.467
2015-07-22,44.363,35.652,26.940
2015-07-21,46.898,36.214,25.530
2015-07-20,49.040,36.804,24.567
2015-07-17,50.424,37.337,24.249
2015-07-16,52.484,38.057,23.629
2015-07-15,55.686,39.160,22.634
2015-07-14,58.222,40.220,22.218
2015-07-13,61.844,41.398,20.952
2015-07-10,66.711,43.101,19.491
2015-07-09,72.642,45.346,18.049
2015-07-08,75.663,47.386,19.109
2015-07-07,76.686,49.241,21.796
2015-07-06,78.729,51.302,23.875
2015-07-03,79.947,53.030,26.112
2015-07-02,79.818,54.495,29.172
2015-07-01,79.160,55.557,31.954
2015-06-30,78.402,56.241,34.079
2015-06-29,77.863,56.589,35.314
2015-06-26,77.336,56.820,36.303
2015-06-25,77.714,56.653,35.592
2015-06-24,78.817,56.084,33.350
2015-06-23,80.202,55.153,30.104
2015-06-19,81.628,54.085,26.542
2015-06-18,83.063,53.012,22.961
2015-06-17,84.301,51.628,18.956
2015-06-16,84.936,49.852,14.769
2015-06-15,85.336,48.014,10.692
2015-06-12,nan,nan,nan
2015-06-11,nan,nan,nan
2015-06-10,nan,nan,nan
2015-06-09,nan,nan,nan
2015-06-08,nan,nan,nan
2015-06-05,nan,nan,nan
2015-06-04,nan,nan,nan
2015-06-03,nan,nan,nan
2015-06-02,nan,nan,nan
2015-06-01,nan,nan,nan
2015-05-29,nan,nan,nan
2015-05-28,nan,nan,nan
2015-05-27,nan,nan,nan
2015-05-26,nan,nan,nan
2015-05-25,nan,nan,nan
2015-05-22,nan,nan,nan
2015-05-21,nan,nan,nan
2015-05-20,nan,nan,nan
2015-05-19,nan,nan,nan
