Not
2017-06-30,-1.578,-1.859,0.281
2017-06-29,-1.737,-1.929,0.192
2017-06-28,-1.963,-1.977,0.014
2017-06-27,-2.165,-1.981,-0.185
2017-06-26,-2.221,-1.934,-0.287
2017-06-23,-2.257,-1.863,-0.394
2017-06-22,-2.246,-1.764,-0.482
2017-06-21,-2.196,-1.644,-0.552
2017-06-20,-2.142,-1.506,-0.636
2017-06-19,-2.031,-1.347,-0.684
2017-06-16,-1.890,-1.176,-0.715
2017-06-15,-1.683,-0.997,-0.686
2017-06-14,-1.395,-0.826,-0.569
2017-06-13,-1.013,-0.683,-0.330
2017-06-12,-0.408,-0.601,0.193
2017-06-09,-0.427,-0.649,0.222
2017-06-08,-0.524,-0.705,0.181
2017-06-07,-0.632,-0.750,0.118
2017-06-06,-0.744,-0.779,0.036
2017-06-05,-0.790,-0.788,-0.002
2017-06-02,-0.820,-0.788,-0.032
2017-06-01,-0.804,-0.780,-0.024
2017-05-31,-0.712,-0.774,0.061
2017-05-26,-0.734,-0.789,0.055
2017-05-25,-0.744,-0.803,0.058
2017-05-24,-0.726,-0.817,0.091
2017-05-23,-0.694,-0.840,0.146
2017-05-22,-0.594,-0.877,0.283
2017-05-19,-0.620,-0.947,0.327
2017-05-18,-0.725,-1.029,0.305
2017-05-17,-0.805,-1.105,0.301
2017-05-16,-0.921,-1.181,0.260
2017-05-15,-1.033,-1.246,0.213
2017-05-12,-1.089,-1.299,0.210
2017-05-11,-1.132,-1.351,0.219
2017-05-10,-1.175,-1.406,0.231
2017-05-09,-1.246,-1.464,0.218
2017-05-08,-1.318,-1.518,0.200
2017-05-05,-1.354,-1.568,0.215
2017-05-04,-1.430,-1.622,0.192
2017-05-03,-1.544,-1.670,0.126
2017-05-02,-1.698,-1.701,0.003
2017-04-28,-1.897,-1.702,-0.194
2017-04-27,-2.034,-1.654,-0.381
2017-04-26,-2.039,-1.558,-0.480
2017-04-25,-1.990,-1.438,-0.552
2017-04-24,-1.871,-1.300,-0.570
2017-04-21,-1.617,-1.158,-0.459
2017-04-20,-1.519,-1.043,-0.476
2017-04-19,-1.384,-0.924,-0.460
2017-04-18,-1.195,-0.809,-0.386
2017-04-17,-1.008,-0.713,-0.295
2017-04-14,-0.838,-0.639,-0.199
2017-04-13,-0.807,-0.589,-0.218
2017-04-12,-0.706,-0.534,-0.171
2017-04-11,-0.655,-0.492,-0.163
2017-04-10,-0.615,-0.451,-0.165
2017-04-07,-0.536,-0.410,-0.126
2017-04-06,-0.540,-0.378,-0.162
2017-04-05,-0.545,-0.338,-0.207
2017-03-31,-0.506,-0.286,-0.220
2017-03-30,-0.379,-0.231,-0.148
2017-03-29,-0.206,-0.194,-0.012
2017-03-28,-0.117,-0.191,0.074
2017-03-27,-0.092,-0.209,0.118
2017-03-24,-0.081,-0.239,0.158
2017-03-23,-0.158,-0.278,0.120
2017-03-22,-0.231,-0.308,0.077
2017-03-21,-0.273,-0.328,0.055
2017-03-20,-0.316,-0.342,0.025
2017-03-17,-0.357,-0.348,-0.009
2017-03-16,-0.386,-0.346,-0.040
2017-03-15,-0.404,-0.336,-0.069
2017-03-14,-0.403,-0.318,-0.084
2017-03-13,-0.371,-0.297,-0.073
2017-03-10,-0.339,-0.279,-0.060
2017-03-09,-0.274,-0.264,-0.011
2017-03-08,-0.251,-0.261,0.011
2017-03-07,-0.279,-0.264,-0.015
2017-03-06,-0.321,-0.260,-0.060
2017-03-03,-0.342,-0.245,-0.097
2017-03-02,-0.333,-0.221,-0.111
2017-03-01,-0.322,-0.193,-0.129
2017-02-28,-0.336,-0.161,-0.175
2017-02-27,-0.372,-0.117,-0.255
2017-02-24,-0.326,-0.054,-0.272
2017-02-23,-0.315,0.014,-0.329
2017-02-22,-0.246,0.096,-0.343
2017-02-21,-0.172,0.182,-0.354
2017-02-20,-0.062,0.271,-0.333
2017-02-17,0.130,0.354,-0.224
2017-02-16,0.394,0.410,-0.016
2017-02-15,0.608,0.414,0.194
2017-02-14,0.590,0.365,0.225
2017-02-13,0.461,0.309,0.152
2017-02-10,0.363,0.271,0.092
2017-02-09,0.258,0.248,0.010
2017-02-08,0.127,0.245,-0.118
2017-02-07,0.130,0.275,-0.145
2017-02-06,0.155,0.311,-0.156
2017-02-03,0.145,0.350,-0.205
2017-01-26,0.155,0.402,-0.246
2017-01-25,0.204,0.463,-0.259
2017-01-24,0.260,0.528,-0.268
2017-01-23,0.333,0.595,-0.262
2017-01-20,0.434,0.660,-0.227
2017-01-19,0.568,0.717,-0.149
2017-01-18,0.732,0.754,-0.022
2017-01-17,0.782,0.760,0.022
2017-01-16,0.976,0.755,0.221
2017-01-13,1.160,0.699,0.461
2017-01-12,1.062,0.584,0.477
2017-01-11,0.809,0.465,0.345
2017-01-10,0.816,0.379,0.437
2017-01-09,0.752,0.269,0.483
2017-01-06,0.635,0.149,0.487
2017-01-05,0.493,0.027,0.466
2017-01-04,0.289,-0.090,0.378
2017-01-03,0.125,-0.184,0.309
2016-12-30,0.017,-0.261,0.278
2016-12-29,-0.064,-0.331,0.267
2016-12-28,-0.186,-0.398,0.212
2016-12-27,-0.286,-0.451,0.165
2016-12-26,-0.405,-0.492,0.087
2016-12-23,-0.478,-0.514,0.035
2016-12-22,-0.508,-0.522,0.014
2016-12-21,-0.558,-0.526,-0.032
2016-12-20,-0.657,-0.518,-0.139
2016-12-19,-0.699,-0.483,-0.215
2016-12-16,-0.760,-0.429,-0.330
2016-12-15,-0.859,-0.347,-0.512
2016-12-14,-0.764,-0.219,-0.546
2016-12-13,-0.618,-0.082,-0.536
2016-12-12,-0.428,0.052,-0.480
2016-12-09,-0.153,0.172,-0.324
2016-12-08,-0.087,0.253,-0.340
2016-12-07,-0.007,0.338,-0.344
2016-12-06,0.056,0.424,-0.368
2016-12-05,0.207,0.516,-0.308
2016-12-02,0.396,0.593,-0.196
2016-12-01,0.499,0.642,-0.143
2016-11-30,0.559,0.678,-0.119
2016-11-29,0.616,0.707,-0.091
2016-11-28,0.674,0.730,-0.056
2016-11-25,0.653,0.744,-0.091
2016-11-24,0.634,0.767,-0.133
2016-11-23,0.687,0.800,-0.113
2016-11-22,0.652,0.828,-0.177
2016-11-21,0.659,0.872,-0.213
2016-11-18,0.632,0.925,-0.293
2016-11-17,0.715,0.999,-0.284
2016-11-16,0.832,1.070,-0.238
2016-11-15,0.924,1.129,-0.205
2016-11-14,1.044,1.181,-0.137
2016-11-11,1.169,1.215,-0.046
2016-11-10,1.281,1.226,0.055
2016-11-09,1.305,1.212,0.092
2016-11-08,1.268,1.189,0.078
2016-11-07,1.255,1.170,0.085
2016-11-04,1.303,1.149,0.154
2016-11-03,1.338,1.110,0.228
2016-11-02,1.391,1.053,0.338
2016-10-28,1.442,0.968,0.473
2016-10-27,1.410,0.850,0.560
2016-10-26,1.284,0.710,0.574
2016-10-25,1.054,0.566,0.487
2016-10-24,0.847,0.445,0.402
2016-10-21,0.733,0.344,0.389
2016-10-20,0.638,0.247,0.391
2016-10-19,0.316,0.149,0.167
2016-10-18,0.204,0.107,0.097
2016-10-17,0.129,0.083,0.046
2016-10-14,0.107,0.071,0.036
2016-10-13,0.104,0.062,0.042
2016-10-12,0.062,0.052,0.010
2016-10-11,0.023,0.049,-0.026
2016-10-10,-0.024,0.056,-0.080
2016-09-30,-0.064,0.076,-0.140
2016-09-29,-0.032,0.111,-0.142
2016-09-28,0.031,0.146,-0.115
2016-09-27,0.087,0.175,-0.088
2016-09-26,0.145,0.197,-0.052
2016-09-23,0.252,0.210,0.042
2016-09-22,0.253,0.199,0.053
2016-09-21,0.226,0.186,0.040
2016-09-20,0.149,0.176,-0.027
2016-09-19,0.059,0.183,-0.124
2016-09-14,0.018,0.214,-0.196
2016-09-13,0.092,0.263,-0.171
2016-09-12,0.224,0.305,-0.081
2016-09-09,0.394,0.326,0.068
2016-09-08,0.417,0.309,0.108
2016-09-07,0.384,0.282,0.102
2016-09-06,0.361,0.256,0.105
2016-09-05,0.292,0.230,0.062
2016-09-02,0.213,0.214,-0.001
2016-09-01,0.215,0.214,0.000
2016-08-31,0.240,0.214,0.026
2016-08-30,0.266,0.208,0.058
2016-08-29,0.259,0.193,0.066
2016-08-26,0.265,0.177,0.089
2016-08-25,0.238,0.155,0.083
2016-08-24,0.260,0.134,0.126
2016-08-23,0.240,0.102,0.137
2016-08-22,0.209,0.068,0.141
2016-08-19,0.240,0.033,0.207
2016-08-18,0.216,-0.019,0.235
2016-08-17,0.106,-0.078,0.184
2016-08-16,-0.023,-0.124,0.101
2016-08-15,-0.266,-0.149,-0.117
2016-08-12,-0.304,-0.120,-0.184
2016-08-11,-0.271,-0.074,-0.198
2016-08-10,-0.215,-0.024,-0.191
2016-08-09,-0.218,0.024,-0.241
2016-08-08,-0.216,0.084,-0.300
2016-08-05,-0.184,0.159,-0.344
2016-08-04,-0.124,0.245,-0.369
2016-08-03,-0.112,0.337,-0.449
2016-08-02,-0.047,0.449,-0.496
2016-08-01,0.018,0.573,-0.556
2016-07-29,0.204,0.712,-0.509
2016-07-28,0.397,0.840,-0.443
2016-07-27,0.623,0.950,-0.327
2016-07-26,0.861,1.032,-0.171
2016-07-25,0.915,1.075,-0.160
2016-07-22,1.013,1.115,-0.101
2016-07-21,1.120,1.140,-0.020
2016-07-20,1.234,1.145,0.089
2016-07-19,1.303,1.123,0.180
2016-07-18,1.416,1.078,0.338
2016-07-15,1.474,0.994,0.480
2016-07-14,1.498,0.874,0.624
2016-07-13,1.450,0.717,0.733
2016-07-12,1.273,0.534,0.739
2016-07-11,0.847,0.350,0.498
2016-07-08,0.594,0.225,0.369
2016-07-07,0.537,0.133,0.405
2016-07-06,0.441,0.032,0.409
2016-07-05,0.283,-0.071,0.353
2016-07-04,0.152,-0.159,0.311
2016-07-01,0.059,-0.237,0.296
2016-06-30,-0.001,-0.311,0.309
2016-06-29,-0.070,-0.388,0.318
2016-06-28,-0.152,-0.468,0.316
2016-06-27,-0.249,-0.546,0.298
2016-06-24,-0.305,-0.621,0.316
2016-06-23,-0.317,-0.700,0.383
2016-06-22,-0.386,-0.796,0.409
2016-06-21,-0.501,-0.898,0.397
2016-06-20,-0.590,-0.997,0.407
2016-06-17,-0.715,-1.099,0.384
2016-06-16,-0.853,-1.195,0.342
2016-06-15,-0.909,-1.281,0.372
2016-06-14,-0.978,-1.373,0.395
2016-06-13,-0.971,-1.472,0.501
2016-06-08,-0.937,-1.598,0.661
2016-06-07,-1.064,-1.763,0.699
2016-06-06,-1.244,-1.937,0.694
2016-06-03,-1.416,-2.111,0.695
2016-06-02,-1.619,-2.285,0.666
2016-06-01,-1.830,-2.451,0.621
2016-05-31,-2.066,-2.606,0.541
2016-05-30,-2.267,-2.741,0.474
2016-05-27,-2.408,-2.860,0.452
2016-05-26,-2.562,-2.973,0.411
2016-05-25,-2.733,-3.076,0.343
2016-05-24,-2.874,-3.162,0.287
2016-05-23,-2.984,-3.233,0.250
2016-05-20,-3.122,-3.296,0.174
2016-05-19,-3.221,-3.339,0.118
2016-05-18,-3.300,-3.369,0.069
2016-05-17,-3.351,-3.386,0.036
2016-05-16,-3.496,-3.395,-0.100
2016-05-13,-3.601,-3.370,-0.230
2016-05-12,-3.656,-3.313,-0.343
2016-05-11,-3.668,-3.227,-0.441
2016-05-10,-3.686,-3.117,-0.569
2016-05-09,-3.644,-2.974,-0.669
2016-05-06,-3.537,-2.807,-0.730
2016-05-05,-3.512,-2.625,-0.887
2016-05-04,-3.575,-2.403,-1.172
2016-05-03,-3.586,-2.110,-1.476
2016-04-29,-3.461,-1.741,-1.720
2016-04-28,-3.173,-1.311,-1.862
2016-04-27,-2.753,-0.845,-1.908
2016-04-26,-2.229,-0.368,-1.861
2016-04-25,-1.546,0.097,-1.643
2016-04-22,-0.613,0.508,-1.121
2016-04-21,0.585,0.788,-0.203
2016-04-20,0.760,0.838,-0.078
2016-04-19,0.987,0.858,0.129
2016-04-18,0.963,0.826,0.137
2016-04-15,0.960,0.792,0.168
2016-04-14,0.792,0.750,0.042
2016-04-13,0.714,0.739,-0.025
2016-04-12,0.676,0.745,-0.070
2016-04-11,0.698,0.763,-0.065
2016-04-08,0.730,0.779,-0.049
2016-04-07,0.828,0.791,0.037
2016-04-06,0.806,0.782,0.024
2016-04-05,0.796,0.776,0.020
2016-04-01,0.782,0.771,0.011
2016-03-31,0.827,0.769,0.059
2016-03-30,0.852,0.754,0.099
2016-03-29,0.875,0.729,0.146
2016-03-28,0.999,0.693,0.306
2016-03-25,0.905,0.616,0.289
2016-03-24,0.951,0.544,0.407
2016-03-23,0.975,0.442,0.533
2016-03-22,0.940,0.309,0.631
2016-03-21,0.817,0.151,0.666
2016-03-18,0.568,-0.015,0.584
2016-03-17,0.415,-0.161,0.576
2016-03-16,0.162,-0.305,0.468
2016-03-15,0.134,-0.422,0.557
2016-03-14,-0.030,-0.561,0.532
2016-03-11,-0.198,-0.694,0.497
2016-03-10,-0.291,-0.818,0.527
2016-03-09,-0.379,-0.950,0.571
2016-03-08,-0.488,-1.093,0.605
2016-03-07,-0.780,-1.244,0.465
2016-03-04,-1.099,-1.360,0.262
2016-03-03,-1.246,-1.426,0.180
2016-03-02,-1.390,-1.471,0.081
2016-03-01,-1.554,-1.491,-0.062
2016-02-29,-1.425,-1.475,0.051
2016-02-26,-1.140,-1.488,0.348
2016-02-25,-1.071,-1.575,0.504
2016-02-24,-0.929,-1.701,0.772
2016-02-23,-1.099,-1.894,0.795
2016-02-22,-1.337,-2.093,0.756
2016-02-19,-1.610,-2.282,0.672
2016-02-18,-1.822,-2.450,0.628
2016-02-17,-2.032,-2.607,0.574
2016-02-16,-2.296,-2.751,0.455
2016-02-15,-2.549,-2.864,0.316
2016-02-05,-2.681,-2.943,0.262
2016-02-04,-2.872,-3.009,0.137
2016-02-03,-3.083,-3.043,-0.040
2016-02-02,-3.250,-3.033,-0.217
2016-02-01,-3.385,-2.978,-0.407
2016-01-29,-3.392,-2.877,-0.515
2016-01-28,-3.343,-2.748,-0.595
2016-01-27,-3.142,-2.599,-0.543
2016-01-26,-2.977,-2.464,-0.514
2016-01-25,-2.776,-2.335,-0.440
2016-01-22,-2.850,-2.225,-0.624
2016-01-21,-2.846,-2.069,-0.777
2016-01-20,-2.750,-1.875,-0.876
2016-01-19,-2.730,-1.656,-1.074
2016-01-18,-2.699,-1.387,-1.312
2016-01-15,-2.489,-1.059,-1.430
2016-01-14,-2.116,-0.702,-1.414
2016-01-13,-1.869,-0.348,-1.521
2016-01-12,-1.371,0.032,-1.403
2016-01-11,-0.959,0.383,-1.342
2016-01-08,-0.422,0.718,-1.141
2016-01-07,-0.169,1.004,-1.172
2016-01-06,0.353,1.297,-0.944
2016-01-05,0.551,1.533,-0.981
2016-01-04,1.174,1.778,-0.604
2015-12-31,1.739,1.929,-0.189
2015-12-30,1.939,1.976,-0.037
2015-12-29,2.078,1.986,0.093
2015-12-28,2.189,1.962,0.226
2015-12-25,2.346,1.906,0.440
2015-12-24,2.196,1.796,0.400
2015-12-23,1.825,1.696,0.130
2015-12-22,1.639,1.663,-0.025
2015-12-21,1.432,1.670,-0.237
2015-12-18,1.389,1.729,-0.339
2015-12-17,1.438,1.814,-0.376
2015-12-16,1.375,1.908,-0.533
2015-12-15,1.457,2.041,-0.584
2015-12-14,1.624,2.187,-0.563
2015-12-11,1.791,2.328,-0.537
2015-12-10,2.067,2.462,-0.394
2015-12-09,2.399,2.560,-0.162
2015-12-08,2.640,2.601,0.039
2015-12-07,2.710,2.591,0.119
2015-12-04,2.713,2.562,0.152
2015-12-03,2.641,2.524,0.117
2015-12-02,2.464,2.494,-0.030
2015-12-01,2.523,2.502,0.021
2015-11-30,2.504,2.497,0.007
2015-11-27,2.354,2.495,-0.140
2015-11-26,2.568,2.530,0.038
2015-11-25,2.575,2.520,0.055
2015-11-24,2.465,2.507,-0.042
2015-11-23,2.301,2.517,-0.216
2015-11-20,2.435,2.571,-0.136
2015-11-19,2.469,2.605,-0.136
2015-11-18,2.598,2.639,-0.041
2015-11-17,2.959,2.649,0.310
2015-11-16,3.185,2.572,0.613
2015-11-13,3.268,2.419,0.849
2015-11-12,3.288,2.206,1.081
2015-11-11,2.769,1.936,0.832
2015-11-10,2.412,1.728,0.684
2015-11-09,2.280,1.557,0.722
2015-11-06,2.000,1.376,0.623
2015-11-05,1.802,1.221,0.581
2015-11-04,1.699,1.075,0.624
2015-11-03,1.444,0.919,0.525
2015-11-02,1.199,0.788,0.411
2015-10-30,1.086,0.685,0.400
2015-10-29,0.981,0.585,0.396
2015-10-28,0.831,0.486,0.345
2015-10-27,0.660,0.400,0.260
2015-10-26,0.604,0.335,0.269
2015-10-23,0.558,0.268,0.290
2015-10-22,0.545,0.196,0.350
2015-10-21,0.605,0.108,0.497
2015-10-20,0.783,-0.016,0.799
2015-10-19,0.642,-0.216,0.858
2015-10-16,0.473,-0.430,0.903
2015-10-15,0.119,-0.656,0.776
2015-10-14,-0.037,-0.850,0.813
2015-10-13,-0.135,-1.053,0.918
2015-10-12,-0.391,-1.283,0.892
2015-10-09,-0.691,-1.506,0.815
2015-10-08,-0.925,-1.710,0.784
2015-10-07,-1.258,-1.906,0.648
2015-09-30,-1.477,-2.068,0.591
2015-09-29,-1.745,-2.215,0.470
2015-09-28,-1.813,-2.333,0.520
2015-09-25,-1.921,-2.463,0.542
2015-09-24,-1.911,-2.598,0.687
2015-09-23,-2.149,-2.770,0.621
2015-09-22,-2.403,-2.925,0.522
2015-09-21,-2.679,-3.055,0.376
2015-09-18,-2.953,-3.149,0.196
2015-09-17,-3.132,-3.198,0.066
2015-09-16,-3.273,-3.215,-0.058
2015-09-15,-3.418,-3.200,-0.218
2015-09-14,-3.307,-3.146,-0.161
2015-09-11,-3.239,-3.106,-0.134
2015-09-10,-3.407,-3.072,-0.335
2015-09-09,-3.533,-2.988,-0.545
2015-09-08,-3.742,-2.852,-0.890
2015-09-07,-3.820,-2.630,-1.190
2015-09-02,-3.685,-2.332,-1.353
2015-09-01,-3.346,-1.994,-1.352
2015-08-31,-2.964,-1.656,-1.308
2015-08-28,-2.726,-1.329,-1.397
2015-08-27,-2.670,-0.980,-1.690
2015-08-26,-2.415,-0.558,-1.858
2015-08-25,-1.954,-0.093,-1.861
2015-08-24,-1.170,0.372,-1.542
2015-08-21,-0.476,0.758,-1.234
2015-08-20,0.054,1.066,-1.012
2015-08-19,0.630,1.319,-0.689
2015-08-18,1.034,1.491,-0.457
2015-08-17,1.596,1.606,-0.010
2015-08-14,1.847,1.608,0.239
2015-08-13,1.976,1.548,0.427
2015-08-12,2.106,1.442,0.664
2015-08-11,2.224,1.276,0.948
2015-08-10,2.085,1.039,1.046
2015-08-07,1.919,0.777,1.142
2015-08-06,1.832,0.492,1.341
2015-08-05,1.658,0.156,1.501
2015-08-04,1.016,-0.219,1.235
2015-08-03,0.426,-0.528,0.954
2015-07-31,-0.153,-0.766,0.613
2015-07-30,-0.463,-0.919,0.456
2015-07-29,-0.602,-1.033,0.432
2015-07-28,-0.757,-1.141,0.385
2015-07-27,-0.581,-1.238,0.657
2015-07-24,-0.561,-1.402,0.841
2015-07-23,-0.955,-1.612,0.657
2015-07-22,-1.526,-1.776,0.250
2015-07-21,-1.838,-1.839,0.000
2015-07-20,-2.143,-1.839,-0.305
2015-07-17,-2.362,-1.763,-0.600
2015-07-16,-2.618,-1.613,-1.006
2015-07-15,-2.707,-1.361,-1.345
2015-07-14,-2.797,-1.025,-1.772
2015-07-13,-3.270,-0.582,-2.688
2015-07-10,-3.463,0.090,-3.553
2015-07-09,-3.332,0.978,-4.310
2015-07-08,-2.818,2.056,-4.873
2015-07-07,-1.850,3.274,-5.124
2015-07-06,-0.888,4.555,-5.443
2015-07-03,nan,nan,nan
2015-07-02,nan,nan,nan
2015-07-01,nan,nan,nan
2015-06-30,nan,nan,nan
2015-06-29,nan,nan,nan
2015-06-26,nan,nan,nan
2015-06-25,nan,nan,nan
2015-06-24,nan,nan,nan
2015-06-23,nan,nan,nan
2015-06-19,nan,nan,nan
2015-06-18,nan,nan,nan
2015-06-17,nan,nan,nan
2015-06-16,nan,nan,nan
2015-06-15,nan,nan,nan
2015-06-12,nan,nan,nan
2015-06-11,nan,nan,nan
2015-06-10,nan,nan,nan
2015-06-09,nan,nan,nan
2015-06-08,nan,nan,nan
2015-06-05,nan,nan,nan
2015-06-04,nan,nan,nan
2015-06-03,nan,nan,nan
2015-06-02,nan,nan,nan
2015-06-01,nan,nan,nan
2015-05-29,nan,nan,nan
2015-05-28,nan,nan,nan
2015-05-27,nan,nan,nan
2015-05-26,nan,nan,nan
2015-05-25,nan,nan,nan
2015-05-22,nan,nan,nan
2015-05-21,nan,nan,nan
2015-05-20,nan,nan,nan
2015-05-19,nan,nan,nan
