2017-06-30,17.932,17.351,19.310,20.866,23.373
2017-06-29,17.524,17.204,19.536,21.095,23.547
2017-06-28,17.016,17.011,19.709,21.301,23.713
2017-06-27,16.702,16.880,19.984,21.503,23.911
2017-06-26,16.704,16.816,20.339,21.756,24.151
2017-06-23,16.770,17.538,20.685,22.012,24.395
2017-06-22,16.884,18.361,21.045,22.286,24.659
2017-06-21,17.006,19.180,21.382,22.562,24.919
2017-06-20,17.058,19.941,21.778,22.811,25.164
2017-06-19,16.928,20.628,22.218,23.081,25.410
2017-06-16,18.306,21.268,22.623,23.353,25.650
2017-06-15,19.838,21.867,23.041,23.635,25.887
2017-06-14,21.354,22.407,23.447,23.926,26.121
2017-06-13,22.824,23.087,23.814,24.185,26.351
2017-06-12,24.328,23.861,24.226,24.432,26.595
2017-06-09,24.230,23.832,24.249,24.410,26.710
2017-06-08,23.896,23.728,24.249,24.353,26.809
2017-06-07,23.460,23.583,24.253,24.274,26.919
2017-06-06,23.350,23.614,24.247,24.283,27.043
2017-06-05,23.394,23.808,24.308,24.323,27.182
2017-06-02,23.434,23.978,24.396,24.370,27.320
2017-06-01,23.560,24.214,24.519,24.455,27.459
2017-05-31,23.706,24.486,24.685,24.586,27.609
2017-05-26,23.878,24.541,24.735,24.734,27.740
2017-05-25,24.222,24.591,24.718,24.867,27.876
2017-05-24,24.522,24.665,24.700,25.036,28.001
2017-05-23,24.868,24.770,24.666,25.216,28.134
2017-05-22,25.266,24.922,24.620,25.405,28.267
2017-05-19,25.204,24.879,24.617,25.579,28.377
2017-05-18,24.960,24.807,24.581,25.728,28.471
2017-05-17,24.808,24.813,24.567,25.879,28.564
2017-05-16,24.672,24.824,24.576,25.999,28.649
2017-05-15,24.578,24.884,24.637,26.125,28.757
2017-05-12,24.554,24.928,24.830,26.319,28.923
2017-05-11,24.654,24.845,25.005,26.545,29.107
2017-05-10,24.818,24.734,25.222,26.778,29.279
2017-05-09,24.976,24.562,25.439,27.031,29.440
2017-05-08,25.190,24.318,25.647,27.276,29.601
2017-05-05,25.302,24.355,25.929,27.517,29.740
2017-05-04,25.036,24.354,26.189,27.739,29.867
2017-05-03,24.650,24.320,26.413,27.947,29.994
2017-05-02,24.148,24.327,26.587,28.138,30.112
2017-04-28,23.446,24.389,26.746,28.316,30.219
2017-04-27,23.408,24.732,27.014,28.517,30.341
2017-04-26,23.672,25.165,27.396,28.757,30.486
2017-04-25,23.990,25.709,27.801,29.009,30.632
2017-04-24,24.506,26.316,28.265,29.264,30.781
2017-04-21,25.332,26.976,28.755,29.564,30.943
2017-04-20,26.056,27.502,29.098,29.803,31.088
2017-04-19,26.658,28.023,29.432,30.041,31.207
2017-04-18,27.428,28.505,29.760,30.269,31.334
2017-04-17,28.126,28.847,30.044,30.463,31.501
2017-04-14,28.620,29.102,30.280,30.631,31.673
2017-04-13,28.948,29.296,30.410,30.746,31.757
2017-04-12,29.388,29.626,30.553,30.884,31.858
2017-04-11,29.582,29.892,30.659,30.965,31.950
2017-04-10,29.568,30.214,30.738,31.052,32.032
2017-04-07,29.584,30.533,30.858,31.129,32.121
2017-04-06,29.644,30.693,30.953,31.174,32.174
2017-04-05,29.864,30.841,31.050,31.213,32.210
2017-03-31,30.202,31.015,31.151,31.248,32.242
2017-03-30,30.860,31.240,31.271,31.298,32.289
2017-03-29,31.482,31.458,31.396,31.389,32.328
2017-03-28,31.742,31.524,31.471,31.527,32.344
2017-03-27,31.818,31.479,31.514,31.669,32.334
2017-03-24,31.828,31.426,31.502,31.779,32.311
2017-03-23,31.620,31.262,31.471,31.850,32.275
2017-03-22,31.434,31.183,31.427,31.927,32.251
2017-03-21,31.306,31.213,31.415,31.963,32.222
2017-03-20,31.140,31.258,31.400,31.994,32.197
2017-03-17,31.024,31.286,31.364,32.040,32.179
2017-03-16,30.904,31.301,31.327,32.085,32.130
2017-03-15,30.932,31.334,31.354,32.121,32.080
2017-03-14,31.120,31.418,31.529,32.165,32.035
2017-03-13,31.376,31.548,31.764,32.215,31.989
2017-03-10,31.548,31.578,31.955,32.255,31.988
2017-03-09,31.698,31.680,32.144,32.299,31.991
2017-03-08,31.736,31.671,32.299,32.321,31.990
2017-03-07,31.716,31.617,32.339,32.372,31.967
2017-03-06,31.720,31.541,32.362,32.373,31.943
2017-03-03,31.608,31.442,32.418,32.400,31.945
2017-03-02,31.662,31.353,32.477,32.540,31.962
2017-03-01,31.606,31.374,32.515,32.715,31.981
2017-02-28,31.518,31.640,32.538,32.767,31.995
2017-02-27,31.362,31.980,32.548,32.832,32.019
2017-02-24,31.276,32.332,32.594,32.934,32.055
2017-02-23,31.044,32.608,32.608,33.012,32.067
2017-02-22,31.142,32.926,32.647,33.113,32.104
2017-02-21,31.762,33.060,32.750,33.174,32.127
2017-02-20,32.598,33.182,32.790,33.206,32.157
2017-02-17,33.388,33.393,32.879,33.236,32.174
2017-02-16,34.172,33.601,33.134,33.280,32.192
2017-02-15,34.710,33.655,33.385,33.267,32.197
2017-02-14,34.358,33.436,33.331,33.161,32.154
2017-02-13,33.766,33.116,33.259,32.999,32.097
2017-02-10,33.398,32.856,33.235,32.842,32.057
2017-02-09,33.030,32.608,33.215,32.700,32.037
2017-02-08,32.600,32.367,33.206,32.574,32.027
2017-02-07,32.514,32.440,33.232,32.480,32.035
2017-02-06,32.466,32.397,33.219,32.400,32.035
2017-02-03,32.314,32.364,33.158,32.317,32.029
2017-01-26,32.186,32.666,33.119,32.174,32.022
2017-01-25,32.134,33.115,33.074,32.039,32.022
2017-01-24,32.366,33.226,33.024,31.905,32.033
2017-01-23,32.328,33.401,32.940,31.763,32.055
2017-01-20,32.414,33.613,32.836,31.720,32.088
2017-01-19,33.146,33.821,32.746,31.683,32.106
2017-01-18,34.096,34.045,32.678,31.658,32.098
2017-01-17,34.086,34.023,32.501,31.562,32.055
2017-01-16,34.474,34.040,32.402,31.512,32.067
2017-01-13,34.812,33.952,32.294,31.490,32.021
2017-01-12,34.496,33.572,31.929,31.384,31.911
2017-01-11,33.994,33.032,31.502,31.246,31.772
2017-01-10,33.960,32.821,31.244,31.222,31.683
2017-01-09,33.606,32.479,30.944,31.205,31.590
2017-01-06,33.092,32.058,30.774,31.176,31.491
2017-01-05,32.648,31.671,30.614,31.122,31.395
2017-01-04,32.070,31.311,30.465,31.095,31.292
2017-01-03,31.682,30.978,30.331,31.080,31.192
2016-12-30,31.352,30.763,30.248,31.107,31.106
2016-12-29,31.024,30.636,30.259,31.112,31.033
2016-12-28,30.694,30.285,30.291,31.104,30.959
2016-12-27,30.552,29.971,30.354,31.127,30.888
2016-12-26,30.274,29.667,30.423,31.147,30.839
2016-12-23,30.174,29.409,30.569,31.195,30.806
2016-12-22,30.248,29.489,30.735,31.271,30.789
2016-12-21,29.876,29.556,30.848,31.374,30.767
2016-12-20,29.390,29.619,30.987,31.479,30.725
2016-12-19,29.060,29.684,31.131,31.590,30.675
2016-12-16,28.644,29.733,31.280,31.669,30.616
2016-12-15,28.730,29.881,31.351,31.740,30.551
2016-12-14,29.236,30.296,31.513,31.870,30.550
2016-12-13,29.848,30.736,31.705,32.004,30.562
2016-12-12,30.308,31.178,31.887,32.160,30.568
2016-12-09,30.822,31.728,32.088,32.347,30.584
2016-12-08,31.032,31.980,32.162,32.456,30.551
2016-12-07,31.356,32.140,32.283,32.529,30.500
2016-12-06,31.624,32.354,32.409,32.537,30.438
2016-12-05,32.048,32.577,32.544,32.548,30.388
2016-12-02,32.634,32.826,32.638,32.621,30.345
2016-12-01,32.928,32.820,32.670,32.552,30.276
2016-11-30,32.924,32.730,32.657,32.438,30.202
2016-11-29,33.084,32.674,32.638,32.297,30.116
2016-11-28,33.106,32.595,32.652,32.144,30.036
2016-11-25,33.018,32.447,32.656,31.975,29.943
2016-11-24,32.712,32.343,32.694,31.807,29.841
2016-11-23,32.536,32.426,32.724,31.667,29.763
2016-11-22,32.264,32.463,32.628,31.489,29.681
2016-11-21,32.084,32.510,32.534,31.305,29.608
2016-11-18,31.876,32.449,32.519,31.105,29.544
2016-11-17,31.974,32.519,32.418,30.954,29.456
2016-11-16,32.316,32.584,32.293,30.815,29.359
2016-11-15,32.662,32.601,32.108,30.648,29.253
2016-11-14,32.936,32.708,31.918,30.531,29.163
2016-11-11,33.022,32.865,31.740,30.417,29.070
2016-11-10,33.064,33.044,31.539,30.306,28.967
2016-11-09,32.852,33.022,31.288,30.159,28.845
2016-11-08,32.540,32.793,31.002,29.972,28.727
2016-11-07,32.480,32.557,30.703,29.760,28.609
2016-11-04,32.708,32.589,30.433,29.562,28.508
2016-11-03,33.024,32.316,30.172,29.361,28.388
2016-11-02,33.192,32.001,29.930,29.231,28.280
2016-10-28,33.046,31.615,29.672,29.119,28.175
2016-10-27,32.634,31.128,29.443,28.975,28.064
2016-10-26,32.470,30.614,29.193,28.822,27.982
2016-10-25,31.608,30.034,28.938,28.647,27.884
2016-10-24,30.810,29.553,28.728,28.471,27.804
2016-10-21,30.184,29.211,28.561,28.339,27.751
2016-10-20,29.622,28.848,28.362,28.229,27.717
2016-10-19,28.758,28.277,28.049,28.068,27.646
2016-10-18,28.460,28.027,27.884,28.000,27.634
2016-10-17,28.296,27.859,27.846,27.965,27.639
2016-10-14,28.238,27.729,27.872,27.935,27.666
2016-10-13,28.074,27.757,27.899,27.929,27.712
2016-10-12,27.796,27.772,27.926,27.911,27.782
2016-10-11,27.594,27.841,27.953,27.875,27.806
2016-10-10,27.422,27.902,27.930,27.858,27.784
2016-09-30,27.220,27.911,27.904,27.874,27.769
2016-09-29,27.440,27.875,27.919,27.912,27.771
2016-09-28,27.748,27.821,27.963,27.983,27.765
2016-09-27,28.088,27.741,27.986,27.958,27.743
2016-09-26,28.382,27.832,28.018,27.904,27.708
2016-09-23,28.602,28.014,28.039,27.858,27.679
2016-09-22,28.310,28.041,28.015,27.794,27.626
2016-09-21,27.894,28.079,27.981,27.722,27.569
2016-09-20,27.394,28.065,27.892,27.628,27.495
2016-09-19,27.282,27.957,27.836,27.532,27.414
2016-09-14,27.426,27.896,27.855,27.482,27.355
2016-09-13,27.772,27.963,27.930,27.458,27.321
2016-09-12,28.264,28.105,28.064,27.453,27.286
2016-09-09,28.736,28.231,28.066,27.415,27.254
2016-09-08,28.632,28.204,27.940,27.330,27.190
2016-09-07,28.366,28.063,27.780,27.231,27.100
2016-09-06,28.154,27.989,27.671,27.153,27.015
2016-09-05,27.946,27.883,27.544,27.142,26.911
2016-09-02,27.726,27.718,27.410,27.121,26.807
2016-09-01,27.776,27.715,27.319,27.136,26.751
2016-08-31,27.760,27.814,27.275,27.162,26.705
2016-08-30,27.824,27.897,27.205,27.206,26.652
2016-08-29,27.820,28.022,27.127,27.223,26.593
2016-08-26,27.710,27.901,27.008,27.269,26.533
2016-08-25,27.654,27.675,26.893,27.313,26.468
2016-08-24,27.868,27.497,26.815,27.396,26.400
2016-08-23,27.970,27.352,26.735,27.495,26.312
2016-08-22,28.224,27.204,26.772,27.653,26.225
2016-08-19,28.092,27.101,26.823,27.736,26.152
2016-08-18,27.696,26.923,26.847,27.710,26.064
2016-08-17,27.126,26.736,26.836,27.664,25.958
2016-08-16,26.734,26.513,26.861,27.631,25.860
2016-08-15,26.184,26.232,26.824,27.548,25.745
2016-08-12,26.110,26.114,26.953,27.528,25.674
2016-08-11,26.150,26.110,27.133,27.513,25.614
2016-08-10,26.346,26.132,27.346,27.499,25.578
2016-08-09,26.292,26.118,27.567,27.459,25.524
2016-08-08,26.280,26.339,27.878,27.417,25.466
2016-08-05,26.118,26.544,28.054,27.363,25.412
2016-08-04,26.070,26.771,28.104,27.296,25.370
2016-08-03,25.918,26.936,28.128,27.227,25.314
2016-08-02,25.944,27.208,28.190,27.184,25.267
2016-08-01,26.398,27.416,28.206,27.118,25.243
2016-07-29,26.970,27.792,28.235,27.093,25.260
2016-07-28,27.472,28.155,28.215,27.051,25.268
2016-07-27,27.954,28.559,28.183,26.968,25.258
2016-07-26,28.472,29.016,28.129,26.876,25.230
2016-07-25,28.434,29.417,27.956,26.679,25.161
2016-07-22,28.614,29.564,27.772,26.493,25.108
2016-07-21,28.838,29.436,27.559,26.366,25.057
2016-07-20,29.164,29.319,27.373,26.247,24.999
2016-07-19,29.560,29.172,27.173,26.097,24.931
2016-07-18,30.400,28.995,26.970,25.962,25.092
2016-07-15,30.514,28.677,26.744,25.798,25.238
2016-07-14,30.034,28.274,26.499,25.622,25.430
2016-07-13,29.474,27.807,26.173,25.405,25.605
2016-07-12,28.784,27.242,25.806,25.129,25.789
2016-07-11,27.590,26.494,25.311,24.797,25.919
2016-07-08,26.840,25.980,24.958,24.568,26.087
2016-07-07,26.514,25.682,24.831,24.417,26.287
2016-07-06,26.140,25.426,24.712,24.251,26.482
2016-07-05,25.700,25.173,24.560,24.090,26.661
2016-07-04,25.398,24.944,24.446,23.942,26.875
2016-07-01,25.120,24.810,24.358,23.820,27.096
2016-06-30,24.850,24.723,24.296,23.716,27.325
2016-06-29,24.712,24.539,24.204,23.657,27.543
2016-06-28,24.646,24.370,24.073,23.590,27.766
2016-06-27,24.490,24.127,23.949,23.516,27.989
2016-06-24,24.500,23.935,23.863,23.461,28.205
2016-06-23,24.596,23.979,23.785,23.443,28.468
2016-06-22,24.366,23.997,23.664,23.401,28.693
2016-06-21,24.094,23.946,23.548,23.350,28.916
2016-06-20,23.764,23.948,23.442,23.368,29.155
2016-06-17,23.370,23.906,23.325,23.427,29.402
2016-06-16,23.362,23.869,23.212,23.484,29.664
2016-06-15,23.628,23.868,23.216,23.548,29.915
2016-06-14,23.798,23.776,23.200,23.583,30.173
2016-06-13,24.132,23.771,23.210,23.642,30.395
2016-06-08,24.442,23.790,23.224,23.723,30.640
2016-06-07,24.376,23.591,23.175,23.748,30.848
2016-06-06,24.108,23.331,23.104,23.750,31.032
2016-06-03,23.754,23.150,23.052,23.766,31.217
2016-06-02,23.410,22.935,23.078,24.221,31.402
2016-06-01,23.138,22.743,23.188,24.679,31.617
2016-05-31,22.806,22.555,23.292,25.237,31.826
2016-05-30,22.554,22.563,23.389,25.805,32.007
2016-05-27,22.546,22.623,23.487,26.448,32.198
2016-05-26,22.460,22.649,23.578,27.041,32.386
2016-05-25,22.348,22.658,23.689,27.606,32.522
2016-05-24,22.304,22.758,23.827,28.157,32.647
2016-05-23,22.572,22.876,23.960,28.712,32.827
2016-05-20,22.700,22.953,24.074,29.232,32.995
2016-05-19,22.838,23.220,24.864,29.807,33.228
2016-05-18,22.968,23.632,25.647,30.372,33.466
2016-05-17,23.212,24.029,26.578,30.934,33.703
2016-05-16,23.180,24.214,27.426,31.430,33.901
2016-05-13,23.206,24.350,28.361,31.942,34.098
2016-05-12,23.602,24.507,29.237,32.462,34.303
2016-05-11,24.296,24.720,30.080,32.948,34.501
2016-05-10,24.846,24.895,30.856,33.493,34.665
2016-05-09,25.248,25.044,31.631,33.984,34.840
2016-05-06,25.494,25.194,32.372,34.482,35.017
2016-05-05,25.412,26.507,33.101,34.943,35.158
2016-05-04,25.144,27.662,33.742,35.377,35.270
2016-05-03,24.944,29.127,34.387,35.844,35.365
2016-04-29,24.840,30.637,35.038,36.282,35.474
2016-04-28,24.894,32.372,35.738,36.763,35.581
2016-04-27,27.602,33.967,36.439,37.148,35.711
2016-04-26,30.180,35.440,37.062,37.558,35.841
2016-04-25,33.310,36.817,37.793,37.948,36.029
2016-04-22,36.434,38.217,38.454,38.313,36.214
2016-04-21,39.850,39.550,39.126,38.668,36.391
2016-04-20,40.332,39.694,39.161,38.583,36.371
2016-04-19,40.700,39.822,39.235,38.555,36.358
2016-04-18,40.324,39.647,39.202,38.416,36.276
2016-04-15,40.000,39.439,39.105,38.210,36.188
2016-04-14,39.250,39.104,38.958,37.947,36.119
2016-04-13,39.056,38.911,38.739,37.732,36.049
2016-04-12,38.944,38.684,38.617,37.437,36.030
2016-04-11,38.970,38.768,38.514,37.137,36.025
2016-04-08,38.878,38.691,38.361,36.942,36.094
2016-04-07,38.958,38.701,38.227,36.758,36.142
2016-04-06,38.766,38.628,38.028,36.648,36.243
2016-04-05,38.424,38.648,37.922,36.560,36.287
2016-04-01,38.566,38.757,37.800,36.472,36.368
2016-03-31,38.504,38.770,37.596,36.372,36.543
2016-03-30,38.444,38.812,37.368,36.254,36.728
2016-03-29,38.490,38.566,37.142,36.144,36.920
2016-03-28,38.872,38.549,36.814,36.054,37.122
2016-03-25,38.948,38.260,36.321,35.836,37.337
2016-03-24,39.036,38.030,36.068,35.696,37.605
2016-03-23,39.180,37.752,35.786,35.552,37.818
2016-03-22,38.642,37.427,35.658,35.372,38.014
2016-03-21,38.226,37.195,35.517,35.162,38.160
2016-03-18,37.572,36.843,35.330,34.887,38.272
2016-03-17,37.024,36.421,35.173,34.666,38.430
2016-03-16,36.324,35.924,34.975,34.399,38.549
2016-03-15,36.212,35.718,34.934,34.274,38.704
2016-03-14,36.164,35.079,34.806,34.124,38.841
2016-03-11,36.114,34.382,34.624,34.110,38.971
2016-03-10,35.818,34.106,34.529,34.116,39.118
2016-03-09,35.524,33.820,34.452,34.114,39.294
2016-03-08,35.224,33.889,34.345,34.158,39.502
2016-03-07,33.994,33.838,34.146,34.162,39.692
2016-03-04,32.650,33.817,33.909,34.136,39.895
2016-03-03,32.394,33.925,33.788,34.167,40.145
2016-03-02,32.116,34.025,33.636,34.292,40.347
2016-03-01,32.554,34.149,33.552,34.366,40.558
2016-02-29,33.682,34.533,33.647,34.623,40.835
2016-02-26,34.984,34.865,33.974,34.913,41.057
2016-02-25,35.456,34.951,34.121,35.245,41.266
2016-02-24,35.934,35.083,34.262,35.525,41.494
2016-02-23,35.744,34.801,34.293,35.838,41.660
2016-02-22,35.384,34.453,34.324,36.014,41.759
2016-02-19,34.746,34.001,34.295,36.264,41.876
2016-02-18,34.446,33.651,34.288,36.714,41.991
2016-02-17,34.232,33.247,34.425,37.203,42.074
2016-02-16,33.858,32.954,34.474,37.696,42.184
2016-02-15,33.522,32.761,34.668,38.190,42.329
2016-02-05,33.256,33.083,34.937,38.837,42.504
2016-02-04,32.856,33.291,35.392,39.513,42.752
2016-02-03,32.262,33.440,35.747,40.084,42.941
2016-02-02,32.050,33.785,36.356,40.655,43.080
2016-02-01,32.000,34.194,36.795,41.157,43.238
2016-01-29,32.910,34.589,37.396,41.657,43.384
2016-01-28,33.726,34.924,38.245,42.194,43.502
2016-01-27,34.618,35.603,39.181,42.700,43.651
2016-01-26,35.520,35.994,40.067,43.134,43.761
2016-01-25,36.388,36.574,40.905,43.558,43.828
2016-01-22,36.268,36.791,41.715,43.831,43.824
2016-01-21,36.122,37.493,42.625,44.120,43.829
2016-01-20,36.588,38.053,43.406,44.474,43.838
2016-01-19,36.468,38.927,44.090,44.846,43.795
2016-01-18,36.760,39.396,44.639,45.222,43.741
2016-01-15,37.314,40.203,45.191,45.654,43.700
2016-01-14,38.864,41.566,45.829,46.123,43.656
2016-01-13,39.518,42.758,46.248,46.402,43.552
2016-01-12,41.386,44.140,46.704,46.750,43.531
2016-01-11,42.032,45.235,47.050,47.048,43.467
2016-01-08,43.092,46.638,47.352,47.201,43.424
2016-01-07,44.268,47.756,47.434,47.286,43.261
2016-01-06,45.998,48.759,47.685,47.462,43.113
2016-01-05,46.894,49.253,47.806,47.482,42.912
2016-01-04,48.438,49.881,48.136,47.503,42.769
2015-12-31,50.184,50.179,48.379,47.487,42.568
2015-12-30,51.244,50.091,48.401,47.268,42.294
2015-12-29,51.520,49.738,48.224,46.945,41.974
2015-12-28,51.612,49.267,48.056,46.672,41.651
2015-12-25,51.324,48.865,47.955,46.467,41.294
2015-12-24,50.174,48.065,47.483,46.171,40.894
2015-12-23,48.938,47.112,47.052,45.990,40.450
2015-12-22,47.956,46.610,46.814,45.797,40.102
2015-12-21,46.922,46.358,46.597,45.506,39.761
2015-12-18,46.406,46.390,46.314,45.319,39.457
2015-12-17,45.956,46.579,46.141,45.110,39.166
2015-12-16,45.286,46.711,45.857,44.810,38.838
2015-12-15,45.264,46.709,45.549,44.603,38.533
2015-12-14,45.794,46.844,45.375,44.389,38.244
2015-12-11,46.374,47.044,45.268,44.097,37.910
2015-12-10,47.202,46.901,45.225,43.816,37.611
2015-12-09,48.136,46.991,45.429,43.538,37.363
2015-12-08,48.154,47.017,45.391,43.202,37.085
2015-12-07,47.894,46.835,45.080,42.745,36.790
2015-12-04,47.714,46.237,44.783,42.260,36.466
2015-12-03,46.600,45.702,44.376,41.746,36.106
2015-12-02,45.846,45.003,43.860,41.189,35.720
2015-12-01,45.880,44.388,43.550,40.701,35.403
2015-11-30,45.776,43.906,43.162,40.311,35.124
2015-11-27,44.760,43.492,42.624,39.886,34.878
2015-11-26,44.804,43.548,42.274,39.647,34.680
2015-11-25,44.160,43.866,41.812,39.235,34.428
2015-11-24,42.896,43.764,41.295,38.765,34.136
2015-11-23,42.036,43.324,40.700,38.341,33.898
2015-11-20,42.224,43.329,40.272,38.034,33.782
2015-11-19,42.292,43.050,39.768,37.649,33.665
2015-11-18,43.572,42.717,39.283,37.319,33.621
2015-11-17,44.632,42.711,38.858,37.004,33.605
2015-11-16,44.612,42.417,38.514,36.629,33.630
2015-11-13,44.434,41.755,38.083,36.121,33.656
2015-11-12,43.808,40.999,37.696,35.616,33.677
2015-11-11,41.862,39.758,36.920,34.909,33.619
2015-11-10,40.790,38.826,36.265,34.407,33.660
2015-11-09,40.222,38.075,35.850,34.016,33.753
2015-11-06,39.076,37.215,35.387,33.595,33.808
2015-11-05,38.190,36.486,34.949,33.222,33.900
2015-11-04,37.654,35.848,34.620,32.866,34.086
2015-11-03,36.862,35.005,34.150,32.463,34.215
2015-11-02,35.928,34.611,33.735,32.098,34.331
2015-10-30,35.354,34.410,33.305,31.723,34.414
2015-10-29,34.782,34.393,32.925,31.407,34.464
2015-10-28,34.042,34.082,32.485,31.188,34.511
2015-10-27,33.148,33.704,32.198,30.967,34.505
2015-10-26,33.294,33.625,31.986,30.835,34.562
2015-10-23,33.466,33.559,31.785,30.671,34.694
2015-10-22,34.004,33.411,31.591,30.465,34.849
2015-10-21,34.122,33.391,31.375,30.250,34.952
2015-10-20,34.260,33.295,31.193,30.104,35.063
2015-10-19,33.956,32.859,30.842,29.937,35.093
2015-10-16,33.652,32.199,30.380,29.870,35.128
2015-10-15,32.818,31.456,29.914,29.713,35.108
2015-10-14,32.660,30.888,29.741,29.621,35.140
2015-10-13,32.330,30.691,29.599,29.506,35.253
2015-10-12,31.762,30.347,29.441,29.455,35.286
2015-10-09,30.746,30.010,29.227,29.529,35.268
2015-10-08,30.094,29.770,28.993,29.681,35.225
2015-10-07,29.116,29.359,28.680,29.923,35.129
2015-09-30,29.052,29.090,28.509,30.206,35.113
2015-09-29,28.932,28.825,28.476,30.631,35.150
2015-09-28,29.274,28.561,28.706,31.191,35.213
2015-09-25,29.446,28.371,28.842,31.738,35.311
2015-09-24,29.602,28.594,28.988,32.329,35.469
2015-09-23,29.128,28.506,28.914,32.914,35.617
2015-09-22,28.718,28.534,29.009,33.490,35.737
2015-09-21,27.848,28.443,29.288,34.022,35.928
2015-09-18,27.296,28.215,29.636,34.578,36.202
2015-09-17,27.586,28.001,30.205,35.305,36.565
2015-09-16,27.884,27.927,30.764,35.967,36.933
2015-09-15,28.350,28.126,31.534,36.564,37.257
2015-09-14,29.038,28.851,32.506,37.104,37.686
2015-09-11,29.134,29.313,33.421,37.521,38.190
2015-09-10,28.416,29.381,34.197,37.835,38.633
2015-09-09,27.970,29.322,35.118,38.043,39.186
2015-09-08,27.902,29.484,35.969,38.288,39.840
2015-09-07,28.664,30.133,36.811,38.717,40.641
2015-09-02,29.492,31.057,37.760,39.232,41.356
2015-09-01,30.346,32.408,38.958,39.654,41.982
2015-08-31,30.674,33.601,39.987,40.022,42.711
2015-08-28,31.066,34.941,40.784,40.249,43.335
2015-08-27,31.602,36.161,41.230,40.385,43.810
2015-08-26,32.622,37.529,41.625,40.503,44.215
2015-08-25,34.470,39.012,42.062,40.659,44.553
2015-08-24,36.528,40.913,42.403,41.000,44.841
2015-08-21,38.816,42.453,42.690,41.117,45.007
2015-08-20,40.720,43.489,43.009,41.008,45.049
2015-08-19,42.436,44.462,43.319,40.768,45.018
2015-08-18,43.554,45.507,43.277,40.335,44.881
2015-08-17,45.298,46.372,43.233,40.020,44.707
2015-08-14,46.090,46.626,42.903,39.670,44.417
2015-08-13,46.258,46.299,42.497,39.236,44.060
2015-08-12,46.488,45.720,41.990,38.883,43.667
2015-08-11,47.460,45.111,41.483,38.609,43.239
2015-08-10,47.446,43.893,41.044,38.320,-1
2015-08-07,47.162,42.927,40.449,37.983,-1
2015-08-06,46.340,42.529,39.768,37.834,-1
2015-08-05,44.952,42.176,38.922,37.826,-1
2015-08-04,42.762,41.047,37.749,37.825,-1
2015-08-03,40.340,40.093,36.844,37.900,-1
2015-07-31,38.692,39.179,36.192,37.951,-1
2015-07-30,38.718,38.694,35.704,38.269,-1
2015-07-29,39.400,38.259,35.465,38.860,-1
2015-07-28,39.332,37.854,35.358,39.431,-1
2015-07-27,39.846,38.195,35.533,40.330,-1
2015-07-24,39.666,37.971,35.511,41.391,-1
2015-07-23,38.670,37.006,35.487,42.566,-1
2015-07-22,37.118,35.667,35.652,43.480,-1
2015-07-21,36.376,34.450,36.214,44.311,-1
2015-07-20,36.544,33.594,36.804,45.399,-1
2015-07-17,36.276,33.204,37.337,46.421,-1
2015-07-16,35.342,32.714,38.057,47.235,-1
2015-07-15,34.216,32.671,39.160,47.928,-1
2015-07-14,32.524,32.861,40.220,48.447,-1
2015-07-13,30.644,32.871,41.398,48.683,-1
2015-07-10,30.132,33.051,43.101,48.897,-1
2015-07-09,30.086,33.967,45.346,49.091,-1
2015-07-08,31.126,35.636,47.386,49.268,-1
2015-07-07,33.198,37.978,49.241,49.428,-1
2015-07-06,35.098,40.013,51.302,49.394,-1
2015-07-03,35.970,41.469,53.030,49.164,-1
2015-07-02,37.848,43.399,54.495,48.885,-1
2015-07-01,40.146,45.649,55.557,48.451,-1
2015-06-30,42.758,47.579,56.241,47.869,-1
2015-06-29,44.928,49.925,56.589,-1,-1
2015-06-26,46.968,53.151,56.820,-1,-1
2015-06-25,48.950,56.724,56.653,-1,-1
2015-06-24,51.152,59.136,56.084,-1,-1
2015-06-23,52.400,60.504,55.153,-1,-1
2015-06-19,54.922,62.591,54.085,-1,-1
2015-06-18,59.334,64.590,53.012,-1,-1
2015-06-17,64.498,65.591,51.628,-1,-1
2015-06-16,67.120,65.465,49.852,-1,-1
2015-06-15,68.608,64.902,48.014,-1,-1
2015-06-12,70.260,63.252,-1,-1,-1
2015-06-11,69.846,60.488,-1,-1,-1
2015-06-10,66.684,56.582,-1,-1,-1
2015-06-09,63.810,53.031,-1,-1,-1
2015-06-08,61.196,49.802,-1,-1,-1
2015-06-05,56.244,45.579,-1,-1,-1
2015-06-04,51.130,41.434,-1,-1,-1
2015-06-03,46.480,37.666,-1,-1,-1
2015-06-02,42.252,34.240,-1,-1,-1
2015-06-01,38.408,31.126,-1,-1,-1
2015-05-29,34.914,-1,-1,-1,-1
2015-05-28,31.738,-1,-1,-1,-1
2015-05-27,28.852,-1,-1,-1,-1
2015-05-26,26.228,-1,-1,-1,-1
2015-05-25,23.844,-1,-1,-1,-1
2015-05-22,-1,-1,-1,-1,-1
2015-05-21,-1,-1,-1,-1,-1
2015-05-20,-1,-1,-1,-1,-1
2015-05-19,-1,-1,-1,-1,-1
