date,open,high,close,low,volume,price_change,p_change,ma5,ma10,ma20,v_ma5,v_ma10,v_ma20,turnover
2017-03-17 15:00:00,14.5,14.5,14.08,14.06,425989.0,-0.42,-2.9,14.556,14.266,13.742,483995.0,424844.0,263340.0,7.1
2017-03-17 14:00:00,14.77,14.93,14.5,14.45,239637.0,-0.27,-1.83,14.648,14.179,13.7025,421766.0,387425.0,258348.0,3.99
2017-03-17 11:30:00,14.92,15.2,14.77,14.66,318788.0,-0.15,-1.01,14.656,14.048,13.66,480910.0,372986.0,249565.0,5.31
2017-03-17 10:30:00,15.3,15.58,14.89,14.54,1414200.0,-0.41,-2.68,14.57,13.893,13.604,619153.0,351513.0,238335.0,23.57
2017-03-16 15:00:00,14.54,14.54,14.54,14.54,21360.5,0.0,0.0,14.236,13.731,13.5465,352711.0,214572.0,174708.0,0.36
2017-03-16 14:00:00,14.54,14.54,14.54,14.54,114845.0,0.0,0.0,13.976,13.605,13.511,365692.0,220895.0,182112.0,1.91
2017-03-16 11:30:00,14.34,14.54,14.54,14.19,535359.0,0.2,1.39,13.71,13.488,13.4715,353084.0,226558.0,184186.0,8.92
2017-03-16 10:30:00,13.34,14.48,14.34,13.34,1010000.0,1.0,7.5,13.44,13.357,13.426,265062.0,183480.0,163232.0,16.83
2017-03-15 15:00:00,13.24,13.27,13.22,13.19,81989.1,-0.02,-0.15,13.216,13.243,13.3935,83872.9,88530.0,123853.0,1.37
2017-03-15 14:00:00,13.21,13.32,13.24,13.16,86268.0,0.03,0.23,13.226,13.236,13.428,76433.2,87348.5,130338.0,1.44
2017-03-15 11:30:00,13.2,13.27,13.21,13.15,51806.4,0.01,0.08,13.234,13.218,13.464,76097.0,101836.0,129435.0,0.86
2017-03-15 10:30:00,13.2,13.33,13.19,13.16,95240.0,-0.01,-0.08,13.266,13.226,13.5075,100032.0,129270.0,132106.0,1.59
2017-03-14 15:00:00,13.28,13.28,13.22,13.17,104061.0,-0.06,-0.45,13.274,13.272,13.5455,101898.0,126145.0,138015.0,1.73
2017-03-14 14:00:00,13.28,13.3,13.27,13.23,44790.8,-0.01,-0.08,13.27,13.315,13.592,93187.0,125157.0,150073.0,0.75
2017-03-14 11:30:00,13.37,13.39,13.28,13.24,84586.8,-0.09,-0.67,13.246,13.362,13.6235,98263.7,134845.0,151551.0,1.41
2017-03-14 10:30:00,13.18,13.45,13.37,13.18,171483.0,0.19,1.44,13.202,13.417,13.6525,127575.0,143330.0,153363.0,2.86
2017-03-13 15:00:00,13.2,13.24,13.23,13.16,104569.0,0.03,0.23,13.186,13.455,13.6835,158507.0,141813.0,153860.0,1.74
2017-03-13 14:00:00,13.15,13.25,13.2,13.1,60505.4,0.05,0.38,13.27,13.495,13.7225,150392.0,142985.0,157023.0,1.01
2017-03-13 11:30:00,13.06,13.18,13.15,13.06,70174.2,0.09,0.69,13.36,13.544,13.755,157126.0,159176.0,158978.0,1.17
2017-03-13 10:30:00,13.12,13.2,13.06,12.92,231144.0,-0.06,-0.46,13.478,13.62,13.798,171426.0,173328.0,167018.0,3.85
2017-03-10 15:00:00,13.65,13.65,13.29,13.29,326144.0,-0.36,-2.64,13.632,13.71,13.8365,159085.0,157034.0,165475.0,5.44
2017-03-10 14:00:00,13.65,13.69,13.65,13.61,63993.8,0.0,0.0,13.724,13.789,13.865,125118.0,134943.0,157742.0,1.07
2017-03-10 11:30:00,13.74,13.75,13.65,13.61,94176.5,-0.09,-0.66,13.72,13.819,13.876,135578.0,149884.0,160023.0,1.57
2017-03-10 10:30:00,13.73,13.89,13.74,13.65,141673.0,0.01,0.07,13.728,13.869,13.8835,161226.0,174989.0,160426.0,2.36
2017-03-09 15:00:00,13.77,13.88,13.83,13.66,169440.0,0.06,0.44,13.762,13.885,13.885,175230.0,168257.0,171734.0,2.82
2017-03-09 14:00:00,13.63,13.92,13.75,13.6,156306.0,0.12,0.88,13.788,13.888,13.9005,154982.0,163395.0,175606.0,2.61
2017-03-09 11:30:00,13.7,13.73,13.63,13.6,116292.0,-0.07,-0.51,13.854,13.912,13.9285,144768.0,165907.0,182906.0,1.94
2017-03-09 10:30:00,13.86,13.86,13.69,13.64,222417.0,-0.17,-1.23,13.918,13.95,13.96,164191.0,171061.0,186819.0,3.71
2017-03-08 15:00:00,13.96,13.97,13.91,13.83,211697.0,-0.05,-0.36,14.01,13.966,13.9825,188752.0,158781.0,223566.0,3.53
2017-03-08 14:00:00,14.08,14.1,13.96,13.93,68196.1,-0.12,-0.85,14.008,13.976,13.9675,161283.0,160707.0,222873.0,1.14
2017-03-08 11:30:00,13.95,14.12,14.08,13.94,105238.0,0.13,0.93,13.988,13.963,13.9505,171809.0,173917.0,225961.0,1.75
2017-03-08 10:30:00,14.12,14.14,13.95,13.9,213405.0,-0.17,-1.2,13.97,13.941,13.933,187046.0,180541.0,227270.0,3.56
2017-03-07 15:00:00,13.9,14.17,14.15,13.89,345225.0,0.25,1.8,13.982,13.933,13.9215,177932.0,170161.0,236563.0,5.75
2017-03-07 14:00:00,13.85,13.93,13.9,13.8,74351.2,0.05,0.36,13.922,13.898,13.903,128809.0,145862.0,232263.0,1.24
2017-03-07 11:30:00,13.99,14.0,13.86,13.8,120826.0,-0.13,-0.93,13.944,13.885,13.8865,160130.0,175212.0,233958.0,2.01
2017-03-07 10:30:00,13.99,14.12,13.99,13.91,181424.0,0.0,0.0,13.938,13.913,13.879,176025.0,187816.0,239188.0,3.02
2017-03-06 15:00:00,13.86,14.05,14.01,13.85,167834.0,0.15,1.08,13.912,13.945,13.864,174035.0,199904.0,254539.0,2.8
2017-03-06 14:00:00,14.01,14.06,13.85,13.82,99609.0,-0.16,-1.14,13.884,13.97,13.827,162390.0,202577.0,258400.0,1.66
2017-03-06 11:30:00,13.82,14.15,14.01,13.82,230959.0,0.19,1.37,13.874,13.999,13.8115,162916.0,288352.0,260063.0,3.85
2017-03-06 10:30:00,13.8,13.96,13.83,13.7,200297.0,0.03,0.22,13.826,13.959,13.7815,190293.0,285038.0,253111.0,3.34
2017-03-03 15:00:00,13.86,13.94,13.86,13.77,171478.0,0.0,0.0,13.888,13.938,13.76,199607.0,278006.0,253763.0,2.86
2017-03-03 14:00:00,13.81,13.97,13.87,13.71,109607.0,0.06,0.43,13.978,13.925,13.7495,225773.0,273998.0,255286.0,1.83
2017-03-03 11:30:00,13.77,13.88,13.8,13.71,102237.0,0.03,0.22,14.056,13.91,13.7295,242763.0,302966.0,255598.0,1.7
2017-03-03 10:30:00,13.95,13.98,13.77,13.7,367846.0,-0.18,-1.29,14.124,13.908,13.713,413788.0,318665.0,256665.0,6.13
2017-03-02 15:00:00,14.33,14.42,14.14,14.09,246869.0,-0.19,-1.33,14.092,13.888,13.6985,379784.0,292705.0,253233.0,4.11
2017-03-02 14:00:00,14.25,14.63,14.31,14.23,302308.0,0.06,0.42,13.988,13.845,13.6725,356405.0,290560.0,253253.0,5.04
2017-03-02 11:30:00,14.13,14.3,14.26,13.99,194557.0,0.13,0.92,13.872,13.783,13.632,322224.0,309174.0,244338.0,3.24
2017-03-02 10:30:00,13.66,14.63,14.14,13.59,957361.0,0.48,3.51,13.764,13.684,13.599,363168.0,314223.0,250231.0,15.96
2017-03-01 15:00:00,13.62,13.73,13.61,13.56,197825.0,-0.01,-0.07,13.692,13.624,13.564,223541.0,231774.0,215678.0,3.3
2017-03-01 14:00:00,13.73,13.75,13.62,13.61,129972.0,-0.11,-0.8,13.684,13.604,13.554,205626.0,221184.0,216898.0,2.17
2017-03-01 11:30:00,13.71,13.82,13.73,13.66,131403.0,0.02,0.15,13.702,13.582,13.538,224715.0,229521.0,217317.0,2.19
2017-03-01 10:30:00,13.8,14.03,13.72,13.64,399279.0,-0.08,-0.58,13.694,13.574,13.5195,296124.0,236574.0,222420.0,6.65
2017-02-28 15:00:00,13.57,13.8,13.78,13.53,259226.0,0.21,1.55,13.604,13.549,13.504,265278.0,208229.0,222911.0,4.32
2017-02-28 14:00:00,13.7,13.71,13.57,13.52,108249.0,-0.13,-0.95,13.556,13.518,13.5015,240006.0,194666.0,225448.0,1.8
2017-02-28 11:30:00,13.69,13.73,13.71,13.53,225416.0,0.02,0.15,13.524,13.509,13.5145,236742.0,213762.0,226127.0,3.76
2017-02-28 10:30:00,13.21,13.75,13.69,13.21,488450.0,0.48,3.63,13.462,13.5,13.5195,234327.0,215946.0,229730.0,8.14
2017-02-27 15:00:00,13.53,13.6,13.27,13.23,245048.0,-0.26,-1.92,13.454,13.481,13.537,177024.0,179501.0,239876.0,4.08
2017-02-27 14:00:00,13.42,13.64,13.54,13.4,132868.0,0.12,0.89,13.494,13.514,13.5705,151181.0,186238.0,247342.0,2.21
2017-02-27 11:30:00,13.39,13.55,13.41,13.39,91925.6,0.02,0.15,13.48,13.504,13.597,149327.0,199582.0,255047.0,1.53
2017-02-27 10:30:00,13.59,13.61,13.4,13.33,213341.0,-0.19,-1.4,13.494,13.504,13.614,190782.0,212613.0,260126.0,3.56
2017-02-24 15:00:00,13.47,13.66,13.65,13.41,201937.0,0.18,1.34,13.538,13.494,13.633,197566.0,205113.0,296792.0,3.37
2017-02-24 14:00:00,13.47,13.49,13.47,13.36,115833.0,0.0,0.0,13.508,13.465,13.6475,181979.0,208265.0,310283.0,1.93
2017-02-24 11:30:00,13.49,13.51,13.47,13.42,123596.0,-0.02,-0.15,13.534,13.459,13.6915,221296.0,237593.0,335548.0,2.06
2017-02-24 10:30:00,13.51,13.76,13.48,13.44,299203.0,-0.03,-0.22,13.528,13.485,13.738,249838.0,256229.0,368970.0,4.99
2017-02-23 15:00:00,13.5,13.64,13.62,13.37,247261.0,0.12,0.89,13.514,13.52,13.8445,234444.0,238491.0,418376.0,4.12
2017-02-23 14:00:00,13.61,13.61,13.5,13.45,124000.0,-0.11,-0.81,13.45,13.539,13.873,212659.0,243514.0,431369.0,2.07
2017-02-23 11:30:00,13.43,13.71,13.6,13.42,312417.0,0.17,1.27,13.422,13.593,13.887,234552.0,300251.0,447712.0,5.21
2017-02-23 10:30:00,13.41,13.53,13.44,13.29,266308.0,0.03,0.22,13.384,13.627,13.898,253891.0,308446.0,488800.0,4.44
2017-02-22 15:00:00,13.3,13.44,13.41,13.26,222234.0,0.11,0.83,13.442,13.69,13.8725,262620.0,310513.0,499600.0,3.7
2017-02-22 14:00:00,13.36,13.43,13.3,13.25,138337.0,-0.06,-0.45,13.526,13.724,13.847,242539.0,307639.0,505088.0,2.31
2017-02-22 11:30:00,13.41,13.53,13.36,13.26,233462.0,-0.05,-0.37,13.628,13.772,13.835,274368.0,388471.0,531335.0,3.89
2017-02-22 10:30:00,13.62,13.64,13.41,13.35,409116.0,-0.21,-1.54,13.764,13.83,13.796,365950.0,412302.0,537017.0,6.82
2017-02-21 15:00:00,13.82,13.85,13.73,13.55,309951.0,-0.09,-0.65,13.87,13.924,13.757,363001.0,433502.0,542426.0,5.17
2017-02-21 14:00:00,13.81,13.95,13.83,13.76,121827.0,0.02,0.14,13.938,13.991,13.712,358406.0,481710.0,542977.0,2.03
2017-02-21 11:30:00,14.05,14.09,13.81,13.71,297484.0,-0.24,-1.71,13.922,14.169,13.6655,372739.0,598261.0,545515.0,4.96
2017-02-21 10:30:00,13.85,14.37,14.04,13.85,691374.0,0.19,1.37,13.916,14.207,13.6245,502573.0,619225.0,550647.0,11.52
2017-02-20 15:00:00,14.06,14.12,13.94,13.8,394370.0,-0.12,-0.85,13.896,14.181,13.574,458653.0,595173.0,565440.0,6.57
2017-02-20 14:00:00,13.75,14.07,14.07,13.71,286973.0,0.32,2.33,13.978,14.169,13.488,504003.0,669153.0,560970.0,4.78
2017-02-20 11:30:00,13.78,13.83,13.75,13.56,193492.0,-0.03,-0.22,14.044,14.055,13.391,605015.0,688688.0,560289.0,3.22
2017-02-20 10:30:00,13.51,13.85,13.78,13.35,946657.0,0.27,2.0,14.416,13.97,13.322,823784.0,702537.0,571386.0,15.78
2017-02-17 15:00:00,14.36,14.51,13.94,13.93,471775.0,-0.42,-2.92,14.498,13.898,13.2485,735878.0,674199.0,573006.0,7.86
2017-02-17 14:00:00,14.4,14.65,14.35,14.0,621119.0,-0.05,-0.35,14.466,13.762,13.1515,731692.0,661731.0,579616.0,10.35
2017-02-17 11:30:00,15.61,15.61,14.4,14.4,792030.0,-1.21,-7.75,14.36,13.59,13.042,834302.0,651350.0,597575.0,13.2
2017-02-17 10:30:00,14.3,15.61,15.61,14.29,1287340.0,1.31,9.16,14.066,13.433,12.8955,772363.0,604244.0,568018.0,21.46
2017-02-16 15:00:00,13.78,14.19,14.19,13.68,507124.0,0.41,2.98,13.524,13.162,12.6915,581290.0,492769.0,537963.0,8.45
2017-02-16 14:00:00,13.81,14.17,13.78,13.7,450848.0,-0.03,-0.22,13.298,13.042,12.5435,612520.0,482070.0,528284.0,7.51
2017-02-16 11:30:00,12.97,14.06,13.82,12.91,1134170.0,0.85,6.55,13.058,12.967,12.427,591770.0,535706.0,520083.0,18.9
2017-02-16 10:30:00,12.7,13.08,12.93,12.63,482327.0,0.23,1.81,12.82,12.807,12.307,468398.0,452786.0,474599.0,8.04
2017-02-15 15:00:00,13.06,13.18,12.9,12.75,331979.0,-0.16,-1.23,12.8,12.727,12.2335,436124.0,431890.0,486275.0,5.53
2017-02-15 14:00:00,12.58,13.36,13.06,12.58,663278.0,0.48,3.82,12.8,12.674,12.16,404248.0,440236.0,521458.0,11.05
2017-02-15 11:30:00,12.63,12.67,12.58,12.43,347097.0,-0.05,-0.4,12.786,12.599,12.072,351619.0,471813.0,508669.0,5.78
2017-02-15 10:30:00,12.57,12.89,12.63,12.57,517310.0,0.06,0.48,12.876,12.541,11.975,479642.0,497500.0,495575.0,8.62
2017-02-14 15:00:00,12.9,13.04,12.83,12.72,320958.0,-0.07,-0.54,12.794,12.494,11.8745,437174.0,543800.0,484052.0,5.35
2017-02-14 14:00:00,12.98,13.02,12.9,12.74,172597.0,-0.08,-0.62,12.654,12.358,11.772,427656.0,531793.0,480860.0,2.88
2017-02-14 11:30:00,13.03,13.39,12.99,12.91,400132.0,-0.04,-0.31,12.548,12.221,11.6665,476224.0,583157.0,487547.0,6.67
2017-02-14 10:30:00,12.2,13.09,13.03,12.1,987214.0,0.83,6.8,12.412,12.045,11.563,592007.0,574499.0,475295.0,16.45
2017-02-13 15:00:00,12.12,12.24,12.22,12.02,304971.0,0.1,0.83,12.206,11.887,11.4595,515358.0,504460.0,440795.0,5.08
2017-02-13 14:00:00,12.39,12.43,12.13,12.09,273364.0,-0.26,-2.1,12.194,11.807,11.403,650426.0,496411.0,437077.0,4.56
2017-02-13 11:30:00,12.32,12.48,12.37,12.15,415440.0,0.05,0.41,12.062,11.74,11.349,635930.0,540660.0,428904.0,6.92
2017-02-13 10:30:00,11.85,12.4,12.31,11.85,979047.0,0.46,3.88,11.894,11.646,11.2845,690090.0,602681.0,420908.0,16.32
2017-02-10 15:00:00,12.16,12.34,12.0,11.92,603967.0,-0.16,-1.32,11.678,11.545,11.2185,556991.0,545525.0,389910.0,10.07
2017-02-10 14:00:00,11.47,12.34,12.16,11.47,980310.0,0.69,6.02,11.568,11.409,11.1685,493563.0,493650.0,370866.0,16.34
2017-02-10 11:30:00,11.51,11.58,11.47,11.41,200888.0,-0.04,-0.35,11.42,11.255,11.1175,342396.0,424304.0,329991.0,3.35
2017-02-10 10:30:00,11.16,11.7,11.53,11.14,686240.0,0.37,3.32,11.418,11.186,11.094,445389.0,429927.0,329990.0,11.44
2017-02-09 15:00:00,11.44,11.45,11.23,11.19,313552.0,-0.21,-1.84,11.398,11.112,11.0705,515271.0,391936.0,334980.0,5.23
2017-02-09 14:00:00,11.41,11.55,11.45,11.35,286825.0,0.04,0.35,11.412,11.081,11.1,534058.0,376092.0,337096.0,4.78
2017-02-09 11:30:00,11.45,11.48,11.42,11.27,224474.0,-0.03,-0.26,11.25,11.032,11.1205,493738.0,377129.0,332679.0,3.74
2017-02-09 10:30:00,11.19,11.55,11.46,11.15,715856.0,0.27,2.41,11.09,10.999,11.1485,506213.0,377742.0,341784.0,11.93
2017-02-08 15:00:00,11.29,11.59,11.43,11.12,1035650.0,0.14,1.24,10.954,10.958,11.175,414465.0,317148.0,382227.0,17.26
2017-02-08 14:00:00,10.64,11.3,11.3,10.64,407487.0,0.66,6.2,10.826,10.923,11.197,268601.0,239136.0,330518.0,6.79
2017-02-08 11:30:00,10.62,10.65,10.64,10.6,85222.0,0.02,0.19,10.75,10.892,11.2255,218125.0,234295.0,310184.0,1.42
2017-02-08 10:30:00,10.72,10.75,10.62,10.56,286850.0,-0.1,-0.93,10.814,10.928,11.287,260520.0,248082.0,306020.0,4.78
2017-02-07 15:00:00,10.79,10.8,10.78,10.73,257114.0,-0.01,-0.09,10.908,10.98,11.3495,249272.0,235677.0,293168.0,4.29
2017-02-07 14:00:00,10.92,10.92,10.79,10.74,306332.0,-0.13,-1.19,10.962,11.002,11.35,219831.0,230053.0,280329.0,5.11
2017-02-07 11:30:00,10.96,10.98,10.92,10.91,155106.0,-0.04,-0.36,11.02,11.029,11.35,209671.0,278024.0,265030.0,2.59
2017-02-07 10:30:00,11.01,11.01,10.96,10.92,297200.0,-0.05,-0.45,11.034,11.119,11.3435,250465.0,298101.0,257310.0,4.95
2017-02-06 15:00:00,11.06,11.1,11.09,10.99,230608.0,0.03,0.27,11.042,11.209,11.335,235644.0,288229.0,242653.0,3.84
2017-02-06 14:00:00,11.08,11.09,11.05,11.02,109910.0,-0.03,-0.27,11.052,11.298,11.271,222082.0,305826.0,231151.0,1.83
2017-02-06 11:30:00,11.0,11.15,11.08,10.97,255532.0,0.08,0.73,11.042,11.392,11.209,240275.0,447306.0,225681.0,4.26
2017-02-06 10:30:00,10.92,11.06,10.99,10.9,359076.0,0.07,0.64,11.038,11.471,11.1455,346377.0,421901.0,212976.0,5.98
2017-02-03 15:00:00,11.14,11.17,11.0,10.98,223092.0,-0.14,-1.26,11.204,11.559,11.0865,345736.0,386073.0,195123.0,3.72
2017-02-03 14:00:00,11.0,11.17,11.14,10.98,162801.0,0.14,1.27,11.376,11.646,11.0911,340815.0,363958.0,193651.0,2.71
2017-02-03 11:30:00,11.05,11.06,11.0,10.96,200874.0,-0.05,-0.45,11.544,11.719,11.0883,389570.0,350660.0,195364.0,3.35
2017-02-03 10:30:00,11.35,11.45,11.06,10.95,786043.0,-0.29,-2.56,11.742,11.698,11.0935,654337.0,330604.0,195040.0,13.1
2017-01-26 15:00:00,11.87,11.94,11.82,11.79,355872.0,-0.05,-0.42,11.904,11.671,11.0956,497424.0,252037.0,158103.0,5.93
2017-01-26 14:00:00,11.98,11.99,11.86,11.85,198486.0,-0.12,-1.0,11.914,11.568,11.0473,426409.0,216520.0,144918.0,3.31
2017-01-26 11:30:00,11.98,11.98,11.98,11.71,406574.0,0.0,0.0,11.916,11.461,10.9893,387101.0,197076.0,141092.0,6.78
2017-01-26 10:30:00,12.2,12.45,11.99,11.92,1524710.0,-0.21,-1.72,11.894,11.244,10.9131,311749.0,156475.0,120670.0,25.41
2017-01-25 15:00:00,11.87,11.87,11.87,11.87,1479.49,0.0,0.0,11.654,11.026,10.8233,6870.93,4055.77,3666.79,0.02
2017-01-25 14:00:00,11.87,11.87,11.87,11.87,794.95,0.0,0.0,11.438,10.82,10.7282,6649.01,4051.76,3865.64,0.01
2017-01-25 11:30:00,11.87,11.87,11.87,11.87,1948.21,0.0,0.0,11.222,10.614,10.614,6631.28,4172.7,4172.7,0.03
2017-01-25 10:30:00,11.87,11.87,11.87,11.87,29817.2,0.0,0.0,11.006,10.4744,10.4744,7050.57,4419.88,4419.88,0.5
2017-01-24 15:00:00,10.79,10.79,10.79,10.79,314.8,0.0,0.0,10.594,10.3,10.3,1201.32,1245.2,1245.2,0.01
2017-01-24 14:00:00,10.79,10.79,10.79,10.79,369.88,0.0,0.0,10.398,10.23,10.23,1240.62,1378.12,1378.12,0.01
2017-01-24 11:30:00,10.79,10.79,10.79,10.79,706.3,0.0,0.0,10.202,10.1367,10.1367,1454.51,1546.16,1546.16,0.01
2017-01-24 10:30:00,10.79,10.79,10.79,10.79,4044.61,0.0,0.0,10.006,10.006,10.006,1714.13,1714.13,1714.13,0.07
2017-01-23 15:00:00,9.81,9.81,9.81,9.81,571.0,0.0,0.0,9.81,9.81,9.81,1131.51,1131.51,1131.51,0.01
2017-01-23 14:00:00,9.81,9.81,9.81,9.81,511.3,0.0,0.0,9.81,9.81,9.81,1318.35,1318.35,1318.35,0.01
2017-01-23 11:30:00,9.81,9.81,9.81,9.81,1439.32,0.0,0.0,9.81,9.81,9.81,1721.88,1721.88,1721.88,0.02
2017-01-23 10:30:00,9.81,9.81,9.81,9.81,2004.43,0.0,0.0,9.81,9.81,9.81,2004.43,2004.43,2004.43,0.03
