2017-06-30,12.230,11.997,11.763
2017-06-29,12.227,12.002,11.777
2017-06-28,12.269,11.990,11.711
2017-06-27,12.387,11.961,11.534
2017-06-26,12.468,11.913,11.358
2017-06-23,12.477,11.876,11.274
2017-06-22,12.558,11.822,11.085
2017-06-21,12.623,11.752,10.880
2017-06-20,12.622,11.693,10.763
2017-06-19,12.561,11.656,10.751
2017-06-16,12.486,11.620,10.753
2017-06-15,12.478,11.616,10.754
2017-06-14,12.468,11.613,10.757
2017-06-13,12.460,11.608,10.756
2017-06-12,12.434,11.598,10.761
2017-06-09,12.417,11.589,10.761
2017-06-08,12.384,11.572,10.760
2017-06-07,12.348,11.554,10.759
2017-06-06,12.268,11.517,10.766
2017-06-05,12.246,11.511,10.775
2017-06-02,12.279,11.520,10.760
2017-06-01,12.352,11.537,10.722
2017-05-31,12.461,11.575,10.688
2017-05-26,12.554,11.628,10.701
2017-05-25,12.642,11.690,10.738
2017-05-24,12.705,11.736,10.767
2017-05-23,12.676,11.787,10.897
2017-05-22,12.587,11.850,11.112
2017-05-19,12.528,11.915,11.301
2017-05-18,12.550,11.955,11.360
2017-05-17,12.561,11.991,11.421
2017-05-16,12.577,12.006,11.435
2017-05-15,12.656,12.037,11.418
2017-05-12,12.851,12.102,11.352
2017-05-11,13.084,12.178,11.272
2017-05-10,13.254,12.257,11.259
2017-05-09,13.419,12.347,11.275
2017-05-08,13.482,12.424,11.365
2017-05-05,13.591,12.532,11.472
2017-05-04,13.767,12.626,11.484
2017-05-03,13.922,12.708,11.493
2017-05-02,13.993,12.760,11.526
2017-04-28,14.031,12.801,11.571
2017-04-27,14.109,12.863,11.616
2017-04-26,14.398,12.972,11.545
2017-04-25,14.651,13.091,11.530
2017-04-24,14.795,13.221,11.646
2017-04-21,14.859,13.335,11.811
2017-04-20,14.869,13.419,11.969
2017-04-19,14.874,13.505,12.136
2017-04-18,14.841,13.592,12.342
2017-04-17,14.769,13.689,12.609
2017-04-14,14.796,13.788,12.780
2017-04-13,14.784,13.796,12.808
2017-04-12,14.790,13.791,12.791
2017-04-11,14.794,13.787,12.780
2017-04-10,14.797,13.782,12.766
2017-04-07,14.784,13.818,12.852
2017-04-06,14.796,13.836,12.876
2017-04-05,14.824,13.856,12.887
2017-03-31,14.838,13.869,12.899
2017-03-30,14.835,13.894,12.952
2017-03-29,14.828,13.943,13.057
2017-03-28,14.826,13.947,13.067
2017-03-27,14.742,13.907,13.072
2017-03-24,14.646,13.839,13.031
2017-03-23,14.548,13.796,13.044
2017-03-22,14.490,13.765,13.039
2017-03-21,14.480,13.740,13.000
2017-03-20,14.457,13.727,12.996
2017-03-17,14.455,13.726,12.996
2017-03-16,14.432,13.717,13.002
2017-03-15,14.347,13.700,13.052
2017-03-14,14.391,13.684,12.976
2017-03-13,14.440,13.664,12.888
2017-03-10,14.600,13.614,12.628
2017-03-09,14.754,13.549,12.344
2017-03-08,14.985,13.419,11.852
2017-03-07,15.062,13.295,11.527
2017-03-06,15.160,13.126,11.091
2017-03-03,15.153,12.980,10.806
2017-03-02,15.134,12.836,10.538
2017-03-01,14.975,12.720,10.464
2017-02-28,14.878,12.633,10.387
2017-02-27,14.802,12.484,10.165
2017-02-24,14.872,12.311,9.749
2017-02-23,nan,nan,nan
2017-02-22,nan,nan,nan
2017-02-21,nan,nan,nan
2017-02-20,nan,nan,nan
2017-02-17,nan,nan,nan
2017-02-16,nan,nan,nan
2017-02-15,nan,nan,nan
2017-02-14,nan,nan,nan
2017-02-13,nan,nan,nan
2017-02-10,nan,nan,nan
2017-02-09,nan,nan,nan
2017-02-08,nan,nan,nan
2017-02-07,nan,nan,nan
2017-02-06,nan,nan,nan
2017-02-03,nan,nan,nan
2017-01-26,nan,nan,nan
2017-01-25,nan,nan,nan
2017-01-24,nan,nan,nan
2017-01-23,nan,nan,nan
