date,open,high,close,low,volume,price_change,p_change,ma5,ma10,ma20,v_ma5,v_ma10,v_ma20,turnover
2017-03-17 15:00:00,53.02,53.18,52.65,52.65,24549.3,-0.37,-0.7,54.16,57.757,57.979,35458.9,45821.2,33627.9,7.67
2017-03-17 14:00:00,52.92,53.68,52.97,52.67,22167.2,0.05,0.09,55.466,58.693,58.1715,42128.0,44796.8,35015.9,6.93
2017-03-17 11:30:00,53.79,54.0,52.93,52.85,30315.3,-0.86,-1.6,56.572,59.326,58.288,49234.3,44523.9,35105.2,9.47
2017-03-17 10:30:00,53.8,54.98,53.75,53.38,61853.5,-0.05,-0.09,58.086,60.08,58.4305,56939.3,44059.2,34494.8,19.33
2017-03-16 15:00:00,59.2,59.3,58.5,58.5,38409.0,-0.7,-1.18,60.336,60.619,58.463,58440.3,38908.6,34234.6,12.0
2017-03-16 14:00:00,58.5,59.18,59.18,58.5,57894.8,0.68,1.16,61.354,60.727,58.3855,56183.6,39601.3,35538.7,18.09
2017-03-16 11:30:00,60.5,60.5,58.5,58.5,57699.0,-2.0,-3.31,61.92,60.497,58.076,47465.7,37367.3,33430.3,18.03
2017-03-16 10:30:00,63.11,64.99,60.5,60.0,68840.2,-2.61,-4.14,62.08,60.225,57.796,39813.6,34293.4,31027.9,21.51
2017-03-15 15:00:00,63.59,65.5,65.0,62.0,69358.7,1.41,2.22,62.074,59.849,57.3755,31179.1,28558.9,29087.7,21.67
2017-03-15 14:00:00,62.01,64.55,63.59,62.01,27125.2,1.58,2.55,60.902,58.954,56.7725,19376.9,22150.3,28798.2,8.48
2017-03-15 11:30:00,59.3,62.3,62.01,59.22,14305.6,2.71,4.57,60.1,58.201,56.1925,23018.9,21434.6,29224.7,4.47
2017-03-15 10:30:00,59.11,60.95,59.3,59.11,19438.2,0.19,0.32,59.074,57.65,55.5905,27268.8,25235.0,29148.0,6.07
2017-03-14 15:00:00,59.14,60.51,60.47,59.01,25667.8,1.33,2.25,58.37,57.25,55.137,28773.1,25686.4,29748.8,8.02
2017-03-14 14:00:00,59.57,59.78,59.14,58.77,10347.7,-0.43,-0.72,57.624,56.781,54.601,25938.8,24930.4,30501.2,3.23
2017-03-14 11:30:00,56.83,60.5,59.58,56.65,45335.4,2.75,4.84,57.006,56.307,54.2815,24923.6,29560.5,31199.1,14.17
2017-03-14 10:30:00,56.1,57.83,56.88,55.79,35555.0,0.78,1.39,56.302,56.044,53.9475,19850.3,31476.2,30148.1,11.11
2017-03-13 15:00:00,56.72,56.73,55.78,55.52,26959.8,-0.94,-1.66,56.226,55.655,53.709,23201.2,29493.4,32150.7,8.42
2017-03-13 14:00:00,56.0,57.65,56.74,56.0,11496.0,0.74,1.32,56.13,55.367,53.433,22599.6,27762.5,31320.0,3.59
2017-03-13 11:30:00,56.06,56.19,56.05,55.51,5272.0,-0.01,-0.02,55.938,54.902,53.109,23922.0,29616.5,32770.9,1.65
2017-03-13 10:30:00,55.68,56.68,56.06,54.55,19968.5,0.38,0.68,55.608,54.591,52.756,34197.3,35446.1,34102.0,6.24
2017-03-10 15:00:00,55.3,58.83,56.5,54.7,52309.6,1.2,2.17,55.786,54.184,52.357,43102.2,37014.8,34885.7,16.35
2017-03-10 14:00:00,55.75,56.3,55.3,54.7,23952.1,-0.45,-0.81,55.084,53.531,51.8165,35785.6,33061.0,33283.2,7.49
2017-03-10 11:30:00,54.41,56.3,55.78,53.91,18108.0,1.37,2.52,54.604,53.024,51.305,32925.3,33811.2,32652.8,5.66
2017-03-10 10:30:00,53.81,55.49,54.4,53.7,56648.5,0.59,1.1,53.866,52.421,50.7585,35310.9,36072.0,32242.4,17.7
2017-03-09 15:00:00,52.98,56.99,56.95,52.88,64492.6,3.97,7.49,53.574,52.256,50.276,36694.8,32837.8,30501.2,20.15
2017-03-09 14:00:00,52.95,53.53,52.99,52.54,15727.0,0.04,0.08,52.582,51.851,49.674,30927.5,28820.0,27906.7,4.91
2017-03-09 11:30:00,52.01,53.11,52.9,51.8,9650.52,0.89,1.71,51.978,51.763,49.286,30336.3,34808.1,28081.4,3.02
2017-03-09 10:30:00,52.16,53.26,52.09,51.5,30035.7,-0.07,-0.13,51.444,51.499,48.856,34697.1,34877.5,28025.7,9.39
2017-03-08 15:00:00,51.99,54.47,52.94,51.5,63568.4,0.95,1.83,50.976,51.316,48.462,36833.1,35925.4,27141.0,19.87
2017-03-08 14:00:00,49.95,52.0,51.99,49.5,35656.0,2.04,4.08,50.938,50.921,48.013,28980.8,32757.8,24763.3,11.14
2017-03-08 11:30:00,50.3,50.75,49.97,49.53,12771.0,-0.33,-0.66,51.12,50.53,47.588,26712.4,32756.5,23213.3,3.99
2017-03-08 10:30:00,49.1,50.8,50.23,49.1,31454.2,1.13,2.3,51.548,50.102,47.268,39279.8,33505.5,22797.1,9.83
2017-03-07 15:00:00,52.72,52.75,49.75,49.65,40716.1,-2.97,-5.63,51.554,49.586,46.9435,35057.9,31494.4,21722.9,12.72
2017-03-07 14:00:00,52.9,53.46,52.75,52.69,24306.5,-0.15,-0.28,51.656,49.096,46.641,35017.7,28412.9,20058.7,7.6
2017-03-07 11:30:00,52.1,53.38,52.9,51.85,24314.2,0.8,1.54,50.904,48.296,46.1775,36534.9,28164.6,19064.1,7.6
2017-03-07 10:30:00,50.89,52.5,52.11,50.26,75608.2,1.22,2.4,49.94,47.497,45.71,38800.6,26993.4,18065.2,23.63
2017-03-06 15:00:00,50.26,50.26,50.26,50.25,10344.4,0.0,0.0,48.656,46.809,45.267,27731.1,21354.8,14720.4,3.23
2017-03-06 14:00:00,48.96,50.26,50.26,48.96,40515.3,1.3,2.66,47.618,46.213,44.9065,27931.0,21174.0,14805.7,12.66
2017-03-06 11:30:00,48.02,49.0,48.99,47.75,31892.4,0.97,2.02,46.536,45.608,44.572,21808.0,18356.7,13072.2,9.97
2017-03-06 10:30:00,45.57,49.09,48.08,45.2,35642.6,2.51,5.51,45.688,45.105,44.3095,19794.3,16768.8,11704.4,11.14
2017-03-03 15:00:00,45.07,46.0,45.69,44.86,20260.7,0.62,1.38,45.054,44.646,44.096,15186.2,13670.1,10507.2,6.33
2017-03-03 14:00:00,44.92,45.2,45.07,44.61,11343.8,0.15,0.33,44.962,44.434,44.0295,14978.4,12088.8,10139.2,3.54
2017-03-03 11:30:00,44.75,45.5,44.85,44.6,9900.56,0.1,0.22,44.808,44.301,43.9955,14417.1,11951.3,10063.4,3.09
2017-03-03 10:30:00,44.2,44.81,44.75,43.27,21823.6,0.55,1.24,44.68,44.186,43.9595,14905.3,11704.5,10012.8,6.82
2017-03-02 15:00:00,45.24,45.24,44.91,44.6,12602.4,-0.33,-0.73,44.522,44.059,43.9115,13743.2,9963.69,9559.74,3.94
2017-03-02 14:00:00,44.31,45.52,45.23,44.31,19221.8,0.92,2.08,44.238,43.923,43.845,12154.0,9136.91,9383.21,6.01
2017-03-02 11:30:00,44.27,44.34,44.3,43.95,8537.04,0.03,0.07,43.906,43.725,43.752,9199.13,8086.13,8796.57,2.67
2017-03-02 10:30:00,44.11,44.36,44.21,43.83,12341.7,0.1,0.23,43.794,43.6,43.713,9485.53,8437.45,8710.06,3.86
2017-03-01 15:00:00,43.47,44.37,43.96,43.46,16013.3,0.49,1.13,43.692,43.536,43.6375,8503.66,7787.64,8986.14,5.0
2017-03-01 14:00:00,43.56,43.75,43.49,43.45,4656.0,-0.07,-0.16,43.596,43.514,43.619,6184.13,6640.01,8647.75,1.46
2017-03-01 11:30:00,43.74,43.78,43.57,43.45,4447.63,-0.17,-0.39,43.608,43.546,43.6345,6119.85,7344.31,8706.7,1.39
2017-03-01 10:30:00,43.68,44.0,43.74,43.35,9969.05,0.06,0.14,43.544,43.625,43.649,6973.13,8189.67,8989.83,3.12
2017-02-28 15:00:00,43.48,43.77,43.7,43.04,7432.36,0.22,0.51,43.406,43.69,43.6405,7389.36,8175.57,9155.54,2.32
2017-02-28 14:00:00,43.56,43.66,43.48,43.37,4415.6,-0.08,-0.18,43.38,43.733,43.652,7071.61,8321.09,9324.22,1.38
2017-02-28 11:30:00,43.1,43.63,43.55,42.8,4334.63,0.45,1.04,43.432,43.764,43.659,7095.89,9155.79,9495.39,1.35
2017-02-28 10:30:00,42.85,43.8,43.25,42.75,8714.0,0.4,0.93,43.484,43.767,43.6895,8568.77,9629.52,9576.99,2.72
2017-02-27 15:00:00,43.57,43.6,43.05,42.9,12050.2,-0.52,-1.19,43.706,43.779,43.72,9406.2,9507.01,9985.73,3.77
2017-02-27 14:00:00,43.71,43.86,43.57,43.48,5843.64,-0.14,-0.32,43.974,43.826,43.745,8961.78,8982.67,9956.62,1.83
2017-02-27 11:30:00,43.81,44.22,43.74,43.7,4537.0,-0.07,-0.16,44.086,43.739,43.7355,9570.56,10184.6,10082.3,1.42
2017-02-27 10:30:00,44.0,44.01,43.81,43.4,11699.0,-0.19,-0.43,44.096,43.724,43.74,11215.7,10655.5,10293.3,3.66
2017-02-24 15:00:00,44.4,44.86,44.36,44.3,12901.2,-0.04,-0.09,44.05,43.723,43.735,10690.3,10069.1,11499.8,4.03
2017-02-24 14:00:00,44.13,44.55,44.39,44.03,9828.06,0.26,0.59,43.852,43.673,43.873,9607.82,9789.99,11881.6,3.07
2017-02-24 11:30:00,43.79,44.28,44.13,43.45,8887.55,0.34,0.78,43.678,43.591,44.059,9003.57,10135.5,11844.4,2.78
2017-02-24 10:30:00,43.2,43.99,43.79,43.01,12762.6,0.59,1.37,43.392,43.571,44.2535,10798.7,10327.3,12220.8,3.99
2017-02-23 15:00:00,43.43,43.6,43.58,42.96,9071.9,0.15,0.35,43.352,43.554,44.4285,10095.3,9834.99,15901.9,2.83
2017-02-23 14:00:00,43.52,43.9,43.37,43.21,7489.0,-0.15,-0.34,43.396,43.612,44.6015,9447.93,9524.47,18202.0,2.34
2017-02-23 11:30:00,42.64,43.52,43.52,42.54,6806.79,0.88,2.06,43.494,43.661,44.6765,9972.15,10464.5,19814.7,2.13
2017-02-23 10:30:00,43.4,43.4,42.7,42.27,17863.3,-0.7,-1.61,43.504,43.664,44.6035,11267.4,10930.6,19754.5,5.58
2017-02-22 15:00:00,43.8,43.97,43.59,43.45,9245.57,-0.21,-0.48,43.75,43.732,44.569,9855.97,9979.91,19695.0,2.89
2017-02-22 14:00:00,43.89,44.15,43.8,43.76,5835.0,-0.09,-0.21,43.756,43.756,44.5275,9574.66,9931.03,20075.4,1.82
2017-02-22 11:30:00,43.66,44.29,43.86,43.57,10110.1,0.2,0.46,43.828,43.747,44.5335,9601.01,12930.6,20111.2,3.16
2017-02-22 10:30:00,43.84,43.96,43.57,43.11,13283.2,-0.27,-0.62,43.828,44.073,44.543,10956.8,13973.2,20094.1,4.15
2017-02-21 15:00:00,43.62,44.02,43.93,43.6,10806.0,0.31,0.71,43.824,44.527,44.5635,10593.7,13553.4,21003.9,3.38
2017-02-21 14:00:00,44.2,44.34,43.62,43.6,7839.0,-0.58,-1.31,43.714,44.936,44.5445,10103.8,14114.2,21669.8,2.45
2017-02-21 11:30:00,43.86,44.17,44.16,43.7,5966.72,0.3,0.68,43.756,45.303,44.5065,10287.4,21968.8,21932.3,1.86
2017-02-21 10:30:00,43.6,44.76,43.86,43.6,16888.9,0.26,0.6,43.666,45.591,44.407,16260.2,26879.6,21940.6,5.28
2017-02-20 15:00:00,43.38,43.95,43.55,43.27,11467.9,0.17,0.39,44.318,45.692,44.312,16989.6,29165.0,21403.9,3.58
2017-02-20 14:00:00,43.83,44.14,43.38,43.27,8356.67,-0.45,-1.03,45.23,45.543,44.2295,16513.1,28578.4,21200.4,2.61
2017-02-20 11:30:00,43.71,44.0,43.83,43.31,8756.84,0.12,0.27,46.158,45.406,44.1625,18124.6,29410.2,21071.2,2.74
2017-02-20 10:30:00,44.44,45.64,43.71,43.12,35830.5,-0.73,-1.64,46.85,45.299,44.071,33650.2,30219.8,21097.0,11.2
2017-02-17 15:00:00,48.12,48.99,47.12,46.99,20536.3,-1.0,-2.08,47.516,45.32,43.954,37499.0,27291.8,19659.8,6.42
2017-02-17 14:00:00,48.0,48.11,48.11,47.06,9085.02,0.11,0.23,47.066,45.013,43.6575,41340.4,26215.0,19113.8,2.84
2017-02-17 11:30:00,47.26,48.9,48.02,47.02,16414.3,0.76,1.61,45.856,44.6,43.325,40643.7,28454.3,18945.0,5.13
2017-02-17 10:30:00,47.04,49.56,47.29,46.8,86385.0,0.25,0.53,44.654,44.153,42.989,40695.8,29225.3,18534.2,27.0
2017-02-16 15:00:00,44.94,47.04,47.04,44.62,55074.6,2.1,4.67,43.748,43.71,42.689,26789.4,21895.8,14791.3,17.21
2017-02-16 14:00:00,42.06,45.72,44.87,42.05,39742.9,2.81,6.68,43.124,43.223,42.4005,17084.6,17001.6,12599.3,12.42
2017-02-16 11:30:00,42.01,42.14,42.06,41.8,5601.47,0.05,0.12,42.96,42.932,42.217,11089.6,13642.9,11206.6,1.75
2017-02-16 10:30:00,42.5,42.5,42.01,41.61,16675.0,-0.49,-1.15,43.344,42.916,42.1425,16265.0,13822.4,11248.9,5.21
2017-02-15 15:00:00,43.92,44.44,42.76,42.53,16853.2,-1.16,-2.64,43.652,42.919,42.086,17754.8,12732.3,10834.7,5.27
2017-02-15 14:00:00,44.1,44.18,43.92,43.91,6550.49,-0.18,-0.41,43.672,42.843,41.9905,17002.1,11974.2,10315.0,2.05
2017-02-15 11:30:00,43.93,44.22,44.05,43.7,9768.02,0.12,0.27,43.322,42.588,41.8475,16918.6,12027.7,10303.7,3.05
2017-02-15 10:30:00,42.97,44.9,43.98,42.86,31478.4,1.01,2.35,42.904,42.302,41.692,16196.1,12012.7,10195.8,9.84
2017-02-14 15:00:00,42.86,43.86,43.55,42.85,24123.9,0.69,1.61,42.488,42.05,41.5105,11379.7,9435.64,8881.17,7.54
2017-02-14 14:00:00,42.25,42.96,42.86,42.09,13089.9,0.61,1.44,42.186,41.825,41.345,7709.72,7843.03,7869.96,4.09
2017-02-14 11:30:00,42.0,42.24,42.17,41.7,6132.64,0.17,0.4,42.014,41.668,41.205,6946.2,7686.76,7492.58,1.92
2017-02-14 10:30:00,41.82,42.14,41.96,41.57,6155.73,0.14,0.33,41.854,41.578,41.104,7136.86,8196.94,7441.86,1.92
2017-02-13 15:00:00,42.04,42.3,41.9,41.88,7396.31,-0.14,-0.33,41.7,41.502,41.026,7829.26,8770.42,7588.28,2.31
2017-02-13 14:00:00,42.2,42.35,42.04,41.8,5774.01,-0.16,-0.38,41.612,41.369,40.9835,7491.6,8675.48,7604.26,1.8
2017-02-13 11:30:00,41.37,42.0,42.0,41.34,9272.32,0.63,1.52,41.464,41.253,40.9225,7976.35,8937.18,7698.86,2.9
2017-02-13 10:30:00,40.51,41.49,41.37,40.51,7085.94,0.86,2.12,41.322,41.138,40.851,8427.32,8655.89,7504.41,2.21
2017-02-10 15:00:00,41.46,41.55,41.19,41.05,9617.73,-0.27,-0.65,41.302,41.107,40.7985,9257.02,8579.64,7811.02,3.01
2017-02-10 14:00:00,41.3,41.6,41.46,41.14,5708.0,0.16,0.39,41.304,41.082,40.7245,9711.57,8378.91,7689.56,1.78
2017-02-10 11:30:00,41.29,41.6,41.3,41.12,8197.75,0.01,0.02,41.126,40.971,40.6445,9859.37,8326.69,7954.25,2.56
2017-02-10 10:30:00,41.05,41.53,41.29,40.74,11527.2,0.24,0.58,41.042,40.865,40.4935,9898.0,7896.88,7689.76,3.6
2017-02-09 15:00:00,41.21,41.53,41.27,41.01,11234.4,0.06,0.15,40.954,40.742,40.35,8884.47,7298.4,7294.44,3.51
2017-02-09 14:00:00,40.6,41.34,41.2,40.58,11890.5,0.6,1.48,40.912,40.63,40.2215,7902.25,6686.78,6919.06,3.72
2017-02-09 11:30:00,40.88,40.98,40.57,40.51,6447.0,-0.31,-0.76,40.86,40.55,40.0985,7046.25,6406.14,6406.6,2.01
2017-02-09 10:30:00,40.88,41.07,40.88,40.67,8390.91,0.0,0.0,40.816,40.598,39.999,6794.01,6533.04,6217.01,2.62
2017-02-08 15:00:00,41.07,41.14,40.85,40.81,6459.5,-0.22,-0.54,40.688,40.592,39.876,5895.77,6460.54,6085.49,2.02
2017-02-08 14:00:00,40.98,41.06,41.06,40.78,6323.37,0.08,0.2,40.53,40.564,39.771,5712.33,6352.94,6101.33,1.98
2017-02-08 11:30:00,40.35,41.16,40.94,40.26,7610.49,0.59,1.46,40.348,40.49,39.6455,5471.31,7042.41,5907.18,2.38
2017-02-08 10:30:00,40.01,40.59,40.35,39.82,5185.78,0.34,0.85,40.24,40.367,39.5245,5766.02,7000.21,5730.55,1.62
2017-02-07 15:00:00,40.06,40.29,40.24,39.94,3899.7,0.18,0.45,40.38,40.318,39.419,6272.08,7581.82,5635.43,1.22
2017-02-07 14:00:00,40.15,40.2,40.06,39.78,5542.32,-0.09,-0.22,40.496,40.122,39.319,7025.32,7482.64,5672.95,1.73
2017-02-07 11:30:00,40.4,40.49,40.15,40.08,5118.27,-0.25,-0.62,40.598,39.958,39.2295,6993.54,7290.48,5568.4,1.6
2017-02-07 10:30:00,40.88,40.88,40.4,40.27,9084.01,-0.48,-1.17,40.632,39.813,39.1495,8613.51,7151.33,5498.29,2.84
2017-02-06 15:00:00,40.82,41.15,41.05,40.65,7716.08,0.23,0.56,40.494,39.647,39.067,8234.41,6407.07,5503.43,2.41
2017-02-06 14:00:00,40.6,41.19,40.82,40.58,7665.91,0.22,0.54,40.256,39.4,38.9445,8891.55,5900.98,5372.27,2.4
2017-02-06 11:30:00,40.35,40.88,40.57,40.25,5383.43,0.22,0.55,39.748,39.16,38.843,7939.97,5710.44,5117.36,1.68
2017-02-06 10:30:00,39.71,40.96,40.32,39.71,13218.1,0.61,1.54,39.318,38.978,38.7635,7587.42,5849.72,5071.38,4.13
2017-02-03 15:00:00,39.86,40.17,39.71,39.41,7188.53,-0.15,-0.38,38.994,38.801,38.714,5689.15,4771.94,4846.74,2.25
2017-02-03 14:00:00,38.28,41.0,39.86,38.28,11001.8,1.58,4.13,38.8,38.682,38.655,4579.74,4460.89,4764.16,3.44
2017-02-03 11:30:00,38.42,38.42,38.28,38.07,2908.0,-0.14,-0.36,38.544,38.52,38.595,2910.4,3689.05,4410.79,0.91
2017-02-03 10:30:00,38.76,38.85,38.42,38.37,3620.64,-0.34,-0.88,38.572,38.516,38.6055,3480.91,3863.26,4647.48,1.13
2017-01-26 15:00:00,38.74,38.86,38.7,38.65,3726.8,-0.04,-0.1,38.638,38.501,38.5955,4112.03,3846.33,4993.28,1.16
2017-01-26 14:00:00,38.58,38.74,38.74,38.37,1641.44,0.16,0.41,38.608,38.486,38.526,3854.73,3845.25,5003.96,0.51
2017-01-26 11:30:00,38.42,38.7,38.58,38.3,2655.13,0.16,0.42,38.564,38.487,38.467,4342.04,4599.78,5072.37,0.83
2017-01-26 10:30:00,38.88,39.06,38.42,38.27,5760.55,-0.46,-1.18,38.496,38.489,38.4395,4467.7,4843.57,5471.61,1.8
2017-01-25 15:00:00,38.55,38.99,38.75,38.55,6776.21,0.2,0.52,38.46,38.526,38.389,4245.6,4524.28,5568.41,2.12
2017-01-25 14:00:00,38.56,38.68,38.55,38.42,2440.32,-0.01,-0.03,38.364,38.549,38.3,3580.64,4293.03,5576.72,0.76
2017-01-25 11:30:00,38.24,38.78,38.52,38.23,4078.0,0.28,0.73,38.364,38.627,38.256,3835.78,4921.55,5590.06,1.27
2017-01-25 10:30:00,38.26,38.39,38.24,37.72,3283.41,-0.02,-0.05,38.41,38.628,38.215,4857.52,5067.43,5545.74,1.03
2017-01-24 15:00:00,38.27,38.4,38.24,38.02,4650.06,-0.03,-0.08,38.482,38.67,38.18,5219.44,5132.53,5770.01,1.45
2017-01-24 14:00:00,38.55,38.75,38.27,38.1,3451.4,-0.28,-0.73,38.592,38.695,38.1965,4802.97,5431.71,6128.96,1.08
2017-01-24 11:30:00,38.73,38.85,38.55,38.25,3716.01,-0.18,-0.46,38.734,38.69,38.241,5005.42,6140.23,6622.87,1.16
2017-01-24 10:30:00,38.62,39.7,38.75,38.62,9186.72,0.13,0.34,38.89,38.566,38.1355,6007.32,6162.67,6648.26,2.87
2017-01-23 15:00:00,38.79,38.79,38.6,38.5,5093.0,-0.19,-0.49,38.846,38.447,38.0445,5277.33,5544.96,6582.88,1.59
2017-01-23 14:00:00,38.99,39.03,38.79,38.71,2567.72,-0.2,-0.51,38.858,38.39,37.9665,5045.63,6099.65,6930.95,0.8
2017-01-23 11:30:00,39.33,39.34,38.98,38.82,4463.64,-0.35,-0.89,38.798,38.252,37.938,6060.44,6612.54,6969.56,1.39
2017-01-23 10:30:00,38.49,39.33,39.33,38.41,8725.52,0.84,2.18,38.646,38.051,37.907,7275.04,6860.42,7082.5,2.73
2017-01-20 15:00:00,38.65,38.65,38.53,38.4,5536.78,-0.12,-0.31,38.242,37.885,37.865,6318.01,6258.57,7188.92,1.73
2017-01-20 14:00:00,38.44,38.76,38.66,38.44,3934.49,0.22,0.57,38.048,37.802,37.92,5812.59,6024.06,7250.7,1.23
2017-01-20 11:30:00,38.22,38.88,38.49,38.22,7641.79,0.27,0.71,37.922,37.69,37.987,7153.67,6407.48,7232.78,2.39
2017-01-20 10:30:00,36.98,38.49,38.22,36.98,10536.6,1.24,3.35,37.706,37.698,38.0855,7164.63,6826.22,7165.99,3.29
2017-01-19 15:00:00,37.56,37.96,37.31,37.2,3940.4,-0.25,-0.67,37.456,37.792,38.1825,6445.8,7105.52,7416.33,1.23
2017-01-19 14:00:00,38.04,38.05,37.56,37.44,3009.65,-0.48,-1.26,37.528,37.705,38.412,6199.13,7133.85,7660.89,0.94
2017-01-19 11:30:00,37.41,38.47,38.03,37.25,10639.9,0.62,1.66,37.556,37.642,38.649,6235.53,7620.81,7722.32,3.32
2017-01-19 10:30:00,36.15,37.44,37.41,36.11,7696.64,1.26,3.49,37.458,37.543,38.881,5661.29,7762.26,7505.97,2.41
2017-01-18 15:00:00,37.67,37.8,36.97,36.93,6942.4,-0.7,-1.86,37.69,37.624,39.1375,6487.8,7326.57,7458.54,2.17
2017-01-18 14:00:00,37.7,37.98,37.67,37.61,2707.04,-0.03,-0.08,38.128,37.763,39.4405,7765.24,7304.58,7397.53,0.85
2017-01-18 11:30:00,37.54,37.95,37.7,37.52,3191.66,0.16,0.43,37.882,37.845,39.731,8068.58,8119.26,7384.39,1.0
2017-01-18 10:30:00,38.0,38.2,37.54,37.51,7768.72,-0.46,-1.21,37.728,38.038,40.0265,9006.09,8477.34,7493.43,2.43
2017-01-17 15:00:00,39.15,39.3,38.57,38.02,11829.2,-0.58,-1.48,37.628,38.284,40.318,9863.22,8058.08,7460.22,3.7
2017-01-17 14:00:00,36.53,39.2,39.16,35.88,13329.6,2.63,7.2,37.558,38.473,40.5845,8165.34,7505.76,7140.96,4.17
2017-01-17 11:30:00,36.88,37.19,36.44,36.21,4223.72,-0.44,-1.19,37.398,38.573,40.8425,6843.91,7727.15,6660.85,1.32
2017-01-17 10:30:00,36.8,37.28,36.93,36.5,7879.22,0.13,0.35,37.808,39.119,41.2595,8169.95,8187.94,6710.38,2.46
2017-01-16 15:00:00,38.22,38.22,37.04,35.72,12054.4,-1.18,-3.09,38.348,39.656,41.655,7948.59,7823.82,6753.98,3.77
2017-01-16 14:00:00,38.4,38.47,38.22,38.01,3339.73,-0.18,-0.47,38.94,40.219,42.0015,6252.94,7249.68,6421.21,1.04
2017-01-16 11:30:00,38.5,38.65,38.36,37.94,6722.48,-0.14,-0.36,39.388,40.651,42.275,6846.18,7590.51,6451.57,2.1
2017-01-16 10:30:00,39.48,39.67,38.49,38.0,10853.9,-0.99,-2.51,39.748,41.118,42.571,8610.39,7490.48,6322.27,3.39
2017-01-13 15:00:00,40.0,40.07,39.63,39.45,6772.45,-0.37,-0.93,40.43,41.617,42.8365,8205.92,6649.51,6348.1,2.12
2017-01-13 14:00:00,40.46,40.63,40.0,39.89,3576.14,-0.46,-1.14,40.964,42.015,43.089,7699.05,6509.52,6772.35,1.12
2017-01-13 11:30:00,40.06,40.9,40.46,39.88,6305.92,0.4,1.0,41.498,42.352,43.3785,8246.42,6862.35,7113.22,1.97
2017-01-13 10:30:00,41.88,42.07,40.16,39.15,15543.5,-1.72,-4.11,41.914,42.696,43.655,8334.85,6776.15,7475.44,4.86
2017-01-12 15:00:00,42.3,42.48,41.9,41.9,8831.61,-0.4,-0.95,42.488,43.112,44.0065,6370.57,5594.55,7764.61,2.76
2017-01-12 14:00:00,42.68,42.8,42.3,42.2,4238.07,-0.38,-0.89,42.804,43.4,44.375,5093.09,5232.82,7772.18,1.32
2017-01-12 11:30:00,42.54,42.88,42.67,42.3,6313.01,0.13,0.31,43.066,43.654,44.759,5319.99,5684.14,7914.92,1.97
2017-01-12 10:30:00,43.03,43.41,42.54,42.54,6748.03,-0.49,-1.14,43.206,43.784,45.1065,5478.28,5592.74,7852.46,2.11
2017-01-11 15:00:00,43.48,43.63,43.03,43.01,5722.14,-0.45,-1.03,43.478,43.899,45.4625,5217.46,5312.64,8414.16,1.79
2017-01-11 14:00:00,43.49,43.66,43.48,43.28,2444.22,-0.01,-0.02,43.736,44.024,45.761,4818.53,5154.06,8564.31,0.76
2017-01-11 11:30:00,43.36,43.86,43.61,43.18,5372.57,0.25,0.58,43.996,44.056,46.044,5372.54,6046.69,8641.27,1.68
2017-01-11 10:30:00,43.52,44.47,43.37,43.35,7104.44,-0.15,-0.34,44.242,44.163,46.3335,6048.28,7035.18,8674.11,2.22
2017-01-10 15:00:00,44.31,44.38,43.9,43.82,5443.94,-0.41,-0.93,44.362,44.405,46.6215,5707.2,7364.09,8697.39,1.7
2017-01-10 14:00:00,44.78,44.84,44.32,44.22,3727.5,-0.46,-1.03,44.32,44.614,46.8895,5407.81,8174.72,8878.65,1.16
2017-01-10 11:30:00,44.84,45.1,44.78,44.66,5214.24,-0.06,-0.13,44.312,44.901,47.152,5489.6,9934.67,9029.88,1.63
2017-01-10 10:30:00,44.2,44.89,44.84,43.88,8751.28,0.64,1.45,44.116,45.35,47.362,6720.85,10311.5,8986.92,2.73
2017-01-09 15:00:00,43.69,43.98,43.97,43.6,5399.02,0.28,0.64,44.084,45.864,47.5815,8022.07,10145.7,8988.72,1.69
2017-01-09 14:00:00,44.28,44.28,43.69,43.69,3947.0,-0.59,-1.33,44.448,46.429,47.833,9020.99,10112.2,9282.11,1.23
2017-01-09 11:30:00,43.8,44.45,44.28,43.8,4136.44,0.48,1.1,44.908,47.026,48.1335,10941.6,11515.7,9894.33,1.29
2017-01-09 10:30:00,43.99,44.49,43.8,43.59,11370.5,-0.19,-0.43,45.49,47.498,48.324,14379.7,11974.6,9878.5,3.55
2017-01-06 15:00:00,45.79,45.79,44.68,44.55,15257.4,-1.11,-2.42,46.584,48.032,48.5375,13902.2,11235.9,9637.91,4.77
2017-01-06 14:00:00,46.0,46.09,45.79,45.2,10393.6,-0.21,-0.46,47.644,48.504,48.696,12269.3,10313.1,9237.83,3.25
2017-01-06 11:30:00,47.19,47.45,45.99,45.6,13550.2,-1.2,-2.54,48.41,48.838,48.83,11203.4,10030.7,8873.9,4.23
2017-01-06 10:30:00,48.85,48.85,47.19,47.03,21327.0,-1.66,-3.4,49.144,49.165,48.9815,12089.8,9582.59,8514.07,6.66
2017-01-05 15:00:00,49.98,49.98,49.27,49.21,8982.9,-0.71,-1.42,49.506,49.403,49.0375,9569.39,8125.09,7828.49,2.81
2017-01-05 14:00:00,49.62,50.25,49.98,49.6,7093.03,0.36,0.73,49.48,49.374,49.01,8569.48,7662.3,7752.19,2.22
2017-01-05 11:30:00,49.69,49.82,49.62,49.44,5063.66,-0.07,-0.14,49.364,49.299,48.9865,8356.76,7831.74,7618.4,1.58
2017-01-05 10:30:00,49.02,50.37,49.66,49.02,17982.2,0.64,1.31,49.266,49.237,48.989,8858.02,8452.04,7542.95,5.62
2017-01-04 15:00:00,49.14,49.23,49.0,48.92,8725.15,-0.14,-0.28,49.186,49.241,48.988,7075.41,8272.97,7073.65,2.73
2017-01-04 14:00:00,49.39,49.4,49.14,49.08,3983.38,-0.25,-0.51,49.3,49.15,48.998,6680.79,7782.44,7017.69,1.24
2017-01-04 11:30:00,49.13,49.5,49.4,49.01,6029.4,0.27,0.55,49.268,49.043,48.991,6755.12,8039.96,7026.7,1.88
2017-01-04 10:30:00,49.06,49.25,49.13,48.85,7569.95,0.07,0.14,49.234,48.888,48.9775,7306.72,8162.6,6880.99,2.37
2017-01-03 15:00:00,49.57,49.78,49.26,49.26,9069.18,-0.31,-0.63,49.208,48.822,48.988,8046.07,7717.11,7060.31,2.83
2017-01-03 14:00:00,48.91,49.86,49.57,48.91,6752.03,0.66,1.35,49.296,48.798,49.005,9470.54,7445.55,7040.37,2.11
2017-01-03 11:30:00,49.23,49.41,48.98,48.9,4355.04,-0.25,-0.51,49.0,48.672,48.991,8884.1,7531.88,6866.73,1.36
2017-01-03 10:30:00,49.08,49.52,49.23,48.81,8787.41,0.15,0.31,48.818,48.646,49.0115,9324.8,7842.08,7150.36,2.75
2016-12-30 15:00:00,49.71,49.74,49.0,48.9,11266.7,-0.71,-1.43,48.542,48.674,49.0075,9018.48,7405.06,7456.28,3.52
2016-12-30 14:00:00,48.09,49.94,49.7,47.82,16191.5,1.61,3.35,48.436,48.741,48.985,7388.16,6633.86,7773.34,5.06
2016-12-30 11:30:00,48.07,48.2,48.09,47.78,3819.84,0.02,0.04,48.3,48.735,48.97,5420.56,5874.32,7460.17,1.19
2016-12-30 10:30:00,47.9,48.29,48.07,47.65,6558.56,0.17,0.35,48.344,48.846,49.068,6179.67,6252.93,7894.78,2.05
2016-12-29 15:00:00,48.48,48.82,47.85,47.78,7255.81,-0.63,-1.3,48.474,48.939,49.2195,6359.35,6013.44,8275.25,2.27
2016-12-29 14:00:00,49.01,49.17,48.47,48.47,3115.06,-0.54,-1.1,48.806,49.067,49.4035,5791.63,5599.39,8902.22,0.97
2016-12-29 11:30:00,48.3,49.09,49.02,47.7,6353.55,0.72,1.49,49.046,49.154,49.591,5879.57,6403.5,9031.61,1.99
2016-12-29 10:30:00,48.0,48.65,48.31,47.63,7615.38,0.31,0.65,49.17,49.212,49.776,6328.07,6635.19,9005.03,2.38
2016-12-28 15:00:00,49.51,49.65,48.72,48.68,7456.97,-0.79,-1.6,49.348,49.31,49.961,6326.19,6201.57,9505.94,2.33
2016-12-28 14:00:00,49.68,49.93,49.51,49.35,4417.17,-0.17,-0.34,49.404,49.377,50.206,5667.52,6458.64,9684.48,1.38
2016-12-28 11:30:00,49.59,49.71,49.67,49.35,3554.77,0.08,0.16,49.328,49.341,50.3995,5407.15,7507.5,9753.43,1.11
2016-12-28 10:30:00,48.85,49.92,49.64,48.72,8596.08,0.79,1.62,49.262,49.229,50.586,6927.43,8912.82,10189.5,2.69
2016-12-27 15:00:00,49.0,49.65,49.2,48.86,7605.96,0.2,0.41,49.254,49.205,50.772,6942.3,9046.02,10954.5,2.38
2016-12-27 14:00:00,49.13,49.32,49.0,48.81,4163.62,-0.13,-0.26,49.272,49.29,51.032,6076.94,9536.63,11272.6,1.3
2016-12-27 11:30:00,49.34,49.34,49.13,49.0,3115.3,-0.21,-0.43,49.35,49.5,51.296,7249.76,10537.1,12863.6,0.97
2016-12-27 10:30:00,49.2,49.8,49.34,48.76,11156.2,0.14,0.28,49.354,49.74,51.665,9607.85,12205.0,13254.8,3.49
2016-12-26 15:00:00,49.29,49.95,49.6,49.25,8670.43,0.31,0.63,49.196,50.028,52.0045,10898.2,11659.7,14645.3,2.71
2016-12-26 14:00:00,49.39,49.42,49.29,49.0,3279.16,-0.1,-0.2,49.156,50.34,52.411,11149.7,11374.9,14967.9,1.02
2016-12-26 11:30:00,49.16,49.68,49.39,48.85,10027.7,0.23,0.47,49.308,50.612,52.8415,12996.3,12810.3,15603.3,3.13
2016-12-26 10:30:00,47.8,49.19,49.15,47.02,14905.8,1.35,2.82,49.65,51.035,53.257,13824.3,12910.3,17816.1,4.66
2016-12-23 15:00:00,49.49,49.67,48.55,48.12,17608.0,-0.94,-1.9,50.126,51.458,53.5375,14802.2,11999.4,19069.8,5.5
2016-12-23 14:00:00,50.06,50.16,49.4,49.13,9928.05,-0.66,-1.32,50.86,51.943,53.8095,12421.2,11466.1,20258.4,3.1
2016-12-23 11:30:00,51.1,51.2,50.05,49.9,12512.0,-1.05,-2.05,51.524,52.339,53.895,11600.0,12863.1,20032.9,3.91
2016-12-23 10:30:00,51.0,51.97,51.1,50.88,14167.9,0.1,0.2,51.916,52.774,53.953,12624.3,13008.6,20134.1,4.43
2016-12-22 15:00:00,52.22,52.52,51.53,51.5,19795.2,-0.69,-1.32,52.42,53.092,53.933,11996.3,15190.2,20079.9,6.19
2016-12-22 14:00:00,52.72,52.9,52.22,52.1,5702.97,-0.5,-0.95,52.79,53.59,53.8815,9196.49,14304.6,19670.7,1.78
2016-12-22 11:30:00,52.03,52.88,52.72,52.01,5821.99,0.69,1.33,53.026,53.981,53.8055,10511.0,17631.0,19747.5,1.82
2016-12-22 10:30:00,53.49,53.49,52.01,52.01,17633.5,-1.48,-2.77,53.154,54.482,53.7385,14126.1,18560.9,19949.5,5.51
2016-12-21 15:00:00,53.4,53.79,53.62,53.05,11027.7,0.22,0.41,53.632,55.071,53.692,13392.8,18396.2,19948.8,3.45
2016-12-21 14:00:00,53.4,53.9,53.38,52.89,5796.27,-0.02,-0.04,53.764,55.479,53.5315,18384.1,22721.9,20238.4,1.81
2016-12-21 11:30:00,53.32,53.88,53.4,52.75,12275.3,0.08,0.15,54.39,55.617,53.4535,19412.7,26140.3,20276.5,3.84
2016-12-21 10:30:00,53.72,54.68,53.36,52.68,23897.8,-0.36,-0.67,54.936,55.676,53.396,24751.0,29050.6,20071.9,7.47
2016-12-20 15:00:00,54.3,54.88,54.4,53.87,13967.0,0.1,0.18,55.81,55.451,53.304,22995.8,27202.8,19912.8,4.36
2016-12-20 14:00:00,56.51,56.65,54.28,53.5,35984.0,-2.23,-3.95,56.51,55.132,53.228,23399.7,27259.6,19798.9,11.25
2016-12-20 11:30:00,56.13,56.9,56.51,55.94,10939.4,0.38,0.68,57.194,54.774,53.1715,27059.7,24969.7,18684.7,3.42
2016-12-20 10:30:00,56.0,56.94,56.13,55.5,38966.8,0.13,0.23,56.844,54.173,53.011,32867.8,25036.9,18726.1,12.18
2016-12-19 15:00:00,57.9,58.63,57.73,57.04,15121.5,-0.17,-0.29,56.416,53.63,52.834,33350.3,21864.1,18454.8,4.73
2016-12-19 14:00:00,57.78,59.11,57.9,57.52,15986.7,0.12,0.21,55.092,52.995,52.5635,31409.9,21338.1,18746.7,5.0
2016-12-19 11:30:00,54.98,59.06,57.7,54.88,54284.3,2.72,4.95,53.754,52.313,52.286,31119.4,21501.3,18742.8,16.96
2016-12-19 10:30:00,53.95,55.39,54.76,51.5,39979.8,0.81,1.5,52.354,51.584,52.112,22879.6,17754.8,16560.1,12.49
2016-12-16 15:00:00,51.11,55.3,53.99,50.93,41379.2,2.88,5.63,51.502,51.29,52.109,17205.9,14412.7,16422.2,12.93
2016-12-16 14:00:00,51.21,51.47,51.11,50.9,5419.38,-0.1,-0.2,50.844,51.116,52.3165,10377.9,11093.2,15409.6,1.69
2016-12-16 11:30:00,50.7,51.96,51.21,50.66,14534.5,0.51,1.01,50.898,51.157,52.736,11266.4,12622.8,15693.1,4.54
2016-12-16 10:30:00,50.58,51.11,50.7,50.06,13085.0,0.12,0.24,50.872,51.324,53.1395,11883.2,12338.2,16293.3,4.09
2016-12-15 15:00:00,50.7,50.81,50.5,50.09,11611.6,-0.2,-0.39,50.814,51.569,53.562,12630.1,12399.7,17899.5,3.63
2016-12-15 14:00:00,51.38,51.45,50.7,50.62,7239.21,-0.68,-1.32,51.078,51.849,54.184,11619.5,12415.2,18415.4,2.26
2016-12-15 11:30:00,51.08,51.8,51.38,51.03,9861.79,0.3,0.59,51.388,52.038,54.88,11808.4,15045.5,18577.6,3.08
2016-12-15 10:30:00,49.8,51.48,51.08,49.7,17618.5,1.28,2.57,51.416,52.132,55.511,13979.2,16155.2,18951.2,5.51
2016-12-14 15:00:00,51.82,51.82,50.41,50.31,16819.3,-1.41,-2.72,51.776,52.259,56.226,12793.1,15984.3,21717.9,5.26
2016-12-14 14:00:00,52.25,52.28,51.82,51.72,6558.51,-0.43,-0.82,52.324,52.64,56.8005,12169.3,15365.4,22296.0,2.05
2016-12-14 11:30:00,51.52,52.49,52.25,51.05,8184.02,0.73,1.42,52.62,52.928,57.343,13211.0,18431.7,22754.8,2.56
2016-12-14 10:30:00,51.88,52.67,51.52,50.82,20715.6,-0.36,-0.69,52.688,53.517,57.796,18282.5,19725.9,23104.5,6.47
2016-12-13 15:00:00,53.15,53.53,52.88,52.33,11688.3,-0.27,-0.51,52.848,54.315,58.2825,18331.1,18763.4,23923.8,3.65
2016-12-13 14:00:00,53.3,54.11,53.15,53.01,13700.3,-0.15,-0.28,52.742,54.955,58.828,19175.4,20248.4,24522.3,4.28
2016-12-13 11:30:00,52.59,53.59,53.3,51.48,11766.9,0.71,1.35,52.956,55.555,59.3005,18561.4,23399.3,24473.7,3.68
2016-12-13 10:30:00,51.4,52.86,52.59,50.01,33541.3,1.19,2.32,53.236,56.519,59.7755,23652.3,24415.7,24502.4,10.48
2016-12-12 15:00:00,52.35,52.79,52.32,52.32,20958.9,-0.03,-0.06,54.346,57.722,60.3255,21169.4,22109.7,26438.1,6.55
2016-12-12 14:00:00,54.15,54.22,52.35,52.35,15909.6,-1.8,-3.32,55.782,58.89,60.9795,19195.8,21747.1,26369.0,4.97
2016-12-12 11:30:00,54.7,55.08,54.22,54.01,10630.5,-0.48,-0.88,57.168,60.193,61.664,21321.4,27451.5,26211.6,3.32
2016-12-12 10:30:00,56.98,57.44,54.7,53.82,37221.1,-2.28,-4.0,58.154,60.961,62.2945,28237.2,29226.6,26679.6,11.63
2016-12-09 15:00:00,59.5,59.64,58.14,58.05,21126.8,-1.36,-2.29,59.802,61.758,62.8715,25179.0,27077.9,31509.6,6.6
2016-12-09 14:00:00,59.27,59.7,59.5,58.71,11090.8,0.23,0.39,61.098,62.075,63.064,23050.0,26483.0,30457.7,3.47
2016-12-09 11:30:00,59.15,59.56,59.28,58.21,26537.8,0.13,0.22,61.998,62.25,63.1885,24298.6,29084.2,29907.8,8.29
2016-12-09 10:30:00,61.03,61.25,59.15,59.0,45209.4,-1.88,-3.08,63.218,62.701,63.324,33581.6,28796.2,28587.0,14.13
2016-12-08 15:00:00,64.62,64.62,62.94,62.52,21930.3,-1.68,-2.6,63.768,63.046,63.466,30216.1,25548.0,26400.3,6.85
2016-12-08 14:00:00,63.99,65.1,64.62,63.89,10481.8,0.63,0.98,63.714,63.032,63.1365,28976.7,24589.2,25308.3,3.28
2016-12-08 11:30:00,65.4,65.4,64.0,63.53,17333.4,-1.4,-2.14,63.052,62.929,62.723,29916.1,30766.4,24786.2,5.42
2016-12-08 10:30:00,62.2,66.03,65.38,62.2,72953.0,3.18,5.11,62.502,63.069,62.3405,33869.9,30990.9,23923.0,22.8
2016-12-07 15:00:00,62.67,63.38,61.9,61.74,28381.9,-0.77,-1.23,62.184,63.135,61.889,24010.8,24971.8,20339.0,8.87
2016-12-07 14:00:00,61.37,62.87,62.67,61.37,15733.6,1.3,2.12,62.324,63.628,61.3555,20879.9,24132.6,18925.0,4.92
2016-12-07 11:30:00,61.25,61.4,61.31,61.02,15178.4,0.06,0.1,62.35,63.985,60.7835,20201.6,35941.3,18139.2,4.74
2016-12-07 10:30:00,62.8,63.29,61.25,60.73,37102.7,-1.55,-2.47,62.806,64.053,60.2795,31616.8,34432.5,17383.4,11.59
2016-12-06 15:00:00,62.59,63.98,63.79,61.7,23657.4,1.2,1.92,63.636,64.127,59.7785,28111.9,30731.4,15557.4,7.39
2016-12-06 14:00:00,62.8,62.89,62.6,61.5,12727.6,-0.2,-0.32,64.086,63.947,59.5674,25932.8,28377.9,15131.1,3.98
2016-12-06 11:30:00,63.62,63.65,62.8,62.3,12341.8,-0.82,-1.29,64.932,63.886,59.3989,27385.2,27252.5,15264.7,3.86
2016-12-06 10:30:00,61.98,64.72,63.59,60.44,72254.4,1.61,2.6,65.62,63.241,59.1988,51681.0,26027.5,15436.6,22.58
2016-12-05 15:00:00,66.04,66.67,65.4,65.01,19578.3,-0.64,-0.97,65.3,62.517,58.9244,37248.1,18806.0,11885.5,6.12
2016-12-05 14:00:00,66.85,67.25,66.04,66.03,12761.9,-0.81,-1.21,64.618,61.612,58.4927,33350.9,16855.2,11372.6,3.99
2016-12-05 11:30:00,66.24,67.6,66.83,66.23,19989.5,0.59,0.89,63.808,60.643,57.9536,30822.9,15706.1,11273.4,6.25
2016-12-05 10:30:00,68.19,68.19,66.24,63.77,133821.0,-1.95,-2.86,62.84,59.083,57.2708,27119.8,13717.4,10602.9,41.82
2016-12-02 15:00:00,61.99,61.99,61.99,61.99,90.0,0.0,0.0,60.862,57.582,56.5233,374.05,337.09,334.74,0.03
2016-12-02 14:00:00,61.99,61.99,61.99,61.99,92.0,0.0,0.0,59.734,56.506,56.0264,363.85,334.39,356.99,0.03
2016-12-02 11:30:00,61.99,61.99,61.99,61.99,122.2,0.0,0.0,58.606,55.43,55.43,359.45,383.49,383.49,0.04
2016-12-02 10:30:00,61.99,61.99,61.99,61.99,1474.04,0.0,0.0,57.478,54.7011,54.7011,589.34,412.52,412.52,0.46
2016-12-01 15:00:00,56.35,56.35,56.35,56.35,92.01,0.0,0.0,55.326,53.79,53.79,315.13,279.83,279.83,0.03
2016-12-01 14:00:00,56.35,56.35,56.35,56.35,39.0,0.0,0.0,54.302,53.4243,53.4243,300.13,306.66,306.66,0.01
2016-12-01 11:30:00,56.35,56.35,56.35,56.35,70.0,0.0,0.0,53.278,52.9367,52.9367,304.93,351.27,351.27,0.02
2016-12-01 10:30:00,56.35,56.35,56.35,56.35,1271.63,0.0,0.0,52.254,52.254,52.254,407.53,407.53,407.53,0.4
2016-11-30 15:00:00,51.23,51.23,51.23,51.23,103.0,0.0,0.0,51.23,51.23,51.23,191.5,191.5,191.5,0.03
2016-11-30 14:00:00,51.23,51.23,51.23,51.23,17.0,0.0,0.0,51.23,51.23,51.23,221.0,221.0,221.0,0.01
2016-11-30 11:30:00,51.23,51.23,51.23,51.23,63.0,0.0,0.0,51.23,51.23,51.23,323.0,323.0,323.0,0.02
2016-11-30 10:30:00,51.23,51.23,51.23,51.23,583.0,0.0,0.0,51.23,51.23,51.23,583.0,583.0,583.0,0.18
