2017-03-17@15:00:00,61.502,58.679,55.856
2017-03-17@14:00:00,61.519,58.613,55.707
2017-03-17@11:30:00,61.404,58.496,55.589
2017-03-17@10:30:00,61.224,58.363,55.502
2017-03-16@15:00:00,60.454,58.119,55.784
2017-03-16@14:00:00,60.146,57.967,55.789
2017-03-16@11:30:00,59.646,57.786,55.926
2017-03-16@10:30:00,59.105,57.612,56.120
2017-03-15@15:00:00,58.573,57.444,56.316
2017-03-15@14:00:00,58.694,57.468,56.243
2017-03-15@11:30:00,58.747,57.488,56.230
2017-03-15@10:30:00,58.842,57.515,56.189
2017-03-14@15:00:00,58.847,57.519,56.191
2017-03-14@14:00:00,58.848,57.519,56.191
2017-03-14@11:30:00,58.748,57.480,56.213
2017-03-14@10:30:00,58.704,57.441,56.178
2017-03-13@15:00:00,58.677,57.431,56.186
2017-03-13@14:00:00,58.648,57.401,56.155
2017-03-13@11:30:00,58.636,57.387,56.139
2017-03-13@10:30:00,58.639,57.413,56.187
2017-03-10@15:00:00,58.608,57.428,56.249
2017-03-10@14:00:00,58.802,57.347,55.893
2017-03-10@11:30:00,58.908,57.256,55.604
2017-03-10@10:30:00,58.977,57.165,55.354
2017-03-09@15:00:00,59.069,57.065,55.062
2017-03-09@14:00:00,59.072,57.004,54.937
2017-03-09@11:30:00,59.067,56.998,54.929
2017-03-09@10:30:00,59.065,56.995,54.925
2017-03-08@15:00:00,59.065,56.994,54.924
2017-03-08@14:00:00,58.766,56.854,54.943
2017-03-08@11:30:00,58.596,56.785,54.974
2017-03-08@10:30:00,58.293,56.680,55.067
2017-03-07@15:00:00,58.185,56.639,55.093
2017-03-07@14:00:00,58.259,56.657,55.055
2017-03-07@11:30:00,58.315,56.672,55.029
2017-03-07@10:30:00,58.311,56.670,55.029
2017-03-06@15:00:00,58.134,56.597,55.061
2017-03-06@14:00:00,58.176,56.613,55.050
2017-03-06@11:30:00,58.199,56.621,55.044
2017-03-06@10:30:00,58.186,56.617,55.048
2017-03-03@15:00:00,58.226,56.640,55.055
2017-03-03@14:00:00,58.528,56.802,55.077
2017-03-03@11:30:00,58.820,56.969,55.119
2017-03-03@10:30:00,59.054,57.139,55.224
2017-03-02@15:00:00,58.980,57.268,55.556
2017-03-02@14:00:00,59.160,57.421,55.682
2017-03-02@11:30:00,59.591,57.574,55.557
2017-03-02@10:30:00,60.062,57.751,55.440
2017-03-01@15:00:00,60.355,57.922,55.489
2017-03-01@14:00:00,60.340,58.045,55.750
2017-03-01@11:30:00,60.343,58.119,55.895
2017-03-01@10:30:00,60.286,58.184,56.083
2017-02-28@15:00:00,60.256,58.220,56.184
2017-02-28@14:00:00,60.275,58.239,56.203
2017-02-28@11:30:00,60.274,58.235,56.196
2017-02-28@10:30:00,60.272,58.237,56.202
2017-02-27@15:00:00,60.316,58.220,56.125
2017-02-27@14:00:00,60.450,58.145,55.840
2017-02-27@11:30:00,61.084,57.935,54.787
2017-02-27@10:30:00,61.543,57.717,53.892
2017-02-24@15:00:00,61.778,57.536,53.294
2017-02-24@14:00:00,61.685,57.360,53.035
2017-02-24@11:30:00,61.645,57.100,52.556
2017-02-24@10:30:00,61.521,56.845,52.170
2017-02-23@15:00:00,61.438,56.780,52.123
2017-02-23@14:00:00,61.223,56.673,52.123
2017-02-23@11:30:00,60.808,56.502,52.196
2017-02-23@10:30:00,60.259,56.323,52.387
2017-02-22@15:00:00,59.716,56.149,52.583
2017-02-22@14:00:00,59.550,56.097,52.644
2017-02-22@11:30:00,59.545,56.095,52.646
2017-02-22@10:30:00,59.661,56.130,52.600
2017-02-21@15:00:00,59.598,56.104,52.610
2017-02-21@14:00:00,59.319,55.991,52.663
2017-02-21@11:30:00,59.105,55.886,52.667
2017-02-21@10:30:00,58.976,55.799,52.623
2017-02-20@15:00:00,59.005,55.817,52.629
2017-02-20@14:00:00,58.992,55.804,52.616
2017-02-20@11:30:00,58.927,55.964,53.001
2017-02-20@10:30:00,58.868,56.188,53.509
2017-02-17@15:00:00,58.817,56.206,53.596
2017-02-17@14:00:00,59.057,56.090,53.123
2017-02-17@11:30:00,59.083,56.079,53.075
2017-02-17@10:30:00,59.170,56.042,52.915
2017-02-16@15:00:00,59.215,55.887,52.559
2017-02-16@14:00:00,59.214,55.701,52.189
2017-02-16@11:30:00,59.190,55.541,51.892
2017-02-16@10:30:00,59.119,55.353,51.588
2017-02-15@15:00:00,59.019,55.196,51.374
2017-02-15@14:00:00,58.754,54.972,51.190
2017-02-15@11:30:00,58.273,54.703,51.134
2017-02-15@10:30:00,57.676,54.380,51.085
2017-02-14@15:00:00,57.328,54.131,50.934
2017-02-14@14:00:00,57.148,53.897,50.646
2017-02-14@11:30:00,56.972,53.690,50.408
2017-02-14@10:30:00,56.778,53.534,50.290
2017-02-13@15:00:00,56.307,53.356,50.405
2017-02-13@14:00:00,55.990,53.231,50.472
2017-02-13@11:30:00,55.406,53.061,50.716
2017-02-13@10:30:00,54.043,52.805,51.568
2017-02-10@15:00:00,53.899,52.711,51.523
2017-02-10@14:00:00,54.024,52.617,51.210
2017-02-10@11:30:00,53.919,52.539,51.159
2017-02-10@10:30:00,53.892,52.454,51.017
2017-02-09@15:00:00,53.808,52.351,50.894
2017-02-09@14:00:00,53.755,52.329,50.904
2017-02-09@11:30:00,53.665,52.297,50.929
2017-02-09@10:30:00,53.654,52.189,50.725
2017-02-08@15:00:00,53.631,52.032,50.433
2017-02-08@14:00:00,53.538,51.922,50.307
2017-02-08@11:30:00,53.428,51.829,50.231
2017-02-08@10:30:00,53.506,51.728,49.951
2017-02-07@15:00:00,53.690,51.578,49.466
2017-02-07@14:00:00,53.959,51.421,48.883
2017-02-07@11:30:00,54.015,51.301,48.587
2017-02-07@10:30:00,53.955,51.159,48.364
2017-02-06@15:00:00,53.728,51.007,48.287
2017-02-06@14:00:00,53.424,50.840,48.257
2017-02-06@11:30:00,53.097,50.690,48.283
2017-02-06@10:30:00,52.890,50.545,48.201
2017-02-03@15:00:00,52.707,50.441,48.175
2017-02-03@14:00:00,52.771,50.295,47.820
2017-02-03@11:30:00,52.586,50.134,47.683
2017-02-03@10:30:00,52.487,49.975,47.464
2017-01-26@15:00:00,52.385,49.810,47.236
2017-01-26@14:00:00,52.078,49.512,46.947
2017-01-26@11:30:00,51.573,49.244,46.916
2017-01-26@10:30:00,51.376,49.095,46.814
2017-01-25@15:00:00,51.341,48.928,46.516
2017-01-25@14:00:00,51.068,48.787,46.506
2017-01-25@11:30:00,50.734,48.689,46.644
2017-01-25@10:30:00,50.616,48.648,46.680
2017-01-24@15:00:00,50.617,48.648,46.680
2017-01-24@14:00:00,51.013,48.785,46.557
2017-01-24@11:30:00,51.400,48.896,46.392
2017-01-24@10:30:00,51.359,48.804,46.249
2017-01-23@15:00:00,51.249,48.744,46.239
2017-01-23@14:00:00,51.230,48.736,46.243
2017-01-23@11:30:00,51.177,48.717,46.257
2017-01-23@10:30:00,51.208,48.730,46.253
2017-01-20@15:00:00,51.134,48.700,46.265
2017-01-20@14:00:00,51.160,48.742,46.323
2017-01-20@11:30:00,51.279,48.804,46.329
2017-01-20@10:30:00,51.570,48.941,46.311
2017-01-19@15:00:00,51.677,49.043,46.409
2017-01-19@14:00:00,52.097,49.325,46.552
2017-01-19@11:30:00,52.619,49.608,46.597
2017-01-19@10:30:00,53.576,49.950,46.323
2017-01-18@15:00:00,54.108,50.317,46.525
2017-01-18@14:00:00,54.967,50.696,46.424
2017-01-18@11:30:00,55.715,51.021,46.327
2017-01-18@10:30:00,56.350,51.340,46.329
2017-01-17@15:00:00,56.883,51.664,46.445
2017-01-17@14:00:00,56.874,51.636,46.398
2017-01-17@11:30:00,56.851,51.591,46.331
2017-01-17@10:30:00,56.697,51.738,46.779
2017-01-16@15:00:00,56.626,51.829,47.032
2017-01-16@14:00:00,57.017,51.643,46.269
2017-01-16@11:30:00,57.328,51.460,45.591
2017-01-16@10:30:00,57.579,51.271,44.963
2017-01-13@15:00:00,57.781,51.105,44.428
2017-01-13@14:00:00,58.531,50.747,42.963
2017-01-13@11:30:00,59.054,50.337,41.620
2017-01-13@10:30:00,59.353,49.877,40.400
2017-01-12@15:00:00,59.577,49.462,39.346
2017-01-12@14:00:00,59.928,48.742,37.557
2017-01-12@11:30:00,59.940,47.995,36.049
2017-01-12@10:30:00,59.450,47.158,34.865
2017-01-11@15:00:00,58.811,46.344,33.877
2017-01-11@14:00:00,58.020,45.291,32.561
2017-01-11@11:30:00,56.876,44.237,31.598
2017-01-11@10:30:00,55.373,43.183,30.994
2017-01-10@15:00:00,53.467,42.130,30.793
2017-01-10@14:00:00,52.747,41.172,29.597
2017-01-10@11:30:00,51.707,40.214,28.721
2017-01-10@10:30:00,50.340,39.256,28.172
2017-01-09@15:00:00,48.607,38.298,27.989
2017-01-09@14:00:00,47.951,37.427,26.903
2017-01-09@11:30:00,47.004,36.556,26.108
2017-01-09@10:30:00,45.760,35.685,25.610
2017-01-06@15:00:00,44.183,34.814,25.445
2017-01-06@14:00:00,43.586,34.023,24.459
2017-01-06@11:30:00,42.725,33.231,23.737
2017-01-06@10:30:00,41.594,32.440,23.285
2017-01-05@15:00:00,nan,nan,nan
2017-01-05@14:00:00,nan,nan,nan
2017-01-05@11:30:00,nan,nan,nan
2017-01-05@10:30:00,nan,nan,nan
2017-01-04@15:00:00,nan,nan,nan
2017-01-04@14:00:00,nan,nan,nan
2017-01-04@11:30:00,nan,nan,nan
2017-01-04@10:30:00,nan,nan,nan
2017-01-03@15:00:00,nan,nan,nan
2017-01-03@14:00:00,nan,nan,nan
2017-01-03@11:30:00,nan,nan,nan
2017-01-03@10:30:00,nan,nan,nan
2016-12-30@15:00:00,nan,nan,nan
2016-12-30@14:00:00,nan,nan,nan
2016-12-30@11:30:00,nan,nan,nan
2016-12-30@10:30:00,nan,nan,nan
2016-12-29@15:00:00,nan,nan,nan
2016-12-29@14:00:00,nan,nan,nan
2016-12-29@11:30:00,nan,nan,nan
