2017-06-30,33.480,29.010,24.541
2017-06-29,34.034,28.799,23.564
2017-06-28,34.248,28.668,23.088
2017-06-27,47.561,30.612,13.664
2017-06-26,54.042,32.313,10.584
2017-06-23,57.747,33.759,9.772
2017-06-22,61.327,35.285,9.244
2017-06-21,64.886,36.920,8.955
2017-06-20,67.944,38.539,9.134
2017-06-19,71.971,40.423,8.876
2017-06-16,75.589,42.276,8.963
2017-06-15,79.016,44.114,9.213
2017-06-14,81.454,45.878,10.302
2017-06-13,82.688,47.368,12.048
2017-06-12,83.713,48.790,13.868
2017-06-09,84.237,50.164,16.092
2017-06-08,84.468,51.317,18.166
2017-06-07,84.472,52.412,20.353
2017-06-06,83.978,53.640,23.302
2017-06-05,82.820,55.033,27.246
2017-06-02,80.571,56.516,32.461
2017-06-01,76.486,58.190,39.895
2017-05-31,69.358,59.702,50.047
2017-05-26,68.687,59.131,49.575
2017-05-25,68.448,58.714,48.981
2017-05-24,68.556,58.537,48.519
2017-05-23,68.925,58.078,47.231
2017-05-22,69.288,57.378,45.469
2017-05-19,69.408,56.691,43.975
2017-05-18,68.246,55.644,43.042
2017-05-17,66.501,54.604,42.707
2017-05-16,63.983,53.434,42.885
2017-05-15,61.730,52.444,43.159
2017-05-12,60.607,51.907,43.208
2017-05-11,59.341,51.412,43.484
2017-05-10,58.395,51.037,43.679
2017-05-09,57.960,50.871,43.783
2017-05-08,57.606,50.723,43.840
2017-05-05,57.527,50.696,43.866
2017-05-04,57.338,50.637,43.936
2017-05-03,57.216,50.596,43.976
2017-05-02,56.637,50.417,44.198
2017-04-28,56.496,50.372,44.248
2017-04-27,56.693,50.424,44.156
2017-04-26,57.981,50.708,43.435
2017-04-25,59.707,51.128,42.549
2017-04-24,61.366,51.750,42.134
2017-04-21,62.527,52.470,42.414
2017-04-20,63.972,53.297,42.623
2017-04-19,65.033,54.136,43.240
2017-04-18,65.721,54.885,44.050
2017-04-17,65.586,55.536,45.487
2017-04-14,65.500,56.232,46.965
2017-04-13,65.427,56.692,47.957
2017-04-12,65.250,57.077,48.904
2017-04-11,65.016,57.443,49.871
2017-04-10,64.873,57.679,50.485
2017-04-07,64.614,57.947,51.280
2017-04-06,64.602,58.200,51.798
2017-04-05,64.476,58.398,52.319
2017-03-31,64.264,58.581,52.897
2017-03-30,63.867,58.738,53.608
2017-03-29,63.532,58.872,54.212
2017-03-28,63.431,58.929,54.427
2017-03-27,63.374,58.861,54.349
2017-03-24,63.081,58.664,54.247
2017-03-23,62.750,58.522,54.295
2017-03-22,62.534,58.431,54.329
2017-03-21,61.710,58.204,54.699
2017-03-20,60.787,57.986,55.184
2017-03-17,60.009,57.706,55.402
2017-03-16,60.016,57.549,55.082
2017-03-15,59.563,57.383,55.202
2017-03-14,59.472,57.343,55.213
2017-03-13,59.448,57.273,55.098
2017-03-10,59.442,57.173,54.904
2017-03-09,59.919,56.968,54.017
2017-03-08,60.165,56.768,53.372
2017-03-07,60.088,56.477,52.867
2017-03-06,60.322,56.167,52.013
2017-03-03,60.294,55.969,51.644
2017-03-02,60.586,55.745,50.904
2017-03-01,60.608,55.583,50.559
2017-02-28,60.569,55.401,50.233
2017-02-27,60.424,55.039,49.654
2017-02-24,60.598,54.590,48.582
2017-02-23,60.211,54.145,48.079
2017-02-22,59.787,53.597,47.408
2017-02-21,59.462,53.000,46.539
2017-02-20,58.794,52.472,46.151
2017-02-17,58.328,52.217,46.107
2017-02-16,57.949,51.925,45.902
2017-02-15,57.253,51.530,45.808
2017-02-14,56.274,51.264,46.255
2017-02-13,56.109,51.230,46.351
2017-02-10,55.403,50.971,46.539
2017-02-09,55.477,50.625,45.773
2017-02-08,56.122,50.057,43.993
2017-02-07,57.175,49.301,41.428
2017-02-06,58.547,48.450,38.354
2017-02-03,59.654,47.360,35.066
2017-02-02,60.884,46.236,31.589
2017-01-26,61.684,44.900,28.116
2017-01-25,nan,nan,nan
2017-01-24,nan,nan,nan
2017-01-23,nan,nan,nan
2017-01-20,nan,nan,nan
2017-01-19,nan,nan,nan
2017-01-18,nan,nan,nan
2017-01-17,nan,nan,nan
2017-01-16,nan,nan,nan
2017-01-13,nan,nan,nan
2017-01-12,nan,nan,nan
2017-01-11,nan,nan,nan
2017-01-10,nan,nan,nan
2017-01-09,nan,nan,nan
2017-01-06,nan,nan,nan
2017-01-05,nan,nan,nan
2017-01-04,nan,nan,nan
2017-01-03,nan,nan,nan
2016-12-30,nan,nan,nan
2016-12-29,nan,nan,nan
