Not
2017-06-30,-5.227,-5.782,0.556
2017-06-29,-5.432,-5.921,0.489
2017-06-28,-5.600,-6.043,0.444
2017-06-27,-5.751,-6.154,0.404
2017-06-26,-6.001,-6.255,0.254
2017-06-23,-6.177,-6.319,0.142
2017-06-22,-6.330,-6.355,0.024
2017-06-21,-6.436,-6.361,-0.075
2017-06-20,-6.500,-6.342,-0.158
2017-06-19,-6.628,-6.302,-0.325
2017-06-16,-6.821,-6.221,-0.600
2017-06-15,-7.135,-6.071,-1.064
2017-06-14,-7.285,-5.805,-1.480
2017-06-13,-7.315,-5.435,-1.880
2017-06-12,-7.370,-4.965,-2.405
2017-06-09,-7.231,-4.363,-2.868
2017-06-08,-7.163,-3.646,-3.516
2017-06-07,-7.000,-2.767,-4.233
2017-06-06,-6.388,-1.709,-4.679
2017-06-05,-5.237,-0.540,-4.698
2017-06-02,-3.442,0.635,-4.077
2017-06-01,-0.873,1.654,-2.527
2017-05-31,2.270,2.286,-0.015
2017-05-26,2.005,2.290,-0.285
2017-05-25,1.992,2.361,-0.369
2017-05-24,2.521,2.453,0.068
2017-05-23,2.978,2.436,0.542
2017-05-22,3.294,2.301,0.993
2017-05-19,3.661,2.052,1.608
2017-05-18,3.393,1.650,1.743
2017-05-17,2.941,1.214,1.726
2017-05-16,2.182,0.783,1.400
2017-05-15,1.484,0.433,1.051
2017-05-12,1.181,0.170,1.011
2017-05-11,0.792,-0.083,0.875
2017-05-10,0.486,-0.301,0.787
2017-05-09,0.325,-0.498,0.823
2017-05-08,0.201,-0.704,0.904
2017-05-05,0.074,-0.930,1.004
2017-05-04,-0.149,-1.181,1.032
2017-05-03,-0.366,-1.439,1.073
2017-05-02,-0.798,-1.707,0.909
2017-04-28,-1.156,-1.935,0.779
2017-04-27,-1.598,-2.129,0.532
2017-04-26,-2.099,-2.262,0.163
2017-04-25,-2.622,-2.303,-0.319
2017-04-24,-2.857,-2.223,-0.634
2017-04-21,-2.851,-2.065,-0.786
2017-04-20,-2.815,-1.869,-0.947
2017-04-19,-2.678,-1.632,-1.046
2017-04-18,-2.540,-1.371,-1.170
2017-04-17,-2.200,-1.078,-1.122
2017-04-14,-1.802,-0.798,-1.004
2017-04-13,-1.578,-0.547,-1.031
2017-04-12,-1.339,-0.289,-1.050
2017-04-11,-1.057,-0.026,-1.031
2017-04-10,-0.873,0.232,-1.105
2017-04-07,-0.573,0.508,-1.081
2017-04-06,-0.396,0.778,-1.174
2017-04-05,-0.158,1.071,-1.229
2017-03-31,0.178,1.379,-1.201
2017-03-30,0.722,1.679,-0.957
2017-03-29,1.318,1.918,-0.600
2017-03-28,1.857,2.068,-0.211
2017-03-27,2.087,2.121,-0.033
2017-03-24,2.160,2.129,0.031
2017-03-23,2.204,2.122,0.082
2017-03-22,2.292,2.101,0.190
2017-03-21,2.139,2.054,0.086
2017-03-20,1.942,2.032,-0.091
2017-03-17,1.767,2.055,-0.288
2017-03-16,1.844,2.127,-0.282
2017-03-15,1.758,2.197,-0.439
2017-03-14,1.793,2.307,-0.514
2017-03-13,1.894,2.436,-0.542
2017-03-10,1.989,2.571,-0.581
2017-03-09,2.159,2.716,-0.557
2017-03-08,2.329,2.856,-0.526
2017-03-07,2.330,2.987,-0.657
2017-03-06,2.416,3.151,-0.735
2017-03-03,2.550,3.335,-0.786
2017-03-02,2.854,3.532,-0.678
2017-03-01,3.159,3.701,-0.543
2017-02-28,3.457,3.837,-0.379
2017-02-27,3.611,3.932,-0.320
2017-02-24,3.829,4.012,-0.183
2017-02-23,3.919,4.057,-0.139
2017-02-22,3.938,4.092,-0.154
2017-02-21,3.952,4.131,-0.179
2017-02-20,nan,nan,nan
2017-02-17,nan,nan,nan
2017-02-16,nan,nan,nan
2017-02-15,nan,nan,nan
2017-02-14,nan,nan,nan
2017-02-13,nan,nan,nan
2017-02-10,nan,nan,nan
2017-02-09,nan,nan,nan
2017-02-08,nan,nan,nan
2017-02-07,nan,nan,nan
2017-02-06,nan,nan,nan
2017-02-03,nan,nan,nan
2017-02-02,nan,nan,nan
2017-01-26,nan,nan,nan
2017-01-25,nan,nan,nan
2017-01-24,nan,nan,nan
2017-01-23,nan,nan,nan
2017-01-20,nan,nan,nan
2017-01-19,nan,nan,nan
2017-01-18,nan,nan,nan
2017-01-17,nan,nan,nan
2017-01-16,nan,nan,nan
2017-01-13,nan,nan,nan
2017-01-12,nan,nan,nan
2017-01-11,nan,nan,nan
2017-01-10,nan,nan,nan
2017-01-09,nan,nan,nan
2017-01-06,nan,nan,nan
2017-01-05,nan,nan,nan
2017-01-04,nan,nan,nan
2017-01-03,nan,nan,nan
2016-12-30,nan,nan,nan
2016-12-29,nan,nan,nan
