2017-03-17@15:00:00,39.557,38.407,37.256
2017-03-17@14:00:00,39.568,38.397,37.226
2017-03-17@11:30:00,39.627,38.335,37.042
2017-03-17@10:30:00,39.662,38.278,36.893
2017-03-16@15:00:00,39.696,38.183,36.670
2017-03-16@14:00:00,39.656,38.053,36.450
2017-03-16@11:30:00,39.632,37.938,36.244
2017-03-16@10:30:00,39.570,37.829,36.087
2017-03-15@15:00:00,39.464,37.715,35.965
2017-03-15@14:00:00,39.309,37.635,35.960
2017-03-15@11:30:00,39.133,37.555,35.977
2017-03-15@10:30:00,38.902,37.474,36.046
2017-03-14@15:00:00,38.730,37.407,36.083
2017-03-14@14:00:00,38.361,37.324,36.286
2017-03-14@11:30:00,38.229,37.274,36.318
2017-03-14@10:30:00,38.129,37.231,36.333
2017-03-13@15:00:00,37.954,37.185,36.415
2017-03-13@14:00:00,37.851,37.157,36.462
2017-03-13@11:30:00,37.806,37.140,36.474
2017-03-13@10:30:00,37.788,37.130,36.472
2017-03-10@15:00:00,37.790,37.132,36.474
2017-03-10@14:00:00,37.708,37.088,36.468
2017-03-10@11:30:00,37.718,37.059,36.401
2017-03-10@10:30:00,37.717,37.028,36.338
2017-03-09@15:00:00,37.764,37.001,36.237
2017-03-09@14:00:00,37.776,36.994,36.211
2017-03-09@11:30:00,37.770,36.998,36.226
2017-03-09@10:30:00,37.782,36.990,36.198
2017-03-08@15:00:00,37.797,36.980,36.162
2017-03-08@14:00:00,37.766,36.947,36.127
2017-03-08@11:30:00,37.728,36.914,36.100
2017-03-08@10:30:00,37.673,36.866,36.059
2017-03-07@15:00:00,37.623,36.824,36.025
2017-03-07@14:00:00,37.527,36.757,35.986
2017-03-07@11:30:00,37.510,36.694,35.877
2017-03-07@10:30:00,37.470,36.642,35.813
2017-03-06@15:00:00,37.398,36.570,35.742
2017-03-06@14:00:00,37.263,36.519,35.774
2017-03-06@11:30:00,37.140,36.480,35.820
2017-03-06@10:30:00,37.080,36.467,35.854
2017-03-03@15:00:00,36.963,36.443,35.922
2017-03-03@14:00:00,36.949,36.439,35.928
2017-03-03@11:30:00,36.959,36.443,35.926
2017-03-03@10:30:00,36.947,36.432,35.917
2017-03-02@15:00:00,36.947,36.431,35.915
2017-03-02@14:00:00,36.945,36.424,35.902
2017-03-02@11:30:00,36.925,36.404,35.883
2017-03-02@10:30:00,36.937,36.380,35.822
2017-03-01@15:00:00,36.957,36.352,35.747
2017-03-01@14:00:00,36.926,36.331,35.736
2017-03-01@11:30:00,36.896,36.297,35.697
2017-03-01@10:30:00,36.901,36.263,35.624
2017-02-28@15:00:00,36.889,36.232,35.574
2017-02-28@14:00:00,36.917,36.201,35.484
2017-02-28@11:30:00,36.958,36.175,35.392
2017-02-28@10:30:00,36.985,36.144,35.302
2017-02-27@15:00:00,37.031,36.113,35.194
2017-02-27@14:00:00,37.105,36.036,34.967
2017-02-27@11:30:00,37.129,35.950,34.770
2017-02-27@10:30:00,37.024,35.849,34.673
2017-02-24@15:00:00,36.929,35.755,34.581
2017-02-24@14:00:00,36.834,35.650,34.465
2017-02-24@11:30:00,36.696,35.562,34.427
2017-02-24@10:30:00,36.589,35.499,34.409
2017-02-23@15:00:00,36.548,35.487,34.425
2017-02-23@14:00:00,36.482,35.466,34.450
2017-02-23@11:30:00,36.407,35.442,34.477
2017-02-23@10:30:00,36.412,35.444,34.475
2017-02-22@15:00:00,36.432,35.451,34.469
2017-02-22@14:00:00,36.456,35.456,34.456
2017-02-22@11:30:00,36.590,35.489,34.388
2017-02-22@10:30:00,36.708,35.526,34.344
2017-02-21@15:00:00,36.758,35.545,34.332
2017-02-21@14:00:00,36.864,35.589,34.313
2017-02-21@11:30:00,36.958,35.637,34.315
2017-02-21@10:30:00,37.035,35.681,34.326
2017-02-20@15:00:00,37.100,35.733,34.365
2017-02-20@14:00:00,37.152,35.816,34.479
2017-02-20@11:30:00,37.171,35.899,34.627
2017-02-20@10:30:00,37.212,35.987,34.761
2017-02-17@15:00:00,37.186,36.063,34.939
2017-02-17@14:00:00,37.040,36.126,35.211
2017-02-17@11:30:00,36.903,36.181,35.459
2017-02-17@10:30:00,36.762,36.225,35.687
2017-02-16@15:00:00,36.762,36.237,35.711
2017-02-16@14:00:00,36.759,36.262,35.765
2017-02-16@11:30:00,36.729,36.293,35.856
2017-02-16@10:30:00,36.719,36.307,35.894
2017-02-15@15:00:00,36.722,36.332,35.941
2017-02-15@14:00:00,36.765,36.305,35.844
2017-02-15@11:30:00,36.786,36.254,35.722
2017-02-15@10:30:00,36.872,36.191,35.509
2017-02-14@15:00:00,36.940,36.141,35.342
2017-02-14@14:00:00,36.942,36.086,35.230
2017-02-14@11:30:00,36.951,36.026,35.101
2017-02-14@10:30:00,36.946,35.969,34.992
2017-02-13@15:00:00,36.912,35.930,34.948
2017-02-13@14:00:00,36.844,35.891,34.938
2017-02-13@11:30:00,36.775,35.847,34.919
2017-02-13@10:30:00,36.652,35.796,34.939
2017-02-10@15:00:00,36.587,35.734,34.881
2017-02-10@14:00:00,36.596,35.691,34.785
2017-02-10@11:30:00,36.563,35.661,34.758
2017-02-10@10:30:00,36.539,35.617,34.695
2017-02-09@15:00:00,36.460,35.576,34.691
2017-02-09@14:00:00,36.366,35.549,34.731
2017-02-09@11:30:00,36.246,35.514,34.781
2017-02-09@10:30:00,36.126,35.478,34.830
2017-02-08@15:00:00,35.883,35.426,34.969
2017-02-08@14:00:00,35.885,35.427,34.968
2017-02-08@11:30:00,35.867,35.415,34.963
2017-02-08@10:30:00,35.873,35.428,34.983
2017-02-07@15:00:00,35.895,35.416,34.936
2017-02-07@14:00:00,35.937,35.388,34.839
2017-02-07@11:30:00,35.942,35.382,34.821
2017-02-07@10:30:00,35.944,35.377,34.810
2017-02-06@15:00:00,35.934,35.352,34.770
2017-02-06@14:00:00,35.895,35.317,34.740
2017-02-06@11:30:00,35.868,35.299,34.730
2017-02-06@10:30:00,35.829,35.270,34.711
2017-02-03@15:00:00,35.829,35.268,34.707
2017-02-03@14:00:00,35.847,35.257,34.666
2017-02-03@11:30:00,35.833,35.237,34.642
2017-02-03@10:30:00,35.840,35.226,34.612
2017-01-26@15:00:00,35.830,35.199,34.567
2017-01-26@14:00:00,35.782,35.127,34.473
2017-01-26@11:30:00,35.795,35.051,34.307
2017-01-26@10:30:00,35.728,35.013,34.297
2017-01-25@15:00:00,35.692,34.962,34.233
2017-01-25@14:00:00,35.622,34.872,34.122
2017-01-25@11:30:00,35.588,34.810,34.033
2017-01-25@10:30:00,35.514,34.740,33.966
2017-01-24@15:00:00,35.507,34.697,33.888
2017-01-24@14:00:00,35.537,34.712,33.886
2017-01-24@11:30:00,35.611,34.732,33.853
2017-01-24@10:30:00,35.582,34.681,33.780
2017-01-23@15:00:00,35.602,34.612,33.622
2017-01-23@14:00:00,35.666,34.522,33.378
2017-01-23@11:30:00,35.588,34.459,33.330
2017-01-23@10:30:00,35.520,34.406,33.292
2017-01-20@15:00:00,35.470,34.390,33.309
2017-01-20@14:00:00,35.695,34.444,33.193
2017-01-20@11:30:00,35.949,34.503,33.056
2017-01-20@10:30:00,36.210,34.573,32.936
2017-01-19@15:00:00,36.504,34.658,32.812
2017-01-19@14:00:00,36.976,34.803,32.631
2017-01-19@11:30:00,37.492,34.987,32.482
2017-01-19@10:30:00,38.091,35.171,32.250
2017-01-18@15:00:00,38.572,35.366,32.159
2017-01-18@14:00:00,38.985,35.588,32.190
2017-01-18@11:30:00,39.410,35.818,32.225
2017-01-18@10:30:00,39.837,36.069,32.300
2017-01-17@15:00:00,40.341,36.352,32.363
2017-01-17@14:00:00,40.876,36.606,32.336
2017-01-17@11:30:00,41.362,36.844,32.327
2017-01-17@10:30:00,41.736,37.157,32.578
2017-01-16@15:00:00,41.946,37.483,33.021
2017-01-16@14:00:00,41.958,37.824,33.691
2017-01-16@11:30:00,41.945,38.125,34.305
2017-01-16@10:30:00,41.838,38.433,35.029
2017-01-13@15:00:00,41.688,38.681,35.675
2017-01-13@14:00:00,41.664,38.893,36.122
2017-01-13@11:30:00,41.637,39.098,36.560
2017-01-13@10:30:00,41.566,39.311,37.056
2017-01-12@15:00:00,41.444,39.514,37.585
2017-01-12@14:00:00,41.548,39.722,37.896
2017-01-12@11:30:00,41.714,39.918,38.122
2017-01-12@10:30:00,41.871,40.073,38.275
2017-01-11@15:00:00,41.932,40.227,38.523
2017-01-11@14:00:00,41.937,40.377,38.818
2017-01-11@11:30:00,41.914,40.503,39.093
2017-01-11@10:30:00,41.888,40.607,39.326
2017-01-10@15:00:00,41.881,40.654,39.427
2017-01-10@14:00:00,41.888,40.682,39.477
2017-01-10@11:30:00,41.908,40.715,39.522
2017-01-10@10:30:00,41.924,40.741,39.559
2017-01-09@15:00:00,41.944,40.784,39.624
2017-01-09@14:00:00,41.938,40.788,39.637
2017-01-09@11:30:00,41.954,40.854,39.754
2017-01-09@10:30:00,41.974,40.910,39.846
2017-01-06@15:00:00,41.916,40.985,40.055
2017-01-06@14:00:00,41.863,41.021,40.179
2017-01-06@11:30:00,41.869,41.077,40.286
2017-01-06@10:30:00,41.936,41.137,40.339
2017-01-05@15:00:00,41.968,41.186,40.404
2017-01-05@14:00:00,41.941,41.169,40.397
2017-01-05@11:30:00,41.878,41.146,40.414
2017-01-05@10:30:00,41.887,41.148,40.410
2017-01-04@15:00:00,41.861,41.134,40.408
2017-01-04@14:00:00,42.124,41.189,40.254
2017-01-04@11:30:00,42.381,41.257,40.133
2017-01-04@10:30:00,42.644,41.338,40.032
2017-01-03@15:00:00,42.836,41.435,40.035
2017-01-03@14:00:00,42.994,41.533,40.072
2017-01-03@11:30:00,43.103,41.613,40.124
2017-01-03@10:30:00,43.108,41.656,40.204
2016-12-30@15:00:00,43.105,41.680,40.256
2016-12-30@14:00:00,43.046,41.793,40.540
2016-12-30@11:30:00,43.092,41.844,40.597
2016-12-30@10:30:00,43.258,41.934,40.610
2016-12-29@15:00:00,43.548,42.056,40.564
2016-12-29@14:00:00,44.375,42.299,40.224
2016-12-29@11:30:00,44.975,42.505,40.036
2016-12-29@10:30:00,45.451,42.693,39.935
2016-12-28@15:00:00,45.910,42.901,39.893
2016-12-28@14:00:00,46.501,43.181,39.862
2016-12-28@11:30:00,46.967,43.450,39.934
2016-12-28@10:30:00,47.257,43.673,40.090
2016-12-27@15:00:00,47.483,43.928,40.374
2016-12-27@14:00:00,47.720,44.108,40.497
2016-12-27@11:30:00,47.925,44.282,40.640
2016-12-27@10:30:00,48.134,44.458,40.782
2016-12-26@15:00:00,48.295,44.635,40.975
2016-12-26@14:00:00,48.376,44.794,41.212
2016-12-26@11:30:00,48.408,44.960,41.512
2016-12-26@10:30:00,48.316,45.177,42.037
2016-12-23@15:00:00,48.107,45.419,42.730
2016-12-23@14:00:00,48.024,45.651,43.278
2016-12-23@11:30:00,47.745,45.880,44.015
2016-12-23@10:30:00,47.462,46.071,44.679
2016-12-22@15:00:00,47.201,46.242,45.283
2016-12-22@14:00:00,47.267,46.303,45.339
2016-12-22@11:30:00,47.301,46.370,45.439
2016-12-22@10:30:00,47.408,46.467,45.525
2016-12-21@15:00:00,47.476,46.540,45.604
2016-12-21@14:00:00,47.459,46.511,45.564
2016-12-21@11:30:00,47.483,46.524,45.565
2016-12-21@10:30:00,47.518,46.567,45.617
2016-12-20@15:00:00,47.517,46.572,45.626
2016-12-20@14:00:00,47.565,46.620,45.676
2016-12-20@11:30:00,47.575,46.657,45.740
2016-12-20@10:30:00,47.573,46.663,45.752
2016-12-19@15:00:00,47.568,46.674,45.780
2016-12-19@14:00:00,47.525,46.711,45.896
2016-12-19@11:30:00,47.769,46.828,45.887
2016-12-19@10:30:00,48.085,46.951,45.818
2016-12-16@15:00:00,48.791,47.126,45.461
2016-12-16@14:00:00,49.944,47.359,44.775
2016-12-16@11:30:00,50.846,47.609,44.373
2016-12-16@10:30:00,51.507,47.848,44.189
2016-12-15@15:00:00,52.036,48.066,44.097
2016-12-15@14:00:00,52.591,48.319,44.047
2016-12-15@11:30:00,53.130,48.587,44.044
2016-12-15@10:30:00,53.655,48.842,44.028
2016-12-14@15:00:00,54.227,49.136,44.044
2016-12-14@14:00:00,54.814,49.521,44.228
2016-12-14@11:30:00,55.278,49.855,44.431
2016-12-14@10:30:00,55.625,50.175,44.724
2016-12-13@15:00:00,55.745,50.492,45.238
2016-12-13@14:00:00,55.918,50.793,45.667
2016-12-13@11:30:00,56.136,51.156,46.175
2016-12-13@10:30:00,56.282,51.573,46.864
2016-12-12@15:00:00,56.281,51.993,47.704
2016-12-12@14:00:00,56.274,52.453,48.632
2016-12-12@11:30:00,56.363,52.829,49.295
2016-12-12@10:30:00,56.349,53.190,50.031
2016-12-09@15:00:00,56.605,53.523,50.440
2016-12-09@14:00:00,56.813,53.722,50.630
2016-12-09@11:30:00,57.092,53.939,50.785
2016-12-09@10:30:00,57.254,54.159,51.064
2016-12-08@15:00:00,57.564,54.446,51.327
2016-12-08@14:00:00,57.737,54.686,51.634
2016-12-08@11:30:00,57.973,54.937,51.901
2016-12-08@10:30:00,58.387,55.228,52.069
2016-12-07@15:00:00,59.099,55.556,52.012
2016-12-07@14:00:00,59.359,55.760,52.160
2016-12-07@11:30:00,59.427,55.935,52.443
2016-12-07@10:30:00,59.338,56.054,52.769
2016-12-06@15:00:00,59.115,56.218,53.321
2016-12-06@14:00:00,59.907,56.047,52.186
2016-12-06@11:30:00,60.522,55.826,51.129
2016-12-06@10:30:00,60.986,55.567,50.148
2016-12-05@15:00:00,61.335,55.297,49.259
2016-12-05@14:00:00,61.467,55.005,48.543
2016-12-05@11:30:00,61.568,54.699,47.829
2016-12-05@10:30:00,61.579,54.396,47.213
2016-12-02@15:00:00,61.430,54.071,46.712
2016-12-02@14:00:00,61.348,53.761,46.173
2016-12-02@11:30:00,61.181,53.390,45.599
2016-12-02@10:30:00,60.960,53.031,45.101
2016-12-01@15:00:00,60.493,52.613,44.733
2016-12-01@14:00:00,60.010,52.235,44.459
2016-12-01@11:30:00,59.361,51.810,44.259
2016-12-01@10:30:00,58.369,51.328,44.287
2016-11-30@15:00:00,56.803,50.736,44.668
2016-11-30@14:00:00,55.484,50.187,44.890
2016-11-30@11:30:00,54.116,49.684,45.251
2016-11-30@10:30:00,52.884,49.238,45.591
2016-10-13@15:00:00,50.894,48.792,46.690
2016-10-13@14:00:00,50.864,48.656,46.447
2016-10-13@11:30:00,50.792,48.520,46.248
2016-10-13@10:30:00,50.678,48.411,46.144
2016-10-12@15:00:00,50.572,48.298,46.024
2016-10-12@14:00:00,50.364,48.144,45.923
2016-10-12@11:30:00,50.203,48.001,45.799
2016-10-12@10:30:00,49.977,47.850,45.724
2016-10-11@15:00:00,49.616,47.694,45.773
2016-10-11@14:00:00,49.340,47.591,45.842
2016-10-11@11:30:00,49.222,47.457,45.693
2016-10-11@10:30:00,49.109,47.295,45.482
2016-10-10@15:00:00,48.865,47.200,45.536
2016-10-10@14:00:00,48.591,47.141,45.692
2016-10-10@11:30:00,48.405,47.102,45.799
2016-10-10@10:30:00,48.283,47.079,45.875
2016-09-30@15:00:00,48.523,47.130,45.737
2016-09-30@14:00:00,48.790,47.222,45.653
2016-09-30@11:30:00,49.086,47.326,45.566
2016-09-30@10:30:00,49.181,47.399,45.616
2016-09-29@15:00:00,49.259,47.454,45.649
2016-09-29@14:00:00,49.260,47.450,45.640
2016-09-29@11:30:00,49.260,47.452,45.643
2016-09-29@10:30:00,49.252,47.440,45.627
2016-09-28@15:00:00,49.251,47.436,45.621
2016-09-28@14:00:00,49.251,47.437,45.622
2016-09-28@11:30:00,49.247,47.454,45.661
2016-09-28@10:30:00,49.248,47.453,45.658
2016-09-27@15:00:00,49.276,47.422,45.567
2016-09-27@14:00:00,49.279,47.375,45.471
2016-09-27@11:30:00,49.261,47.388,45.515
2016-09-27@10:30:00,49.165,47.441,45.717
2016-09-26@15:00:00,49.171,47.425,45.680
2016-09-26@14:00:00,49.120,47.350,45.581
2016-09-26@11:30:00,49.056,47.275,45.493
2016-09-26@10:30:00,48.943,47.194,45.446
2016-09-23@15:00:00,48.682,47.078,45.475
2016-09-23@14:00:00,48.415,46.930,45.444
2016-09-23@11:30:00,47.943,46.775,45.606
2016-09-23@10:30:00,47.668,46.663,45.659
2016-09-22@15:00:00,47.321,46.562,45.804
2016-09-22@14:00:00,47.297,46.523,45.749
2016-09-22@11:30:00,47.240,46.479,45.717
2016-09-22@10:30:00,nan,nan,nan
2016-09-21@15:00:00,nan,nan,nan
2016-09-21@14:00:00,nan,nan,nan
2016-09-21@11:30:00,nan,nan,nan
2016-09-21@10:30:00,nan,nan,nan
2016-09-20@15:00:00,nan,nan,nan
2016-09-20@14:00:00,nan,nan,nan
2016-09-20@11:30:00,nan,nan,nan
2016-09-20@10:30:00,nan,nan,nan
2016-09-19@15:00:00,nan,nan,nan
2016-09-19@14:00:00,nan,nan,nan
2016-09-19@11:30:00,nan,nan,nan
2016-09-19@10:30:00,nan,nan,nan
2016-09-14@15:00:00,nan,nan,nan
2016-09-14@14:00:00,nan,nan,nan
2016-09-14@11:30:00,nan,nan,nan
2016-09-14@10:30:00,nan,nan,nan
2016-09-13@15:00:00,nan,nan,nan
2016-09-13@14:00:00,nan,nan,nan
