date,open,high,close,low,volume,price_change,p_change,ma5,ma10,ma20,v_ma5,v_ma10,v_ma20,turnover
2017-06-30,68.49,75.4,69.6,65.03,64839.81,1.2,1.75,74.16,84.485,86.406,103854.97,118767.52,272932.79,26.99
2017-05-31,72.88,73.9,68.4,66.5,70234.82,-4.37,-6.0,76.42,87.706,87.34,108428.07,132886.94,284493.51,29.24
2017-04-28,78.69,82.69,72.77,66.88,108946.34,-5.78,-7.36,80.78,91.126,88.454,120580.31,160760.1,297096.97,45.36
2017-03-31,80.66,95.04,78.55,78.0,207889.91,-2.93,-3.6,88.766,95.949,89.434,149175.47,213798.31,308856.38,86.55
2017-02-28,81.0,83.01,81.48,77.51,67363.98,0.58,0.72,92.568,98.772,90.16,125881.51,245350.53,315587.48,28.04
2017-01-26,90.2,92.0,80.9,72.07,87705.31,-9.3,-10.31,94.81,100.96,90.78,133680.06,306707.68,333317.73,36.51
2016-12-30,114.63,115.32,90.2,85.2,130996.01,-22.5,-19.96,98.992,103.67,91.54,157345.8,346172.61,352210.99,65.5
2016-11-30,98.96,118.0,112.7,98.5,251922.14,15.14,15.52,101.472,101.708,91.652,200939.89,407250.88,370645.57,125.96
2016-10-28,93.88,101.39,97.56,93.3,91420.12,4.87,5.25,103.132,97.062,89.738,278421.15,419572.77,381438.61,45.71
2016-09-30,101.8,103.52,92.69,91.7,106356.73,-9.12,-8.96,104.976,88.956,88.956,364819.54,410440.46,410440.46,53.18
2016-08-31,100.4,109.99,101.81,95.0,206034.02,-0.79,-0.77,107.11,88.541,88.541,479735.29,444227.54,444227.54,103.02
2016-07-29,122.7,136.0,102.6,97.8,348966.44,-18.4,-15.21,108.348,86.883,86.883,534999.41,474001.73,474001.73,174.48
2016-06-30,107.48,135.52,121.0,100.2,639328.44,14.22,13.32,101.944,84.637,84.637,613561.86,491863.92,491863.92,319.66
2016-05-31,103.41,115.66,106.78,85.91,523412.06,3.42,3.31,90.992,78.577,78.577,560724.4,467286.5,467286.5,261.71
2016-04-29,108.6,122.3,103.36,92.59,680935.5,-4.64,-4.3,72.936,72.936,72.936,456061.39,456061.39,456061.39,340.47
2016-03-31,68.18,108.0,108.0,64.79,482354.62,37.42,53.02,65.33,65.33,65.33,399842.86,399842.86,399842.86,241.18
2016-02-29,64.5,91.7,70.58,62.01,741778.69,4.34,6.55,51.107,51.107,51.107,372338.94,372338.94,372338.94,370.89
2016-01-29,18.15,83.46,66.24,18.15,375141.12,49.74,301.45,41.37,41.37,41.37,187619.06,187619.06,187619.06,187.57
2015-12-31,13.75,16.5,16.5,13.75,97.0,2.29,19.98,16.5,16.5,16.5,97.0,97.0,97.0,0.05
