Not
2017-01-06@15:00:00,-0.144,0.104,-0.248
2017-01-06@14:30:00,-0.061,0.166,-0.227
2017-01-06@14:00:00,0.010,0.222,-0.212
2017-01-06@13:30:00,0.080,0.276,-0.196
2017-01-06@11:30:00,0.152,0.325,-0.172
2017-01-06@11:00:00,0.218,0.368,-0.150
2017-01-06@10:30:00,0.288,0.405,-0.117
2017-01-06@10:00:00,0.320,0.434,-0.115
2017-01-05@15:00:00,0.334,0.463,-0.129
2017-01-05@14:30:00,0.369,0.495,-0.126
2017-01-05@14:00:00,0.390,0.527,-0.137
2017-01-05@13:30:00,0.397,0.561,-0.164
2017-01-05@11:30:00,0.456,0.602,-0.147
2017-01-05@11:00:00,0.518,0.639,-0.121
2017-01-05@10:30:00,0.596,0.669,-0.073
2017-01-05@10:00:00,0.657,0.687,-0.031
2017-01-04@15:00:00,0.691,0.695,-0.004
2017-01-04@14:30:00,0.688,0.696,-0.008
2017-01-04@14:00:00,0.691,0.698,-0.007
2017-01-04@13:30:00,0.719,0.700,0.019
2017-01-04@11:30:00,0.683,0.695,-0.013
2017-01-04@11:00:00,0.716,0.698,0.018
2017-01-04@10:30:00,0.767,0.694,0.073
2017-01-04@10:00:00,0.905,0.676,0.229
2017-01-03@15:00:00,0.933,0.618,0.315
2017-01-03@14:30:00,0.915,0.540,0.376
2017-01-03@14:00:00,0.887,0.446,0.441
2017-01-03@13:30:00,0.820,0.335,0.484
2017-01-03@11:30:00,0.745,0.214,0.531
2017-01-03@11:00:00,0.667,0.082,0.585
2017-01-03@10:30:00,0.498,-0.064,0.562
2017-01-03@10:00:00,0.350,-0.205,0.555
2016-12-30@15:00:00,0.191,-0.344,0.534
2016-12-30@14:30:00,0.046,-0.477,0.524
2016-12-30@14:00:00,-0.190,-0.608,0.419
2016-12-30@13:30:00,-0.578,-0.713,0.135
2016-12-30@11:30:00,-0.654,-0.747,0.093
2016-12-30@11:00:00,-0.667,-0.770,0.103
2016-12-30@10:30:00,-0.698,-0.796,0.098
2016-12-30@10:00:00,-0.698,-0.820,0.122
2016-12-29@15:00:00,-0.717,-0.851,0.133
2016-12-29@14:30:00,-0.726,-0.884,0.158
2016-12-29@14:00:00,-0.773,-0.923,0.150
2016-12-29@13:30:00,-0.847,-0.961,0.114
2016-12-29@11:30:00,-0.929,-0.989,0.060
2016-12-29@11:00:00,-0.996,-1.004,0.008
2016-12-29@10:30:00,-0.991,-1.006,0.015
2016-12-29@10:00:00,-0.987,-1.010,0.023
2016-12-28@15:00:00,-0.946,-1.015,0.069
2016-12-28@14:30:00,-0.942,-1.033,0.091
2016-12-28@14:00:00,-0.956,-1.056,0.099
2016-12-28@13:30:00,-0.938,-1.080,0.143
2016-12-28@11:30:00,-0.964,-1.116,0.152
2016-12-28@11:00:00,-1.019,-1.154,0.135
2016-12-28@10:30:00,-1.076,-1.188,0.112
2016-12-28@10:00:00,-1.128,-1.216,0.088
2016-12-27@15:00:00,-1.185,-1.238,0.053
2016-12-27@14:30:00,-1.193,-1.251,0.058
2016-12-27@14:00:00,-1.215,-1.266,0.051
2016-12-27@13:30:00,-1.240,-1.279,0.038
2016-12-27@11:30:00,-1.290,-1.288,-0.002
2016-12-27@11:00:00,-1.331,-1.288,-0.043
2016-12-27@10:30:00,-1.310,-1.277,-0.033
2016-12-27@10:00:00,-1.313,-1.268,-0.044
2016-12-26@15:00:00,-1.337,-1.257,-0.079
2016-12-26@14:30:00,-1.421,-1.238,-0.184
2016-12-26@14:00:00,-1.570,-1.192,-0.379
2016-12-26@13:30:00,-1.552,-1.097,-0.455
2016-12-26@11:30:00,-1.540,-0.983,-0.556
2016-12-26@11:00:00,-1.438,-0.844,-0.594
2016-12-26@10:30:00,-1.266,-0.696,-0.570
2016-12-26@10:00:00,-1.018,-0.553,-0.464
2016-12-23@15:00:00,-0.596,-0.437,-0.159
2016-12-23@14:30:00,-0.565,-0.398,-0.168
2016-12-23@14:00:00,-0.516,-0.356,-0.160
2016-12-23@13:30:00,-0.458,-0.316,-0.143
2016-12-23@11:30:00,-0.384,-0.280,-0.104
2016-12-23@11:00:00,-0.325,-0.254,-0.071
2016-12-23@10:30:00,-0.262,-0.236,-0.026
2016-12-23@10:00:00,-0.245,-0.230,-0.015
2016-12-22@15:00:00,-0.203,-0.226,0.023
2016-12-22@14:30:00,-0.215,-0.232,0.017
2016-12-22@14:00:00,-0.206,-0.236,0.029
2016-12-22@13:30:00,-0.188,-0.243,0.055
2016-12-22@11:30:00,-0.178,-0.257,0.079
2016-12-22@11:00:00,-0.164,-0.277,0.113
2016-12-22@10:30:00,-0.181,-0.305,0.123
2016-12-22@10:00:00,-0.170,-0.336,0.166
2016-12-21@15:00:00,-0.142,-0.377,0.235
2016-12-21@14:30:00,-0.224,-0.436,0.212
2016-12-21@14:00:00,-0.264,-0.489,0.225
2016-12-21@13:30:00,-0.299,-0.545,0.246
2016-12-21@11:30:00,-0.339,-0.607,0.267
2016-12-21@11:00:00,-0.403,-0.673,0.270
2016-12-21@10:30:00,-0.475,-0.741,0.266
2016-12-21@10:00:00,-0.575,-0.808,0.232
2016-12-20@15:00:00,-0.690,-0.866,0.175
2016-12-20@14:30:00,-0.793,-0.909,0.116
2016-12-20@14:00:00,-0.823,-0.938,0.115
2016-12-20@13:30:00,-0.874,-0.967,0.093
2016-12-20@11:30:00,-0.927,-0.990,0.063
2016-12-20@11:00:00,-0.972,-1.006,0.034
2016-12-20@10:30:00,-0.981,-1.015,0.033
2016-12-20@10:00:00,-0.976,-1.023,0.047
2016-12-19@15:00:00,-0.947,-1.035,0.088
2016-12-19@14:30:00,-1.007,-1.057,0.050
2016-12-19@14:00:00,-1.001,-1.069,0.068
2016-12-19@13:30:00,-0.992,-1.086,0.094
2016-12-19@11:30:00,-0.979,-1.110,0.131
2016-12-19@11:00:00,-0.995,-1.143,0.148
2016-12-19@10:30:00,-0.955,-1.180,0.225
2016-12-19@10:00:00,-0.955,-1.236,0.281
2016-12-16@15:00:00,-1.053,-1.306,0.253
2016-12-16@14:30:00,-1.163,-1.369,0.206
2016-12-16@14:00:00,-1.247,-1.421,0.174
2016-12-16@13:30:00,-1.315,-1.464,0.149
2016-12-16@11:30:00,-1.371,-1.501,0.131
2016-12-16@11:00:00,-1.417,-1.534,0.117
2016-12-16@10:30:00,-1.489,-1.563,0.074
2016-12-16@10:00:00,-1.570,-1.582,0.012
2016-12-15@15:00:00,-1.587,-1.585,-0.002
2016-12-15@14:30:00,-1.579,-1.585,0.005
2016-12-15@14:00:00,-1.495,-1.586,0.091
2016-12-15@13:30:00,-1.466,-1.609,0.143
2016-12-15@11:30:00,-1.502,-1.644,0.143
2016-12-15@11:00:00,-1.638,-1.680,0.042
2016-12-15@10:30:00,-1.733,-1.690,-0.042
2016-12-15@10:00:00,-1.791,-1.680,-0.112
2016-12-14@15:00:00,-1.764,-1.652,-0.112
2016-12-14@14:30:00,-1.667,-1.624,-0.043
2016-12-14@14:00:00,-1.673,-1.613,-0.060
2016-12-14@13:30:00,-1.713,-1.598,-0.115
2016-12-14@11:30:00,-1.733,-1.569,-0.164
2016-12-14@11:00:00,-1.755,-1.528,-0.227
2016-12-14@10:30:00,-1.708,-1.471,-0.237
2016-12-14@10:00:00,-1.609,-1.412,-0.197
2016-12-13@15:00:00,-1.605,-1.363,-0.242
2016-12-13@14:30:00,-1.573,-1.303,-0.270
2016-12-13@14:00:00,-1.707,-1.235,-0.472
2016-12-13@13:30:00,-1.744,-1.117,-0.627
2016-12-13@11:30:00,-1.761,-0.960,-0.801
2016-12-13@11:00:00,-1.562,-0.760,-0.802
2016-12-13@10:30:00,-1.265,-0.560,-0.705
2016-12-13@10:00:00,-0.938,-0.384,-0.554
2016-12-12@15:00:00,-0.581,-0.245,-0.336
2016-12-12@14:30:00,-0.310,-0.161,-0.149
2016-12-12@14:00:00,-0.143,-0.124,-0.019
2016-12-12@13:30:00,-0.010,-0.119,0.109
2016-12-12@11:30:00,0.081,-0.146,0.227
2016-12-12@11:00:00,0.163,-0.203,0.366
2016-12-12@10:30:00,0.134,-0.295,0.429
2016-12-12@10:00:00,0.034,-0.402,0.435
2016-12-09@15:00:00,-0.085,-0.511,0.426
2016-12-09@14:30:00,-0.368,-0.617,0.249
2016-12-09@14:00:00,-0.511,-0.679,0.168
2016-12-09@13:30:00,-0.644,-0.722,0.078
2016-12-09@11:30:00,-0.827,-0.741,-0.087
2016-12-09@11:00:00,-0.774,-0.719,-0.055
2016-12-09@10:30:00,-0.665,-0.706,0.041
2016-12-09@10:00:00,-0.525,-0.716,0.191
2016-12-08@15:00:00,-0.502,-0.764,0.262
2016-12-08@14:30:00,-0.515,-0.829,0.314
2016-12-08@14:00:00,-0.603,-0.908,0.305
2016-12-08@13:30:00,-0.674,-0.984,0.310
2016-12-08@11:30:00,-0.740,-1.061,0.322
2016-12-08@11:00:00,-0.857,-1.142,0.285
2016-12-08@10:30:00,-0.952,-1.213,0.260
2016-12-08@10:00:00,-1.097,-1.278,0.181
2016-12-07@15:00:00,-1.213,-1.323,0.110
2016-12-07@14:30:00,-1.258,-1.351,0.092
2016-12-07@14:00:00,-1.301,-1.374,0.073
2016-12-07@13:30:00,-1.418,-1.392,-0.026
2016-12-07@11:30:00,-1.549,-1.386,-0.163
2016-12-07@11:00:00,-1.601,-1.345,-0.256
2016-12-07@10:30:00,-1.630,-1.281,-0.350
2016-12-07@10:00:00,-1.591,-1.193,-0.397
2016-12-06@15:00:00,-1.547,-1.094,-0.453
2016-12-06@14:30:00,-1.452,-0.981,-0.471
2016-12-06@14:00:00,-1.446,-0.863,-0.583
2016-12-06@13:30:00,-1.425,-0.717,-0.708
2016-12-06@11:30:00,-1.385,-0.540,-0.844
2016-12-06@11:00:00,-1.252,-0.329,-0.923
2016-12-06@10:30:00,-0.968,-0.098,-0.870
2016-12-06@10:00:00,-0.657,0.119,-0.776
2016-12-05@15:00:00,-0.401,0.313,-0.714
2016-12-05@14:30:00,-0.301,0.492,-0.792
2016-12-05@14:00:00,-0.176,0.690,-0.866
2016-12-05@13:30:00,0.010,0.906,-0.896
2016-12-05@11:30:00,0.250,1.130,-0.880
2016-12-05@11:00:00,0.534,1.350,-0.816
2016-12-05@10:30:00,0.716,1.554,-0.838
2016-12-05@10:00:00,0.835,1.764,-0.928
2016-12-02@15:00:00,0.976,1.996,-1.020
2016-12-02@14:30:00,1.191,2.251,-1.060
2016-12-02@14:00:00,1.527,2.516,-0.989
2016-12-02@13:30:00,1.793,2.763,-0.969
2016-12-02@11:30:00,2.144,3.005,-0.861
2016-12-02@11:00:00,2.448,3.220,-0.773
2016-12-02@10:30:00,2.785,3.414,-0.628
2016-12-02@10:00:00,3.013,3.571,-0.558
2016-12-01@15:00:00,3.344,3.710,-0.366
2016-12-01@14:30:00,3.547,3.802,-0.254
2016-12-01@14:00:00,3.780,3.865,-0.085
2016-12-01@13:30:00,4.002,3.886,0.116
2016-12-01@11:30:00,4.156,3.857,0.298
2016-12-01@11:00:00,4.246,3.783,0.463
2016-12-01@10:30:00,4.223,3.667,0.556
2016-12-01@10:00:00,4.267,3.528,0.739
2016-11-30@15:00:00,4.300,3.343,0.956
2016-11-30@14:30:00,4.290,3.104,1.186
2016-11-30@14:00:00,4.263,2.808,1.455
2016-11-30@13:30:00,4.056,2.444,1.612
2016-11-30@11:30:00,3.674,2.041,1.633
2016-11-30@11:00:00,3.207,1.633,1.575
2016-11-30@10:30:00,2.601,1.239,1.362
2016-11-30@10:00:00,1.633,0.898,0.734
2016-10-13@15:00:00,0.386,0.715,-0.329
2016-10-13@14:30:00,0.423,0.797,-0.374
2016-10-13@14:00:00,0.504,0.891,-0.386
2016-10-13@13:30:00,0.601,0.987,-0.386
2016-10-13@11:30:00,0.712,1.084,-0.372
2016-10-13@11:00:00,0.824,1.177,-0.352
2016-10-13@10:30:00,0.954,1.265,-0.310
2016-10-13@10:00:00,1.127,1.342,-0.215
2016-10-12@14:30:00,1.291,1.396,-0.105
2016-10-12@14:00:00,1.411,1.422,-0.011
2016-10-12@13:30:00,1.506,1.425,0.082
2016-10-12@11:30:00,1.528,1.404,0.124
2016-10-12@11:00:00,1.499,1.373,0.125
2016-10-12@10:30:00,1.396,1.342,0.054
2016-10-12@10:00:00,1.265,1.329,-0.063
2016-10-11@15:00:00,1.297,1.344,-0.047
2016-10-11@14:30:00,1.369,1.356,0.013
2016-10-11@14:00:00,1.454,1.353,0.101
2016-10-11@13:30:00,1.524,1.328,0.196
2016-10-11@11:30:00,1.592,1.279,0.313
2016-10-11@11:00:00,1.610,1.200,0.410
2016-10-11@10:30:00,1.602,1.098,0.504
2016-10-11@10:00:00,1.569,0.972,0.597
2016-10-10@15:00:00,1.541,0.823,0.718
2016-10-10@14:30:00,1.427,0.643,0.784
2016-10-10@14:00:00,1.258,0.447,0.810
2016-10-10@13:30:00,0.955,0.245,0.710
2016-10-10@11:30:00,0.546,0.067,0.479
2016-10-10@11:00:00,0.237,-0.053,0.290
2016-10-10@10:30:00,0.083,-0.125,0.208
2016-10-10@10:00:00,-0.043,-0.177,0.134
2016-09-30@15:00:00,-0.187,-0.211,0.024
2016-09-30@14:30:00,-0.201,-0.217,0.016
2016-09-30@14:00:00,-0.206,-0.221,0.015
2016-09-30@13:30:00,-0.205,-0.224,0.019
2016-09-30@11:30:00,-0.209,-0.229,0.020
2016-09-30@11:00:00,-0.205,-0.234,0.029
2016-09-30@10:30:00,-0.189,-0.241,0.052
2016-09-30@10:00:00,-0.193,-0.255,0.061
2016-09-29@15:00:00,-0.198,-0.270,0.072
2016-09-29@14:30:00,-0.176,-0.288,0.112
2016-09-29@14:00:00,-0.184,-0.316,0.131
2016-09-29@13:30:00,-0.176,-0.349,0.173
2016-09-29@11:30:00,-0.187,-0.392,0.205
2016-09-29@11:00:00,-0.244,-0.443,0.199
2016-09-29@10:30:00,-0.337,-0.493,0.156
2016-09-29@10:00:00,-0.421,-0.532,0.111
2016-09-28@15:00:00,-0.439,-0.560,0.121
2016-09-28@14:30:00,-0.453,-0.590,0.137
2016-09-28@14:00:00,-0.493,-0.624,0.131
2016-09-28@13:30:00,-0.525,-0.657,0.132
2016-09-28@11:30:00,-0.555,-0.690,0.135
2016-09-28@11:00:00,-0.579,-0.724,0.144
2016-09-28@10:30:00,-0.603,-0.760,0.157
2016-09-28@10:00:00,-0.673,-0.799,0.126
2016-09-27@15:00:00,-0.708,-0.831,0.123
2016-09-27@14:30:00,-0.830,-0.861,0.031
2016-09-27@14:00:00,-0.939,-0.869,-0.070
2016-09-27@13:30:00,-0.976,-0.852,-0.124
2016-09-27@11:30:00,-0.992,-0.821,-0.171
2016-09-27@11:00:00,-0.997,-0.778,-0.219
2016-09-27@10:30:00,-0.987,-0.723,-0.264
2016-09-27@10:00:00,-0.957,-0.657,-0.300
2016-09-26@15:00:00,-0.924,-0.582,-0.342
2016-09-26@14:30:00,-0.878,-0.496,-0.381
2016-09-26@14:00:00,-0.771,-0.401,-0.369
2016-09-26@13:30:00,-0.669,-0.309,-0.360
2016-09-26@11:30:00,-0.552,-0.219,-0.333
2016-09-26@11:00:00,-0.475,-0.136,-0.339
2016-09-26@10:30:00,-0.418,-0.051,-0.368
2016-09-26@10:00:00,-0.289,0.041,-0.330
2016-09-23@15:00:00,-0.051,0.124,-0.174
2016-09-23@14:30:00,0.031,0.167,-0.136
2016-09-23@14:00:00,0.115,0.201,-0.086
2016-09-23@13:30:00,0.142,0.223,-0.081
2016-09-23@11:30:00,0.176,0.243,-0.067
2016-09-23@11:00:00,0.178,0.260,-0.082
2016-09-23@10:30:00,0.187,0.280,-0.094
2016-09-23@10:00:00,0.222,0.304,-0.082
2016-09-22@15:00:00,0.287,0.324,-0.037
2016-09-22@14:30:00,0.330,0.334,-0.003
2016-09-22@14:00:00,0.368,0.334,0.034
2016-09-22@13:30:00,0.411,0.326,0.086
2016-09-22@11:30:00,0.461,0.304,0.157
2016-09-22@11:00:00,0.483,0.265,0.217
2016-09-22@10:30:00,0.459,0.211,0.248
2016-09-22@10:00:00,0.434,0.149,0.286
2016-09-21@15:00:00,0.411,0.077,0.334
2016-09-21@14:30:00,0.368,-0.006,0.374
2016-09-21@14:00:00,0.309,-0.099,0.408
2016-09-21@13:30:00,0.188,-0.201,0.390
2016-09-21@11:30:00,0.062,-0.299,0.361
2016-09-21@11:00:00,-0.149,-0.389,0.240
2016-09-21@10:30:00,-0.291,-0.449,0.158
2016-09-21@10:00:00,-0.346,-0.489,0.143
2016-09-20@15:00:00,-0.382,-0.524,0.143
2016-09-20@14:30:00,-0.405,-0.560,0.155
2016-09-20@14:00:00,-0.424,-0.599,0.175
2016-09-20@13:30:00,-0.469,-0.642,0.174
2016-09-20@11:30:00,-0.517,-0.686,0.168
2016-09-20@11:00:00,-0.572,-0.728,0.156
2016-09-20@10:30:00,nan,nan,nan
2016-09-20@10:00:00,nan,nan,nan
2016-09-19@15:00:00,nan,nan,nan
2016-09-19@14:30:00,nan,nan,nan
2016-09-19@14:00:00,nan,nan,nan
2016-09-19@13:30:00,nan,nan,nan
2016-09-19@11:30:00,nan,nan,nan
2016-09-19@11:00:00,nan,nan,nan
2016-09-19@10:30:00,nan,nan,nan
2016-09-19@10:00:00,nan,nan,nan
2016-09-14@15:00:00,nan,nan,nan
2016-09-14@14:30:00,nan,nan,nan
2016-09-14@14:00:00,nan,nan,nan
2016-09-14@13:30:00,nan,nan,nan
2016-09-14@11:30:00,nan,nan,nan
2016-09-14@11:00:00,nan,nan,nan
2016-09-14@10:30:00,nan,nan,nan
2016-09-14@10:00:00,nan,nan,nan
2016-09-13@15:00:00,nan,nan,nan
2016-09-13@14:30:00,nan,nan,nan
2016-09-13@14:00:00,nan,nan,nan
2016-09-13@13:30:00,nan,nan,nan
2016-09-13@11:30:00,nan,nan,nan
2016-09-13@11:00:00,nan,nan,nan
2016-09-13@10:30:00,nan,nan,nan
2016-09-13@10:00:00,nan,nan,nan
2016-09-12@15:00:00,nan,nan,nan
2016-09-12@14:30:00,nan,nan,nan
2016-09-12@14:00:00,nan,nan,nan
2016-09-12@13:30:00,nan,nan,nan
2016-09-12@11:30:00,nan,nan,nan
2016-09-12@11:00:00,nan,nan,nan
2016-09-12@10:30:00,nan,nan,nan
