2017-03-17@15:00:00,20.908,20.547,20.186
2017-03-17@14:00:00,20.902,20.558,20.214
2017-03-17@11:30:00,20.904,20.559,20.213
2017-03-17@10:30:00,20.893,20.555,20.217
2017-03-16@15:00:00,20.893,20.555,20.217
2017-03-16@14:00:00,20.849,20.540,20.230
2017-03-16@11:30:00,20.815,20.525,20.235
2017-03-16@10:30:00,20.815,20.525,20.235
2017-03-15@15:00:00,20.853,20.534,20.215
2017-03-15@14:00:00,20.856,20.535,20.214
2017-03-15@11:30:00,20.874,20.555,20.236
2017-03-15@10:30:00,20.892,20.576,20.259
2017-03-14@15:00:00,20.891,20.596,20.301
2017-03-14@14:00:00,20.979,20.630,20.280
2017-03-14@11:30:00,21.017,20.651,20.285
2017-03-14@10:30:00,21.052,20.678,20.303
2017-03-13@15:00:00,21.107,20.704,20.300
2017-03-13@14:00:00,21.112,20.720,20.327
2017-03-13@11:30:00,21.108,20.730,20.353
2017-03-13@10:30:00,21.101,20.745,20.390
2017-03-10@15:00:00,21.070,20.762,20.454
2017-03-10@14:00:00,21.065,20.765,20.464
2017-03-10@11:30:00,21.064,20.760,20.456
2017-03-10@10:30:00,21.069,20.766,20.462
2017-03-09@15:00:00,21.067,20.762,20.457
2017-03-09@14:00:00,21.188,20.803,20.418
2017-03-09@11:30:00,21.355,20.859,20.363
2017-03-09@10:30:00,21.514,20.905,20.295
2017-03-08@15:00:00,21.636,20.944,20.252
2017-03-08@14:00:00,21.808,21.008,20.208
2017-03-08@11:30:00,21.921,21.061,20.201
2017-03-08@10:30:00,22.055,21.122,20.188
2017-03-07@15:00:00,22.220,21.196,20.172
2017-03-07@14:00:00,22.254,21.220,20.186
2017-03-07@11:30:00,22.267,21.241,20.215
2017-03-07@10:30:00,22.279,21.261,20.242
2017-03-06@15:00:00,22.286,21.272,20.257
2017-03-06@14:00:00,22.335,21.321,20.307
2017-03-06@11:30:00,22.341,21.363,20.384
2017-03-06@10:30:00,22.346,21.405,20.464
2017-03-03@15:00:00,22.345,21.457,20.568
2017-03-03@14:00:00,22.322,21.519,20.715
2017-03-03@11:30:00,22.281,21.573,20.864
2017-03-03@10:30:00,22.237,21.619,21.001
2017-03-02@15:00:00,22.116,21.668,21.220
2017-03-02@14:00:00,22.111,21.672,21.232
2017-03-02@11:30:00,22.112,21.674,21.235
2017-03-02@10:30:00,22.122,21.680,21.238
2017-03-01@15:00:00,22.134,21.688,21.242
2017-03-01@14:00:00,22.241,21.625,21.009
2017-03-01@11:30:00,22.321,21.565,20.808
2017-03-01@10:30:00,22.340,21.495,20.650
2017-02-28@15:00:00,22.307,21.407,20.506
2017-02-28@14:00:00,22.317,21.361,20.404
2017-02-28@11:30:00,22.323,21.332,20.340
2017-02-28@10:30:00,22.336,21.294,20.251
2017-02-27@15:00:00,22.342,21.262,20.182
2017-02-27@14:00:00,22.292,21.202,20.111
2017-02-27@11:30:00,22.264,21.154,20.043
2017-02-27@10:30:00,22.225,21.098,19.970
2017-02-24@15:00:00,22.163,21.031,19.899
2017-02-24@14:00:00,22.067,20.956,19.846
2017-02-24@11:30:00,21.959,20.894,19.829
2017-02-24@10:30:00,21.835,20.835,19.836
2017-02-23@15:00:00,21.743,20.808,19.874
2017-02-23@14:00:00,21.706,20.797,19.888
2017-02-23@11:30:00,21.619,20.775,19.931
2017-02-23@10:30:00,21.441,20.733,20.026
2017-02-22@15:00:00,21.199,20.687,20.176
2017-02-22@14:00:00,21.245,20.707,20.170
2017-02-22@11:30:00,21.270,20.725,20.181
2017-02-22@10:30:00,21.275,20.734,20.194
2017-02-21@15:00:00,21.269,20.743,20.217
2017-02-21@14:00:00,21.286,20.757,20.228
2017-02-21@11:30:00,21.326,20.774,20.223
2017-02-21@10:30:00,21.372,20.803,20.234
2017-02-20@15:00:00,21.441,20.836,20.231
2017-02-20@14:00:00,21.499,20.873,20.246
2017-02-20@11:30:00,21.579,20.917,20.255
2017-02-20@10:30:00,21.681,20.976,20.271
2017-02-17@15:00:00,21.696,21.026,20.356
2017-02-17@14:00:00,21.739,21.093,20.447
2017-02-17@11:30:00,21.716,21.129,20.542
2017-02-17@10:30:00,21.683,21.150,20.616
2017-02-16@15:00:00,21.682,21.148,20.613
2017-02-16@14:00:00,21.703,21.158,20.612
2017-02-16@11:30:00,21.734,21.171,20.608
2017-02-16@10:30:00,21.769,21.197,20.624
2017-02-15@15:00:00,21.814,21.232,20.650
2017-02-15@14:00:00,21.889,21.267,20.645
2017-02-15@11:30:00,21.921,21.300,20.679
2017-02-15@10:30:00,21.907,21.335,20.763
2017-02-14@15:00:00,21.836,21.374,20.912
2017-02-14@14:00:00,21.846,21.413,20.980
2017-02-14@11:30:00,21.866,21.442,21.017
2017-02-14@10:30:00,21.871,21.463,21.054
2017-02-13@15:00:00,21.924,21.490,21.055
2017-02-13@14:00:00,22.062,21.535,21.007
2017-02-13@11:30:00,22.091,21.552,21.012
2017-02-13@10:30:00,22.110,21.559,21.009
2017-02-10@15:00:00,22.110,21.565,21.019
2017-02-10@14:00:00,22.100,21.556,21.012
2017-02-10@11:30:00,22.093,21.565,21.037
2017-02-10@10:30:00,22.047,21.589,21.132
2017-02-09@15:00:00,22.022,21.598,21.175
2017-02-09@14:00:00,22.024,21.596,21.169
2017-02-09@11:30:00,22.043,21.582,21.121
2017-02-09@10:30:00,22.050,21.571,21.092
2017-02-08@15:00:00,22.089,21.537,20.986
2017-02-08@14:00:00,22.069,21.527,20.985
2017-02-08@11:30:00,22.065,21.524,20.984
2017-02-08@10:30:00,22.070,21.529,20.989
2017-02-07@15:00:00,22.074,21.538,21.003
2017-02-07@14:00:00,22.428,21.433,20.439
2017-02-07@11:30:00,22.519,21.348,20.178
2017-02-07@10:30:00,22.555,21.276,19.997
2017-02-06@15:00:00,22.531,21.191,19.851
2017-02-06@14:00:00,22.385,21.124,19.864
2017-02-06@11:30:00,22.321,21.098,19.875
2017-02-06@10:30:00,22.233,21.053,19.874
2017-02-03@15:00:00,22.200,20.994,19.789
2017-02-03@14:00:00,22.149,20.938,19.727
2017-02-03@11:30:00,22.099,20.902,19.706
2017-02-03@10:30:00,22.034,20.852,19.671
2017-01-26@15:00:00,21.988,20.814,19.641
2017-01-26@14:00:00,21.927,20.778,19.629
2017-01-26@11:30:00,21.905,20.767,19.630
2017-01-26@10:30:00,21.850,20.717,19.585
2017-01-25@15:00:00,21.831,20.678,19.526
2017-01-25@14:00:00,21.708,20.628,19.549
2017-01-25@11:30:00,21.573,20.581,19.590
2017-01-25@10:30:00,21.454,20.551,19.648
2017-01-24@15:00:00,21.269,20.492,19.715
2017-01-24@14:00:00,21.206,20.543,19.881
2017-01-24@11:30:00,21.305,20.515,19.726
2017-01-24@10:30:00,21.416,20.473,19.531
2017-01-23@15:00:00,21.465,20.441,19.418
2017-01-23@14:00:00,21.569,20.336,19.104
2017-01-23@11:30:00,21.497,20.225,18.954
2017-01-23@10:30:00,21.471,20.126,18.781
2017-01-20@15:00:00,21.537,20.041,18.545
2017-01-20@14:00:00,21.557,19.956,18.355
2017-01-20@11:30:00,21.479,19.880,18.281
2017-01-20@10:30:00,21.415,19.823,18.232
2017-01-19@15:00:00,21.337,19.764,18.192
2017-01-19@14:00:00,21.253,19.728,18.204
2017-01-19@11:30:00,21.105,19.682,18.260
2017-01-19@10:30:00,21.091,19.677,18.263
2017-01-18@15:00:00,21.098,19.680,18.262
2017-01-18@14:00:00,21.231,19.711,18.192
2017-01-18@11:30:00,21.472,19.765,18.058
2017-01-18@10:30:00,21.600,19.794,17.989
2017-01-17@15:00:00,21.860,19.865,17.871
2017-01-17@14:00:00,21.806,19.839,17.873
2017-01-17@11:30:00,21.835,19.874,17.913
2017-01-17@10:30:00,21.859,19.915,17.971
2017-01-16@15:00:00,21.859,19.914,17.970
2017-01-16@14:00:00,21.905,19.889,17.873
2017-01-16@11:30:00,21.985,19.837,17.689
2017-01-16@10:30:00,22.052,19.790,17.528
2017-01-13@15:00:00,22.116,19.752,17.388
2017-01-13@14:00:00,22.187,19.705,17.224
2017-01-13@11:30:00,22.249,19.635,17.022
2017-01-13@10:30:00,22.288,19.559,16.831
2017-01-12@15:00:00,22.316,19.483,16.651
2017-01-12@14:00:00,22.283,19.390,16.498
2017-01-12@11:30:00,22.222,19.290,16.358
2017-01-12@10:30:00,22.140,19.176,16.213
2017-01-11@15:00:00,22.035,19.058,16.081
2017-01-11@14:00:00,21.740,18.897,16.055
2017-01-11@11:30:00,21.274,18.703,16.132
2017-01-11@10:30:00,20.757,18.518,16.279
2017-01-10@15:00:00,19.995,18.311,16.627
2017-01-10@14:00:00,19.684,18.177,16.670
2017-01-10@11:30:00,19.293,18.043,16.794
2017-01-10@10:30:00,18.761,17.904,17.048
2017-01-09@15:00:00,18.276,17.801,17.326
2017-01-09@14:00:00,18.229,17.751,17.273
2017-01-09@11:30:00,18.199,17.724,17.249
2017-01-09@10:30:00,18.176,17.691,17.206
2017-01-06@15:00:00,18.163,17.670,17.178
2017-01-06@14:00:00,18.158,17.654,17.151
2017-01-06@11:30:00,18.146,17.643,17.141
2017-01-06@10:30:00,18.131,17.635,17.139
2017-01-05@15:00:00,18.112,17.619,17.127
2017-01-05@14:00:00,18.061,17.604,17.148
2017-01-05@11:30:00,18.015,17.593,17.172
2017-01-05@10:30:00,18.015,17.593,17.172
2017-01-04@15:00:00,18.028,17.597,17.166
2017-01-04@14:00:00,18.024,17.596,17.168
2017-01-04@11:30:00,18.032,17.598,17.165
2017-01-04@10:30:00,18.048,17.603,17.158
2017-01-03@15:00:00,18.078,17.615,17.152
2017-01-03@14:00:00,18.102,17.636,17.170
2017-01-03@11:30:00,18.114,17.653,17.192
2017-01-03@10:30:00,18.103,17.665,17.227
2016-12-30@15:00:00,18.103,17.665,17.228
2016-12-30@14:00:00,18.095,17.693,17.291
2016-12-30@11:30:00,18.110,17.713,17.316
2016-12-30@10:30:00,18.114,17.743,17.373
2016-12-29@15:00:00,18.147,17.776,17.406
2016-12-29@14:00:00,18.228,17.822,17.416
2016-12-29@11:30:00,18.301,17.860,17.420
2016-12-29@10:30:00,18.353,17.891,17.429
2016-12-28@15:00:00,18.393,17.932,17.471
2016-12-28@14:00:00,18.490,17.970,17.451
2016-12-28@11:30:00,18.538,17.997,17.456
2016-12-28@10:30:00,18.593,18.023,17.454
2016-12-27@15:00:00,18.662,18.054,17.446
2016-12-27@14:00:00,18.669,18.062,17.455
2016-12-27@11:30:00,18.677,18.077,17.477
2016-12-27@10:30:00,18.692,18.092,17.493
2016-12-26@15:00:00,18.702,18.107,17.513
2016-12-26@14:00:00,18.735,18.136,17.538
2016-12-26@11:30:00,18.755,18.168,17.582
2016-12-26@10:30:00,18.745,18.213,17.682
2016-12-23@15:00:00,18.669,18.264,17.859
2016-12-23@14:00:00,18.720,18.311,17.903
2016-12-23@11:30:00,18.763,18.356,17.950
2016-12-23@10:30:00,18.738,18.375,18.013
2016-12-22@15:00:00,18.728,18.390,18.052
2016-12-22@14:00:00,18.754,18.372,17.991
2016-12-22@11:30:00,18.782,18.352,17.923
2016-12-22@10:30:00,18.786,18.345,17.904
2016-12-21@15:00:00,18.799,18.327,17.855
2016-12-21@14:00:00,18.811,18.289,17.768
2016-12-21@11:30:00,18.807,18.270,17.734
2016-12-21@10:30:00,18.797,18.246,17.696
2016-12-20@15:00:00,18.788,18.205,17.622
2016-12-20@14:00:00,18.794,18.192,17.590
2016-12-20@11:30:00,18.797,18.176,17.556
2016-12-20@10:30:00,18.805,18.148,17.492
2016-12-19@15:00:00,18.802,18.127,17.453
2016-12-19@14:00:00,18.769,18.108,17.447
2016-12-19@11:30:00,18.746,18.098,17.450
2016-12-19@10:30:00,18.737,18.095,17.453
2016-12-16@15:00:00,18.843,18.119,17.395
2016-12-16@14:00:00,19.137,18.167,17.196
2016-12-16@11:30:00,19.419,18.221,17.023
2016-12-16@10:30:00,19.750,18.308,16.865
2016-12-15@15:00:00,20.039,18.395,16.750
2016-12-15@14:00:00,20.477,18.537,16.596
2016-12-15@11:30:00,20.999,18.712,16.424
2016-12-15@10:30:00,21.271,18.842,16.413
2016-12-14@15:00:00,21.510,18.982,16.453
2016-12-14@14:00:00,21.830,19.162,16.494
2016-12-14@11:30:00,22.151,19.342,16.534
2016-12-14@10:30:00,22.278,19.483,16.688
2016-12-13@15:00:00,22.381,19.645,16.908
2016-12-13@14:00:00,22.374,19.649,16.925
2016-12-13@11:30:00,22.363,19.656,16.949
2016-12-13@10:30:00,22.333,19.674,17.015
2016-12-12@15:00:00,22.322,19.681,17.039
2016-12-12@14:00:00,22.305,19.694,17.082
2016-12-12@11:30:00,22.315,19.686,17.057
2016-12-12@10:30:00,22.356,19.655,16.955
2016-12-09@15:00:00,22.419,19.589,16.760
2016-12-09@14:00:00,22.436,19.487,16.538
2016-12-09@11:30:00,22.427,19.374,16.322
2016-12-09@10:30:00,22.376,19.256,16.136
2016-12-08@15:00:00,22.306,19.127,15.948
2016-12-08@14:00:00,22.118,18.958,15.799
2016-12-08@11:30:00,21.773,18.758,15.743
2016-12-08@10:30:00,21.531,18.579,15.627
2016-11-30@15:00:00,21.239,18.395,15.552
2016-11-30@14:00:00,20.734,18.169,15.604
2016-11-30@11:30:00,20.015,17.936,15.858
2016-11-30@10:30:00,19.419,17.743,16.068
2016-10-13@15:00:00,18.408,17.544,16.681
2016-10-13@14:00:00,18.360,17.508,16.655
2016-10-13@11:30:00,18.304,17.468,16.633
2016-10-13@10:30:00,18.226,17.428,16.631
2016-10-12@15:00:00,18.172,17.405,16.639
2016-10-12@14:00:00,18.003,17.345,16.688
2016-10-12@11:30:00,17.871,17.302,16.733
2016-10-12@10:30:00,17.794,17.270,16.747
2016-10-11@15:00:00,17.751,17.251,16.751
2016-10-11@14:00:00,17.727,17.245,16.763
2016-10-11@11:30:00,17.676,17.225,16.774
2016-10-11@10:30:00,17.598,17.201,16.804
2016-10-10@15:00:00,17.557,17.188,16.820
2016-10-10@14:00:00,17.636,17.204,16.772
2016-10-10@11:30:00,17.837,17.241,16.646
2016-10-10@10:30:00,18.141,17.313,16.485
2016-09-30@15:00:00,18.338,17.381,16.425
2016-09-30@14:00:00,18.537,17.470,16.404
2016-09-30@11:30:00,18.705,17.555,16.405
2016-09-30@10:30:00,18.840,17.642,16.444
2016-09-29@15:00:00,18.953,17.726,16.499
2016-09-29@14:00:00,18.968,17.712,16.456
2016-09-29@11:30:00,18.976,17.703,16.431
2016-09-29@10:30:00,18.977,17.700,16.424
2016-09-28@15:00:00,18.980,17.686,16.393
2016-09-28@14:00:00,18.989,17.677,16.366
2016-09-28@11:30:00,19.004,17.661,16.318
2016-09-28@10:30:00,19.024,17.641,16.259
2016-09-27@15:00:00,19.032,17.627,16.223
2016-09-27@14:00:00,19.033,17.596,16.160
2016-09-27@11:30:00,19.035,17.590,16.145
2016-09-27@10:30:00,19.042,17.574,16.106
2016-09-26@15:00:00,19.046,17.556,16.067
2016-09-26@14:00:00,19.024,17.518,16.013
2016-09-26@11:30:00,18.956,17.452,15.948
2016-09-26@10:30:00,18.809,17.353,15.898
2016-09-23@15:00:00,18.675,17.248,15.822
2016-09-23@14:00:00,18.473,17.127,15.782
2016-09-23@11:30:00,18.223,17.004,15.785
2016-09-23@10:30:00,17.909,16.875,15.842
2016-07-01@15:00:00,17.471,16.746,16.021
2016-07-01@14:00:00,17.512,16.690,15.868
2016-07-01@11:30:00,17.512,16.633,15.754
2016-07-01@10:30:00,17.458,16.574,15.689
2016-06-30@15:00:00,17.378,16.527,15.676
2016-06-30@14:00:00,17.333,16.497,15.661
2016-06-30@11:30:00,17.290,16.470,15.650
2016-06-30@10:30:00,17.257,16.446,15.635
2016-06-29@15:00:00,17.209,16.427,15.646
2016-06-29@14:00:00,17.159,16.409,15.659
2016-06-29@11:30:00,17.057,16.375,15.694
2016-06-29@10:30:00,16.996,16.355,15.713
2016-06-28@15:00:00,16.910,16.327,15.743
2016-06-28@14:00:00,16.791,16.295,15.799
2016-06-28@11:30:00,16.746,16.286,15.825
2016-06-28@10:30:00,16.785,16.295,15.804
2016-06-27@15:00:00,16.829,16.311,15.793
2016-06-27@14:00:00,16.848,16.326,15.803
2016-06-27@11:30:00,16.858,16.339,15.820
2016-06-27@10:30:00,16.858,16.355,15.853
2016-06-24@15:00:00,16.850,16.366,15.881
2016-06-24@14:00:00,16.811,16.381,15.952
2016-06-24@11:30:00,16.769,16.401,16.032
2016-06-24@10:30:00,nan,nan,nan
2016-06-23@15:00:00,nan,nan,nan
2016-06-23@14:00:00,nan,nan,nan
2016-06-23@11:30:00,nan,nan,nan
2016-06-23@10:30:00,nan,nan,nan
2016-06-22@15:00:00,nan,nan,nan
2016-06-22@14:00:00,nan,nan,nan
2016-06-22@11:30:00,nan,nan,nan
2016-06-22@10:30:00,nan,nan,nan
2016-06-21@15:00:00,nan,nan,nan
2016-06-21@14:00:00,nan,nan,nan
2016-06-21@11:30:00,nan,nan,nan
2016-06-21@10:30:00,nan,nan,nan
2016-06-20@15:00:00,nan,nan,nan
2016-06-20@14:00:00,nan,nan,nan
2016-06-20@11:30:00,nan,nan,nan
2016-06-20@10:30:00,nan,nan,nan
2016-06-17@15:00:00,nan,nan,nan
2016-06-17@14:00:00,nan,nan,nan
