Not
2017-06-30,-0.345,-0.513,0.168
2017-06-23,-0.334,-0.555,0.221
2017-06-16,-0.291,-0.611,0.320
2017-06-09,-0.303,-0.691,0.388
2017-06-02,-0.390,-0.788,0.398
2017-05-26,-0.469,-0.887,0.418
2017-05-19,-0.667,-0.991,0.325
2017-05-12,-0.743,-1.073,0.329
2017-05-05,-0.864,-1.155,0.291
2017-04-28,-0.910,-1.228,0.318
2017-04-21,-0.999,-1.307,0.308
2017-04-14,-0.924,-1.384,0.460
2017-04-07,-0.965,-1.499,0.534
2017-03-31,-1.128,-1.633,0.504
2017-03-24,-1.300,-1.759,0.459
2017-03-17,-1.397,-1.873,0.476
2017-03-10,-1.559,-1.992,0.434
2017-03-03,-1.775,-2.101,0.325
2017-02-24,-2.138,-2.182,0.044
2017-02-17,-2.242,-2.193,-0.049
2017-02-10,-2.284,-2.181,-0.103
2017-02-03,-2.344,-2.155,-0.190
2017-01-26,-2.359,-2.108,-0.251
2017-01-20,-2.343,-2.045,-0.299
2017-01-13,-2.214,-1.970,-0.244
2017-01-06,-2.098,-1.909,-0.188
2016-12-30,-2.074,-1.862,-0.212
2016-12-23,-1.965,-1.809,-0.156
2016-12-16,-1.856,-1.770,-0.086
2016-12-09,-1.530,-1.749,0.219
2016-12-02,-1.471,-1.803,0.332
2016-11-25,-1.370,-1.886,0.516
2016-11-18,-1.428,-2.015,0.587
2016-11-11,-1.560,-2.162,0.602
2016-11-04,-1.668,-2.313,0.644
2016-10-28,-1.785,-2.474,0.688
2016-10-21,-1.992,-2.646,0.654
2016-10-14,-2.581,-2.809,0.228
2016-09-30,-2.714,-2.866,0.152
2016-09-13,-2.980,-2.904,-0.076
2016-09-09,-2.981,-2.885,-0.096
2016-09-02,-3.026,-2.861,-0.165
2016-08-26,-2.954,-2.820,-0.134
2016-08-19,-2.826,-2.787,-0.039
2016-08-12,-2.939,-2.777,-0.162
2016-08-05,-2.995,-2.736,-0.259
2016-07-29,-2.874,-2.672,-0.203
2016-07-22,-2.780,-2.621,-0.158
2016-07-15,-2.966,-2.582,-0.385
2016-07-08,-3.630,-2.485,-1.144
2016-07-01,-3.477,-2.199,-1.277
2016-03-16,-2.145,-1.880,-0.265
2016-03-11,-2.322,-1.814,-0.508
2016-03-04,-2.302,-1.687,-0.616
2016-02-26,-1.896,-1.533,-0.363
2016-02-19,-1.808,-1.442,-0.366
2016-02-05,-1.984,-1.351,-0.633
2016-01-29,-1.848,-1.192,-0.655
2016-01-22,-1.218,-1.028,-0.190
2016-01-15,-0.681,-0.981,0.300
2016-01-08,nan,nan,nan
2015-12-31,nan,nan,nan
2015-12-25,nan,nan,nan
2015-12-18,nan,nan,nan
2015-12-11,nan,nan,nan
2015-12-04,nan,nan,nan
2015-11-27,nan,nan,nan
2015-11-20,nan,nan,nan
2015-11-13,nan,nan,nan
2015-11-06,nan,nan,nan
2015-10-30,nan,nan,nan
2015-10-23,nan,nan,nan
2015-10-16,nan,nan,nan
2015-10-09,nan,nan,nan
2015-09-30,nan,nan,nan
2015-09-25,nan,nan,nan
2015-09-18,nan,nan,nan
2015-09-11,nan,nan,nan
2015-09-02,nan,nan,nan
2015-08-28,nan,nan,nan
2015-08-21,nan,nan,nan
2015-08-14,nan,nan,nan
2015-08-07,nan,nan,nan
2015-07-31,nan,nan,nan
2015-07-24,nan,nan,nan
2015-07-17,nan,nan,nan
2015-07-10,nan,nan,nan
2015-07-03,nan,nan,nan
2015-06-26,nan,nan,nan
2015-06-19,nan,nan,nan
2015-06-12,nan,nan,nan
2015-06-05,nan,nan,nan
2015-05-29,nan,nan,nan
