date,open,high,close,low,volume,price_change,p_change,ma5,ma10,ma20,v_ma5,v_ma10,v_ma20,turnover
2017-06-30,25.59,37.66,34.36,25.0,2193365.75,8.6,33.38,35.674,44.79,38.594,1305167.68,1459536.09,1368319.66,252.74
2017-05-31,33.81,34.35,25.76,24.6,709772.25,-8.24,-24.23,36.77,45.089,38.259,1013131.08,1352638.63,1297458.65,81.79
2017-04-28,40.25,41.56,34.0,30.82,916035.5,-6.31,-15.65,41.22,46.043,37.923,1099591.98,1444245.91,1292695.37,105.55
2017-03-31,44.0,51.88,40.31,40.0,1943266.5,-3.63,-8.26,47.4,46.439,37.22,1274972.58,1497731.39,1293930.85,275.3
2017-02-28,40.05,44.5,43.94,38.97,763398.38,4.1,10.29,53.302,45.3,36.356,1323103.88,1353655.19,1243439.93,143.93
2017-01-26,48.25,50.98,39.84,37.7,733182.75,-8.17,-17.02,53.906,43.709,35.585,1613904.5,1350532.93,1254938.12,138.23
2016-12-30,63.7,71.98,48.01,47.35,1142076.75,-16.89,-26.02,53.408,42.815,35.543,1692146.17,1403389.24,1313509.05,249.68
2016-11-30,70.3,78.79,64.9,59.61,1792938.5,-4.92,-7.05,50.866,40.802,34.582,1788899.85,1402289.95,1317039.02,391.97
2016-10-28,47.99,69.82,69.82,47.65,2183923.0,22.86,48.68,45.478,36.89,32.395,1720490.2,1331483.0,1262032.06,477.45
2016-09-30,37.36,53.85,46.96,36.88,2217401.5,9.61,25.73,37.298,33.489,30.265,1384206.5,1302850.67,1196264.96,484.77
2016-08-31,35.0,41.92,37.35,34.03,1124391.12,2.05,5.81,33.512,32.398,29.244,1087161.35,1277103.23,1142069.58,245.81
2016-07-29,37.61,49.29,35.3,34.12,1625845.12,-2.66,-7.01,32.222,31.43,28.746,1114632.31,1242278.68,1147617.62,355.44
2016-06-30,29.0,39.88,37.96,28.7,1450890.25,9.04,31.26,30.738,29.803,28.238,1015680.06,1141144.83,1105462.03,317.19
2016-05-31,27.92,29.68,28.92,25.11,502504.53,0.89,3.17,28.302,28.0,27.643,942475.81,1090130.32,1084011.91,109.86
2016-04-29,30.83,32.3,28.03,26.6,732175.75,-2.87,-9.29,29.68,27.413,27.605,1221494.83,1133224.67,1142421.66,160.07
2016-03-31,26.17,33.85,30.9,24.16,1261745.88,3.02,10.83,31.284,27.46,27.615,1467045.1,1159343.31,1226463.39,275.84
2016-02-29,25.08,32.66,27.88,23.27,1131083.88,2.1,8.15,30.638,28.272,27.4,1369925.05,1223628.87,1340817.23,247.28
2016-01-29,35.0,35.18,25.78,22.71,1084869.0,-10.03,-28.01,28.868,28.361,27.255,1266609.6,1231788.09,1444802.07,237.17
2015-12-31,35.1,41.49,35.81,31.51,1897599.62,-0.24,-0.67,27.698,27.899,27.73,1237784.83,1192581.12,1562805.36,414.85
2015-11-30,29.0,44.56,36.05,28.77,1959927.12,8.38,30.29,25.146,27.04,26.467,1044954.51,1089679.25,1489787.68,428.48
2015-10-30,19.01,27.67,27.67,18.95,776145.62,8.64,45.4,23.636,26.089,25.962,851641.51,1007035.94,1465043.5,169.68
2015-09-30,19.6,19.79,19.03,16.25,614506.62,-0.9,-4.52,25.906,26.062,25.867,1077332.69,1052956.56,1503315.61,134.34
2015-08-31,22.55,27.01,19.93,17.2,940745.19,-3.12,-13.54,27.854,26.673,26.269,1196966.59,1069779.24,1555598.49,205.66
2015-07-31,28.45,29.85,23.05,16.12,933448.0,-5.45,-19.12,28.1,27.285,26.666,1147377.4,1077893.49,1594026.82,204.07
2015-06-30,39.03,43.88,28.5,24.68,993362.12,-10.52,-26.96,28.934,27.796,26.907,1134404.0,1151618.66,1638065.41,217.17
2015-05-29,28.75,45.83,39.02,27.81,1904601.5,10.25,35.63,28.542,27.769,26.793,1162430.37,1293583.47,1684115.64,416.38
2015-04-30,23.28,33.5,28.77,23.28,1212676.12,7.61,35.96,26.218,26.527,25.852,1028580.42,1458005.59,1667155.19,265.11
2014-12-26,27.22,27.54,21.16,20.78,692799.25,-6.06,-22.26,25.492,26.148,25.609,942591.9,1657816.06,1705028.45,206.19
2014-11-28,26.55,28.5,27.22,25.68,868581.0,0.68,2.56,26.47,27.56,26.014,1008409.59,1933029.61,1797049.28,258.51
2014-10-31,28.02,29.8,26.54,25.22,1133494.0,-0.86,-3.14,26.658,25.893,25.893,1168833.31,1889896.11,1889896.11,337.35
2014-09-30,25.15,29.88,27.4,24.92,1235351.75,2.26,8.99,26.996,25.821,25.821,1424736.56,1973940.79,1973940.79,367.66
2014-08-29,26.0,28.0,25.14,24.63,782733.5,-0.91,-3.49,26.836,25.624,25.624,1887430.76,2066264.42,2066264.42,232.96
2014-07-31,28.23,28.8,26.05,24.01,1021887.69,-2.11,-7.49,26.804,25.693,25.693,2373040.21,2249625.98,2249625.98,304.13
2014-06-30,28.25,30.18,28.16,24.0,1670699.62,-0.07,-0.25,28.65,25.633,25.633,2857649.62,2454249.03,2454249.03,497.23
2014-05-30,26.09,33.68,28.23,25.91,2413010.25,1.63,6.13,25.128,25.128,25.128,2610958.91,2610958.91,2610958.91,718.16
2014-04-30,24.5,36.52,26.6,23.35,3548822.75,1.62,6.49,24.353,24.353,24.353,2660446.08,2660446.08,2660446.08,1056.2
2014-03-31,36.9,41.04,24.98,24.69,3210780.75,-10.3,-29.2,23.603,23.603,23.603,2364320.52,2364320.52,2364320.52,955.59
2014-02-28,10.39,35.28,35.28,10.32,3444934.75,24.73,234.41,22.915,22.915,22.915,1941090.41,1941090.41,1941090.41,1025.28
2014-01-30,8.62,11.39,10.55,8.62,437246.06,1.44,20.06,10.55,10.55,10.55,437246.06,437246.06,437246.06,130.13
