date,open,high,close,low,volume,price_change,p_change,ma5,ma10,ma20,v_ma5,v_ma10,v_ma20,turnover
2017-01-06 15:00:00,33.88,33.99,33.87,33.85,15167.6,-0.01,-0.03,33.93,34.087,34.5025,8560.79,12596.0,11321.0,0.69
2017-01-06 14:30:00,33.99,34.02,33.88,33.88,8335.0,-0.11,-0.32,33.962,34.182,34.5635,7452.03,11876.6,11013.0,0.38
2017-01-06 14:00:00,33.97,34.05,33.99,33.9,7214.25,0.02,0.06,33.964,34.267,34.618,9458.03,11697.0,11134.0,0.33
2017-01-06 13:30:00,33.95,34.02,33.96,33.9,6137.82,0.01,0.03,33.988,34.351,34.656,12682.4,11458.2,11372.7,0.28
2017-01-06 11:30:00,34.03,34.1,33.95,33.93,5949.23,-0.08,-0.24,34.106,34.438,34.7015,15492.4,11608.3,11711.6,0.27
2017-01-06 11:00:00,33.9,34.05,34.03,33.83,9623.84,0.13,0.38,34.244,34.526,34.754,16631.1,12401.2,12097.3,0.44
2017-01-06 10:30:00,34.1,34.11,33.89,33.89,18365.0,-0.21,-0.62,34.402,34.614,34.8095,16301.3,12780.8,11965.8,0.84
2017-01-06 10:00:00,34.42,34.55,34.11,34.05,23336.0,-0.31,-0.9,34.57,34.734,34.87,13936.1,12437.7,11349.1,1.07
2017-01-05 15:00:00,34.64,34.75,34.55,34.55,20188.0,-0.09,-0.26,34.714,34.825,34.921,10234.0,11123.6,10473.8,0.92
2017-01-05 14:30:00,34.84,34.85,34.64,34.64,11642.8,-0.2,-0.57,34.77,34.879,34.9535,7724.26,10202.8,9708.0,0.53
2017-01-05 14:00:00,34.73,34.82,34.82,34.71,7974.45,0.09,0.26,34.808,34.918,34.984,8171.33,10046.0,9633.1,0.36
2017-01-05 13:30:00,34.83,34.86,34.73,34.71,6539.0,-0.1,-0.29,34.826,34.945,35.011,9260.32,10149.3,9861.15,0.3
2017-01-05 11:30:00,34.82,34.86,34.83,34.8,4826.0,0.01,0.03,34.898,34.969,35.0455,10939.3,10570.9,11251.2,0.22
2017-01-05 11:00:00,34.83,34.89,34.83,34.76,7639.0,0.0,0.0,34.936,34.961,35.042,12013.2,11287.1,11747.8,0.35
2017-01-05 10:30:00,34.9,34.94,34.83,34.78,13878.2,-0.07,-0.2,34.988,34.965,35.0355,12681.4,11814.8,11810.9,0.63
2017-01-05 10:00:00,35.12,35.19,34.91,34.91,13419.4,-0.21,-0.6,35.028,34.982,35.035,11920.7,11793.4,11560.6,0.61
2017-01-04 15:00:00,35.02,35.1,35.09,35.01,14934.0,0.07,0.2,35.064,35.005,35.0245,11038.3,11150.8,11150.8,0.68
2017-01-04 14:30:00,35.09,35.11,35.02,34.99,10195.5,-0.07,-0.2,35.04,35.006,35.0025,10202.5,10260.5,10654.8,0.47
2017-01-04 14:00:00,35.04,35.1,35.09,34.99,10980.0,0.05,0.14,34.986,35.017,34.9855,10561.0,9824.05,10375.2,0.5
2017-01-04 13:30:00,35.12,35.15,35.03,35.0,10074.6,-0.09,-0.26,34.942,35.028,34.971,10948.1,9213.15,10246.1,0.46
2017-01-04 11:30:00,34.97,35.17,35.09,34.9,9007.23,0.12,0.34,34.936,35.05,34.958,11666.2,9220.19,10328.0,0.41
2017-01-04 11:00:00,34.74,35.05,34.97,34.73,10755.4,0.23,0.66,34.946,35.077,34.937,11263.3,9573.0,10576.1,0.49
2017-01-04 10:30:00,34.87,34.87,34.75,34.66,11988.0,-0.12,-0.34,34.972,35.122,34.9325,10318.5,11931.4,10556.9,0.55
2017-01-04 10:00:00,34.95,35.1,34.87,34.82,12915.4,-0.08,-0.23,35.048,35.123,34.933,9087.07,12208.5,10297.8,0.59
2017-01-03 15:00:00,35.13,35.18,35.0,34.95,13664.8,-0.13,-0.37,35.114,35.106,34.933,7478.18,11807.0,9981.9,0.62
2017-01-03 14:30:00,35.09,35.14,35.14,35.03,6993.0,0.05,0.14,35.164,35.088,34.928,6774.22,11327.8,9759.48,0.32
2017-01-03 14:00:00,35.13,35.2,35.1,35.08,6031.1,-0.03,-0.09,35.208,35.044,34.9085,7882.68,11150.9,9828.34,0.28
2017-01-03 13:30:00,35.21,35.25,35.13,35.06,5831.0,-0.08,-0.23,35.272,34.999,34.8905,13544.4,11049.2,10273.5,0.27
2017-01-03 11:30:00,35.25,35.32,35.2,35.18,4871.0,-0.05,-0.14,35.198,34.954,34.863,15329.9,10926.3,10452.5,0.22
2017-01-03 11:00:00,35.35,35.45,35.25,35.25,10145.0,-0.1,-0.28,35.098,34.914,34.8355,16135.8,11279.1,10881.3,0.46
2017-01-03 10:30:00,35.43,35.45,35.36,35.2,12535.3,-0.07,-0.2,35.012,34.866,34.8065,15881.3,11435.8,10664.3,0.57
2017-01-03 10:00:00,34.94,35.53,35.42,34.92,34339.6,0.48,1.37,34.88,34.797,34.773,14419.0,11579.2,10369.3,1.57
2016-12-30 15:00:00,34.7,34.76,34.76,34.52,14758.7,0.06,0.17,34.726,34.743,34.737,8553.93,9182.35,8831.58,0.67
2016-12-30 14:30:00,34.82,34.83,34.7,34.66,8900.39,-0.12,-0.34,34.71,34.743,34.7345,6522.7,8387.17,8302.74,0.41
2016-12-30 14:00:00,34.7,34.83,34.82,34.63,8872.52,0.12,0.35,34.73,34.76,34.7385,6422.39,8156.81,8150.88,0.41
2016-12-30 13:30:00,34.69,34.7,34.7,34.6,5224.0,0.01,0.03,34.72,34.768,34.7325,6990.29,8191.2,8043.5,0.24
2016-12-30 11:30:00,34.68,34.72,34.65,34.6,5014.0,-0.03,-0.09,34.714,34.773,34.7345,8739.37,8505.83,8268.0,0.23
2016-12-30 11:00:00,34.82,34.82,34.68,34.66,4602.6,-0.14,-0.4,34.76,34.782,34.735,9810.77,9497.94,8591.0,0.21
2016-12-30 10:30:00,34.77,34.83,34.8,34.63,8398.83,0.03,0.09,34.776,34.772,34.732,10251.6,9978.72,8854.12,0.38
2016-12-30 10:00:00,34.66,34.9,34.77,34.66,11712.0,0.11,0.32,34.79,34.757,34.728,9891.22,10483.4,8687.85,0.53
2016-12-29 15:00:00,34.88,34.89,34.67,34.61,13969.4,-0.21,-0.6,34.816,34.747,34.7265,9392.12,9892.84,8452.3,0.64
2016-12-29 14:30:00,34.76,34.9,34.88,34.74,10371.0,0.12,0.35,34.832,34.749,34.728,8272.29,9159.41,7979.13,0.47
2016-12-29 14:00:00,34.87,34.87,34.76,34.74,6807.0,-0.11,-0.32,34.804,34.731,34.72,9185.11,8480.8,7775.49,0.31
2016-12-29 13:30:00,34.91,34.92,34.87,34.82,6596.72,-0.04,-0.11,34.768,34.726,34.715,9705.8,8218.3,7868.5,0.3
2016-12-29 11:30:00,34.78,34.9,34.9,34.71,9216.43,0.12,0.35,34.724,34.717,34.712,11075.7,8144.94,8496.14,0.42
2016-12-29 11:00:00,34.73,34.82,34.75,34.64,8370.31,0.02,0.06,34.678,34.697,34.709,10393.6,7895.81,8974.56,0.38
2016-12-29 10:30:00,34.54,34.91,34.74,34.54,14935.1,0.2,0.58,34.666,34.696,34.7145,10046.5,8030.18,10162.4,0.68
2016-12-29 10:00:00,34.6,34.63,34.58,34.3,9410.44,-0.02,-0.06,34.658,34.688,34.702,7776.49,7684.06,9953.54,0.43
2016-12-28 15:00:00,34.68,34.69,34.65,34.5,13446.0,-0.03,-0.09,34.684,34.692,34.6955,6730.8,7729.52,9965.26,0.61
2016-12-28 14:30:00,34.72,34.74,34.67,34.63,5806.0,-0.05,-0.14,34.71,34.699,34.677,5214.23,6892.26,9640.19,0.27
2016-12-28 14:00:00,34.71,34.75,34.69,34.6,6635.06,-0.02,-0.06,34.716,34.706,34.655,5398.04,7011.76,9868.44,0.3
2016-12-28 13:30:00,34.71,34.75,34.7,34.66,3584.97,-0.01,-0.03,34.726,34.707,34.638,6013.83,6798.85,10666.9,0.16
2016-12-28 11:30:00,34.76,34.79,34.71,34.66,4182.0,-0.05,-0.14,34.718,34.709,34.5905,7591.63,7070.18,11780.7,0.19
2016-12-28 11:00:00,34.7,34.82,34.78,34.64,5863.13,0.08,0.23,34.7,34.704,34.555,8728.24,7518.69,12466.3,0.27
2016-12-28 10:30:00,34.72,34.75,34.7,34.56,6725.05,-0.02,-0.06,34.688,34.707,34.515,8570.28,8847.33,12938.6,0.31
2016-12-28 10:00:00,34.66,34.88,34.74,34.6,9713.98,0.08,0.23,34.696,34.721,34.4805,8625.48,10053.3,12993.5,0.44
2016-12-27 15:00:00,34.62,34.67,34.66,34.6,11474.0,0.04,0.12,34.688,34.733,34.4485,7583.88,12294.7,13040.1,0.52
2016-12-27 14:30:00,34.71,34.72,34.62,34.57,9865.02,-0.09,-0.26,34.7,34.716,34.421,6548.73,12223.0,12753.7,0.45
2016-12-27 14:00:00,34.72,34.76,34.72,34.69,5073.37,0.0,0.0,34.708,34.699,34.4,6309.15,12201.0,12704.4,0.23
2016-12-27 13:30:00,34.7,34.88,34.74,34.68,7001.01,0.04,0.12,34.726,34.655,34.372,9124.38,12388.1,13310.4,0.32
2016-12-27 11:30:00,34.73,34.8,34.7,34.67,4505.99,-0.03,-0.09,34.746,34.604,34.3525,11481.1,12725.1,14005.6,0.21
2016-12-27 11:00:00,34.66,34.73,34.72,34.62,6298.25,0.06,0.17,34.778,34.569,34.3605,17005.5,14535.0,14378.3,0.29
2016-12-27 10:30:00,34.8,34.82,34.66,34.61,8667.13,-0.14,-0.4,34.732,34.472,34.374,17897.3,16491.2,14552.7,0.4
2016-12-27 10:00:00,34.65,34.95,34.81,34.53,19149.5,0.16,0.46,34.69,34.406,34.389,18092.9,17413.8,14500.2,0.87
2016-12-26 15:00:00,34.86,34.9,34.84,34.71,18784.8,-0.02,-0.06,34.584,34.323,34.385,15651.9,17029.9,13823.3,0.86
2016-12-26 14:30:00,34.49,34.98,34.86,34.47,32128.0,0.37,1.07,34.462,34.24,34.382,13969.1,15933.7,13150.8,1.47
2016-12-26 14:00:00,34.44,34.54,34.49,34.39,10757.0,0.05,0.15,34.36,34.164,34.3805,12064.6,13785.5,12073.8,0.49
2016-12-26 13:30:00,34.28,34.52,34.45,34.25,9645.0,0.17,0.5,34.212,34.126,34.3955,15085.2,13284.3,12282.5,0.44
2016-12-26 11:30:00,34.23,34.37,34.28,34.21,6944.47,0.05,0.15,34.122,34.101,34.4195,16734.8,13207.7,13159.1,0.32
2016-12-26 11:00:00,34.3,34.37,34.23,34.17,10371.0,-0.07,-0.2,34.062,34.089,34.4755,18407.9,14232.7,13696.0,0.47
2016-12-26 10:30:00,33.75,34.44,34.35,33.7,22605.3,0.6,1.78,34.018,34.101,34.524,17898.3,15286.0,13847.5,1.03
2016-12-26 10:00:00,33.69,33.85,33.75,33.24,25860.3,0.06,0.18,33.968,34.152,34.566,15506.5,14221.6,13131.1,1.18
2016-12-23 15:00:00,33.98,34.09,34.0,33.95,17892.8,0.02,0.06,34.04,34.276,34.64,11483.4,12614.2,12260.9,0.82
2016-12-23 14:30:00,34.03,34.16,33.98,33.88,15310.0,-0.05,-0.15,34.08,34.372,34.7075,9680.68,11586.6,11885.2,0.7
2016-12-23 14:00:00,34.11,34.18,34.01,34.01,7822.95,-0.1,-0.29,34.116,34.447,34.7775,10057.5,10616.7,12113.3,0.36
2016-12-23 13:30:00,34.11,34.16,34.1,34.0,10646.3,-0.01,-0.03,34.184,34.524,34.86,12673.7,10367.9,12875.9,0.49
2016-12-23 11:30:00,34.2,34.25,34.11,34.1,5745.18,-0.09,-0.26,34.336,34.597,34.9385,12936.6,10362.0,15027.0,0.26
2016-12-23 11:00:00,34.11,34.27,34.2,34.06,8878.95,0.09,0.26,34.512,34.665,34.966,13744.9,11280.7,15532.3,0.41
2016-12-23 10:30:00,34.35,34.46,34.16,34.04,17194.3,-0.19,-0.55,34.664,34.738,34.9805,13492.5,13110.5,15526.8,0.79
2016-12-23 10:00:00,34.7,34.77,34.35,34.31,20903.8,-0.35,-1.01,34.778,34.862,35.0005,11175.8,13159.3,14968.5,0.95
2016-12-22 15:00:00,34.99,35.0,34.86,34.83,11961.0,-0.13,-0.37,34.864,34.947,35.012,8062.01,12409.0,14273.5,0.55
2016-12-22 14:30:00,34.96,35.0,34.99,34.85,9786.45,0.03,0.09,34.858,34.98,35.0025,7787.35,12040.7,14447.9,0.45
2016-12-22 14:00:00,34.73,34.96,34.96,34.73,7617.04,0.23,0.66,34.818,35.004,34.984,8816.46,11907.7,14495.7,0.35
2016-12-22 13:30:00,34.8,34.85,34.73,34.71,5610.62,-0.07,-0.2,34.812,35.043,34.9655,12728.5,12183.8,14867.9,0.26
2016-12-22 11:30:00,34.81,34.86,34.78,34.72,5334.92,-0.03,-0.09,34.946,35.108,34.9475,15142.9,13610.0,15146.6,0.24
2016-12-22 11:00:00,34.79,34.9,34.83,34.64,10587.7,0.04,0.11,35.03,35.196,34.933,16755.9,15384.0,15456.2,0.48
2016-12-22 10:30:00,34.93,34.95,34.79,34.79,14932.0,-0.14,-0.4,35.102,35.28,34.917,16294.0,19692.0,15434.5,0.68
2016-12-22 10:00:00,35.18,35.26,34.93,34.81,27177.3,-0.25,-0.71,35.19,35.267,34.9035,14999.0,19784.0,15028.1,1.24
2016-12-21 15:00:00,35.2,35.4,35.4,35.18,17682.4,0.2,0.57,35.274,35.223,34.888,11639.1,17943.1,13935.2,0.81
2016-12-21 14:30:00,35.19,35.22,35.2,35.06,13400.3,0.01,0.03,35.27,35.139,34.855,12077.1,16777.6,13422.0,0.61
2016-12-21 14:00:00,35.24,35.34,35.19,35.19,8277.81,-0.05,-0.14,35.362,35.077,34.823,14012.1,16138.1,13025.1,0.38
2016-12-21 13:30:00,35.36,35.4,35.23,35.21,8457.0,-0.13,-0.37,35.458,35.025,34.7955,23090.1,16855.1,8770.67,0.39
2016-12-21 11:30:00,35.38,35.45,35.35,35.26,10378.0,-0.03,-0.08,35.344,34.964,34.7655,24569.0,17083.6,13923.8,0.47
2016-12-21 11:00:00,35.66,35.76,35.38,35.31,19872.3,-0.28,-0.79,35.172,34.888,34.7295,24247.1,17551.9,14276.5,0.91
2016-12-21 10:30:00,35.66,35.78,35.66,35.56,23075.2,0.0,0.0,35.008,34.787,34.6935,21478.1,16683.2,13988.2,1.05
2016-12-21 10:00:00,34.98,35.95,35.67,34.98,53667.9,0.69,1.97,34.792,34.67,34.646,18264.0,15528.4,13299.0,2.45
2016-12-20 15:00:00,34.47,34.66,34.66,34.41,15851.8,0.19,0.55,34.592,34.554,34.5835,10620.1,11177.1,11057.4,0.72
2016-12-20 14:30:00,34.55,34.59,34.49,34.4,8768.46,-0.06,-0.17,34.584,34.54,34.5795,9598.18,10272.1,10674.5,0.4
2016-12-20 14:00:00,34.58,34.6,34.56,34.48,6027.22,-0.02,-0.06,34.604,34.553,34.5855,10856.7,9927.27,11083.1,0.28
2016-12-20 13:30:00,34.68,34.74,34.58,34.5,7004.82,-0.1,-0.29,34.566,34.571,34.5855,11888.2,10066.3,11545.3,0.32
2016-12-20 11:30:00,34.62,34.77,34.67,34.58,15448.3,0.05,0.14,34.548,34.569,34.5835,12792.8,9912.23,12148.2,0.71
2016-12-20 11:00:00,34.58,34.65,34.62,34.45,10742.1,0.04,0.12,34.516,34.566,34.5635,11734.0,686.24,12092.9,0.49
2016-12-20 10:30:00,34.38,34.7,34.59,34.31,15061.1,0.21,0.61,34.496,34.567,34.5445,10946.0,10764.0,12157.4,0.69
2016-12-20 10:00:00,34.54,34.65,34.37,34.25,11184.7,-0.17,-0.49,34.502,34.571,34.542,8997.82,11001.1,11975.3,0.51
2016-12-19 15:00:00,34.5,34.56,34.49,34.33,11528.0,-0.01,-0.03,34.576,34.6,34.5425,8244.42,11293.3,11880.0,0.53
2016-12-19 14:30:00,34.53,34.54,34.51,34.37,10154.0,-0.02,-0.06,34.59,34.622,34.5495,7031.63,11069.5,12254.3,0.46
2016-12-19 14:00:00,34.62,34.66,34.52,34.52,6802.45,-0.1,-0.29,34.616,34.613,34.5505,-10361.5,10937.7,12661.7,0.31
2016-12-19 13:30:00,34.74,34.74,34.62,34.62,5320.0,-0.12,-0.35,34.638,34.619,34.5375,10582.0,11077.0,12993.0,0.24
2016-12-19 11:30:00,34.56,34.78,34.74,34.54,7417.66,0.18,0.52,34.64,34.618,34.514,13004.4,12238.9,14029.4,0.34
2016-12-19 11:00:00,34.62,34.68,34.56,34.55,5464.0,-0.06,-0.17,34.624,34.6,34.471,14342.1,13024.4,14954.4,0.25
2016-12-19 10:30:00,34.63,34.72,34.64,34.23,-76811.6,0.01,0.03,34.654,34.598,34.448,15107.4,14384.2,15339.7,-3.51
2016-12-19 10:00:00,34.63,34.63,34.63,34.63,111520.0,0.0,0.0,34.61,34.561,34.441,32236.9,23499.6,19839.8,5.09
2016-12-16 15:00:00,34.66,34.68,34.63,34.53,17432.0,-0.03,-0.09,34.6,34.522,34.433,11571.9,13550.7,14902.6,0.8
2016-12-16 14:30:00,34.71,34.71,34.66,34.47,14106.0,-0.05,-0.14,34.596,34.513,34.4115,11473.3,12949.4,14477.2,0.64
2016-12-16 14:00:00,34.42,34.72,34.71,34.42,9290.47,0.29,0.84,34.576,34.485,34.384,11706.6,12466.7,14641.2,0.42
2016-12-16 13:30:00,34.58,34.69,34.42,34.4,8835.86,-0.16,-0.46,34.542,34.477,34.355,13661.1,13439.1,14992.6,0.4
2016-12-16 11:30:00,34.61,34.67,34.58,34.51,8195.2,-0.03,-0.09,34.512,34.488,34.353,14762.3,14385.7,15754.1,0.37
2016-12-16 11:00:00,34.57,34.86,34.61,34.56,16939.0,0.04,0.12,34.444,34.456,34.3495,15529.6,14908.9,16384.9,0.77
2016-12-16 10:30:00,34.54,34.68,34.56,34.53,15272.6,0.02,0.06,34.43,34.41,34.352,14425.5,15820.0,16104.1,0.7
2016-12-16 10:00:00,34.5,34.65,34.54,34.33,19062.6,0.04,0.12,34.394,34.342,34.354,13226.8,16884.4,15961.1,0.87
2016-12-15 15:00:00,34.24,34.3,34.27,34.15,14342.0,0.03,0.09,34.412,34.298,34.3615,13217.2,16295.2,15756.2,0.65
2016-12-15 14:30:00,34.54,34.54,34.24,34.05,12031.6,-0.3,-0.87,34.464,34.321,34.366,14009.2,16180.0,15862.9,0.55
2016-12-15 14:00:00,34.37,34.58,34.54,34.21,11418.8,0.17,0.49,34.468,34.344,34.369,14288.3,16254.5,15873.4,0.52
2016-12-15 13:30:00,34.65,34.7,34.38,34.37,9279.0,-0.27,-0.78,34.39,34.31,34.372,17214.4,16005.0,16242.3,0.42
2016-12-15 11:30:00,34.53,34.85,34.63,34.42,19014.6,0.1,0.29,34.29,34.283,34.3785,20542.0,16815.6,18128.6,0.87
2016-12-15 11:00:00,34.24,34.58,34.53,34.21,18301.8,0.29,0.85,34.184,34.233,34.371,19373.2,16546.1,19688.4,0.84
2016-12-15 10:30:00,34.15,34.31,34.26,34.15,13427.4,0.11,0.32,34.178,34.218,34.4085,18350.8,17122.4,19828.3,0.61
2016-12-15 10:00:00,33.71,34.33,34.15,33.71,26049.3,0.44,1.31,34.22,34.243,34.457,18220.7,17860.8,20154.3,1.19
2016-12-14 15:00:00,34.1,34.2,33.88,33.86,25917.1,-0.22,-0.65,34.23,34.294,34.5285,14795.5,16388.3,19583.5,1.18
2016-12-14 14:30:00,34.5,34.5,34.1,34.0,13170.6,-0.4,-1.16,34.276,34.366,34.6035,13089.3,15037.8,19469.3,0.6
2016-12-14 14:00:00,34.46,34.61,34.5,34.34,13189.4,0.04,0.12,34.282,34.425,34.6915,13718.9,15217.2,19791.0,0.6
2016-12-14 13:30:00,34.2,34.65,34.47,34.15,12777.0,0.27,0.79,34.258,34.411,34.7615,15894.1,15545.9,21923.9,0.58
2016-12-14 11:30:00,34.11,34.29,34.2,34.09,8923.43,0.09,0.26,34.266,34.394,34.858,17501.0,15492.4,23363.7,0.41
2016-12-14 11:00:00,34.13,34.21,34.11,33.87,17385.8,-0.02,-0.06,34.358,34.434,35.0275,17981.1,16479.5,24095.0,0.79
2016-12-14 10:30:00,34.37,34.46,34.13,34.03,16319.0,-0.24,-0.7,34.456,34.474,35.214,16986.4,19441.5,23929.4,0.75
2016-12-14 10:00:00,34.5,34.66,34.38,34.11,24065.3,-0.12,-0.35,34.568,34.509,35.407,16715.5,22830.8,23701.3,1.1
2016-12-13 15:00:00,34.65,34.65,34.51,34.47,20811.5,-0.14,-0.4,34.564,34.599,35.5895,15197.6,22534.2,23266.6,0.95
2016-12-13 14:30:00,34.6,34.79,34.66,34.59,11324.0,0.06,0.17,34.522,34.671,35.768,13483.7,22447.7,23170.9,0.52
2016-12-13 14:00:00,34.69,34.9,34.6,34.54,12412.0,-0.09,-0.26,34.51,34.763,35.9285,14978.0,22778.7,23131.5,0.57
2016-12-13 13:30:00,34.37,34.85,34.69,34.37,14964.7,0.32,0.93,34.492,34.841,36.094,21896.7,23900.8,24039.1,0.68
2016-12-13 11:30:00,34.31,34.4,34.36,34.02,16475.9,0.05,0.15,34.45,34.958,36.243,28946.1,24364.7,24083.5,0.75
2016-12-13 11:00:00,34.6,34.62,34.3,34.25,12242.0,-0.3,-0.87,34.634,35.112,36.4055,29870.8,28301.9,24977.0,0.56
2016-12-13 10:30:00,34.5,34.86,34.6,34.47,18795.3,0.1,0.29,34.82,35.322,36.586,31411.6,31235.0,24733.4,0.86
2016-12-13 10:00:00,34.15,34.92,34.51,33.84,47005.7,0.36,1.05,35.016,35.621,36.76,30579.4,31710.4,24281.8,2.15
2016-12-12 15:00:00,35.27,35.35,34.48,33.98,50211.5,-0.79,-2.24,35.19,35.954,36.9295,25904.9,28417.3,22217.7,2.29
2016-12-12 14:30:00,35.23,35.49,35.28,35.06,21099.3,0.05,0.14,35.466,36.305,37.1055,19783.4,24571.9,20228.0,0.96
2016-12-12 14:00:00,35.57,35.57,35.23,35.08,19946.2,-0.34,-0.96,35.59,36.58,37.241,26733.1,23999.0,19753.5,0.91
2016-12-12 13:30:00,35.31,35.68,35.58,35.22,14634.3,0.27,0.76,35.824,36.865,37.3765,31058.4,23894.1,19682.3,0.67
2016-12-12 11:30:00,35.86,35.86,35.38,35.38,23633.0,-0.48,-1.34,36.226,37.094,37.503,32841.3,23484.3,20283.3,1.08
2016-12-12 11:00:00,35.9,35.99,35.86,35.46,19604.0,-0.04,-0.11,36.718,37.347,37.654,30929.7,24177.4,21026.7,0.9
2016-12-12 10:30:00,36.4,36.4,35.9,34.92,55848.0,-0.5,-1.37,37.144,37.528,37.768,29360.4,23802.2,20631.5,2.55
2016-12-12 10:00:00,37.6,37.7,36.4,36.32,41572.6,-1.2,-3.19,37.57,37.699,37.877,21265.0,21652.1,18439.9,1.9
2016-12-09 15:00:00,37.82,37.85,37.59,37.5,23549.0,-0.23,-0.61,37.906,37.85,37.964,16729.7,18231.9,17005.6,1.08
2016-12-09 14:30:00,37.99,38.0,37.84,37.69,14075.0,-0.15,-0.39,37.962,37.899,37.992,14127.3,16853.2,16922.9,0.64
2016-12-09 14:00:00,38.03,38.05,37.99,37.85,11757.3,-0.04,-0.11,37.976,37.905,38.0,17425.1,16018.2,17095.3,0.54
2016-12-09 13:30:00,38.1,38.15,38.03,37.95,15371.0,-0.07,-0.18,37.912,37.906,37.9915,18244.1,15884.1,17218.2,0.7
2016-12-09 11:30:00,37.87,38.1,38.08,37.67,18896.3,0.21,0.55,37.828,37.902,37.9735,22039.3,15507.9,17335.3,0.86
2016-12-09 11:00:00,37.92,38.02,37.87,37.87,10537.0,-0.05,-0.13,37.794,37.888,37.9595,19734.0,15470.5,17258.9,0.48
2016-12-09 10:30:00,37.67,38.16,37.91,37.65,30564.0,0.24,0.64,37.836,37.912,37.96,19579.0,17082.3,17700.6,1.4
2016-12-09 10:00:00,37.49,37.78,37.67,37.45,15852.0,0.18,0.48,37.834,37.961,37.9595,14611.2,17875.9,16892.4,0.72
2016-12-08 15:00:00,37.91,38.16,37.61,37.6,34347.0,-0.3,-0.79,37.9,38.008,37.955,13524.2,17460.7,16500.1,1.57
2016-12-08 14:30:00,38.1,38.1,37.91,37.9,7370.0,-0.19,-0.5,37.976,38.055,37.9645,8976.58,15227.7,15412.0,0.34
2016-12-08 14:00:00,37.89,38.09,38.08,37.85,9761.91,0.19,0.5,37.982,38.078,37.945,11207.0,15779.4,16116.3,0.45
2016-12-08 13:30:00,38.0,38.06,37.9,37.9,5725.0,-0.1,-0.26,37.988,38.085,37.9225,14585.6,16992.6,16703.1,0.26
2016-12-08 11:30:00,37.98,38.06,38.0,37.87,10417.0,0.02,0.05,38.088,38.095,37.9255,21140.7,18172.5,17731.5,0.48
2016-12-08 11:00:00,37.97,38.18,37.99,37.91,11609.0,0.02,0.05,38.116,38.077,37.919,21397.3,18552.2,19199.4,0.53
2016-12-08 10:30:00,38.1,38.17,37.94,37.93,18522.0,-0.16,-0.42,38.134,38.045,37.929,21478.8,19162.8,19349.9,0.85
2016-12-08 10:00:00,38.21,38.38,38.11,38.04,26655.0,-0.1,-0.26,38.174,38.031,37.9455,20351.7,19047.4,18834.1,1.22
2016-12-07 15:00:00,38.14,38.49,38.4,38.14,38500.3,0.26,0.68,38.182,38.008,37.96,19399.5,18318.9,17865.9,1.76
2016-12-07 14:30:00,38.08,38.15,38.14,38.07,11700.1,0.06,0.16,38.102,37.958,37.956,15204.4,15908.9,16713.4,0.53
2016-12-07 14:00:00,38.14,38.18,38.08,38.01,12016.6,-0.06,-0.16,38.038,37.902,37.9585,15707.1,15539.5,16759.9,0.55
2016-12-07 13:30:00,38.15,38.2,38.14,38.05,12886.7,-0.01,-0.03,37.956,37.874,37.972,16846.7,15596.3,17366.3,0.59
2016-12-07 11:30:00,38.0,38.21,38.15,37.96,21894.0,0.15,0.39,37.888,37.812,38.004,17743.0,16453.3,18584.7,1.0
2016-12-07 11:00:00,37.85,38.0,38.0,37.7,17524.5,0.15,0.4,37.834,37.76,38.041,17238.2,16413.7,18968.1,0.8
2016-12-07 10:30:00,37.67,37.82,37.82,37.51,14213.8,0.15,0.4,37.814,37.756,38.0835,16613.5,17290.4,18679.2,0.65
2016-12-07 10:00:00,37.7,37.85,37.67,37.59,17714.7,-0.03,-0.08,37.766,37.761,38.1375,15371.9,19846.6,18664.3,0.81
2016-12-06 15:00:00,37.87,37.99,37.8,37.65,17368.0,-0.07,-0.18,37.792,37.813,38.1975,14345.9,19537.1,18573.5,0.79
2016-12-06 14:30:00,37.9,38.1,37.88,37.78,19370.0,-0.02,-0.05,37.736,37.86,38.231,15163.6,18620.9,19750.0,0.88
2016-12-06 14:00:00,37.58,37.99,37.9,37.52,14400.9,0.32,0.85,37.686,37.912,38.301,15589.2,17412.9,19969.0,0.66
2016-12-06 13:30:00,37.79,37.8,37.58,37.55,8006.0,-0.21,-0.56,37.698,37.954,38.3805,17967.4,17517.8,20436.4,0.37
2016-12-06 11:30:00,37.52,37.82,37.8,37.46,12584.4,0.28,0.75,37.756,38.015,38.4905,24321.3,17980.3,21261.7,0.57
2016-12-06 11:00:00,37.63,37.69,37.52,37.36,21456.6,-0.11,-0.29,37.834,38.07,38.589,24728.3,19136.3,21895.2,0.98
2016-12-06 10:30:00,37.96,37.97,37.63,37.54,21498.0,-0.33,-0.87,37.984,38.196,38.6835,22078.2,20716.1,21651.5,0.98
2016-12-06 10:00:00,38.1,38.25,37.96,37.8,26292.0,-0.14,-0.37,38.138,38.322,38.7765,19236.7,21522.5,21071.6,1.2
2016-12-05 15:00:00,38.19,38.26,37.87,37.75,39775.4,-0.32,-0.84,38.21,38.411,38.855,17068.3,20067.9,20146.5,1.82
2016-12-05 14:30:00,38.27,38.33,38.19,38.06,14619.3,-0.08,-0.21,38.274,38.514,38.937,11639.4,17481.9,18781.6,0.67
2016-12-05 14:00:00,38.38,38.38,38.27,38.15,8206.5,-0.11,-0.29,38.306,38.582,39.015,13544.4,17609.9,19149.5,0.37
2016-12-05 13:30:00,38.32,38.47,38.4,38.18,7290.1,0.08,0.21,38.408,38.602,39.0815,19354.0,20879.1,19981.2,0.33
2016-12-05 11:30:00,38.19,38.33,38.32,38.07,15450.2,0.13,0.34,38.506,38.69,39.13,23808.3,22525.1,21080.2,0.71
2016-12-05 11:00:00,38.35,38.49,38.19,38.19,12631.0,-0.16,-0.42,38.612,38.807,39.182,23067.5,23355.0,22465.4,0.58
2016-12-05 10:30:00,38.78,38.8,38.35,38.15,24144.2,-0.43,-1.11,38.754,38.966,39.2355,23324.5,24543.1,24051.5,1.1
2016-12-05 10:00:00,38.2,39.3,38.78,38.11,37254.6,0.58,1.52,38.858,39.108,39.3095,21675.4,24654.0,23914.5,1.7
2016-12-02 15:00:00,38.85,39.14,38.89,38.7,29561.3,0.04,0.1,38.796,39.171,39.369,22404.2,22586.9,22579.6,1.35
2016-12-02 14:30:00,38.88,38.99,38.85,38.62,11746.2,-0.03,-0.08,38.874,39.231,39.4275,21241.9,20620.8,21815.7,0.54
2016-12-02 14:00:00,38.88,38.95,38.9,38.52,13916.0,0.02,0.05,39.002,39.299,39.503,23642.5,20225.1,21746.5,0.64
2016-12-02 13:30:00,38.5,38.98,38.87,38.5,15898.9,0.37,0.96,39.178,39.36,39.573,25761.7,20081.2,22481.0,0.73
2016-12-02 11:30:00,39.26,39.38,38.47,38.47,40898.4,-0.79,-2.01,39.358,39.448,39.6295,27632.5,20689.1,24062.9,1.87
2016-12-02 11:00:00,39.49,39.54,39.28,39.18,23750.1,-0.21,-0.53,39.546,39.561,39.46,22769.7,19083.4,22710.8,1.08
2016-12-02 10:30:00,39.79,39.87,39.49,39.38,23749.0,-0.3,-0.75,39.588,39.57,39.251,19999.6,19635.3,22061.1,1.08
2016-12-02 10:00:00,39.87,39.96,39.78,39.61,24512.3,-0.09,-0.23,39.596,39.557,39.0365,16807.6,21575.8,21758.5,1.12
2016-12-01 15:00:00,39.4,39.77,39.77,39.37,25252.9,0.37,0.94,39.542,39.505,38.7995,14400.6,23559.8,20722.6,1.15
2016-12-01 14:30:00,39.5,39.5,39.41,39.29,16584.0,-0.09,-0.23,39.538,39.511,38.565,13745.6,23175.0,20117.7,0.76
2016-12-01 14:00:00,39.54,39.64,39.49,39.45,9900.0,-0.05,-0.13,39.576,39.567,38.3375,15397.1,22572.2,19825.0,0.45
2016-12-01 13:30:00,39.51,39.69,39.53,39.45,7789.0,0.02,0.05,39.552,39.624,38.1065,19270.9,23010.6,20074.1,0.36
2016-12-01 11:30:00,39.75,39.78,39.51,39.47,12477.0,-0.24,-0.6,39.518,39.707,37.881,26343.9,23268.0,20310.8,0.57
2016-12-01 11:00:00,39.67,39.75,39.75,39.45,21978.0,0.08,0.2,39.468,39.786,37.654,32719.0,24880.9,20274.5,1.0
2016-12-01 10:30:00,39.37,39.78,39.6,39.22,24841.7,0.23,0.58,39.484,39.811,37.418,32604.4,27436.6,19532.3,1.13
2016-12-01 10:00:00,39.46,39.56,39.37,39.1,29269.0,-0.09,-0.23,39.558,39.359,37.191,29747.3,26338.1,18524.2,1.34
2016-11-30 15:00:00,39.26,39.45,39.36,39.02,43153.8,0.1,0.25,39.696,38.932,36.9735,26750.3,24486.8,17545.5,1.97
2016-11-30 14:30:00,39.82,39.82,39.26,39.21,44352.7,-0.56,-1.41,39.896,38.516,36.7595,20192.1,21941.1,15791.6,2.03
2016-11-30 14:00:00,39.98,40.1,39.83,39.82,21405.0,-0.15,-0.38,40.104,38.094,36.5505,17042.8,17885.5,14115.8,0.98
2016-11-30 13:30:00,40.06,40.16,39.97,39.9,10555.8,-0.09,-0.22,40.138,37.619,36.317,22268.8,17060.3,14250.5,0.48
2016-11-30 11:30:00,40.36,40.37,40.06,39.91,14284.0,-0.3,-0.74,39.16,37.108,36.0775,22929.0,17077.8,14542.6,0.65
2016-11-30 11:00:00,40.3,40.45,40.36,40.15,10363.0,0.06,0.15,38.168,36.589,35.8255,22223.4,17137.6,14493.7,0.47
2016-11-30 10:30:00,40.0,40.65,40.3,40.0,28606.2,0.3,0.75,37.136,36.055,35.558,23690.2,17353.7,14522.1,1.31
2016-11-30 10:00:00,40.26,40.38,40.0,39.82,47535.1,-0.26,-0.65,36.084,35.522,35.294,18728.2,15668.1,13562.3,2.17
2016-10-13 15:00:00,35.1,35.13,35.08,35.0,13856.8,-0.02,-0.06,35.1,35.025,35.053,11851.8,11628.0,11597.0,0.63
2016-10-13 14:30:00,35.19,35.26,35.1,35.06,10756.0,-0.09,-0.26,35.056,35.023,35.0555,11226.7,10710.2,11520.4,0.49
2016-10-13 14:00:00,35.03,35.33,35.2,34.94,17696.9,0.17,0.49,35.01,35.015,35.061,12051.9,10604.2,11654.0,0.81
2016-10-13 13:30:00,35.09,35.1,35.04,35.03,3796.0,-0.05,-0.14,34.974,35.003,35.0665,11017.1,9642.04,12124.5,0.17
2016-10-13 11:30:00,34.86,35.21,35.08,34.84,13153.5,0.22,0.63,34.96,35.007,35.079,12608.1,10346.2,12890.5,0.6
2016-10-13 11:00:00,34.87,34.92,34.86,34.8,10731.0,-0.01,-0.03,34.95,35.015,35.0905,11404.2,11440.7,12848.2,0.49
2016-10-13 10:30:00,35.02,35.09,34.87,34.84,14882.0,-0.15,-0.43,34.99,35.047,35.1105,10193.8,12007.3,12698.9,0.68
2016-10-13 10:00:00,35.06,35.26,35.02,35.01,12523.0,-0.04,-0.11,35.02,35.062,35.1255,9156.58,11849.8,12617.4,0.57
2016-10-12 14:30:00,35.03,35.03,34.97,34.92,11750.9,-0.06,-0.17,35.032,35.061,35.1435,8266.98,11690.5,12957.4,0.54
2016-10-12 14:00:00,35.07,35.14,35.03,35.01,7134.0,-0.04,-0.11,35.054,35.066,35.149,8084.34,11456.6,13147.0,0.33
2016-10-12 13:30:00,35.02,35.12,35.06,35.02,4679.0,0.04,0.11,35.08,35.081,35.1405,11477.2,11566.1,13344.2,0.21
2016-10-12 11:30:00,35.09,35.1,35.02,34.96,9696.0,-0.07,-0.2,35.104,35.088,35.1335,13820.7,12330.7,14520.6,0.44
2016-10-12 11:00:00,35.08,35.16,35.08,35.05,8075.0,0.0,0.0,35.104,35.107,35.1195,14542.9,12703.8,15145.9,0.37
2016-10-12 10:30:00,35.15,35.26,35.08,35.07,10837.7,-0.07,-0.2,35.09,35.13,35.0965,15113.9,14606.9,15418.3,0.49
2016-10-12 10:00:00,35.01,35.41,35.16,34.94,24098.5,0.15,0.43,35.078,35.151,35.0665,14828.8,15434.9,15248.9,1.1
2016-10-11 15:00:00,35.02,35.23,35.18,35.02,16396.5,0.16,0.46,35.082,35.166,35.0365,11654.9,14255.6,14381.0,0.75
2016-10-11 14:30:00,35.01,35.15,35.02,35.0,13307.0,0.01,0.03,35.072,35.174,34.997,10840.6,13390.5,13824.9,0.61
2016-10-11 14:00:00,35.03,35.09,35.01,35.01,10930.0,-0.02,-0.06,35.11,35.189,34.962,10864.6,13385.1,13729.4,0.5
2016-10-11 13:30:00,35.19,35.21,35.02,35.01,9412.0,-0.17,-0.48,35.17,35.226,34.9385,14099.9,14224.4,13675.0,0.43
2016-10-11 11:30:00,35.13,35.26,35.18,35.11,8229.0,0.05,0.14,35.224,35.232,34.9175,16041.0,14837.4,14318.3,0.38
2016-10-11 11:00:00,35.2,35.24,35.13,35.09,12325.0,-0.07,-0.2,35.25,35.2,34.8885,16856.3,15122.4,15152.5,0.56
2016-10-11 10:30:00,35.3,35.38,35.21,35.21,13427.0,-0.09,-0.25,35.276,35.179,34.8755,15940.3,16710.4,14978.9,0.61
2016-10-11 10:00:00,35.33,35.48,35.31,35.16,27106.5,-0.02,-0.06,35.268,35.132,34.855,15905.5,17588.0,14834.3,1.24
2016-10-10 15:00:00,35.31,35.32,35.29,35.21,19117.3,-0.02,-0.06,35.282,35.063,34.8335,14348.9,16229.7,13855.0,0.87
2016-10-10 14:30:00,35.26,35.34,35.31,35.16,12305.8,0.05,0.14,35.24,34.982,34.815,13633.7,15063.0,13870.9,0.56
2016-10-10 14:00:00,35.17,35.3,35.26,35.15,7745.0,0.09,0.26,35.15,34.907,34.808,13388.4,14506.4,15974.7,0.35
2016-10-10 13:30:00,35.38,35.44,35.17,35.14,13253.0,-0.21,-0.59,35.082,34.82,34.785,17480.6,14259.3,17269.8,0.61
2016-10-10 11:30:00,35.06,35.39,35.38,35.01,19323.2,0.32,0.91,34.996,34.735,34.7415,19270.6,14073.8,17468.8,0.88
2016-10-10 11:00:00,34.84,35.17,35.08,34.84,15541.7,0.24,0.69,34.844,34.651,34.67,18110.5,13125.6,17054.9,0.71
2016-10-10 10:30:00,34.92,35.02,34.86,34.82,11079.0,-0.06,-0.17,34.724,34.603,34.6155,16492.2,13799.3,16603.5,0.51
2016-10-10 10:00:00,35.29,35.39,34.92,34.75,28206.0,-0.37,-1.05,34.664,34.577,34.571,15624.4,15182.7,16370.2,1.29
2016-09-30 15:00:00,34.62,34.75,34.74,34.51,22203.0,0.12,0.35,34.558,34.572,34.5285,11038.0,13247.4,15161.0,1.01
2016-09-30 14:30:00,34.48,34.75,34.62,34.48,13523.0,0.14,0.41,34.474,34.578,34.489,8877.02,12080.6,14226.1,0.62
2016-09-30 14:00:00,34.56,34.6,34.48,34.44,7450.0,-0.08,-0.23,34.458,34.604,34.455,8140.71,11480.4,13810.0,0.34
2016-09-30 13:30:00,34.39,34.57,34.56,34.38,6740.0,0.17,0.49,34.482,34.648,34.429,11106.4,12678.9,13954.6,0.31
2016-09-30 11:30:00,34.31,34.39,34.39,34.3,5274.0,0.08,0.23,34.49,34.709,34.396,14741.0,17443.0,14561.9,0.24
2016-09-30 11:00:00,34.55,34.6,34.32,34.3,11398.1,-0.23,-0.67,34.586,34.75,34.3895,15456.8,20280.2,15432.8,0.52
2016-09-30 10:30:00,34.59,34.61,34.54,34.41,9841.45,-0.05,-0.14,34.682,34.748,34.3855,15284.2,20863.8,15406.7,0.45
2016-09-30 10:00:00,34.2,34.67,34.6,34.2,22278.2,0.4,1.17,34.75,34.689,34.365,14820.1,20984.2,15323.2,1.02
2016-09-29 15:00:00,34.87,34.89,34.6,34.59,24913.0,-0.27,-0.77,34.814,34.628,34.3445,14251.4,19407.7,14591.4,1.14
2016-09-29 14:30:00,34.8,34.94,34.87,34.8,8853.45,0.07,0.2,34.928,34.565,34.321,20145.1,17557.8,13727.4,0.4
2016-09-29 14:00:00,34.88,34.99,34.8,34.8,10535.0,-0.08,-0.23,34.914,34.485,34.286,25103.6,17074.5,13801.2,0.48
2016-09-29 13:30:00,34.92,35.0,34.88,34.86,7520.66,-0.04,-0.11,34.814,34.4,34.253,26443.4,16371.5,14527.3,0.34
2016-09-29 11:30:00,35.18,35.25,34.92,34.87,19434.9,-0.26,-0.74,34.628,34.306,34.226,27148.4,16139.7,17865.4,0.89
2016-09-29 11:00:00,34.83,35.3,35.17,34.8,54381.5,0.34,0.98,34.442,34.21,34.1495,24564.0,15230.4,18470.4,2.48
2016-09-29 10:30:00,34.31,34.94,34.8,34.24,33646.0,0.49,1.43,34.202,34.083,34.0755,14970.4,11680.8,16519.1,1.54
2016-09-29 10:00:00,34.15,34.4,34.3,34.15,17233.8,0.15,0.44,34.056,34.029,34.0265,9045.42,10585.5,15452.5,0.79
2016-09-28 15:00:00,33.99,34.05,33.95,33.91,11045.9,-0.04,-0.12,33.986,34.023,34.0005,6299.68,9949.57,14986.2,0.5
2016-09-28 14:30:00,33.96,34.08,33.99,33.92,6512.75,0.03,0.09,33.984,34.041,33.9985,5130.89,9662.13,14629.8,0.3
2016-09-28 14:00:00,34.07,34.1,33.97,33.95,6413.72,-0.1,-0.29,33.978,34.061,34.0005,5896.72,9775.03,14710.5,0.29
2016-09-28 13:30:00,33.95,34.07,34.07,33.93,4021.0,0.12,0.35,33.964,34.077,33.994,8391.12,9897.03,14955.6,0.18
2016-09-28 11:30:00,33.94,34.0,33.95,33.9,3505.0,0.01,0.03,34.002,34.087,33.983,12125.5,10527.8,16237.6,0.16
2016-09-28 11:00:00,33.95,34.03,33.94,33.9,5202.0,-0.01,-0.03,34.06,34.106,34.0105,13599.5,12683.1,17124.0,0.24
2016-09-28 10:30:00,33.9,34.18,33.96,33.84,10341.9,0.06,0.18,34.098,34.146,34.0435,14193.4,19591.1,17752.4,0.47
2016-09-28 10:00:00,34.08,34.09,33.9,33.83,18885.7,-0.18,-0.53,34.144,34.089,34.093,13653.4,21710.4,17613.4,0.86
2016-09-27 15:00:00,34.25,34.3,34.26,34.1,22692.8,0.01,0.03,34.19,34.068,34.138,11402.9,21357.5,17121.9,1.04
2016-09-27 14:30:00,34.13,34.24,34.24,33.9,10874.9,0.11,0.32,34.172,34.024,34.1815,8930.09,20319.6,16414.1,0.5
2016-09-27 14:00:00,34.19,34.21,34.13,34.0,8171.56,-0.06,-0.18,34.152,33.978,34.22,11766.7,20022.8,16515.5,0.37
2016-09-27 13:30:00,34.11,34.33,34.19,34.06,7641.75,0.08,0.23,34.194,33.956,34.2695,24988.8,19597.6,16576.0,0.35
2016-09-27 11:30:00,34.17,34.29,34.13,34.04,7633.71,-0.04,-0.12,34.034,33.94,34.315,29767.4,19645.9,16980.7,0.35
2016-09-27 11:00:00,34.15,34.35,34.17,34.15,10328.5,0.02,0.06,33.946,33.911,34.3625,31312.0,20014.3,17806.2,0.47
2016-09-27 10:30:00,34.34,34.47,34.14,34.02,25058.0,-0.2,-0.58,33.876,33.879,34.4125,31709.2,21947.4,18140.5,1.14
2016-09-27 10:00:00,33.36,34.6,34.34,33.36,74281.9,0.98,2.94,33.804,33.915,34.47,28278.9,21564.8,17330.6,3.39
2016-09-26 15:00:00,33.69,33.83,33.39,33.32,31534.8,-0.3,-0.89,33.718,33.941,34.5185,14206.3,15913.7,13963.2,1.44
2016-09-26 14:30:00,33.84,34.06,33.69,33.65,15357.0,-0.15,-0.44,33.846,34.097,34.6185,9524.39,13516.5,12813.1,0.7
2016-09-26 14:00:00,33.77,33.9,33.82,33.6,12314.1,0.05,0.15,33.876,34.208,34.7085,8716.48,12886.4,12993.7,0.56
2016-09-26 13:30:00,33.9,33.91,33.78,33.73,7906.74,-0.12,-0.35,33.882,34.339,34.784,12185.6,12508.6,13297.8,0.36
2016-09-26 11:30:00,34.03,34.03,33.91,33.87,3919.0,-0.12,-0.35,34.026,34.462,34.861,14850.8,13008.3,14942.1,0.18
2016-09-26 11:00:00,33.85,34.13,34.03,33.83,8125.11,0.18,0.53,34.164,34.583,34.94,17621.0,13554.3,16072.7,0.37
2016-09-26 10:30:00,33.85,33.91,33.84,33.75,11317.4,-0.01,-0.03,34.348,34.69,35.011,17508.6,14315.5,17281.1,0.52
2016-09-26 10:00:00,34.19,34.19,33.85,33.71,29660.0,-0.34,-0.99,34.54,34.814,35.105,17056.3,15598.1,20551.2,1.35
2016-09-23 15:00:00,34.6,34.98,34.5,34.5,21232.4,-0.1,-0.29,34.796,34.946,35.167,12831.5,14333.5,19773.5,0.97
2016-09-23 14:30:00,34.95,34.95,34.6,34.52,17770.0,-0.35,-1.0,34.898,35.025,35.173,11165.8,13096.4,19212.7,0.81
2016-09-23 14:00:00,34.8,34.97,34.95,34.79,7563.0,0.15,0.43,35.002,35.096,35.1805,9487.72,12012.8,18651.4,0.35
2016-09-23 13:30:00,35.12,35.12,34.8,34.8,9056.0,-0.32,-0.91,35.032,35.14,35.172,11122.5,12109.7,18817.3,0.41
2016-09-23 11:30:00,35.01,35.19,35.13,34.92,8536.08,0.12,0.34,35.088,35.209,35.179,14139.9,13101.1,19695.3,0.39
2016-09-23 11:00:00,35.12,35.29,35.01,35.0,12903.9,-0.11,-0.31,35.096,35.229,35.1575,15835.6,14086.9,20369.5,0.59
2016-09-23 10:30:00,35.11,35.38,35.12,35.1,9379.6,0.01,0.03,35.152,35.26,35.13,15027.0,16876.0,20254.6,0.43
2016-09-23 10:00:00,35.1,35.45,35.1,35.09,15737.0,0.0,0.0,35.19,35.297,35.1025,14537.9,18591.0,20198.0,0.72
2016-09-22 15:00:00,35.15,35.26,35.08,35.06,24143.0,-0.07,-0.2,35.248,35.332,35.0795,13096.9,20246.7,19781.7,1.1
2016-09-22 14:30:00,35.29,35.34,35.17,35.09,17014.4,-0.12,-0.34,35.33,35.396,35.0605,12062.2,25504.4,19786.8,0.78
2016-09-22 14:00:00,35.33,35.47,35.29,35.27,8860.93,-0.04,-0.11,35.362,35.388,35.022,12338.3,25213.4,19295.5,0.4
2016-09-22 13:30:00,35.39,35.4,35.31,35.3,6933.93,-0.08,-0.23,35.368,35.321,34.9765,18725.0,25328.9,19439.6,0.32
2016-09-22 11:30:00,35.49,35.51,35.39,35.32,8532.0,-0.1,-0.28,35.404,35.265,34.928,22644.2,25290.0,19669.7,0.39
2016-09-22 11:00:00,35.32,35.6,35.49,35.3,18969.8,0.17,0.48,35.416,35.204,34.8745,27396.5,25524.8,19808.6,0.87
2016-09-22 10:30:00,35.31,35.39,35.33,35.24,18394.8,0.02,0.06,35.462,35.149,34.816,38946.6,26289.5,19417.3,0.84
2016-09-22 10:00:00,35.65,35.78,35.32,35.32,40794.3,-0.33,-0.93,35.414,35.086,34.7615,38088.5,26652.1,18868.5,1.86
2016-09-21 15:00:00,35.43,35.5,35.49,35.3,26530.1,0.06,0.17,35.274,35.0,34.713,31932.9,23633.1,17135.0,1.21
2016-09-21 14:30:00,35.71,35.8,35.45,35.38,32293.4,-0.26,-0.73,35.126,34.908,34.656,27935.7,21805.0,16020.2,1.47
2016-09-21 14:00:00,35.1,35.86,35.72,34.91,76720.2,0.62,1.77,34.992,34.827,34.6015,23653.2,19316.6,14741.2,3.5
2016-09-21 13:30:00,34.65,35.09,35.09,34.65,14104.5,0.44,1.27,34.836,34.725,34.536,13632.5,14069.1,11434.1,0.64
2016-09-21 11:30:00,34.75,34.79,34.62,34.55,10016.4,-0.13,-0.37,34.758,34.656,34.5,15215.8,13377.7,12007.4,0.46
2016-09-21 11:00:00,34.78,34.84,34.75,34.71,6544.0,-0.03,-0.09,34.726,34.632,34.469,15333.4,13550.3,12636.2,0.3
2016-09-21 10:30:00,34.93,34.97,34.78,34.72,10880.9,-0.15,-0.43,34.69,34.591,34.4345,15674.3,14049.5,12761.3,0.5
2016-09-21 10:00:00,34.8,35.14,34.94,34.51,26616.6,0.14,0.4,34.662,34.545,34.4005,14980.1,14092.4,12594.4,1.22
2016-09-20 15:00:00,34.48,34.71,34.7,34.46,22020.9,0.22,0.64,34.614,34.483,34.3645,14505.8,12545.2,11451.4,1.01
2016-09-20 14:30:00,34.57,34.61,34.46,34.42,10604.4,-0.11,-0.32,34.554,34.437,34.337,11539.6,11084.9,10622.7,0.48
2016-09-20 14:00:00,34.63,34.66,34.57,34.54,8248.57,-0.06,-0.17,34.538,34.426,34.3285,11767.3,10636.8,10402.8,0.38
2016-09-20 13:30:00,34.7,34.73,34.64,34.62,7410.0,-0.06,-0.17,34.492,34.404,34.3155,12424.7,10235.4,10616.7,0.34
2016-09-20 11:30:00,34.39,34.79,34.7,34.38,24245.0,0.31,0.9,34.428,34.376,34.29,13204.7,10165.8,11198.9,1.11
2016-09-20 11:00:00,34.38,34.43,34.4,34.31,7190.0,0.02,0.06,34.352,34.347,34.2775,10584.6,8799.12,10828.3,0.33
2016-09-20 10:30:00,34.34,34.47,34.38,34.3,11742.7,0.04,0.12,34.32,34.344,34.277,10630.3,10637.0,11010.0,0.54
2016-09-20 10:00:00,34.5,34.5,34.34,34.26,11536.0,-0.16,-0.46,34.314,34.306,34.283,9506.41,11722.1,10792.0,0.53
2016-09-19 15:00:00,34.32,34.35,34.32,34.22,11309.6,0.0,0.0,34.316,34.278,34.286,8046.01,11473.1,10519.3,0.52
2016-09-19 14:30:00,34.24,34.37,34.32,34.17,11144.6,0.08,0.23,34.324,34.256,34.2935,7126.92,11096.3,10323.0,0.51
2016-09-19 14:00:00,34.35,34.37,34.24,34.23,7418.37,-0.11,-0.32,34.342,34.246,34.305,7013.66,10357.6,10013.2,0.34
2016-09-19 13:30:00,34.35,34.39,34.35,34.34,6123.5,0.0,0.0,34.368,34.237,34.323,10643.8,10160.4,10117.5,0.28
2016-09-19 11:30:00,34.35,34.37,34.35,34.31,4234.0,0.0,0.0,34.298,34.231,34.3305,13937.8,10168.8,11019.7,0.19
2016-09-19 11:00:00,34.4,34.42,34.36,34.3,6714.15,-0.04,-0.12,34.24,34.227,34.3305,14900.2,10998.1,12160.5,0.31
2016-09-19 10:30:00,34.37,34.46,34.41,34.33,10578.3,0.04,0.12,34.188,34.204,34.3415,15065.7,12232.0,12532.9,0.48
2016-09-19 10:00:00,34.11,34.54,34.37,34.11,25569.2,0.26,0.76,34.15,34.208,34.3505,13701.5,12857.5,12641.6,1.17
2016-09-14 15:00:00,34.06,34.07,34.0,33.89,22593.1,-0.06,-0.18,34.106,34.21,34.3665,9677.02,11382.9,12056.0,1.03
2016-09-14 14:30:00,34.1,34.13,34.06,34.0,9046.0,-0.04,-0.12,34.164,34.26,34.408,6399.8,9861.83,11435.3,0.41
2016-09-14 14:00:00,34.22,34.24,34.1,34.01,7542.0,-0.12,-0.35,34.214,34.294,34.4555,7095.96,9565.5,11419.4,0.34
2016-09-14 13:30:00,34.15,34.28,34.22,34.12,3757.0,0.07,0.2,34.22,34.331,34.498,9398.36,9549.73,11660.8,0.17
2016-09-14 11:30:00,34.29,34.3,34.15,34.12,5447.0,-0.14,-0.41,34.266,34.364,34.5385,12013.6,9668.93,13509.5,0.25
2016-09-14 11:00:00,34.31,34.4,34.29,34.2,6207.0,-0.02,-0.06,34.314,34.409,34.632,13088.9,10074.6,14900.6,0.28
2016-09-14 10:30:00,34.14,34.46,34.31,34.08,12526.8,0.17,0.5,34.356,34.43,34.7315,13323.9,11870.7,15426.9,0.57
2016-09-14 10:00:00,34.28,34.28,34.13,33.85,19054.0,-0.15,-0.44,34.374,34.434,34.8355,12035.0,13322.9,15188.2,0.87
2016-09-13 15:00:00,34.4,34.49,34.45,34.34,16833.3,0.05,0.15,34.442,34.479,34.957,9701.1,12833.9,14467.2,0.77
2016-09-13 14:30:00,34.5,34.5,34.39,34.23,10823.2,-0.11,-0.32,34.462,34.493,35.066,7324.23,12425.7,14178.9,0.49
2016-09-13 14:00:00,34.38,34.55,34.5,34.35,7382.0,0.12,0.35,34.504,34.523,35.167,7060.4,12729.1,14572.9,0.34
2016-09-13 13:30:00,34.47,34.5,34.4,34.36,6082.71,-0.07,-0.2,34.504,34.556,35.2705,10417.5,13008.7,15012.8,0.28
2016-09-13 11:30:00,34.56,34.56,34.47,34.39,7384.28,-0.09,-0.26,34.494,34.617,35.3885,14610.8,13273.3,15465.2,0.34
2016-09-13 11:00:00,34.6,34.65,34.55,34.52,4949.0,-0.05,-0.14,34.516,34.665,35.5,15966.6,13771.9,16073.3,0.23
2016-09-13 10:30:00,34.5,34.65,34.6,34.47,9504.01,0.1,0.29,34.524,34.713,35.6015,17527.2,17350.1,16643.6,0.43
2016-09-13 10:00:00,34.7,34.96,34.5,34.46,24167.6,-0.2,-0.58,34.542,34.855,35.7055,18397.9,19726.6,16699.8,1.1
2016-09-12 15:00:00,34.58,34.65,34.35,34.34,27049.1,-0.23,-0.67,34.608,35.033,35.817,15599.9,18983.2,15767.9,1.24
2016-09-12 14:30:00,34.59,34.75,34.58,34.51,14163.3,-0.01,-0.03,34.74,35.237,35.9345,11935.8,17053.5,14850.3,0.65
2016-09-12 14:00:00,34.7,34.75,34.59,34.5,12752.0,-0.11,-0.32,34.814,35.435,36.041,11577.1,16100.6,14628.6,0.58
2016-09-12 13:30:00,34.82,34.83,34.69,34.51,13857.3,-0.13,-0.37,34.902,35.639,36.152,17172.9,15932.0,14513.9,0.63
2016-09-12 11:30:00,35.01,35.02,34.83,34.72,10178.0,-0.18,-0.51,35.168,35.811,36.2595,21055.3,16416.7,14697.3,0.46
2016-09-12 11:00:00,34.94,35.1,35.01,34.84,8728.42,0.07,0.2,35.458,35.985,36.3525,22366.4,17016.9,16403.4,0.4
2016-09-12 10:30:00,35.02,35.1,34.95,34.93,12370.0,-0.07,-0.2,35.734,36.16,36.455,22171.1,17657.1,17121.5,0.56
