date,open,high,close,low,volume,price_change,p_change,ma5,ma10,ma20,v_ma5,v_ma10,v_ma20,turnover
2017-03-17 15:00:00,30.6,30.69,30.24,30.12,93706.0,-0.36,-1.18,30.89,30.627,30.125,94297.7,73206.2,47122.2,4.28
2017-03-17 14:00:00,30.88,30.95,30.61,30.6,45307.0,-0.27,-0.87,31.028,30.568,30.0995,88128.6,65008.9,44050.8,2.07
2017-03-17 11:30:00,31.14,31.31,30.89,30.82,49305.6,-0.25,-0.8,31.076,30.475,30.067,85097.8,62964.0,42240.8,2.25
2017-03-17 10:30:00,31.57,31.95,31.14,31.0,138512.0,-0.43,-1.36,31.066,30.348,30.02,102753.0,60113.7,40199.5,6.32
2017-03-16 15:00:00,30.92,31.59,31.57,30.89,144658.0,0.65,2.1,30.756,30.211,29.9675,78574.0,47516.7,34135.4,6.61
2017-03-16 14:00:00,30.85,31.08,30.93,30.82,62860.2,0.08,0.26,30.364,30.046,29.889,52114.7,35543.1,27773.1,2.87
2017-03-16 11:30:00,30.82,30.86,30.85,30.59,30153.1,0.03,0.1,30.108,29.938,29.8445,41889.2,32202.8,25471.2,1.38
2017-03-16 10:30:00,29.87,31.1,30.84,29.82,137580.0,0.97,3.25,29.874,29.809,29.7975,40830.1,31167.3,24840.9,6.28
2017-03-15 15:00:00,29.6,29.74,29.59,29.58,17618.6,-0.01,-0.03,29.63,29.676,29.753,17474.7,18738.6,19236.5,0.8
2017-03-15 14:00:00,29.66,29.75,29.61,29.6,12361.7,-0.05,-0.17,29.666,29.66,29.784,16459.4,18358.7,20058.3,0.56
2017-03-15 11:30:00,29.69,29.78,29.65,29.58,11732.8,-0.04,-0.13,29.728,29.623,29.82,18971.5,21038.1,20248.7,0.54
2017-03-15 10:30:00,29.55,29.9,29.68,29.48,24858.0,0.13,0.44,29.768,29.631,29.8625,22516.4,23092.7,20184.3,1.14
2017-03-14 15:00:00,29.77,29.79,29.62,29.6,20802.5,-0.15,-0.5,29.744,29.659,29.9,21504.5,21517.7,20322.6,0.95
2017-03-14 14:00:00,29.91,29.99,29.77,29.71,12542.2,-0.14,-0.47,29.722,29.692,29.9515,20002.4,20285.3,20894.0,0.57
2017-03-14 11:30:00,29.84,30.09,29.92,29.84,24922.0,0.08,0.27,29.654,29.724,29.9895,20258.0,20754.1,20831.2,1.14
2017-03-14 10:30:00,29.59,29.88,29.85,29.59,29457.3,0.26,0.88,29.518,29.732,30.0175,23104.8,20003.1,20322.3,1.35
2017-03-13 15:00:00,29.51,29.59,29.56,29.42,19798.4,0.05,0.17,29.494,29.751,30.0555,23669.0,18739.5,20512.2,0.9
2017-03-13 14:00:00,29.43,29.6,29.51,29.32,13292.0,0.08,0.27,29.574,29.786,30.1135,21530.9,18514.4,21360.5,0.61
2017-03-13 11:30:00,29.24,29.48,29.43,29.23,13820.1,0.19,0.65,29.662,29.83,30.1635,20568.3,19734.4,21309.8,0.63
2017-03-13 10:30:00,29.59,29.6,29.24,28.88,39156.0,-0.35,-1.18,29.794,29.908,30.2195,21250.1,21758.0,22303.5,1.79
2017-03-10 15:00:00,29.95,29.96,29.73,29.73,32278.5,-0.22,-0.73,29.946,30.017,30.2835,16901.4,19459.2,22465.8,1.47
2017-03-10 14:00:00,29.96,30.06,29.96,29.92,9107.8,0.0,0.0,30.008,30.094,30.3225,13810.0,17275.9,22522.6,0.42
2017-03-10 11:30:00,30.09,30.11,29.95,29.95,8479.0,-0.14,-0.47,29.998,30.141,30.3465,15497.9,19127.5,24524.0,0.39
2017-03-10 10:30:00,29.97,30.18,30.09,29.9,17229.4,0.12,0.4,29.998,30.211,30.3415,18900.5,21502.7,25083.3,0.79
2017-03-09 15:00:00,30.04,30.15,30.0,29.94,17412.5,-0.04,-0.13,30.022,30.255,30.321,22265.8,20908.4,28133.8,0.8
2017-03-09 14:00:00,29.91,30.24,30.04,29.85,16821.3,0.13,0.43,30.088,30.303,30.3475,22016.9,20641.5,28974.6,0.77
2017-03-09 11:30:00,29.96,30.05,29.91,29.8,17547.4,-0.05,-0.17,30.18,30.36,30.385,20741.9,22284.8,29069.8,0.8
2017-03-09 10:30:00,30.16,30.16,29.95,29.9,25491.8,-0.21,-0.7,30.284,30.441,30.4365,22757.0,24206.6,29329.1,1.16
2017-03-08 15:00:00,30.33,30.34,30.21,30.04,34055.9,-0.12,-0.4,30.424,30.497,30.4805,24105.0,22885.3,36290.8,1.56
2017-03-08 14:00:00,30.5,30.55,30.33,30.3,16168.3,-0.17,-0.56,30.488,30.531,30.475,19551.0,22849.0,35581.2,0.74
2017-03-08 11:30:00,30.43,30.57,30.5,30.41,10446.0,0.07,0.23,30.518,30.55,30.467,19266.0,25472.5,35495.1,0.48
2017-03-08 10:30:00,30.7,30.79,30.43,30.38,27623.0,-0.27,-0.88,30.54,30.551,30.4545,23827.8,27769.4,35884.0,1.26
2017-03-07 15:00:00,30.53,30.72,30.65,30.53,32231.8,0.12,0.39,30.598,30.552,30.4425,25656.1,29920.6,36052.6,1.47
2017-03-07 14:00:00,30.59,30.66,30.53,30.47,11286.1,-0.06,-0.2,30.57,30.472,30.4205,21665.6,28663.9,35473.0,0.52
2017-03-07 11:30:00,30.6,30.68,30.48,30.43,14743.0,-0.12,-0.39,30.574,30.387,30.398,26147.0,35359.1,35607.2,0.67
2017-03-07 10:30:00,30.62,30.75,30.61,30.43,33255.1,-0.01,-0.03,30.582,30.392,30.39,31679.0,37307.8,35494.6,1.52
2017-03-06 15:00:00,30.51,30.74,30.72,30.36,36764.6,0.21,0.69,30.562,30.41,30.375,31710.9,35854.8,36165.8,1.68
2017-03-06 14:00:00,30.55,30.64,30.51,30.45,12279.0,-0.04,-0.13,30.506,30.432,30.336,34185.0,34451.6,35418.0,0.56
2017-03-06 11:30:00,30.51,30.8,30.55,30.48,33693.4,0.04,0.13,30.374,30.464,30.318,35662.3,49696.4,35574.8,1.54
2017-03-06 10:30:00,30.35,30.69,30.52,30.08,42403.1,0.17,0.56,30.2,30.419,30.2925,44571.2,48313.4,34807.4,1.94
2017-03-03 15:00:00,30.44,30.71,30.51,30.35,33414.4,0.07,0.23,30.202,30.384,30.263,42936.6,45517.7,34803.5,1.53
2017-03-03 14:00:00,29.84,30.82,30.44,29.8,49135.1,0.6,2.01,30.258,30.358,30.2575,39998.7,43998.6,34407.6,2.24
2017-03-03 11:30:00,29.68,29.96,29.85,29.6,19665.6,0.17,0.57,30.358,30.333,30.252,34718.2,42184.6,32501.3,0.9
2017-03-03 10:30:00,30.08,30.18,29.68,29.55,78237.9,-0.4,-1.33,30.554,30.369,30.276,63730.5,42282.1,32297.3,3.57
2017-03-02 15:00:00,30.79,30.83,30.53,30.43,34229.9,-0.26,-0.84,30.638,30.409,30.3055,52055.5,35855.2,29716.0,1.56
2017-03-02 14:00:00,30.94,30.99,30.79,30.68,18725.2,-0.15,-0.48,30.566,30.388,30.2945,48098.8,33681.3,29968.3,0.86
2017-03-02 11:30:00,30.83,30.98,30.94,30.66,22732.5,0.11,0.36,30.458,30.34,30.2725,47998.5,36476.7,30157.3,1.04
2017-03-02 10:30:00,30.13,31.67,30.83,30.13,164727.0,0.7,2.32,30.308,30.24,30.248,49651.0,36384.3,30020.3,7.52
2017-03-01 15:00:00,30.15,30.22,30.1,30.05,19863.0,-0.05,-0.17,30.184,30.172,30.231,20833.8,21453.3,23199.1,0.91
2017-03-01 14:00:00,30.26,30.29,30.17,30.15,14446.1,-0.09,-0.3,30.18,30.166,30.2595,19654.9,21301.4,23644.4,0.66
2017-03-01 11:30:00,30.19,30.34,30.25,30.11,18224.1,0.06,0.2,30.21,30.142,30.28,19263.8,24089.4,23904.8,0.83
2017-03-01 10:30:00,30.17,30.37,30.19,29.91,30994.9,0.02,0.07,30.222,30.157,30.288,24954.8,24816.5,24246.9,1.42
2017-02-28 15:00:00,30.08,30.25,30.21,30.02,20640.8,0.13,0.43,30.172,30.171,30.301,23117.6,22817.9,25762.2,0.94
2017-02-28 14:00:00,30.32,30.35,30.08,30.05,13968.5,-0.24,-0.79,30.16,30.183,30.3425,22072.8,22312.4,26465.7,0.64
2017-02-28 11:30:00,30.31,30.32,30.32,30.11,12490.8,0.01,0.03,30.152,30.202,30.39,22947.9,23576.9,26835.1,0.57
2017-02-28 10:30:00,30.07,30.45,30.31,29.95,46679.2,0.24,0.8,30.074,30.201,30.429,28914.9,26255.4,28484.2,2.13
2017-02-27 15:00:00,30.15,30.27,29.94,29.9,21808.8,-0.21,-0.7,30.092,30.205,30.485,24678.2,23837.9,30420.0,1.0
2017-02-27 14:00:00,30.05,30.34,30.15,29.99,15416.7,0.1,0.33,30.17,30.256,30.5575,22518.2,23656.3,32554.5,0.7
2017-02-27 11:30:00,29.91,30.23,30.04,29.86,18344.0,0.13,0.43,30.206,30.29,30.62,22551.9,24944.8,34349.7,0.84
2017-02-27 10:30:00,30.2,30.25,29.93,29.82,42325.8,-0.27,-0.89,30.252,30.353,30.643,24205.8,25987.4,34640.8,1.93
2017-02-24 15:00:00,30.33,30.43,30.4,30.28,25495.9,0.07,0.23,30.328,30.418,30.6765,23595.8,23720.3,37284.2,1.16
2017-02-24 14:00:00,30.33,30.35,30.33,30.21,11008.7,0.0,0.0,30.318,30.419,30.7145,22997.5,23677.2,38140.9,0.5
2017-02-24 11:30:00,30.27,30.38,30.33,30.18,15585.2,0.06,0.2,30.342,30.431,30.767,24794.4,28706.4,40090.7,0.71
2017-02-24 10:30:00,30.35,30.44,30.27,30.17,26613.4,-0.08,-0.26,30.374,30.502,30.829,27337.7,30619.1,43864.7,1.22
2017-02-23 15:00:00,30.35,30.35,30.31,30.06,39275.8,-0.04,-0.13,30.454,30.578,30.954,27768.9,30093.4,55130.1,1.79
2017-02-23 14:00:00,30.45,30.57,30.35,30.26,22504.6,-0.1,-0.33,30.508,30.657,31.0025,23844.8,30713.1,56111.5,1.03
2017-02-23 11:30:00,30.49,30.66,30.45,30.43,19992.8,-0.04,-0.13,30.52,30.765,31.0335,24356.9,37002.1,57089.2,0.91
2017-02-23 10:30:00,30.6,30.87,30.49,30.42,28302.0,-0.11,-0.36,30.52,30.859,31.07,32618.5,41452.7,63462.9,1.29
2017-02-22 15:00:00,30.57,30.74,30.67,30.45,28769.4,0.1,0.33,30.63,30.95,31.0585,33900.4,43754.5,64733.4,1.31
2017-02-22 14:00:00,30.41,30.84,30.58,30.36,19655.0,0.17,0.56,30.702,30.933,31.0365,32418.0,43294.3,65579.5,0.9
2017-02-22 11:30:00,30.43,30.55,30.41,30.35,25065.3,-0.02,-0.07,30.806,30.935,31.044,37581.4,50848.1,69208.0,1.14
2017-02-22 10:30:00,31.02,31.02,30.45,30.35,61300.8,-0.57,-1.84,31.01,31.01,31.029,49647.2,52604.6,69386.0,2.8
2017-02-21 15:00:00,31.03,31.16,31.04,30.96,34711.7,0.01,0.03,31.198,31.103,31.0185,50286.8,51475.0,68174.7,1.59
2017-02-21 14:00:00,31.11,31.26,31.03,31.01,21357.0,-0.08,-0.26,31.27,31.156,30.9905,53608.6,57110.3,67723.3,0.98
2017-02-21 11:30:00,31.43,31.47,31.1,30.91,45472.3,-0.33,-1.05,31.164,31.33,30.963,54170.6,80166.7,67644.8,2.08
2017-02-21 10:30:00,31.26,31.97,31.43,31.16,85394.3,0.17,0.54,31.064,31.348,30.9355,64114.8,81509.9,68189.9,3.9
2017-02-20 15:00:00,31.4,31.67,31.39,31.15,64498.9,-0.01,-0.03,31.01,31.302,30.9,55562.0,77176.3,65980.6,2.95
2017-02-20 14:00:00,30.5,31.47,31.4,30.5,51320.7,0.9,2.95,31.008,31.281,30.854,52663.1,85473.1,64683.1,2.34
2017-02-20 11:30:00,30.63,30.63,30.5,30.29,24167.0,-0.13,-0.42,31.042,31.167,30.8115,60612.0,85712.3,63610.6,1.1
2017-02-20 10:30:00,30.54,30.66,30.6,30.13,95193.0,0.06,0.2,31.496,31.14,30.8265,106163.0,87864.6,64902.4,4.35
2017-02-17 15:00:00,31.38,31.79,31.16,31.08,42630.3,-0.22,-0.7,31.632,31.153,30.8285,98904.9,87567.9,63784.6,1.95
2017-02-17 14:00:00,31.5,31.75,31.38,31.01,50004.7,-0.12,-0.38,31.594,31.048,30.7755,98790.6,86167.3,64037.3,2.28
2017-02-17 11:30:00,32.77,32.77,31.57,31.42,91064.9,-1.2,-3.66,31.554,30.934,30.729,118283.0,84874.3,65800.9,4.16
2017-02-17 10:30:00,31.1,33.52,32.77,31.1,251921.0,1.67,5.37,31.292,30.825,30.6345,110813.0,78336.2,63040.8,11.5
2017-02-16 15:00:00,30.96,31.29,31.28,30.61,58903.8,0.32,1.03,30.784,30.596,30.486,69566.5,55122.8,53750.6,2.69
2017-02-16 14:00:00,31.17,31.38,30.97,30.9,42058.5,-0.2,-0.64,30.674,30.523,30.428,76230.8,54869.9,53212.0,1.92
2017-02-16 11:30:00,30.25,31.53,31.18,30.21,147467.0,0.93,3.07,30.502,30.498,30.4215,73544.1,54784.9,54558.8,6.73
2017-02-16 10:30:00,29.9,30.46,30.26,29.73,53712.8,0.36,1.2,30.314,30.427,30.3825,51465.6,43893.1,50977.2,2.45
2017-02-15 15:00:00,30.75,30.94,30.23,30.01,45690.3,-0.52,-1.69,30.358,30.456,30.3985,45859.9,41509.0,58586.1,2.09
2017-02-15 14:00:00,30.11,31.5,30.73,30.07,92225.3,0.62,2.06,30.408,30.513,30.3815,40679.2,41940.1,65659.2,4.21
2017-02-15 11:30:00,30.23,30.23,30.11,29.95,28624.7,-0.12,-0.4,30.372,30.504,30.3395,33509.0,40001.3,65626.4,1.31
2017-02-15 10:30:00,30.31,30.6,30.24,30.24,37075.0,-0.07,-0.23,30.494,30.503,30.181,36025.6,41907.3,64773.7,1.69
2017-02-14 15:00:00,30.48,30.63,30.48,30.41,25684.4,0.0,0.0,30.54,30.524,30.0175,36320.6,46727.4,63927.9,1.17
2017-02-14 14:00:00,30.55,30.59,30.48,30.34,19786.6,-0.07,-0.23,30.554,30.444,29.852,37158.0,47745.5,63441.6,0.9
2017-02-14 11:30:00,30.72,31.15,30.55,30.5,56374.4,-0.17,-0.55,30.618,30.376,29.677,43201.0,52378.3,63336.1,2.57
2017-02-14 10:30:00,30.66,30.72,30.72,30.26,41207.7,0.06,0.2,30.636,30.333,29.5045,46493.5,51554.2,61509.0,1.88
2017-02-13 15:00:00,30.54,30.64,30.47,30.32,38550.0,-0.07,-0.23,30.512,30.345,29.33,47788.9,54332.7,60313.1,1.76
2017-02-13 14:00:00,30.82,30.88,30.55,30.49,29871.5,-0.27,-0.88,30.508,30.338,29.173,57134.1,58061.2,59188.6,1.36
2017-02-13 11:30:00,30.64,30.96,30.8,30.52,50001.3,0.16,0.52,30.334,30.341,29.003,58332.9,75663.2,58195.7,2.28
2017-02-13 10:30:00,29.8,30.76,30.64,29.79,72837.0,0.84,2.82,30.134,30.25,28.822,61555.7,89378.2,56411.0,3.33
2017-02-10 15:00:00,30.45,30.59,30.1,30.05,47684.8,-0.35,-1.15,30.03,30.175,28.64,56614.8,91251.5,53851.2,2.18
2017-02-10 14:00:00,29.69,30.88,30.45,29.55,85276.1,0.76,2.56,30.178,29.859,28.49,60876.5,87640.1,51886.7,3.89
2017-02-10 11:30:00,29.84,29.84,29.68,29.4,35865.1,-0.16,-0.54,30.168,29.511,28.326,58988.3,81128.5,47810.3,1.64
2017-02-10 10:30:00,29.75,30.05,29.8,29.62,66115.4,0.05,0.17,30.348,29.26,28.1995,92993.5,79137.8,46279.4,3.02
2017-02-09 15:00:00,30.83,30.84,30.12,30.11,48132.6,-0.71,-2.3,30.366,28.978,28.064,117201.0,74293.9,43787.9,2.2
2017-02-09 14:00:00,30.45,31.28,30.84,30.29,68993.2,0.39,1.28,30.32,28.676,27.924,125888.0,71464.0,42103.0,3.15
2017-02-09 11:30:00,30.62,30.74,30.4,30.08,75835.2,-0.22,-0.72,29.54,28.315,27.748,114404.0,66293.4,39027.0,3.46
2017-02-09 10:30:00,29.34,30.86,30.58,29.3,205891.0,1.24,4.23,28.854,28.008,27.5905,103269.0,60316.0,35592.4,9.4
2017-02-08 15:00:00,29.89,29.89,29.89,29.33,187152.0,0.0,0.0,28.172,27.665,27.427,65282.0,40728.1,26047.4,8.55
2017-02-08 14:00:00,26.94,29.89,29.89,26.92,91569.6,2.95,10.95,27.59,27.394,27.2905,31387.0,23443.7,17333.1,4.18
2017-02-08 11:30:00,26.97,27.0,26.94,26.89,11571.0,-0.03,-0.11,27.032,27.105,27.153,17039.7,16450.9,13117.6,0.53
2017-02-08 10:30:00,27.08,27.1,26.97,26.86,20159.5,-0.11,-0.41,27.09,27.121,27.1635,18183.1,16133.4,12950.9,0.92
2017-02-07 15:00:00,26.98,27.17,27.17,26.96,15958.5,0.19,0.7,27.162,27.141,27.174,17363.3,14492.1,12905.5,0.73
2017-02-07 14:00:00,27.1,27.1,26.98,26.9,17676.4,-0.12,-0.44,27.158,27.139,27.1605,16174.2,13421.0,12981.3,0.81
2017-02-07 11:30:00,27.23,27.28,27.1,27.08,19833.1,-0.13,-0.48,27.198,27.15,27.166,15500.3,13281.9,12484.8,0.91
2017-02-07 10:30:00,27.29,27.34,27.23,27.12,17288.0,-0.06,-0.22,27.178,27.172,27.1635,15862.1,12742.0,12168.4,0.79
2017-02-06 15:00:00,27.16,27.33,27.33,27.08,16060.7,0.17,0.63,27.152,27.181,27.1575,14083.6,11760.5,12325.5,0.73
2017-02-06 14:00:00,27.2,27.21,27.15,27.06,10013.0,-0.05,-0.18,27.12,27.173,27.1655,11620.9,10868.9,12377.9,0.46
2017-02-06 11:30:00,27.0,27.21,27.18,26.95,14306.8,0.18,0.67,27.12,27.189,27.185,10667.7,11366.7,12366.9,0.65
2017-02-06 10:30:00,27.1,27.22,27.0,26.81,21641.8,-0.1,-0.37,27.102,27.187,27.205,11063.4,11222.6,12421.1,0.99
2017-02-03 15:00:00,27.17,27.18,27.1,27.05,8395.83,-0.07,-0.26,27.166,27.201,27.2335,9621.85,9784.26,12571.4,0.38
2017-02-03 14:00:00,27.15,27.18,27.17,27.1,3747.0,0.02,0.07,27.21,27.206,27.251,9437.33,9768.39,13244.1,0.17
2017-02-03 11:30:00,27.09,27.15,27.15,27.04,5247.0,0.06,0.22,27.226,27.207,27.267,10116.8,11318.9,14482.2,0.24
2017-02-03 10:30:00,27.32,27.4,27.09,27.03,16285.4,-0.23,-0.84,27.258,27.182,27.2725,12065.6,12541.5,15334.5,0.74
2017-01-26 15:00:00,27.32,27.33,27.32,27.24,14434.0,0.0,0.0,27.272,27.182,27.275,11381.8,11687.8,15551.4,0.66
2017-01-26 14:00:00,27.25,27.36,27.32,27.23,7473.27,0.07,0.26,27.236,27.155,27.2605,9946.68,11594.8,15743.8,0.34
2017-01-26 11:30:00,27.31,27.32,27.25,27.22,7144.48,-0.06,-0.22,27.202,27.134,27.2515,10099.4,12890.5,15921.1,0.33
2017-01-26 10:30:00,27.22,27.4,27.31,27.18,14991.0,0.09,0.33,27.188,27.158,27.2575,12521.0,13886.9,17378.1,0.68
2017-01-25 15:00:00,27.13,27.25,27.16,27.12,12866.0,0.03,0.11,27.106,27.181,27.2295,13017.5,13367.2,18007.3,0.59
2017-01-25 14:00:00,27.17,27.2,27.14,27.1,7258.66,-0.03,-0.11,27.092,27.223,27.2175,11993.8,13619.6,20019.0,0.33
2017-01-25 11:30:00,27.17,27.25,27.15,27.13,8237.08,-0.02,-0.07,27.074,27.266,27.243,13242.9,15358.5,20418.0,0.38
2017-01-25 10:30:00,27.06,27.34,27.18,27.02,19252.2,0.12,0.44,27.066,27.296,27.2765,15681.5,16719.8,20612.4,0.88
2017-01-24 15:00:00,27.09,27.12,26.9,26.83,17473.4,-0.19,-0.7,27.128,27.327,27.3075,15252.8,17645.6,20901.9,0.8
2017-01-24 14:00:00,27.05,27.1,27.09,26.97,7747.61,0.04,0.15,27.256,27.363,27.3675,13717.0,18127.4,22054.7,0.35
2017-01-24 11:30:00,27.1,27.12,27.05,26.92,13504.3,-0.05,-0.18,27.354,27.368,27.411,15245.5,19415.1,22851.0,0.62
2017-01-24 10:30:00,27.5,27.5,27.11,27.09,20429.8,-0.39,-1.42,27.458,27.366,27.4435,17474.1,19892.9,23190.8,0.93
2017-01-23 15:00:00,27.54,27.54,27.49,27.41,17109.0,-0.05,-0.18,27.526,27.369,27.4785,17758.2,18951.8,23991.8,0.78
2017-01-23 14:00:00,27.59,27.66,27.54,27.49,9794.24,-0.05,-0.18,27.526,27.357,27.4845,20038.3,20869.2,26644.9,0.45
2017-01-23 11:30:00,27.57,27.79,27.58,27.5,15390.1,0.01,0.04,27.47,27.278,27.514,22537.7,22647.4,27326.5,0.7
2017-01-23 10:30:00,27.41,27.61,27.57,27.32,24647.3,0.16,0.58,27.382,27.212,27.548,23584.7,26418.4,27926.6,1.13
2017-01-20 15:00:00,27.49,27.5,27.45,27.33,21850.4,-0.04,-0.15,27.274,27.22,27.597,22311.7,25477.6,30123.3,1.0
2017-01-20 14:00:00,27.24,27.66,27.49,27.22,28509.6,0.25,0.92,27.212,27.257,27.747,20145.4,24504.9,32113.8,1.3
2017-01-20 11:30:00,27.14,27.42,27.26,27.14,22291.3,0.12,0.44,27.188,27.288,27.9225,21700.1,24158.2,32360.1,1.02
2017-01-20 10:30:00,26.8,27.2,27.14,26.8,20624.7,0.34,1.27,27.086,27.372,28.143,22757.1,25982.1,33229.6,0.94
2017-01-19 15:00:00,27.14,27.3,27.03,26.96,18282.5,-0.11,-0.41,27.042,27.454,28.3535,29252.0,26286.9,35712.0,0.83
2017-01-19 14:00:00,27.37,27.37,27.14,27.11,11019.0,-0.23,-0.84,27.166,27.521,28.6805,28643.5,26488.7,36195.0,0.5
2017-01-19 11:30:00,26.75,27.6,27.37,26.62,36282.9,0.62,2.32,27.302,27.588,29.015,28864.3,29031.7,36120.6,1.66
2017-01-19 10:30:00,26.5,26.96,26.75,26.3,27576.2,0.25,0.94,27.388,27.612,29.3465,26616.4,32420.7,34799.7,1.26
2017-01-18 15:00:00,27.65,27.7,26.92,26.86,53099.6,-0.73,-2.64,27.658,27.75,29.704,29207.2,32005.6,34753.7,2.42
2017-01-18 14:00:00,27.82,27.95,27.65,27.6,15239.6,-0.17,-0.61,27.866,27.884,30.051,23321.7,29434.9,32817.0,0.7
2017-01-18 11:30:00,27.81,27.88,27.82,27.76,12123.3,0.01,0.04,27.876,27.974,30.363,24333.9,34769.0,33087.4,0.55
2017-01-18 10:30:00,27.85,27.9,27.8,27.56,25043.2,-0.05,-0.18,27.874,28.237,30.657,29199.1,39722.8,33018.0,1.14
2017-01-17 15:00:00,27.96,28.28,28.1,27.77,40530.3,0.14,0.5,27.836,28.557,30.9595,38225.0,40562.1,32643.5,1.85
2017-01-17 14:00:00,27.72,27.96,27.96,26.73,23672.2,0.24,0.87,27.842,28.914,31.2445,34804.1,40477.1,31345.8,1.08
2017-01-17 11:30:00,27.82,27.96,27.7,27.38,20300.4,-0.12,-0.43,27.902,29.253,31.539,35548.2,45137.2,30581.0,0.93
2017-01-17 10:30:00,27.38,27.94,27.81,26.3,36449.5,0.43,1.57,28.072,29.84,31.854,45204.1,45901.4,30160.6,1.66
2017-01-16 15:00:00,28.13,28.15,27.61,27.41,70172.6,-0.52,-1.85,28.6,30.442,32.153,50246.5,43209.6,29312.2,3.2
2017-01-16 14:00:00,28.26,28.35,28.13,28.03,23425.7,-0.13,-0.46,29.278,31.081,32.4705,42899.1,37178.8,26538.2,1.07
2017-01-16 11:30:00,28.54,28.58,28.26,28.16,27392.6,-0.28,-0.98,29.986,31.658,32.76,46150.1,37501.8,26037.8,1.25
2017-01-16 10:30:00,29.79,29.8,28.55,28.0,68580.0,-1.24,-4.16,30.604,32.218,33.052,54726.1,36199.1,25172.0,3.13
2017-01-13 15:00:00,31.0,31.11,30.45,30.36,61661.6,-0.55,-1.77,31.608,32.752,33.3245,46598.7,31405.7,22521.7,2.82
2017-01-13 14:00:00,31.65,31.65,31.0,30.91,33435.7,-0.65,-2.05,32.284,33.077,33.4955,36172.6,26313.1,20613.8,1.53
2017-01-13 11:30:00,31.34,32.19,31.67,30.92,39680.4,0.33,1.05,32.884,33.362,33.645,31458.5,24724.8,19609.6,1.81
2017-01-13 10:30:00,33.52,33.66,31.35,30.52,70273.0,-2.17,-6.47,33.33,33.575,33.759,28853.6,22214.5,18404.2,3.21
2017-01-12 15:00:00,33.83,33.88,33.57,33.5,27943.0,-0.26,-0.77,33.832,33.825,33.886,17672.0,16024.8,16975.6,1.28
2017-01-12 14:00:00,34.0,34.03,33.83,33.8,9531.0,-0.17,-0.5,33.896,33.868,33.935,16212.7,14419.8,17170.0,0.44
2017-01-12 11:30:00,33.92,34.09,34.0,33.89,9865.0,0.08,0.24,33.87,33.864,33.9845,16453.7,15414.9,17419.1,0.45
2017-01-12 10:30:00,33.87,34.16,33.9,33.78,26656.0,0.03,0.09,33.84,33.86,34.026,17991.2,15897.6,17549.1,1.22
2017-01-11 15:00:00,33.89,33.91,33.86,33.75,14364.8,-0.03,-0.09,33.82,33.862,34.0725,15575.4,14573.9,17581.2,0.66
2017-01-11 14:00:00,33.77,33.98,33.89,33.73,20646.9,0.12,0.36,33.818,33.886,34.134,14377.7,14145.0,18119.5,0.94
2017-01-11 11:30:00,33.84,33.88,33.7,33.7,10735.6,-0.14,-0.41,33.84,33.897,34.194,12626.9,13637.7,18139.8,0.49
2017-01-11 10:30:00,33.68,34.04,33.85,33.68,17552.8,0.17,0.5,33.858,33.914,34.2635,14376.1,14914.4,18591.2,0.8
2017-01-10 15:00:00,33.86,33.97,33.8,33.75,14577.0,-0.06,-0.18,33.88,33.928,34.3085,13804.0,14494.4,18958.7,0.67
2017-01-10 14:00:00,34.01,34.02,33.85,33.81,8376.0,-0.16,-0.47,33.904,33.943,34.3685,13572.3,14594.0,19262.8,0.38
2017-01-10 11:30:00,33.78,34.04,34.0,33.75,11893.1,0.22,0.65,33.954,33.947,34.431,13912.4,17926.5,19437.1,0.54
2017-01-10 10:30:00,33.94,34.06,33.79,33.68,19481.5,-0.15,-0.44,33.954,34.002,34.491,14648.5,19920.2,19593.2,0.89
2017-01-09 15:00:00,33.93,34.0,33.96,33.88,14692.6,0.03,0.09,33.97,34.105,34.5695,15452.8,19423.4,20962.9,0.67
2017-01-09 14:00:00,34.11,34.14,33.92,33.89,13418.4,-0.19,-0.56,33.976,34.192,34.6095,15184.7,19200.7,21411.2,0.61
2017-01-09 11:30:00,34.0,34.15,34.1,33.93,10076.6,0.1,0.29,33.982,34.283,34.6545,15615.6,20588.6,21445.1,0.46
2017-01-09 10:30:00,34.0,34.17,34.0,33.9,15573.6,0.0,0.0,33.94,34.382,34.682,21940.5,22093.9,21422.1,0.71
2017-01-06 15:00:00,33.99,34.02,33.87,33.85,23502.6,-0.12,-0.35,34.05,34.491,34.722,25191.9,22642.0,21649.0,1.07
2017-01-06 14:00:00,33.95,34.05,33.99,33.9,13352.1,0.04,0.12,34.24,34.613,34.762,23394.1,22268.0,21690.9,0.61
2017-01-06 11:30:00,33.9,34.1,33.95,33.83,15573.1,0.05,0.15,34.408,34.689,34.8005,23216.7,23423.1,21693.4,0.71
2017-01-06 10:30:00,34.42,34.55,33.89,33.89,41701.0,-0.53,-1.54,34.584,34.794,34.848,25561.6,23931.6,21794.1,1.9
2017-01-05 15:00:00,34.84,34.85,34.55,34.55,31830.8,-0.29,-0.83,34.824,34.915,34.8905,22247.3,20947.7,20926.4,1.45
2017-01-05 14:00:00,34.83,34.86,34.82,34.71,14513.4,-0.01,-0.03,34.932,34.98,34.8955,20092.0,19266.2,20297.4,0.66
2017-01-05 11:30:00,34.83,34.89,34.83,34.76,12465.0,0.0,0.0,34.986,35.034,34.889,21141.9,22502.4,20082.7,0.57
2017-01-05 10:30:00,35.12,35.19,34.83,34.78,27297.6,-0.29,-0.83,34.97,35.027,34.883,23629.5,23621.8,19961.8,1.25
2017-01-04 15:00:00,35.09,35.11,35.09,34.99,25129.5,0.0,0.0,35.004,35.026,34.8765,22301.6,22301.6,19418.8,1.15
2017-01-04 14:00:00,35.12,35.15,35.09,34.99,21054.6,-0.03,-0.09,35.006,34.982,34.855,19648.1,20750.4,19229.3,0.96
2017-01-04 11:30:00,34.74,35.17,35.09,34.73,19762.6,0.35,1.01,35.028,34.953,34.8365,18440.4,20656.0,18780.3,0.9
2017-01-04 10:30:00,34.95,35.1,34.75,34.66,24903.4,-0.2,-0.57,35.082,34.911,34.817,23862.8,21113.8,18332.4,1.14
2017-01-03 15:00:00,35.09,35.18,35.0,34.95,20657.8,-0.09,-0.26,35.084,34.912,34.8125,23614.0,19963.8,18478.0,0.94
2017-01-03 14:00:00,35.21,35.25,35.1,35.06,11862.1,-0.11,-0.31,35.048,34.902,34.8045,22301.7,19656.7,19990.8,0.54
2017-01-03 11:30:00,35.35,35.45,35.2,35.18,15016.0,-0.15,-0.42,34.958,34.866,34.774,21852.6,20905.0,20417.8,0.69
2017-01-03 10:30:00,34.94,35.53,35.36,34.92,46874.9,0.42,1.2,34.878,34.811,34.728,22871.6,21328.6,20532.7,2.14
2016-12-30 15:00:00,34.82,34.83,34.76,34.52,23659.1,-0.06,-0.17,34.74,34.744,34.6775,18364.7,17663.1,20612.3,1.08
2016-12-30 14:00:00,34.69,34.83,34.82,34.6,14096.5,0.13,0.37,34.74,34.739,34.6395,16313.6,16301.7,21089.5,0.64
2016-12-30 11:30:00,34.82,34.82,34.65,34.6,9616.6,-0.17,-0.49,34.756,34.727,34.599,17011.6,16536.0,21308.1,0.44
2016-12-30 10:30:00,34.66,34.9,34.8,34.63,20110.8,0.14,0.4,34.774,34.728,34.572,19957.4,17708.2,21558.5,0.92
2016-12-29 15:00:00,34.76,34.9,34.67,34.61,24340.4,-0.09,-0.26,34.744,34.72,34.54,19785.7,16904.6,22457.8,1.11
2016-12-29 14:00:00,34.91,34.92,34.76,34.74,13403.7,-0.15,-0.43,34.748,34.723,34.5495,16961.6,15551.0,22328.2,0.61
2016-12-29 11:30:00,34.73,34.9,34.9,34.64,17586.7,0.17,0.49,34.738,34.713,34.5595,16289.9,16992.3,22319.4,0.8
2016-12-29 10:30:00,34.6,34.91,34.74,34.3,24345.6,0.14,0.4,34.698,34.707,34.5535,16060.3,20324.9,22236.2,1.11
2016-12-28 15:00:00,34.72,34.74,34.65,34.5,19252.0,-0.07,-0.2,34.682,34.682,34.556,15459.0,19930.5,23124.4,0.88
2016-12-28 14:00:00,34.71,34.75,34.69,34.6,10220.0,-0.02,-0.06,34.696,34.645,34.5935,14023.5,19736.9,23715.9,0.47
2016-12-28 11:30:00,34.7,34.82,34.71,34.64,10045.1,0.01,0.03,34.698,34.611,34.6185,14140.3,23561.4,24041.7,0.46
2016-12-28 10:30:00,34.66,34.88,34.7,34.56,16439.0,0.04,0.12,34.688,34.54,34.6505,17694.6,25877.2,25051.9,0.75
2016-12-27 15:00:00,34.71,34.72,34.66,34.57,21339.0,-0.05,-0.14,34.716,34.471,34.6985,24589.4,26080.2,28067.1,0.97
2016-12-27 14:00:00,34.7,34.88,34.72,34.68,12074.4,0.02,0.06,34.682,34.416,34.6985,24402.0,25408.7,28231.2,0.55
2016-12-27 11:30:00,34.66,34.8,34.7,34.62,10804.2,0.04,0.12,34.594,34.36,34.6905,25450.2,28011.1,28279.1,0.49
2016-12-27 10:30:00,34.65,34.95,34.66,34.53,27816.6,0.01,0.03,34.524,34.376,34.689,32982.5,29105.4,29048.4,1.27
2016-12-26 15:00:00,34.49,34.98,34.84,34.47,50912.8,0.35,1.01,34.392,34.406,34.6855,34059.7,27646.5,28969.8,2.32
2016-12-26 14:00:00,34.28,34.54,34.49,34.25,20402.0,0.21,0.61,34.226,34.4,34.668,27571.0,24147.5,27508.3,0.93
2016-12-26 11:30:00,34.3,34.37,34.28,34.17,17315.5,-0.02,-0.06,34.15,34.43,34.6695,26415.4,26318.2,27094.3,0.79
2016-12-26 10:30:00,33.69,34.44,34.35,33.24,48465.6,0.66,1.96,34.126,34.542,34.6925,30572.0,27695.0,26872.6,2.21
2016-12-23 15:00:00,34.03,34.16,34.0,33.88,33202.8,-0.03,-0.09,34.228,34.626,34.707,25228.3,24521.9,26184.8,1.52
2016-12-23 14:00:00,34.11,34.18,34.01,34.0,18469.2,-0.1,-0.29,34.42,34.761,34.7385,21233.3,24226.6,26101.5,0.84
2016-12-23 11:30:00,34.11,34.27,34.11,34.06,14624.1,0.0,0.0,34.574,34.926,34.7735,20724.0,30054.0,26084.4,0.67
2016-12-23 10:30:00,34.7,34.77,34.16,34.04,38098.1,-0.54,-1.56,34.71,34.981,34.797,26221.0,31053.7,26609.9,1.74
2016-12-22 15:00:00,34.96,35.0,34.86,34.83,21747.4,-0.1,-0.29,34.958,35.021,34.817,24818.0,28547.0,26421.7,0.99
2016-12-22 14:00:00,34.8,34.96,34.96,34.71,13227.7,0.16,0.46,35.024,35.002,34.7875,23815.5,28991.3,26653.1,0.6
2016-12-22 11:30:00,34.79,34.9,34.78,34.64,15922.7,-0.01,-0.03,35.102,34.965,34.7665,27220.0,30293.1,27026.6,0.73
2016-12-22 10:30:00,35.18,35.26,34.79,34.79,42109.3,-0.39,-1.11,35.278,34.936,34.759,39384.1,30869.1,28096.2,1.92
2016-12-21 15:00:00,35.19,35.4,35.4,35.06,31082.8,0.21,0.6,35.252,34.909,34.7325,35886.2,27870.4,27964.6,1.42
2016-12-21 14:00:00,35.36,35.4,35.19,35.19,16734.8,-0.17,-0.48,35.084,34.843,34.6565,32276.1,26050.3,28364.9,0.76
2016-12-21 11:30:00,35.66,35.76,35.35,35.26,30250.3,-0.31,-0.87,34.98,34.788,34.622,34167.2,27847.6,28826.4,1.38
2016-12-21 10:30:00,34.98,35.95,35.66,34.98,76743.1,0.68,1.94,34.828,34.716,34.5645,33366.3,27976.4,28629.4,3.5
2016-12-20 15:00:00,34.55,34.66,34.66,34.4,24620.3,0.11,0.32,34.594,34.621,34.488,22354.1,22114.7,26811.5,1.12
2016-12-20 14:00:00,34.68,34.74,34.56,34.48,13032.0,-0.12,-0.35,34.566,34.613,34.4805,19854.5,22166.1,27187.2,0.6
2016-12-20 11:30:00,34.58,34.77,34.67,34.45,26190.4,0.09,0.26,34.602,34.613,34.4825,19824.5,24296.4,27904.5,1.2
2016-12-20 10:30:00,34.54,34.7,34.59,34.25,26245.8,0.05,0.14,34.596,34.573,34.467,21528.1,24314.8,28030.8,1.2
2016-12-19 15:00:00,34.53,34.56,34.49,34.33,21682.0,-0.04,-0.12,34.604,34.568,34.4675,22586.5,23760.0,30008.6,0.99
2016-12-19 14:00:00,34.74,34.74,34.52,34.52,12122.4,-0.22,-0.63,34.648,34.582,34.467,21875.4,25323.4,32490.0,0.55
2016-12-19 11:30:00,34.62,34.78,34.74,34.54,12881.7,0.12,0.35,34.66,34.556,34.5025,24477.7,28058.8,33612.9,0.59
2016-12-19 10:30:00,34.63,34.72,34.64,34.23,34708.4,0.01,0.03,34.624,34.47,34.5345,28768.4,30679.5,35130.7,1.58
2016-12-16 15:00:00,34.71,34.71,34.63,34.47,31538.0,-0.08,-0.23,34.55,34.456,34.5975,27101.5,29805.3,38266.3,1.44
2016-12-16 14:00:00,34.58,34.72,34.71,34.4,18126.3,0.13,0.38,34.532,34.413,34.7455,24933.4,29282.4,38570.6,0.83
2016-12-16 11:30:00,34.57,34.86,34.58,34.51,25134.2,0.01,0.03,34.516,34.355,34.9095,28771.5,31508.2,39020.7,1.15
2016-12-16 10:30:00,34.5,34.68,34.56,34.33,34335.3,0.06,0.17,34.452,34.348,35.0845,31640.0,32208.3,39235.7,1.57
2016-12-15 15:00:00,34.54,34.54,34.27,34.05,26373.6,-0.27,-0.78,34.316,34.352,35.252,32590.5,31512.5,39839.7,1.2
2016-12-15 14:00:00,34.65,34.7,34.54,34.21,20697.8,-0.11,-0.32,34.362,34.361,35.419,32509.0,31746.9,40606.9,0.95
2016-12-15 11:30:00,34.24,34.85,34.63,34.21,37316.5,0.39,1.14,34.294,34.367,35.596,33631.3,36257.2,40346.3,1.7
2016-12-15 10:30:00,33.71,34.33,34.26,33.71,39476.7,0.55,1.63,34.194,34.352,35.7645,34244.9,39656.6,39581.8,1.8
2016-12-14 15:00:00,34.5,34.5,33.88,33.86,39087.8,-0.62,-1.8,34.244,34.449,35.9485,32776.6,39167.0,39866.8,1.78
2016-12-14 14:00:00,34.2,34.65,34.5,34.15,25966.4,0.3,0.88,34.388,34.599,36.1745,30434.4,39581.9,40422.4,1.19
2016-12-14 11:30:00,34.13,34.29,34.2,33.87,26309.2,0.07,0.21,34.36,34.739,36.3535,30984.7,46727.4,40369.3,1.2
2016-12-14 10:30:00,34.5,34.66,34.13,34.03,40384.3,-0.37,-1.07,34.44,35.078,36.551,38883.1,47858.8,41024.8,1.84
2016-12-13 15:00:00,34.6,34.79,34.51,34.47,32135.6,-0.09,-0.26,34.51,35.464,36.7355,45068.4,46533.2,40602.0,1.47
2016-12-13 14:00:00,34.37,34.9,34.6,34.37,27376.7,0.23,0.67,34.654,35.821,36.9,45557.4,46263.0,40832.1,1.25
2016-12-13 11:30:00,34.6,34.62,34.36,34.02,28717.9,-0.24,-0.69,34.81,36.152,37.065,48729.4,48166.9,40583.6,1.31
2016-12-13 10:30:00,34.15,34.92,34.6,33.84,65801.0,0.45,1.32,35.118,36.477,37.237,62470.0,49466.8,40849.8,3.0
2016-12-12 15:00:00,35.23,35.49,34.48,33.98,71310.7,-0.75,-2.13,35.716,36.825,37.3885,56834.6,44435.4,39949.2,3.26
2016-12-12 14:00:00,35.31,35.68,35.23,35.08,34580.6,-0.08,-0.23,36.418,37.177,37.558,47998.1,39507.0,39103.4,1.58
2016-12-12 11:30:00,35.9,35.99,35.38,35.38,43237.0,-0.52,-1.45,36.988,37.448,37.71,46968.6,40566.6,38149.2,1.97
2016-12-12 10:30:00,37.6,37.7,35.9,34.92,97420.6,-1.7,-4.52,37.494,37.75,37.857,47604.4,41262.9,37391.4,4.45
2016-12-09 15:00:00,37.99,38.0,37.59,37.5,37624.0,-0.4,-1.05,37.836,37.968,37.9795,36463.7,34011.2,35590.3,1.72
2016-12-09 14:00:00,38.1,38.15,37.99,37.85,27128.3,-0.11,-0.29,37.934,38.024,38.0445,32036.3,34190.7,35774.5,1.24
2016-12-09 11:30:00,37.92,38.1,38.08,37.67,29433.3,0.16,0.42,37.936,38.007,38.09,31015.8,34670.7,35908.8,1.34
2016-12-09 10:30:00,37.49,38.16,37.91,37.45,46416.0,0.42,1.12,37.908,37.979,38.1095,34164.6,35401.2,37669.6,2.12
2016-12-08 15:00:00,38.1,38.16,37.61,37.6,41717.0,-0.49,-1.29,38.006,37.978,38.1885,34921.5,33000.2,37761.9,1.9
2016-12-08 14:00:00,38.0,38.09,38.08,37.85,15486.9,0.08,0.21,38.1,37.997,38.2965,31558.7,32232.6,37767.9,0.71
2016-12-08 11:30:00,37.97,38.18,38.0,37.87,22026.0,0.03,0.08,38.114,37.952,38.367,36345.0,35463.0,37878.0,1.01
2016-12-08 10:30:00,38.21,38.38,37.94,37.93,45177.0,-0.27,-0.71,38.078,37.939,38.4425,38325.5,38699.8,38499.4,2.06
2016-12-07 15:00:00,38.08,38.49,38.4,38.07,50200.4,0.32,0.84,38.05,37.972,38.5255,36637.7,35731.8,38946.1,2.29
2016-12-07 14:00:00,38.15,38.2,38.08,38.01,24903.3,-0.07,-0.18,37.95,37.964,38.5735,31079.0,33519.9,40811.4,1.14
2016-12-07 11:30:00,37.85,38.21,38.15,37.7,39418.5,0.3,0.79,37.894,37.991,38.661,32906.6,37169.4,41164.3,1.8
2016-12-07 10:30:00,37.7,37.85,37.82,37.51,31928.5,0.12,0.32,37.79,38.065,38.7565,34580.9,37358.3,40425.7,1.46
2016-12-06 15:00:00,37.9,38.1,37.8,37.65,36738.0,-0.1,-0.26,37.8,38.173,38.8805,39074.1,37147.0,42636.3,1.68
2016-12-06 14:00:00,37.79,37.99,37.9,37.52,22406.9,0.11,0.29,37.894,38.24,38.7445,34825.9,39938.0,42030.1,1.02
2016-12-06 11:30:00,37.63,37.82,37.8,37.36,34041.0,0.17,0.45,37.978,38.399,38.6095,35960.7,42523.5,41984.4,1.55
2016-12-06 10:30:00,38.1,38.25,37.63,37.54,47790.0,-0.47,-1.23,38.088,38.596,38.4735,41432.3,43303.1,41476.6,2.18
2016-12-05 15:00:00,38.27,38.33,37.87,37.75,54394.8,-0.4,-1.05,38.34,38.782,38.3355,40135.8,40293.0,40457.3,2.48
2016-12-05 14:00:00,38.32,38.47,38.27,38.15,15496.6,-0.05,-0.13,38.546,38.946,38.1995,35219.8,38299.0,38927.5,0.71
2016-12-05 11:30:00,38.35,38.49,38.32,38.07,28081.2,-0.03,-0.08,38.586,39.079,38.0375,45050.2,42160.4,38743.3,1.28
2016-12-05 10:30:00,38.2,39.3,38.35,38.11,61398.8,0.15,0.39,38.82,39.183,37.8725,49086.2,48102.9,38227.8,2.8
2016-12-02 15:00:00,38.88,39.14,38.89,38.62,41307.5,0.01,0.03,39.104,39.331,37.709,45173.8,45159.1,36904.7,1.89
2016-12-02 14:00:00,38.5,38.98,38.9,38.5,29814.9,0.4,1.04,39.224,39.448,37.5235,40450.1,43493.1,36324.5,1.36
2016-12-02 11:30:00,39.49,39.54,38.47,38.47,64648.6,-1.02,-2.58,39.346,39.588,37.329,41378.2,48125.7,35850.8,2.95
2016-12-02 10:30:00,39.87,39.96,39.49,39.38,48261.3,-0.38,-0.95,39.572,39.249,37.1645,39270.6,44122.1,33646.1,2.2
2016-12-01 15:00:00,39.5,39.77,39.77,39.29,41836.9,0.27,0.68,39.546,38.82,36.9505,47119.6,41445.3,33259.7,1.91
2016-12-01 14:00:00,39.51,39.69,39.49,39.45,17689.0,-0.02,-0.05,39.558,38.351,36.7265,45144.4,39650.1,32739.0,0.81
2016-12-01 11:30:00,39.67,39.78,39.51,39.45,34455.0,-0.16,-0.4,39.672,37.889,36.515,46536.0,40621.7,32904.5,1.57
2016-12-01 10:30:00,39.46,39.78,39.6,39.1,54110.7,0.14,0.35,39.83,37.453,36.3085,54873.3,39556.0,32925.0,2.47
2016-11-30 15:00:00,39.82,39.82,39.36,39.02,87506.5,-0.46,-1.16,38.926,36.996,36.0715,48973.7,35326.2,32183.7,4.0
2016-11-30 14:00:00,40.06,40.16,39.83,39.82,31960.8,-0.23,-0.57,38.094,36.562,35.8405,35771.0,28352.7,29594.7,1.46
2016-11-30 11:30:00,40.3,40.45,40.06,39.91,24647.0,-0.24,-0.6,37.144,36.087,35.573,34155.7,28650.2,28706.1,1.13
2016-11-30 10:30:00,40.26,40.65,40.3,39.82,76141.4,0.04,0.1,36.106,35.599,35.2895,34707.3,29155.9,28307.4,3.48
2016-10-13 15:00:00,35.19,35.26,35.08,35.0,24612.8,-0.11,-0.31,35.076,35.07,35.0015,24238.8,23575.9,26106.3,1.12
2016-10-13 14:00:00,35.09,35.33,35.2,34.94,21492.9,0.11,0.31,35.066,35.08,34.9775,21678.8,23170.1,26564.0,0.98
2016-10-13 11:30:00,34.87,35.21,35.08,34.8,23884.5,0.21,0.6,35.03,35.081,34.9575,20934.4,25074.1,26392.1,1.09
2016-10-13 10:30:00,35.06,35.26,34.87,34.84,27405.0,-0.19,-0.54,35.03,35.102,34.9495,23144.8,25828.0,28888.7,1.25
2016-10-12 15:00:00,35.03,35.15,35.15,34.92,23798.6,0.12,0.34,35.092,35.141,34.946,23604.5,25187.3,30062.4,1.09
2016-10-12 14:00:00,35.02,35.14,35.03,35.01,11813.0,0.01,0.03,35.064,35.164,34.886,22913.1,26293.9,29750.4,0.54
2016-10-12 11:30:00,35.08,35.16,35.02,34.96,17771.0,-0.06,-0.17,35.094,35.147,34.833,24661.3,29041.1,29681.5,0.81
2016-10-12 10:30:00,35.01,35.41,35.08,34.94,34936.2,0.07,0.2,35.132,35.119,34.7795,29213.8,30836.6,29228.3,1.6
2016-10-11 15:00:00,35.01,35.23,35.18,35.0,29703.5,0.17,0.49,35.174,35.059,34.7235,28511.2,28762.0,28942.9,1.36
2016-10-11 14:00:00,35.19,35.21,35.01,35.01,20342.0,-0.18,-0.51,35.19,34.98,34.6775,26770.1,27458.8,29136.1,0.93
2016-10-11 11:30:00,35.2,35.26,35.18,35.09,20554.0,-0.02,-0.06,35.264,34.933,34.6335,29674.7,28636.6,28909.7,0.94
2016-10-11 10:30:00,35.33,35.48,35.21,35.16,40533.5,-0.12,-0.34,35.2,34.875,34.581,33420.9,29957.9,28780.1,1.85
2016-10-10 15:00:00,35.26,35.34,35.29,35.16,31423.1,0.03,0.09,35.106,34.834,34.5275,32459.4,27710.1,31720.4,1.43
2016-10-10 14:00:00,35.38,35.44,35.26,35.14,20998.0,-0.12,-0.34,34.944,34.797,34.4325,29012.8,31949.4,32493.8,0.96
2016-10-10 11:30:00,34.84,35.39,35.38,34.84,34864.8,0.54,1.55,34.77,34.751,34.3605,28147.6,34937.6,32455.0,1.59
2016-10-10 10:30:00,35.29,35.39,34.86,34.75,39285.0,-0.43,-1.22,34.602,34.608,34.287,27598.5,33207.0,31313.9,1.79
2016-09-30 15:00:00,34.48,34.75,34.74,34.48,35726.0,0.26,0.75,34.55,34.519,34.236,26494.8,30321.9,31398.6,1.63
2016-09-30 14:00:00,34.39,34.6,34.48,34.38,14190.0,0.09,0.26,34.562,34.44,34.224,22960.8,27620.0,31562.4,0.65
2016-09-30 11:30:00,34.55,34.6,34.39,34.3,16672.1,-0.16,-0.46,34.65,34.388,34.2475,34886.1,29123.8,31683.8,0.76
2016-09-30 10:30:00,34.2,34.67,34.54,34.2,32119.6,0.34,0.99,34.732,34.375,34.2845,41727.6,30813.4,31922.2,1.47
2016-09-29 15:00:00,34.8,34.94,34.6,34.59,33766.5,-0.2,-0.57,34.614,34.334,34.3135,38815.4,29182.7,31572.1,1.54
2016-09-29 14:00:00,34.92,35.0,34.8,34.8,18055.7,-0.12,-0.34,34.488,34.287,34.3375,34149.0,27602.3,31941.6,0.82
2016-09-29 11:30:00,34.83,35.3,34.92,34.8,73816.4,0.09,0.26,34.318,34.221,34.362,32279.3,35730.7,31828.6,3.37
2016-09-29 10:30:00,34.15,34.94,34.8,34.15,50879.7,0.65,1.9,34.126,34.068,34.3855,23361.5,33038.3,29512.9,2.32
2016-09-28 15:00:00,33.96,34.08,33.95,33.91,17558.7,-0.01,-0.03,34.018,33.97,34.412,19899.1,29972.4,29928.3,0.8
2016-09-28 14:00:00,33.95,34.1,33.97,33.93,10434.7,0.02,0.06,34.054,33.966,34.489,19550.1,29420.9,31991.6,0.48
2016-09-28 11:30:00,33.95,34.03,33.95,33.9,8707.0,0.0,0.0,34.086,33.953,34.5765,21055.6,32475.2,36011.1,0.4
2016-09-28 10:30:00,34.08,34.18,33.96,33.83,29227.6,-0.12,-0.35,34.124,34.008,34.61,39182.1,35504.7,36403.7,1.33
2016-09-27 15:00:00,34.13,34.3,34.26,33.9,33567.7,0.13,0.38,34.01,34.107,34.651,42715.0,34243.9,36817.2,1.53
2016-09-27 14:00:00,34.11,34.33,34.13,34.0,15813.3,0.02,0.06,33.922,34.194,34.673,40045.6,33031.1,36770.1,0.72
2016-09-27 11:30:00,34.15,34.35,34.13,34.04,17962.2,-0.02,-0.06,33.878,34.293,34.695,39291.8,33961.4,36762.4,0.82
2016-09-27 10:30:00,33.36,34.6,34.14,33.36,99339.9,0.78,2.34,33.82,34.388,34.7235,43894.8,36281.0,37436.0,4.54
2016-09-26 15:00:00,33.84,34.06,33.39,33.32,46891.8,-0.45,-1.33,33.892,34.503,34.7355,31827.3,27926.4,33633.0,2.14
2016-09-26 14:00:00,33.9,33.91,33.82,33.6,20220.9,-0.08,-0.24,34.204,34.703,34.782,25772.8,25987.4,32411.1,0.92
2016-09-26 11:30:00,33.85,34.13,33.91,33.83,12044.1,0.06,0.18,34.466,34.854,34.803,26016.6,29884.3,32077.1,0.55
2016-09-26 10:30:00,34.19,34.19,33.84,33.71,40977.4,-0.35,-1.02,34.708,35.012,34.825,28631.1,34562.2,32022.3,1.87
2016-09-23 15:00:00,34.95,34.98,34.5,34.5,39002.4,-0.45,-1.29,34.956,35.2,34.8535,28667.1,39546.9,31780.8,1.78
2016-09-23 14:00:00,35.12,35.12,34.95,34.79,16619.0,-0.17,-0.48,35.114,35.212,34.8285,24025.6,37302.7,31412.7,0.76
2016-09-23 11:30:00,35.12,35.29,35.13,34.92,21440.0,0.01,0.03,35.202,35.195,34.786,26202.1,39390.6,31146.7,0.98
2016-09-23 10:30:00,35.1,35.45,35.12,35.09,25116.6,0.02,0.06,35.242,35.152,34.737,33752.0,40509.1,30657.4,1.15
2016-09-22 15:00:00,35.29,35.34,35.08,35.06,41157.4,-0.21,-0.6,35.316,35.097,34.6965,40493.3,39563.3,30980.6,1.88
2016-09-22 14:00:00,35.39,35.47,35.29,35.27,15794.9,-0.1,-0.28,35.444,35.059,34.665,50426.8,38591.1,30305.5,0.72
2016-09-22 11:30:00,35.32,35.6,35.39,35.3,27501.8,0.07,0.2,35.31,34.968,34.6255,50579.9,39339.5,30189.0,1.26
2016-09-22 10:30:00,35.65,35.78,35.33,35.24,59189.1,-0.32,-0.9,35.188,34.861,34.5795,52579.0,38834.7,29430.6,2.7
2016-09-21 15:00:00,35.71,35.8,35.49,35.3,58823.5,-0.22,-0.62,35.062,34.752,34.543,47266.3,34270.0,28154.7,2.69
2016-09-21 14:00:00,34.65,35.86,35.72,34.65,90824.7,1.07,3.09,34.878,34.638,34.486,38633.3,29482.5,27274.2,4.15
2016-09-21 11:30:00,34.78,34.84,34.62,34.55,16560.4,-0.16,-0.46,34.674,34.507,34.4295,26755.4,24014.7,24063.4,0.76
2016-09-21 10:30:00,34.8,35.14,34.78,34.51,37497.5,-0.02,-0.06,34.626,34.445,34.44,28099.0,25522.6,24180.7,1.71
2016-09-20 15:00:00,34.57,34.71,34.7,34.42,32625.4,0.13,0.38,34.534,34.377,34.4485,25090.4,22902.7,24960.9,1.49
2016-09-20 14:00:00,34.7,34.73,34.57,34.54,15658.6,-0.13,-0.37,34.442,34.322,34.5145,21273.7,20805.6,25829.7,0.72
2016-09-20 11:30:00,34.38,34.79,34.7,34.31,31435.0,0.32,0.93,34.398,34.296,34.6055,20331.6,22397.8,25666.1,1.44
2016-09-20 10:30:00,34.5,34.5,34.38,34.26,23278.7,-0.12,-0.35,34.34,34.271,34.702,21274.1,22020.0,25582.9,1.06
2016-09-19 15:00:00,34.24,34.37,34.32,34.17,22454.2,0.08,0.23,34.264,34.283,34.8115,22946.2,21038.6,25984.5,1.03
2016-09-19 14:00:00,34.35,34.39,34.24,34.23,13541.9,-0.11,-0.32,34.22,34.298,34.9305,20715.1,20026.5,26656.9,0.62
2016-09-19 11:30:00,34.4,34.42,34.35,34.3,10948.2,-0.05,-0.15,34.202,34.334,35.0525,20337.5,22039.5,26787.7,0.5
2016-09-19 10:30:00,34.11,34.54,34.41,34.11,36147.4,0.3,0.88,34.194,34.334,35.17,24464.1,25065.9,27161.5,1.65
2016-09-14 15:00:00,34.1,34.13,34.0,33.89,31639.1,-0.1,-0.29,34.202,34.352,35.29,22765.9,24112.1,26753.3,1.44
2016-09-14 14:00:00,34.15,34.28,34.1,34.01,11299.0,-0.05,-0.15,34.302,34.435,35.4245,19131.0,22838.8,28540.8,0.52
2016-09-14 11:30:00,34.31,34.4,34.15,34.12,11654.0,-0.16,-0.47,34.376,34.52,35.579,19337.9,27019.0,29055.7,0.53
2016-09-14 10:30:00,34.28,34.46,34.31,33.85,31580.8,0.03,0.09,34.466,34.707,35.7365,23741.4,30853.9,29663.4,1.44
2016-09-13 15:00:00,34.5,34.5,34.45,34.23,27656.5,-0.05,-0.14,34.474,34.915,35.8925,25667.7,28934.4,30377.5,1.26
2016-09-13 14:00:00,34.47,34.55,34.5,34.35,13464.7,0.03,0.09,34.502,35.133,36.04,25458.3,29145.8,31411.0,0.61
