2017-03-17@15:00:00,31.472,30.125,28.778
2017-03-17@14:00:00,31.456,30.099,28.743
2017-03-17@11:30:00,31.404,30.067,28.730
2017-03-17@10:30:00,31.303,30.020,28.737
2017-03-16@15:00:00,31.145,29.967,28.790
2017-03-16@14:00:00,30.810,29.889,28.968
2017-03-16@11:30:00,30.637,29.844,29.052
2017-03-16@10:30:00,30.444,29.797,29.151
2017-03-15@15:00:00,30.197,29.753,29.309
2017-03-15@14:00:00,30.263,29.784,29.305
2017-03-15@11:30:00,30.347,29.820,29.293
2017-03-15@10:30:00,30.460,29.862,29.265
2017-03-14@15:00:00,30.540,29.900,29.260
2017-03-14@14:00:00,30.656,29.951,29.247
2017-03-14@11:30:00,30.731,29.989,29.248
2017-03-14@10:30:00,30.788,30.017,29.247
2017-03-13@15:00:00,30.864,30.055,29.247
2017-03-13@14:00:00,30.937,30.113,29.290
2017-03-13@11:30:00,30.956,30.163,29.371
2017-03-13@10:30:00,30.952,30.219,29.487
2017-03-10@15:00:00,30.873,30.283,29.694
2017-03-10@14:00:00,30.861,30.322,29.784
2017-03-10@11:30:00,30.860,30.346,29.833
2017-03-10@10:30:00,30.872,30.341,29.811
2017-03-09@15:00:00,30.917,30.321,29.725
2017-03-09@14:00:00,30.931,30.347,29.764
2017-03-09@11:30:00,30.981,30.385,29.789
2017-03-09@10:30:00,31.037,30.436,29.836
2017-03-08@15:00:00,31.061,30.480,29.900
2017-03-08@14:00:00,31.067,30.475,29.883
2017-03-08@11:30:00,31.071,30.467,29.863
2017-03-08@10:30:00,31.066,30.454,29.843
2017-03-07@15:00:00,31.065,30.442,29.820
2017-03-07@14:00:00,31.043,30.420,29.798
2017-03-07@11:30:00,31.035,30.398,29.761
2017-03-07@10:30:00,31.027,30.390,29.753
2017-03-06@15:00:00,31.005,30.375,29.745
2017-03-06@14:00:00,30.972,30.336,29.700
2017-03-06@11:30:00,30.953,30.318,29.683
2017-03-06@10:30:00,30.930,30.292,29.655
2017-03-03@15:00:00,30.910,30.263,29.616
2017-03-03@14:00:00,30.898,30.257,29.617
2017-03-03@11:30:00,30.888,30.252,29.616
2017-03-03@10:30:00,30.885,30.276,29.667
2017-03-02@15:00:00,30.850,30.305,29.761
2017-03-02@14:00:00,30.829,30.294,29.760
2017-03-02@11:30:00,30.757,30.272,29.788
2017-03-02@10:30:00,30.635,30.248,29.861
2017-03-01@15:00:00,30.536,30.231,29.926
2017-03-01@14:00:00,30.613,30.259,29.906
2017-03-01@11:30:00,30.657,30.280,29.903
2017-03-01@10:30:00,30.669,30.288,29.907
2017-02-28@15:00:00,30.685,30.301,29.917
2017-02-28@14:00:00,30.841,30.342,29.844
2017-02-28@11:30:00,30.956,30.390,29.824
2017-02-28@10:30:00,31.072,30.429,29.786
2017-02-27@15:00:00,31.259,30.485,29.711
2017-02-27@14:00:00,31.383,30.557,29.732
2017-02-27@11:30:00,31.500,30.620,29.740
2017-02-27@10:30:00,31.485,30.643,29.801
2017-02-24@15:00:00,31.453,30.676,29.900
2017-02-24@14:00:00,31.507,30.714,29.922
2017-02-24@11:30:00,31.590,30.767,29.944
2017-02-24@10:30:00,31.696,30.829,29.962
2017-02-23@15:00:00,32.129,30.954,29.779
2017-02-23@14:00:00,32.147,31.002,29.858
2017-02-23@11:30:00,32.138,31.033,29.929
2017-02-23@10:30:00,32.143,31.070,29.997
2017-02-22@15:00:00,32.161,31.058,29.956
2017-02-22@14:00:00,32.185,31.036,29.888
2017-02-22@11:30:00,32.183,31.044,29.905
2017-02-22@10:30:00,32.208,31.029,29.850
2017-02-21@15:00:00,32.221,31.018,29.816
2017-02-21@14:00:00,32.216,30.990,29.765
2017-02-21@11:30:00,32.208,30.963,29.718
2017-02-21@10:30:00,32.192,30.935,29.679
2017-02-20@15:00:00,32.138,30.900,29.662
2017-02-20@14:00:00,32.084,30.854,29.624
2017-02-20@11:30:00,32.022,30.811,29.601
2017-02-20@10:30:00,32.029,30.826,29.624
2017-02-17@15:00:00,32.029,30.828,29.628
2017-02-17@14:00:00,32.006,30.775,29.545
2017-02-17@11:30:00,31.935,30.729,29.523
2017-02-17@10:30:00,31.858,30.634,29.411
2017-02-16@15:00:00,31.284,30.486,29.688
2017-02-16@14:00:00,31.151,30.428,29.705
2017-02-16@11:30:00,31.127,30.421,29.716
2017-02-16@10:30:00,30.997,30.382,29.768
2017-02-15@15:00:00,31.016,30.398,29.781
2017-02-15@14:00:00,31.034,30.381,29.729
2017-02-15@11:30:00,31.005,30.339,29.674
2017-02-15@10:30:00,31.807,30.181,28.555
2017-02-14@15:00:00,32.162,30.017,27.873
2017-02-14@14:00:00,32.315,29.852,27.389
2017-02-14@11:30:00,32.418,29.677,26.936
2017-02-14@10:30:00,32.432,29.504,26.577
2017-02-13@15:00:00,32.361,29.330,26.299
2017-02-13@14:00:00,32.276,29.173,26.070
2017-02-13@11:30:00,32.158,29.003,25.848
2017-02-13@10:30:00,31.959,28.822,25.685
2017-02-10@15:00:00,31.757,28.640,25.523
2017-02-10@14:00:00,31.600,28.490,25.380
2017-02-10@11:30:00,31.350,28.326,25.302
2017-02-10@10:30:00,31.198,28.199,25.201
2017-02-09@15:00:00,31.005,28.064,25.123
2017-02-09@14:00:00,30.723,27.924,25.125
2017-02-09@11:30:00,30.215,27.748,25.281
2017-02-09@10:30:00,29.742,27.590,25.439
2017-02-08@15:00:00,29.085,27.427,25.769
2017-02-08@14:00:00,28.506,27.290,26.075
2017-02-08@11:30:00,27.386,27.153,26.920
2017-02-08@10:30:00,27.375,27.163,26.952
2017-02-07@15:00:00,27.366,27.174,26.982
2017-02-07@14:00:00,27.386,27.160,26.935
2017-02-07@11:30:00,27.379,27.166,26.953
2017-02-07@10:30:00,27.381,27.163,26.946
2017-02-06@15:00:00,27.374,27.157,26.941
2017-02-06@14:00:00,27.416,27.165,26.915
2017-02-06@11:30:00,27.483,27.185,26.887
2017-02-06@10:30:00,27.549,27.205,26.861
2017-02-03@15:00:00,27.599,27.233,26.868
2017-02-03@14:00:00,27.623,27.251,26.879
2017-02-03@11:30:00,27.651,27.267,26.883
2017-02-03@10:30:00,27.653,27.272,26.892
2017-01-26@15:00:00,27.651,27.275,26.899
2017-01-26@14:00:00,27.650,27.260,26.871
2017-01-26@11:30:00,27.644,27.251,26.859
2017-01-26@10:30:00,27.653,27.257,26.862
2017-01-25@15:00:00,27.682,27.229,26.777
2017-01-25@14:00:00,27.689,27.217,26.746
2017-01-25@11:30:00,27.749,27.243,26.737
2017-01-25@10:30:00,27.839,27.276,26.714
2017-01-24@15:00:00,27.912,27.307,26.703
2017-01-24@14:00:00,28.033,27.367,26.702
2017-01-24@11:30:00,28.111,27.411,26.711
2017-01-24@10:30:00,28.134,27.443,26.753
2017-01-23@15:00:00,28.169,27.478,26.788
2017-01-23@14:00:00,28.177,27.484,26.792
2017-01-23@11:30:00,28.262,27.514,26.766
2017-01-23@10:30:00,28.363,27.548,26.733
2017-01-20@15:00:00,28.522,27.597,26.672
2017-01-20@14:00:00,29.293,27.747,26.201
2017-01-20@11:30:00,30.013,27.922,25.832
2017-01-20@10:30:00,30.769,28.143,25.517
2017-01-19@15:00:00,31.282,28.353,25.425
2017-01-19@14:00:00,32.319,28.680,25.042
2017-01-19@11:30:00,33.213,29.015,24.817
2017-01-19@10:30:00,33.995,29.346,24.698
2017-01-18@15:00:00,34.592,29.704,24.816
2017-01-18@14:00:00,35.083,30.051,25.019
2017-01-18@11:30:00,35.533,30.363,25.193
2017-01-18@10:30:00,35.883,30.657,25.431
2017-01-17@15:00:00,36.190,30.959,25.729
2017-01-17@14:00:00,36.441,31.244,26.048
2017-01-17@11:30:00,36.624,31.539,26.454
2017-01-17@10:30:00,36.725,31.854,26.983
2017-01-16@15:00:00,36.719,32.153,27.587
2017-01-16@14:00:00,36.590,32.470,28.351
2017-01-16@11:30:00,36.405,32.760,29.115
2017-01-16@10:30:00,36.094,33.052,30.010
2017-01-13@15:00:00,35.579,33.324,31.070
2017-01-13@14:00:00,35.332,33.495,31.659
2017-01-13@11:30:00,35.090,33.645,32.200
2017-01-13@10:30:00,34.888,33.759,32.630
2017-01-12@15:00:00,34.116,33.886,33.656
2017-01-12@14:00:00,34.269,33.935,33.601
2017-01-12@11:30:00,34.491,33.984,33.478
2017-01-12@10:30:00,34.652,34.026,33.400
2017-01-11@15:00:00,34.786,34.072,33.359
2017-01-11@14:00:00,34.966,34.134,33.302
2017-01-11@11:30:00,35.115,34.194,33.273
2017-01-11@10:30:00,35.234,34.264,33.293
2017-01-10@15:00:00,35.281,34.308,33.336
2017-01-10@14:00:00,35.356,34.368,33.381
2017-01-10@11:30:00,35.438,34.431,33.424
2017-01-10@10:30:00,35.530,34.491,33.452
2017-01-09@15:00:00,35.622,34.570,33.517
2017-01-09@14:00:00,35.627,34.610,33.592
2017-01-09@11:30:00,35.624,34.655,33.685
2017-01-09@10:30:00,35.618,34.682,33.746
2017-01-06@15:00:00,35.605,34.722,33.839
2017-01-06@14:00:00,35.555,34.762,33.969
2017-01-06@11:30:00,35.510,34.800,34.091
2017-01-06@10:30:00,35.441,34.848,34.255
2017-01-05@15:00:00,35.294,34.890,34.487
2017-01-05@14:00:00,35.285,34.895,34.506
2017-01-05@11:30:00,35.287,34.889,34.491
2017-01-05@10:30:00,35.288,34.883,34.478
2017-01-04@15:00:00,35.289,34.877,34.464
2017-01-04@14:00:00,35.266,34.855,34.444
2017-01-04@11:30:00,35.236,34.836,34.437
2017-01-04@10:30:00,35.203,34.817,34.431
2017-01-03@15:00:00,35.204,34.812,34.421
2017-01-03@14:00:00,35.187,34.804,34.422
2017-01-03@11:30:00,35.154,34.774,34.394
2017-01-03@10:30:00,35.113,34.728,34.343
2016-12-30@15:00:00,34.973,34.677,34.382
2016-12-30@14:00:00,35.054,34.639,34.225
2016-12-30@11:30:00,35.087,34.599,34.111
2016-12-30@10:30:00,35.103,34.572,34.041
2016-12-29@15:00:00,35.089,34.540,33.991
2016-12-29@14:00:00,35.114,34.549,33.985
2016-12-29@11:30:00,35.145,34.559,33.974
2016-12-29@10:30:00,35.127,34.553,33.980
2016-12-28@15:00:00,35.134,34.556,33.978
2016-12-28@14:00:00,35.278,34.593,33.909
2016-12-28@11:30:00,35.350,34.618,33.887
2016-12-28@10:30:00,35.448,34.650,33.853
2016-12-27@15:00:00,35.610,34.698,33.787
2016-12-27@14:00:00,35.610,34.698,33.787
2016-12-27@11:30:00,35.604,34.690,33.777
2016-12-27@10:30:00,35.602,34.689,33.776
2016-12-26@15:00:00,35.600,34.685,33.771
2016-12-26@14:00:00,35.583,34.668,33.753
2016-12-26@11:30:00,35.584,34.669,33.755
2016-12-26@10:30:00,35.589,34.692,33.796
2016-12-23@15:00:00,35.590,34.707,33.824
2016-12-23@14:00:00,35.562,34.738,33.915
2016-12-23@11:30:00,35.526,34.773,34.021
2016-12-23@10:30:00,35.493,34.797,34.101
2016-12-22@15:00:00,35.459,34.817,34.175
2016-12-22@14:00:00,35.472,34.787,34.103
2016-12-22@11:30:00,35.454,34.766,34.079
2016-12-22@10:30:00,35.449,34.759,34.069
2016-12-21@15:00:00,35.456,34.732,34.009
2016-12-21@14:00:00,35.403,34.656,33.910
2016-12-21@11:30:00,35.329,34.622,33.915
2016-12-21@10:30:00,35.210,34.564,33.919
2016-12-20@15:00:00,34.924,34.488,34.052
2016-12-20@14:00:00,34.910,34.480,34.051
2016-12-20@11:30:00,34.914,34.482,34.051
2016-12-20@10:30:00,34.892,34.467,34.042
2016-12-19@15:00:00,34.894,34.467,34.041
2016-12-19@14:00:00,34.893,34.467,34.041
2016-12-19@11:30:00,35.043,34.502,33.962
2016-12-19@10:30:00,35.191,34.534,33.878
2016-12-16@15:00:00,35.484,34.597,33.711
2016-12-16@14:00:00,36.323,34.745,33.168
2016-12-16@11:30:00,37.028,34.909,32.791
2016-12-16@10:30:00,37.605,35.084,32.564
2016-12-15@15:00:00,38.042,35.252,32.462
2016-12-15@14:00:00,38.350,35.419,32.488
2016-12-15@11:30:00,38.715,35.596,32.477
2016-12-15@10:30:00,39.017,35.764,32.512
2016-12-14@15:00:00,39.256,35.948,32.641
2016-12-14@14:00:00,39.503,36.174,32.846
2016-12-14@11:30:00,39.688,36.353,33.019
2016-12-14@10:30:00,39.819,36.551,33.283
2016-12-13@15:00:00,39.849,36.735,33.622
2016-12-13@14:00:00,39.870,36.900,33.930
2016-12-13@11:30:00,39.868,37.065,34.262
2016-12-13@10:30:00,39.763,37.237,34.711
2016-12-12@15:00:00,39.609,37.388,35.168
2016-12-12@14:00:00,39.338,37.558,35.778
2016-12-12@11:30:00,39.157,37.710,36.263
2016-12-12@10:30:00,38.856,37.857,36.858
2016-12-09@15:00:00,38.448,37.979,37.511
2016-12-09@14:00:00,38.626,38.044,37.463
2016-12-09@11:30:00,38.780,38.090,37.400
2016-12-09@10:30:00,38.819,38.109,37.400
2016-12-08@15:00:00,39.111,38.188,37.266
2016-12-08@14:00:00,39.409,38.296,37.184
2016-12-08@11:30:00,39.589,38.367,37.145
2016-12-08@10:30:00,39.748,38.442,37.137
2016-12-07@15:00:00,39.902,38.525,37.149
2016-12-07@14:00:00,39.996,38.573,37.151
2016-12-07@11:30:00,40.164,38.661,37.158
2016-12-07@10:30:00,40.357,38.756,37.156
2016-12-06@15:00:00,40.554,38.880,37.207
2016-12-06@14:00:00,41.064,38.744,36.425
2016-12-06@11:30:00,41.381,38.609,35.838
2016-12-06@10:30:00,41.630,38.473,35.317
2016-12-05@15:00:00,41.849,38.335,34.822
2016-12-05@14:00:00,41.975,38.199,34.424
2016-12-05@11:30:00,42.057,38.037,34.018
2016-12-05@10:30:00,42.098,37.872,33.647
2016-12-02@15:00:00,42.098,37.709,33.320
2016-12-02@14:00:00,42.010,37.523,33.037
2016-12-02@11:30:00,41.896,37.329,32.762
2016-12-02@10:30:00,41.792,37.164,32.537
2016-12-01@15:00:00,41.524,36.950,32.377
2016-12-01@14:00:00,41.162,36.726,32.291
2016-12-01@11:30:00,40.804,36.515,32.226
2016-12-01@10:30:00,40.394,36.308,32.223
2016-11-30@15:00:00,39.908,36.071,32.235
2016-11-30@14:00:00,39.404,35.840,32.277
2016-11-30@11:30:00,38.671,35.573,32.475
2016-11-30@10:30:00,37.641,35.289,32.938
2016-10-13@15:00:00,35.539,35.001,34.464
2016-10-13@14:00:00,35.541,34.977,34.414
2016-10-13@11:30:00,35.517,34.957,34.398
2016-10-13@10:30:00,35.506,34.949,34.393
2016-10-12@15:00:00,35.505,34.946,34.387
2016-10-12@14:00:00,35.585,34.886,34.187
2016-10-12@11:30:00,35.634,34.833,34.032
2016-10-12@10:30:00,35.662,34.779,33.897
2016-10-11@15:00:00,35.663,34.723,33.784
2016-10-11@14:00:00,35.613,34.677,33.742
2016-10-11@11:30:00,35.585,34.633,33.682
2016-10-11@10:30:00,35.522,34.581,33.640
2016-10-10@15:00:00,35.440,34.527,33.615
2016-10-10@14:00:00,35.402,34.432,33.463
2016-10-10@11:30:00,35.286,34.360,33.435
2016-10-10@10:30:00,35.104,34.287,33.470
2016-09-30@15:00:00,35.031,34.236,33.441
2016-09-30@14:00:00,34.995,34.224,33.453
2016-09-30@11:30:00,35.075,34.247,33.420
2016-09-30@10:30:00,35.196,34.284,33.373
2016-09-29@15:00:00,35.290,34.313,33.337
2016-09-29@14:00:00,35.364,34.337,33.311
2016-09-29@11:30:00,35.453,34.362,33.271
2016-09-29@10:30:00,35.541,34.385,33.230
2016-09-28@15:00:00,35.627,34.412,33.197
2016-09-28@14:00:00,35.771,34.489,33.207
2016-09-28@11:30:00,35.941,34.576,33.212
2016-09-28@10:30:00,35.944,34.610,33.276
2016-09-27@15:00:00,35.953,34.651,33.349
2016-09-27@14:00:00,35.962,34.673,33.384
2016-09-27@11:30:00,35.961,34.695,33.429
2016-09-27@10:30:00,35.963,34.723,33.484
2016-09-26@15:00:00,35.957,34.735,33.514
2016-09-26@14:00:00,35.857,34.782,33.707
2016-09-26@11:30:00,35.816,34.803,33.790
2016-09-26@10:30:00,35.777,34.825,33.873
2016-09-23@15:00:00,35.716,34.853,33.991
2016-09-23@14:00:00,35.757,34.828,33.900
2016-09-23@11:30:00,35.765,34.786,33.807
2016-09-23@10:30:00,35.740,34.737,33.734
2016-09-22@15:00:00,35.699,34.697,33.694
2016-09-22@14:00:00,35.657,34.665,33.673
2016-09-22@11:30:00,35.577,34.626,33.674
2016-09-22@10:30:00,nan,nan,nan
2016-09-21@15:00:00,nan,nan,nan
2016-09-21@14:00:00,nan,nan,nan
2016-09-21@11:30:00,nan,nan,nan
2016-09-21@10:30:00,nan,nan,nan
2016-09-20@15:00:00,nan,nan,nan
2016-09-20@14:00:00,nan,nan,nan
2016-09-20@11:30:00,nan,nan,nan
2016-09-20@10:30:00,nan,nan,nan
2016-09-19@15:00:00,nan,nan,nan
2016-09-19@14:00:00,nan,nan,nan
2016-09-19@11:30:00,nan,nan,nan
2016-09-19@10:30:00,nan,nan,nan
2016-09-14@15:00:00,nan,nan,nan
2016-09-14@14:00:00,nan,nan,nan
2016-09-14@11:30:00,nan,nan,nan
2016-09-14@10:30:00,nan,nan,nan
2016-09-13@15:00:00,nan,nan,nan
2016-09-13@14:00:00,nan,nan,nan
