2017-06-30,21.991,21.272,20.554
2017-06-29,22.020,21.235,20.450
2017-06-28,22.059,21.191,20.323
2017-06-27,22.066,21.200,20.334
2017-06-26,22.056,21.192,20.328
2017-06-23,22.046,21.184,20.322
2017-06-22,22.044,21.180,20.317
2017-06-21,22.038,21.169,20.300
2017-06-20,22.148,21.190,20.233
2017-06-19,22.369,21.228,20.087
2017-06-16,22.681,21.295,19.910
2017-06-15,22.974,21.372,19.771
2017-06-14,23.246,21.456,19.666
2017-06-13,23.412,21.535,19.658
2017-06-12,23.590,21.628,19.667
2017-06-09,23.794,21.757,19.720
2017-06-08,23.968,21.861,19.754
2017-06-07,24.108,21.956,19.805
2017-06-06,24.224,22.050,19.876
2017-06-05,24.410,22.200,19.991
2017-06-02,24.612,22.369,20.126
2017-06-01,24.712,22.537,20.362
2017-05-31,24.711,22.708,20.706
2017-05-26,24.802,22.846,20.891
2017-05-25,24.840,22.985,21.131
2017-05-24,24.805,23.119,21.433
2017-05-23,24.834,23.300,21.766
2017-05-22,24.732,23.491,22.251
2017-05-19,24.774,23.595,22.416
2017-05-18,24.899,23.684,22.469
2017-05-17,24.988,23.755,22.523
2017-05-16,25.138,23.843,22.548
2017-05-15,25.465,23.968,22.472
2017-05-12,26.017,24.169,22.322
2017-05-11,26.471,24.366,22.261
2017-05-10,26.849,24.545,22.242
2017-05-09,27.210,24.740,22.271
2017-05-08,27.451,24.930,22.409
2017-05-05,27.882,25.177,22.472
2017-05-04,28.252,25.384,22.516
2017-05-03,28.538,25.565,22.593
2017-05-02,28.712,25.739,22.767
2017-04-28,28.849,25.923,22.997
2017-04-27,29.106,26.140,23.175
2017-04-26,29.392,26.384,23.376
2017-04-25,29.598,26.638,23.678
2017-04-24,29.823,26.849,23.875
2017-04-21,30.015,27.060,24.105
2017-04-20,30.122,27.298,24.474
2017-04-19,30.331,27.561,24.792
2017-04-18,30.406,27.832,25.258
2017-04-17,30.328,28.054,25.781
2017-04-14,30.307,28.236,26.166
2017-04-13,30.345,28.351,26.357
2017-04-12,30.383,28.470,26.558
2017-04-11,30.387,28.593,26.799
2017-04-10,30.342,28.681,27.021
2017-04-07,30.233,28.785,27.337
2017-04-06,30.273,28.851,27.430
2017-04-05,30.295,28.926,27.557
2017-03-31,30.248,28.996,27.744
2017-03-30,30.093,29.081,28.070
2017-03-29,29.881,29.134,28.388
2017-03-28,29.829,29.158,28.487
2017-03-27,29.825,29.167,28.509
2017-03-24,29.824,29.170,28.517
2017-03-23,29.829,29.187,28.546
2017-03-22,29.869,29.215,28.561
2017-03-21,29.868,29.210,28.553
2017-03-20,29.741,29.170,28.599
2017-03-17,29.587,29.131,28.675
2017-03-16,29.571,29.103,28.635
2017-03-15,29.547,29.093,28.640
2017-03-14,29.552,29.097,28.642
2017-03-13,29.546,29.094,28.643
2017-03-10,29.587,29.105,28.624
2017-03-09,29.616,29.131,28.647
2017-03-08,29.622,29.143,28.664
2017-03-07,29.606,29.135,28.664
2017-03-06,29.575,29.117,28.659
2017-03-03,29.634,29.082,28.530
2017-03-02,29.744,29.029,28.314
2017-03-01,29.864,28.992,28.120
2017-02-28,29.981,28.934,27.888
2017-02-27,30.047,28.868,27.689
2017-02-24,30.070,28.811,27.553
2017-02-23,30.055,28.739,27.424
2017-02-22,29.989,28.643,27.297
2017-02-21,29.961,28.577,27.194
2017-02-20,29.912,28.512,27.113
2017-02-17,29.911,28.408,26.906
2017-02-16,29.963,28.429,26.895
2017-02-15,30.086,28.462,26.839
2017-02-14,30.237,28.504,26.771
2017-02-13,30.384,28.546,26.708
2017-02-10,30.450,28.565,26.680
2017-02-09,30.571,28.600,26.630
2017-02-08,30.782,28.663,26.545
2017-02-07,30.980,28.728,26.476
2017-02-06,31.149,28.793,26.437
2017-02-03,31.313,28.884,26.455
2017-01-26,31.453,28.992,26.531
2017-01-25,31.571,29.115,26.659
2017-01-24,31.809,29.291,26.773
2017-01-23,31.794,29.385,26.977
2017-01-20,31.772,29.469,27.166
2017-01-19,31.799,29.598,27.397
2017-01-18,31.781,29.743,27.706
2017-01-17,31.718,29.877,28.036
2017-01-16,31.584,30.001,28.418
2017-01-13,30.994,30.163,29.332
2017-01-12,30.928,30.221,29.515
2017-01-11,30.934,30.217,29.500
2017-01-10,30.987,30.186,29.385
2017-01-09,30.986,30.182,29.378
2017-01-06,31.422,30.289,29.156
2017-01-05,31.765,30.389,29.013
2017-01-04,32.009,30.465,28.922
2017-01-03,32.213,30.539,28.866
2016-12-30,32.381,30.616,28.851
2016-12-29,32.586,30.711,28.837
2016-12-28,32.807,30.819,28.831
2016-12-27,32.957,30.911,28.865
2016-12-26,33.072,30.959,28.846
2016-12-23,33.105,31.067,29.030
2016-12-22,33.095,31.173,29.252
2016-12-21,33.090,31.194,29.299
2016-12-20,33.103,31.232,29.361
2016-12-19,33.134,31.292,29.451
2016-12-16,33.167,31.370,29.574
2016-12-15,33.145,31.411,29.678
2016-12-14,33.123,31.436,29.749
2016-12-13,33.016,31.497,29.979
2016-12-12,32.769,31.599,30.430
2016-12-09,32.586,31.662,30.738
2016-12-08,32.546,31.638,30.730
2016-12-07,32.519,31.628,30.737
2016-12-06,32.765,31.682,30.599
2016-12-05,32.762,31.626,30.490
2016-12-02,32.800,31.553,30.307
2016-12-01,32.738,31.493,30.248
2016-11-30,32.626,31.419,30.213
2016-11-29,32.543,31.375,30.207
2016-11-28,32.777,31.208,29.639
2016-11-25,32.873,31.075,29.278
2016-11-24,32.959,30.935,28.911
2016-11-23,32.989,30.870,28.751
2016-11-22,32.977,30.777,28.577
2016-11-21,32.909,30.662,28.416
2016-11-18,32.796,30.528,28.260
2016-11-17,32.758,30.428,28.098
2016-11-16,32.799,30.299,27.799
2016-11-15,32.797,30.160,27.524
2016-11-14,32.697,30.002,27.308
2016-11-11,32.597,29.848,27.099
2016-11-10,32.390,29.687,26.984
2016-11-09,32.066,29.515,26.964
2016-11-08,31.293,29.272,27.252
2016-11-07,31.075,29.147,27.219
2016-11-04,30.916,29.034,27.153
2016-11-03,30.598,28.896,27.195
2016-11-02,30.233,28.750,27.268
2016-10-28,29.638,28.567,27.496
2016-10-27,29.663,28.502,27.341
2016-10-26,29.620,28.427,27.234
2016-10-25,29.588,28.370,27.153
2016-10-24,29.423,28.273,27.124
2016-10-21,29.260,28.169,27.079
2016-10-20,29.147,28.042,26.937
2016-10-19,29.024,27.926,26.828
2016-10-18,28.926,27.792,26.659
2016-10-17,28.873,27.743,26.614
2016-10-14,28.867,27.741,26.615
2016-10-13,28.879,27.745,26.611
2016-10-12,28.885,27.747,26.610
2016-10-11,28.851,27.735,26.619
2016-10-10,28.793,27.715,26.638
2016-09-30,28.737,27.682,26.628
2016-09-29,28.655,27.635,26.616
2016-09-28,28.592,27.595,26.598
2016-09-27,28.520,27.552,26.584
2016-09-26,28.474,27.515,26.557
2016-09-23,28.480,27.482,26.485
2016-09-22,28.475,27.459,26.444
2016-09-21,28.465,27.427,26.390
2016-09-20,28.438,27.393,26.348
2016-09-19,28.430,27.353,26.276
2016-09-14,28.432,27.355,26.278
2016-09-13,28.427,27.380,26.333
2016-09-12,28.420,27.398,26.377
2016-09-09,28.375,27.451,26.527
2016-09-08,28.410,27.476,26.543
2016-09-07,28.546,27.347,26.148
2016-09-06,28.515,27.217,25.920
2016-09-05,28.483,27.088,25.694
2016-09-02,28.538,26.929,25.320
2016-09-01,28.517,26.770,25.024
2016-08-31,28.468,26.662,24.856
2016-08-30,28.440,26.550,24.660
2016-08-29,28.391,26.437,24.483
2016-08-26,28.336,26.316,24.297
2016-08-25,28.272,26.195,24.118
2016-08-24,28.206,26.110,24.015
2016-08-23,28.100,26.031,23.963
2016-08-22,28.128,26.041,23.954
2016-08-19,28.080,26.022,23.964
2016-08-18,28.051,26.008,23.966
2016-08-17,27.987,25.989,23.992
2016-08-16,27.969,25.984,24.000
2016-08-15,27.899,25.961,24.024
2016-08-12,27.809,25.937,24.066
2016-08-11,27.763,25.928,24.093
2016-08-10,28.063,26.045,24.027
2016-08-09,28.396,26.169,23.943
2016-08-08,28.700,26.304,23.909
2016-08-05,29.056,26.503,23.950
2016-08-04,29.245,26.677,24.110
2016-08-03,29.493,26.845,24.198
2016-08-02,29.676,27.026,24.376
2016-08-01,29.621,27.124,24.628
2016-07-29,29.526,27.247,24.968
2016-07-28,29.346,27.344,25.343
2016-07-27,29.192,27.420,25.649
2016-07-26,29.058,27.475,25.893
2016-07-25,29.072,27.447,25.823
2016-07-22,29.069,27.450,25.832
2016-07-21,29.051,27.470,25.889
2016-07-20,29.085,27.435,25.785
2016-07-19,29.096,27.402,25.708
2016-07-18,29.176,27.351,25.526
2016-07-15,29.180,27.329,25.479
2016-07-14,29.205,27.342,25.480
2016-07-13,29.153,27.267,25.381
2016-07-12,29.059,27.157,25.256
2016-07-11,29.059,26.984,24.909
2016-07-08,28.804,26.809,24.814
2016-07-07,28.597,26.736,24.876
2016-07-06,28.365,26.684,25.003
2016-07-05,27.971,26.531,25.092
2016-07-04,28.050,26.409,24.768
2016-07-01,28.008,26.280,24.552
2016-06-30,28.065,26.160,24.255
2016-06-29,28.114,26.030,23.946
2016-06-28,28.250,25.866,23.483
2016-06-27,28.376,25.679,22.983
2016-06-24,28.400,25.490,22.580
2016-06-23,28.319,25.299,22.279
2016-06-22,28.250,25.150,22.050
2016-06-21,28.118,24.989,21.861
2016-06-20,28.056,24.871,21.687
2016-06-17,27.859,24.708,21.557
2016-06-16,27.356,24.449,21.543
2016-06-15,27.097,24.295,21.493
2016-06-14,26.869,24.163,21.458
2016-06-13,26.810,24.061,21.313
2016-06-08,26.660,23.973,21.286
2016-06-07,26.222,23.866,21.510
2016-06-06,25.629,23.777,21.926
2016-06-03,25.762,23.801,21.841
2016-06-02,26.343,23.926,21.510
2016-06-01,26.934,24.065,21.196
2016-05-31,27.469,24.224,20.980
2016-05-30,28.000,24.407,20.815
2016-05-27,28.258,24.576,20.894
2016-05-26,28.623,24.812,21.002
2016-05-25,28.974,25.057,21.141
2016-05-24,29.288,25.299,21.310
2016-05-23,29.562,25.528,21.494
2016-05-20,29.843,25.774,21.706
2016-05-19,30.019,26.003,21.987
2016-05-18,30.116,26.226,22.337
2016-05-17,30.338,26.562,22.787
2016-05-16,30.589,26.883,23.178
2016-05-13,30.629,27.167,23.705
2016-05-12,30.342,27.462,24.582
2016-05-11,29.936,27.662,25.389
2016-05-10,29.688,27.827,25.967
2016-05-09,29.574,27.930,26.286
2016-05-06,29.496,27.958,26.421
2016-05-05,29.515,27.946,26.377
2016-05-04,29.532,27.919,26.307
2016-05-03,29.613,27.857,26.102
2016-04-29,29.779,27.744,25.709
2016-04-28,29.943,27.672,25.401
2016-04-27,30.042,27.563,25.085
2016-04-26,30.279,27.377,24.476
2016-04-25,30.301,27.233,24.165
2016-04-22,30.316,27.072,23.828
2016-04-21,30.251,26.891,23.532
2016-04-20,30.182,26.729,23.277
2016-04-19,30.125,26.556,22.987
2016-04-18,29.729,26.309,22.889
2016-04-15,29.189,26.029,22.870
2016-04-14,28.809,25.729,22.649
2016-04-13,28.524,25.407,22.290
2016-04-12,28.317,25.161,22.005
2016-04-11,27.864,24.926,21.988
2016-04-08,27.375,24.674,21.974
2016-04-07,27.238,24.423,21.608
2016-04-06,26.958,24.176,21.395
2016-04-05,26.478,23.971,21.465
2016-04-01,26.103,23.828,21.554
2016-03-31,25.876,23.689,21.503
2016-03-30,25.684,23.550,21.416
2016-03-29,25.406,23.405,21.404
2016-03-28,25.413,23.276,21.140
2016-03-25,25.305,23.067,20.830
2016-03-24,25.080,22.952,20.825
2016-03-23,24.830,22.840,20.851
2016-03-22,24.879,22.850,20.822
2016-03-21,25.035,22.885,20.736
2016-03-18,25.085,22.897,20.710
2016-03-17,25.172,22.921,20.671
2016-03-16,25.299,22.978,20.658
2016-03-15,25.462,23.086,20.710
2016-03-14,25.643,23.182,20.722
2016-03-11,25.721,23.222,20.723
2016-03-10,25.719,23.219,20.720
2016-03-09,25.692,23.286,20.881
2016-03-08,25.667,23.320,20.973
2016-03-07,25.667,23.318,20.970
2016-03-04,25.664,23.245,20.827
2016-03-03,25.668,23.224,20.781
2016-03-02,25.731,23.168,20.605
2016-03-01,25.732,23.165,20.599
2016-02-29,25.699,23.193,20.687
2016-02-26,25.680,23.373,21.066
2016-02-25,25.743,23.460,21.178
2016-02-24,25.751,23.520,21.289
2016-02-23,25.679,23.496,21.314
2016-02-22,25.592,23.471,21.350
2016-02-19,25.469,23.422,21.375
2016-02-18,25.322,23.348,21.375
2016-02-17,25.308,23.343,21.378
2016-02-16,25.191,23.288,21.386
2016-02-15,25.133,23.272,21.411
2016-02-05,25.092,23.256,21.421
2016-02-04,25.752,23.438,21.124
2016-02-03,26.181,23.592,21.004
2016-02-02,27.386,23.915,20.444
2016-02-01,28.100,24.184,20.269
2016-01-29,28.916,24.550,20.185
2016-01-28,30.521,25.063,19.605
2016-01-27,32.029,25.682,19.335
2016-01-26,33.152,26.215,19.279
2016-01-25,33.976,26.752,19.529
2016-01-22,34.995,27.225,19.456
2016-01-21,35.646,27.657,19.668
2016-01-20,36.222,28.130,20.038
2016-01-19,36.792,28.578,20.364
2016-01-18,37.227,29.008,20.790
2016-01-15,37.479,29.466,21.453
2016-01-14,37.583,29.968,22.353
2016-01-13,37.525,30.361,23.198
2016-01-12,37.204,30.790,24.376
2016-01-11,36.821,31.140,25.460
2016-01-08,36.094,31.456,26.819
2016-01-07,35.741,31.646,27.551
2016-01-06,35.149,31.865,28.581
2016-01-05,35.017,31.955,28.893
2016-01-04,34.708,32.155,29.602
2015-12-31,34.489,32.297,30.105
2015-12-30,34.459,32.252,30.045
2015-12-29,34.329,32.090,29.851
2015-12-28,34.210,32.011,29.812
2015-12-25,34.128,31.925,29.722
2015-12-24,33.871,31.743,29.614
2015-12-23,33.896,31.751,29.605
2015-12-22,33.912,31.755,29.598
2015-12-21,33.912,31.755,29.598
2015-12-18,33.761,31.695,29.628
2015-12-17,33.662,31.658,29.654
2015-12-16,33.460,31.582,29.704
2015-12-15,33.435,31.506,29.578
2015-12-14,33.413,31.492,29.571
2015-12-11,33.545,31.560,29.575
2015-12-10,33.519,31.634,29.749
2015-12-09,33.858,31.816,29.775
2015-12-08,33.877,31.910,29.943
2015-12-07,33.859,31.942,30.026
2015-12-04,33.839,31.928,30.018
2015-12-03,33.820,31.911,30.003
2015-12-02,33.893,31.836,29.780
2015-12-01,33.921,31.822,29.723
2015-11-30,34.108,31.701,29.294
2015-11-27,34.448,31.544,28.641
2015-11-26,34.684,31.432,28.180
2015-11-25,34.631,31.208,27.786
2015-11-24,34.491,30.965,27.439
2015-11-23,34.218,30.720,27.223
2015-11-20,34.118,30.561,27.003
2015-11-19,33.935,30.417,26.899
2015-11-18,33.822,30.258,26.694
2015-11-17,34.044,30.037,26.029
2015-11-16,33.895,29.851,25.806
2015-11-13,33.582,29.563,25.545
2015-11-12,33.349,29.350,25.351
2015-11-11,32.501,29.014,25.527
2015-11-10,32.002,28.719,25.436
2015-11-09,31.583,28.513,25.443
2015-11-06,30.937,28.283,25.630
2015-11-05,30.451,27.942,25.433
2015-11-04,30.348,27.667,24.986
2015-11-03,30.298,27.343,24.388
2015-11-02,30.311,27.070,23.830
2015-10-30,30.404,26.850,23.297
2015-10-29,30.351,26.663,22.976
2015-10-28,30.223,26.431,22.640
2015-10-27,30.032,26.232,22.433
2015-10-26,29.789,25.997,22.206
2015-10-23,29.420,25.780,22.140
2015-10-22,28.843,25.524,22.206
2015-10-21,28.433,25.259,22.085
2015-10-20,28.392,25.116,21.840
2015-10-19,27.972,24.922,21.872
2015-10-16,27.826,24.678,21.530
2015-10-15,27.418,24.529,21.641
2015-10-14,27.396,24.525,21.654
2015-10-13,27.323,24.504,21.685
2015-10-12,27.356,24.510,21.665
2015-10-09,27.212,24.480,21.748
2015-10-08,27.200,24.472,21.745
2015-10-07,27.181,24.401,21.621
2015-09-30,27.232,24.464,21.696
2015-09-29,27.742,24.665,21.589
2015-09-28,28.575,24.951,21.328
2015-09-25,28.891,25.116,21.341
2015-09-24,28.905,25.177,21.449
2015-09-23,28.917,25.139,21.361
2015-09-22,29.007,25.257,21.507
2015-09-21,29.566,25.492,21.419
2015-09-18,30.577,25.845,21.114
2015-09-17,31.609,26.296,20.984
2015-09-16,32.438,26.746,21.055
2015-09-15,34.096,27.334,20.572
2015-09-14,35.485,28.060,20.636
2015-09-11,36.534,28.619,20.704
2015-09-10,37.306,28.996,20.686
2015-09-09,38.049,29.447,20.845
2015-09-08,38.500,29.756,21.012
2015-09-07,38.711,30.021,21.332
2015-09-02,38.706,30.340,21.975
2015-09-01,38.510,30.785,23.060
2015-08-31,38.394,31.140,23.886
2015-08-28,38.364,31.270,24.177
2015-08-27,38.407,31.372,24.338
2015-08-26,38.415,31.601,24.787
2015-08-25,38.266,32.067,25.868
2015-08-24,37.301,32.483,27.666
2015-08-21,36.733,32.663,28.594
2015-08-20,36.551,32.819,29.087
2015-08-19,36.616,32.939,29.263
2015-08-18,36.616,32.924,29.232
2015-08-17,36.617,32.900,29.183
2015-08-14,36.207,32.696,29.185
2015-08-13,35.529,32.502,29.476
2015-08-12,35.012,32.265,29.518
2015-08-11,34.630,32.096,29.562
2015-08-10,34.546,32.081,29.616
2015-08-07,34.424,32.040,29.657
2015-08-06,34.491,31.930,29.369
2015-08-05,35.018,31.728,28.439
2015-08-04,35.844,31.358,26.872
2015-08-03,36.413,30.966,25.520
2015-07-31,36.521,30.795,25.070
2015-07-30,36.608,30.534,24.461
2015-07-29,36.443,30.377,24.311
2015-07-28,36.079,30.249,24.420
2015-07-27,36.373,30.355,24.338
2015-07-24,36.520,30.467,24.415
2015-07-23,36.985,30.620,24.256
2015-07-22,38.169,30.895,23.621
2015-07-21,39.895,31.358,22.821
2015-07-20,41.168,31.786,22.405
2015-07-17,42.046,32.153,22.260
2015-07-16,43.683,32.677,21.672
2015-07-15,45.806,33.429,21.053
2015-07-14,47.136,34.043,20.950
2015-07-13,48.618,34.584,20.550
2015-07-10,50.654,35.373,20.092
2015-07-09,52.527,36.339,20.151
2015-07-08,53.777,37.387,20.997
2015-07-07,54.311,38.501,22.692
2015-07-06,54.287,39.597,24.907
2015-07-03,54.627,40.676,26.726
2015-07-02,54.389,41.787,29.186
2015-07-01,55.068,42.996,30.925
2015-06-30,55.293,43.940,32.588
2015-06-29,55.422,44.744,34.067
2015-06-26,54.705,45.610,36.516
2015-06-25,54.568,46.438,38.308
2015-06-24,55.276,47.192,39.108
2015-06-23,55.233,47.599,39.966
2015-06-19,54.794,47.910,41.026
2015-06-18,54.090,48.125,42.160
2015-06-17,54.214,48.076,41.939
2015-06-16,54.567,47.860,41.154
2015-06-15,54.786,47.754,40.723
2015-06-12,54.977,47.581,40.185
2015-06-11,55.363,47.097,38.831
2015-06-10,55.394,46.635,37.877
2015-06-09,55.570,46.152,36.734
2015-06-08,55.783,45.689,35.595
2015-06-05,56.013,45.231,34.450
2015-06-04,56.091,44.562,33.033
2015-06-03,56.111,43.846,31.580
2015-06-02,55.103,42.884,30.665
2015-06-01,54.264,42.075,29.887
2015-05-29,53.248,41.379,29.510
2015-05-28,52.201,40.735,29.270
2015-05-27,50.370,40.034,29.699
2015-05-26,47.291,39.097,30.903
2015-05-25,45.241,38.480,31.720
2015-05-22,43.726,38.047,32.369
2015-05-21,42.983,37.822,32.661
2015-05-20,42.339,37.591,32.843
2015-05-19,41.738,37.347,32.955
2015-05-18,41.077,37.043,33.009
2015-05-15,40.060,36.776,33.491
2015-05-14,39.779,36.654,33.529
2015-05-13,39.195,36.465,33.735
2015-05-12,39.183,36.462,33.741
2015-05-11,39.342,36.508,33.674
2015-05-08,39.464,36.560,33.657
2015-05-07,39.501,36.533,33.566
2015-05-06,39.383,36.608,33.834
2015-05-05,39.215,36.718,34.222
2015-05-04,39.176,36.735,34.295
2015-04-30,39.296,36.643,33.991
2015-04-29,39.483,36.496,33.509
2015-04-28,39.530,36.263,32.996
2015-04-27,39.650,36.156,32.662
2015-04-24,39.652,35.975,32.298
2015-04-23,39.506,35.745,31.985
2015-04-22,39.053,35.538,32.024
2015-04-21,38.848,35.311,31.775
2015-04-20,38.734,35.132,31.531
2015-04-17,38.734,35.008,31.282
2015-04-16,38.546,34.818,31.091
2015-04-15,38.368,34.632,30.895
2015-04-14,38.247,34.425,30.603
2015-04-13,37.616,34.094,30.573
2015-04-10,36.820,33.707,30.594
2015-04-09,36.118,33.316,30.514
2015-04-08,36.104,33.115,30.126
2015-04-07,35.813,32.889,29.964
2015-04-03,35.263,32.637,30.011
2015-04-02,34.938,32.460,29.982
2015-04-01,34.733,32.391,30.048
2015-03-31,34.605,32.313,30.021
2015-03-30,34.521,32.232,29.943
2015-03-27,34.392,32.134,29.876
2015-03-26,34.263,32.007,29.751
2015-03-25,34.183,31.848,29.514
2015-03-24,33.718,31.608,29.498
2015-03-23,33.546,31.465,29.385
2015-03-20,33.329,31.318,29.307
2015-03-19,33.107,31.184,29.262
2015-03-18,32.834,31.030,29.226
2015-03-17,32.576,30.872,29.168
2015-03-16,32.449,30.746,29.043
2015-03-13,32.387,30.611,28.836
2015-03-12,32.458,30.500,28.543
2015-03-11,32.521,30.431,28.342
2015-03-10,32.506,30.414,28.322
2015-03-09,32.465,30.388,28.311
2015-03-06,32.471,30.390,28.310
2015-03-05,32.390,30.351,28.312
2015-03-04,31.880,30.212,28.545
2015-03-03,31.748,30.184,28.620
2015-03-02,31.999,30.232,28.465
2015-02-27,32.301,30.296,28.291
2015-02-26,32.578,30.376,28.175
2015-02-25,32.890,30.501,28.112
2015-02-24,33.499,30.705,27.912
2015-02-17,33.771,30.837,27.903
2015-02-16,34.076,30.988,27.901
2015-02-13,34.076,30.985,27.894
2015-02-12,34.090,30.963,27.837
2015-02-11,34.165,30.906,27.648
2015-02-10,34.249,30.844,27.439
2015-02-09,34.275,30.823,27.372
2015-02-06,34.320,30.797,27.275
2015-02-05,34.283,30.847,27.411
2015-02-04,34.285,30.853,27.422
2015-02-03,34.284,30.851,27.419
2015-02-02,34.250,30.813,27.376
2015-01-30,34.245,30.762,27.279
2015-01-29,34.247,30.728,27.210
2015-01-28,34.196,30.605,27.014
2015-01-27,33.981,30.438,26.895
2015-01-26,33.702,30.306,26.911
2015-01-23,33.445,30.190,26.936
2015-01-22,33.179,30.097,27.016
2015-01-21,32.409,29.864,27.320
2015-01-20,31.871,29.634,27.398
2015-01-19,31.144,29.512,27.881
2015-01-16,31.952,29.665,27.378
2015-01-15,32.764,29.876,26.989
2015-01-14,33.981,30.232,26.483
2015-01-13,35.087,30.628,26.170
2015-01-12,35.960,31.000,26.040
2015-01-09,36.865,31.442,26.019
2015-01-08,37.405,31.736,26.068
2015-01-07,37.794,31.979,26.163
2015-01-06,38.429,32.300,26.170
2015-01-05,39.288,32.698,26.108
2014-12-31,40.706,33.291,25.876
2014-12-30,41.993,33.912,25.831
2014-12-29,43.289,34.621,25.953
2014-12-26,44.155,35.276,26.396
2014-12-25,44.701,35.826,26.951
2014-12-24,45.223,36.406,27.588
2014-12-23,45.754,36.987,28.220
2014-12-22,45.891,37.623,29.356
2014-12-19,45.961,38.421,30.880
2014-12-18,46.342,39.137,31.932
2014-12-17,47.287,39.830,32.373
2014-12-16,47.290,40.284,33.278
2014-12-15,47.626,40.730,33.834
2014-12-12,47.526,40.943,34.360
2014-12-11,47.466,40.977,34.489
2014-12-10,47.879,40.800,33.722
2014-12-09,48.671,40.537,32.403
2014-12-08,49.806,40.162,30.518
2014-12-05,51.177,39.579,27.980
2014-12-04,52.509,38.805,25.101
2014-12-03,53.501,37.776,22.050
2014-12-02,54.232,36.625,19.018
2014-12-01,54.583,35.328,16.074
2014-11-28,nan,nan,nan
2014-11-27,nan,nan,nan
2014-11-26,nan,nan,nan
2014-11-25,nan,nan,nan
2014-11-24,nan,nan,nan
2014-11-21,nan,nan,nan
2014-11-20,nan,nan,nan
2014-11-19,nan,nan,nan
2014-11-18,nan,nan,nan
2014-11-17,nan,nan,nan
2014-11-14,nan,nan,nan
2014-11-13,nan,nan,nan
2014-11-12,nan,nan,nan
2014-11-11,nan,nan,nan
2014-11-10,nan,nan,nan
2014-11-07,nan,nan,nan
2014-11-06,nan,nan,nan
2014-11-05,nan,nan,nan
2014-11-04,nan,nan,nan
