Not
2017-06-30,-0.293,-0.390,0.097
2017-06-29,-0.314,-0.414,0.100
2017-06-28,-0.332,-0.439,0.108
2017-06-27,-0.328,-0.466,0.139
2017-06-26,-0.348,-0.501,0.153
2017-06-23,-0.366,-0.539,0.173
2017-06-22,-0.365,-0.583,0.218
2017-06-21,-0.363,-0.637,0.274
2017-06-20,-0.429,-0.706,0.277
2017-06-19,-0.529,-0.775,0.246
2017-06-16,-0.610,-0.836,0.227
2017-06-15,-0.691,-0.893,0.202
2017-06-14,-0.778,-0.943,0.165
2017-06-13,-0.844,-0.985,0.141
2017-06-12,-0.903,-1.020,0.117
2017-06-09,-0.926,-1.049,0.123
2017-06-08,-0.985,-1.080,0.095
2017-06-07,-1.053,-1.104,0.050
2017-06-06,-1.126,-1.116,-0.010
2017-06-05,-1.156,-1.114,-0.043
2017-06-02,-1.174,-1.103,-0.071
2017-06-01,-1.164,-1.085,-0.079
2017-05-31,-1.116,-1.065,-0.051
2017-05-26,-1.126,-1.053,-0.073
2017-05-25,-1.116,-1.035,-0.082
2017-05-24,-1.086,-1.014,-0.072
2017-05-23,-1.022,-0.996,-0.025
2017-05-22,-0.913,-0.990,0.077
2017-05-19,-0.902,-1.009,0.107
2017-05-18,-0.930,-1.036,0.106
2017-05-17,-0.973,-1.062,0.090
2017-05-16,-1.021,-1.085,0.064
2017-05-15,-1.074,-1.101,0.027
2017-05-12,-1.082,-1.108,0.025
2017-05-11,-1.094,-1.114,0.020
2017-05-10,-1.126,-1.119,-0.007
2017-05-09,-1.143,-1.117,-0.025
2017-05-08,-1.139,-1.111,-0.028
2017-05-05,-1.113,-1.104,-0.009
2017-05-04,-1.134,-1.102,-0.032
2017-05-03,-1.176,-1.094,-0.082
2017-05-02,-1.197,-1.073,-0.123
2017-04-28,-1.195,-1.043,-0.152
2017-04-27,-1.193,-1.005,-0.189
2017-04-26,-1.171,-0.957,-0.214
2017-04-25,-1.113,-0.904,-0.209
2017-04-24,-1.109,-0.852,-0.257
2017-04-21,-1.097,-0.787,-0.310
2017-04-20,-1.028,-0.710,-0.318
2017-04-19,-0.950,-0.630,-0.320
2017-04-18,-0.823,-0.550,-0.272
2017-04-17,-0.688,-0.482,-0.206
2017-04-14,-0.589,-0.431,-0.158
2017-04-13,-0.566,-0.391,-0.175
2017-04-12,-0.535,-0.348,-0.187
2017-04-11,-0.485,-0.301,-0.184
2017-04-10,-0.439,-0.255,-0.184
2017-04-07,-0.354,-0.209,-0.145
2017-04-06,-0.353,-0.172,-0.181
2017-04-05,-0.335,-0.127,-0.208
2017-03-31,-0.289,-0.075,-0.213
2017-03-30,-0.192,-0.022,-0.170
2017-03-29,-0.076,0.021,-0.097
2017-03-28,-0.013,0.045,-0.058
2017-03-27,0.017,0.059,-0.043
2017-03-24,0.046,0.070,-0.024
2017-03-23,0.085,0.076,0.008
2017-03-22,0.122,0.074,0.048
2017-03-21,0.152,0.062,0.090
2017-03-20,0.110,0.040,0.071
2017-03-17,0.056,0.022,0.034
2017-03-16,0.043,0.013,0.030
2017-03-15,0.026,0.006,0.020
2017-03-14,0.030,0.001,0.029
2017-03-13,0.016,-0.006,0.023
2017-03-10,-0.004,-0.012,0.007
2017-03-09,0.014,-0.014,0.027
2017-03-08,0.026,-0.021,0.047
2017-03-07,0.005,-0.032,0.037
2017-03-06,-0.028,-0.042,0.013
2017-03-03,-0.042,-0.045,0.003
2017-03-02,-0.057,-0.046,-0.011
2017-03-01,-0.018,-0.043,0.025
2017-02-28,0.003,-0.049,0.053
2017-02-27,0.011,-0.063,0.073
2017-02-24,0.023,-0.081,0.104
2017-02-23,0.012,-0.107,0.119
2017-02-22,-0.033,-0.137,0.103
2017-02-21,-0.042,-0.163,0.120
2017-02-20,-0.057,-0.193,0.135
2017-02-17,-0.079,-0.227,0.148
2017-02-16,-0.069,-0.264,0.195
2017-02-15,-0.095,-0.312,0.218
2017-02-14,-0.126,-0.367,0.241
2017-02-13,-0.169,-0.427,0.258
2017-02-10,-0.253,-0.491,0.239
2017-02-09,-0.342,-0.551,0.209
2017-02-08,-0.432,-0.603,0.172
2017-02-07,-0.538,-0.646,0.108
2017-02-06,-0.650,-0.673,0.023
2017-02-03,-0.721,-0.679,-0.042
2017-01-26,-0.763,-0.669,-0.095
2017-01-25,-0.782,-0.645,-0.137
2017-01-24,-0.779,-0.611,-0.168
2017-01-23,-0.767,-0.569,-0.198
2017-01-20,-0.758,-0.519,-0.239
2017-01-19,-0.730,-0.460,-0.270
2017-01-18,-0.665,-0.392,-0.273
2017-01-17,-0.587,-0.324,-0.264
2017-01-16,-0.484,-0.258,-0.227
2017-01-13,-0.269,-0.201,-0.068
2017-01-12,-0.209,-0.184,-0.025
2017-01-11,-0.194,-0.178,-0.017
2017-01-10,-0.189,-0.174,-0.015
2017-01-09,-0.185,-0.170,-0.015
2017-01-06,-0.162,-0.166,0.003
2017-01-05,-0.151,-0.167,0.016
2017-01-04,-0.170,-0.171,0.001
2017-01-03,-0.193,-0.171,-0.022
2016-12-30,-0.206,-0.165,-0.040
2016-12-29,-0.209,-0.155,-0.053
2016-12-28,-0.206,-0.142,-0.064
2016-12-27,-0.206,-0.126,-0.080
2016-12-26,-0.297,-0.106,-0.191
2016-12-23,-0.244,-0.059,-0.186
2016-12-22,-0.169,-0.012,-0.156
2016-12-21,-0.157,0.027,-0.184
2016-12-20,-0.155,0.073,-0.228
2016-12-19,-0.141,0.130,-0.271
2016-12-16,-0.106,0.198,-0.304
2016-12-15,-0.061,0.274,-0.334
2016-12-14,-0.009,0.357,-0.367
2016-12-13,0.119,0.449,-0.330
2016-12-12,0.320,0.532,-0.212
2016-12-09,0.509,0.584,-0.075
2016-12-08,0.534,0.603,-0.070
2016-12-07,0.552,0.621,-0.069
2016-12-06,0.578,0.638,-0.060
2016-12-05,0.607,0.653,-0.046
2016-12-02,0.644,0.664,-0.020
2016-12-01,0.654,0.669,-0.015
2016-11-30,0.636,0.673,-0.037
2016-11-29,0.629,0.682,-0.053
2016-11-28,0.607,0.696,-0.089
2016-11-25,0.610,0.718,-0.108
2016-11-24,0.616,0.745,-0.129
2016-11-23,0.700,0.777,-0.077
2016-11-22,0.748,0.797,-0.049
2016-11-21,0.762,0.809,-0.047
2016-11-18,0.747,0.821,-0.074
2016-11-17,0.791,0.839,-0.048
2016-11-16,0.863,0.851,0.012
2016-11-15,0.930,0.848,0.082
2016-11-14,0.957,0.828,0.129
2016-11-11,0.997,0.795,0.201
2016-11-10,0.998,0.745,0.253
2016-11-09,0.952,0.682,0.271
2016-11-08,0.761,0.614,0.147
2016-11-07,0.733,0.577,0.156
2016-11-04,0.730,0.538,0.192
2016-11-03,0.663,0.490,0.173
2016-11-02,0.572,0.447,0.125
2016-10-28,0.415,0.415,-0.001
2016-10-27,0.453,0.416,0.037
2016-10-26,0.465,0.406,0.059
2016-10-25,0.501,0.392,0.110
2016-10-24,0.472,0.364,0.107
2016-10-21,0.435,0.337,0.097
2016-10-20,0.389,0.313,0.076
2016-10-19,0.344,0.294,0.049
2016-10-18,0.285,0.282,0.003
2016-10-17,0.292,0.281,0.011
2016-10-14,0.303,0.278,0.025
2016-10-13,0.308,0.272,0.036
2016-10-12,0.323,0.263,0.060
2016-10-11,0.315,0.248,0.067
2016-10-10,0.289,0.231,0.058
2016-09-30,0.276,0.217,0.059
2016-09-29,0.246,0.202,0.044
2016-09-28,0.220,0.191,0.029
2016-09-27,0.182,0.184,-0.002
2016-09-26,0.153,0.184,-0.032
2016-09-23,0.156,0.192,-0.036
2016-09-22,0.162,0.201,-0.040
2016-09-21,0.158,0.211,-0.054
2016-09-20,0.139,0.225,-0.086
2016-09-19,0.128,0.246,-0.119
2016-09-14,0.133,0.276,-0.142
2016-09-13,0.194,0.312,-0.118
2016-09-12,0.264,0.341,-0.077
2016-09-09,0.390,0.360,0.030
2016-09-08,0.458,0.353,0.105
2016-09-07,0.451,0.326,0.124
2016-09-06,0.416,0.295,0.121
2016-09-05,0.382,0.265,0.117
2016-09-02,0.341,0.236,0.105
2016-09-01,0.288,0.210,0.078
2016-08-31,0.267,0.190,0.077
2016-08-30,0.256,0.171,0.085
2016-08-29,0.240,0.150,0.090
2016-08-26,0.221,0.127,0.093
2016-08-25,0.201,0.104,0.097
2016-08-24,0.208,0.080,0.128
2016-08-23,0.198,0.048,0.151
2016-08-22,0.192,0.010,0.182
2016-08-19,0.175,-0.036,0.210
2016-08-18,0.176,-0.088,0.264
2016-08-17,0.112,-0.154,0.266
2016-08-16,0.037,-0.221,0.258
2016-08-15,-0.051,-0.285,0.234
2016-08-12,-0.191,-0.344,0.153
2016-08-11,-0.399,-0.382,-0.017
2016-08-10,-0.431,-0.378,-0.053
2016-08-09,-0.483,-0.364,-0.119
2016-08-08,-0.529,-0.335,-0.195
2016-08-05,-0.509,-0.286,-0.223
2016-08-04,-0.474,-0.230,-0.244
2016-08-03,-0.473,-0.169,-0.303
2016-08-02,-0.439,-0.093,-0.345
2016-08-01,-0.384,-0.007,-0.377
2016-07-29,-0.289,0.087,-0.376
2016-07-28,-0.153,0.181,-0.334
2016-07-27,-0.018,0.265,-0.283
2016-07-26,0.128,0.335,-0.208
2016-07-25,0.141,0.387,-0.246
2016-07-22,0.208,0.449,-0.241
2016-07-21,0.304,0.509,-0.205
2016-07-20,0.370,0.560,-0.190
2016-07-19,0.429,0.608,-0.179
2016-07-18,0.544,0.653,-0.108
2016-07-15,0.656,0.680,-0.024
2016-07-14,0.727,0.686,0.042
2016-07-13,0.779,0.675,0.103
2016-07-12,0.799,0.649,0.150
2016-07-11,0.806,0.612,0.195
2016-07-08,0.746,0.563,0.183
2016-07-07,0.708,0.518,0.190
2016-07-06,0.613,0.470,0.143
2016-07-05,0.482,0.434,0.048
2016-07-04,0.480,0.422,0.058
2016-07-01,0.441,0.408,0.033
2016-06-30,0.446,0.400,0.046
2016-06-29,0.450,0.388,0.062
2016-06-28,0.464,0.373,0.092
2016-06-27,0.473,0.350,0.123
2016-06-24,0.467,0.319,0.148
2016-06-23,0.432,0.282,0.150
2016-06-22,0.441,0.244,0.196
2016-06-21,0.421,0.195,0.225
2016-06-20,0.472,0.139,0.333
2016-06-17,0.443,0.056,0.387
2016-06-16,0.267,-0.041,0.308
2016-06-15,0.191,-0.118,0.309
2016-06-14,0.125,-0.195,0.321
2016-06-13,0.164,-0.275,0.439
2016-06-08,0.155,-0.385,0.540
2016-06-07,-0.017,-0.520,0.503
2016-06-06,-0.313,-0.646,0.333
2016-06-03,-0.484,-0.729,0.245
2016-06-02,-0.583,-0.791,0.207
2016-06-01,-0.718,-0.842,0.124
2016-05-31,-0.837,-0.873,0.036
2016-05-30,-0.952,-0.882,-0.070
2016-05-27,-1.002,-0.865,-0.137
2016-05-26,-1.005,-0.831,-0.175
2016-05-25,-1.000,-0.787,-0.213
2016-05-24,-0.996,-0.734,-0.263
2016-05-23,-1.003,-0.668,-0.335
2016-05-20,-0.998,-0.584,-0.413
2016-05-19,-0.981,-0.481,-0.500
2016-05-18,-0.940,-0.356,-0.584
2016-05-17,-0.811,-0.210,-0.601
2016-05-16,-0.697,-0.060,-0.637
2016-05-13,-0.552,0.100,-0.652
2016-05-12,-0.296,0.263,-0.559
2016-05-11,-0.047,0.402,-0.449
2016-05-10,0.150,0.515,-0.365
2016-05-09,0.284,0.606,-0.322
2016-05-06,0.426,0.686,-0.261
2016-05-05,0.506,0.751,-0.246
2016-05-04,0.557,0.813,-0.256
2016-05-03,0.613,0.877,-0.263
2016-04-29,0.654,0.943,-0.289
2016-04-28,0.809,1.015,-0.206
2016-04-27,0.902,1.066,-0.164
2016-04-26,0.985,1.107,-0.123
2016-04-25,1.067,1.138,-0.072
2016-04-22,1.155,1.156,-0.001
2016-04-21,1.214,1.156,0.057
2016-04-20,1.304,1.142,0.162
2016-04-19,1.415,1.102,0.314
2016-04-18,1.370,1.023,0.347
2016-04-15,1.262,0.936,0.325
2016-04-14,1.170,0.855,0.315
2016-04-13,1.076,0.776,0.300
2016-04-12,1.050,0.701,0.349
2016-04-11,0.953,0.614,0.339
2016-04-08,0.828,0.529,0.298
2016-04-07,0.781,0.455,0.326
2016-04-06,0.699,0.373,0.325
2016-04-05,0.568,0.292,0.276
2016-04-01,0.465,0.223,0.242
2016-03-31,0.409,0.162,0.246
2016-03-30,0.359,0.101,0.258
2016-03-29,0.272,0.036,0.236
2016-03-28,0.292,-0.023,0.315
2016-03-25,0.219,-0.101,0.321
2016-03-24,0.156,-0.182,0.337
2016-03-23,0.075,-0.266,0.341
2016-03-22,-0.033,-0.351,0.318
2016-03-21,-0.133,-0.431,0.298
2016-03-18,-0.275,-0.505,0.230
2016-03-17,-0.417,-0.563,0.146
2016-03-16,-0.484,-0.599,0.115
2016-03-15,-0.480,-0.628,0.148
2016-03-14,-0.511,-0.665,0.154
2016-03-11,-0.616,-0.703,0.088
2016-03-10,-0.695,-0.725,0.031
2016-03-09,-0.660,-0.733,0.074
2016-03-08,-0.627,-0.752,0.125
2016-03-07,-0.675,-0.783,0.107
2016-03-04,-0.782,-0.810,0.028
2016-03-03,-0.833,-0.817,-0.016
2016-03-02,-0.856,-0.813,-0.044
2016-03-01,-0.881,-0.802,-0.079
2016-02-29,-0.799,-0.782,-0.017
2016-02-26,-0.612,-0.778,0.166
2016-02-25,-0.523,-0.819,0.296
2016-02-24,-0.406,-0.893,0.488
2016-02-23,-0.504,-1.015,0.512
2016-02-22,-0.633,-1.143,0.510
2016-02-19,-0.760,-1.271,0.511
2016-02-18,-0.899,-1.398,0.499
2016-02-17,-1.023,-1.523,0.500
2016-02-16,-1.186,-1.648,0.462
2016-02-15,-1.400,-1.763,0.364
2016-02-05,-1.606,-1.854,0.248
2016-02-04,-1.716,-1.916,0.201
2016-02-03,-1.847,-1.967,0.120
2016-02-02,-1.940,-1.997,0.057
2016-02-01,-2.059,-2.011,-0.049
2016-01-29,-2.090,-1.999,-0.092
2016-01-28,-2.132,-1.976,-0.156
2016-01-27,-2.052,-1.937,-0.115
2016-01-26,-2.038,-1.908,-0.130
2016-01-25,-1.950,-1.876,-0.074
2016-01-22,-2.049,-1.857,-0.192
2016-01-21,-2.117,-1.809,-0.308
2016-01-20,-2.119,-1.732,-0.387
2016-01-19,-2.175,-1.635,-0.540
2016-01-18,-2.223,-1.500,-0.723
2016-01-15,-2.175,-1.319,-0.856
2016-01-14,-2.021,-1.105,-0.916
2016-01-13,-1.892,-0.876,-1.016
2016-01-12,-1.620,-0.622,-0.998
2016-01-11,-1.349,-0.373,-0.976
2016-01-08,-0.941,-0.129,-0.812
2016-01-07,-0.675,0.074,-0.750
2016-01-06,-0.288,0.262,-0.550
2016-01-05,-0.086,0.400,-0.485
2016-01-04,0.254,0.521,-0.267
2015-12-31,0.579,0.588,-0.009
2015-12-30,0.654,0.590,0.064
2015-12-29,0.625,0.574,0.052
2015-12-28,0.637,0.561,0.076
2015-12-25,0.675,0.542,0.133
2015-12-24,0.604,0.509,0.095
2015-12-23,0.618,0.485,0.133
2015-12-22,0.596,0.452,0.145
2015-12-21,0.527,0.415,0.112
2015-12-18,0.458,0.387,0.071
2015-12-17,0.386,0.370,0.016
2015-12-16,0.259,0.366,-0.107
2015-12-15,0.216,0.392,-0.177
2015-12-14,0.167,0.436,-0.270
2015-12-11,0.161,0.504,-0.343
2015-12-10,0.264,0.590,-0.325
2015-12-09,0.380,0.671,-0.290
2015-12-08,0.501,0.743,-0.242
2015-12-07,0.616,0.804,-0.188
2015-12-04,0.609,0.851,-0.242
2015-12-03,0.604,0.911,-0.308
2015-12-02,0.638,0.988,-0.350
2015-12-01,0.797,1.076,-0.279
2015-11-30,0.875,1.146,-0.271
2015-11-27,1.009,1.214,-0.204
2015-11-26,1.252,1.265,-0.012
2015-11-25,1.271,1.268,0.003
2015-11-24,1.252,1.267,-0.015
2015-11-23,1.186,1.271,-0.085
2015-11-20,1.234,1.292,-0.058
2015-11-19,1.252,1.307,-0.055
2015-11-18,1.307,1.320,-0.013
2015-11-17,1.481,1.323,0.158
2015-11-16,1.566,1.284,0.282
2015-11-13,1.543,1.213,0.330
2015-11-12,1.592,1.131,0.462
2015-11-11,1.399,1.015,0.383
2015-11-10,1.291,0.920,0.371
2015-11-09,1.226,0.827,0.399
2015-11-06,1.076,0.727,0.349
2015-11-05,0.888,0.640,0.248
2015-11-04,0.803,0.578,0.225
2015-11-03,0.682,0.522,0.160
2015-11-02,0.624,0.482,0.142
2015-10-30,0.659,0.446,0.213
2015-10-29,0.691,0.393,0.298
2015-10-28,0.675,0.318,0.357
2015-10-27,0.661,0.229,0.432
2015-10-26,0.612,0.121,0.491
2015-10-23,0.519,-0.002,0.520
2015-10-22,0.332,-0.132,0.463
2015-10-21,0.171,-0.247,0.419
2015-10-20,0.213,-0.352,0.565
2015-10-19,0.076,-0.493,0.570
2015-10-16,-0.003,-0.636,0.633
2015-10-15,-0.153,-0.794,0.641
2015-10-14,-0.326,-0.954,0.628
2015-10-13,-0.465,-1.111,0.646
2015-10-12,-0.726,-1.273,0.547
2015-10-09,-1.050,-1.409,0.359
2015-10-08,-1.202,-1.499,0.297
2015-10-07,-1.345,-1.574,0.229
2015-09-30,-1.408,-1.631,0.222
2015-09-29,-1.469,-1.686,0.217
2015-09-28,-1.512,-1.741,0.228
2015-09-25,-1.616,-1.798,0.182
2015-09-24,-1.681,-1.843,0.162
2015-09-23,-1.790,-1.883,0.094
2015-09-22,-1.852,-1.907,0.055
2015-09-21,-1.961,-1.921,-0.040
2015-09-18,-2.054,-1.911,-0.143
2015-09-17,-2.040,-1.875,-0.165
2015-09-16,-1.992,-1.834,-0.159
2015-09-15,-1.987,-1.794,-0.192
2015-09-14,-1.752,-1.746,-0.006
2015-09-11,-1.669,-1.745,0.075
2015-09-10,-1.817,-1.763,-0.054
2015-09-09,-1.870,-1.750,-0.120
2015-09-08,-2.055,-1.720,-0.335
2015-09-07,-2.188,-1.636,-0.552
2015-09-02,-2.126,-1.498,-0.628
2015-09-01,-1.853,-1.341,-0.511
2015-08-31,-1.651,-1.213,-0.438
2015-08-28,-1.651,-1.104,-0.548
2015-08-27,-1.788,-0.967,-0.821
2015-08-26,-1.759,-0.762,-0.997
2015-08-25,-1.442,-0.512,-0.929
2015-08-24,-0.864,-0.280,-0.584
2015-08-21,-0.382,-0.134,-0.248
2015-08-20,-0.056,-0.072,0.016
2015-08-19,0.138,-0.076,0.214
2015-08-18,0.287,-0.130,0.417
2015-08-17,0.476,-0.234,0.710
2015-08-14,0.346,-0.411,0.757
2015-08-13,0.090,-0.601,0.691
2015-08-12,-0.138,-0.774,0.635
2015-08-11,-0.336,-0.932,0.597
2015-08-10,-0.623,-1.081,0.458
2015-08-07,-0.837,-1.196,0.359
2015-08-06,-0.937,-1.286,0.349
2015-08-05,-0.959,-1.373,0.414
2015-08-04,-1.065,-1.477,0.411
2015-08-03,-1.177,-1.579,0.402
2015-07-31,-1.128,-1.680,0.551
2015-07-30,-1.151,-1.818,0.666
2015-07-29,-1.244,-1.984,0.740
2015-07-28,-1.574,-2.169,0.596
2015-07-27,-1.719,-2.318,0.599
2015-07-24,-1.665,-2.468,0.803
2015-07-23,-1.817,-2.669,0.852
2015-07-22,-2.136,-2.882,0.745
2015-07-21,-2.332,-3.068,0.736
2015-07-20,-2.529,-3.252,0.723
2015-07-17,-2.741,-3.433,0.692
2015-07-16,-3.077,-3.606,0.529
2015-07-15,-3.273,-3.738,0.465
2015-07-14,-3.522,-3.854,0.332
2015-07-13,-4.143,-3.937,-0.206
2015-07-10,-4.680,-3.886,-0.794
2015-07-09,-4.993,-3.687,-1.306
2015-07-08,-5.042,-3.361,-1.682
2015-07-07,-4.781,-2.940,-1.841
2015-07-06,-4.327,-2.480,-1.847
2015-07-03,-3.958,-2.018,-1.940
2015-07-02,-3.349,-1.533,-1.815
2015-07-01,-2.813,-1.079,-1.734
2015-06-30,-2.379,-0.646,-1.733
2015-06-29,-2.013,-0.213,-1.800
2015-06-26,-1.314,0.237,-1.551
2015-06-25,-0.733,0.625,-1.358
2015-06-24,-0.379,0.965,-1.343
2015-06-23,-0.124,1.301,-1.425
2015-06-19,0.291,1.657,-1.365
2015-06-18,0.947,1.998,-1.051
2015-06-17,1.343,2.261,-0.918
2015-06-16,1.554,2.490,-0.936
2015-06-15,2.035,2.724,-0.689
2015-06-12,2.413,2.896,-0.483
2015-06-11,2.552,3.017,-0.466
2015-06-10,2.635,3.134,-0.499
2015-06-09,2.813,3.258,-0.446
2015-06-08,3.115,3.370,-0.255
2015-06-05,3.545,3.433,0.111
2015-06-04,3.801,3.405,0.395
2015-06-03,4.089,3.307,0.782
2015-06-02,3.907,3.111,0.796
2015-06-01,3.868,2.912,0.956
2015-05-29,3.823,2.673,1.150
2015-05-28,3.787,2.386,1.401
2015-05-27,3.434,2.036,1.399
2015-05-26,2.686,1.686,1.000
2015-05-25,2.193,1.436,0.757
2015-05-22,1.819,1.247,0.573
2015-05-21,1.640,1.103,0.537
2015-05-20,1.496,0.969,0.527
2015-05-19,1.357,0.838,0.519
2015-05-18,1.171,0.708,0.463
2015-05-15,0.847,0.592,0.255
2015-05-14,0.744,0.528,0.215
2015-05-13,0.499,0.474,0.025
2015-05-12,0.335,0.468,-0.133
2015-05-11,0.195,0.501,-0.307
2015-05-08,0.092,0.578,-0.486
2015-05-07,0.149,0.700,-0.551
2015-05-06,0.333,0.837,-0.505
2015-05-05,0.570,0.964,-0.393
2015-05-04,0.804,1.062,-0.258
2015-04-30,0.924,1.126,-0.203
2015-04-29,1.032,1.177,-0.145
2015-04-28,1.021,1.213,-0.192
2015-04-27,1.225,1.261,-0.036
2015-04-24,1.316,1.270,0.045
2015-04-23,1.326,1.259,0.067
2015-04-22,1.221,1.242,-0.021
2015-04-21,1.190,1.247,-0.058
2015-04-20,1.226,1.262,-0.036
2015-04-17,1.386,1.271,0.115
2015-04-16,1.427,1.242,0.184
2015-04-15,1.484,1.196,0.287
2015-04-14,1.571,1.124,0.446
2015-04-13,1.435,1.013,0.422
2015-04-10,1.215,0.907,0.308
2015-04-09,0.982,0.830,0.152
2015-04-08,1.023,0.792,0.231
2015-04-07,0.965,0.735,0.231
2015-04-03,0.814,0.677,0.137
2015-04-02,0.737,0.643,0.095
2015-04-01,0.684,0.619,0.065
2015-03-31,0.688,0.603,0.086
2015-03-30,0.723,0.581,0.142
2015-03-27,0.733,0.546,0.187
2015-03-26,0.735,0.499,0.236
2015-03-25,0.738,0.440,0.298
2015-03-24,0.587,0.366,0.221
2015-03-23,0.546,0.310,0.236
2015-03-20,0.483,0.251,0.232
2015-03-19,0.415,0.193,0.222
2015-03-18,0.312,0.138,0.174
2015-03-17,0.197,0.094,0.102
2015-03-16,0.122,0.069,0.053
2015-03-13,0.053,0.055,-0.003
2015-03-12,0.055,0.056,-0.001
2015-03-11,0.129,0.057,0.072
2015-03-10,0.187,0.039,0.148
2015-03-09,0.215,0.001,0.214
2015-03-06,0.236,-0.052,0.288
2015-03-05,0.235,-0.124,0.359
2015-03-04,0.067,-0.214,0.281
2015-03-03,-0.050,-0.284,0.234
2015-03-02,-0.152,-0.342,0.190
2015-02-27,-0.269,-0.390,0.120
2015-02-26,-0.357,-0.420,0.063
2015-02-25,-0.387,-0.435,0.048
2015-02-24,-0.397,-0.447,0.050
2015-02-17,-0.443,-0.460,0.017
2015-02-16,-0.490,-0.464,-0.025
2015-02-13,-0.550,-0.458,-0.092
2015-02-12,-0.586,-0.435,-0.151
2015-02-11,-0.596,-0.397,-0.199
2015-02-10,-0.590,-0.347,-0.242
2015-02-09,-0.528,-0.287,-0.241
2015-02-06,-0.398,-0.227,-0.171
2015-02-05,-0.240,-0.184,-0.056
2015-02-04,-0.174,-0.170,-0.004
2015-02-03,-0.113,-0.169,0.056
2015-02-02,-0.104,-0.183,0.079
2015-01-30,-0.029,-0.202,0.173
2015-01-29,0.105,-0.246,0.351
2015-01-28,0.149,-0.333,0.482
2015-01-27,0.093,-0.454,0.547
2015-01-26,-0.001,-0.590,0.590
2015-01-23,-0.096,-0.738,0.642
2015-01-22,-0.229,-0.898,0.669
2015-01-21,-0.537,-1.066,0.529
2015-01-20,-0.811,-1.198,0.387
2015-01-19,-1.184,-1.295,0.111
2015-01-16,-1.336,-1.322,-0.013
2015-01-15,-1.440,-1.319,-0.122
2015-01-14,-1.453,-1.289,-0.165
2015-01-13,-1.428,-1.247,-0.180
2015-01-12,-1.413,-1.202,-0.211
2015-01-09,-1.321,-1.150,-0.171
2015-01-08,-1.350,-1.107,-0.243
2015-01-07,-1.420,-1.046,-0.374
2015-01-06,-1.497,-0.952,-0.545
2015-01-05,-1.569,-0.816,-0.753
2014-12-31,-1.552,-0.628,-0.924
2014-12-30,-1.505,-0.397,-1.108
2014-12-29,-1.365,-0.120,-1.246
2014-12-26,-1.188,0.192,-1.379
2014-12-25,-1.037,0.537,-1.574
2014-12-24,-0.837,0.930,-1.767
2014-12-23,-0.630,1.372,-2.002
2014-12-22,-0.212,1.872,-2.084
2014-12-19,0.429,2.393,-1.965
2014-12-18,nan,nan,nan
2014-12-17,nan,nan,nan
2014-12-16,nan,nan,nan
2014-12-15,nan,nan,nan
2014-12-12,nan,nan,nan
2014-12-11,nan,nan,nan
2014-12-10,nan,nan,nan
2014-12-09,nan,nan,nan
2014-12-08,nan,nan,nan
2014-12-05,nan,nan,nan
2014-12-04,nan,nan,nan
2014-12-03,nan,nan,nan
2014-12-02,nan,nan,nan
2014-12-01,nan,nan,nan
2014-11-28,nan,nan,nan
2014-11-27,nan,nan,nan
2014-11-26,nan,nan,nan
2014-11-25,nan,nan,nan
2014-11-24,nan,nan,nan
2014-11-21,nan,nan,nan
2014-11-20,nan,nan,nan
2014-11-19,nan,nan,nan
2014-11-18,nan,nan,nan
2014-11-17,nan,nan,nan
2014-11-14,nan,nan,nan
2014-11-13,nan,nan,nan
2014-11-12,nan,nan,nan
2014-11-11,nan,nan,nan
2014-11-10,nan,nan,nan
2014-11-07,nan,nan,nan
2014-11-06,nan,nan,nan
2014-11-05,nan,nan,nan
2014-11-04,nan,nan,nan
