Not
2017-06-30,-1.553,-1.321,-0.232
2017-06-23,-1.653,-1.263,-0.390
2017-06-16,-1.717,-1.166,-0.551
2017-06-09,-1.694,-1.028,-0.667
2017-06-02,-1.622,-0.861,-0.761
2017-05-26,-1.459,-0.671,-0.788
2017-05-19,-1.232,-0.474,-0.758
2017-05-12,-1.001,-0.284,-0.717
2017-05-05,-0.626,-0.105,-0.521
2017-04-28,-0.444,0.025,-0.469
2017-04-21,-0.204,0.142,-0.346
2017-04-14,0.064,0.229,-0.165
2017-04-07,0.201,0.270,-0.069
2017-03-31,0.251,0.287,-0.036
2017-03-24,0.322,0.296,0.025
2017-03-17,0.146,0.290,-0.145
2017-03-10,0.190,0.326,-0.136
2017-03-03,0.214,0.360,-0.146
2017-02-24,0.251,0.397,-0.146
2017-02-17,0.195,0.433,-0.239
2017-02-10,0.059,0.493,-0.433
2017-02-03,0.045,0.601,-0.557
2017-01-26,0.101,0.740,-0.640
2017-01-20,0.340,0.900,-0.561
2017-01-13,0.540,1.040,-0.500
2017-01-06,0.771,1.166,-0.394
2016-12-30,0.960,1.264,-0.304
2016-12-23,1.151,1.340,-0.189
2016-12-16,1.368,1.387,-0.019
2016-12-09,1.644,1.392,0.252
2016-12-02,1.700,1.329,0.371
2016-11-25,1.807,1.236,0.571
2016-11-18,1.495,1.093,0.401
2016-11-11,1.303,0.993,0.310
2016-11-04,1.086,0.915,0.170
2016-10-28,0.975,0.873,0.102
2016-10-21,0.890,0.847,0.042
2016-10-14,0.868,0.837,0.031
2016-09-30,0.788,0.829,-0.041
2016-09-23,0.836,0.839,-0.004
2016-09-14,0.836,0.840,-0.004
2016-09-09,0.928,0.841,0.086
2016-09-02,0.929,0.820,0.110
2016-08-26,0.977,0.792,0.185
2016-08-19,0.918,0.746,0.172
2016-08-12,0.793,0.703,0.090
2016-08-05,0.906,0.680,0.226
2016-07-29,0.988,0.624,0.364
2016-07-22,1.037,0.533,0.504
2016-07-15,1.057,0.407,0.650
2016-07-08,1.034,0.244,0.790
2016-07-01,0.807,0.046,0.760
2016-06-24,0.658,-0.144,0.801
2016-06-17,0.338,-0.344,0.682
2016-06-08,-0.088,-0.514,0.427
2016-06-03,-0.366,-0.621,0.255
2016-05-20,-0.425,-0.685,0.260
2016-05-13,-0.309,-0.750,0.441
2016-05-06,-0.206,-0.860,0.654
2016-04-29,-0.385,-1.023,0.638
2016-04-22,-0.570,-1.183,0.613
2016-04-15,-0.670,-1.336,0.667
2016-04-08,-0.999,-1.503,0.504
2016-04-01,-1.284,-1.629,0.345
2016-03-25,-1.520,-1.715,0.195
2016-03-18,-1.803,-1.764,-0.039
2016-03-11,-2.043,-1.754,-0.289
2016-03-04,-2.009,-1.682,-0.327
2016-02-26,-1.882,-1.600,-0.282
2016-02-19,-1.805,-1.529,-0.276
2016-02-05,-1.862,-1.461,-0.402
2016-01-29,-1.730,-1.360,-0.370
2016-01-22,-1.388,-1.268,-0.121
2016-01-15,-1.081,-1.237,0.156
2016-01-08,-0.595,-1.276,0.681
2015-12-31,-0.286,-1.447,1.160
2015-12-25,-0.504,-1.737,1.232
2015-12-18,-0.772,-2.045,1.273
2015-12-11,-1.036,-2.363,1.327
2015-12-04,-1.199,-2.695,1.496
2015-11-27,-1.560,-3.069,1.509
2015-11-20,-1.934,-3.446,1.512
2015-11-13,-2.489,-3.824,1.335
2015-11-06,-3.251,-4.158,0.907
2015-10-30,-4.025,-4.384,0.360
2015-10-23,-4.457,-4.474,0.018
2015-10-16,-4.801,-4.479,-0.322
2015-10-09,-5.171,-4.398,-0.772
2015-09-30,-5.349,-4.205,-1.144
2015-09-25,-5.422,-3.919,-1.502
2015-09-18,-5.389,-3.544,-1.845
2015-09-11,-5.094,-3.083,-2.012
2015-09-02,-4.874,-2.580,-2.295
2015-08-28,-4.501,-2.006,-2.495
2015-08-21,-4.078,-1.382,-2.696
2015-08-14,-3.683,-0.708,-2.975
2015-08-07,-3.387,0.035,-3.422
2015-07-31,-2.787,0.891,-3.679
2015-07-24,-2.041,1.811,-3.852
2015-07-08,-0.621,2.774,-3.394
2015-07-03,1.475,3.622,-2.147
2015-06-26,4.008,4.159,-0.151
2015-06-19,6.532,4.197,2.336
2015-06-12,6.665,3.613,3.052
2015-06-05,5.570,2.850,2.720
2015-05-29,4.399,2.170,2.229
2015-05-22,2.998,1.613,1.385
2015-05-15,2.087,1.266,0.821
2015-05-08,1.719,1.061,0.657
2015-04-30,1.653,0.897,0.756
2015-04-24,1.500,0.708,0.792
2015-04-17,1.345,0.510,0.836
2015-04-10,1.241,0.301,0.940
2015-04-03,0.792,0.066,0.726
2015-03-27,0.353,-0.116,0.469
2015-03-20,0.001,-0.233,0.234
2015-03-13,-0.368,-0.292,-0.077
2015-03-06,-0.466,-0.272,-0.193
2015-02-27,-0.538,-0.224,-0.314
2015-02-17,-0.562,-0.146,-0.416
2015-02-13,-0.559,-0.042,-0.518
2015-02-06,-0.520,0.088,-0.608
2015-01-30,-0.374,0.240,-0.613
2015-01-23,-0.253,0.393,-0.647
2015-01-16,-0.284,0.555,-0.839
2015-01-09,-0.071,0.764,-0.836
2014-12-31,0.243,0.973,-0.730
2014-12-26,0.653,1.156,-0.503
2014-12-19,1.058,1.282,-0.223
2014-12-12,1.247,1.337,-0.090
2014-12-05,1.429,1.360,0.069
2014-11-28,1.617,1.343,0.275
2014-11-21,1.582,1.274,0.308
2014-11-14,1.595,1.197,0.398
2014-11-07,1.609,1.097,0.511
2014-10-31,1.404,0.970,0.434
2014-10-24,1.249,0.861,0.388
2014-10-17,1.054,0.764,0.290
2014-10-10,0.621,0.691,-0.070
2014-09-30,0.592,0.709,-0.117
2014-09-26,0.552,0.738,-0.186
2014-09-19,0.566,0.785,-0.218
2014-09-12,nan,nan,nan
2014-09-05,nan,nan,nan
2014-08-29,nan,nan,nan
2014-08-22,nan,nan,nan
2014-08-15,nan,nan,nan
2014-08-08,nan,nan,nan
2014-08-01,nan,nan,nan
2014-07-25,nan,nan,nan
2014-07-18,nan,nan,nan
2014-07-11,nan,nan,nan
2014-07-04,nan,nan,nan
2014-06-27,nan,nan,nan
2014-06-20,nan,nan,nan
2014-06-13,nan,nan,nan
2014-06-06,nan,nan,nan
2014-05-30,nan,nan,nan
2014-05-23,nan,nan,nan
2014-05-16,nan,nan,nan
2014-05-09,nan,nan,nan
2014-04-30,nan,nan,nan
2014-04-25,nan,nan,nan
2014-04-18,nan,nan,nan
2014-04-11,nan,nan,nan
2014-04-04,nan,nan,nan
2014-03-28,nan,nan,nan
2014-03-21,nan,nan,nan
2014-03-14,nan,nan,nan
2014-03-07,nan,nan,nan
2014-02-28,nan,nan,nan
2014-02-21,nan,nan,nan
2014-02-14,nan,nan,nan
2014-02-07,nan,nan,nan
2014-01-30,nan,nan,nan
