2017-06-30,20.380,19.948,19.445,19.149,20.593
2017-06-29,20.302,19.831,19.354,19.079,20.674
2017-06-28,20.272,19.733,19.267,19.009,20.743
2017-06-27,20.114,19.619,19.199,18.955,20.851
2017-06-26,19.812,19.471,19.091,18.887,20.951
2017-06-23,19.516,19.285,18.980,18.828,21.062
2017-06-22,19.360,19.188,18.902,18.818,21.191
2017-06-21,19.194,19.081,18.787,18.832,21.314
2017-06-20,19.124,19.050,18.754,18.897,21.433
2017-06-19,19.130,18.994,18.760,18.979,21.547
2017-06-16,19.054,18.941,18.750,19.071,21.655
2017-06-15,19.016,18.877,18.703,19.167,21.753
2017-06-14,18.968,18.801,18.647,19.265,21.850
2017-06-13,18.976,18.778,18.623,19.353,21.952
2017-06-12,18.858,18.710,18.595,19.422,22.051
2017-06-09,18.828,18.675,18.599,19.489,22.164
2017-06-08,18.738,18.616,18.633,19.542,22.270
2017-06-07,18.634,18.493,18.707,19.569,22.378
2017-06-06,18.580,18.458,18.821,19.668,22.481
2017-06-05,18.562,18.525,18.972,19.828,22.600
2017-06-02,18.522,18.558,19.137,19.995,22.717
2017-06-01,18.494,18.528,19.313,20.178,22.830
2017-05-31,18.352,18.492,19.498,20.367,22.938
2017-05-26,18.336,18.468,19.640,20.542,23.055
2017-05-25,18.488,18.479,19.778,20.731,23.180
2017-05-24,18.594,18.523,19.896,20.946,23.309
2017-05-23,18.562,18.649,20.006,21.162,23.440
2017-05-22,18.632,18.921,20.107,21.402,23.577
2017-05-19,18.600,19.184,20.273,21.620,23.706
2017-05-18,18.470,19.419,20.480,21.828,23.829
2017-05-17,18.452,19.715,20.713,22.038,23.963
2017-05-16,18.736,20.097,21.003,22.268,24.107
2017-05-15,19.210,20.503,21.304,22.477,24.249
2017-05-12,19.768,20.812,21.579,22.746,24.350
2017-05-11,20.368,21.077,21.858,23.015,24.460
2017-05-10,20.978,21.269,22.158,23.296,24.567
2017-05-09,21.458,21.362,22.419,23.565,24.661
2017-05-08,21.796,21.292,22.643,23.796,24.748
2017-05-05,21.856,21.362,22.838,23.969,24.835
2017-05-04,21.786,21.540,23.033,24.115,24.913
2017-05-03,21.560,21.711,23.199,24.239,24.951
2017-05-02,21.266,21.908,23.354,24.339,24.992
2017-04-28,20.788,22.105,23.465,24.435,25.003
2017-04-27,20.868,22.345,23.714,24.551,25.019
2017-04-26,21.294,22.638,23.985,24.681,25.048
2017-04-25,21.862,23.047,24.309,24.838,25.096
2017-04-24,22.550,23.475,24.666,24.997,25.151
2017-04-21,23.422,23.994,25.049,25.187,25.217
2017-04-20,23.822,24.314,25.272,25.294,25.250
2017-04-19,23.982,24.526,25.403,25.372,25.258
2017-04-18,24.232,24.687,25.503,25.440,25.248
2017-04-17,24.400,24.800,25.555,25.481,25.248
2017-04-14,24.566,24.824,25.600,25.509,25.252
2017-04-13,24.806,25.082,25.654,25.568,25.264
2017-04-12,25.070,25.331,25.702,25.628,25.281
2017-04-11,25.142,25.571,25.734,25.672,25.286
2017-04-10,25.200,25.857,25.759,25.718,25.288
2017-04-07,25.082,26.103,25.784,25.751,25.297
2017-04-06,25.358,26.230,25.784,25.792,25.307
2017-04-05,25.592,26.280,25.795,25.830,25.306
2017-03-31,26.000,26.319,25.817,25.889,25.307
2017-03-30,26.514,26.309,25.822,25.945,25.315
2017-03-29,27.124,26.375,25.852,26.020,25.344
2017-03-28,27.102,26.225,25.811,25.954,25.333
2017-03-27,26.968,26.073,25.777,25.904,25.312
2017-03-24,26.638,25.897,25.723,25.838,25.281
2017-03-23,26.104,25.660,25.649,25.756,25.255
2017-03-22,25.626,25.464,25.575,25.700,25.239
2017-03-21,25.348,25.337,25.573,25.700,25.220
2017-03-20,25.178,25.310,25.605,25.710,25.205
2017-03-17,25.156,25.314,25.674,25.663,25.198
2017-03-16,25.216,25.335,25.763,25.646,25.192
2017-03-15,25.302,25.329,25.842,25.571,25.173
2017-03-14,25.326,25.397,25.818,25.487,25.167
2017-03-13,25.442,25.480,25.820,25.416,25.166
2017-03-10,25.472,25.549,25.809,25.354,25.205
2017-03-09,25.454,25.637,25.805,25.304,25.240
2017-03-08,25.356,25.686,25.818,25.247,25.269
2017-03-07,25.468,25.808,25.882,25.207,25.293
2017-03-06,25.518,25.900,25.910,25.143,25.306
2017-03-03,25.626,26.033,25.838,25.055,25.333
2017-03-02,25.820,26.190,25.801,25.014,25.397
2017-03-01,26.016,26.355,25.692,24.994,25.493
2017-02-28,26.148,26.239,25.532,24.959,25.595
2017-02-27,26.282,26.160,25.384,24.933,25.672
2017-02-24,26.440,26.068,25.257,24.900,25.759
2017-02-23,26.560,25.972,25.138,24.857,25.892
2017-02-22,26.694,25.949,25.028,24.843,26.000
2017-02-21,26.330,25.956,24.907,24.822,26.143
2017-02-20,26.038,25.920,24.765,24.782,26.234
2017-02-17,25.696,25.642,24.567,24.725,26.270
2017-02-16,25.384,25.412,24.426,24.685,26.313
2017-02-15,25.204,25.029,24.314,24.667,26.397
2017-02-14,25.582,24.825,24.319,24.713,26.467
2017-02-13,25.802,24.607,24.320,24.720,26.532
2017-02-10,25.588,24.445,24.316,24.723,26.589
2017-02-09,25.440,24.303,24.300,24.753,26.662
2017-02-08,24.854,24.107,24.291,24.778,26.696
2017-02-07,24.068,23.857,24.255,24.739,26.709
2017-02-06,23.412,23.610,24.214,24.700,26.725
2017-02-03,23.302,23.491,24.267,24.732,26.770
2017-01-26,23.166,23.439,24.322,24.738,26.796
2017-01-25,23.360,23.599,24.487,24.776,26.853
2017-01-24,23.646,23.813,24.657,24.848,26.914
2017-01-23,23.808,24.032,24.777,24.916,26.970
2017-01-20,23.680,24.187,24.863,25.056,27.004
2017-01-19,23.712,24.297,24.979,25.176,27.039
2017-01-18,23.838,24.474,25.114,25.290,27.066
2017-01-17,23.980,24.652,25.181,25.379,27.087
2017-01-16,24.256,24.817,25.245,25.469,27.121
2017-01-13,24.694,25.042,25.353,25.610,27.174
2017-01-12,24.882,25.204,25.387,25.781,27.208
2017-01-11,25.110,25.374,25.364,25.992,27.221
2017-01-10,25.324,25.500,25.365,26.231,27.236
2017-01-09,25.378,25.522,25.358,26.411,27.239
2017-01-06,25.390,25.538,25.491,26.618,27.247
2017-01-05,25.526,25.660,25.616,26.926,27.255
2017-01-04,25.638,25.754,25.699,27.157,27.239
2017-01-03,25.676,25.709,25.742,27.465,27.210
2016-12-30,25.666,25.672,25.795,27.685,27.187
2016-12-29,25.686,25.663,25.895,27.815,27.164
2016-12-28,25.794,25.570,26.069,27.942,27.133
2016-12-27,25.870,25.354,26.301,28.127,27.090
2016-12-26,25.742,25.230,26.596,28.221,27.066
2016-12-23,25.678,25.194,26.855,28.343,27.049
2016-12-22,25.640,25.443,27.158,28.455,27.017
2016-12-21,25.346,25.572,27.559,28.571,26.970
2016-12-20,24.838,25.643,27.859,28.614,26.921
2016-12-19,24.718,25.775,28.343,28.678,26.891
2016-12-16,24.710,25.917,28.692,28.750,26.858
2016-12-15,25.246,26.126,28.891,28.808,26.828
2016-12-14,25.798,26.568,29.128,28.854,26.825
2016-12-13,26.448,27.247,29.513,28.931,26.840
2016-12-12,26.832,27.962,29.717,28.981,26.840
2016-12-09,27.124,28.516,29.918,29.024,26.832
2016-12-08,27.006,28.872,29.961,28.951,26.769
2016-12-07,27.338,29.546,30.070,28.902,26.711
2016-12-06,28.046,30.075,30.100,28.842,26.659
2016-12-05,29.092,30.911,30.130,28.795,26.629
2016-12-02,29.908,31.466,30.166,28.774,26.592
2016-12-01,30.738,31.656,30.149,28.737,26.547
2016-11-30,31.754,31.687,29.997,28.636,26.479
2016-11-29,32.104,31.779,29.773,28.450,26.359
2016-11-28,32.730,31.471,29.490,28.242,26.231
2016-11-25,33.024,31.320,29.278,28.067,26.122
2016-11-24,32.574,31.050,28.991,27.876,25.996
2016-11-23,31.620,30.594,28.580,27.583,25.848
2016-11-22,31.454,30.124,28.225,27.320,25.727
2016-11-21,30.212,29.348,27.737,26.955,25.573
2016-11-18,29.616,28.866,27.428,26.688,25.430
2016-11-17,29.526,28.641,27.278,26.513,25.337
2016-11-16,29.568,28.307,27.110,26.325,25.222
2016-11-15,28.794,27.766,26.786,26.053,25.068
2016-11-14,28.484,27.509,26.628,25.910,24.973
2016-11-11,28.116,27.235,26.441,25.755,24.878
2016-11-10,27.756,26.931,26.289,25.578,24.789
2016-11-09,27.046,26.566,26.078,25.369,24.679
2016-11-08,26.738,26.326,25.919,25.228,24.602
2016-11-07,26.534,26.125,25.759,25.103,24.529
2016-11-04,26.354,25.989,25.599,24.967,24.454
2016-11-03,26.106,25.914,25.449,24.847,24.371
2016-11-02,26.086,25.913,25.334,24.796,24.327
2016-10-28,25.914,25.806,25.196,24.748,24.283
2016-10-27,25.716,25.746,25.111,24.699,24.236
2016-10-26,25.624,25.647,25.015,24.639,24.216
2016-10-25,25.722,25.647,24.902,24.587,24.191
2016-10-24,25.740,25.589,24.770,24.520,24.153
2016-10-21,25.698,25.511,24.679,24.476,24.131
2016-10-20,25.776,25.392,24.593,24.462,24.111
2016-10-19,25.670,25.209,24.456,24.411,24.075
2016-10-18,25.572,24.984,24.314,24.358,24.030
2016-10-17,25.438,24.754,24.238,24.322,23.997
2016-10-14,25.324,24.586,24.220,24.268,23.985
2016-10-13,25.008,24.475,24.176,24.220,23.965
2016-10-12,24.748,24.382,24.136,24.177,23.948
2016-10-11,24.396,24.156,24.058,24.115,23.933
2016-10-10,24.070,23.951,23.985,24.113,23.941
2016-09-30,23.848,23.847,23.959,24.134,23.951
2016-09-29,23.942,23.793,23.998,24.192,23.958
2016-09-28,24.016,23.702,24.012,24.171,23.965
2016-09-27,23.916,23.644,24.045,24.160,23.970
2016-09-26,23.832,23.721,24.106,24.120,23.979
2016-09-23,23.846,23.853,24.109,24.083,24.000
2016-09-22,23.644,23.877,24.092,24.036,24.020
2016-09-21,23.388,23.889,24.075,24.002,24.028
2016-09-20,23.372,23.959,24.095,24.000,24.061
2016-09-19,23.610,24.019,24.195,23.990,24.097
2016-09-14,23.860,24.071,24.278,23.976,24.120
2016-09-13,24.110,24.202,24.391,23.954,24.144
2016-09-12,24.390,24.322,24.406,23.941,24.163
2016-09-09,24.546,24.445,24.419,23.894,24.210
2016-09-08,24.428,24.491,24.320,23.858,24.228
2016-09-07,24.282,24.365,24.198,23.818,24.267
2016-09-06,24.294,24.307,24.116,23.773,24.273
2016-09-05,24.254,24.260,24.058,23.793,24.243
2016-09-02,24.344,24.230,24.021,23.794,24.187
2016-09-01,24.554,24.370,23.976,23.787,24.172
2016-08-31,24.448,24.484,23.929,23.785,24.149
2016-08-30,24.320,24.580,23.830,23.759,24.098
2016-08-29,24.266,24.489,23.751,23.739,24.028
2016-08-26,24.116,24.392,23.619,23.703,23.925
2016-08-25,24.186,24.148,23.541,23.671,23.814
2016-08-24,24.520,24.031,23.544,23.702,23.728
2016-08-23,24.840,23.925,23.506,23.710,23.645
2016-08-22,24.712,23.856,23.559,23.719,23.571
2016-08-19,24.668,23.811,23.577,23.751,23.488
2016-08-18,24.110,23.581,23.495,23.768,23.378
2016-08-17,23.542,23.373,23.436,23.768,23.280
2016-08-16,23.010,23.079,23.349,23.725,23.191
2016-08-15,23.000,23.013,23.364,23.758,23.179
2016-08-12,22.954,22.845,23.359,23.779,23.151
2016-08-11,23.052,22.934,23.433,23.838,23.138
2016-08-10,23.204,23.057,23.537,23.916,23.129
2016-08-09,23.148,23.087,23.603,24.004,23.113
2016-08-08,23.026,23.262,23.650,24.053,23.082
2016-08-05,22.736,23.342,23.722,24.121,23.058
2016-08-04,22.816,23.409,23.861,24.203,23.016
2016-08-03,22.910,23.498,23.966,24.264,22.969
2016-08-02,23.026,23.618,24.048,24.335,22.920
2016-08-01,23.498,23.714,24.131,24.384,22.878
2016-07-29,23.948,23.872,24.246,24.526,22.843
2016-07-28,24.002,23.931,24.291,24.599,22.790
2016-07-27,24.086,24.017,24.346,24.717,22.763
2016-07-26,24.210,24.118,24.462,24.772,22.740
2016-07-25,23.930,24.038,24.449,24.693,22.694
2016-07-22,23.796,24.101,24.511,24.579,22.650
2016-07-21,23.860,24.313,24.601,24.556,22.609
2016-07-20,23.948,24.434,24.648,24.513,22.559
2016-07-19,24.026,24.477,24.694,24.437,22.522
2016-07-18,24.146,24.548,24.720,24.318,22.479
2016-07-15,24.406,24.620,24.853,24.146,22.446
2016-07-14,24.766,24.650,24.933,23.957,22.398
2016-07-13,24.920,24.675,25.067,23.754,22.344
2016-07-12,24.928,24.806,25.099,23.581,22.272
2016-07-11,24.950,24.860,25.021,23.423,22.197
2016-07-08,24.834,24.920,24.818,23.224,22.117
2016-07-07,24.534,24.888,24.678,22.988,22.003
2016-07-06,24.430,24.861,24.553,22.791,21.912
2016-07-05,24.684,24.910,24.417,22.657,21.840
2016-07-04,24.770,24.891,24.203,22.600,21.766
2016-07-01,25.006,25.086,23.909,22.523,21.701
2016-06-30,25.242,25.216,23.611,22.438,21.640
2016-06-29,25.292,25.459,23.294,22.342,21.551
2016-06-28,25.136,25.392,22.968,22.222,21.442
2016-06-27,25.012,25.182,22.704,22.111,21.344
2016-06-24,25.166,24.715,22.377,21.995,21.216
2016-06-23,25.190,24.468,22.039,21.829,21.069
2016-06-22,25.626,24.244,21.756,21.673,20.937
2016-06-21,25.648,23.924,21.531,21.505,20.790
2016-06-20,25.352,23.514,21.455,21.372,20.650
2016-06-17,24.264,22.732,21.242,21.159,20.484
2016-06-16,23.746,22.006,21.049,20.980,20.334
2016-06-15,22.862,21.129,20.784,20.808,20.155
2016-06-14,22.200,20.544,20.638,20.709,19.997
2016-06-13,21.676,20.226,20.575,20.694,19.892
2016-06-08,21.200,20.038,20.635,20.721,19.821
2016-06-07,20.266,19.609,20.509,20.661,19.698
2016-06-06,19.396,19.267,20.388,20.606,19.571
2016-06-03,18.888,19.138,20.296,20.607,19.488
2016-05-20,18.776,19.395,20.301,20.641,19.428
2016-05-19,18.876,19.752,20.373,20.745,19.429
2016-05-18,18.952,20.091,20.468,20.839,19.428
2016-05-17,19.138,20.438,20.648,20.934,19.434
2016-05-16,19.388,20.731,20.791,20.964,19.423
2016-05-13,20.014,20.924,20.929,20.972,19.406
2016-05-12,20.628,21.231,21.062,21.009,19.387
2016-05-11,21.230,21.409,21.187,21.018,19.371
2016-05-10,21.738,21.508,21.275,21.034,19.332
2016-05-09,22.074,21.453,21.342,21.023,19.270
2016-05-06,21.834,21.207,21.264,20.932,19.175
2016-05-05,21.834,20.993,21.242,20.879,19.089
2016-05-04,21.588,20.844,21.213,20.841,19.001
2016-05-03,21.278,20.857,21.182,20.759,18.895
2016-04-29,20.832,20.851,21.080,20.661,18.781
2016-04-28,20.580,20.933,20.996,20.578,18.666
2016-04-27,20.152,20.893,20.898,20.436,18.571
2016-04-26,20.100,20.964,20.823,20.310,18.496
2016-04-25,20.436,21.042,20.797,20.200,18.447
2016-04-22,20.870,21.231,20.808,20.075,18.394
2016-04-21,21.286,21.321,20.795,19.928,18.330
2016-04-20,21.634,21.490,20.823,19.808,18.296
2016-04-19,21.828,21.581,20.840,19.688,18.247
2016-04-18,21.648,21.507,20.711,19.501,18.157
2016-04-15,21.592,21.309,20.567,19.286,18.055
2016-04-14,21.356,21.058,20.401,19.090,17.956
2016-04-13,21.346,20.903,20.208,18.920,17.856
2016-04-12,21.334,20.681,19.983,18.735,17.776
2016-04-11,21.366,20.552,19.780,18.537,17.711
2016-04-08,21.026,20.385,19.497,18.368,17.667
2016-04-07,20.760,20.268,19.232,18.214,17.636
2016-04-06,20.460,20.155,18.967,18.113,17.636
2016-04-05,20.028,20.099,18.742,18.017,17.632
2016-04-01,19.738,19.914,18.498,17.935,17.655
2016-03-31,19.744,19.824,18.274,17.881,17.740
2016-03-30,19.776,19.743,18.106,17.840,17.849
2016-03-29,19.850,19.513,17.929,17.766,17.936
2016-03-28,20.170,19.284,17.762,17.723,18.027
2016-03-25,20.090,19.007,17.530,17.629,18.116
2016-03-24,19.904,18.608,17.359,17.517,18.177
2016-03-23,19.710,18.196,17.188,17.418,18.243
2016-03-22,19.176,17.779,17.092,17.299,18.313
2016-03-21,18.398,17.385,16.976,17.161,18.373
2016-03-18,17.924,17.082,16.945,17.031,18.459
2016-03-17,17.312,16.724,16.910,16.901,18.551
2016-03-16,16.682,16.468,16.889,16.754,18.635
2016-03-15,16.382,16.345,16.892,16.706,18.733
2016-03-14,16.372,16.240,16.943,16.682,18.846
2016-03-11,16.240,16.052,16.940,16.693,18.944
2016-03-10,16.136,16.110,16.971,16.714,19.063
2016-03-09,16.254,16.179,17.029,16.732,19.187
2016-03-08,16.308,16.405,17.059,16.783,19.325
2016-03-07,16.108,16.567,17.050,16.806,19.479
2016-03-04,15.864,16.808,17.006,16.812,19.616
2016-03-03,16.084,17.096,16.990,16.825,19.775
2016-03-02,16.104,17.310,16.897,16.822,19.921
2016-03-01,16.502,17.439,16.887,16.791,20.043
2016-02-29,17.026,17.646,16.904,16.816,20.177
2016-02-26,17.752,17.828,17.014,16.885,20.324
2016-02-25,18.108,17.832,17.016,16.966,20.469
2016-02-24,18.516,17.879,17.009,17.057,20.628
2016-02-23,18.376,17.713,16.972,17.159,20.748
2016-02-22,18.266,17.532,16.926,17.246,20.877
2016-02-19,17.904,17.204,16.815,17.376,20.981
2016-02-18,17.556,16.884,16.690,17.599,21.095
2016-02-17,17.242,16.483,16.579,17.857,21.198
2016-02-16,17.050,16.334,16.467,18.105,21.360
2016-02-15,16.798,16.161,16.402,18.330,21.505
2016-02-05,16.504,16.199,16.414,18.603,21.654
2016-02-04,16.212,16.200,16.533,18.838,21.855
2016-02-03,15.724,16.139,16.647,19.068,22.063
2016-02-02,15.618,16.231,16.882,19.327,22.232
2016-02-01,15.524,16.319,17.104,19.585,22.365
2016-01-29,15.894,16.425,17.462,19.886,22.477
2016-01-28,16.188,16.495,17.957,20.200,22.558
2016-01-27,16.554,16.674,18.544,20.516,22.632
2016-01-26,16.844,16.600,18.991,20.760,22.687
2016-01-25,17.114,16.642,19.415,21.009,22.746
2016-01-22,16.956,16.629,19.805,21.195,22.793
2016-01-21,16.802,16.866,20.157,21.412,22.863
2016-01-20,16.794,17.154,20.533,21.642,22.922
2016-01-19,16.356,17.532,20.875,21.866,22.936
2016-01-18,16.170,17.888,21.219,22.151,22.950
2016-01-15,16.302,18.499,21.616,22.420,22.960
2016-01-14,16.930,19.419,22.052,22.725,22.967
2016-01-13,17.514,20.413,22.437,23.019,22.997
2016-01-12,18.708,21.382,22.840,23.296,23.035
2016-01-11,19.606,22.188,23.193,23.537,23.064
2016-01-08,20.696,22.981,23.479,23.762,23.083
2016-01-07,21.908,23.447,23.686,23.971,23.054
2016-01-06,23.312,23.911,23.886,24.199,23.018
2016-01-05,24.056,24.217,24.033,24.337,22.942
2016-01-04,24.770,24.549,24.283,24.508,22.860
2015-12-31,25.266,24.733,24.380,24.587,22.744
2015-12-30,24.986,24.685,24.379,24.591,22.582
2015-12-29,24.510,24.460,24.322,24.539,22.398
2015-12-28,24.378,24.298,24.253,24.614,22.241
2015-12-25,24.328,24.197,24.211,24.680,22.087
2015-12-24,24.200,23.976,24.153,24.706,21.914
2015-12-23,24.384,23.924,24.233,24.872,21.772
2015-12-22,24.410,23.860,24.343,25.059,21.608
2015-12-21,24.218,23.849,24.397,25.137,21.434
2015-12-18,24.066,24.016,24.488,25.144,21.264
2015-12-17,23.752,24.027,24.514,25.067,21.073
2015-12-16,23.464,24.072,24.544,24.916,20.878
2015-12-15,23.310,24.183,24.579,24.749,20.702
2015-12-14,23.480,24.207,24.772,24.614,20.517
2015-12-11,23.966,24.225,24.922,24.483,20.356
2015-12-10,24.302,24.330,25.071,24.390,20.229
2015-12-09,24.680,24.542,25.346,24.313,20.095
2015-12-08,25.056,24.826,25.658,24.202,19.972
2015-12-07,24.934,24.944,25.782,24.006,19.813
2015-12-04,24.484,24.960,25.709,23.748,19.623
2015-12-03,24.358,25.000,25.588,23.501,19.465
2015-12-02,24.404,25.016,25.339,23.209,19.325
2015-12-01,24.596,24.975,25.032,22.975,19.197
2015-11-30,24.954,25.336,24.817,22.775,19.072
2015-11-27,25.436,25.619,24.613,22.592,18.926
2015-11-26,25.642,25.811,24.421,22.403,18.763
2015-11-25,25.628,26.149,24.199,22.137,18.587
2015-11-24,25.354,26.490,23.891,21.837,18.426
2015-11-23,25.718,26.619,23.537,21.546,18.304
2015-11-20,25.802,26.457,23.142,21.212,18.192
2015-11-19,25.980,26.175,22.751,20.901,18.094
2015-11-18,26.670,25.661,22.306,20.574,17.987
2015-11-17,27.626,25.088,21.976,20.256,17.925
2015-11-16,27.520,24.298,21.495,19.868,17.816
2015-11-13,27.112,23.606,21.079,19.493,17.726
2015-11-12,26.370,23.030,20.700,19.122,17.631
2015-11-10,24.652,22.249,20.131,18.672,17.501
2015-11-09,22.550,21.291,19.511,18.158,17.350
2015-11-06,21.076,20.455,19.010,17.731,17.222
2015-11-05,20.100,19.827,18.589,17.384,17.128
2015-11-04,19.690,19.327,18.264,17.079,17.077
2015-11-03,19.846,18.950,18.030,16.840,17.063
2015-11-02,20.032,18.863,17.840,16.656,17.042
2015-10-30,19.834,18.691,17.653,16.420,17.046
2015-10-29,19.554,18.551,17.437,16.229,17.082
2015-10-28,18.964,18.369,17.168,16.068,17.089
2015-10-27,18.054,18.013,16.884,15.876,17.051
2015-10-26,17.694,17.731,16.592,15.741,17.002
2015-10-23,17.548,17.565,16.369,15.620,16.951
2015-10-22,17.548,17.351,16.162,15.498,16.882
2015-10-21,17.774,17.200,15.956,15.428,16.808
2015-10-20,17.972,17.110,15.786,15.441,16.736
2015-10-19,17.768,16.817,15.552,15.418,16.657
2015-10-16,17.582,16.614,15.285,15.369,16.594
2015-10-15,17.154,16.322,15.068,15.261,16.545
2015-10-14,16.626,15.967,14.918,15.123,16.522
2015-10-13,16.248,15.755,14.808,15.037,16.545
2015-10-12,15.866,15.452,14.747,15.014,16.564
2015-10-09,15.646,15.172,14.647,15.062,16.622
2015-10-08,15.490,14.973,14.572,15.172,17.112
2015-10-07,15.308,14.711,14.543,15.287,17.670
2015-09-30,15.262,14.461,14.607,15.401,18.221
2015-09-29,15.038,14.287,14.719,15.594,18.796
2015-09-28,14.698,13.955,14.747,15.765,19.455
2015-09-25,14.456,13.813,14.730,15.958,20.178
2015-09-24,14.114,13.868,14.702,16.140,20.841
2015-09-23,13.660,13.860,14.678,16.330,21.535
2015-09-22,13.536,14.041,14.795,16.543,22.319
2015-09-21,13.212,14.122,15.008,16.714,23.059
2015-09-18,13.170,14.170,15.272,16.871,23.778
2015-09-17,13.622,14.374,15.575,17.074,24.484
2015-09-16,14.060,14.752,15.871,17.286,25.174
2015-09-15,14.546,15.151,16.248,17.428,25.919
2015-09-14,15.032,15.538,16.670,17.673,26.674
2015-09-11,15.170,15.647,17.031,17.935,27.447
2015-09-10,15.126,15.535,17.276,18.109,28.239
2015-09-09,15.444,15.496,17.566,18.226,28.984
2015-09-08,15.756,15.549,17.794,18.262,29.662
2015-09-07,16.044,15.893,18.010,18.282,30.289
2015-09-02,16.124,16.374,18.222,18.267,31.003
2015-09-01,15.944,16.775,18.424,18.188,31.619
2015-08-31,15.548,16.990,18.553,18.032,32.141
2015-08-28,15.342,17.345,18.567,17.896,32.642
2015-08-27,15.742,17.802,18.740,17.818,33.092
2015-08-26,16.624,18.415,19.079,17.829,33.545
2015-08-25,17.606,19.017,19.397,17.920,34.010
2015-08-24,18.432,19.635,19.591,18.053,34.467
2015-08-21,19.348,20.038,19.618,18.114,34.851
2015-08-20,19.862,20.126,19.476,18.182,35.212
2015-08-19,20.206,20.070,19.213,19.051,35.521
2015-08-18,20.428,20.072,18.895,20.054,35.833
2015-08-17,20.838,20.116,18.553,21.042,36.132
2015-08-14,20.728,19.789,18.172,21.998,36.369
2015-08-13,20.390,19.678,17.826,23.145,36.584
2015-08-12,19.934,19.742,17.537,24.397,36.795
2015-08-11,19.716,19.776,17.371,25.543,37.030
2015-08-10,19.394,19.547,17.262,26.739,37.284
2015-08-07,18.850,19.198,17.152,28.096,37.538
2015-08-06,18.966,18.826,17.210,29.403,37.802
2015-08-05,19.550,18.356,18.542,30.684,38.064
2015-08-04,19.836,17.718,20.045,31.894,38.342
2015-08-03,19.700,16.989,21.505,33.061,38.604
2015-07-31,19.546,16.555,23.103,34.409,38.902
2015-07-30,18.686,15.974,24.879,35.675,39.171
2015-07-29,17.162,15.331,26.725,36.959,39.391
2015-07-28,15.600,14.966,28.426,38.369,39.595
2015-07-27,14.278,14.976,30.335,39.741,39.850
2015-07-24,13.564,15.106,32.545,41.062,40.130
2015-07-23,13.262,15.594,34.692,42.297,40.439
2015-07-08,13.500,18.728,36.848,43.739,40.816
2015-07-07,14.332,22.371,38.983,45.049,41.228
2015-07-06,15.674,26.020,41.098,46.249,41.642
2015-07-03,16.648,29.651,43.336,47.388,42.025
2015-07-02,17.926,33.784,45.526,48.365,42.424
2015-07-01,23.956,38.119,47.773,49.261,42.797
2015-06-30,30.410,41.886,50.070,50.099,43.107
2015-06-29,36.366,45.694,52.124,50.881,43.368
2015-06-26,42.654,49.984,54.041,51.588,43.625
2015-06-25,49.642,53.790,55.649,52.241,43.836
2015-06-24,52.282,54.967,56.244,51.991,43.634
2015-06-23,53.362,55.594,56.389,51.612,43.370
2015-06-19,55.022,56.175,56.364,51.222,43.117
2015-06-18,57.314,57.020,56.257,50.740,42.851
2015-06-17,57.938,57.268,55.656,50.023,42.474
2015-06-16,57.652,57.426,54.832,49.192,42.049
2015-06-15,57.826,58.254,54.206,48.518,41.682
2015-06-12,57.328,58.554,53.475,47.829,41.272
2015-06-11,56.726,58.097,52.389,46.980,40.799
2015-06-10,56.598,57.507,51.466,46.200,40.342
2015-06-09,57.200,57.521,50.502,45.444,39.904
2015-06-08,58.682,57.183,49.621,44.789,39.463
2015-06-05,59.780,56.553,48.745,44.146,39.029
2015-06-04,59.468,55.493,47.599,43.394,38.536
2015-06-03,58.416,54.044,46.400,42.666,38.058
2015-06-02,57.842,52.237,45.074,41.823,37.532
2015-06-01,55.684,50.158,43.649,40.822,36.960
2015-05-29,53.326,48.396,42.467,39.959,36.438
2015-05-28,51.518,46.682,41.421,39.198,35.972
2015-05-27,49.672,45.426,40.546,38.581,35.564
2015-05-26,46.632,43.484,39.406,37.893,35.080
2015-05-25,44.632,42.060,38.591,37.407,34.677
2015-05-22,43.466,40.938,37.942,37.034,34.334
2015-05-21,41.846,39.706,37.345,36.661,33.996
2015-05-20,41.180,38.756,36.977,36.483,33.739
2015-05-19,40.336,37.912,36.615,36.334,33.499
2015-05-18,39.488,37.141,36.154,36.114,33.265
2015-05-15,38.410,36.538,35.741,35.855,33.018
2015-05-14,37.566,36.161,35.456,35.661,32.805
2015-05-13,36.332,35.667,35.159,35.432,32.584
2015-05-12,35.488,35.328,35.097,35.276,32.393
2015-05-11,34.794,35.123,35.080,35.128,32.197
2015-05-08,34.666,34.946,35.082,35.011,32.025
2015-05-07,34.756,34.984,35.138,34.961,31.885
2015-05-06,35.002,35.198,35.346,34.926,31.774
2015-05-05,35.168,35.319,35.544,34.906,31.676
2015-05-04,35.452,35.167,35.600,34.847,31.559
2015-04-30,35.226,34.944,35.513,34.714,31.410
2015-04-29,35.212,34.751,35.411,34.617,31.277
2015-04-28,35.394,34.651,35.314,34.484,31.164
2015-04-27,35.470,34.867,35.250,34.364,31.058
2015-04-24,34.882,35.037,35.130,34.137,30.941
2015-04-23,34.662,35.219,35.043,33.913,30.841
2015-04-22,34.290,35.293,34.950,33.677,30.724
2015-04-21,33.908,35.495,34.790,33.449,30.603
2015-04-20,34.264,35.770,34.699,33.241,30.498
2015-04-17,35.192,36.034,34.687,33.097,30.386
2015-04-16,35.776,36.082,34.598,32.917,30.264
2015-04-15,36.296,36.072,34.550,32.746,30.139
2015-04-14,37.082,35.977,34.400,32.546,30.007
2015-04-13,37.276,35.634,34.112,32.266,29.837
2015-04-10,36.876,35.224,33.687,31.948,29.644
2015-04-09,36.388,34.868,33.259,31.635,29.466
2015-04-08,35.848,34.607,32.868,31.331,29.298
2015-04-07,34.872,34.085,32.426,30.995,29.101
2015-04-03,33.992,33.628,31.976,30.665,28.918
2015-04-02,33.572,33.340,31.629,30.416,28.757
2015-04-01,33.348,33.115,31.334,30.181,28.618
2015-03-31,33.366,33.028,31.083,29.949,28.483
2015-03-30,33.298,32.823,30.831,29.737,28.361
2015-03-27,33.264,32.590,30.582,29.510,28.261
2015-03-26,33.108,32.150,30.310,29.267,28.159
2015-03-25,32.882,31.651,30.018,29.040,28.061
2015-03-24,32.690,31.130,29.693,28.808,27.928
2015-03-23,32.348,30.767,29.450,28.623,27.838
2015-03-20,31.916,30.324,29.183,28.447,27.792
2015-03-19,31.192,29.918,28.953,28.271,27.777
2015-03-18,30.420,29.554,28.713,28.106,27.762
2015-03-17,29.570,29.139,28.409,27.938,27.726
2015-03-16,29.186,28.839,28.193,27.844,27.729
2015-03-13,28.732,28.575,27.970,27.753,27.726
2015-03-12,28.644,28.470,27.825,27.745,27.759
2015-03-11,28.688,28.385,27.734,27.770,27.796
2015-03-10,28.708,28.257,27.647,27.772,27.821
2015-03-09,28.492,28.133,27.550,27.757,27.844
2015-03-06,28.418,28.043,27.509,27.755,27.883
2015-03-05,28.296,27.989,27.448,27.676,27.949
2015-03-04,28.082,27.873,27.382,27.612,28.019
2015-03-03,27.806,27.680,27.337,27.532,28.087
2015-03-02,27.774,27.548,27.346,27.468,28.161
2015-02-27,27.668,27.365,27.342,27.408,28.247
2015-02-26,27.682,27.180,27.383,27.340,28.340
2015-02-25,27.664,27.084,27.462,27.298,28.432
2015-02-24,27.554,27.037,27.530,27.265,28.527
2015-02-17,27.322,26.968,27.568,27.208,28.628
2015-02-16,27.062,26.975,27.611,27.172,28.709
2015-02-13,26.678,26.907,27.519,27.098,28.786
2015-02-12,26.504,26.891,27.481,27.055,28.869
2015-02-11,26.520,26.994,27.458,27.017,28.968
2015-02-10,26.614,27.144,27.428,26.986,29.064
2015-02-09,26.888,27.320,27.429,27.012,29.164
2015-02-06,27.136,27.586,27.419,27.051,29.309
2015-02-05,27.278,27.841,27.405,27.082,29.486
2015-02-04,27.468,28.023,27.379,27.049,29.637
2015-02-03,27.674,28.169,27.328,27.053,29.763
2015-02-02,27.752,28.248,27.270,27.136,29.873
2015-01-30,28.036,28.131,27.193,27.283,30.000
2015-01-29,28.404,28.072,27.137,27.418,30.109
2015-01-28,28.578,27.922,27.028,27.515,30.210
2015-01-27,28.664,27.712,26.906,27.614,30.297
2015-01-26,28.744,27.539,26.858,27.698,30.379
2015-01-23,28.226,27.253,26.783,27.772,30.464
2015-01-22,27.740,26.969,26.702,27.823,30.558
2015-01-21,27.266,26.736,26.561,27.869,30.641
2015-01-20,26.760,26.487,26.494,27.932,30.711
2015-01-19,26.334,26.293,26.580,28.010,30.783
2015-01-16,26.280,26.256,26.859,28.222,30.891
2015-01-15,26.198,26.203,27.090,28.425,31.025
2015-01-14,26.206,26.135,27.312,28.643,31.185
2015-01-13,26.214,26.101,27.565,28.854,31.337
2015-01-12,26.252,26.178,27.777,29.086,31.473
2015-01-09,26.232,26.314,28.032,29.340,31.565
2015-01-08,26.208,26.436,28.250,29.567,31.649
2015-01-07,26.064,26.387,28.436,29.788,31.714
2015-01-06,25.988,26.502,28.654,30.048,31.787
2015-01-05,26.104,26.868,28.869,30.247,31.832
2014-12-31,26.396,27.462,29.205,30.474,31.895
2014-12-30,26.664,27.978,29.536,30.683,31.955
2014-12-29,26.710,28.489,29.896,30.919,32.016
2014-12-26,27.016,29.029,30.231,31.143,32.069
2014-12-25,27.632,29.377,30.540,31.316,32.092
2014-12-24,28.528,29.749,30.852,31.567,32.113
2014-12-23,29.292,30.063,31.132,31.889,32.146
2014-12-22,30.268,30.485,31.489,32.226,32.205
2014-12-19,31.042,30.807,31.820,32.474,32.241
2014-12-18,31.122,30.870,31.936,32.609,32.224
2014-12-17,30.970,30.949,31.980,32.718,32.184
2014-12-16,30.834,31.095,32.035,32.800,32.167
2014-12-15,30.702,31.304,32.133,32.905,32.133
2014-12-12,30.572,31.433,32.200,32.979,32.092
2014-12-11,30.618,31.703,32.286,33.060,32.056
2014-12-10,30.928,31.956,32.475,33.155,32.018
2014-12-09,31.356,32.201,32.802,33.294,31.978
2014-12-08,31.906,32.493,33.096,33.414,31.944
2014-12-05,32.294,32.834,33.307,33.490,31.900
2014-12-04,32.788,33.002,33.478,33.556,31.854
2014-12-03,32.984,33.012,33.602,33.560,31.773
2014-12-02,33.046,32.975,33.653,33.624,31.686
2014-12-01,33.080,32.963,33.706,33.728,31.592
2014-11-28,33.374,32.968,33.752,33.820,31.497
2014-11-27,33.216,32.869,33.738,33.859,31.383
2014-11-26,33.040,32.995,33.755,33.790,31.276
2014-11-25,32.904,33.404,33.840,33.730,31.176
2014-11-24,32.846,33.700,33.874,33.639,31.097
2014-11-21,32.562,33.780,33.818,33.526,31.002
2014-11-20,32.522,33.955,33.832,33.417,30.921
2014-11-19,32.950,34.192,33.834,33.315,30.846
2014-11-18,33.904,34.331,33.949,33.227,30.768
2014-11-17,34.554,34.449,34.110,33.114,30.680
2014-11-14,34.998,34.537,34.246,32.995,30.587
2014-11-13,35.388,34.608,34.354,32.867,30.495
2014-11-12,35.434,34.515,34.187,32.660,30.373
2014-11-11,34.758,34.277,33.893,32.402,30.209
2014-11-10,34.344,34.048,33.608,32.184,30.068
2014-11-07,34.076,33.856,33.399,32.009,29.941
2014-11-06,33.828,33.710,33.148,31.838,29.812
2014-11-05,33.596,33.477,32.876,31.651,29.680
2014-11-04,33.796,33.567,32.675,31.534,29.567
2014-11-03,33.752,33.771,32.446,31.361,29.447
2014-10-31,33.636,33.955,32.224,31.204,29.331
2014-10-30,33.592,34.100,31.996,31.053,29.231
2014-10-29,33.358,33.859,31.732,30.881,29.122
2014-10-28,33.338,33.510,31.465,30.661,29.000
2014-10-27,33.790,33.169,31.251,30.475,28.897
2014-10-24,34.274,32.943,31.085,30.310,28.786
2014-10-23,34.608,32.587,30.902,30.151,28.671
2014-10-22,34.360,32.276,30.738,29.985,28.572
2014-10-21,33.682,31.784,30.518,29.748,28.446
2014-10-20,32.548,31.122,30.155,29.455,28.293
2014-10-17,31.612,30.494,29.828,29.175,28.166
2014-10-16,30.566,29.893,29.529,28.908,28.057
2014-10-15,30.192,29.606,29.392,28.763,27.993
2014-10-14,29.886,29.420,29.236,28.621,27.939
2014-10-13,29.696,29.334,29.128,28.556,27.916
2014-10-10,29.376,29.227,28.994,28.478,27.883
2014-10-09,29.220,29.218,28.933,28.425,27.866
2014-10-08,29.020,29.200,28.839,28.377,27.847
2014-09-30,28.954,29.252,28.729,28.308,27.841
2014-09-29,28.972,29.189,28.622,28.246,27.843
2014-09-26,29.078,29.162,28.515,28.179,27.869
2014-09-25,29.216,29.165,28.415,28.123,27.890
2014-09-24,29.380,29.178,28.341,28.085,27.911
2014-09-23,29.550,29.053,28.222,28.017,-1
2014-09-22,29.406,28.922,28.166,27.952,-1
2014-09-19,29.246,28.761,28.103,27.874,-1
2014-09-18,29.114,28.649,28.029,27.786,-1
2014-09-17,28.976,28.478,27.965,27.708,-1
2014-09-16,28.556,28.207,27.837,27.599,-1
2014-09-15,28.438,28.055,27.774,27.533,-1
2014-09-12,28.276,27.868,27.688,27.458,-1
2014-09-11,28.184,27.665,27.602,27.410,-1
2014-09-10,27.980,27.504,27.539,27.363,-1
2014-09-09,27.858,27.391,27.498,27.339,-1
2014-09-05,27.672,27.411,27.467,27.318,-1
2014-09-04,27.460,27.446,27.430,27.262,-1
2014-09-03,27.146,27.409,27.354,27.191,-1
2014-09-02,27.028,27.452,27.323,27.159,-1
2014-09-01,26.924,27.466,27.295,27.143,-1
2014-08-29,27.150,27.493,27.271,27.131,-1
2014-08-28,27.432,27.507,27.252,27.158,-1
2014-08-27,27.672,27.540,27.282,27.207,-1
2014-08-26,27.876,27.574,27.292,27.223,-1
2014-08-25,28.008,27.606,27.313,27.256,-1
2014-08-22,27.836,27.524,27.271,27.276,-1
2014-08-21,27.582,27.414,27.170,27.289,-1
2014-08-20,27.408,27.300,27.082,27.308,-1
2014-08-19,27.272,27.195,27.012,27.317,-1
2014-08-18,27.204,27.124,26.982,27.375,-1
2014-08-15,27.212,27.050,26.950,27.441,-1
2014-08-14,27.246,26.998,26.983,27.559,-1
2014-08-13,27.192,27.025,27.040,27.656,-1
2014-08-12,27.118,27.010,27.047,27.736,-1
2014-08-11,27.044,27.021,27.081,-1,-1
2014-08-08,26.888,27.019,27.152,-1,-1
2014-08-07,26.750,26.927,27.226,-1,-1
2014-08-06,26.858,26.865,27.311,-1,-1
2014-08-05,26.902,26.830,27.378,-1,-1
2014-08-04,26.998,26.840,27.500,-1,-1
2014-08-01,27.150,26.851,27.636,-1,-1
2014-07-31,27.104,26.968,27.839,-1,-1
2014-07-30,26.872,27.055,27.972,-1,-1
2014-07-29,26.758,27.085,28.099,-1,-1
2014-07-28,26.682,27.141,-1,-1,-1
2014-07-25,26.552,27.286,-1,-1,-1
2014-07-24,26.832,27.525,-1,-1,-1
2014-07-23,27.238,27.758,-1,-1,-1
2014-07-22,27.412,27.927,-1,-1,-1
2014-07-21,27.600,28.160,-1,-1,-1
2014-07-18,28.020,28.421,-1,-1,-1
2014-07-17,28.218,28.710,-1,-1,-1
2014-07-16,28.278,28.889,-1,-1,-1
2014-07-15,28.442,29.114,-1,-1,-1
2014-07-14,28.720,-1,-1,-1,-1
2014-07-11,28.822,-1,-1,-1,-1
2014-07-10,29.202,-1,-1,-1,-1
2014-07-09,29.500,-1,-1,-1,-1
2014-07-08,29.786,-1,-1,-1,-1
2014-07-07,-1,-1,-1,-1,-1
2014-07-04,-1,-1,-1,-1,-1
2014-07-03,-1,-1,-1,-1,-1
2014-07-02,-1,-1,-1,-1,-1
