Not
2017-03-17@15:00:00,-0.209,0.335,-0.544
2017-03-17@14:00:00,-0.061,0.471,-0.532
2017-03-17@11:30:00,0.025,0.604,-0.580
2017-03-17@10:30:00,0.126,0.749,-0.623
2017-03-16@15:00:00,0.245,0.905,-0.659
2017-03-16@14:00:00,0.336,1.070,-0.734
2017-03-16@11:30:00,0.443,1.253,-0.810
2017-03-16@10:30:00,0.639,1.456,-0.816
2017-03-15@15:00:00,0.886,1.660,-0.773
2017-03-15@14:00:00,1.199,1.853,-0.654
2017-03-15@11:30:00,1.469,2.017,-0.548
2017-03-15@10:30:00,1.715,2.154,-0.438
2017-03-14@15:00:00,2.106,2.263,-0.157
2017-03-14@14:00:00,2.217,2.303,-0.085
2017-03-14@11:30:00,2.294,2.324,-0.030
2017-03-14@10:30:00,2.324,2.331,-0.007
2017-03-13@15:00:00,2.413,2.333,0.080
2017-03-13@14:00:00,2.510,2.313,0.197
2017-03-13@11:30:00,2.579,2.264,0.315
2017-03-13@10:30:00,2.634,2.185,0.449
2017-03-10@15:00:00,2.615,2.073,0.542
2017-03-10@14:00:00,2.532,1.938,0.595
2017-03-10@11:30:00,2.394,1.789,0.605
2017-03-10@10:30:00,2.342,1.638,0.704
2017-03-09@15:00:00,2.208,1.462,0.746
2017-03-09@14:00:00,1.876,1.275,0.601
2017-03-09@11:30:00,1.710,1.125,0.585
2017-03-09@10:30:00,1.595,0.979,0.616
2017-03-08@15:00:00,1.488,0.825,0.663
2017-03-08@14:00:00,1.333,0.659,0.673
2017-03-08@11:30:00,1.124,0.491,0.633
2017-03-08@10:30:00,0.884,0.333,0.551
2017-03-07@15:00:00,0.571,0.195,0.376
2017-03-07@14:00:00,0.349,0.101,0.248
2017-03-07@11:30:00,0.128,0.039,0.089
2017-03-07@10:30:00,-0.065,0.016,-0.081
2017-03-06@15:00:00,-0.094,0.037,-0.131
2017-03-06@14:00:00,-0.098,0.070,-0.167
2017-03-06@11:30:00,-0.084,0.111,-0.195
2017-03-06@10:30:00,-0.076,0.160,-0.236
2017-03-03@15:00:00,-0.033,0.219,-0.252
2017-03-03@14:00:00,0.061,0.282,-0.221
2017-03-03@11:30:00,0.138,0.338,-0.199
2017-03-03@10:30:00,0.232,0.387,-0.156
2017-03-02@15:00:00,0.347,0.426,-0.080
2017-03-02@14:00:00,0.395,0.446,-0.052
2017-03-02@11:30:00,0.389,0.459,-0.070
2017-03-02@10:30:00,0.393,0.477,-0.083
2017-03-01@15:00:00,0.395,0.498,-0.103
2017-03-01@14:00:00,0.369,0.523,-0.154
2017-03-01@11:30:00,0.423,0.562,-0.139
2017-03-01@10:30:00,0.507,0.597,-0.090
2017-02-28@15:00:00,0.572,0.619,-0.047
2017-02-28@14:00:00,0.617,0.631,-0.013
2017-02-28@11:30:00,0.662,0.634,0.028
2017-02-28@10:30:00,0.700,0.627,0.073
2017-02-27@15:00:00,0.763,0.609,0.154
2017-02-27@14:00:00,0.697,0.571,0.126
2017-02-27@11:30:00,0.674,0.539,0.135
2017-02-27@10:30:00,0.663,0.505,0.158
2017-02-24@15:00:00,0.624,0.466,0.159
2017-02-24@14:00:00,0.627,0.426,0.201
2017-02-24@11:30:00,0.590,0.376,0.214
2017-02-24@10:30:00,0.572,0.323,0.249
2017-02-23@15:00:00,0.544,0.260,0.284
2017-02-23@14:00:00,0.507,0.189,0.318
2017-02-23@11:30:00,0.469,0.110,0.359
2017-02-23@10:30:00,0.421,0.020,0.401
2017-02-22@15:00:00,0.402,-0.080,0.482
2017-02-22@14:00:00,0.244,-0.201,0.445
2017-02-22@11:30:00,0.030,-0.312,0.342
2017-02-22@10:30:00,-0.169,-0.398,0.229
2017-02-21@15:00:00,-0.366,-0.455,0.088
2017-02-21@14:00:00,-0.633,-0.477,-0.156
2017-02-21@11:30:00,-0.655,-0.438,-0.217
2017-02-21@10:30:00,-0.678,-0.384,-0.295
2017-02-20@15:00:00,-0.676,-0.310,-0.366
2017-02-20@14:00:00,-0.628,-0.219,-0.409
2017-02-20@11:30:00,-0.536,-0.116,-0.419
2017-02-20@10:30:00,-0.382,-0.011,-0.370
2017-02-17@15:00:00,-0.191,0.081,-0.272
2017-02-17@14:00:00,-0.097,0.149,-0.246
2017-02-17@11:30:00,0.014,0.210,-0.196
2017-02-17@10:30:00,0.114,0.259,-0.145
2017-02-16@15:00:00,0.163,0.296,-0.133
2017-02-16@14:00:00,0.215,0.329,-0.114
2017-02-16@11:30:00,0.274,0.357,-0.084
2017-02-16@10:30:00,0.351,0.378,-0.028
2017-02-15@15:00:00,0.450,0.385,0.064
2017-02-15@14:00:00,0.464,0.369,0.095
2017-02-15@11:30:00,0.424,0.345,0.079
2017-02-15@10:30:00,0.384,0.326,0.058
2017-02-14@15:00:00,0.355,0.311,0.044
2017-02-14@14:00:00,0.346,0.300,0.045
2017-02-14@11:30:00,0.347,0.289,0.058
2017-02-14@10:30:00,0.312,0.275,0.038
2017-02-13@15:00:00,0.263,0.265,-0.002
2017-02-13@14:00:00,0.273,0.266,0.008
2017-02-13@11:30:00,0.281,0.264,0.017
2017-02-13@10:30:00,0.255,0.260,-0.005
2017-02-10@15:00:00,0.300,0.261,0.040
2017-02-10@14:00:00,0.334,0.251,0.083
2017-02-10@11:30:00,0.356,0.230,0.126
2017-02-10@10:30:00,0.349,0.199,0.151
2017-02-09@15:00:00,0.307,0.161,0.146
2017-02-09@14:00:00,0.249,0.125,0.124
2017-02-09@11:30:00,0.224,0.093,0.130
2017-02-09@10:30:00,0.195,0.061,0.135
2017-02-08@15:00:00,0.134,0.027,0.107
2017-02-08@14:00:00,0.019,0.000,0.019
2017-02-08@11:30:00,-0.021,-0.004,-0.017
2017-02-08@10:30:00,-0.021,0.000,-0.021
2017-02-07@15:00:00,0.016,0.005,0.011
2017-02-07@14:00:00,0.025,0.003,0.023
2017-02-07@11:30:00,0.049,-0.003,0.052
2017-02-07@10:30:00,0.065,-0.016,0.081
2017-02-06@15:00:00,0.037,-0.036,0.073
2017-02-06@14:00:00,-0.009,-0.055,0.045
2017-02-06@11:30:00,-0.049,-0.066,0.017
2017-02-06@10:30:00,-0.099,-0.070,-0.029
2017-02-03@15:00:00,-0.125,-0.063,-0.062
2017-02-03@14:00:00,-0.117,-0.047,-0.070
2017-02-03@11:30:00,-0.123,-0.030,-0.093
2017-02-03@10:30:00,-0.094,-0.007,-0.088
2017-01-26@15:00:00,-0.048,0.015,-0.063
2017-01-26@14:00:00,-0.055,0.031,-0.086
2017-01-26@11:30:00,-0.014,0.053,-0.066
2017-01-26@10:30:00,0.038,0.069,-0.032
2017-01-25@15:00:00,0.088,0.077,0.011
2017-01-25@14:00:00,0.129,0.074,0.054
2017-01-25@11:30:00,0.136,0.061,0.075
2017-01-25@10:30:00,0.151,0.042,0.109
2017-01-24@15:00:00,0.156,0.015,0.141
2017-01-24@14:00:00,0.161,-0.021,0.182
2017-01-24@11:30:00,0.184,-0.066,0.250
2017-01-24@10:30:00,0.207,-0.129,0.335
2017-01-23@15:00:00,0.222,-0.213,0.435
2017-01-23@14:00:00,0.150,-0.321,0.471
2017-01-23@11:30:00,0.108,-0.439,0.547
2017-01-23@10:30:00,0.063,-0.576,0.639
2017-01-20@15:00:00,-0.082,-0.736,0.654
2017-01-20@14:00:00,-0.255,-0.899,0.644
2017-01-20@11:30:00,-0.501,-1.060,0.559
2017-01-20@10:30:00,-0.724,-1.200,0.476
2017-01-19@15:00:00,-0.896,-1.319,0.423
2017-01-19@14:00:00,-1.012,-1.425,0.413
2017-01-19@11:30:00,-1.128,-1.528,0.400
2017-01-19@10:30:00,-1.337,-1.628,0.290
2017-01-18@15:00:00,-1.464,-1.700,0.236
2017-01-18@14:00:00,-1.540,-1.759,0.219
2017-01-18@11:30:00,-1.664,-1.814,0.150
2017-01-18@10:30:00,-1.773,-1.852,0.078
2017-01-17@15:00:00,-1.840,-1.871,0.031
2017-01-17@14:00:00,-1.961,-1.879,-0.082
2017-01-17@11:30:00,-2.078,-1.858,-0.219
2017-01-17@10:30:00,-2.050,-1.804,-0.246
2017-01-16@15:00:00,-2.010,-1.742,-0.268
2017-01-16@14:00:00,-1.951,-1.675,-0.275
2017-01-16@11:30:00,-1.963,-1.606,-0.357
2017-01-16@10:30:00,-1.956,-1.517,-0.439
2017-01-13@15:00:00,-1.853,-1.407,-0.446
2017-01-13@14:00:00,-1.746,-1.296,-0.450
2017-01-13@11:30:00,-1.651,-1.184,-0.468
2017-01-13@10:30:00,-1.535,-1.067,-0.469
2017-01-12@15:00:00,-1.304,-0.949,-0.355
2017-01-12@14:00:00,-1.167,-0.861,-0.306
2017-01-12@11:30:00,-1.038,-0.784,-0.254
2017-01-12@10:30:00,-0.962,-0.720,-0.241
2017-01-11@15:00:00,-0.854,-0.660,-0.194
2017-01-11@14:00:00,-0.702,-0.612,-0.091
2017-01-11@11:30:00,-0.702,-0.589,-0.113
2017-01-11@10:30:00,-0.644,-0.561,-0.083
2017-01-10@15:00:00,-0.563,-0.540,-0.023
2017-01-10@14:00:00,-0.598,-0.534,-0.063
2017-01-10@11:30:00,-0.625,-0.518,-0.107
2017-01-10@10:30:00,-0.720,-0.491,-0.229
2017-01-09@15:00:00,-0.796,-0.434,-0.361
2017-01-09@14:00:00,-0.788,-0.344,-0.444
2017-01-09@11:30:00,-0.756,-0.233,-0.523
2017-01-09@10:30:00,-0.749,-0.102,-0.647
2017-01-06@15:00:00,-0.592,0.060,-0.652
2017-01-06@14:00:00,-0.426,0.223,-0.649
2017-01-06@11:30:00,-0.226,0.385,-0.611
2017-01-06@10:30:00,0.008,0.537,-0.529
2017-01-05@15:00:00,0.266,0.670,-0.404
2017-01-05@14:00:00,0.450,0.771,-0.321
2017-01-05@11:30:00,0.607,0.851,-0.244
2017-01-05@10:30:00,0.777,0.912,-0.135
2017-01-04@15:00:00,0.982,0.945,0.036
2017-01-04@14:00:00,1.070,0.936,0.134
2017-01-04@11:30:00,1.156,0.903,0.253
2017-01-04@10:30:00,1.218,0.840,0.378
2017-01-03@15:00:00,1.272,0.745,0.527
2017-01-03@14:00:00,1.298,0.613,0.685
2017-01-03@11:30:00,1.177,0.442,0.735
2017-01-03@10:30:00,0.994,0.259,0.736
2016-12-30@15:00:00,0.919,0.075,0.844
2016-12-30@14:00:00,0.714,-0.136,0.851
2016-12-30@11:30:00,0.503,-0.349,0.852
2016-12-30@10:30:00,0.200,-0.562,0.762
2016-12-29@15:00:00,-0.127,-0.752,0.626
2016-12-29@14:00:00,-0.388,-0.909,0.521
2016-12-29@11:30:00,-0.600,-1.039,0.440
2016-12-29@10:30:00,-0.909,-1.149,0.240
2016-12-28@15:00:00,-0.994,-1.209,0.215
2016-12-28@14:00:00,-1.038,-1.263,0.224
2016-12-28@11:30:00,-1.106,-1.319,0.213
2016-12-28@10:30:00,-1.195,-1.372,0.177
2016-12-27@15:00:00,-1.278,-1.416,0.138
2016-12-27@14:00:00,-1.350,-1.451,0.100
2016-12-27@11:30:00,-1.413,-1.476,0.063
2016-12-27@10:30:00,-1.471,-1.491,0.021
2016-12-26@15:00:00,-1.544,-1.497,-0.048
2016-12-26@14:00:00,-1.637,-1.485,-0.152
2016-12-26@11:30:00,-1.721,-1.447,-0.275
2016-12-26@10:30:00,-1.764,-1.378,-0.386
2016-12-23@15:00:00,-1.652,-1.281,-0.370
2016-12-23@14:00:00,-1.575,-1.189,-0.386
2016-12-23@11:30:00,-1.439,-1.092,-0.347
2016-12-23@10:30:00,-1.343,-1.005,-0.338
2016-12-22@15:00:00,-1.299,-0.921,-0.378
2016-12-22@14:00:00,-1.297,-0.826,-0.471
2016-12-22@11:30:00,-1.269,-0.708,-0.561
2016-12-22@10:30:00,-1.251,-0.568,-0.683
2016-12-21@15:00:00,-1.192,-0.398,-0.795
2016-12-21@14:00:00,-1.161,-0.199,-0.962
2016-12-21@11:30:00,-1.106,0.042,-1.148
2016-12-21@10:30:00,-0.913,0.329,-1.242
2016-12-20@15:00:00,-0.651,0.639,-1.290
2016-12-20@14:00:00,-0.382,0.962,-1.344
2016-12-20@11:30:00,-0.075,1.298,-1.372
2016-12-20@10:30:00,0.234,1.641,-1.407
2016-12-19@15:00:00,0.515,1.992,-1.477
2016-12-19@14:00:00,0.840,2.362,-1.521
2016-12-19@11:30:00,1.235,2.742,-1.507
2016-12-19@10:30:00,1.599,3.119,-1.519
2016-12-16@15:00:00,1.983,3.499,-1.516
2016-12-16@14:00:00,2.447,3.877,-1.430
2016-12-16@11:30:00,2.916,4.235,-1.319
2016-12-16@10:30:00,3.414,4.565,-1.151
2016-12-15@15:00:00,3.908,4.853,-0.945
2016-12-15@14:00:00,4.288,5.089,-0.801
2016-12-15@11:30:00,4.579,5.289,-0.710
2016-12-15@10:30:00,4.958,5.467,-0.508
2016-12-14@15:00:00,5.399,5.594,-0.195
2016-12-14@14:00:00,5.617,5.642,-0.026
2016-12-14@11:30:00,5.501,5.649,-0.148
2016-12-14@10:30:00,5.702,5.686,0.017
2016-12-13@15:00:00,5.658,5.682,-0.023
2016-12-13@14:00:00,5.611,5.687,-0.076
2016-12-13@11:30:00,5.470,5.706,-0.237
2016-12-13@10:30:00,5.605,5.766,-0.160
2016-12-12@15:00:00,5.851,5.806,0.045
2016-12-12@14:00:00,6.037,5.794,0.243
2016-12-12@11:30:00,6.043,5.734,0.309
2016-12-12@10:30:00,nan,nan,nan
2016-12-09@15:00:00,nan,nan,nan
2016-12-09@14:00:00,nan,nan,nan
2016-12-09@11:30:00,nan,nan,nan
2016-12-09@10:30:00,nan,nan,nan
2016-12-08@15:00:00,nan,nan,nan
2016-12-08@14:00:00,nan,nan,nan
2016-12-08@11:30:00,nan,nan,nan
2016-12-08@10:30:00,nan,nan,nan
2016-12-07@15:00:00,nan,nan,nan
2016-12-07@14:00:00,nan,nan,nan
2016-12-07@11:30:00,nan,nan,nan
2016-12-07@10:30:00,nan,nan,nan
2016-12-06@15:00:00,nan,nan,nan
2016-12-06@14:00:00,nan,nan,nan
2016-12-06@11:30:00,nan,nan,nan
2016-12-06@10:30:00,nan,nan,nan
2016-12-05@15:00:00,nan,nan,nan
2016-12-05@14:00:00,nan,nan,nan
2016-12-05@11:30:00,nan,nan,nan
2016-12-05@10:30:00,nan,nan,nan
2016-12-02@15:00:00,nan,nan,nan
2016-12-02@14:00:00,nan,nan,nan
2016-12-02@11:30:00,nan,nan,nan
2016-12-02@10:30:00,nan,nan,nan
2016-12-01@15:00:00,nan,nan,nan
2016-12-01@14:00:00,nan,nan,nan
2016-12-01@11:30:00,nan,nan,nan
2016-12-01@10:30:00,nan,nan,nan
2016-11-30@15:00:00,nan,nan,nan
2016-11-30@14:00:00,nan,nan,nan
2016-11-30@11:30:00,nan,nan,nan
2016-11-30@10:30:00,nan,nan,nan
