2017-06-30,9.983,9.590,9.198
2017-06-29,9.975,9.585,9.195
2017-06-28,9.971,9.582,9.193
2017-06-27,9.958,9.569,9.181
2017-06-26,9.942,9.548,9.155
2017-06-23,9.920,9.524,9.128
2017-06-22,9.938,9.496,9.055
2017-06-21,9.957,9.478,8.999
2017-06-20,9.984,9.461,8.938
2017-06-19,9.994,9.451,8.908
2017-06-16,9.998,9.443,8.888
2017-06-15,9.998,9.443,8.888
2017-06-14,9.989,9.426,8.864
2017-06-13,9.979,9.417,8.856
2017-06-12,9.909,9.392,8.876
2017-06-09,9.832,9.367,8.902
2017-06-08,9.745,9.336,8.927
2017-06-07,9.715,9.323,8.931
2017-06-06,9.666,9.307,8.948
2017-06-05,9.626,9.293,8.960
2017-06-02,9.595,9.280,8.965
2017-06-01,9.550,9.257,8.964
2017-05-31,9.496,9.244,8.991
2017-05-26,9.480,9.239,8.998
2017-05-25,9.480,9.239,8.998
2017-05-24,9.516,9.250,8.984
2017-05-23,9.611,9.284,8.957
2017-05-22,9.696,9.320,8.943
2017-05-19,9.897,9.382,8.866
2017-05-18,10.064,9.440,8.816
2017-05-17,10.133,9.482,8.830
2017-05-16,10.196,9.522,8.847
2017-05-15,10.240,9.558,8.876
2017-05-12,10.278,9.587,8.895
2017-05-11,10.321,9.616,8.910
2017-05-10,10.405,9.659,8.913
2017-05-09,10.510,9.719,8.927
2017-05-08,10.536,9.754,8.972
2017-05-05,10.546,9.783,9.020
2017-05-04,10.560,9.820,9.079
2017-05-03,10.544,9.831,9.117
2017-05-02,10.531,9.835,9.139
2017-04-28,10.546,9.829,9.111
2017-04-27,10.541,9.832,9.123
2017-04-26,10.529,9.840,9.151
2017-04-25,10.538,9.834,9.129
2017-04-24,10.538,9.824,9.110
2017-04-21,10.603,9.779,8.955
2017-04-20,10.587,9.716,8.845
2017-04-19,10.547,9.650,8.752
2017-04-18,10.537,9.595,8.653
2017-04-17,10.521,9.534,8.546
2017-04-14,10.498,9.475,8.451
2017-04-13,10.465,9.417,8.369
2017-04-12,10.411,9.354,8.297
2017-04-11,10.290,9.276,8.261
2017-04-10,10.088,9.185,8.282
2017-04-07,9.953,9.119,8.284
2017-04-06,9.818,9.065,8.312
2017-04-05,9.620,8.993,8.366
2017-03-31,9.553,8.950,8.347
2017-03-30,9.526,8.924,8.322
2017-03-29,9.497,8.899,8.300
2017-03-28,9.416,8.870,8.323
2017-03-27,9.304,8.838,8.371
2017-03-24,9.208,8.811,8.413
2017-03-23,9.020,8.785,8.549
2017-03-22,9.032,8.789,8.545
2017-03-21,9.052,8.793,8.534
2017-03-20,9.078,8.800,8.521
2017-03-17,9.109,8.809,8.508
2017-03-16,9.116,8.815,8.513
2017-03-15,9.150,8.830,8.510
2017-03-14,9.175,8.844,8.513
2017-03-13,9.228,8.868,8.508
2017-03-10,9.272,8.895,8.518
2017-03-09,9.298,8.923,8.548
2017-03-08,9.294,8.931,8.568
2017-03-07,9.294,8.930,8.566
2017-03-06,9.278,8.940,8.601
2017-03-03,9.261,8.952,8.642
2017-03-02,9.248,8.960,8.671
2017-03-01,9.232,8.973,8.713
2017-02-28,9.232,8.979,8.726
2017-02-27,9.236,8.977,8.717
2017-02-24,9.236,8.977,8.717
2017-02-23,9.242,8.961,8.680
2017-02-22,9.254,8.947,8.639
2017-02-21,9.248,8.931,8.614
2017-02-20,9.250,8.908,8.566
2017-02-17,9.238,8.887,8.536
2017-02-16,9.251,8.870,8.488
2017-02-15,9.233,8.846,8.459
2017-02-14,9.210,8.831,8.452
2017-02-13,9.156,8.815,8.474
2017-02-10,9.099,8.802,8.505
2017-02-09,9.031,8.787,8.543
2017-02-08,9.040,8.790,8.540
2017-02-07,9.058,8.797,8.535
2017-02-06,9.063,8.800,8.537
2017-02-03,9.062,8.800,8.537
2017-01-26,9.121,8.816,8.510
2017-01-25,9.121,8.816,8.510
2017-01-24,9.180,8.829,8.477
2017-01-23,9.245,8.851,8.456
2017-01-20,9.250,8.855,8.460
2017-01-19,9.250,8.858,8.466
2017-01-18,9.251,8.869,8.486
2017-01-17,9.251,8.869,8.487
2017-01-16,9.250,8.870,8.489
2017-01-13,9.246,8.880,8.513
2017-01-12,9.230,8.898,8.565
2017-01-11,9.214,8.908,8.602
2017-01-10,9.279,8.937,8.594
2017-01-09,9.422,8.973,8.524
2017-01-06,9.700,9.031,8.362
2017-01-05,9.727,9.052,8.377
2017-01-04,9.778,9.080,8.382
2017-01-03,9.818,9.104,8.390
2016-12-30,9.852,9.133,8.413
2016-12-29,10.098,9.209,8.319
2016-12-28,10.396,9.287,8.178
2016-12-27,10.719,9.391,8.063
2016-12-26,11.022,9.488,7.953
2016-12-23,11.114,9.542,7.970
2016-12-22,11.114,9.566,8.017
2016-12-21,11.104,9.579,8.054
2016-12-20,11.097,9.594,8.091
2016-12-19,11.084,9.610,8.135
2016-12-16,11.094,9.604,8.114
2016-12-15,11.151,9.572,7.992
2016-12-14,11.217,9.531,7.844
2016-12-13,11.302,9.481,7.660
2016-12-12,11.354,9.412,7.470
2016-12-09,11.359,9.336,7.312
2016-12-08,11.296,9.234,7.171
2016-12-07,11.298,9.170,7.041
2016-12-06,11.277,9.095,6.913
2016-12-05,11.255,9.016,6.777
2016-12-02,11.210,8.956,6.702
2016-12-01,11.028,8.839,6.649
2016-11-30,10.746,8.688,6.630
2016-11-29,10.370,8.489,6.607
2016-11-28,9.796,8.292,6.787
2016-11-25,9.391,8.134,6.877
2016-11-24,9.201,8.026,6.851
2016-11-23,9.053,7.940,6.827
2016-11-22,8.826,7.857,6.887
2016-11-21,8.587,7.790,6.992
2016-11-18,8.475,7.741,7.007
2016-11-17,8.418,7.701,6.983
2016-11-16,8.406,7.646,6.885
2016-11-15,8.431,7.596,6.760
2016-11-14,8.439,7.535,6.630
2016-11-11,8.424,7.457,6.490
2016-11-10,8.388,7.379,6.369
2016-11-09,8.352,7.296,6.239
2016-11-08,8.316,7.204,6.092
2016-11-07,8.273,7.120,5.966
2016-11-04,8.119,7.016,5.913
2016-11-03,7.981,6.923,5.865
2016-11-02,7.887,6.845,5.802
2016-11-01,7.886,6.798,5.709
2016-10-31,7.848,6.744,5.639
2016-10-28,7.808,6.691,5.573
2016-10-27,7.745,6.644,5.542
2016-10-26,7.656,6.593,5.529
2016-10-25,7.515,6.529,5.542
2016-10-24,7.281,6.453,5.625
2016-10-21,7.057,6.388,5.719
2016-10-20,6.818,6.328,5.838
2016-10-19,6.679,6.290,5.902
2016-10-18,6.567,6.264,5.961
2016-10-17,6.493,6.251,6.009
2016-10-14,6.487,6.250,6.013
2016-10-13,6.504,6.253,6.002
2016-10-12,6.514,6.256,5.998
2016-10-11,6.526,6.267,6.007
2016-10-10,6.538,6.277,6.015
2016-09-30,6.543,6.285,6.027
2016-09-29,6.555,6.297,6.039
2016-09-28,6.559,6.308,6.058
2016-09-27,6.551,6.321,6.091
2016-09-26,6.545,6.327,6.110
2016-09-23,6.533,6.333,6.134
2016-09-22,6.540,6.339,6.138
2016-09-21,6.549,6.345,6.141
2016-09-20,6.551,6.353,6.155
2016-09-19,6.557,6.365,6.174
2016-09-14,6.562,6.377,6.192
2016-09-13,6.581,6.396,6.212
2016-09-12,6.576,6.407,6.238
2016-09-09,6.572,6.410,6.248
2016-09-08,6.584,6.397,6.210
2016-09-07,6.617,6.372,6.127
2016-09-06,6.615,6.346,6.077
2016-09-05,6.613,6.332,6.051
2016-09-02,6.645,6.308,5.971
2016-09-01,6.676,6.280,5.884
2016-08-31,6.695,6.254,5.814
2016-08-30,6.691,6.228,5.765
2016-08-29,6.694,6.198,5.702
2016-08-26,6.695,6.169,5.644
2016-08-25,6.700,6.141,5.582
2016-08-24,6.698,6.116,5.535
2016-08-23,6.682,6.077,5.473
2016-08-22,6.655,6.034,5.414
2016-08-19,6.631,5.989,5.347
2016-08-18,6.582,5.939,5.297
2016-08-17,6.513,5.892,5.272
2016-08-16,6.395,5.838,5.281
2016-08-15,6.293,5.791,5.290
2016-08-12,6.194,5.749,5.305
2016-08-11,6.120,5.718,5.316
2016-08-10,6.082,5.693,5.304
2016-08-09,6.027,5.669,5.312
2016-08-08,5.929,5.637,5.346
2016-08-05,5.899,5.611,5.323
2016-08-04,5.879,5.588,5.297
2016-08-03,5.847,5.565,5.284
2016-08-02,5.791,5.542,5.294
2016-08-01,5.752,5.526,5.300
2016-07-29,5.711,5.506,5.302
2016-07-28,5.687,5.486,5.285
2016-07-27,5.637,5.465,5.293
2016-07-26,5.616,5.451,5.286
2016-07-25,5.617,5.433,5.250
2016-07-22,5.628,5.419,5.211
2016-07-21,5.641,5.403,5.166
2016-07-20,5.634,5.388,5.142
2016-07-19,5.625,5.375,5.126
2016-07-18,5.612,5.360,5.108
2016-07-15,5.597,5.344,5.091
2016-07-14,5.568,5.324,5.080
2016-07-13,5.545,5.306,5.068
2016-07-12,5.506,5.297,5.088
2016-07-11,5.478,5.289,5.100
2016-07-08,5.470,5.285,5.100
2016-07-07,5.482,5.288,5.095
2016-07-06,5.490,5.291,5.092
2016-07-05,5.492,5.291,5.091
2016-07-04,5.490,5.291,5.092
2016-07-01,5.498,5.293,5.089
2016-06-30,5.516,5.301,5.086
2016-06-29,5.538,5.308,5.079
2016-06-28,5.536,5.307,5.078
2016-06-27,5.535,5.309,5.084
2016-06-24,5.534,5.313,5.092
2016-06-23,5.528,5.319,5.111
2016-06-22,5.527,5.323,5.120
2016-06-21,5.527,5.327,5.127
2016-06-20,5.524,5.332,5.140
2016-06-17,5.519,5.336,5.153
2016-06-16,5.508,5.343,5.178
2016-06-15,5.494,5.351,5.208
2016-06-14,5.492,5.349,5.207
2016-06-13,5.491,5.349,5.207
2016-06-08,5.491,5.350,5.210
2016-06-07,5.483,5.347,5.211
2016-06-06,5.473,5.342,5.212
2016-06-03,5.461,5.337,5.213
2016-06-02,5.463,5.337,5.212
2016-06-01,5.512,5.346,5.180
2016-05-31,5.549,5.353,5.158
2016-05-30,5.576,5.359,5.143
2016-05-27,5.593,5.369,5.145
2016-05-26,5.611,5.382,5.153
2016-05-25,5.627,5.395,5.163
2016-05-24,5.645,5.409,5.173
2016-05-23,5.652,5.419,5.187
2016-05-20,5.661,5.430,5.199
2016-05-19,5.667,5.441,5.215
2016-05-18,5.670,5.454,5.239
2016-05-17,5.689,5.471,5.254
2016-05-16,5.708,5.488,5.268
2016-05-13,5.741,5.507,5.273
2016-05-12,5.767,5.527,5.288
2016-05-11,5.784,5.548,5.312
2016-05-10,5.785,5.562,5.340
2016-05-09,5.780,5.578,5.377
2016-05-06,5.755,5.592,5.429
2016-05-05,5.752,5.601,5.451
2016-05-04,5.766,5.607,5.449
2016-05-03,5.790,5.616,5.442
2016-04-29,5.809,5.624,5.439
2016-04-28,5.811,5.633,5.456
2016-04-27,5.818,5.643,5.468
2016-04-26,5.815,5.645,5.475
2016-04-25,5.815,5.649,5.484
2016-04-22,5.815,5.661,5.507
2016-04-21,5.814,5.671,5.529
2016-04-20,5.823,5.686,5.549
2016-04-19,5.839,5.702,5.564
2016-04-18,5.861,5.712,5.563
2016-04-15,5.867,5.718,5.570
2016-04-14,5.882,5.724,5.566
2016-04-13,5.903,5.731,5.559
2016-04-12,5.910,5.735,5.560
2016-04-11,5.914,5.732,5.551
2016-04-08,5.934,5.723,5.513
2016-04-07,5.954,5.716,5.478
2016-04-06,5.957,5.712,5.468
2016-04-05,5.956,5.705,5.455
2016-04-01,5.950,5.697,5.444
2016-03-31,5.943,5.689,5.436
2016-03-30,5.946,5.680,5.415
2016-03-29,5.942,5.674,5.406
2016-03-28,5.983,5.657,5.332
2016-03-25,6.032,5.631,5.230
2016-03-24,6.050,5.602,5.155
2016-03-23,6.060,5.572,5.085
2016-03-22,6.033,5.554,5.075
2016-03-21,5.994,5.532,5.070
2016-03-18,5.952,5.512,5.073
2016-03-17,5.919,5.488,5.058
2016-03-16,5.867,5.463,5.060
2016-03-15,5.794,5.438,5.082
2016-03-14,5.732,5.409,5.086
2016-03-11,5.725,5.382,5.040
2016-03-10,5.722,5.365,5.008
2016-03-09,5.716,5.351,4.987
2016-03-08,5.693,5.328,4.964
2016-03-07,5.661,5.306,4.951
2016-03-04,5.626,5.277,4.928
2016-03-03,5.572,5.253,4.934
2016-03-02,5.545,5.226,4.907
2016-03-01,5.477,5.202,4.927
2016-02-29,5.472,5.195,4.919
2016-02-26,5.503,5.211,4.919
2016-02-25,5.535,5.225,4.916
2016-02-24,5.547,5.236,4.926
2016-02-23,5.565,5.241,4.917
2016-02-22,5.640,5.257,4.874
2016-02-19,5.623,5.250,4.878
2016-02-18,5.632,5.255,4.878
2016-02-17,5.682,5.270,4.858
2016-02-16,5.712,5.280,4.849
2016-02-15,5.781,5.306,4.831
2016-02-05,5.823,5.336,4.849
2016-02-04,5.910,5.374,4.839
2016-02-03,5.956,5.404,4.852
2016-02-02,6.095,5.459,4.823
2016-02-01,6.168,5.504,4.840
2016-01-29,6.207,5.552,4.897
2016-01-28,6.322,5.612,4.903
2016-01-27,6.416,5.685,4.955
2016-01-26,6.507,5.753,4.999
2016-01-25,6.561,5.817,5.074
2016-01-22,6.690,5.880,5.070
2016-01-21,6.776,5.936,5.097
2016-01-20,6.857,6.003,5.149
2016-01-19,6.930,6.059,5.189
2016-01-18,7.011,6.109,5.207
2016-01-15,7.009,6.167,5.326
2016-01-14,6.997,6.223,5.450
2016-01-13,6.984,6.257,5.531
2016-01-12,6.954,6.296,5.639
2016-01-11,6.940,6.332,5.724
2016-01-08,6.890,6.359,5.829
2016-01-07,6.868,6.379,5.890
2016-01-06,6.808,6.410,6.013
2016-01-05,6.806,6.416,6.027
2016-01-04,6.784,6.438,6.091
2015-12-31,6.741,6.464,6.188
2015-12-30,6.773,6.483,6.193
2015-12-29,6.829,6.503,6.177
2015-12-28,6.828,6.501,6.174
2015-12-25,6.841,6.491,6.141
2015-12-24,6.827,6.468,6.108
2015-12-23,6.833,6.470,6.107
2015-12-22,6.832,6.470,6.107
2015-12-21,6.832,6.470,6.107
2015-12-18,6.837,6.471,6.105
2015-12-17,6.873,6.484,6.096
2015-12-16,6.912,6.499,6.086
2015-12-15,6.938,6.521,6.103
2015-12-14,6.965,6.541,6.117
2015-12-11,7.006,6.561,6.117
2015-12-10,7.025,6.593,6.161
2015-12-09,7.052,6.623,6.195
2015-12-08,7.111,6.657,6.203
2015-12-07,7.167,6.697,6.226
2015-12-04,7.218,6.729,6.241
2015-12-03,7.263,6.758,6.254
2015-12-02,7.280,6.770,6.260
2015-12-01,7.292,6.743,6.195
2015-11-30,7.329,6.727,6.126
2015-11-27,7.331,6.726,6.122
2015-11-26,7.331,6.726,6.122
2015-11-25,7.351,6.705,6.059
2015-11-24,7.362,6.683,6.003
2015-11-23,7.362,6.667,5.973
2015-11-20,7.352,6.650,5.949
2015-11-19,7.340,6.632,5.925
2015-11-18,7.322,6.615,5.908
2015-11-17,7.308,6.601,5.894
2015-11-16,7.290,6.584,5.878
2015-11-13,7.263,6.552,5.842
2015-11-12,7.230,6.524,5.818
2015-11-11,7.186,6.490,5.794
2015-11-10,7.104,6.444,5.784
2015-11-09,6.988,6.396,5.805
2015-11-06,6.848,6.351,5.855
2015-11-05,6.681,6.296,5.911
2015-11-04,6.529,6.246,5.964
2015-11-03,6.565,6.221,5.877
2015-11-02,6.598,6.205,5.811
2015-10-30,6.601,6.194,5.787
2015-10-29,6.598,6.185,5.772
2015-10-28,6.595,6.181,5.767
2015-10-27,6.590,6.175,5.760
2015-10-26,6.580,6.171,5.762
2015-10-23,6.565,6.166,5.767
2015-10-22,6.542,6.157,5.772
2015-10-21,6.501,6.141,5.780
2015-10-20,6.458,6.128,5.798
2015-10-19,6.413,6.103,5.793
2015-10-16,6.404,6.099,5.793
2015-10-15,6.381,6.083,5.785
2015-10-14,6.366,6.075,5.783
2015-10-13,6.364,6.074,5.783
2015-10-12,6.354,6.065,5.776
2015-10-09,6.341,6.048,5.755
2015-10-08,6.364,6.061,5.757
2015-09-30,6.382,6.075,5.767
2015-09-29,6.372,6.093,5.813
2015-09-28,6.353,6.099,5.845
2015-09-25,6.462,6.071,5.680
2015-09-24,6.620,6.021,5.422
2015-09-23,6.654,5.980,5.306
2015-09-22,6.643,5.970,5.296
2015-09-21,6.690,5.983,5.276
2015-09-18,6.799,6.010,5.220
2015-09-17,6.947,6.049,5.150
2015-09-16,7.058,6.087,5.116
2015-09-15,7.306,6.152,4.998
2015-09-14,7.555,6.238,4.920
2015-09-11,7.775,6.315,4.855
2015-09-10,7.962,6.400,4.837
2015-09-09,8.122,6.479,4.836
2015-09-08,8.303,6.566,4.828
2015-09-07,8.364,6.625,4.887
2015-09-02,8.402,6.688,4.973
2015-09-01,8.460,6.739,5.019
2015-08-31,8.510,6.792,5.073
2015-08-28,8.533,6.837,5.141
2015-08-27,8.531,6.890,5.249
2015-08-26,8.460,6.966,5.472
2015-08-25,8.280,7.077,5.873
2015-08-24,8.049,7.159,6.268
2015-08-21,7.899,7.225,6.550
2015-08-20,7.980,7.298,6.615
2015-08-19,8.104,7.362,6.621
2015-08-18,8.186,7.412,6.639
2015-08-17,8.287,7.479,6.670
2015-08-14,8.378,7.512,6.646
2015-08-13,8.444,7.537,6.630
2015-08-12,8.463,7.546,6.629
2015-08-11,8.483,7.557,6.630
2015-08-10,8.525,7.576,6.627
2015-08-07,8.687,7.620,6.552
2015-08-06,8.841,7.695,6.548
2015-08-05,8.858,7.738,6.618
2015-08-04,8.860,7.736,6.611
2015-08-03,8.858,7.752,6.646
2015-07-31,8.851,7.758,6.665
2015-07-30,8.872,7.749,6.625
2015-07-29,8.843,7.774,6.705
2015-07-28,8.844,7.803,6.762
2015-07-27,8.855,7.872,6.888
2015-07-24,8.836,7.893,6.949
2015-07-23,8.823,7.878,6.933
2015-07-22,8.838,7.885,6.931
2015-07-21,8.894,7.908,6.921
2015-07-20,8.907,7.913,6.919
2015-07-17,8.896,7.907,6.918
2015-07-16,9.001,7.940,6.880
2015-07-15,9.208,8.008,6.809
2015-07-14,9.339,8.065,6.792
2015-07-13,9.597,8.147,6.697
2015-07-10,9.795,8.199,6.603
2015-07-09,9.983,8.253,6.524
2015-07-08,10.224,8.351,6.479
2015-07-07,10.438,8.494,6.551
2015-07-06,10.713,8.637,6.562
2015-07-03,10.848,8.786,6.724
2015-07-02,10.808,8.932,7.056
2015-07-01,10.854,9.058,7.263
2015-06-30,10.922,9.170,7.419
2015-06-29,10.966,9.243,7.520
2015-06-26,10.883,9.327,7.771
2015-06-25,10.791,9.419,8.047
2015-06-24,10.861,9.527,8.194
2015-06-23,11.011,9.647,8.284
2015-06-19,11.077,9.771,8.465
2015-06-18,10.946,9.882,8.818
2015-06-17,10.876,9.924,8.973
2015-06-16,10.852,9.945,9.039
2015-06-15,10.789,9.979,9.169
2015-06-12,10.823,9.957,9.091
2015-06-11,10.828,9.944,9.061
2015-06-10,10.828,9.943,9.058
2015-06-09,10.828,9.943,9.059
2015-06-08,10.856,9.956,9.056
2015-06-05,10.807,9.936,9.065
2015-06-04,10.785,9.917,9.049
2015-06-03,10.793,9.904,9.015
2015-06-02,10.853,9.929,9.006
2015-06-01,10.965,9.966,8.968
2015-05-29,11.403,10.078,8.753
2015-05-28,11.480,10.158,8.835
2015-05-27,11.474,10.175,8.876
2015-05-26,11.464,10.168,8.873
2015-05-25,11.384,10.129,8.874
2015-05-22,11.318,10.057,8.795
2015-05-21,11.300,10.012,8.724
2015-05-20,11.301,10.006,8.711
2015-05-19,11.312,9.988,8.664
2015-05-18,11.315,9.997,8.678
2015-05-15,11.330,9.987,8.644
2015-05-14,11.438,9.930,8.421
2015-05-13,11.526,9.856,8.185
2015-05-12,11.618,9.756,7.894
2015-05-11,11.665,9.625,7.585
2015-05-08,11.714,9.501,7.288
2015-05-07,11.758,9.389,7.020
2015-05-06,11.775,9.308,6.840
2015-05-05,11.676,9.164,6.651
2015-05-04,11.491,9.000,6.509
2015-04-30,10.934,8.777,6.619
2015-04-29,10.587,8.616,6.645
2015-04-28,10.422,8.504,6.586
2015-04-27,10.128,8.386,6.643
2015-04-24,9.871,8.242,6.614
2015-04-23,9.757,8.126,6.495
2015-04-22,9.612,7.997,6.382
2015-04-21,9.391,7.860,6.329
2015-04-20,9.174,7.742,6.311
2015-04-17,8.714,7.586,6.458
2015-04-16,8.437,7.475,6.514
2015-04-15,8.335,7.386,6.436
2015-04-14,8.229,7.296,6.363
2015-04-13,8.187,7.214,6.241
2015-04-10,8.170,7.141,6.111
2015-04-09,8.156,7.072,5.988
2015-04-08,8.146,6.998,5.851
2015-04-07,8.069,6.910,5.751
2015-04-03,7.999,6.836,5.672
2015-04-02,7.928,6.762,5.595
2015-04-01,7.838,6.689,5.539
2015-03-31,7.686,6.612,5.539
2015-03-30,7.508,6.540,5.572
2015-03-27,7.188,6.462,5.736
2015-03-26,7.059,6.421,5.784
2015-03-25,6.972,6.395,5.817
2015-03-24,6.925,6.351,5.777
2015-03-23,6.866,6.311,5.756
2015-03-20,6.752,6.265,5.778
2015-03-19,6.687,6.225,5.762
2015-03-18,6.579,6.176,5.773
2015-03-17,6.532,6.138,5.744
2015-03-16,6.489,6.103,5.718
2015-03-13,6.494,6.068,5.643
2015-03-12,6.509,6.032,5.556
2015-03-11,6.504,6.003,5.502
2015-03-10,6.497,5.992,5.487
2015-03-09,6.492,5.986,5.479
2015-03-06,6.497,5.957,5.416
2015-03-05,6.487,5.948,5.409
2015-03-04,6.491,5.950,5.409
2015-03-03,6.498,5.952,5.407
2015-03-02,6.528,5.961,5.394
2015-02-27,6.499,5.952,5.406
2015-02-26,6.465,5.944,5.422
2015-02-25,6.412,5.931,5.450
2015-02-17,6.452,5.947,5.443
2015-02-16,6.453,5.949,5.444
2015-02-13,6.452,5.948,5.444
2015-02-12,6.583,5.987,5.390
2015-02-11,6.685,6.027,5.368
2015-02-10,6.714,6.053,5.391
2015-02-09,6.739,6.079,5.418
2015-02-06,6.752,6.116,5.479
2015-02-05,6.789,6.172,5.554
2015-02-04,6.821,6.224,5.626
2015-02-03,6.969,6.287,5.604
2015-02-02,7.083,6.345,5.607
2015-01-30,7.195,6.436,5.676
2015-01-29,7.304,6.506,5.707
2015-01-28,7.385,6.559,5.733
2015-01-27,7.479,6.612,5.745
2015-01-26,7.490,6.628,5.766
2015-01-23,7.494,6.653,5.812
2015-01-22,7.501,6.647,5.793
2015-01-21,7.498,6.651,5.804
2015-01-20,7.502,6.672,5.843
2015-01-19,7.493,6.715,5.938
2015-01-16,7.468,6.727,5.987
2015-01-15,7.497,6.694,5.892
2015-01-14,7.520,6.661,5.803
2015-01-13,7.544,6.643,5.743
2015-01-12,7.639,6.598,5.558
2015-01-09,7.710,6.551,5.392
2015-01-08,7.750,6.488,5.227
2015-01-07,7.819,6.406,4.993
2015-01-06,7.797,6.302,4.808
2015-01-05,7.807,6.177,4.548
2014-12-31,7.704,6.045,4.387
2014-12-30,7.595,5.906,4.217
2014-12-29,7.471,5.768,4.066
2014-12-26,7.297,5.615,3.934
2014-12-25,7.203,5.489,3.775
2014-12-24,7.084,5.355,3.627
2014-12-23,7.033,5.252,3.472
2014-12-22,6.929,5.138,3.348
2014-12-19,6.704,5.003,3.303
2014-12-18,6.392,4.850,3.308
2014-12-17,6.196,4.726,3.255
2014-12-16,6.014,4.612,3.210
2014-12-15,5.794,4.503,3.212
2014-12-12,5.527,4.402,3.276
2014-12-11,5.366,4.331,3.295
2014-12-10,5.177,4.259,3.340
2014-12-09,4.948,4.189,3.430
2014-12-08,4.801,4.140,3.479
2014-12-05,4.611,4.091,3.570
2014-12-04,4.548,4.046,3.543
2014-12-03,4.413,4.001,3.589
2014-12-02,4.324,3.963,3.602
2014-12-01,4.231,3.936,3.640
2014-11-28,4.206,3.904,3.602
2014-11-27,4.196,3.869,3.542
2014-11-26,4.201,3.841,3.480
2014-11-25,4.206,3.807,3.408
2014-11-24,4.214,3.771,3.328
2014-11-21,4.225,3.730,3.235
2014-11-20,4.237,3.703,3.168
2014-11-19,4.242,3.679,3.116
2014-11-18,4.240,3.658,3.075
2014-11-17,4.228,3.634,3.040
2014-11-14,4.194,3.607,3.020
2014-11-13,4.141,3.577,3.012
2014-11-12,4.088,3.551,3.013
2014-11-11,4.017,3.522,3.027
2014-11-10,3.931,3.494,3.056
2014-11-07,3.823,3.465,3.106
2014-11-06,3.803,3.457,3.110
2014-11-05,3.749,3.441,3.133
2014-11-04,3.704,3.426,3.149
2014-11-03,3.592,3.402,3.213
2014-10-31,3.560,3.391,3.223
2014-10-30,3.551,3.387,3.223
2014-10-29,3.543,3.384,3.224
2014-10-28,3.543,3.384,3.224
2014-10-27,3.544,3.383,3.222
2014-10-24,3.531,3.387,3.243
2014-10-23,3.525,3.391,3.258
2014-10-22,3.521,3.394,3.267
2014-10-21,3.520,3.397,3.275
2014-10-20,3.520,3.398,3.277
2014-10-17,3.519,3.397,3.275
2014-10-16,3.519,3.397,3.275
2014-10-15,3.514,3.391,3.268
2014-10-14,3.510,3.385,3.260
2014-10-13,3.500,3.380,3.260
2014-10-10,3.490,3.373,3.255
2014-10-09,3.467,3.361,3.255
2014-10-08,3.452,3.347,3.241
2014-09-30,3.451,3.334,3.217
2014-09-29,3.459,3.323,3.186
2014-09-26,3.467,3.311,3.155
2014-09-25,3.471,3.297,3.123
2014-09-24,3.463,3.284,3.106
2014-09-23,3.454,3.274,3.094
2014-09-22,3.452,3.269,3.085
2014-09-19,3.452,3.265,3.077
2014-09-18,3.442,3.256,3.070
2014-09-17,3.433,3.249,3.065
2014-09-16,3.412,3.239,3.066
2014-09-15,3.396,3.231,3.066
2014-09-12,3.377,3.222,3.067
2014-09-11,3.348,3.209,3.070
2014-09-10,3.330,3.200,3.070
2014-09-09,3.311,3.192,3.072
2014-09-05,3.273,3.182,3.090
2014-09-04,3.245,3.173,3.100
2014-09-03,3.219,3.166,3.112
2014-09-02,3.214,3.164,3.114
2014-09-01,3.214,3.164,3.114
2014-08-29,3.221,3.167,3.112
2014-08-28,3.220,3.167,3.114
2014-08-27,3.217,3.169,3.120
2014-08-26,3.218,3.168,3.117
2014-08-25,3.219,3.168,3.117
2014-08-22,3.220,3.169,3.117
2014-08-21,3.220,3.165,3.110
2014-08-20,3.225,3.160,3.095
2014-08-19,3.233,3.152,3.071
2014-08-18,3.248,3.142,3.036
2014-08-15,3.251,3.132,3.013
2014-08-14,3.254,3.123,2.991
2014-08-13,3.274,3.111,2.948
2014-08-12,3.274,3.103,2.931
2014-08-11,3.286,3.088,2.891
2014-08-08,3.293,3.073,2.853
2014-08-07,3.302,3.058,2.813
2014-08-06,3.305,3.041,2.777
2014-08-05,3.297,3.022,2.747
2014-08-04,3.279,3.004,2.730
2014-08-01,3.253,2.986,2.719
2014-07-31,3.234,2.970,2.706
2014-07-30,3.214,2.954,2.693
2014-07-29,3.192,2.938,2.683
2014-07-28,nan,nan,nan
2014-07-25,nan,nan,nan
2014-07-24,nan,nan,nan
2014-07-23,nan,nan,nan
2014-07-22,nan,nan,nan
2014-07-21,nan,nan,nan
2014-07-18,nan,nan,nan
2014-07-17,nan,nan,nan
2014-07-16,nan,nan,nan
2014-07-15,nan,nan,nan
2014-07-14,nan,nan,nan
2014-07-11,nan,nan,nan
2014-07-10,nan,nan,nan
2014-07-09,nan,nan,nan
2014-07-08,nan,nan,nan
2014-07-07,nan,nan,nan
2014-07-04,nan,nan,nan
2014-07-03,nan,nan,nan
2014-07-02,nan,nan,nan
