2017-06-30,9.710,9.552,9.590,9.479,9.567
2017-06-29,9.696,9.504,9.585,9.463,9.559
2017-06-28,9.654,9.493,9.582,9.449,9.551
2017-06-27,9.578,9.475,9.569,9.437,9.547
2017-06-26,9.486,9.490,9.548,9.425,9.543
2017-06-23,9.394,9.501,9.524,9.412,9.536
2017-06-22,9.312,9.526,9.496,9.399,9.535
2017-06-21,9.332,9.541,9.478,9.396,9.526
2017-06-20,9.372,9.576,9.461,9.397,9.520
2017-06-19,9.494,9.607,9.451,9.398,9.514
2017-06-16,9.608,9.629,9.443,9.396,9.507
2017-06-15,9.740,9.666,9.443,9.393,9.499
2017-06-14,9.750,9.671,9.426,9.386,9.486
2017-06-13,9.780,9.664,9.417,9.381,9.474
2017-06-12,9.720,9.607,9.392,9.362,9.454
2017-06-09,9.650,9.547,9.367,9.349,9.434
2017-06-08,9.592,9.467,9.336,9.345,9.413
2017-06-07,9.592,9.415,9.323,9.351,9.399
2017-06-06,9.548,9.346,9.307,9.370,9.385
2017-06-05,9.494,9.295,9.293,9.392,9.369
2017-06-02,9.444,9.257,9.280,9.407,9.354
2017-06-01,9.342,9.220,9.257,9.421,9.339
2017-05-31,9.238,9.182,9.244,9.433,9.324
2017-05-26,9.144,9.171,9.239,9.448,9.314
2017-05-25,9.096,9.178,9.239,9.470,9.306
2017-05-24,9.070,9.187,9.250,9.502,9.298
2017-05-23,9.098,9.205,9.284,9.547,9.298
2017-05-22,9.126,9.231,9.320,9.580,9.296
2017-05-19,9.198,9.268,9.382,9.611,9.297
2017-05-18,9.260,9.291,9.440,9.643,9.296
2017-05-17,9.304,9.303,9.482,9.655,9.295
2017-05-16,9.312,9.294,9.522,9.655,9.290
2017-05-15,9.336,9.305,9.558,9.654,9.288
2017-05-12,9.338,9.307,9.587,9.657,9.283
2017-05-11,9.322,9.300,9.616,9.660,9.279
2017-05-10,9.302,9.313,9.659,9.660,9.277
2017-05-09,9.276,9.363,9.719,9.670,9.276
2017-05-08,9.274,9.408,9.754,9.655,9.268
2017-05-05,9.276,9.495,9.783,9.642,9.259
2017-05-04,9.278,9.589,9.820,9.629,9.251
2017-05-03,9.324,9.660,9.831,9.617,9.244
2017-05-02,9.450,9.749,9.835,9.605,9.240
2017-04-28,9.542,9.811,9.829,9.587,9.233
2017-04-27,9.714,9.866,9.832,9.567,9.227
2017-04-26,9.900,9.931,9.840,9.546,9.218
2017-04-25,9.996,10.005,9.834,9.519,9.207
2017-04-24,10.048,10.074,9.824,9.481,9.190
2017-04-21,10.080,10.100,9.779,9.446,9.171
2017-04-20,10.018,10.071,9.716,9.400,9.147
2017-04-19,9.962,10.050,9.650,9.345,9.119
2017-04-18,10.014,10.001,9.595,9.300,9.097
2017-04-17,10.100,9.921,9.534,9.256,9.073
2017-04-14,10.120,9.846,9.475,9.214,9.050
2017-04-13,10.124,9.798,9.417,9.179,9.031
2017-04-12,10.138,9.749,9.354,9.141,9.012
2017-04-11,9.988,9.662,9.276,9.094,8.991
2017-04-10,9.742,9.574,9.185,9.048,8.965
2017-04-07,9.572,9.458,9.119,9.012,8.947
2017-04-06,9.472,9.361,9.065,8.982,8.931
2017-04-05,9.360,9.249,8.993,8.949,8.911
2017-03-31,9.336,9.189,8.950,8.935,8.900
2017-03-30,9.406,9.146,8.924,8.925,8.900
2017-03-29,9.344,9.103,8.899,8.921,8.896
2017-03-28,9.250,9.036,8.870,8.908,8.892
2017-03-27,9.138,8.959,8.838,8.898,8.888
2017-03-24,9.042,8.889,8.811,8.893,8.881
2017-03-23,8.886,8.796,8.785,8.881,8.868
2017-03-22,8.862,8.779,8.789,8.880,8.868
2017-03-21,8.822,8.769,8.793,8.876,8.864
2017-03-20,8.780,8.737,8.800,8.872,8.859
2017-03-17,8.736,8.711,8.809,8.871,8.858
2017-03-16,8.706,8.702,8.815,8.874,8.861
2017-03-15,8.696,8.694,8.830,8.880,8.861
2017-03-14,8.716,8.703,8.844,8.887,8.871
2017-03-13,8.694,8.716,8.868,8.890,8.885
2017-03-10,8.686,8.732,8.895,8.895,8.909
2017-03-09,8.698,8.773,8.923,8.898,8.921
2017-03-08,8.692,8.798,8.931,8.897,8.934
2017-03-07,8.690,8.817,8.930,8.893,8.944
2017-03-06,8.738,8.862,8.940,8.893,8.957
2017-03-03,8.778,8.906,8.952,8.893,8.987
2017-03-02,8.848,8.927,8.960,8.889,9.021
2017-03-01,8.904,8.966,8.973,8.886,9.060
2017-02-28,8.944,8.985,8.979,8.882,9.098
2017-02-27,8.986,9.020,8.977,8.883,9.123
2017-02-24,9.034,9.058,8.977,8.887,9.132
2017-02-23,9.006,9.073,8.961,8.882,9.133
2017-02-22,9.028,9.064,8.947,8.881,9.136
2017-02-21,9.026,9.043,8.931,8.879,9.137
2017-02-20,9.054,9.017,8.908,8.872,9.127
2017-02-17,9.082,8.997,8.887,8.865,9.113
2017-02-16,9.140,8.992,8.870,8.874,9.099
2017-02-15,9.100,8.979,8.846,8.870,9.078
2017-02-14,9.060,8.973,8.831,8.877,9.060
2017-02-13,8.980,8.933,8.815,8.878,9.041
2017-02-10,8.912,8.895,8.802,8.868,9.022
2017-02-09,8.844,8.849,8.787,8.855,9.003
2017-02-08,8.858,8.829,8.790,8.855,8.988
2017-02-07,8.886,8.819,8.797,8.852,8.972
2017-02-06,8.886,8.799,8.800,8.846,8.963
2017-02-03,8.878,8.777,8.800,8.845,8.949
2017-01-26,8.854,8.747,8.816,8.847,8.930
2017-01-25,8.800,8.713,8.816,8.843,8.898
2017-01-24,8.752,8.689,8.829,8.854,8.869
2017-01-23,8.712,8.697,8.851,8.881,8.842
2017-01-20,8.676,8.709,8.855,8.924,8.816
2017-01-19,8.640,8.725,8.858,8.943,8.792
2017-01-18,8.626,8.751,8.869,8.970,8.773
2017-01-17,8.626,8.774,8.869,8.994,8.756
2017-01-16,8.682,8.801,8.870,9.022,8.738
2017-01-13,8.742,8.822,8.880,9.080,8.717
2017-01-12,8.810,8.884,8.898,9.153,8.691
2017-01-11,8.876,8.918,8.908,9.233,8.662
2017-01-10,8.922,8.968,8.937,9.314,8.628
2017-01-09,8.920,9.004,8.973,9.363,8.589
2017-01-06,8.902,9.001,9.031,9.377,8.548
2017-01-05,8.958,8.991,9.052,9.383,8.506
2017-01-04,8.960,8.986,9.080,9.391,8.460
2017-01-03,9.014,8.964,9.104,9.394,8.413
2016-12-30,9.088,8.938,9.133,9.382,8.368
2016-12-29,9.100,8.937,9.209,9.360,8.323
2016-12-28,9.024,8.911,9.287,9.324,8.273
2016-12-27,9.012,8.898,9.391,9.287,8.226
2016-12-26,8.914,8.905,9.488,9.243,8.174
2016-12-23,8.788,8.942,9.542,9.204,8.122
2016-12-22,8.774,9.061,9.566,9.176,8.078
2016-12-21,8.798,9.113,9.579,9.151,8.037
2016-12-20,8.784,9.174,9.594,9.121,7.993
2016-12-19,8.896,9.244,9.610,9.092,7.951
2016-12-16,9.096,9.327,9.604,9.080,7.911
2016-12-15,9.348,9.480,9.572,9.052,7.867
2016-12-14,9.428,9.663,9.531,9.013,7.822
2016-12-13,9.564,9.884,9.481,8.954,7.780
2016-12-12,9.592,10.070,9.412,8.884,7.733
2016-12-09,9.558,10.142,9.336,8.803,7.681
2016-12-08,9.612,10.070,9.234,8.707,7.622
2016-12-07,9.898,10.045,9.170,8.642,7.574
2016-12-06,10.204,10.014,9.095,8.576,7.522
2016-12-05,10.548,9.975,9.016,8.518,7.471
2016-12-02,10.726,9.881,8.956,8.454,7.419
2016-12-01,10.528,9.663,8.839,8.355,7.353
2016-11-30,10.192,9.398,8.688,8.230,7.280
2016-11-29,9.824,9.078,8.489,8.090,7.202
2016-11-28,9.402,8.754,8.292,7.941,7.121
2016-11-25,9.036,8.529,8.134,7.814,7.053
2016-11-24,8.798,8.397,8.026,7.718,7.003
2016-11-23,8.604,8.294,7.940,7.628,6.959
2016-11-22,8.332,8.176,7.857,7.528,6.913
2016-11-21,8.106,8.057,7.790,7.432,6.869
2016-11-18,8.022,8.031,7.741,7.354,6.835
2016-11-17,7.996,8.014,7.701,7.287,6.808
2016-11-16,7.984,7.978,7.646,7.222,6.781
2016-11-15,8.020,7.899,7.596,7.165,6.757
2016-11-14,8.008,7.829,7.535,7.105,6.728
2016-11-11,8.040,7.739,7.457,7.040,6.693
2016-11-10,8.032,7.655,7.379,6.981,6.659
2016-11-09,7.972,7.586,7.296,6.924,6.628
2016-11-08,7.778,7.537,7.204,6.865,6.593
2016-11-07,7.650,7.522,7.120,6.809,6.559
2016-11-04,7.438,7.451,7.016,6.742,6.519
2016-11-03,7.278,7.387,6.923,6.681,6.483
2016-11-02,7.200,7.313,6.845,6.631,6.450
2016-11-01,7.296,7.292,6.798,6.607,6.429
2016-10-31,7.394,7.240,6.744,6.581,6.404
2016-10-28,7.464,7.175,6.691,6.558,6.380
2016-10-27,7.496,7.102,6.644,6.536,6.353
2016-10-26,7.426,7.005,6.593,6.506,6.324
2016-10-25,7.288,6.871,6.529,6.468,6.290
2016-10-24,7.086,6.717,6.453,6.423,6.253
2016-10-21,6.886,6.581,6.388,6.384,6.219
2016-10-20,6.708,6.459,6.328,6.351,6.188
2016-10-19,6.584,6.376,6.290,6.331,6.163
2016-10-18,6.454,6.303,6.264,6.315,6.141
2016-10-17,6.348,6.247,6.251,6.301,6.122
2016-10-14,6.276,6.206,6.250,6.291,6.105
2016-10-13,6.210,6.185,6.253,6.288,6.090
2016-10-12,6.168,6.180,6.256,6.290,6.075
2016-10-11,6.152,6.186,6.267,6.297,6.062
2016-10-10,6.146,6.189,6.277,6.307,6.048
2016-09-30,6.136,6.195,6.285,6.316,6.035
2016-09-29,6.160,6.197,6.297,6.330,6.023
2016-09-28,6.192,6.205,6.308,6.340,6.011
2016-09-27,6.220,6.225,6.321,6.348,5.999
2016-09-26,6.232,6.255,6.327,6.350,5.985
2016-09-23,6.254,6.294,6.333,6.346,5.972
2016-09-22,6.234,6.321,6.339,6.338,5.956
2016-09-21,6.218,6.332,6.345,6.332,5.938
2016-09-20,6.230,6.347,6.353,6.321,5.921
2016-09-19,6.278,6.364,6.365,6.308,5.903
2016-09-14,6.334,6.375,6.377,6.295,5.886
2016-09-13,6.408,6.397,6.396,6.284,5.870
2016-09-12,6.446,6.412,6.407,6.269,5.853
2016-09-09,6.464,6.417,6.410,6.252,5.835
2016-09-08,6.450,6.400,6.397,6.227,5.813
2016-09-07,6.416,6.373,6.372,6.202,5.791
2016-09-06,6.386,6.357,6.346,6.171,5.771
2016-09-05,6.378,6.358,6.332,6.142,5.753
2016-09-02,6.370,6.359,6.308,6.112,5.735
2016-09-01,6.350,6.367,6.280,6.082,5.719
2016-08-31,6.330,6.379,6.254,6.055,5.704
2016-08-30,6.328,6.396,6.228,6.024,5.687
2016-08-29,6.338,6.402,6.198,5.995,5.672
2016-08-26,6.348,6.403,6.169,5.967,5.657
2016-08-25,6.384,6.394,6.141,5.943,5.643
2016-08-24,6.428,6.371,6.116,5.919,5.630
2016-08-23,6.464,6.335,6.077,5.891,5.612
2016-08-22,6.466,6.306,6.034,5.860,5.593
2016-08-19,6.458,6.257,5.989,5.826,5.574
2016-08-18,6.404,6.193,5.939,5.790,5.554
2016-08-17,6.314,6.130,5.892,5.754,5.535
2016-08-16,6.206,6.060,5.838,5.715,5.514
2016-08-15,6.146,5.994,5.791,5.682,5.495
2016-08-12,6.056,5.936,5.749,5.650,5.477
2016-08-11,5.982,5.888,5.718,5.620,5.462
2016-08-10,5.946,5.862,5.693,5.597,5.450
2016-08-09,5.914,5.820,5.669,5.574,5.439
2016-08-08,5.842,5.763,5.637,5.543,5.425
2016-08-05,5.816,5.721,5.611,5.520,5.416
2016-08-04,5.794,5.686,5.588,5.498,5.408
2016-08-03,5.778,5.655,5.565,5.477,5.400
2016-08-02,5.726,5.616,5.542,5.456,5.390
2016-08-01,5.684,5.589,5.526,5.436,5.385
2016-07-29,5.626,5.563,5.506,5.417,5.382
2016-07-28,5.578,5.548,5.486,5.399,5.380
2016-07-27,5.532,5.524,5.465,5.379,5.378
2016-07-26,5.506,5.519,5.451,5.371,5.376
2016-07-25,5.494,5.512,5.433,5.363,5.375
2016-07-22,5.500,5.501,5.419,5.357,5.376
2016-07-21,5.518,5.490,5.403,5.356,5.377
2016-07-20,5.516,5.476,5.388,5.353,5.377
2016-07-19,5.532,5.469,5.375,5.351,5.378
2016-07-18,5.530,5.463,5.360,5.348,5.378
2016-07-15,5.502,5.450,5.344,5.346,5.378
2016-07-14,5.462,5.424,5.324,5.342,5.380
2016-07-13,5.436,5.406,5.306,5.341,5.382
2016-07-12,5.406,5.383,5.297,5.332,5.385
2016-07-11,5.396,5.355,5.289,5.325,5.389
2016-07-08,5.398,5.338,5.285,5.321,5.395
2016-07-07,5.386,5.317,5.288,5.319,5.399
2016-07-06,5.376,5.300,5.291,5.316,5.404
2016-07-05,5.360,5.282,5.291,5.312,5.407
2016-07-04,5.314,5.257,5.291,5.307,5.410
2016-07-01,5.278,5.238,5.293,5.303,5.416
2016-06-30,5.248,5.224,5.301,5.303,5.424
2016-06-29,5.224,5.207,5.308,5.303,5.431
2016-06-28,5.204,5.211,5.307,5.303,5.437
2016-06-27,5.200,5.223,5.309,5.307,5.445
2016-06-24,5.198,5.232,5.313,5.311,5.451
2016-06-23,5.200,5.260,5.319,5.318,5.459
2016-06-22,5.190,5.282,5.323,5.322,5.468
2016-06-21,5.218,5.301,5.327,5.325,5.476
2016-06-20,5.246,5.325,5.332,5.333,5.486
2016-06-17,5.266,5.349,5.336,5.347,5.497
2016-06-16,5.320,5.378,5.343,5.362,5.509
2016-06-15,5.374,5.410,5.351,5.376,5.519
2016-06-14,5.384,5.403,5.349,5.380,5.527
2016-06-13,5.404,5.396,5.349,5.387,5.536
2016-06-08,5.432,5.394,5.350,5.395,5.545
2016-06-07,5.436,5.379,5.347,5.399,5.547
2016-06-06,5.446,5.365,5.342,5.401,5.548
2016-06-03,5.422,5.353,5.337,5.404,5.548
2016-06-02,5.388,5.339,5.337,5.407,5.551
2016-06-01,5.356,5.323,5.346,5.411,5.553
2016-05-31,5.322,5.308,5.353,5.417,5.556
2016-05-30,5.284,5.292,5.359,5.423,5.558
2016-05-27,5.284,5.296,5.369,5.437,5.561
2016-05-26,5.290,5.302,5.382,5.452,5.566
2016-05-25,5.290,5.307,5.395,5.468,5.566
2016-05-24,5.294,5.315,5.409,5.480,5.563
2016-05-23,5.300,5.320,5.419,5.492,5.561
2016-05-20,5.308,5.321,5.430,5.502,5.558
2016-05-19,5.314,5.336,5.441,5.513,5.560
2016-05-18,5.324,5.369,5.454,5.528,5.563
2016-05-17,5.336,5.399,5.471,5.544,5.565
2016-05-16,5.340,5.427,5.488,5.558,5.565
2016-05-13,5.334,5.442,5.507,5.570,5.565
2016-05-12,5.358,5.462,5.527,5.583,5.566
2016-05-11,5.414,5.483,5.548,5.591,5.564
2016-05-10,5.462,5.503,5.562,5.601,5.559
2016-05-09,5.514,5.519,5.578,5.614,5.556
2016-05-06,5.550,5.539,5.592,5.627,5.553
2016-05-05,5.566,5.546,5.601,5.639,5.548
2016-05-04,5.552,5.540,5.607,5.648,5.540
2016-05-03,5.544,5.544,5.616,5.656,5.530
2016-04-29,5.524,5.549,5.624,5.662,5.522
2016-04-28,5.528,5.572,5.633,5.673,5.513
2016-04-27,5.526,5.593,5.643,5.685,5.506
2016-04-26,5.528,5.613,5.645,5.694,5.499
2016-04-25,5.544,5.622,5.649,5.696,5.497
2016-04-22,5.574,5.638,5.661,5.695,5.496
2016-04-21,5.616,5.645,5.671,5.692,5.494
2016-04-20,5.660,5.657,5.686,5.694,5.494
2016-04-19,5.698,5.675,5.702,5.695,5.497
2016-04-18,5.700,5.688,5.712,5.694,5.492
2016-04-15,5.702,5.699,5.718,5.693,5.487
2016-04-14,5.674,5.695,5.724,5.685,5.486
2016-04-13,5.654,5.693,5.731,5.680,5.483
2016-04-12,5.652,5.677,5.735,5.664,5.483
2016-04-11,5.676,5.677,5.732,5.646,5.484
2016-04-08,5.696,5.684,5.723,5.630,5.488
2016-04-07,5.716,5.698,5.716,5.614,5.491
2016-04-06,5.732,5.715,5.712,5.608,5.500
2016-04-05,5.702,5.728,5.705,5.597,5.505
2016-04-01,5.678,5.736,5.697,5.587,5.509
2016-03-31,5.672,5.738,5.689,5.572,5.518
2016-03-30,5.680,5.753,5.680,5.560,5.531
2016-03-29,5.698,5.769,5.674,5.548,5.543
2016-03-28,5.754,5.793,5.657,5.537,5.557
2016-03-25,5.794,5.788,5.631,5.518,5.574
2016-03-24,5.804,5.763,5.602,5.498,5.588
2016-03-23,5.826,5.734,5.572,5.479,5.604
2016-03-22,5.840,5.710,5.554,5.456,5.618
2016-03-21,5.832,5.683,5.532,5.432,5.633
2016-03-18,5.782,5.658,5.512,5.404,5.644
2016-03-17,5.722,5.641,5.488,5.382,5.656
2016-03-16,5.642,5.608,5.463,5.353,5.664
2016-03-15,5.580,5.579,5.438,5.328,5.672
2016-03-14,5.534,5.522,5.409,5.304,5.682
2016-03-11,5.534,5.474,5.382,5.299,5.693
2016-03-10,5.560,5.442,5.365,5.298,5.706
2016-03-09,5.574,5.411,5.351,5.295,5.722
2016-03-08,5.578,5.398,5.328,5.293,5.735
2016-03-07,5.510,5.381,5.306,5.298,5.749
2016-03-04,5.414,5.367,5.277,5.289,5.765
2016-03-03,5.324,5.336,5.253,5.282,5.783
2016-03-02,5.248,5.319,5.226,5.286,5.805
2016-03-01,5.218,5.297,5.202,5.286,5.819
2016-02-29,5.252,5.296,5.195,5.303,5.835
2016-02-26,5.320,5.291,5.211,5.321,5.853
2016-02-25,5.348,5.288,5.225,5.346,5.877
2016-02-24,5.390,5.292,5.236,5.367,5.903
2016-02-23,5.376,5.259,5.241,5.392,5.923
2016-02-22,5.340,5.231,5.257,5.413,5.946
2016-02-19,5.262,5.187,5.250,5.430,5.968
2016-02-18,5.228,5.170,5.255,5.465,5.993
2016-02-17,5.194,5.133,5.270,5.501,6.016
2016-02-16,5.142,5.107,5.280,5.538,6.039
2016-02-15,5.122,5.095,5.306,5.577,6.067
2016-02-05,5.112,5.131,5.336,5.630,6.096
2016-02-04,5.112,5.163,5.374,5.679,6.126
2016-02-03,5.072,5.181,5.404,5.729,6.157
2016-02-02,5.072,5.223,5.459,5.781,6.191
2016-02-01,5.068,5.283,5.504,5.834,6.224
2016-01-29,5.150,5.314,5.552,5.883,6.258
2016-01-28,5.214,5.340,5.612,5.929,6.289
2016-01-27,5.290,5.407,5.685,5.974,6.311
2016-01-26,5.374,5.454,5.753,6.016,6.327
2016-01-25,5.498,5.517,5.817,6.060,6.345
2016-01-22,5.478,5.541,5.880,6.087,6.358
2016-01-21,5.466,5.586,5.936,6.115,6.371
2016-01-20,5.524,5.627,6.003,6.149,6.385
2016-01-19,5.534,5.695,6.059,6.176,6.399
2016-01-18,5.536,5.725,6.109,6.200,6.410
2016-01-15,5.604,5.790,6.167,6.240,6.428
2016-01-14,5.706,5.885,6.223,6.284,6.446
2016-01-13,5.730,5.964,6.257,6.323,6.460
2016-01-12,5.856,6.052,6.296,6.351,6.474
2016-01-11,5.914,6.118,6.332,6.367,6.482
2016-01-08,5.976,6.219,6.359,6.385,6.492
2016-01-07,6.064,6.287,6.379,6.409,6.498
2016-01-06,6.198,6.379,6.410,6.439,6.504
2016-01-05,6.248,6.424,6.416,6.454,6.503
2016-01-04,6.322,6.493,6.438,6.478,6.506
2015-12-31,6.462,6.545,6.464,6.505,6.506
2015-12-30,6.510,6.562,6.483,6.520,6.500
2015-12-29,6.560,6.551,6.503,6.531,6.489
2015-12-28,6.600,6.541,6.501,6.541,6.478
2015-12-25,6.664,6.546,6.491,6.556,6.471
2015-12-24,6.628,6.500,6.468,6.562,6.460
2015-12-23,6.614,6.471,6.470,6.573,6.452
2015-12-22,6.542,6.442,6.470,6.585,6.442
2015-12-21,6.482,6.409,6.470,6.601,6.436
2015-12-18,6.428,6.382,6.471,6.614,6.429
2015-12-17,6.372,6.384,6.484,6.634,6.425
2015-12-16,6.328,6.404,6.499,6.648,6.418
2015-12-15,6.342,6.455,6.521,6.647,6.417
2015-12-14,6.336,6.461,6.541,6.639,6.409
2015-12-11,6.336,6.436,6.561,6.630,6.404
2015-12-10,6.396,6.435,6.593,6.629,6.400
2015-12-09,6.480,6.469,6.623,6.626,6.396
2015-12-08,6.568,6.497,6.657,6.621,6.392
2015-12-07,6.586,6.530,6.697,6.622,6.386
2015-12-04,6.536,6.560,6.729,6.620,6.376
2015-12-03,6.474,6.585,6.758,6.617,6.372
2015-12-02,6.458,6.594,6.770,6.608,6.364
2015-12-01,6.426,6.586,6.743,6.596,6.352
2015-11-30,6.474,6.621,6.727,6.596,6.344
2015-11-27,6.584,6.687,6.726,6.597,6.331
2015-11-26,6.696,6.751,6.726,6.600,6.311
2015-11-25,6.730,6.778,6.705,6.586,6.289
2015-11-24,6.746,6.817,6.683,6.568,6.276
2015-11-23,6.768,6.863,6.667,6.552,6.274
2015-11-20,6.790,6.899,6.650,6.534,6.275
2015-11-19,6.806,6.932,6.632,6.508,6.279
2015-11-18,6.826,6.946,6.615,6.480,6.281
2015-11-17,6.888,6.901,6.601,6.448,6.294
2015-11-16,6.958,6.834,6.584,6.414,6.308
2015-11-13,7.008,6.766,6.552,6.385,6.322
2015-11-12,7.058,6.702,6.524,6.357,6.336
2015-11-11,7.066,6.632,6.490,6.331,6.348
2015-11-10,6.914,6.548,6.444,6.299,6.361
2015-11-09,6.710,6.472,6.396,6.271,6.362
2015-11-06,6.524,6.402,6.351,6.245,6.362
2015-11-05,6.346,6.333,6.296,6.216,6.365
2015-11-04,6.198,6.284,6.246,6.188,6.371
2015-11-03,6.182,6.301,6.221,6.186,6.384
2015-11-02,6.234,6.334,6.205,6.180,6.398
2015-10-30,6.280,6.339,6.194,6.179,6.410
2015-10-29,6.320,6.346,6.185,6.171,6.428
2015-10-28,6.370,6.348,6.181,6.166,6.440
2015-10-27,6.420,6.340,6.175,6.162,6.456
2015-10-26,6.434,6.321,6.171,6.150,6.484
2015-10-23,6.398,6.301,6.166,6.132,6.513
2015-10-22,6.372,6.259,6.157,6.127,6.539
2015-10-21,6.326,6.209,6.141,6.119,6.569
2015-10-20,6.260,6.141,6.128,6.109,6.597
2015-10-19,6.208,6.075,6.103,6.091,6.626
2015-10-16,6.204,6.049,6.099,6.064,6.653
2015-10-15,6.146,6.024,6.083,6.022,6.680
2015-10-14,6.092,6.014,6.075,5.991,6.710
2015-10-13,6.022,6.010,6.074,5.983,6.753
2015-10-12,5.942,6.021,6.065,5.996,6.795
2015-10-09,5.894,6.031,6.048,6.017,6.825
2015-10-08,5.902,6.055,6.061,6.051,6.845
2015-09-30,5.936,6.072,6.075,6.082,6.873
2015-09-29,5.998,6.115,6.093,6.140,6.896
2015-09-28,6.100,6.131,6.099,6.202,6.913
2015-09-25,6.168,6.148,6.071,6.259,6.937
2015-09-24,6.208,6.142,6.021,6.314,6.967
2015-09-23,6.208,6.135,5.980,6.364,7.003
2015-09-22,6.232,6.137,5.970,6.423,7.029
2015-09-21,6.162,6.109,5.983,6.453,7.053
2015-09-18,6.128,6.065,6.010,6.480,7.086
2015-09-17,6.076,6.066,6.049,6.515,7.123
2015-09-16,6.062,6.077,6.087,6.553,7.160
2015-09-15,6.042,6.070,6.152,6.581,7.190
2015-09-14,6.056,6.067,6.238,6.616,7.238
2015-09-11,6.002,5.994,6.315,6.642,7.290
2015-09-10,6.056,5.900,6.400,6.684,7.341
2015-09-09,6.092,5.825,6.479,6.714,7.401
2015-09-08,6.098,5.802,6.566,6.750,7.461
2015-09-07,6.078,5.857,6.625,6.817,7.525
2015-09-02,5.986,5.954,6.688,6.893,7.592
2015-09-01,5.744,6.031,6.739,6.952,7.657
2015-08-31,5.558,6.097,6.792,7.018,7.727
2015-08-28,5.506,6.234,6.837,7.086,7.794
2015-08-27,5.636,6.408,6.890,7.161,7.857
2015-08-26,5.922,6.636,6.966,7.243,7.933
2015-08-25,6.318,6.899,7.077,7.337,8.017
2015-08-24,6.636,7.133,7.159,7.428,8.091
2015-08-21,6.962,7.329,7.225,7.523,8.148
2015-08-20,7.180,7.394,7.298,7.594,8.198
2015-08-19,7.350,7.421,7.362,7.632,8.258
2015-08-18,7.480,7.448,7.412,7.640,8.323
2015-08-17,7.630,7.486,7.479,7.663,8.388
2015-08-14,7.696,7.440,7.512,7.652,8.434
2015-08-13,7.608,7.372,7.537,7.623,8.467
2015-08-12,7.492,7.296,7.546,7.615,8.500
2015-08-11,7.416,7.254,7.557,7.620,8.534
2015-08-10,7.342,7.184,7.576,7.642,8.560
2015-08-07,7.184,7.120,7.620,7.635,8.588
2015-08-06,7.136,7.201,7.695,7.652,8.630
2015-08-05,7.100,7.304,7.738,7.691,8.678
2015-08-04,7.092,7.377,7.736,7.731,8.729
2015-08-03,7.026,7.471,7.752,7.766,8.775
2015-07-31,7.056,7.584,7.758,7.799,8.820
2015-07-30,7.266,7.702,7.749,7.861,8.862
2015-07-29,7.508,7.796,7.774,7.938,8.921
2015-07-28,7.662,7.859,7.803,7.997,8.980
2015-07-27,7.916,7.968,7.872,8.087,9.064
2015-07-24,8.112,8.119,7.893,8.172,9.126
2015-07-23,8.138,8.188,7.878,8.232,9.157
2015-07-22,8.084,8.172,7.885,8.292,9.194
2015-07-21,8.056,8.094,7.908,8.361,9.228
2015-07-20,8.020,8.033,7.913,8.436,9.247
2015-07-17,8.126,7.932,7.907,8.501,9.267
2015-07-16,8.238,7.795,7.940,8.553,9.290
2015-07-15,8.260,7.752,8.008,8.623,9.314
2015-07-14,8.132,7.747,8.065,8.696,9.347
2015-07-13,8.046,7.775,8.147,8.754,9.364
2015-07-10,7.738,7.666,8.199,8.773,9.358
2015-07-09,7.352,7.568,8.253,8.802,9.351
2015-07-08,7.244,7.597,8.351,8.884,9.350
2015-07-07,7.362,7.721,8.494,9.005,9.359
2015-07-06,7.504,7.793,8.637,9.112,9.358
2015-07-03,7.594,7.882,8.786,9.215,9.364
2015-07-02,7.784,8.086,8.932,9.312,9.381
2015-07-01,7.950,8.265,9.058,9.385,9.384
2015-06-30,8.080,8.384,9.170,9.447,9.379
2015-06-29,8.082,8.519,9.243,9.478,9.366
2015-06-26,8.170,8.732,9.327,9.540,9.367
2015-06-25,8.388,8.939,9.419,9.608,9.366
2015-06-24,8.580,9.106,9.527,9.664,9.361
2015-06-23,8.688,9.268,9.647,9.727,9.340
2015-06-19,8.956,9.482,9.771,9.785,9.318
2015-06-18,9.294,9.690,9.882,9.841,9.297
2015-06-17,9.490,9.778,9.924,9.862,9.264
2015-06-16,9.632,9.852,9.945,9.904,9.225
2015-06-15,9.848,9.957,9.979,9.963,9.187
2015-06-12,10.008,9.967,9.957,10.041,9.140
2015-06-11,10.086,9.922,9.944,10.079,9.087
2015-06-10,10.066,9.899,9.943,10.083,9.032
2015-06-09,10.072,9.949,9.943,10.095,8.971
2015-06-08,10.066,10.027,9.956,10.095,8.907
2015-06-05,9.926,10.060,9.936,10.058,8.836
2015-06-04,9.758,10.074,9.917,10.033,8.768
2015-06-03,9.732,10.071,9.904,10.028,8.707
2015-06-02,9.826,10.039,9.929,10.005,8.643
2015-06-01,9.988,10.001,9.966,9.998,8.576
2015-05-29,10.194,9.947,10.078,9.974,8.514
2015-05-28,10.390,9.967,10.158,9.942,8.462
2015-05-27,10.410,9.987,10.175,9.899,8.406
2015-05-26,10.252,9.938,10.168,9.817,8.339
2015-05-25,10.014,9.885,10.129,9.712,8.264
2015-05-22,9.700,9.812,10.057,9.605,8.192
2015-05-21,9.544,9.760,10.012,9.513,8.120
2015-05-20,9.564,9.737,10.006,9.451,8.059
2015-05-19,9.624,9.820,9.988,9.382,7.999
2015-05-18,9.756,9.932,9.997,9.311,7.936
2015-05-15,9.924,10.209,9.987,9.254,7.880
2015-05-14,9.976,10.348,9.930,9.193,7.818
2015-05-13,9.910,10.363,9.856,9.124,7.752
2015-05-12,10.016,10.399,9.756,9.057,7.680
2015-05-11,10.108,10.373,9.625,8.953,7.599
2015-05-08,10.494,10.301,9.501,8.851,7.525
2015-05-07,10.720,10.264,9.389,8.753,7.460
2015-05-06,10.816,10.275,9.308,8.665,7.401
2015-05-05,10.782,10.156,9.164,8.547,7.319
2015-05-04,10.638,10.061,9.000,8.411,7.237
2015-04-30,10.108,9.765,8.777,8.239,7.138
2015-04-29,9.808,9.511,8.616,8.094,7.060
2015-04-28,9.734,9.348,8.504,7.980,7.002
2015-04-27,9.530,9.113,8.386,7.847,6.933
2015-04-24,9.484,8.877,8.242,7.719,6.869
2015-04-23,9.422,8.701,8.126,7.615,6.817
2015-04-22,9.214,8.514,7.997,7.504,6.765
2015-04-21,8.962,8.340,7.860,7.387,6.707
2015-04-20,8.696,8.171,7.742,7.281,6.652
2015-04-17,8.270,7.939,7.586,7.154,6.599
2015-04-16,7.980,7.788,7.475,7.055,6.559
2015-04-15,7.814,7.721,7.386,6.982,6.525
2015-04-14,7.718,7.660,7.296,6.913,6.493
2015-04-13,7.646,7.658,7.214,6.861,6.466
2015-04-10,7.608,7.608,7.141,6.817,6.448
2015-04-09,7.596,7.551,7.072,6.780,6.433
2015-04-08,7.628,7.480,6.998,6.727,6.426
2015-04-07,7.602,7.380,6.910,6.667,6.414
2015-04-03,7.670,7.314,6.836,6.615,6.409
2015-04-02,7.608,7.233,6.762,6.561,6.405
2015-04-01,7.506,7.163,6.689,6.505,6.399
2015-03-31,7.332,7.050,6.612,6.442,6.392
2015-03-30,7.158,6.932,6.540,6.380,6.376
2015-03-27,6.958,6.770,6.462,6.302,6.356
2015-03-26,6.858,6.673,6.421,6.246,6.337
2015-03-25,6.820,6.593,6.395,6.200,6.325
2015-03-24,6.768,6.517,6.351,6.167,6.324
2015-03-23,6.706,6.440,6.311,6.137,6.325
2015-03-20,6.582,6.357,6.265,6.090,6.313
2015-03-19,6.488,6.290,6.225,6.062,6.302
2015-03-18,6.366,6.214,6.176,6.038,6.288
2015-03-17,6.266,6.175,6.138,6.027,6.278
2015-03-16,6.174,6.148,6.103,6.023,6.260
2015-03-13,6.132,6.154,6.068,6.020,6.245
2015-03-12,6.092,6.170,6.032,6.019,6.231
2015-03-11,6.062,6.196,6.003,6.019,6.211
2015-03-10,6.084,6.185,5.992,6.027,6.194
2015-03-09,6.122,6.182,5.986,6.026,6.169
2015-03-06,6.176,6.173,5.957,6.023,6.146
2015-03-05,6.248,6.159,5.948,6.044,6.120
2015-03-04,6.330,6.138,5.950,6.064,6.092
2015-03-03,6.286,6.101,5.952,6.069,6.060
2015-03-02,6.242,6.059,5.961,6.072,6.026
2015-02-27,6.170,5.983,5.952,6.071,5.987
2015-02-26,6.070,5.895,5.944,6.079,5.948
2015-02-25,5.946,5.810,5.931,6.086,5.907
2015-02-17,5.916,5.799,5.947,6.124,5.874
2015-02-16,5.876,5.789,5.949,6.160,5.838
2015-02-13,5.796,5.740,5.948,6.204,5.800
2015-02-12,5.720,5.737,5.987,6.249,5.764
2015-02-11,5.674,5.762,6.027,6.293,5.730
2015-02-10,5.682,5.804,6.053,6.343,5.699
2015-02-09,5.702,5.863,6.079,6.373,5.669
2015-02-06,5.684,5.922,6.116,6.409,5.642
2015-02-05,5.754,5.992,6.172,6.429,5.616
2015-02-04,5.850,6.052,6.224,6.451,5.590
2015-02-03,5.926,6.096,6.287,6.480,5.560
2015-02-02,6.024,6.108,6.345,6.513,5.523
2015-01-30,6.160,6.156,6.436,6.537,5.494
2015-01-29,6.230,6.236,6.506,6.542,5.458
2015-01-28,6.254,6.291,6.559,6.538,5.421
2015-01-27,6.266,6.301,6.612,6.529,5.377
2015-01-26,6.192,6.294,6.628,6.497,5.329
2015-01-23,6.152,6.309,6.653,6.470,5.283
2015-01-22,6.242,6.351,6.647,6.443,5.235
2015-01-21,6.328,6.395,6.651,6.402,5.187
2015-01-20,6.336,6.477,6.672,6.361,5.135
2015-01-19,6.396,6.582,6.715,6.312,5.089
2015-01-16,6.466,6.715,6.727,6.269,5.044
2015-01-15,6.460,6.775,6.694,6.196,4.988
2015-01-14,6.462,6.827,6.661,6.121,4.933
2015-01-13,6.618,6.923,6.643,6.051,4.884
2015-01-12,6.768,6.962,6.598,5.980,4.835
2015-01-09,6.964,6.997,6.551,5.903,4.787
2015-01-08,7.090,6.943,6.488,5.816,4.733
2015-01-07,7.192,6.907,6.406,5.728,4.680
2015-01-06,7.228,6.868,6.302,5.625,4.619
2015-01-05,7.156,6.849,6.177,5.516,4.560
2014-12-31,7.030,6.740,6.045,5.397,4.496
2014-12-30,6.796,6.614,5.906,5.279,4.432
2014-12-29,6.622,6.496,5.768,5.167,4.369
2014-12-26,6.508,6.364,5.615,5.056,4.304
2014-12-25,6.542,6.235,5.489,4.965,4.248
2014-12-24,6.450,6.105,5.355,4.874,4.193
2014-12-23,6.432,6.034,5.252,4.804,4.148
2014-12-22,6.370,5.905,5.138,4.728,4.097
2014-12-19,6.220,5.737,5.003,4.639,4.040
2014-12-18,5.928,5.506,4.850,4.532,3.981
2014-12-17,5.760,5.351,4.726,4.451,3.933
2014-12-16,5.636,5.198,4.612,4.375,3.889
2014-12-15,5.440,5.041,4.503,4.304,3.845
2014-12-12,5.254,4.867,4.402,4.225,3.802
2014-12-11,5.084,4.743,4.331,4.160,3.768
2014-12-10,4.942,4.606,4.259,4.096,3.733
2014-12-09,4.760,4.471,4.189,4.028,3.699
2014-12-08,4.642,4.372,4.140,3.971,3.671
2014-12-05,4.480,4.270,4.091,3.910,3.642
2014-12-04,4.402,4.194,4.046,3.866,3.621
2014-12-03,4.270,4.100,4.001,3.819,3.596
2014-12-02,4.182,4.026,3.963,3.780,3.574
2014-12-01,4.102,3.965,3.936,3.744,3.553
2014-11-28,4.060,3.936,3.904,3.717,3.535
2014-11-27,3.986,3.918,3.869,3.690,3.518
2014-11-26,3.930,3.911,3.841,3.671,3.503
2014-11-25,3.870,3.907,3.807,3.650,3.488
2014-11-24,3.828,3.908,3.771,3.632,3.474
2014-11-21,3.812,3.911,3.730,3.613,3.460
2014-11-20,3.850,3.897,3.703,3.603,3.450
2014-11-19,3.892,3.902,3.679,3.595,3.441
2014-11-18,3.944,3.900,3.658,3.584,3.431
2014-11-17,3.988,3.906,3.634,3.570,3.421
2014-11-14,4.010,3.872,3.607,3.552,3.409
2014-11-13,3.944,3.820,3.577,3.531,3.394
2014-11-12,3.912,3.770,3.551,3.512,3.380
2014-11-11,3.856,3.707,3.522,3.491,3.366
2014-11-10,3.824,3.634,3.494,3.467,3.352
2014-11-07,3.734,3.549,3.465,3.441,3.336
2014-11-06,3.696,3.508,3.457,3.430,3.328
2014-11-05,3.628,3.456,3.441,3.415,3.317
2014-11-04,3.558,3.415,3.426,3.403,3.308
2014-11-03,3.444,3.362,3.402,3.386,3.297
2014-10-31,3.364,3.342,3.391,3.379,3.290
2014-10-30,3.320,3.333,3.387,3.376,3.284
2014-10-29,3.284,3.331,3.384,3.371,3.278
2014-10-28,3.272,3.337,3.384,3.369,3.275
2014-10-27,3.280,3.353,3.383,3.371,3.273
2014-10-24,3.320,3.380,3.387,3.375,3.272
2014-10-23,3.346,3.405,3.391,3.376,3.269
2014-10-22,3.378,3.426,3.394,3.373,3.265
2014-10-21,3.402,3.438,3.397,3.369,3.259
2014-10-20,3.426,3.443,3.398,3.363,3.254
2014-10-17,3.440,3.441,3.397,3.354,3.247
2014-10-16,3.464,3.441,3.397,3.345,3.239
2014-10-15,3.474,3.436,3.391,3.335,3.231
2014-10-14,3.474,3.430,3.385,3.326,3.222
2014-10-13,3.460,3.413,3.380,3.317,3.212
2014-10-10,3.442,3.394,3.373,3.308,3.201
2014-10-09,3.418,3.378,3.361,3.297,3.189
2014-10-08,3.398,3.362,3.347,3.287,3.178
2014-09-30,3.386,3.357,3.334,3.278,3.167
2014-09-29,3.366,3.354,3.323,3.272,3.158
2014-09-26,3.346,3.353,3.311,3.266,3.149
2014-09-25,3.338,3.353,3.297,3.257,3.140
2014-09-24,3.326,3.346,3.284,3.249,3.130
2014-09-23,3.328,3.340,3.274,3.241,-1
2014-09-22,3.342,3.347,3.269,3.237,-1
2014-09-19,3.360,3.351,3.265,3.232,-1
2014-09-18,3.368,3.344,3.256,3.225,-1
2014-09-17,3.366,3.331,3.249,3.220,-1
2014-09-16,3.352,3.311,3.239,3.213,-1
2014-09-15,3.352,3.291,3.231,3.208,-1
2014-09-12,3.342,3.269,3.222,3.201,-1
2014-09-11,3.320,3.241,3.209,3.193,-1
2014-09-10,3.296,3.223,3.200,3.186,-1
2014-09-09,3.270,3.208,3.192,3.181,-1
2014-09-05,3.230,3.190,3.182,3.176,-1
2014-09-04,3.196,3.178,3.173,3.169,-1
2014-09-03,3.162,3.168,3.166,3.163,-1
2014-09-02,3.150,3.167,3.164,3.157,-1
2014-09-01,3.146,3.167,3.164,3.150,-1
2014-08-29,3.150,3.171,3.167,3.145,-1
2014-08-28,3.160,3.175,3.167,3.140,-1
2014-08-27,3.174,3.177,3.169,3.133,-1
2014-08-26,3.184,3.177,3.168,3.127,-1
2014-08-25,3.188,3.175,3.168,3.117,-1
2014-08-22,3.192,3.173,3.169,3.106,-1
2014-08-21,3.190,3.167,3.165,3.094,-1
2014-08-20,3.180,3.163,3.160,3.082,-1
2014-08-19,3.170,3.161,3.152,3.068,-1
2014-08-18,3.162,3.161,3.142,3.057,-1
2014-08-15,3.154,3.162,3.132,3.045,-1
2014-08-14,3.144,3.159,3.123,3.033,-1
2014-08-13,3.146,3.160,3.111,3.022,-1
2014-08-12,3.152,3.158,3.103,3.011,-1
2014-08-11,3.160,3.161,3.088,-1,-1
2014-08-08,3.170,3.164,3.073,-1,-1
2014-08-07,3.174,3.163,3.058,-1,-1
2014-08-06,3.174,3.157,3.041,-1,-1
2014-08-05,3.164,3.143,3.022,-1,-1
2014-08-04,3.162,3.123,3.004,-1,-1
2014-08-01,3.158,3.102,2.986,-1,-1
2014-07-31,3.152,3.086,2.970,-1,-1
2014-07-30,3.140,3.062,2.954,-1,-1
2014-07-29,3.122,3.047,2.938,-1,-1
2014-07-28,3.084,3.016,-1,-1,-1
2014-07-25,3.046,2.982,-1,-1,-1
2014-07-24,3.020,2.952,-1,-1,-1
2014-07-23,2.984,2.925,-1,-1,-1
2014-07-22,2.972,2.901,-1,-1,-1
2014-07-21,2.948,2.886,-1,-1,-1
2014-07-18,2.918,2.870,-1,-1,-1
2014-07-17,2.884,2.854,-1,-1,-1
2014-07-16,2.866,2.845,-1,-1,-1
2014-07-15,2.830,2.828,-1,-1,-1
2014-07-14,2.824,-1,-1,-1,-1
2014-07-11,2.822,-1,-1,-1,-1
2014-07-10,2.824,-1,-1,-1,-1
2014-07-09,2.824,-1,-1,-1,-1
2014-07-08,2.826,-1,-1,-1,-1
2014-07-07,-1,-1,-1,-1,-1
2014-07-04,-1,-1,-1,-1,-1
2014-07-03,-1,-1,-1,-1,-1
2014-07-02,-1,-1,-1,-1,-1
