date,open,high,close,low,volume,price_change,p_change,ma5,ma10,ma20,v_ma5,v_ma10,v_ma20,turnover
2017-06-30,26.67,26.86,25.23,23.22,274550.72,-1.4,-5.26,30.186,33.924,43.303,361026.67,388879.86,557213.31,67.92
2017-05-31,29.19,31.33,26.63,25.7,193168.69,-2.57,-8.8,31.418,35.197,44.366,356705.84,447640.83,573840.52,47.78
2017-04-28,35.5,39.95,29.2,25.61,362296.19,-7.3,-20.0,32.844,39.161,45.474,382345.78,534665.03,597632.51,89.62
2017-03-31,33.37,38.58,36.5,32.9,748709.19,3.13,9.38,35.06,41.938,46.559,313640.66,554232.24,613321.6,185.21
2017-02-28,31.5,33.66,33.37,31.01,226408.58,1.98,6.31,35.52,43.924,47.278,272352.38,559946.69,603651.06,56.01
2017-01-26,34.0,39.0,31.39,30.22,252946.53,-2.37,-7.02,37.662,45.387,48.348,416733.05,598730.35,632669.71,62.57
2016-12-30,38.99,38.99,33.76,32.25,321368.41,-6.52,-16.19,38.976,46.658,49.761,538575.82,642573.06,664313.31,71.61
2016-10-10,39.13,40.5,40.28,38.95,18770.61,1.48,3.81,45.478,48.517,51.215,686984.29,747842.22,695490.12,5.69
2016-09-30,43.36,44.84,38.8,37.42,542267.75,-5.28,-11.98,48.816,52.309,52.309,794823.83,763162.07,763162.07,164.32
2016-08-31,37.02,47.97,44.08,35.45,948311.94,6.12,16.12,52.328,53.81,53.81,847541.01,787705.89,787705.89,287.37
2016-07-29,44.5,48.0,37.96,37.46,862160.38,-28.31,-42.72,53.112,55.026,55.026,780727.65,767630.13,767630.13,261.26
2016-06-30,56.96,73.55,66.27,54.51,1063410.75,9.3,16.32,54.34,57.464,57.464,746570.3,754125.81,754125.81,483.37
2016-05-31,56.29,59.43,56.97,45.03,557968.31,0.61,1.08,51.556,55.997,55.997,808700.15,702578.32,702578.32,253.62
2016-04-29,47.85,63.88,56.36,46.51,805853.69,8.36,17.42,55.802,55.802,55.802,731500.32,731500.32,731500.32,366.3
2016-03-31,43.5,50.0,48.0,40.02,614245.12,3.9,8.84,55.663,55.663,55.663,712911.98,712911.98,712911.98,279.2
2016-02-29,51.7,62.0,44.1,44.1,691373.62,-8.25,-15.76,58.217,58.217,58.217,745800.93,745800.93,745800.93,314.26
2016-01-29,71.6,95.0,52.35,46.51,1374060.0,-25.85,-33.06,65.275,65.275,65.275,773014.58,773014.58,773014.58,624.57
2015-12-31,15.98,80.12,78.2,15.98,171969.16,5.33,44.01,78.2,78.2,78.2,171969.16,171969.16,171969.16,78.17
