Not
2017-03-17@15:00:00,0.615,0.939,-0.324
2017-03-17@14:00:00,0.895,1.020,-0.125
2017-03-17@11:30:00,1.052,1.051,0.001
2017-03-17@10:30:00,1.240,1.051,0.189
2017-03-16@15:00:00,1.433,1.004,0.429
2017-03-16@14:00:00,1.359,0.897,0.463
2017-03-16@11:30:00,1.261,0.781,0.480
2017-03-16@10:30:00,1.139,0.661,0.478
2017-03-15@15:00:00,1.065,0.542,0.523
2017-03-15@14:00:00,0.856,0.411,0.445
2017-03-15@11:30:00,0.577,0.300,0.277
2017-03-15@10:30:00,0.212,0.230,-0.019
2017-03-14@15:00:00,0.027,0.235,-0.208
2017-03-14@14:00:00,0.116,0.287,-0.172
2017-03-14@11:30:00,0.206,0.330,-0.123
2017-03-14@10:30:00,0.420,0.361,0.060
2016-12-22@15:00:00,0.576,0.346,0.230
2016-12-22@14:00:00,0.553,0.288,0.265
2016-12-22@11:30:00,0.505,0.222,0.283
2016-12-22@10:30:00,0.458,0.151,0.307
2016-12-21@15:00:00,0.411,0.074,0.336
2016-12-21@14:00:00,0.302,-0.010,0.311
2016-12-21@11:30:00,0.208,-0.088,0.295
2016-12-21@10:30:00,0.122,-0.161,0.283
2016-12-20@15:00:00,0.012,-0.232,0.244
2016-12-20@14:00:00,-0.038,-0.293,0.255
2016-12-20@11:30:00,-0.057,-0.357,0.300
2016-12-20@10:30:00,-0.117,-0.432,0.315
2016-12-19@15:00:00,-0.187,-0.511,0.323
2016-12-19@14:00:00,-0.239,-0.592,0.352
2016-12-19@11:30:00,-0.291,-0.680,0.389
2016-12-19@10:30:00,-0.394,-0.777,0.383
2016-12-16@15:00:00,-0.499,-0.873,0.373
2016-12-16@14:00:00,-0.575,-0.966,0.391
2016-12-16@11:30:00,-0.674,-1.064,0.390
2016-12-16@10:30:00,-0.801,-1.161,0.360
2016-12-15@15:00:00,-0.879,-1.251,0.373
2016-12-15@14:00:00,-0.955,-1.345,0.389
2016-12-15@11:30:00,-1.071,-1.442,0.371
2016-12-15@10:30:00,-1.262,-1.534,0.273
2016-12-14@15:00:00,-1.415,-1.603,0.188
2016-12-14@14:00:00,-1.550,-1.650,0.099
2016-12-14@11:30:00,-1.763,-1.674,-0.089
2016-12-14@10:30:00,-1.887,-1.652,-0.235
2016-12-13@15:00:00,-1.920,-1.594,-0.326
2016-12-13@14:00:00,-1.927,-1.512,-0.415
2016-12-13@11:30:00,-1.924,-1.408,-0.516
2016-12-13@10:30:00,-1.883,-1.279,-0.603
2016-12-12@15:00:00,-1.700,-1.129,-0.571
2016-12-12@14:00:00,-1.483,-0.986,-0.497
2016-12-12@11:30:00,-1.240,-0.862,-0.378
2016-12-12@10:30:00,-0.993,-0.767,-0.226
2016-12-09@15:00:00,-0.891,-0.710,-0.181
2016-12-09@14:00:00,-0.894,-0.665,-0.229
2016-12-09@11:30:00,-0.896,-0.608,-0.288
2016-12-09@10:30:00,-0.878,-0.536,-0.342
2016-12-08@15:00:00,-0.841,-0.451,-0.391
2016-12-08@14:00:00,-0.786,-0.353,-0.433
2016-12-08@11:30:00,-0.736,-0.245,-0.491
2016-12-08@10:30:00,-0.649,-0.122,-0.527
2016-12-07@15:00:00,-0.579,0.010,-0.589
2016-12-07@14:00:00,-0.542,0.157,-0.700
2016-12-07@11:30:00,-0.478,0.332,-0.810
2016-12-07@10:30:00,-0.329,0.535,-0.863
2016-12-06@15:00:00,-0.077,0.751,-0.827
2016-12-06@14:00:00,0.133,0.957,-0.825
2016-12-06@11:30:00,0.360,1.164,-0.804
2016-12-06@10:30:00,0.648,1.365,-0.717
2016-12-05@15:00:00,0.967,1.544,-0.577
2016-12-05@14:00:00,1.339,1.688,-0.349
2016-12-05@11:30:00,1.553,1.775,-0.222
2016-12-05@10:30:00,1.744,1.831,-0.086
2016-12-02@15:00:00,1.840,1.852,-0.012
2016-12-02@14:00:00,1.940,1.855,0.085
2016-12-02@11:30:00,2.064,1.834,0.230
2016-12-02@10:30:00,2.241,1.777,0.464
2016-12-01@15:00:00,2.309,1.661,0.648
2016-12-01@14:00:00,2.242,1.499,0.743
2016-12-01@11:30:00,2.108,1.313,0.795
2016-12-01@10:30:00,1.912,1.114,0.798
2016-11-30@15:00:00,1.706,0.915,0.791
2016-11-30@14:00:00,1.471,0.717,0.754
2016-11-30@11:30:00,1.127,0.528,0.599
2016-11-30@10:30:00,0.745,0.379,0.366
2016-10-13@15:00:00,0.194,0.287,-0.093
2016-10-13@14:00:00,0.203,0.310,-0.108
2016-10-13@11:30:00,0.230,0.337,-0.107
2016-10-13@10:30:00,0.270,0.364,-0.094
2016-10-12@15:00:00,0.378,0.388,-0.009
2016-10-12@14:00:00,0.457,0.390,0.067
2016-10-12@11:30:00,0.520,0.373,0.147
2016-10-12@10:30:00,0.517,0.336,0.181
2016-10-11@15:00:00,0.539,0.291,0.248
2016-10-11@14:00:00,0.534,0.229,0.305
2016-10-11@11:30:00,0.539,0.153,0.386
2016-10-11@10:30:00,0.483,0.056,0.427
2016-10-10@15:00:00,0.458,-0.050,0.509
2016-10-10@14:00:00,0.336,-0.177,0.513
2016-10-10@11:30:00,0.190,-0.306,0.495
2016-10-10@10:30:00,0.012,-0.430,0.441
2016-09-30@15:00:00,-0.125,-0.540,0.415
2016-09-30@14:00:00,-0.298,-0.644,0.346
2016-09-30@11:30:00,-0.350,-0.730,0.381
2016-09-30@10:30:00,-0.414,-0.825,0.411
2016-09-29@15:00:00,-0.510,-0.928,0.418
2016-09-29@14:00:00,-0.651,-1.033,0.382
2016-09-29@11:30:00,-0.874,-1.128,0.254
2016-09-29@10:30:00,-1.005,-1.192,0.187
2016-09-28@15:00:00,-1.125,-1.238,0.113
2016-09-28@14:00:00,-1.206,-1.267,0.060
2016-09-28@11:30:00,-1.303,-1.282,-0.022
2016-09-28@10:30:00,-1.394,-1.276,-0.118
2016-09-27@15:00:00,-1.457,-1.247,-0.210
2016-09-27@14:00:00,-1.512,-1.194,-0.317
2016-09-27@11:30:00,-1.500,-1.115,-0.384
2016-09-27@10:30:00,-1.437,-1.019,-0.418
2016-09-26@15:00:00,-1.316,-0.915,-0.401
2016-09-26@14:00:00,-1.177,-0.814,-0.363
2016-09-26@11:30:00,-0.979,-0.724,-0.255
2016-09-26@10:30:00,-0.815,-0.660,-0.155
2016-09-23@15:00:00,-0.559,-0.621,0.062
2016-09-23@14:00:00,-0.546,-0.637,0.090
2016-09-23@11:30:00,-0.606,-0.659,0.053
2016-09-23@10:30:00,-0.724,-0.672,-0.052
2016-09-22@15:00:00,-0.717,-0.660,-0.057
2016-09-22@14:00:00,-0.696,-0.645,-0.051
2016-09-22@11:30:00,-0.684,-0.632,-0.051
2016-09-22@10:30:00,-0.677,-0.620,-0.058
2016-09-21@15:00:00,-0.675,-0.605,-0.070
2016-09-21@14:00:00,-0.644,-0.588,-0.056
2016-09-21@11:30:00,-0.626,-0.574,-0.053
2016-09-21@10:30:00,-0.596,-0.560,-0.036
2016-09-20@15:00:00,-0.521,-0.551,0.030
2016-09-20@14:00:00,-0.442,-0.559,0.117
2016-09-20@11:30:00,-0.408,-0.588,0.180
2016-09-20@10:30:00,-0.374,-0.633,0.259
2016-09-19@15:00:00,-0.395,-0.698,0.302
2016-09-19@14:00:00,-0.479,-0.773,0.295
2016-09-19@11:30:00,-0.563,-0.847,0.283
2016-09-19@10:30:00,-0.692,-0.918,0.226
2016-09-14@15:00:00,-0.862,-0.974,0.113
2016-09-14@14:00:00,-0.910,-1.002,0.093
2016-09-14@11:30:00,-0.983,-1.026,0.043
2016-09-14@10:30:00,-0.974,-1.036,0.062
2016-09-13@15:00:00,-1.014,-1.052,0.038
2016-09-13@14:00:00,-1.034,-1.061,0.028
2016-09-13@11:30:00,-1.096,-1.068,-0.028
2016-09-13@10:30:00,-1.069,-1.061,-0.008
2016-09-12@15:00:00,-1.071,-1.059,-0.012
2016-09-12@14:00:00,-1.157,-1.056,-0.101
2016-09-12@11:30:00,-1.261,-1.031,-0.230
2016-09-12@10:30:00,-1.204,-0.974,-0.231
2016-09-09@15:00:00,-1.102,-0.916,-0.186
2016-09-09@14:00:00,-1.115,-0.869,-0.245
2016-09-09@11:30:00,-1.079,-0.808,-0.271
2016-09-09@10:30:00,-1.140,-0.740,-0.400
2016-09-08@15:00:00,-1.108,-0.640,-0.468
2016-09-08@14:00:00,-1.014,-0.523,-0.490
2016-09-08@11:30:00,-0.921,-0.401,-0.521
2016-09-08@10:30:00,-0.843,-0.270,-0.573
2016-09-07@15:00:00,-0.735,-0.127,-0.607
2016-09-07@14:00:00,-0.595,0.025,-0.620
2016-09-07@11:30:00,-0.503,0.180,-0.683
2016-09-07@10:30:00,-0.404,0.350,-0.754
2016-09-06@15:00:00,-0.312,0.539,-0.851
2016-09-06@14:00:00,-0.223,0.752,-0.975
2016-09-06@11:30:00,-0.099,0.995,-1.095
2016-09-06@10:30:00,0.096,1.269,-1.173
2016-09-05@15:00:00,0.341,1.562,-1.221
2016-09-05@14:00:00,0.729,1.867,-1.138
2016-09-05@11:30:00,0.998,2.152,-1.154
2016-09-05@10:30:00,1.310,2.440,-1.130
2016-09-02@15:00:00,1.640,2.723,-1.083
2016-09-02@14:00:00,1.948,2.994,-1.046
2016-09-01@15:00:00,2.248,3.255,-1.008
2016-09-01@14:00:00,2.447,3.507,-1.060
2016-09-01@11:30:00,2.656,3.772,-1.116
2016-09-01@10:30:00,2.770,4.051,-1.281
2016-08-31@15:00:00,2.886,4.372,-1.485
2016-08-31@14:00:00,3.140,4.743,-1.603
2016-08-31@11:30:00,3.335,5.144,-1.808
2016-08-31@10:30:00,3.593,5.596,-2.003
2016-08-30@15:00:00,4.207,6.096,-1.890
2016-08-30@14:00:00,4.743,6.569,-1.826
2016-08-30@11:30:00,5.284,7.025,-1.742
2016-08-30@10:30:00,5.920,7.461,-1.541
2016-08-29@15:00:00,6.616,7.846,-1.230
2016-08-29@14:00:00,7.230,8.153,-0.923
2016-08-29@11:30:00,7.889,8.384,-0.495
2016-08-29@10:30:00,8.469,8.508,-0.039
2016-08-26@15:00:00,9.129,8.517,0.612
2016-08-26@14:00:00,9.149,8.365,0.784
2016-08-26@11:30:00,9.041,8.168,0.872
2016-08-26@10:30:00,8.771,7.950,0.821
2016-08-25@15:00:00,8.300,7.745,0.555
2016-08-25@14:00:00,8.318,7.606,0.712
2016-08-25@11:30:00,8.220,7.428,0.792
2016-08-25@10:30:00,7.976,7.231,0.745
2016-08-24@15:00:00,7.547,7.044,0.503
2016-08-24@14:00:00,7.564,6.919,0.645
2016-08-24@11:30:00,7.475,6.757,0.718
2016-08-24@10:30:00,7.253,6.578,0.675
2016-08-23@15:00:00,6.864,6.409,0.455
2016-08-23@14:00:00,6.879,6.295,0.584
2016-08-23@11:30:00,6.799,6.150,0.650
2016-08-23@10:30:00,6.598,5.987,0.611
2016-08-22@15:00:00,6.245,5.834,0.410
2016-08-22@14:00:00,6.260,5.732,0.528
2016-08-22@11:30:00,6.187,5.600,0.587
2016-08-22@10:30:00,6.005,5.453,0.552
2016-08-19@15:00:00,5.685,5.315,0.370
2016-08-19@14:00:00,5.699,5.222,0.477
2016-08-19@11:30:00,5.634,5.103,0.531
2016-08-19@10:30:00,5.469,4.971,0.498
2016-08-18@15:00:00,5.179,4.846,0.332
2016-08-18@14:00:00,5.192,4.763,0.429
2016-08-18@11:30:00,5.133,4.656,0.478
2016-08-18@10:30:00,4.984,4.537,0.448
2016-08-17@15:00:00,4.721,4.425,0.297
2016-08-17@14:00:00,4.734,4.350,0.384
2016-08-17@11:30:00,4.682,4.254,0.428
2016-08-17@10:30:00,4.548,4.148,0.400
2016-08-16@15:00:00,4.310,4.047,0.262
2016-08-16@14:00:00,4.323,3.982,0.341
2016-08-16@11:30:00,4.277,3.897,0.381
2016-08-16@10:30:00,4.156,3.802,0.355
2016-08-15@15:00:00,3.942,3.713,0.229
2016-08-15@14:00:00,3.956,3.656,0.300
2016-08-15@11:30:00,3.916,3.580,0.336
2016-08-15@10:30:00,3.809,3.496,0.312
2016-08-12@15:00:00,3.616,3.418,0.197
2016-08-12@14:00:00,3.631,3.369,0.262
2016-08-12@11:30:00,3.597,3.304,0.293
2016-08-12@10:30:00,3.502,3.230,0.271
2016-08-11@15:00:00,3.329,3.163,0.167
2016-08-11@14:00:00,3.346,3.121,0.225
2016-08-11@11:30:00,3.318,3.065,0.253
2016-08-11@10:30:00,3.234,3.001,0.233
2016-08-10@15:00:00,3.080,2.943,0.137
2016-08-10@14:00:00,3.099,2.909,0.189
2016-08-10@11:30:00,3.077,2.862,0.215
2016-08-10@10:30:00,3.005,2.808,0.197
2016-08-09@15:00:00,2.869,2.759,0.110
2016-08-09@14:00:00,2.890,2.731,0.158
2016-08-09@11:30:00,2.874,2.692,0.183
2016-08-09@10:30:00,2.813,2.646,0.167
2016-08-08@15:00:00,2.694,2.604,0.089
2016-08-08@14:00:00,2.717,2.582,0.135
2016-08-08@11:30:00,2.708,2.548,0.160
2016-08-08@10:30:00,2.656,2.508,0.148
2016-08-05@15:00:00,nan,nan,nan
2016-08-05@14:00:00,nan,nan,nan
2016-08-05@11:30:00,nan,nan,nan
2016-08-05@10:30:00,nan,nan,nan
2016-08-04@15:00:00,nan,nan,nan
2016-08-04@14:00:00,nan,nan,nan
2016-08-04@11:30:00,nan,nan,nan
2016-08-04@10:30:00,nan,nan,nan
2016-08-03@15:00:00,nan,nan,nan
2016-08-03@14:00:00,nan,nan,nan
2016-08-03@11:30:00,nan,nan,nan
2016-08-03@10:30:00,nan,nan,nan
2016-08-02@15:00:00,nan,nan,nan
2016-08-02@14:00:00,nan,nan,nan
2016-08-02@11:30:00,nan,nan,nan
2016-08-01@15:00:00,nan,nan,nan
2016-08-01@14:00:00,nan,nan,nan
2016-08-01@11:30:00,nan,nan,nan
2016-07-29@15:00:00,nan,nan,nan
2016-07-29@14:00:00,nan,nan,nan
2016-07-29@11:30:00,nan,nan,nan
2016-07-28@15:00:00,nan,nan,nan
2016-07-28@14:00:00,nan,nan,nan
2016-07-28@11:30:00,nan,nan,nan
2016-07-28@10:30:00,nan,nan,nan
2016-07-27@15:00:00,nan,nan,nan
2016-07-27@14:00:00,nan,nan,nan
2016-07-27@11:30:00,nan,nan,nan
2016-07-27@10:30:00,nan,nan,nan
2016-07-26@15:00:00,nan,nan,nan
2016-07-26@14:00:00,nan,nan,nan
2016-07-26@11:30:00,nan,nan,nan
2016-07-26@10:30:00,nan,nan,nan
