Not
2017-06-16,-3.077,-4.386,1.309
2017-06-15,-3.448,-4.713,1.265
2017-06-14,-3.823,-5.029,1.206
2017-06-13,-4.284,-5.331,1.047
2017-06-12,-4.708,-5.593,0.885
2017-06-09,-4.952,-5.814,0.862
2017-06-08,-5.329,-6.029,0.700
2017-06-07,-5.853,-6.204,0.351
2017-06-06,-6.404,-6.292,-0.112
2017-06-05,-6.787,-6.264,-0.523
2017-06-02,-6.970,-6.133,-0.837
2017-06-01,-7.095,-5.924,-1.171
2017-05-31,-6.963,-5.632,-1.332
2017-05-26,-6.873,-5.299,-1.574
2017-05-25,-6.660,-4.905,-1.755
2017-05-24,-6.256,-4.466,-1.790
2017-05-23,-5.659,-4.019,-1.640
2017-05-22,-4.841,-3.609,-1.232
2017-05-19,-3.953,-3.301,-0.653
2017-05-18,-2.988,-3.137,0.150
2017-05-17,-1.854,-3.175,1.321
2017-05-16,-2.291,-3.505,1.214
2017-05-15,-2.893,-3.808,0.915
2017-05-12,-3.332,-4.037,0.705
2017-05-11,-3.830,-4.214,0.384
2017-05-10,-4.015,-4.310,0.295
2017-05-09,-4.153,-4.383,0.230
2017-05-08,-4.237,-4.441,0.204
2017-05-05,-4.181,-4.492,0.311
2017-05-04,-4.290,-4.570,0.280
2017-05-03,-4.391,-4.639,0.249
2017-05-02,-4.524,-4.702,0.178
2017-04-28,-4.737,-4.746,0.010
2017-04-27,-4.996,-4.749,-0.248
2017-04-26,-5.184,-4.687,-0.497
2017-04-25,-5.245,-4.562,-0.683
2017-04-24,-5.238,-4.392,-0.847
2017-04-21,-5.092,-4.180,-0.912
2017-04-20,-4.914,-3.952,-0.963
2017-04-19,-4.655,-3.711,-0.944
2017-04-18,-4.363,-3.475,-0.888
2017-04-17,-3.892,-3.253,-0.639
2017-04-14,-3.626,-3.093,-0.532
2017-04-13,-3.736,-2.960,-0.776
2017-04-12,-3.793,-2.766,-1.026
2017-04-11,-3.581,-2.510,-1.071
2017-04-10,-3.303,-2.242,-1.061
2017-04-07,-2.844,-1.977,-0.867
2017-04-06,-2.588,-1.760,-0.828
2017-04-05,-2.326,-1.553,-0.773
2017-03-31,-1.959,-1.360,-0.599
2017-03-30,-1.412,-1.210,-0.202
2017-03-29,-1.103,-1.159,0.056
2017-03-28,-1.035,-1.173,0.138
2017-03-27,-1.204,-1.208,0.004
2017-03-24,-1.265,-1.209,-0.056
2017-03-23,-1.173,-1.195,0.022
2017-03-22,-1.021,-1.200,0.179
2017-03-21,-1.001,-1.245,0.244
2017-03-20,-1.080,-1.306,0.227
2017-03-17,-0.869,-1.363,0.494
2017-03-16,-0.804,-1.487,0.682
2017-03-15,-1.232,-1.657,0.426
2017-03-14,-1.725,-1.764,0.039
2016-12-22,-1.720,-1.773,0.053
2016-12-21,-1.923,-1.787,-0.137
2016-12-20,-2.180,-1.753,-0.428
2016-12-19,-2.295,-1.646,-0.649
2016-12-16,-2.363,-1.483,-0.879
2016-12-15,-2.373,-1.264,-1.109
2016-12-14,-2.289,-0.986,-1.303
2016-12-13,-2.087,-0.661,-1.426
2016-12-12,-1.681,-0.304,-1.377
2016-12-09,-1.063,0.040,-1.104
2016-12-08,-0.794,0.316,-1.110
2016-12-07,-0.433,0.594,-1.027
2016-12-06,-0.098,0.851,-0.948
2016-12-05,0.331,1.088,-0.756
2016-12-02,0.802,1.277,-0.475
2016-12-01,0.961,1.395,-0.434
2016-11-30,0.974,1.504,-0.530
2016-11-29,1.104,1.636,-0.532
2016-11-28,1.254,1.770,-0.516
2016-11-25,1.432,1.898,-0.466
2016-11-24,1.398,2.015,-0.617
2016-11-23,1.545,2.169,-0.624
2016-11-22,1.690,2.325,-0.635
2016-11-21,1.686,2.484,-0.799
2016-11-18,1.877,2.684,-0.807
2016-11-17,2.261,2.885,-0.625
2016-11-16,2.788,3.042,-0.253
2016-11-15,3.143,3.105,0.038
2016-11-14,3.143,3.096,0.048
2016-11-11,2.994,3.084,-0.090
2016-11-10,3.006,3.106,-0.101
2016-11-09,2.982,3.131,-0.149
2016-11-08,3.024,3.169,-0.145
2016-11-07,3.108,3.205,-0.097
2016-11-04,3.318,3.229,0.089
2016-11-03,3.524,3.207,0.318
2016-11-02,3.467,3.127,0.340
2016-10-28,3.017,3.042,-0.025
2016-10-27,3.100,3.049,0.051
2016-10-26,2.999,3.036,-0.037
2016-10-25,2.708,3.045,-0.337
2016-10-24,2.563,3.129,-0.567
2016-10-21,2.627,3.271,-0.644
2016-10-20,2.685,3.432,-0.747
2016-10-19,2.799,3.619,-0.820
2016-10-18,2.810,3.824,-1.014
2016-10-17,2.806,4.077,-1.271
2016-10-14,3.003,4.395,-1.392
2016-10-13,3.191,4.743,-1.552
2016-10-12,3.433,5.131,-1.698
2016-10-11,3.724,5.556,-1.832
2016-10-10,3.943,6.013,-2.070
2016-09-30,4.100,6.531,-2.431
2016-09-29,4.358,7.139,-2.781
2016-09-28,4.737,7.834,-3.096
2016-09-27,5.337,8.608,-3.271
2016-09-26,6.061,9.426,-3.364
2016-09-23,6.968,10.267,-3.299
2016-09-22,7.628,11.092,-3.464
2016-09-21,8.379,11.958,-3.579
2016-09-20,9.175,12.852,-3.677
2016-09-19,10.028,13.772,-3.744
2016-09-14,10.750,14.708,-3.958
2016-09-13,11.646,15.697,-4.051
2016-09-12,12.631,16.710,-4.079
2016-09-09,13.595,17.730,-4.135
2016-09-08,nan,nan,nan
2016-09-07,nan,nan,nan
2016-09-06,nan,nan,nan
2016-09-05,nan,nan,nan
2016-09-02,nan,nan,nan
2016-09-01,nan,nan,nan
2016-08-31,nan,nan,nan
2016-08-30,nan,nan,nan
2016-08-29,nan,nan,nan
2016-08-26,nan,nan,nan
2016-08-25,nan,nan,nan
2016-08-24,nan,nan,nan
2016-08-23,nan,nan,nan
2016-08-22,nan,nan,nan
2016-08-19,nan,nan,nan
2016-08-18,nan,nan,nan
2016-08-17,nan,nan,nan
2016-08-16,nan,nan,nan
2016-08-15,nan,nan,nan
2016-08-12,nan,nan,nan
2016-08-11,nan,nan,nan
2016-08-10,nan,nan,nan
2016-08-09,nan,nan,nan
2016-08-08,nan,nan,nan
2016-08-05,nan,nan,nan
2016-08-04,nan,nan,nan
2016-08-03,nan,nan,nan
2016-08-02,nan,nan,nan
2016-08-01,nan,nan,nan
2016-07-29,nan,nan,nan
2016-07-28,nan,nan,nan
2016-07-27,nan,nan,nan
2016-07-26,nan,nan,nan
