Not
2017-06-30,-0.096,0.170,-0.266
2017-06-29,-0.059,0.236,-0.295
2017-06-28,0.040,0.310,-0.269
2017-06-27,0.168,0.377,-0.210
2017-06-26,0.218,0.430,-0.211
2017-06-23,0.276,0.482,-0.206
2017-06-22,0.431,0.534,-0.103
2017-06-21,0.526,0.560,-0.033
2017-06-20,0.531,0.568,-0.037
2017-06-19,0.491,0.577,-0.086
2017-06-16,0.410,0.599,-0.188
2017-06-15,0.290,0.646,-0.356
2017-06-14,0.275,0.735,-0.460
2017-06-13,0.306,0.850,-0.544
2017-06-12,0.349,0.986,-0.637
2017-06-09,0.491,1.145,-0.655
2017-06-08,0.503,1.309,-0.806
2017-06-07,0.497,1.510,-1.013
2017-06-06,0.480,1.764,-1.284
2017-06-05,0.547,2.085,-1.538
2017-06-02,0.743,2.469,-1.726
2017-06-01,1.039,2.900,-1.862
2017-05-31,1.465,3.366,-1.901
2017-05-26,nan,nan,nan
2017-05-25,nan,nan,nan
2017-05-24,nan,nan,nan
2017-05-23,nan,nan,nan
2017-05-22,nan,nan,nan
2017-05-19,nan,nan,nan
2017-05-18,nan,nan,nan
2017-05-17,nan,nan,nan
2017-05-16,nan,nan,nan
2017-05-15,nan,nan,nan
2017-05-12,nan,nan,nan
2017-05-11,nan,nan,nan
2017-05-10,nan,nan,nan
2017-05-09,nan,nan,nan
2017-05-08,nan,nan,nan
2017-05-05,nan,nan,nan
2017-05-04,nan,nan,nan
2017-05-03,nan,nan,nan
2017-05-02,nan,nan,nan
2017-04-28,nan,nan,nan
2017-04-27,nan,nan,nan
2017-04-26,nan,nan,nan
2017-04-25,nan,nan,nan
2017-04-24,nan,nan,nan
2017-04-21,nan,nan,nan
2017-04-20,nan,nan,nan
2017-04-19,nan,nan,nan
2017-04-18,nan,nan,nan
2017-04-17,nan,nan,nan
2017-04-14,nan,nan,nan
2017-04-13,nan,nan,nan
2017-04-12,nan,nan,nan
2017-04-11,nan,nan,nan
