Not
2017-03-17@15:00:00,-0.041,-0.038,-0.003
2017-03-17@14:00:00,-0.034,-0.038,0.003
2017-03-17@11:30:00,-0.034,-0.039,0.004
2017-03-17@10:30:00,-0.034,-0.040,0.005
2017-03-16@15:00:00,-0.036,-0.041,0.004
2017-03-16@14:00:00,-0.043,-0.042,-0.001
2017-03-16@11:30:00,-0.046,-0.042,-0.004
2017-03-16@10:30:00,-0.047,-0.041,-0.006
2017-03-15@15:00:00,-0.052,-0.039,-0.013
2017-03-15@14:00:00,-0.050,-0.036,-0.015
2017-03-15@11:30:00,-0.046,-0.032,-0.014
2017-03-15@10:30:00,-0.041,-0.029,-0.012
2017-03-14@15:00:00,-0.035,-0.026,-0.009
2017-03-14@14:00:00,-0.031,-0.023,-0.008
2017-03-14@11:30:00,-0.030,-0.021,-0.008
2017-03-14@10:30:00,-0.026,-0.019,-0.007
2017-03-13@15:00:00,-0.024,-0.018,-0.007
2017-03-13@14:00:00,-0.023,-0.016,-0.007
2017-03-13@11:30:00,-0.023,-0.014,-0.009
2017-03-13@10:30:00,-0.022,-0.012,-0.010
2017-03-10@15:00:00,-0.015,-0.010,-0.005
2017-03-10@14:00:00,-0.012,-0.008,-0.003
2017-03-10@11:30:00,-0.011,-0.007,-0.004
2017-03-10@10:30:00,-0.011,-0.007,-0.005
2017-03-09@15:00:00,-0.010,-0.005,-0.005
2017-03-09@14:00:00,-0.006,-0.004,-0.002
2017-03-09@11:30:00,-0.001,-0.004,0.002
2017-03-09@10:30:00,0.005,-0.004,0.009
2017-03-08@15:00:00,0.009,-0.006,0.015
2017-03-08@14:00:00,0.007,-0.010,0.018
2017-03-08@11:30:00,0.005,-0.015,0.020
2017-03-08@10:30:00,0.001,-0.019,0.021
2017-03-07@15:00:00,-0.005,-0.025,0.019
2017-03-07@14:00:00,-0.013,-0.030,0.016
2017-03-07@11:30:00,-0.022,-0.034,0.012
2017-03-07@10:30:00,-0.037,-0.037,-0.000
2017-03-06@15:00:00,-0.037,-0.037,-0.000
2017-03-06@14:00:00,-0.040,-0.037,-0.004
2017-03-06@11:30:00,-0.044,-0.036,-0.008
2017-03-06@10:30:00,-0.046,-0.034,-0.012
2017-03-03@15:00:00,-0.048,-0.031,-0.017
2017-03-03@14:00:00,-0.050,-0.026,-0.023
2017-03-03@11:30:00,-0.044,-0.020,-0.024
2017-03-03@10:30:00,-0.040,-0.015,-0.026
2017-03-02@15:00:00,-0.029,-0.008,-0.021
2017-03-02@14:00:00,-0.020,-0.003,-0.017
2017-03-02@11:30:00,-0.017,0.001,-0.018
2017-03-02@10:30:00,-0.015,0.006,-0.021
2017-03-01@15:00:00,-0.012,0.011,-0.023
2017-03-01@14:00:00,-0.010,0.017,-0.026
2017-03-01@11:30:00,-0.006,0.023,-0.029
2017-03-01@10:30:00,0.001,0.031,-0.029
2017-02-28@15:00:00,0.006,0.038,-0.032
2017-02-28@14:00:00,0.012,0.046,-0.034
2017-02-28@11:30:00,0.025,0.054,-0.029
2017-02-28@10:30:00,0.036,0.062,-0.026
2017-02-27@15:00:00,0.052,0.068,-0.016
2017-02-27@14:00:00,0.061,0.072,-0.012
2017-02-27@11:30:00,0.068,0.075,-0.007
2017-02-27@10:30:00,0.069,0.077,-0.008
2017-02-24@15:00:00,0.067,0.079,-0.011
2017-02-24@14:00:00,0.072,0.082,-0.009
2017-02-24@11:30:00,0.073,0.084,-0.011
2017-02-24@10:30:00,0.069,0.087,-0.017
2017-02-23@15:00:00,0.064,0.091,-0.027
2017-02-23@14:00:00,0.074,0.098,-0.024
2017-02-23@11:30:00,0.086,0.104,-0.018
2017-02-23@10:30:00,0.101,0.108,-0.007
2017-02-22@15:00:00,0.116,0.110,0.006
2017-02-22@14:00:00,0.119,0.109,0.010
2017-02-22@11:30:00,0.120,0.106,0.014
2017-02-22@10:30:00,0.122,0.103,0.020
2017-02-21@15:00:00,0.118,0.098,0.020
2017-02-21@14:00:00,0.110,0.093,0.017
2017-02-21@11:30:00,0.095,0.089,0.007
2017-02-21@10:30:00,0.098,0.087,0.011
2017-02-20@15:00:00,0.101,0.084,0.017
2017-02-20@14:00:00,0.099,0.080,0.019
2017-02-20@11:30:00,0.099,0.075,0.024
2017-02-20@10:30:00,0.096,0.069,0.027
2017-02-17@15:00:00,0.099,0.062,0.036
2017-02-17@14:00:00,0.097,0.053,0.043
2017-02-17@11:30:00,0.093,0.042,0.050
2017-02-17@10:30:00,0.084,0.030,0.054
2017-02-16@15:00:00,0.075,0.016,0.059
2017-02-16@14:00:00,0.050,0.002,0.049
2017-02-16@11:30:00,0.030,-0.011,0.041
2017-02-16@10:30:00,0.002,-0.021,0.023
2017-02-15@15:00:00,-0.028,-0.027,-0.002
2017-02-15@14:00:00,-0.033,-0.026,-0.007
2017-02-15@11:30:00,-0.032,-0.024,-0.007
2017-02-15@10:30:00,-0.029,-0.023,-0.006
2017-02-14@15:00:00,-0.025,-0.021,-0.004
2017-02-14@14:00:00,-0.025,-0.020,-0.004
2017-02-14@11:30:00,-0.024,-0.019,-0.005
2017-02-14@10:30:00,-0.021,-0.018,-0.004
2017-02-13@15:00:00,-0.019,-0.017,-0.002
2017-02-13@14:00:00,-0.019,-0.016,-0.002
2017-02-13@11:30:00,-0.018,-0.016,-0.002
2017-02-13@10:30:00,-0.020,-0.015,-0.005
2017-02-10@15:00:00,-0.020,-0.014,-0.007
2017-02-10@14:00:00,-0.018,-0.012,-0.005
2017-02-10@11:30:00,-0.016,-0.011,-0.004
2017-02-10@10:30:00,-0.014,-0.010,-0.004
2017-02-09@15:00:00,-0.013,-0.009,-0.004
2017-02-09@14:00:00,-0.013,-0.008,-0.005
2017-02-09@11:30:00,-0.013,-0.007,-0.007
2017-02-09@10:30:00,-0.021,-0.005,-0.015
2017-02-08@15:00:00,-0.022,-0.001,-0.021
2017-02-08@14:00:00,-0.021,0.004,-0.025
2017-02-08@11:30:00,-0.016,0.010,-0.026
2017-02-08@10:30:00,-0.006,0.017,-0.023
2017-02-07@15:00:00,0.010,0.022,-0.013
2017-02-07@14:00:00,0.015,0.026,-0.011
2017-02-07@11:30:00,0.020,0.028,-0.009
2017-02-07@10:30:00,0.022,0.030,-0.008
2017-02-06@15:00:00,0.027,0.032,-0.006
2017-02-06@14:00:00,0.023,0.034,-0.011
2017-02-06@11:30:00,0.024,0.036,-0.013
2017-02-06@10:30:00,0.029,0.040,-0.010
2017-02-03@15:00:00,0.037,0.042,-0.005
2017-02-03@14:00:00,0.044,0.043,0.001
2017-02-03@11:30:00,0.048,0.043,0.004
2017-02-03@10:30:00,0.049,0.042,0.007
2017-01-26@15:00:00,0.052,0.041,0.011
2017-01-26@14:00:00,0.054,0.038,0.016
2017-01-26@11:30:00,0.053,0.034,0.019
2017-01-26@10:30:00,0.052,0.029,0.023
2017-01-25@15:00:00,0.051,0.023,0.028
2017-01-25@14:00:00,0.048,0.016,0.031
2017-01-25@11:30:00,0.044,0.009,0.036
2017-01-25@10:30:00,0.034,-0.000,0.034
2017-01-24@15:00:00,0.025,-0.009,0.033
2017-01-24@14:00:00,0.016,-0.017,0.033
2017-01-24@11:30:00,0.002,-0.026,0.028
2017-01-24@10:30:00,-0.010,-0.033,0.023
2017-01-23@15:00:00,-0.018,-0.038,0.020
2017-01-23@14:00:00,-0.021,-0.043,0.022
2017-01-23@11:30:00,-0.020,-0.049,0.028
2017-01-23@10:30:00,-0.022,-0.056,0.034
2017-01-20@15:00:00,-0.027,-0.064,0.037
2017-01-20@14:00:00,-0.034,-0.074,0.039
2017-01-20@11:30:00,-0.044,-0.084,0.040
2017-01-20@10:30:00,-0.056,-0.093,0.037
2017-01-19@15:00:00,-0.071,-0.103,0.032
2017-01-19@14:00:00,-0.078,-0.111,0.033
2017-01-19@11:30:00,-0.085,-0.119,0.034
2017-01-19@10:30:00,-0.096,-0.127,0.031
2017-01-18@15:00:00,-0.101,-0.135,0.034
2017-01-18@14:00:00,-0.104,-0.143,0.039
2017-01-18@11:30:00,-0.120,-0.153,0.033
2017-01-18@10:30:00,-0.140,-0.161,0.021
2017-01-17@15:00:00,-0.163,-0.167,0.004
2017-01-17@14:00:00,-0.175,-0.168,-0.007
2017-01-17@11:30:00,-0.194,-0.166,-0.028
2017-01-17@10:30:00,-0.206,-0.159,-0.047
2017-01-16@15:00:00,-0.217,-0.147,-0.070
2017-01-16@14:00:00,-0.205,-0.130,-0.075
2017-01-16@11:30:00,-0.185,-0.111,-0.074
2017-01-16@10:30:00,-0.158,-0.093,-0.066
2017-01-13@15:00:00,-0.132,-0.076,-0.056
2017-01-13@14:00:00,-0.114,-0.062,-0.052
2017-01-13@11:30:00,-0.084,-0.049,-0.035
2017-01-13@10:30:00,-0.073,-0.040,-0.033
2017-01-12@15:00:00,-0.059,-0.032,-0.027
2017-01-12@14:00:00,-0.050,-0.025,-0.024
2017-01-12@11:30:00,-0.038,-0.019,-0.019
2017-01-12@10:30:00,-0.030,-0.014,-0.016
2017-01-11@15:00:00,-0.021,-0.010,-0.010
2017-01-11@14:00:00,-0.015,-0.008,-0.007
2017-01-11@11:30:00,-0.009,-0.006,-0.003
2017-01-11@10:30:00,-0.004,-0.005,0.001
2017-01-10@15:00:00,-0.000,-0.005,0.005
2017-01-10@14:00:00,0.004,-0.007,0.011
2017-01-10@11:30:00,0.002,-0.009,0.012
2017-01-10@10:30:00,-0.005,-0.012,0.008
2017-01-09@15:00:00,-0.005,-0.014,0.009
2017-01-09@14:00:00,-0.004,-0.017,0.013
2017-01-09@11:30:00,-0.004,-0.020,0.015
2017-01-09@10:30:00,-0.005,-0.024,0.018
2017-01-06@15:00:00,-0.006,-0.028,0.022
2017-01-06@14:00:00,-0.009,-0.034,0.025
2017-01-06@11:30:00,-0.013,-0.040,0.027
2017-01-06@10:30:00,-0.019,-0.047,0.028
2017-01-05@15:00:00,-0.021,-0.054,0.033
2017-01-05@14:00:00,-0.028,-0.062,0.034
2017-01-05@11:30:00,-0.038,-0.070,0.033
2017-01-05@10:30:00,-0.051,-0.078,0.028
2017-01-04@15:00:00,-0.059,-0.085,0.027
2017-01-04@14:00:00,-0.072,-0.092,0.020
2017-01-04@11:30:00,-0.089,-0.097,0.008
2017-01-04@10:30:00,-0.106,-0.099,-0.007
2017-01-03@15:00:00,-0.122,-0.097,-0.024
2017-01-03@14:00:00,-0.127,-0.091,-0.036
2017-01-03@11:30:00,-0.124,-0.082,-0.041
2017-01-03@10:30:00,-0.112,-0.072,-0.040
2016-12-30@15:00:00,-0.098,-0.062,-0.036
2016-12-30@14:00:00,-0.085,-0.053,-0.032
2016-12-30@11:30:00,-0.073,-0.045,-0.028
2016-12-30@10:30:00,-0.053,-0.038,-0.015
2016-12-29@15:00:00,-0.039,-0.034,-0.005
2016-12-29@14:00:00,-0.032,-0.033,0.001
2016-12-29@11:30:00,-0.030,-0.033,0.003
2016-12-29@10:30:00,-0.031,-0.034,0.003
2016-12-28@15:00:00,-0.030,-0.035,0.005
2016-12-28@14:00:00,-0.030,-0.036,0.006
2016-12-28@11:30:00,-0.032,-0.038,0.006
2016-12-28@10:30:00,-0.032,-0.039,0.007
2016-12-27@15:00:00,-0.033,-0.041,0.008
2016-12-27@14:00:00,-0.035,-0.043,0.008
2016-12-27@11:30:00,-0.039,-0.045,0.006
2016-12-27@10:30:00,-0.042,-0.046,0.004
2016-12-26@15:00:00,-0.044,-0.047,0.003
2016-12-26@14:00:00,-0.046,-0.048,0.002
2016-12-26@11:30:00,-0.043,-0.048,0.005
2016-12-26@10:30:00,-0.043,-0.050,0.007
2016-12-23@15:00:00,-0.042,-0.052,0.010
2016-12-23@14:00:00,-0.043,-0.054,0.011
2016-12-23@11:30:00,-0.051,-0.057,0.006
2016-12-23@10:30:00,-0.056,-0.058,0.002
2016-12-22@15:00:00,-0.059,-0.059,-0.000
2016-12-22@14:00:00,-0.060,-0.059,-0.002
2016-12-22@11:30:00,-0.065,-0.058,-0.006
2016-12-22@10:30:00,-0.062,-0.057,-0.006
2016-12-21@15:00:00,-0.057,-0.055,-0.002
2016-12-21@14:00:00,-0.060,-0.055,-0.005
2016-12-21@11:30:00,-0.060,-0.053,-0.007
2016-12-21@10:30:00,-0.065,-0.052,-0.013
2016-12-20@15:00:00,-0.065,-0.048,-0.017
2016-12-20@14:00:00,-0.062,-0.044,-0.018
2016-12-20@11:30:00,-0.057,-0.040,-0.018
2016-12-20@10:30:00,-0.049,-0.035,-0.014
2016-12-19@15:00:00,-0.045,-0.032,-0.013
2016-12-19@14:00:00,-0.043,-0.029,-0.014
2016-12-19@11:30:00,-0.038,-0.025,-0.013
2016-12-19@10:30:00,-0.033,-0.022,-0.011
2016-12-16@15:00:00,-0.028,-0.019,-0.009
2016-12-16@14:00:00,-0.025,-0.017,-0.008
2016-12-16@11:30:00,-0.020,-0.015,-0.005
2016-12-16@10:30:00,-0.011,-0.014,0.002
2016-12-15@15:00:00,-0.004,-0.014,0.010
2016-12-15@14:00:00,0.002,-0.017,0.019
2016-12-15@11:30:00,0.001,-0.022,0.023
2016-12-15@10:30:00,-0.003,-0.027,0.024
2016-12-14@15:00:00,-0.005,-0.033,0.029
2016-12-14@14:00:00,-0.011,-0.040,0.030
2016-12-14@11:30:00,-0.021,-0.048,0.027
2016-12-14@10:30:00,-0.032,-0.055,0.023
2016-12-13@15:00:00,-0.044,-0.060,0.017
2016-12-13@14:00:00,-0.051,-0.065,0.014
2016-12-13@11:30:00,-0.061,-0.068,0.007
2016-12-13@10:30:00,-0.059,-0.070,0.011
2016-12-12@15:00:00,-0.060,-0.073,0.013
2016-12-12@14:00:00,-0.069,-0.076,0.007
2016-12-12@11:30:00,-0.065,-0.078,0.013
2016-12-12@10:30:00,-0.068,-0.081,0.013
2016-12-09@15:00:00,-0.075,-0.084,0.009
2016-12-09@14:00:00,-0.073,-0.086,0.013
2016-12-09@11:30:00,-0.074,-0.090,0.016
2016-12-09@10:30:00,-0.075,-0.093,0.018
2016-12-08@15:00:00,-0.077,-0.098,0.021
2016-12-08@14:00:00,-0.079,-0.103,0.024
2016-12-08@11:30:00,-0.087,-0.109,0.023
2016-12-08@10:30:00,-0.094,-0.115,0.021
2016-12-07@15:00:00,-0.099,-0.120,0.021
2016-12-07@14:00:00,-0.106,-0.126,0.019
2016-12-07@11:30:00,-0.111,-0.131,0.019
2016-12-07@10:30:00,-0.118,-0.135,0.017
2016-12-06@15:00:00,-0.124,-0.140,0.016
2016-12-06@14:00:00,-0.127,-0.144,0.016
2016-12-06@11:30:00,-0.132,-0.148,0.015
2016-12-06@10:30:00,-0.137,-0.151,0.015
2016-12-05@15:00:00,-0.146,-0.155,0.010
2016-12-05@14:00:00,-0.150,-0.158,0.008
2016-12-05@11:30:00,-0.154,-0.160,0.005
2016-12-05@10:30:00,-0.161,-0.161,0.000
2016-12-02@15:00:00,-0.169,-0.161,-0.008
2016-12-02@14:00:00,-0.174,-0.159,-0.015
2016-12-02@11:30:00,-0.180,-0.155,-0.025
2016-12-02@10:30:00,-0.184,-0.149,-0.035
2016-12-01@15:00:00,-0.184,-0.140,-0.044
2016-12-01@14:00:00,-0.183,-0.129,-0.054
2016-12-01@11:30:00,-0.181,-0.115,-0.065
2016-12-01@10:30:00,-0.174,-0.099,-0.075
2016-11-30@15:00:00,-0.166,-0.080,-0.086
2016-11-30@14:00:00,-0.140,-0.059,-0.081
2016-11-30@11:30:00,-0.109,-0.039,-0.070
2016-11-30@10:30:00,-0.071,-0.021,-0.050
2016-10-13@15:00:00,-0.024,-0.008,-0.016
2016-10-13@14:00:00,-0.020,-0.004,-0.015
2016-10-13@11:30:00,-0.017,-0.001,-0.016
2016-10-13@10:30:00,-0.010,0.003,-0.013
2016-10-12@15:00:00,-0.003,0.007,-0.009
2016-10-12@14:00:00,0.001,0.009,-0.008
2016-10-12@11:30:00,0.008,0.011,-0.003
2016-10-12@10:30:00,0.012,0.012,0.001
2016-10-11@15:00:00,0.017,0.012,0.005
2016-10-11@14:00:00,0.020,0.010,0.009
2016-10-11@11:30:00,0.020,0.008,0.012
2016-10-11@10:30:00,0.020,0.005,0.015
2016-10-10@15:00:00,0.021,0.001,0.020
2016-10-10@14:00:00,0.018,-0.004,0.022
2016-10-10@11:30:00,0.016,-0.010,0.025
2016-10-10@10:30:00,0.010,-0.016,0.026
2016-09-30@15:00:00,0.010,-0.022,0.033
2016-09-30@14:00:00,0.006,-0.031,0.037
2016-09-30@11:30:00,-0.003,-0.040,0.037
2016-09-30@10:30:00,-0.011,-0.049,0.038
2016-09-29@15:00:00,-0.026,-0.058,0.033
2016-09-29@14:00:00,-0.032,-0.067,0.034
2016-09-29@11:30:00,-0.045,-0.075,0.030
2016-09-29@10:30:00,-0.059,-0.083,0.024
2016-09-28@15:00:00,-0.075,-0.088,0.014
2016-09-28@14:00:00,-0.088,-0.092,0.004
2016-09-28@11:30:00,-0.096,-0.093,-0.002
2016-09-28@10:30:00,-0.113,-0.092,-0.021
2016-09-27@15:00:00,-0.131,-0.087,-0.044
2016-09-27@14:00:00,nan,nan,nan
2016-09-27@11:30:00,nan,nan,nan
2016-09-27@10:30:00,nan,nan,nan
2016-09-26@15:00:00,nan,nan,nan
2016-09-26@14:00:00,nan,nan,nan
2016-09-26@11:30:00,nan,nan,nan
2016-09-26@10:30:00,nan,nan,nan
2016-09-23@15:00:00,nan,nan,nan
2016-09-23@14:00:00,nan,nan,nan
2016-09-23@11:30:00,nan,nan,nan
2016-09-23@10:30:00,nan,nan,nan
2016-09-22@15:00:00,nan,nan,nan
2016-09-22@14:00:00,nan,nan,nan
2016-09-22@11:30:00,nan,nan,nan
2016-09-22@10:30:00,nan,nan,nan
2016-09-21@15:00:00,nan,nan,nan
2016-09-21@14:00:00,nan,nan,nan
2016-09-21@11:30:00,nan,nan,nan
2016-09-21@10:30:00,nan,nan,nan
2016-09-20@15:00:00,nan,nan,nan
2016-09-20@14:00:00,nan,nan,nan
2016-09-20@11:30:00,nan,nan,nan
2016-09-20@10:30:00,nan,nan,nan
2016-09-19@15:00:00,nan,nan,nan
2016-09-19@14:00:00,nan,nan,nan
2016-09-19@11:30:00,nan,nan,nan
2016-09-19@10:30:00,nan,nan,nan
2016-09-14@15:00:00,nan,nan,nan
2016-09-14@14:00:00,nan,nan,nan
2016-09-14@11:30:00,nan,nan,nan
2016-09-14@10:30:00,nan,nan,nan
2016-09-13@15:00:00,nan,nan,nan
2016-09-13@14:00:00,nan,nan,nan
