Not
2017-06-30,-0.801,-0.785,-0.016
2017-06-23,-0.806,-0.781,-0.025
2017-06-16,-0.817,-0.775,-0.043
2017-06-09,-0.836,-0.764,-0.072
2017-06-02,-0.840,-0.746,-0.094
2017-05-26,-0.810,-0.723,-0.087
2017-05-19,-0.771,-0.701,-0.070
2017-05-12,-0.746,-0.683,-0.063
2017-05-05,-0.691,-0.668,-0.024
2017-04-28,-0.630,-0.662,0.032
2017-04-21,-0.564,-0.670,0.106
2017-04-14,-0.566,-0.696,0.130
2017-04-07,-0.586,-0.728,0.142
2017-03-31,-0.621,-0.764,0.142
2017-03-24,-0.628,-0.800,0.172
2017-03-17,-0.657,-0.842,0.186
2017-03-10,-0.684,-0.889,0.205
2017-03-03,-0.729,-0.940,0.211
2017-02-24,-0.778,-0.993,0.215
2017-02-17,-0.851,-1.047,0.196
2017-02-10,-0.922,-1.096,0.173
2017-02-03,-0.958,-1.139,0.181
2017-01-26,-0.999,-1.184,0.185
2017-01-20,-1.044,-1.231,0.187
2017-01-13,-1.070,-1.277,0.208
2017-01-06,-1.069,-1.329,0.260
2016-12-30,-1.118,-1.394,0.276
2016-12-23,-1.138,-1.463,0.325
2016-12-16,-1.189,-1.544,0.356
2016-12-09,-1.251,-1.633,0.383
2016-12-02,-1.311,-1.729,0.418
2016-11-25,-1.381,-1.834,0.453
2016-11-18,-1.465,-1.947,0.482
2016-11-11,-1.545,-2.067,0.522
2016-11-04,-1.632,-2.198,0.566
2016-10-28,-1.739,-2.339,0.600
2016-10-21,-1.860,-2.489,0.629
2016-10-14,-1.981,-2.646,0.665
2016-09-30,-2.126,-2.813,0.686
2016-09-23,-2.295,-2.984,0.689
2016-09-14,-2.483,-3.157,0.674
2016-09-09,-2.682,-3.325,0.643
2016-09-02,-2.938,-3.486,0.548
2016-08-26,-3.145,-3.623,0.478
2016-08-19,-3.376,-3.743,0.366
2016-08-12,-3.582,-3.834,0.252
2016-08-05,-3.770,-3.897,0.127
2016-07-29,-3.930,-3.929,-0.001
2016-07-22,-4.096,-3.929,-0.167
2016-07-15,-4.234,-3.887,-0.347
2016-07-08,-4.389,-3.801,-0.588
2016-07-01,-4.461,-3.654,-0.807
2016-06-24,-4.497,-3.452,-1.046
2016-06-17,-4.446,-3.190,-1.256
2016-06-08,-4.314,-2.876,-1.437
2016-06-03,-4.105,-2.517,-1.588
2016-05-27,-3.795,-2.120,-1.675
2016-05-20,-3.295,-1.701,-1.594
2016-05-13,-2.627,-1.303,-1.324
2016-05-06,-1.765,-0.972,-0.794
2016-04-29,-0.669,-0.773,0.104
2016-04-22,-0.715,-0.799,0.084
2016-04-15,-0.697,-0.821,0.124
2016-04-08,-0.809,-0.851,0.042
2016-04-01,-0.915,-0.862,-0.053
2016-03-25,-1.035,-0.849,-0.186
2016-03-18,-1.165,-0.802,-0.363
2016-03-11,-1.242,-0.711,-0.530
2016-03-04,-1.165,-0.579,-0.586
2016-02-26,-1.028,-0.432,-0.595
2016-02-19,-0.781,-0.283,-0.498
2016-02-05,-0.667,-0.159,-0.509
2016-01-29,-0.525,-0.032,-0.493
2016-01-22,-0.261,0.091,-0.353
2016-01-15,-0.017,0.180,-0.196
2016-01-08,0.318,0.229,0.090
2015-12-31,0.587,0.206,0.381
2015-12-25,0.548,0.111,0.437
2015-12-18,0.400,0.002,0.398
2015-12-11,0.299,-0.098,0.397
2015-12-04,0.316,-0.197,0.513
2015-11-27,0.260,-0.325,0.585
2015-11-20,0.244,-0.471,0.715
2015-11-13,-0.128,-0.650,0.522
2015-11-05,-0.415,-0.781,0.366
2015-10-30,-0.774,-0.872,0.098
2015-10-23,-1.083,-0.897,-0.186
2015-10-16,-1.256,-0.850,-0.405
2015-10-09,-1.401,-0.749,-0.651
2015-09-30,-1.428,-0.586,-0.842
2015-09-25,-1.247,-0.376,-0.871
2015-09-18,-1.000,-0.158,-0.842
2015-09-11,-0.731,0.052,-0.784
2015-09-02,-0.507,0.248,-0.755
2015-08-28,-0.076,0.437,-0.513
2015-08-21,0.236,0.565,-0.329
2015-08-14,0.401,0.648,-0.247
2015-08-07,0.348,0.709,-0.362
2015-07-31,0.267,0.800,-0.533
2015-07-24,0.386,0.933,-0.547
2015-07-17,0.319,1.070,-0.751
2015-07-07,0.217,1.257,-1.040
2015-07-03,0.749,1.517,-0.769
2015-06-26,1.160,1.709,-0.550
2015-05-13,1.537,1.847,-0.310
2015-05-08,1.507,1.925,-0.417
2015-04-30,2.021,2.029,-0.008
2015-04-24,2.665,2.031,0.634
2015-04-17,3.376,1.872,1.504
2015-04-10,3.062,1.497,1.565
2015-04-03,2.697,1.105,1.592
2015-03-27,2.129,0.707,1.421
2015-03-20,1.539,0.352,1.187
2015-03-13,0.995,0.055,0.939
2015-03-06,0.699,-0.180,0.879
2015-02-27,0.437,-0.400,0.836
2015-02-17,0.177,-0.609,0.785
2015-02-13,-0.014,-0.805,0.790
2015-02-06,-0.285,-1.002,0.718
2015-01-30,-0.570,-1.182,0.612
2015-01-23,-0.711,-1.335,0.624
2015-01-16,-0.976,-1.491,0.515
2015-01-09,-1.232,-1.620,0.388
2014-12-31,-1.406,-1.717,0.311
2014-12-26,-1.403,-1.795,0.392
2014-12-19,-1.440,-1.893,0.452
2014-12-12,-1.509,-2.006,0.496
2014-12-05,-1.571,-2.130,0.559
2014-11-28,-1.659,-2.269,0.610
2014-11-21,-1.821,-2.422,0.601
2014-11-14,-1.894,-2.572,0.678
2014-11-07,-1.938,-2.742,0.804
2014-10-31,-2.057,-2.943,0.886
2014-10-24,-2.284,-3.164,0.880
2014-10-17,-2.427,-3.384,0.957
2014-10-10,-2.644,-3.623,0.980
2014-09-30,-2.997,-3.868,0.871
2014-09-26,-3.297,-4.086,0.789
2014-09-19,-3.580,-4.283,0.703
2014-09-12,-3.946,-4.459,0.512
2014-09-05,-4.312,-4.587,0.275
2014-08-29,-4.587,-4.656,0.069
2014-08-22,-4.824,-4.673,-0.151
2014-08-15,-5.121,-4.635,-0.486
2014-08-08,-5.345,-4.513,-0.832
2014-08-01,-5.490,-4.305,-1.184
2014-07-25,-5.560,-4.009,-1.551
2014-07-18,-5.472,-3.622,-1.850
2014-07-11,-5.356,-3.159,-2.197
2014-07-04,-5.112,-2.610,-2.502
2014-06-27,-4.817,-1.985,-2.832
2014-06-20,-4.363,-1.277,-3.086
2014-06-13,-3.711,-0.505,-3.206
2014-06-06,-2.987,0.297,-3.284
2014-05-30,-2.001,1.117,-3.118
2014-05-23,-0.740,1.897,-2.637
2014-05-16,0.957,2.556,-1.599
2014-05-09,3.053,2.956,0.097
2014-04-30,3.167,2.932,0.235
2014-04-25,3.142,2.873,0.269
2014-04-18,3.159,2.806,0.353
2014-04-11,3.091,2.718,0.374
2014-04-04,2.818,2.624,0.193
2014-03-28,2.567,2.576,-0.009
2014-03-21,2.478,2.578,-0.100
2014-03-14,2.352,2.603,-0.252
2014-03-07,2.510,2.666,-0.156
2014-02-28,2.573,2.705,-0.132
2014-02-21,2.918,2.738,0.179
2014-02-14,2.969,2.693,0.276
2014-02-07,2.925,2.624,0.300
2014-01-30,2.914,2.549,0.365
2014-01-24,2.895,2.458,0.438
2014-01-17,2.725,2.348,0.376
2014-01-10,2.785,2.254,0.531
2013-12-27,2.765,2.122,0.643
2013-12-20,2.923,1.961,0.962
2013-12-13,2.892,1.720,1.171
2013-12-06,2.462,1.428,1.035
2013-11-29,1.973,1.169,0.804
2013-11-22,1.452,0.968,0.484
2013-11-15,1.121,0.847,0.274
2013-11-08,0.767,0.778,-0.012
2013-11-01,0.630,0.781,-0.152
2013-10-25,0.551,0.819,-0.268
2013-10-18,0.634,0.886,-0.252
2013-10-11,0.710,0.949,-0.239
2013-09-30,0.629,1.009,-0.380
2013-09-27,0.681,1.104,-0.423
2013-09-18,0.791,1.210,-0.418
2013-09-13,0.922,1.314,-0.392
2013-09-06,1.059,1.412,-0.353
2013-08-30,1.103,1.500,-0.397
2013-08-23,1.125,1.599,-0.474
2013-08-16,1.113,1.718,-0.605
2013-08-09,1.221,1.869,-0.649
2013-08-02,1.191,2.031,-0.840
2013-07-26,1.355,2.241,-0.886
2013-07-19,1.543,2.463,-0.920
2013-07-12,1.865,2.693,-0.827
2013-07-05,2.146,2.900,-0.753
2013-06-28,2.489,3.088,-0.599
2013-06-21,3.016,3.238,-0.222
2013-06-14,3.392,3.293,0.099
2013-06-07,3.433,3.269,0.165
2013-05-31,nan,nan,nan
2013-05-24,nan,nan,nan
2013-05-17,nan,nan,nan
2013-05-10,nan,nan,nan
2013-05-03,nan,nan,nan
2013-04-26,nan,nan,nan
2013-04-19,nan,nan,nan
2013-04-12,nan,nan,nan
2013-04-03,nan,nan,nan
2013-03-29,nan,nan,nan
2013-03-22,nan,nan,nan
2013-03-15,nan,nan,nan
2013-03-08,nan,nan,nan
2013-03-01,nan,nan,nan
2013-02-22,nan,nan,nan
2013-02-08,nan,nan,nan
2013-02-01,nan,nan,nan
2013-01-25,nan,nan,nan
2013-01-18,nan,nan,nan
2013-01-11,nan,nan,nan
2012-12-31,nan,nan,nan
2012-12-28,nan,nan,nan
2012-12-21,nan,nan,nan
2012-12-14,nan,nan,nan
2012-12-07,nan,nan,nan
2012-11-30,nan,nan,nan
2012-11-23,nan,nan,nan
2012-11-16,nan,nan,nan
2012-11-09,nan,nan,nan
2012-11-02,nan,nan,nan
2012-10-26,nan,nan,nan
2012-10-19,nan,nan,nan
2012-10-12,nan,nan,nan
