date,open,high,close,low,volume,price_change,p_change,ma5,ma10,ma20,v_ma5,v_ma10,v_ma20,turnover
2017-03-17 15:00:00,47.4,47.64,47.0,46.99,11997.4,-0.4,-0.84,47.418,47.067,46.7125,12281.7,10746.2,9335.16,3.33
2017-03-17 14:00:00,47.31,47.64,47.4,47.24,6016.0,0.09,0.19,47.512,46.997,46.6485,12465.2,10219.0,9010.84,1.67
2017-03-17 11:30:00,47.97,48.22,47.32,47.13,13626.6,-0.65,-1.36,47.464,46.877,46.579,12638.7,10425.9,8874.54,3.79
2017-03-17 10:30:00,47.35,48.28,47.97,47.25,18182.5,0.62,1.31,47.412,46.803,46.516,12724.7,9759.77,8542.66,5.05
2017-03-16 15:00:00,47.47,47.66,47.4,47.3,11586.0,-0.07,-0.15,47.012,46.7,46.394,10441.2,8516.92,8167.93,3.22
2017-03-16 14:00:00,47.16,47.66,47.47,47.15,12915.1,0.31,0.66,46.716,46.62,46.3185,9210.64,8107.63,8072.56,3.59
2017-03-16 11:30:00,47.06,47.19,47.16,46.8,6883.47,0.1,0.21,46.482,46.577,46.239,7972.81,8192.44,7693.8,1.91
2017-03-16 10:30:00,46.11,47.09,47.06,46.1,14056.6,0.95,2.06,46.29,46.519,46.1805,8213.12,8441.41,7749.63,3.9
2017-03-15 15:00:00,45.92,46.1,45.97,45.85,6765.0,0.05,0.11,46.194,46.419,46.1365,6794.8,7692.75,8098.98,1.88
2017-03-15 14:00:00,46.34,46.35,45.92,45.82,5433.01,-0.42,-0.91,46.388,46.41,46.211,6592.6,7439.35,8299.52,1.51
2017-03-15 11:30:00,46.2,46.47,46.3,45.97,6725.99,0.1,0.22,46.524,46.358,46.305,7004.63,7924.15,8342.17,1.87
2017-03-15 10:30:00,46.41,46.66,46.2,46.04,8085.0,-0.21,-0.45,46.672,46.3,46.39,8412.07,7802.65,8631.68,2.25
2017-03-14 15:00:00,46.94,46.96,46.58,46.41,6965.0,-0.36,-0.77,46.748,46.281,46.4615,8669.69,7323.15,8933.75,1.93
2017-03-14 14:00:00,46.61,47.05,46.94,46.54,5754.0,0.33,0.71,46.644,46.229,46.4985,8590.69,7325.55,9244.74,1.6
2017-03-14 11:30:00,47.03,47.05,46.6,46.55,7493.16,-0.43,-0.91,46.432,46.088,46.5075,8286.09,7818.95,9290.94,2.08
2017-03-14 10:30:00,46.41,47.43,47.04,46.31,13763.2,0.63,1.36,46.192,46.017,46.5315,8843.66,8037.48,9427.82,3.82
2017-03-13 15:00:00,46.06,46.62,46.58,46.06,9373.11,0.52,1.13,45.928,45.901,46.5455,7193.22,7195.16,9944.62,2.6
2017-03-13 14:00:00,45.88,46.14,46.06,45.8,6570.0,0.18,0.39,45.814,45.842,46.576,5976.6,7057.86,10052.5,1.83
2017-03-13 11:30:00,45.37,45.96,45.88,45.31,4231.0,0.51,1.12,45.814,45.854,46.6355,6060.4,8505.2,10176.1,1.18
2017-03-13 10:30:00,45.8,45.8,45.4,44.8,10281.0,-0.4,-0.87,45.744,46.012,46.7255,7351.8,9159.7,10417.9,2.86
2017-03-10 15:00:00,46.01,46.13,45.72,45.71,5511.0,-0.29,-0.63,45.842,46.252,46.796,7231.29,8760.2,13278.1,1.53
2017-03-10 14:00:00,46.05,46.15,46.01,45.87,3290.0,-0.04,-0.09,45.874,46.48,46.96,7197.09,9460.7,15559.8,0.91
2017-03-10 11:30:00,45.54,46.29,46.06,45.52,6989.0,0.52,1.14,45.87,46.642,47.2355,8139.13,10544.4,15737.9,1.94
2017-03-10 10:30:00,45.85,45.98,45.53,45.45,10688.0,-0.32,-0.7,45.894,46.768,47.519,10950.0,11163.9,15848.6,2.97
2017-03-09 15:00:00,45.87,46.03,45.89,45.68,9678.47,0.02,0.04,46.28,46.927,47.8145,10967.6,10762.9,16556.6,2.69
2017-03-09 14:00:00,46.04,46.13,45.88,45.76,5340.0,-0.16,-0.35,46.662,47.046,48.0865,10289.1,10818.2,16930.6,1.48
2017-03-09 11:30:00,46.18,46.34,45.99,45.78,8000.16,-0.19,-0.41,47.086,47.19,48.381,11724.3,12694.1,18428.3,2.22
2017-03-09 10:30:00,47.31,47.31,46.18,45.76,21043.4,-1.13,-2.39,47.414,47.31,48.6795,12949.6,13047.2,19785.6,5.85
2017-03-08 15:00:00,47.8,47.82,47.46,47.39,10776.0,-0.34,-0.71,47.642,47.417,48.936,11377.9,11846.9,20000.3,2.99
2017-03-08 14:00:00,48.01,48.07,47.8,47.66,6286.0,-0.21,-0.44,47.574,47.439,49.094,10558.3,11676.1,21137.4,1.75
2017-03-08 11:30:00,47.63,48.3,48.0,47.4,12516.0,0.37,0.78,47.43,47.34,49.2465,11347.2,17796.0,21940.3,3.48
2017-03-08 10:30:00,47.32,47.79,47.63,47.12,14126.5,0.31,0.66,47.294,47.44,49.3715,13663.8,21659.0,21986.8,3.92
2017-03-07 15:00:00,47.12,47.38,47.32,47.0,13184.9,0.2,0.42,47.206,47.829,49.56,13144.8,20931.5,24855.1,3.66
2017-03-07 14:00:00,47.05,47.15,47.12,46.84,6677.96,0.07,0.15,47.192,48.27,49.698,12315.9,20533.3,25590.7,1.85
2017-03-07 11:30:00,47.32,47.56,47.08,46.85,10230.7,-0.24,-0.51,47.304,48.702,49.84,12793.9,22350.2,28979.6,2.84
2017-03-07 10:30:00,46.75,47.76,47.32,46.65,24099.2,0.57,1.22,47.25,49.127,49.7885,24244.8,23043.0,28733.7,6.69
2017-03-06 15:00:00,47.26,47.7,47.19,47.0,11531.0,-0.07,-0.15,47.586,49.572,49.7015,29654.1,24162.6,28344.3,3.2
2017-03-06 14:00:00,47.75,47.98,47.25,47.02,9040.76,-0.5,-1.05,48.452,50.049,49.6945,28718.3,26524.1,28289.5,2.51
2017-03-06 11:30:00,46.8,47.68,47.68,46.71,9068.0,0.88,1.88,49.348,50.455,49.7155,28750.7,28153.7,28090.6,2.52
2017-03-06 10:30:00,47.62,48.2,46.81,45.46,67485.1,-0.81,-1.7,50.1,50.749,49.7465,31906.4,30598.6,27864.7,18.75
2017-03-03 15:00:00,51.52,52.18,49.0,48.99,51145.5,-2.52,-4.89,51.004,51.153,49.82,21841.1,26084.6,25510.4,14.21
2017-03-03 14:00:00,51.73,51.75,51.52,51.35,6852.0,-0.21,-0.41,51.558,51.303,49.744,18671.1,22314.7,23498.2,1.9
2017-03-03 11:30:00,51.43,51.9,51.73,51.0,9203.0,0.3,0.58,51.646,51.291,49.5685,24329.9,28778.8,23384.0,2.56
2017-03-03 10:30:00,50.58,51.97,51.44,50.48,24846.6,0.86,1.7,51.562,51.126,49.3815,27556.7,30648.1,23277.9,6.9
2017-03-02 15:00:00,51.7,51.96,51.33,51.07,17158.4,-0.37,-0.72,51.398,50.978,49.2115,29290.8,35609.1,22477.8,4.77
2017-03-02 14:00:00,51.95,52.48,51.77,50.55,35295.4,-0.18,-0.35,51.302,50.45,49.0365,30328.1,34424.5,22096.4,9.8
2017-03-02 11:30:00,51.31,52.15,51.96,51.0,35145.9,0.65,1.27,51.048,49.831,48.852,25958.4,32525.9,20778.0,9.76
2017-03-02 10:30:00,50.04,51.56,51.31,49.56,25337.4,1.27,2.54,50.936,49.34,48.648,33227.7,30054.9,19264.2,7.04
2017-03-01 15:00:00,50.87,52.23,50.62,50.05,33516.7,-0.25,-0.49,50.69,48.976,48.4825,33739.4,28027.5,18537.6,9.31
2017-03-01 14:00:00,50.49,51.98,50.85,50.02,22345.0,0.36,0.71,50.558,48.744,48.366,41927.4,25130.7,17965.6,6.21
2017-03-01 11:30:00,51.36,51.36,50.5,50.0,13447.0,-0.86,-1.67,49.598,48.487,48.193,38521.0,24936.2,17136.0,3.74
2017-03-01 10:30:00,49.7,51.55,51.4,49.0,71492.3,1.7,3.42,48.614,48.185,48.0505,39093.5,24681.6,16784.1,19.86
2017-02-28 15:00:00,49.96,50.47,50.08,49.9,27896.0,0.12,0.24,47.744,47.846,47.8305,26882.0,17989.2,14485.7,7.75
2017-02-28 14:00:00,46.05,50.46,49.96,46.05,74456.5,3.91,8.49,47.262,47.637,47.678,22315.7,15907.7,13974.7,20.68
2017-02-28 11:30:00,45.58,46.09,46.05,45.31,5313.04,0.47,1.03,46.93,47.445,47.51,8334.13,9346.63,10614.7,1.48
2017-02-28 10:30:00,46.49,46.7,45.58,45.13,16309.5,-0.91,-1.96,47.376,47.623,47.5165,11351.5,9768.3,10570.5,4.53
2017-02-27 15:00:00,47.78,47.9,47.05,46.96,10435.2,-0.73,-1.53,47.756,47.873,47.532,10269.8,9030.12,10232.4,2.9
2017-02-27 14:00:00,48.32,48.57,47.67,47.51,5064.0,-0.65,-1.35,47.948,47.956,47.501,9096.43,8473.49,10384.0,1.41
2017-02-27 11:30:00,48.28,48.69,48.3,48.12,4548.9,0.02,0.04,48.012,47.989,47.3925,9499.79,9047.58,10388.0,1.26
2017-02-27 10:30:00,50.3,51.5,48.28,47.8,20400.0,-2.02,-4.02,47.96,47.988,47.258,10359.1,10800.5,10473.8,5.67
2017-02-24 15:00:00,48.02,48.03,47.48,47.32,10901.0,-0.54,-1.12,47.87,47.899,47.1365,8185.08,9335.67,10368.9,3.03
2017-02-24 14:00:00,48.0,48.09,48.01,47.71,4568.26,0.01,0.02,47.99,47.916,47.0315,7790.44,8886.47,10282.3,1.27
2017-02-24 11:30:00,48.04,48.28,47.99,47.6,7080.79,-0.05,-0.1,47.964,47.815,46.926,7850.55,10982.2,10271.6,1.97
2017-02-24 10:30:00,48.0,48.1,48.04,47.52,8845.64,0.04,0.08,47.966,47.719,46.8635,8595.37,12041.6,10920.6,2.46
2017-02-23 15:00:00,48.08,48.18,47.83,47.78,9529.71,-0.25,-0.52,48.016,47.575,46.8015,11241.9,11882.8,10989.0,2.65
2017-02-23 14:00:00,47.88,48.78,48.08,47.88,8927.8,0.2,0.42,47.928,47.41,46.7475,10486.3,11372.7,11385.1,2.48
2017-02-23 11:30:00,48.0,48.09,47.88,47.72,4868.81,-0.12,-0.25,47.842,47.191,46.663,9982.51,11434.6,11609.2,1.35
2017-02-23 10:30:00,48.2,48.5,48.0,47.6,10804.9,-0.2,-0.41,47.666,47.046,46.538,14113.9,12294.5,11581.4,3.0
2017-02-22 15:00:00,47.38,48.5,48.29,47.0,22078.4,0.91,1.92,47.472,46.796,46.4135,15487.9,11728.4,11857.4,6.13
2017-02-22 14:00:00,47.66,47.75,47.39,47.04,5751.43,-0.27,-0.57,47.134,46.528,46.294,12523.8,10147.1,11833.7,1.6
2017-02-22 11:30:00,47.0,47.79,47.65,46.98,6409.0,0.65,1.38,46.892,46.374,46.3225,12259.2,11402.2,12508.6,1.78
2017-02-22 10:30:00,47.64,48.54,47.0,46.74,25526.0,-0.64,-1.34,46.54,46.147,46.3265,12886.7,11678.1,13180.1,7.09
2017-02-21 15:00:00,46.66,47.46,47.03,46.66,17674.6,0.37,0.79,46.426,46.037,46.334,10475.0,9561.05,13157.9,4.91
2017-02-21 14:00:00,46.19,46.8,46.6,46.08,7257.82,0.41,0.89,46.12,46.008,46.318,7968.9,9799.54,13281.2,2.02
2017-02-21 11:30:00,45.89,46.23,46.18,45.64,4428.48,0.29,0.63,45.922,46.028,46.322,7770.33,10095.2,13735.9,1.23
2017-02-21 10:30:00,46.47,46.48,45.89,45.7,9546.48,-0.58,-1.25,45.856,46.085,46.3075,10545.2,11397.5,14441.5,2.65
2017-02-20 15:00:00,45.5,46.48,46.43,45.36,13467.7,0.93,2.04,45.754,46.135,46.258,10469.4,11783.7,14607.5,3.74
2017-02-20 14:00:00,45.6,45.8,45.5,45.11,5144.0,-0.1,-0.22,45.648,46.03,46.1665,8647.07,10868.4,14627.8,1.43
2017-02-20 11:30:00,45.85,45.9,45.61,45.02,6265.0,-0.24,-0.52,45.896,46.031,46.126,11630.2,11986.3,14860.1,1.74
2017-02-20 10:30:00,45.01,46.56,45.85,45.01,18303.0,0.84,1.87,46.134,46.06,46.062,12420.0,13520.4,15034.2,5.08
2017-02-17 15:00:00,45.95,46.36,45.38,45.27,9167.48,-0.57,-1.24,46.314,46.271,45.9595,12249.8,13615.1,14626.9,2.55
2017-02-17 14:00:00,46.5,46.65,45.9,45.81,4355.87,-0.6,-1.29,46.516,46.506,45.8335,13098.0,14682.1,14436.8,1.21
2017-02-17 11:30:00,46.8,46.85,46.74,45.0,20059.6,-0.06,-0.13,46.412,46.631,45.699,13089.7,16754.7,14380.3,5.57
2017-02-17 10:30:00,46.45,46.95,46.8,46.0,10213.9,0.35,0.75,46.166,46.628,45.52,12342.4,16762.9,13665.8,2.84
2017-02-16 15:00:00,46.4,47.02,46.75,45.81,17451.9,0.35,0.75,45.986,46.616,45.352,14620.7,17376.7,13473.0,4.85
2017-02-16 14:00:00,45.38,46.85,46.39,45.01,13408.9,1.01,2.23,46.228,46.53,45.2055,14980.4,17485.6,12879.3,3.72
2017-02-16 11:30:00,45.51,45.76,45.38,45.22,4314.15,-0.13,-0.29,46.496,46.381,45.073,16266.2,17431.2,12422.9,1.2
2017-02-16 10:30:00,45.9,46.26,45.51,44.71,16323.4,-0.39,-0.85,46.85,46.303,44.985,20419.8,18387.2,12485.7,4.53
2017-02-15 15:00:00,47.94,48.0,45.9,45.66,21605.4,-2.04,-4.26,47.09,46.221,44.901,21183.4,17733.9,12444.3,6.0
2017-02-15 14:00:00,47.73,48.4,47.96,46.99,19250.3,0.23,0.48,47.246,46.064,44.786,20132.7,16548.0,11850.4,5.35
2017-02-15 11:30:00,47.21,47.96,47.73,46.9,19837.9,0.52,1.1,46.832,45.648,44.5845,19990.8,15638.7,11384.6,5.51
2017-02-15 10:30:00,45.5,47.4,47.15,45.5,25081.7,1.65,3.63,46.266,45.161,44.363,18596.3,14191.5,10744.9,6.97
2017-02-14 15:00:00,46.68,47.44,46.71,46.4,20141.7,0.03,0.06,45.756,44.767,44.172,16354.6,12005.9,10441.5,5.59
2017-02-14 14:00:00,45.88,46.86,46.68,45.6,16351.9,0.8,1.74,45.352,44.412,43.9325,14284.3,10568.7,9614.32,4.54
2017-02-14 11:30:00,44.9,46.0,45.89,44.81,18540.6,0.99,2.2,44.882,44.088,43.6885,12963.2,9569.36,9004.68,5.15
2017-02-14 10:30:00,44.31,45.34,44.9,43.92,12865.4,0.59,1.33,44.464,43.881,43.484,11286.6,8273.07,8274.08,3.57
2017-02-13 15:00:00,44.69,45.29,44.6,44.59,13873.5,-0.09,-0.2,44.056,43.765,43.3325,9786.77,7414.5,8106.01,3.85
2017-02-13 14:00:00,44.35,44.94,44.69,44.31,9790.29,0.34,0.77,43.778,43.667,43.219,7657.18,6584.19,8186.02,2.72
2017-02-13 11:30:00,43.78,44.33,44.33,43.7,9746.46,0.55,1.26,43.472,43.581,43.0785,6853.08,7154.7,8188.0,2.71
2017-02-13 10:30:00,42.83,43.98,43.8,42.61,10157.6,0.97,2.26,43.294,43.508,42.9315,6175.49,7152.74,8198.92,2.82
2017-02-10 15:00:00,43.21,43.4,42.86,42.84,5366.0,-0.35,-0.81,43.298,43.521,42.7805,5259.49,7130.46,8081.17,1.49
2017-02-10 14:00:00,43.16,43.25,43.21,42.99,3225.57,0.05,0.12,43.474,43.565,42.637,5042.24,7298.28,8014.07,0.9
2017-02-10 11:30:00,43.44,43.49,43.16,42.96,5769.75,-0.28,-0.64,43.556,43.577,42.4645,5511.19,8877.16,7953.56,1.6
2017-02-10 10:30:00,43.76,43.76,43.44,43.18,6358.46,-0.32,-0.73,43.69,43.453,42.2765,7456.32,8659.93,7827.13,1.77
2017-02-09 15:00:00,43.74,44.1,43.82,43.58,5577.67,0.08,0.18,43.722,43.289,42.0845,8129.99,8440.01,7673.6,1.55
2017-02-09 14:00:00,43.62,44.09,43.74,43.62,4279.76,0.12,0.28,43.744,43.087,41.891,9001.43,8275.09,7579.95,1.19
2017-02-09 11:30:00,43.8,43.81,43.62,43.38,5570.32,-0.18,-0.41,43.656,42.9,41.7165,9554.31,8797.52,7482.83,1.55
2017-02-09 10:30:00,43.5,44.33,43.83,43.04,15495.4,0.33,0.76,43.598,42.771,41.5305,12243.1,9787.84,7342.47,4.3
2017-02-08 15:00:00,43.9,44.13,43.6,43.6,9726.78,-0.3,-0.68,43.216,42.576,41.3415,9863.54,9221.31,6813.74,2.7
2017-02-08 14:00:00,43.28,44.19,43.93,43.19,9934.91,0.65,1.5,42.856,42.355,41.175,8750.03,9245.11,6573.66,2.76
2017-02-08 11:30:00,43.33,43.87,43.3,43.18,7044.16,-0.03,-0.07,42.43,42.04,41.003,7548.75,9031.88,6290.57,1.96
2017-02-08 10:30:00,43.01,44.36,43.33,42.91,19014.4,0.32,0.74,42.144,41.709,40.847,8040.73,8729.86,6081.71,5.28
2017-02-07 15:00:00,41.8,41.97,41.92,41.72,3597.44,0.12,0.29,41.944,41.352,40.686,7332.56,7029.97,5289.44,1.0
2017-02-07 14:00:00,41.8,41.84,41.8,41.45,4159.22,0.0,0.0,41.936,41.1,40.5835,8579.07,6994.32,5339.56,1.16
2017-02-07 11:30:00,41.87,42.13,41.8,41.66,3928.54,-0.07,-0.17,41.854,40.88,40.494,9740.2,6907.2,5249.7,1.09
2017-02-07 10:30:00,41.97,42.31,41.87,41.63,9504.0,-0.1,-0.24,41.65,40.695,40.4085,10515.0,6884.8,5246.42,2.64
2017-02-06 15:00:00,41.85,42.36,42.33,41.61,15473.6,0.48,1.15,41.274,40.533,40.313,9419.0,6168.14,5111.22,4.3
2017-02-06 14:00:00,41.4,41.98,41.88,41.31,9830.01,0.48,1.16,40.76,40.29,40.224,6727.37,4897.09,4597.39,2.73
2017-02-06 11:30:00,40.78,41.49,41.39,40.73,9964.85,0.61,1.5,40.264,40.107,40.14,5409.57,4406.17,4277.28,2.77
2017-02-06 10:30:00,40.1,40.78,40.78,40.0,7802.53,0.68,1.7,39.906,39.995,40.0855,4074.2,3902.22,4167.89,2.17
2017-02-03 15:00:00,39.76,40.04,39.99,39.76,4024.0,0.23,0.58,39.74,39.966,40.082,3254.6,3549.26,4365.2,1.12
2017-02-03 14:00:00,39.36,39.84,39.76,39.29,2015.47,0.4,1.02,39.792,39.985,40.108,2917.29,3433.56,4667.02,0.56
2017-02-03 11:30:00,39.6,39.72,39.4,39.2,3241.0,-0.2,-0.51,39.82,40.02,40.135,3066.81,3548.92,4812.01,0.9
2017-02-03 10:30:00,39.88,40.01,39.6,39.6,3288.0,-0.28,-0.7,39.95,40.067,40.173,3402.76,3684.81,5005.66,0.91
2017-01-26 15:00:00,40.25,40.29,39.95,39.9,3704.53,-0.3,-0.75,40.084,40.108,40.2045,3730.23,3592.2,5454.01,1.03
2017-01-26 14:00:00,39.91,40.33,40.25,39.86,2337.47,0.34,0.85,40.192,40.122,40.15,3843.93,3608.04,5602.48,0.65
2017-01-26 11:30:00,40.05,40.05,39.9,39.86,2763.07,-0.15,-0.37,40.178,40.093,40.087,3949.83,4054.29,5730.64,0.77
2017-01-26 10:30:00,40.7,40.7,40.05,39.88,4920.75,-0.65,-1.6,40.22,40.158,40.077,4031.02,4297.68,6083.73,1.37
2017-01-25 15:00:00,40.51,40.55,40.27,40.21,4925.33,-0.24,-0.59,40.184,40.173,40.0385,3966.85,4148.4,6363.86,1.37
2017-01-25 14:00:00,40.18,40.5,40.49,40.0,4273.01,0.31,0.77,40.132,40.176,39.955,3454.17,4433.57,6417.76,1.19
2017-01-25 11:30:00,40.11,40.37,40.18,40.11,2867.0,0.07,0.17,40.052,40.198,39.885,3372.15,5181.14,6502.67,0.8
2017-01-25 10:30:00,39.95,40.26,40.11,39.74,3169.0,0.16,0.4,40.008,40.231,39.831,4158.74,5900.48,6794.3,0.88
2017-01-24 15:00:00,40.01,40.05,39.87,39.59,4599.9,-0.14,-0.35,40.096,40.25,39.7605,4564.35,6075.11,7210.46,1.28
2017-01-24 14:00:00,40.09,40.19,40.01,39.83,2361.95,-0.08,-0.2,40.162,40.279,39.721,4329.96,6326.52,7705.03,0.66
2017-01-24 11:30:00,39.96,40.09,40.09,39.65,3862.89,0.13,0.33,40.22,40.301,39.675,5412.97,7315.82,8280.9,1.07
2017-01-24 10:30:00,40.68,40.68,39.96,39.8,6799.96,-0.72,-1.77,40.344,40.178,39.4905,6990.13,7596.92,8288.06,1.89
2017-01-23 15:00:00,40.19,40.65,40.55,40.08,5197.04,0.36,0.9,40.454,40.081,39.3365,7642.22,7406.98,8370.01,1.44
2017-01-23 14:00:00,40.3,40.55,40.2,40.08,3427.95,-0.1,-0.25,40.404,39.996,39.122,7585.86,7869.78,8892.06,0.95
2017-01-23 11:30:00,40.71,40.88,40.3,40.29,7777.0,-0.41,-1.01,40.396,39.904,39.0205,8323.08,8579.32,8868.0,2.16
2017-01-23 10:30:00,40.29,40.95,40.71,40.26,11748.7,0.42,1.04,40.382,39.734,38.908,9218.65,8401.94,8704.45,3.26
2017-01-20 15:00:00,40.3,40.99,40.51,40.15,10060.4,0.21,0.52,40.012,39.572,38.7865,8203.71,7824.21,8484.16,2.79
2017-01-20 14:00:00,40.2,40.45,40.3,40.12,4915.27,0.1,0.25,39.708,39.431,38.695,7171.75,7688.12,8295.66,1.37
2017-01-20 11:30:00,40.2,40.44,40.16,40.02,7114.04,-0.04,-0.1,39.588,39.271,38.651,8153.69,8345.81,8302.42,1.98
2017-01-20 10:30:00,38.7,40.35,40.23,38.7,12254.9,1.53,3.95,39.412,39.163,38.5945,8835.57,9083.55,8320.52,3.4
2017-01-19 15:00:00,38.98,39.35,38.86,38.45,6673.96,-0.12,-0.31,39.086,39.049,38.5355,7585.22,9245.98,8155.59,1.85
2017-01-19 14:00:00,39.76,39.76,38.99,38.88,4900.59,-0.77,-1.94,39.132,38.803,38.582,7444.7,8979.19,8270.47,1.36
2017-01-19 11:30:00,39.28,39.88,39.7,39.01,9824.96,0.42,1.07,39.154,38.592,38.6075,8204.48,9333.03,8282.7,2.73
2017-01-19 10:30:00,37.91,39.49,39.28,37.7,10523.4,1.37,3.61,38.954,38.248,38.619,8537.94,9914.34,8077.39,2.92
2017-01-18 15:00:00,39.09,39.11,38.6,38.54,6003.2,-0.49,-1.25,38.914,38.137,38.63,9331.53,9156.68,7941.39,1.67
2017-01-18 14:00:00,39.1,39.5,39.09,39.01,5971.35,-0.01,-0.03,39.012,38.082,38.671,10906.7,9006.95,8080.02,1.66
2017-01-18 11:30:00,38.7,39.28,39.1,38.67,8699.49,0.4,1.03,38.474,38.001,38.717,10513.7,9144.12,8032.32,2.42
2017-01-18 10:30:00,38.54,38.92,38.7,38.2,11492.2,0.16,0.42,38.03,37.959,38.7665,10461.6,8903.2,7866.96,3.19
2017-01-17 15:00:00,39.06,39.7,39.08,38.54,14491.4,0.02,0.05,37.542,38.031,38.853,11290.7,8259.04,7717.84,4.03
2017-01-17 14:00:00,36.31,39.3,39.09,35.83,13879.2,2.78,7.66,37.36,38.026,38.9385,8981.85,7557.5,7324.82,3.86
2017-01-17 11:30:00,36.9,36.95,36.4,36.21,4006.12,-0.5,-1.36,37.152,38.022,39.0535,7107.18,7065.21,6793.62,1.11
2017-01-17 10:30:00,36.03,36.88,36.88,35.81,8438.98,0.85,2.36,37.528,38.361,39.3185,7774.56,7561.74,6788.36,2.34
2017-01-16 15:00:00,38.17,38.19,36.26,34.81,15638.0,-1.91,-5.0,37.888,38.623,39.5545,7344.82,7232.37,6813.26,4.34
2017-01-16 14:00:00,38.06,38.32,38.17,38.03,2946.88,0.11,0.29,38.52,38.99,39.808,5227.33,6240.45,6301.1,0.82
2017-01-16 11:30:00,38.28,38.31,38.05,37.76,4505.92,-0.23,-0.6,38.692,39.123,39.9565,6133.16,6726.09,6348.7,1.25
2017-01-16 10:30:00,38.35,38.6,38.28,37.71,7343.0,-0.07,-0.18,38.892,39.26,40.1375,7023.24,7153.08,6396.72,2.04
2017-01-13 15:00:00,39.4,39.5,38.68,38.5,6290.35,-0.72,-1.83,39.194,39.433,40.286,7348.93,6920.52,6505.14,1.75
2017-01-13 14:00:00,39.03,39.75,39.42,38.94,5050.51,0.39,1.0,39.358,39.574,40.434,7119.92,6830.71,6903.22,1.4
2017-01-13 11:30:00,39.06,39.34,39.03,38.25,7476.0,-0.03,-0.08,39.46,39.675,40.5715,7253.56,7176.65,7302.88,2.08
2017-01-13 10:30:00,39.53,40.09,39.05,38.7,8956.32,-0.48,-1.21,39.554,39.851,40.7615,7319.03,7092.14,7256.93,2.49
2017-01-12 15:00:00,39.5,40.09,39.79,39.38,8971.48,0.29,0.73,39.628,40.085,40.9475,7282.93,6522.04,8053.14,2.49
2017-01-12 14:00:00,39.98,39.98,39.5,39.5,5145.27,-0.48,-1.2,39.672,40.276,41.186,6492.12,6014.97,8490.61,1.43
2017-01-12 11:30:00,39.5,40.1,39.93,39.43,5718.75,0.43,1.09,39.79,40.486,41.511,6541.5,6394.14,8527.63,1.59
2017-01-12 10:30:00,39.67,39.93,39.5,39.28,7803.31,-0.17,-0.43,39.89,40.626,41.824,7099.73,6361.76,8562.56,2.17
2017-01-11 15:00:00,40.0,40.11,39.42,39.32,8775.82,-0.58,-1.45,40.148,40.79,42.1705,6865.25,5971.3,8902.03,2.44
2017-01-11 14:00:00,40.1,40.2,40.01,39.82,5017.44,-0.09,-0.22,40.542,41.015,42.5035,5761.14,5640.35,8904.33,1.39
2017-01-11 11:30:00,40.43,40.55,40.09,40.08,5392.19,-0.34,-0.84,40.88,41.139,42.803,5537.82,6089.75,8949.39,1.5
2017-01-11 10:30:00,40.57,40.78,40.43,40.08,8509.91,-0.14,-0.35,41.182,41.294,43.1035,6246.79,6975.73,9021.63,2.36
2017-01-10 15:00:00,41.39,41.48,40.79,40.76,6630.9,-0.6,-1.45,41.362,41.468,43.382,5623.78,7429.1,9242.71,1.84
2017-01-10 14:00:00,41.7,41.75,41.39,41.39,3255.28,-0.31,-0.74,41.432,41.672,43.665,5077.35,7421.72,9473.97,0.9
2017-01-10 11:30:00,41.61,41.8,41.7,41.57,3900.84,0.09,0.22,41.488,41.81,43.9145,5519.55,9584.24,9735.46,1.08
2017-01-10 10:30:00,41.31,41.91,41.6,41.31,8937.0,0.29,0.7,41.398,42.096,44.1235,6641.68,10966.3,9869.19,2.48
2017-01-09 15:00:00,41.14,41.33,41.33,40.9,5394.86,0.19,0.46,41.406,42.536,44.33,7704.68,10661.1,10176.1,1.5
2017-01-09 14:00:00,41.67,41.8,41.14,41.14,3898.77,-0.53,-1.27,41.574,43.022,44.5735,9234.43,10763.4,10432.7,1.08
2017-01-09 11:30:00,41.25,42.0,41.67,41.2,5466.3,0.42,1.02,41.912,43.551,44.851,9766.08,11832.8,11172.9,1.52
2017-01-09 10:30:00,41.4,41.4,41.25,40.67,9511.47,-0.15,-0.36,42.132,43.992,45.055,13648.9,12168.3,11343.6,2.64
2017-01-06 15:00:00,42.18,42.2,41.64,41.12,14252.0,-0.54,-1.28,42.794,44.467,45.2615,15290.8,11809.0,11453.2,3.96
2017-01-06 14:00:00,42.8,42.83,42.17,41.88,13043.6,-0.63,-1.47,43.666,44.913,45.4195,13617.6,11067.5,11177.2,3.62
2017-01-06 11:30:00,42.75,43.16,42.83,42.65,6557.03,0.08,0.19,44.47,45.296,45.575,12292.3,11056.3,10807.1,1.82
2017-01-06 10:30:00,44.11,44.27,42.77,42.77,24880.5,-1.34,-3.04,45.19,45.658,45.718,13899.5,11526.2,11072.6,6.91
2017-01-05 15:00:00,46.0,46.0,44.56,44.52,17721.0,-1.44,-3.13,45.852,46.019,45.822,10687.7,9886.69,10216.2,4.92
2017-01-05 14:00:00,46.17,46.28,46.0,45.88,5885.65,-0.17,-0.37,46.14,46.151,45.8345,8327.22,8772.13,9898.76,1.63
2017-01-05 11:30:00,46.43,46.57,46.19,46.12,6417.23,-0.24,-0.52,46.16,46.124,45.794,8517.52,9691.09,9854.12,1.78
2017-01-05 10:30:00,45.8,46.75,46.43,45.75,14592.9,0.63,1.38,46.122,46.125,45.7595,9820.34,10102.1,9763.68,4.05
2017-01-04 15:00:00,46.0,46.18,46.08,45.92,8821.78,0.08,0.17,46.126,46.151,45.7185,9153.01,10513.1,9419.23,2.45
2017-01-04 14:00:00,46.1,46.2,46.0,45.95,5918.52,-0.1,-0.22,46.186,46.118,45.686,9085.67,10518.9,9406.08,1.64
2017-01-04 11:30:00,45.9,46.2,46.1,45.85,6837.15,0.2,0.44,46.162,46.056,45.662,9217.04,11097.5,9316.12,1.9
2017-01-04 10:30:00,46.34,46.34,46.0,45.56,12931.4,-0.34,-0.73,46.088,45.926,45.636,10864.7,11286.8,9294.48,3.59
2017-01-03 15:00:00,46.38,46.83,46.45,46.31,11256.2,0.07,0.15,46.128,45.854,45.611,10383.9,10557.8,9491.33,3.13
2017-01-03 14:00:00,45.91,46.59,46.38,45.89,8485.09,0.47,1.02,46.176,45.778,45.6045,11873.2,10619.0,9431.33,2.36
2017-01-03 11:30:00,45.73,46.04,45.88,45.71,6575.37,0.15,0.33,46.05,45.625,45.5925,11952.0,10545.6,9405.67,1.83
2017-01-03 10:30:00,46.39,46.59,45.73,45.65,15075.3,-0.66,-1.42,45.95,45.518,45.6125,12977.9,11025.4,9862.26,4.19
2016-12-30 15:00:00,46.69,46.69,46.2,45.92,10527.5,-0.49,-1.05,45.764,45.464,45.565,11708.9,10017.1,10069.8,2.92
2016-12-30 14:00:00,45.81,46.76,46.69,45.7,18702.7,0.88,1.92,45.58,45.394,45.5175,10731.7,9425.24,10176.8,5.2
2016-12-30 11:30:00,45.38,45.76,45.75,45.35,8879.28,0.37,0.82,45.38,45.286,45.452,9364.75,8325.35,10104.2,2.47
2016-12-30 10:30:00,45.06,45.89,45.38,45.0,11704.7,0.32,0.71,45.2,45.254,45.4895,9139.24,8293.3,10377.6,3.25
2016-12-29 15:00:00,45.28,45.41,44.8,44.7,8730.45,-0.48,-1.06,45.086,45.268,45.585,9072.9,7534.78,10789.6,2.43
2016-12-29 14:00:00,45.71,45.8,45.28,45.22,5641.31,-0.43,-0.94,45.164,45.346,45.7815,8325.36,7302.16,10803.8,1.57
2016-12-29 11:30:00,44.85,45.8,45.69,44.66,11868.0,0.84,1.87,45.208,45.368,45.965,8118.78,8424.86,10750.4,3.3
2016-12-29 10:30:00,44.61,45.11,44.85,44.5,7751.76,0.24,0.54,45.192,45.431,46.1495,7285.96,8243.69,10881.0,2.15
2016-12-28 15:00:00,45.2,45.41,44.81,44.81,11373.0,-0.39,-0.86,45.308,45.56,46.346,7447.36,8265.71,11041.1,3.16
2016-12-28 14:00:00,45.52,45.65,45.19,45.1,4992.74,-0.33,-0.72,45.45,45.707,46.559,5996.65,8699.12,10943.0,1.39
2016-12-28 11:30:00,45.61,45.85,45.5,45.45,4608.45,-0.11,-0.24,45.528,45.666,46.757,6278.96,10122.4,11084.8,1.28
2016-12-28 10:30:00,45.01,45.93,45.61,45.01,7703.85,0.6,1.33,45.528,45.641,46.921,8730.93,10928.3,11519.6,2.14
2016-12-27 15:00:00,45.5,45.92,45.43,45.38,8558.77,-0.07,-0.15,45.67,45.618,47.0855,9201.42,11883.0,12124.9,2.38
2016-12-27 14:00:00,45.58,45.89,45.52,45.48,4119.46,-0.06,-0.13,45.812,45.725,47.295,9084.05,12461.8,12217.3,1.14
2016-12-27 11:30:00,45.5,45.73,45.58,45.32,6404.27,0.08,0.18,45.964,45.902,47.5005,11401.6,14044.5,12303.6,1.78
2016-12-27 10:30:00,45.63,46.18,45.5,45.05,16868.3,-0.13,-0.28,45.804,46.217,47.7185,13965.8,14305.4,12368.4,4.69
2016-12-26 15:00:00,46.14,46.47,46.32,46.14,10056.3,0.18,0.39,45.754,46.562,47.9355,13125.7,13076.0,12359.0,2.79
2016-12-26 14:00:00,46.29,46.29,46.14,45.73,7971.93,-0.15,-0.32,45.566,46.868,48.125,14564.5,13518.4,12529.7,2.21
2016-12-26 11:30:00,44.79,46.53,46.28,44.53,15707.1,1.49,3.33,45.638,47.132,48.3245,15839.6,13816.5,12529.2,4.36
2016-12-26 10:30:00,45.06,45.06,44.78,43.54,19225.5,-0.28,-0.62,45.84,47.411,48.5445,16687.4,13186.9,12527.8,5.34
2016-12-23 15:00:00,45.33,46.0,45.25,45.2,12667.7,-0.08,-0.18,46.63,47.848,48.8085,14644.9,12047.2,12843.8,3.52
2016-12-23 14:00:00,46.5,46.51,45.38,45.38,17250.4,-1.12,-2.41,47.37,48.201,49.0525,13026.3,12110.9,13363.8,4.79
2016-12-23 11:30:00,47.29,47.55,46.5,46.43,14347.1,-0.79,-1.67,48.17,48.553,49.2785,12472.2,12366.8,13789.8,3.99
2016-12-23 10:30:00,48.61,48.78,47.29,47.1,19946.2,-1.32,-2.72,48.626,48.865,49.5005,11793.4,11972.7,14249.3,5.54
2016-12-22 15:00:00,48.95,49.2,48.73,48.62,9013.17,-0.22,-0.45,48.982,49.099,49.731,9686.46,10562.8,14522.3,2.5
2016-12-22 14:00:00,49.34,49.35,48.95,48.9,4574.6,-0.39,-0.79,49.066,49.22,49.91,9449.51,10431.5,15637.9,1.27
2016-12-22 11:30:00,48.78,49.88,49.38,48.72,14479.8,0.6,1.23,49.032,49.309,50.1495,11195.6,11642.0,16179.4,4.02
2016-12-22 10:30:00,49.07,49.07,48.78,48.36,10953.2,-0.29,-0.59,48.936,49.382,50.3795,12261.4,11541.0,16308.4,3.04
2016-12-21 15:00:00,49.15,49.31,49.07,48.75,9411.51,-0.08,-0.16,49.104,49.517,50.626,12152.1,11241.9,17490.9,2.61
2016-12-21 14:00:00,48.77,49.49,49.15,48.54,7828.44,0.38,0.78,49.216,49.678,50.925,11439.2,11868.6,18262.8,2.17
2016-12-21 11:30:00,48.9,48.99,48.78,48.31,13304.8,-0.12,-0.25,49.374,49.769,51.332,11413.4,13640.3,18731.6,3.7
2016-12-21 10:30:00,50.0,50.01,48.9,48.83,19809.2,-1.1,-2.2,49.586,49.904,51.772,12088.3,14616.6,19668.0,5.5
2016-12-20 15:00:00,49.63,49.75,49.62,49.2,10406.4,-0.01,-0.02,49.828,50.004,52.1865,10820.6,15212.8,21392.0,2.89
2016-12-20 14:00:00,49.94,50.0,49.63,49.51,5847.07,-0.31,-0.62,49.93,50.136,52.5355,10331.7,16525.9,22066.1,1.62
2016-12-20 11:30:00,49.83,50.18,49.94,49.52,7699.7,0.11,0.22,50.14,50.363,53.0035,12298.0,18481.7,23544.1,2.14
2016-12-20 10:30:00,49.42,50.27,49.84,49.2,16679.4,0.42,0.85,50.164,50.6,53.4245,15867.3,20844.4,24274.0,4.63
2016-12-19 15:00:00,50.1,50.41,50.11,49.5,13470.4,0.01,0.02,50.222,50.99,53.76,17144.9,20716.8,26969.4,3.74
2016-12-19 14:00:00,50.68,50.78,50.13,50.01,7961.95,-0.55,-1.09,50.18,51.377,54.3225,19605.0,21075.8,27759.3,2.21
2016-12-19 11:30:00,50.1,51.22,50.68,49.66,15678.7,0.58,1.16,50.342,51.735,54.9045,22720.1,23740.0,28904.1,4.36
2016-12-19 10:30:00,50.13,50.48,50.06,48.95,25545.9,-0.07,-0.14,50.586,52.172,55.3805,24665.4,24657.0,29178.1,7.1
2016-12-16 15:00:00,49.9,50.8,50.13,48.92,23067.6,0.23,0.46,51.036,52.895,55.9025,25821.5,23822.8,34220.0,6.41
2016-12-16 14:00:00,50.95,50.95,49.9,49.33,25771.0,-1.05,-2.06,51.758,53.64,56.217,24288.6,24719.3,33072.1,7.16
2016-12-16 11:30:00,51.89,52.22,50.94,50.72,23537.2,-0.95,-1.83,52.574,54.369,56.543,22546.6,27571.3,31787.3,6.54
2016-12-16 10:30:00,52.12,52.98,51.9,51.53,25405.2,-0.22,-0.42,53.128,54.935,56.817,24759.9,27606.3,30621.3,7.06
2016-12-15 15:00:00,53.74,54.0,52.31,51.86,31326.6,-1.43,-2.66,53.758,55.644,57.043,24648.6,28606.5,29395.2,8.7
2016-12-15 14:00:00,53.98,54.56,53.74,53.5,15403.0,-0.24,-0.44,54.754,56.249,56.992,21824.1,27703.6,27831.1,4.28
2016-12-15 11:30:00,53.71,54.6,53.98,53.01,17060.8,0.27,0.5,55.522,56.53,56.8695,25149.9,33222.2,27061.2,4.74
2016-12-15 10:30:00,52.0,54.41,53.71,51.88,34603.9,1.71,3.29,56.164,57.268,56.735,32596.0,34442.8,26209.4,9.61
2016-12-14 15:00:00,57.29,57.29,55.05,54.44,24848.8,-2.24,-3.91,56.742,58.074,56.614,30452.7,34068.2,24492.9,6.9
2016-12-14 14:00:00,57.57,58.27,57.29,56.61,17203.9,-0.28,-0.49,57.53,58.589,56.193,32564.5,33699.2,23252.8,4.78
2016-12-14 11:30:00,57.2,58.61,57.58,56.51,32032.3,0.38,0.66,57.744,58.91,55.66,33583.1,44617.2,22393.4,8.9
2016-12-14 10:30:00,55.9,57.85,57.19,53.99,54291.0,1.29,2.31,57.538,58.794,55.1125,41294.4,41425.0,20792.3,15.08
2016-12-13 15:00:00,58.99,60.3,56.6,55.83,23887.3,-2.39,-4.05,58.372,58.717,54.5845,36289.6,36003.4,18088.2,6.64
2016-12-13 14:00:00,58.42,63.0,58.99,57.63,35407.8,0.57,0.98,59.406,58.699,53.874,37683.7,33636.4,16894.4,9.84
2016-12-13 11:30:00,56.5,58.36,58.36,55.55,22297.0,1.86,3.29,59.648,58.442,53.044,34833.9,30183.8,15124.8,6.19
2016-12-13 10:30:00,55.52,57.98,56.55,55.22,70588.7,1.03,1.86,60.076,57.735,52.2455,55651.3,27958.6,14010.0,19.61
2016-12-12 15:00:00,61.78,62.0,61.36,60.0,29267.2,-0.42,-0.68,60.05,57.209,51.5375,41555.6,20900.3,10488.9,8.13
2016-12-12 14:00:00,60.17,61.95,61.77,60.01,30858.0,1.6,2.66,59.062,56.202,50.3965,35717.2,17976.0,9027.0,8.57
2016-12-12 11:30:00,60.51,60.6,60.2,59.68,21158.4,-0.31,-0.51,57.992,55.154,49.235,29589.0,14917.6,7484.7,5.88
2016-12-12 10:30:00,57.98,61.87,60.5,57.98,126384.0,2.52,4.35,57.236,53.797,48.152,25533.7,12806.3,6427.74,35.11
2016-12-09 15:00:00,56.42,56.42,56.42,56.42,110.48,0.0,0.0,55.394,52.41,47.054,265.88,169.54,115.84,0.03
2016-12-09 14:00:00,56.42,56.42,56.42,56.42,75.0,0.0,0.0,54.368,51.431,45.985,244.98,159.59,111.06,0.02
2016-12-09 11:30:00,56.42,56.42,56.42,56.42,217.0,0.0,0.0,53.342,50.452,44.916,234.78,173.09,107.96,0.06
2016-12-09 10:30:00,56.42,56.42,56.42,56.42,881.91,0.0,0.0,52.316,49.049,43.847,246.18,152.39,98.26,0.24
2016-12-08 15:00:00,51.29,51.29,51.29,51.29,45.0,0.0,0.0,50.358,47.646,42.778,79.0,65.92,58.42,0.01
2016-12-08 14:00:00,51.29,51.29,51.29,51.29,6.0,0.0,0.0,49.426,46.756,41.806,73.2,61.52,56.17,0.0
2016-12-08 11:30:00,51.29,51.29,51.29,51.29,24.0,0.0,0.0,48.494,45.866,40.834,74.2,77.42,56.37,0.01
2016-12-08 10:30:00,51.29,51.29,51.29,51.29,274.0,0.0,0.0,47.562,44.591,39.862,111.4,78.02,55.22,0.08
2016-12-07 15:00:00,46.63,46.63,46.63,46.63,46.0,0.0,0.0,45.782,43.316,38.89,58.6,51.82,46.32,0.01
2016-12-07 14:00:00,46.63,46.63,46.63,46.63,16.0,0.0,0.0,44.934,42.507,38.006,52.85,49.13,44.67,0.0
2016-12-07 11:30:00,46.63,46.63,46.63,46.63,11.0,0.0,0.0,44.086,41.698,37.122,49.85,62.13,43.92,0.0
2016-12-07 10:30:00,46.63,46.63,46.63,46.63,210.0,0.0,0.0,43.238,40.539,36.238,80.65,62.53,43.87,0.06
2016-12-06 15:00:00,42.39,42.39,42.39,42.39,10.0,0.0,0.0,41.62,39.38,35.354,44.65,42.83,35.02,0.0
2016-12-06 14:00:00,42.39,42.39,42.39,42.39,17.24,0.0,0.0,40.85,38.645,34.9837,45.05,44.13,36.33,0.0
2016-12-06 11:30:00,42.39,42.39,42.39,42.39,1.0,0.0,0.0,40.08,37.91,34.5722,45.42,50.91,37.39,0.0
2016-12-06 10:30:00,42.39,42.39,42.39,42.39,165.0,0.0,0.0,39.31,36.856,34.1124,74.42,50.81,39.53,0.05
2016-12-05 15:00:00,38.54,38.54,38.54,38.54,30.0,0.0,0.0,37.84,35.802,33.595,44.42,35.31,31.69,0.01
2016-12-05 14:00:00,38.54,38.54,38.54,38.54,12.0,0.0,0.0,37.14,35.133,33.2653,41.02,32.41,31.8,0.0
2016-12-05 11:30:00,38.54,38.54,38.54,38.54,19.08,0.0,0.0,36.44,34.464,32.8886,43.22,40.81,33.22,0.01
2016-12-05 10:30:00,38.54,38.54,38.54,38.54,146.0,0.0,0.0,35.74,33.505,32.4538,56.4,40.2,34.31,0.04
2016-12-02 15:00:00,35.04,35.04,35.04,35.04,15.0,0.0,0.0,34.402,32.546,31.9467,27.2,25.7,25.0,0.0
2016-12-02 14:00:00,35.04,35.04,35.04,35.04,13.0,0.0,0.0,33.764,31.937,31.6655,26.2,25.2,25.91,0.0
2016-12-02 11:30:00,35.04,35.04,35.04,35.04,23.0,0.0,0.0,33.126,31.328,31.328,23.8,27.2,27.2,0.01
2016-12-02 10:30:00,35.04,35.04,35.04,35.04,85.0,0.0,0.0,32.488,30.9156,30.9156,38.4,27.66,27.66,0.02
2016-12-01 15:00:00,31.85,31.85,31.85,31.85,0.0,0.0,0.0,31.27,30.4,30.4,24.0,20.5,20.5,0.0
2016-12-01 14:00:00,31.85,31.85,31.85,31.85,10.0,0.0,0.0,30.69,30.1929,30.1929,24.2,23.43,23.43,0.0
2016-12-01 11:30:00,31.85,31.85,31.85,31.85,1.0,0.0,0.0,30.11,29.9167,29.9167,24.2,25.66,25.66,0.0
2016-12-01 10:30:00,31.85,31.85,31.85,31.85,96.0,0.0,0.0,29.53,29.53,29.53,30.6,30.6,30.6,0.03
2016-11-30 15:00:00,28.95,28.95,28.95,28.95,13.0,0.0,0.0,28.95,28.95,28.95,14.25,14.25,14.25,0.0
2016-11-30 14:00:00,28.95,28.95,28.95,28.95,1.0,0.0,0.0,28.95,28.95,28.95,14.66,14.66,14.66,0.0
2016-11-30 11:30:00,28.95,28.95,28.95,28.95,10.0,0.0,0.0,28.95,28.95,28.95,21.49,21.49,21.49,0.0
2016-11-30 10:30:00,28.95,28.95,28.95,28.95,32.98,0.0,0.0,28.95,28.95,28.95,32.98,32.98,32.98,0.01
