Not
2017-01-06@15:00:00,-1.077,-0.712,-0.366
2017-01-06@14:30:00,-1.002,-0.620,-0.382
2017-01-06@14:00:00,-0.913,-0.525,-0.388
2017-01-06@13:30:00,-0.818,-0.428,-0.390
2017-01-06@11:30:00,-0.721,-0.331,-0.390
2017-01-06@11:00:00,-0.618,-0.233,-0.384
2017-01-06@10:30:00,-0.507,-0.137,-0.370
2017-01-06@10:00:00,-0.322,-0.045,-0.277
2017-01-05@15:00:00,-0.125,0.025,-0.149
2017-01-05@14:30:00,-0.010,0.062,-0.072
2017-01-05@14:00:00,0.060,0.080,-0.020
2017-01-05@13:30:00,0.078,0.085,-0.007
2017-01-05@11:30:00,0.095,0.087,0.008
2017-01-05@11:00:00,0.100,0.085,0.015
2017-01-05@10:30:00,0.090,0.081,0.009
2017-01-05@10:00:00,0.068,0.079,-0.011
2017-01-04@15:00:00,0.062,0.082,-0.020
2017-01-04@14:30:00,0.065,0.087,-0.021
2017-01-04@14:00:00,0.075,0.092,-0.017
2017-01-04@13:30:00,0.088,0.096,-0.008
2017-01-04@11:30:00,0.095,0.098,-0.003
2017-01-04@11:00:00,0.101,0.099,0.002
2017-01-04@10:30:00,0.121,0.099,0.022
2017-01-04@10:00:00,0.141,0.093,0.048
2017-01-03@15:00:00,0.175,0.081,0.094
2017-01-03@14:30:00,0.160,0.058,0.102
2017-01-03@14:00:00,0.099,0.032,0.067
2017-01-03@13:30:00,0.066,0.016,0.050
2017-01-03@11:30:00,0.056,0.003,0.053
2017-01-03@11:00:00,0.060,-0.010,0.070
2017-01-03@10:30:00,0.071,-0.027,0.098
2017-01-03@10:00:00,0.093,-0.052,0.145
2016-12-30@15:00:00,0.091,-0.088,0.179
2016-12-30@14:30:00,0.068,-0.133,0.201
2016-12-30@14:00:00,0.037,-0.183,0.220
2016-12-30@13:30:00,-0.053,-0.238,0.185
2016-12-30@11:30:00,-0.172,-0.284,0.113
2016-12-30@11:00:00,-0.220,-0.313,0.092
2016-12-30@10:30:00,-0.257,-0.336,0.079
2016-12-30@10:00:00,-0.284,-0.355,0.071
2016-12-29@15:00:00,-0.315,-0.373,0.058
2016-12-29@14:30:00,-0.291,-0.388,0.097
2016-12-29@14:00:00,-0.306,-0.412,0.107
2016-12-29@13:30:00,-0.319,-0.439,0.120
2016-12-29@11:30:00,-0.369,-0.469,0.100
2016-12-29@11:00:00,-0.432,-0.494,0.062
2016-12-29@10:30:00,-0.485,-0.509,0.024
2016-12-29@10:00:00,-0.481,-0.515,0.034
2016-12-28@15:00:00,-0.489,-0.524,0.035
2016-12-28@14:30:00,-0.467,-0.533,0.065
2016-12-28@14:00:00,-0.463,-0.549,0.086
2016-12-28@13:30:00,-0.460,-0.570,0.111
2016-12-28@11:30:00,-0.474,-0.598,0.124
2016-12-28@11:00:00,-0.492,-0.629,0.137
2016-12-28@10:30:00,-0.535,-0.663,0.128
2016-12-28@10:00:00,-0.566,-0.695,0.129
2016-12-27@15:00:00,-0.604,-0.727,0.123
2016-12-27@14:30:00,-0.619,-0.758,0.139
2016-12-27@14:00:00,-0.666,-0.793,0.127
2016-12-27@13:30:00,-0.689,-0.825,0.136
2016-12-27@11:30:00,-0.731,-0.859,0.128
2016-12-27@11:00:00,-0.756,-0.891,0.135
2016-12-27@10:30:00,-0.774,-0.925,0.151
2016-12-27@10:00:00,-0.781,-0.962,0.182
2016-12-26@15:00:00,-0.824,-1.008,0.184
2016-12-26@14:30:00,-0.905,-1.054,0.149
2016-12-26@14:00:00,-1.007,-1.091,0.085
2016-12-26@13:30:00,-1.092,-1.112,0.020
2016-12-26@11:30:00,-1.177,-1.117,-0.060
2016-12-26@11:00:00,-1.291,-1.102,-0.188
2016-12-26@10:30:00,-1.338,-1.055,-0.282
2016-12-26@10:00:00,-1.305,-0.985,-0.320
2016-12-23@15:00:00,-1.172,-0.905,-0.267
2016-12-23@14:30:00,-1.105,-0.838,-0.267
2016-12-23@14:00:00,-1.055,-0.771,-0.283
2016-12-23@13:30:00,-0.937,-0.701,-0.237
2016-12-23@11:30:00,-0.796,-0.641,-0.155
2016-12-23@11:00:00,-0.696,-0.603,-0.094
2016-12-23@10:30:00,-0.605,-0.579,-0.025
2016-12-23@10:00:00,-0.513,-0.573,0.060
2016-12-22@15:00:00,-0.471,-0.588,0.117
2016-12-22@14:30:00,-0.474,-0.617,0.142
2016-12-22@14:00:00,-0.502,-0.653,0.151
2016-12-22@13:30:00,-0.523,-0.690,0.167
2016-12-22@11:30:00,-0.555,-0.732,0.177
2016-12-22@11:00:00,-0.618,-0.776,0.158
2016-12-22@10:30:00,-0.713,-0.816,0.103
2016-12-22@10:00:00,-0.739,-0.842,0.102
2016-12-21@15:00:00,-0.761,-0.867,0.106
2016-12-21@14:30:00,-0.808,-0.894,0.085
2016-12-21@14:00:00,-0.827,-0.915,0.088
2016-12-21@13:30:00,-0.877,-0.937,0.060
2016-12-21@11:30:00,-0.900,-0.952,0.052
2016-12-21@11:00:00,-0.907,-0.965,0.058
2016-12-21@10:30:00,-0.878,-0.979,0.101
2016-12-21@10:00:00,-0.865,-1.005,0.139
2016-12-20@15:00:00,-0.910,-1.039,0.130
2016-12-20@14:30:00,-0.953,-1.072,0.119
2016-12-20@14:00:00,-0.962,-1.102,0.140
2016-12-20@13:30:00,-0.993,-1.136,0.143
2016-12-20@11:30:00,-1.035,-1.172,0.138
2016-12-20@11:00:00,-1.088,-1.207,0.119
2016-12-20@10:30:00,-1.131,-1.237,0.106
2016-12-20@10:00:00,-1.168,-1.263,0.095
2016-12-19@15:00:00,-1.172,-1.287,0.115
2016-12-19@14:30:00,-1.214,-1.316,0.102
2016-12-19@14:00:00,-1.274,-1.341,0.067
2016-12-19@13:30:00,-1.310,-1.358,0.047
2016-12-19@11:30:00,-1.381,-1.370,-0.012
2016-12-19@11:00:00,-1.464,-1.367,-0.097
2016-12-19@10:30:00,-1.539,-1.342,-0.197
2016-12-19@10:00:00,-1.559,-1.293,-0.266
2016-12-16@15:00:00,-1.568,-1.227,-0.341
2016-12-16@14:30:00,-1.557,-1.141,-0.416
2016-12-16@14:00:00,-1.504,-1.037,-0.467
2016-12-16@13:30:00,-1.408,-0.921,-0.487
2016-12-16@11:30:00,-1.253,-0.799,-0.454
2016-12-16@11:00:00,-1.154,-0.686,-0.469
2016-12-16@10:30:00,-1.043,-0.568,-0.474
2016-12-16@10:00:00,-0.952,-0.450,-0.502
2016-12-15@15:00:00,-0.877,-0.324,-0.552
2016-12-15@14:30:00,-0.755,-0.186,-0.569
2016-12-15@14:00:00,-0.607,-0.044,-0.563
2016-12-15@13:30:00,-0.536,0.097,-0.633
2016-12-15@11:30:00,-0.464,0.255,-0.719
2016-12-15@11:00:00,-0.364,0.434,-0.798
2016-12-15@10:30:00,-0.146,0.634,-0.780
2016-12-15@10:00:00,0.077,0.829,-0.752
2016-12-14@15:00:00,0.360,1.017,-0.656
2016-12-14@14:30:00,0.581,1.181,-0.600
2016-12-14@14:00:00,0.736,1.331,-0.595
2016-12-14@13:30:00,0.813,1.480,-0.667
2016-12-14@11:30:00,0.957,1.646,-0.690
2016-12-14@11:00:00,1.039,1.819,-0.780
2016-12-14@10:30:00,1.134,2.014,-0.879
2016-12-14@10:00:00,1.274,2.233,-0.960
2016-12-13@15:00:00,1.659,2.473,-0.814
2016-12-13@14:30:00,1.961,2.677,-0.716
2016-12-13@14:00:00,2.200,2.856,-0.655
2016-12-13@13:30:00,2.348,3.020,-0.672
2016-12-13@11:30:00,2.369,3.188,-0.819
2016-12-13@11:00:00,2.559,3.392,-0.833
2016-12-13@10:30:00,2.890,3.601,-0.710
2016-12-13@10:00:00,3.329,3.778,-0.449
2016-12-12@15:00:00,3.836,3.890,-0.055
2016-12-12@14:30:00,3.942,3.904,0.038
2016-12-12@14:00:00,3.997,3.895,0.103
2016-12-12@13:30:00,3.991,3.869,0.122
2016-12-12@11:30:00,3.919,3.838,0.081
2016-12-12@11:00:00,3.936,3.818,0.118
2016-12-12@10:30:00,3.902,3.789,0.113
2016-12-12@10:00:00,3.769,3.760,0.009
2016-12-09@15:00:00,3.684,3.758,-0.074
2016-12-09@14:30:00,3.798,3.777,0.022
2016-12-09@14:00:00,3.889,3.771,0.118
2016-12-09@13:30:00,3.948,3.742,0.207
2016-12-09@11:30:00,3.967,3.690,0.277
2016-12-09@11:00:00,3.932,3.621,0.311
2016-12-09@10:30:00,3.831,3.543,0.288
2016-12-09@10:00:00,3.646,3.471,0.175
2016-12-08@15:00:00,3.357,3.427,-0.070
2016-12-08@14:30:00,3.462,3.445,0.017
2016-12-08@14:00:00,3.545,3.441,0.104
2016-12-08@13:30:00,3.599,3.415,0.185
2016-12-08@11:30:00,3.617,3.369,0.248
2016-12-08@11:00:00,3.586,3.307,0.280
2016-12-08@10:30:00,3.495,3.237,0.258
2016-12-08@10:00:00,3.328,3.172,0.156
2016-12-07@15:00:00,3.067,3.133,-0.067
2016-12-07@14:30:00,3.162,3.150,0.012
2016-12-07@14:00:00,3.239,3.147,0.092
2016-12-07@13:30:00,3.289,3.124,0.165
2016-12-07@11:30:00,3.306,3.083,0.223
2016-12-07@11:00:00,3.279,3.027,0.252
2016-12-07@10:30:00,3.197,2.964,0.233
2016-12-07@10:00:00,3.045,2.906,0.140
2016-12-06@15:00:00,2.808,2.871,-0.063
2016-12-06@14:30:00,2.896,2.886,0.009
2016-12-06@14:00:00,2.965,2.884,0.082
2016-12-06@13:30:00,3.012,2.864,0.148
2016-12-06@11:30:00,3.027,2.827,0.200
2016-12-06@11:00:00,3.002,2.777,0.225
2016-12-06@10:30:00,2.926,2.720,0.206
2016-12-06@10:00:00,nan,nan,nan
2016-12-05@15:00:00,nan,nan,nan
2016-12-05@14:30:00,nan,nan,nan
2016-12-05@14:00:00,nan,nan,nan
2016-12-05@13:30:00,nan,nan,nan
2016-12-05@11:30:00,nan,nan,nan
2016-12-05@11:00:00,nan,nan,nan
2016-12-05@10:30:00,nan,nan,nan
2016-12-05@10:00:00,nan,nan,nan
2016-12-02@15:00:00,nan,nan,nan
2016-12-02@14:30:00,nan,nan,nan
2016-12-02@14:00:00,nan,nan,nan
2016-12-02@13:30:00,nan,nan,nan
2016-12-02@11:30:00,nan,nan,nan
2016-12-02@11:00:00,nan,nan,nan
2016-12-02@10:30:00,nan,nan,nan
2016-12-02@10:00:00,nan,nan,nan
2016-12-01@15:00:00,nan,nan,nan
2016-12-01@14:30:00,nan,nan,nan
2016-12-01@14:00:00,nan,nan,nan
2016-12-01@13:30:00,nan,nan,nan
2016-12-01@11:30:00,nan,nan,nan
2016-12-01@11:00:00,nan,nan,nan
2016-12-01@10:30:00,nan,nan,nan
2016-12-01@10:00:00,nan,nan,nan
2016-11-30@15:00:00,nan,nan,nan
2016-11-30@14:30:00,nan,nan,nan
2016-11-30@14:00:00,nan,nan,nan
2016-11-30@13:30:00,nan,nan,nan
2016-11-30@11:30:00,nan,nan,nan
2016-11-30@11:00:00,nan,nan,nan
2016-11-30@10:30:00,nan,nan,nan
2016-11-30@10:00:00,nan,nan,nan
