2017-06-30,20.962,21.550,22.918,29.820,38.966
2017-06-29,21.000,21.721,23.968,30.803,39.589
2017-06-28,21.106,21.893,24.940,31.818,40.241
2017-06-27,21.514,21.971,26.063,32.786,40.947
2017-06-26,21.850,22.042,27.230,33.690,41.639
2017-06-23,22.138,21.993,28.311,34.551,42.232
2017-06-22,22.442,22.132,29.364,35.383,42.740
2017-06-21,22.680,22.322,30.368,36.199,43.164
2017-06-20,22.428,22.412,31.388,36.969,43.578
2017-06-19,22.234,22.277,32.603,37.806,43.965
2017-06-16,21.848,24.286,33.955,38.569,44.363
2017-06-15,21.822,26.215,35.345,39.381,44.761
2017-06-14,21.964,27.987,36.780,40.160,45.145
2017-06-13,22.396,30.155,38.194,40.983,45.554
2017-06-12,22.320,32.417,39.515,41.793,45.982
2017-06-09,26.724,34.629,40.831,42.534,46.425
2017-06-08,30.608,36.596,42.009,43.132,46.835
2017-06-07,34.010,38.414,43.137,43.665,47.245
2017-06-06,37.914,40.364,44.248,44.336,47.710
2017-06-05,42.514,42.929,45.570,45.239,48.196
2017-06-02,42.534,43.623,45.711,45.406,48.318
2017-06-01,42.584,44.474,45.965,45.611,48.401
2017-05-31,42.818,45.573,46.247,45.918,48.519
2017-05-26,42.814,46.233,46.397,46.079,48.599
2017-05-25,43.344,46.612,46.481,46.254,48.665
2017-05-24,44.712,47.032,46.487,46.559,48.734
2017-05-23,46.364,47.422,46.400,46.867,48.804
2017-05-22,48.328,47.860,46.291,47.221,48.867
2017-05-19,49.652,48.131,46.322,47.540,48.929
2017-05-18,49.880,48.211,46.395,47.814,48.911
2017-05-17,49.352,47.798,46.298,48.112,48.860
2017-05-16,48.480,47.455,46.180,48.375,48.761
2017-05-15,47.392,46.920,46.090,48.665,48.619
2017-05-12,46.610,46.560,46.002,49.107,48.523
2017-05-11,46.542,46.350,46.075,49.587,48.448
2017-05-10,46.244,45.942,46.323,49.912,48.362
2017-05-09,46.430,45.377,46.590,50.096,48.298
2017-05-08,46.448,44.721,46.901,50.130,48.199
2017-05-05,46.510,44.512,47.245,50.187,48.104
2017-05-04,46.158,44.578,47.615,50.125,47.974
2017-05-03,45.640,44.798,48.269,50.157,47.885
2017-05-02,44.324,44.905,48.835,50.141,47.769
2017-04-28,42.994,45.260,49.537,50.131,47.678
2017-04-27,42.514,45.444,50.381,50.125,47.587
2017-04-26,42.998,45.799,51.206,50.172,47.470
2017-04-25,43.956,46.703,51.897,50.315,47.396
2017-04-24,45.486,47.802,52.456,50.539,47.373
2017-04-21,47.526,49.081,52.835,50.826,47.323
2017-04-14,48.374,49.978,53.024,51.084,47.240
2017-04-13,48.600,50.652,52.899,51.153,47.097
2017-04-12,49.450,51.739,52.837,51.229,46.958
2017-04-11,50.118,52.764,52.759,51.191,46.835
2017-04-10,50.636,53.814,52.566,51.120,46.697
2017-04-07,51.582,55.317,52.466,51.120,46.593
2017-04-06,52.704,56.612,52.358,51.076,46.508
2017-04-05,54.028,57.091,52.121,50.909,46.409
2017-03-31,55.410,57.110,51.908,50.740,46.325
2017-03-30,56.992,56.589,51.698,50.513,46.225
2017-03-29,59.052,56.070,51.637,50.318,46.096
2017-03-28,60.520,55.145,51.404,50.008,45.922
2017-03-27,60.154,53.935,50.975,49.608,45.702
2017-03-24,58.810,52.754,50.405,49.148,45.500
2017-03-23,56.186,51.318,49.773,48.573,45.253
2017-03-22,53.088,49.614,49.021,47.939,45.017
2017-03-21,49.770,48.104,48.309,47.308,44.792
2017-03-20,47.716,47.151,47.818,46.812,44.672
2017-03-17,46.698,46.705,47.556,46.500,44.646
2017-03-16,46.450,46.807,47.475,46.267,44.698
2017-03-15,46.140,47.203,47.443,46.021,44.781
2017-03-14,46.438,47.663,47.439,45.822,44.933
2017-03-13,46.586,48.014,47.445,45.612,45.100
2017-03-10,46.712,48.055,47.346,45.396,45.346
2017-03-09,47.164,48.228,47.201,45.226,45.524
2017-03-08,48.266,48.428,47.102,45.048,45.615
2017-03-07,48.888,48.513,46.911,44.769,45.601
2017-03-06,49.442,48.484,46.643,44.478,45.519
2017-03-03,49.398,48.406,46.398,44.207,45.374
2017-03-02,49.292,48.142,45.997,43.820,45.158
2017-03-01,48.590,47.682,45.430,43.397,44.833
2017-02-28,48.138,47.215,44.902,43.042,44.473
2017-02-27,47.526,46.876,44.412,42.686,44.077
2017-02-24,47.414,46.636,44.067,42.479,43.693
2017-02-23,46.992,46.174,43.725,42.273,43.264
2017-02-22,46.774,45.776,43.359,42.067,42.796
2017-02-21,46.292,45.308,42.897,41.940,-1
2017-02-20,46.226,44.801,42.475,41.909,-1
2017-02-17,45.858,44.389,42.107,41.910,-1
2017-02-16,45.356,43.852,41.659,41.938,-1
2017-02-15,44.778,43.177,41.254,41.873,-1
2017-02-14,44.324,42.589,40.955,41.837,-1
2017-02-13,43.376,41.947,40.591,41.795,-1
2017-02-10,42.920,41.498,40.401,41.852,-1
2017-02-09,42.348,41.275,40.323,41.932,-1
2017-02-08,41.576,40.941,40.212,42.095,-1
2017-02-07,40.854,40.485,40.257,42.277,-1
2017-02-06,40.518,40.149,40.463,42.532,-1
2017-02-03,40.076,39.825,40.671,42.792,-1
2017-02-02,40.202,39.466,40.981,43.130,-1
2017-01-26,40.306,39.331,41.222,43.541,-1
2017-01-25,40.116,39.321,41.462,44.043,-1
2017-01-24,39.780,39.235,41.719,44.587,-1
2017-01-23,39.574,39.303,42.029,45.295,-1
2017-01-20,38.730,39.371,42.261,45.822,-1
2017-01-19,38.356,39.483,42.672,46.181,-1
2017-01-18,38.526,40.028,43.173,46.434,-1
2017-01-17,38.690,40.776,43.724,46.560,-1
2017-01-16,39.032,41.516,44.275,46.542,-1
2017-01-13,40.012,42.496,44.962,46.497,-1
2017-01-12,40.610,43.112,45.647,46.270,-1
2017-01-11,41.530,43.602,46.404,45.905,-1
2017-01-10,42.862,44.203,47.263,45.468,-1
2017-01-09,44.000,44.756,48.292,44.906,-1
2017-01-06,44.980,45.151,49.048,44.255,-1
2017-01-05,45.614,45.860,49.530,43.526,-1
2017-01-04,45.674,46.317,49.637,-1,-1
2017-01-03,45.544,46.671,49.452,-1,-1
2016-12-30,45.512,47.034,49.055,-1,-1
2016-12-29,45.322,47.427,48.497,-1,-1
2016-12-28,46.106,48.181,47.849,-1,-1
2016-12-27,46.960,49.206,47.057,-1,-1
2016-12-26,47.798,50.323,46.101,-1,-1
2016-12-23,48.556,51.827,44.982,-1,-1
2016-12-22,49.532,52.944,43.807,-1,-1
2016-12-21,50.256,53.200,42.359,-1,-1
2016-12-20,51.452,52.956,-1,-1,-1
2016-12-19,52.848,52.233,-1,-1,-1
2016-12-16,55.098,51.076,-1,-1,-1
2016-12-15,56.356,49.567,-1,-1,-1
2016-12-14,56.144,47.517,-1,-1,-1
2016-12-13,54.460,44.907,-1,-1,-1
2016-12-12,51.618,41.879,-1,-1,-1
2016-12-09,47.054,38.136,-1,-1,-1
2016-12-08,42.778,34.669,-1,-1,-1
2016-12-07,38.890,31.517,-1,-1,-1
2016-12-06,35.354,-1,-1,-1,-1
2016-12-05,32.140,-1,-1,-1,-1
2016-12-02,29.218,-1,-1,-1,-1
2016-12-01,26.560,-1,-1,-1,-1
2016-11-30,24.144,-1,-1,-1,-1
2016-11-29,-1,-1,-1,-1,-1
2016-11-28,-1,-1,-1,-1,-1
2016-11-25,-1,-1,-1,-1,-1
2016-11-24,-1,-1,-1,-1,-1
