date,open,high,close,low,volume,price_change,p_change,ma5,ma10,ma20,v_ma5,v_ma10,v_ma20,turnover
2016-08-30 15:00:00,8.43,8.43,8.43,8.4,14729.1,0.0,0.0,8.416,8.405,8.433,13785.7,16645.0,21016.9,0.01
2016-08-30 14:30:00,8.41,8.44,8.42,8.39,14336.2,0.01,0.12,8.404,8.4,8.441,14623.1,17115.5,21633.3,0.01
2016-08-30 14:00:00,8.44,8.44,8.41,8.4,12883.0,-0.03,-0.36,8.396,8.399,8.4495,14740.3,16767.8,21430.0,0.01
2016-08-30 13:30:00,8.38,8.44,8.44,8.37,16377.4,0.06,0.72,8.396,8.401,8.4595,16338.5,16857.6,21861.9,0.02
2016-08-30 11:30:00,8.36,8.38,8.38,8.36,10603.0,0.02,0.24,8.388,8.4,8.4695,17692.8,17267.7,22235.3,0.01
2016-08-30 11:00:00,8.39,8.39,8.37,8.36,18916.1,-0.02,-0.24,8.394,8.403,8.4815,19504.2,18469.8,23730.6,0.02
2016-08-30 10:30:00,8.43,8.43,8.38,8.38,14922.0,-0.05,-0.59,8.396,8.405,8.493,19607.8,21620.1,23864.3,0.02
2016-08-30 10:00:00,8.41,8.46,8.41,8.4,20874.0,0.0,0.0,8.402,8.417,8.5045,18795.3,25803.3,23885.9,0.02
2016-08-29 15:00:00,8.41,8.42,8.4,8.38,23148.7,-0.01,-0.12,8.406,8.429,8.5125,17376.8,25989.1,23525.2,0.02
2016-08-29 14:30:00,8.38,8.42,8.41,8.38,19660.1,0.03,0.36,8.412,8.443,8.5205,16842.7,26359.2,23820.5,0.02
2016-08-29 14:00:00,8.41,8.41,8.38,8.38,19434.1,-0.03,-0.36,8.412,8.461,8.529,17435.4,25388.8,24279.5,0.02
2016-08-29 13:30:00,8.42,8.43,8.41,8.4,10859.5,-0.01,-0.12,8.414,8.482,8.5395,23632.4,26151.2,24922.2,0.01
2016-08-29 11:30:00,8.43,8.44,8.43,8.41,13781.5,0.0,0.0,8.432,8.5,8.548,32811.3,26092.1,27546.3,0.01
2016-08-29 11:00:00,8.41,8.43,8.43,8.4,20478.4,0.02,0.24,8.452,8.518,8.5615,34601.4,26866.2,31035.3,0.02
2016-08-29 10:30:00,8.4,8.42,8.41,8.39,22623.3,0.01,0.12,8.474,8.539,8.575,35875.7,27202.9,32383.6,0.02
2016-08-29 10:00:00,8.48,8.55,8.39,8.38,50419.3,-0.09,-1.06,8.51,8.56,8.5895,33342.2,28991.5,35040.6,0.05
2016-08-26 15:00:00,8.53,8.53,8.5,8.48,56754.1,-0.03,-0.35,8.55,8.581,8.6025,28670.0,26108.4,35424.6,0.06
2016-08-26 14:30:00,8.53,8.56,8.53,8.52,22731.8,0.0,0.0,8.568,8.592,8.6085,19373.0,21968.4,33501.0,0.02
2016-08-26 14:00:00,8.59,8.6,8.54,8.52,26849.8,-0.05,-0.58,8.584,8.596,8.612,19131.1,21061.4,34280.3,0.03
2016-08-26 13:30:00,8.59,8.6,8.59,8.58,9956.2,0.0,0.0,8.604,8.598,8.6165,18530.2,21281.8,36978.7,0.01
2016-08-26 11:30:00,8.59,8.61,8.59,8.57,27058.1,0.0,0.0,8.61,8.597,8.6115,24640.7,23170.3,37770.2,0.03
2016-08-26 11:00:00,8.6,8.61,8.59,8.59,10268.9,-0.01,-0.12,8.612,8.597,8.608,23546.9,23693.3,38897.6,0.01
2016-08-26 10:30:00,8.64,8.64,8.61,8.57,21522.5,-0.03,-0.35,8.616,8.596,8.604,24563.9,29000.5,39283.5,0.02
2016-08-26 10:00:00,8.68,8.69,8.64,8.6,23845.1,-0.04,-0.46,8.608,8.605,8.5995,22991.6,35204.3,39426.5,0.02
2016-08-25 15:00:00,8.6,8.64,8.62,8.58,40509.0,0.02,0.23,8.592,8.611,8.596,24033.4,37564.2,38952.3,0.04
2016-08-25 14:30:00,8.6,8.61,8.6,8.56,21589.0,0.0,0.0,8.584,8.619,8.5925,21699.8,41089.6,38361.8,0.02
2016-08-25 14:00:00,8.58,8.62,8.61,8.57,15354.0,0.03,0.35,8.582,8.624,8.5905,23839.6,44740.7,38150.1,0.02
2016-08-25 13:30:00,8.56,8.6,8.57,8.54,13661.0,0.01,0.12,8.576,8.625,8.587,33437.1,45033.5,38667.3,0.01
2016-08-25 11:30:00,8.58,8.58,8.56,8.52,29054.0,-0.02,-0.23,8.602,8.628,8.5825,47417.0,47499.2,39464.6,0.03
2016-08-25 11:00:00,8.59,8.62,8.58,8.54,28841.1,-0.01,-0.12,8.63,8.635,8.577,51095.0,52675.6,39949.2,0.03
2016-08-25 10:30:00,8.57,8.65,8.59,8.56,32288.0,0.02,0.23,8.654,8.626,8.573,60479.4,52370.2,39836.5,0.03
2016-08-25 10:00:00,8.63,8.63,8.58,8.52,63341.3,-0.05,-0.58,8.666,8.619,8.571,65641.8,54101.9,38942.1,0.06
2016-08-24 15:00:00,8.69,8.73,8.7,8.64,83560.6,0.01,0.12,8.674,8.612,8.569,56630.0,49566.4,36350.2,0.08
2016-08-24 14:30:00,8.71,8.72,8.7,8.67,47444.2,-0.01,-0.11,8.654,8.594,8.5605,47581.5,43648.7,33102.2,0.05
2016-08-24 14:00:00,8.66,8.75,8.7,8.65,75763.1,0.04,0.46,8.64,8.581,8.553,54256.1,40340.4,31976.9,0.08
2016-08-24 13:30:00,8.62,8.67,8.65,8.62,58100.0,0.03,0.35,8.598,8.566,8.5455,44260.9,35634.0,30111.4,0.06
2016-08-24 11:30:00,8.59,8.63,8.62,8.58,18282.0,0.03,0.35,8.572,8.557,8.5435,42561.9,31559.6,29375.1,0.02
2016-08-24 11:00:00,8.63,8.63,8.6,8.56,38318.1,-0.03,-0.35,8.55,8.549,8.544,42502.9,32301.1,32174.8,0.04
2016-08-24 10:30:00,8.5,8.66,8.63,8.49,80817.1,0.13,1.53,8.534,8.537,8.5465,39715.9,31430.0,32810.4,0.08
2016-08-24 10:00:00,8.51,8.53,8.49,8.46,25787.3,-0.02,-0.24,8.522,8.519,8.543,26424.7,27222.9,29646.1,0.03
2016-08-23 15:00:00,8.53,8.53,8.52,8.44,49604.9,-0.01,-0.12,8.534,8.52,8.5465,27007.0,27302.9,29341.7,0.05
2016-08-23 14:30:00,8.52,8.55,8.51,8.49,17987.1,-0.01,-0.12,8.542,8.523,8.5475,20557.2,23782.4,27737.2,0.02
2016-08-23 14:00:00,8.57,8.58,8.52,8.47,24383.0,-0.05,-0.58,8.548,8.526,8.55,22099.4,23133.9,27739.3,0.02
2016-08-23 13:30:00,8.55,8.58,8.57,8.53,14361.0,0.02,0.23,8.54,8.527,8.5515,23144.2,22555.7,27629.8,0.01
2016-08-23 11:30:00,8.56,8.61,8.55,8.55,28699.0,-0.01,-0.12,8.516,8.525,8.5505,28021.2,23613.5,28669.6,0.03
2016-08-23 11:00:00,8.55,8.57,8.56,8.54,17356.0,0.01,0.12,8.506,8.525,8.549,27598.8,24588.8,28782.7,0.02
2016-08-23 10:30:00,8.48,8.57,8.54,8.48,25698.0,0.06,0.71,8.504,8.53,8.5475,27007.6,27190.7,29343.1,0.03
2016-08-23 10:00:00,8.44,8.54,8.48,8.41,29607.0,0.04,0.47,8.504,8.539,8.549,24168.4,32048.4,29257.4,0.03
2016-08-22 15:00:00,8.52,8.52,8.45,8.42,38746.1,-0.07,-0.82,8.514,8.556,8.5515,21967.2,34190.8,29062.7,0.04
2016-08-22 14:30:00,8.54,8.55,8.5,8.48,26587.1,-0.04,-0.47,8.534,8.567,8.559,19205.8,32069.3,28653.0,0.03
2016-08-22 14:00:00,8.54,8.56,8.55,8.51,14400.0,0.01,0.12,8.544,8.573,8.5645,21578.7,31380.5,29150.0,0.01
2016-08-22 13:30:00,8.53,8.56,8.54,8.53,11502.0,0.01,0.12,8.556,8.572,8.563,27373.8,31692.1,30392.1,0.01
2016-08-22 11:30:00,8.55,8.56,8.53,8.5,18601.0,-0.02,-0.23,8.574,8.574,8.5645,39928.4,32344.8,32579.0,0.02
2016-08-22 11:00:00,8.54,8.56,8.55,8.51,24939.0,0.01,0.12,8.598,8.576,8.565,46414.3,32703.9,34387.4,0.03
2016-08-22 10:30:00,8.62,8.62,8.55,8.53,38451.6,-0.07,-0.81,8.6,8.576,8.5645,44932.7,33725.7,34513.5,0.04
2016-08-22 10:00:00,8.66,8.69,8.61,8.6,43375.3,-0.05,-0.58,8.602,8.573,8.5655,41182.2,32976.6,34044.9,0.04
2016-08-19 15:00:00,8.65,8.68,8.63,8.61,74275.1,-0.02,-0.23,8.588,8.565,8.564,36010.4,31495.5,33344.4,0.08
2016-08-19 14:30:00,8.55,8.65,8.65,8.55,51030.5,0.1,1.17,8.574,8.559,8.5575,24761.1,26466.3,31965.1,0.05
2016-08-19 14:00:00,8.56,8.58,8.56,8.53,17531.1,0.0,0.0,8.554,8.547,8.549,18993.4,23934.7,32504.6,0.02
2016-08-19 13:30:00,8.54,8.58,8.56,8.54,19699.1,0.02,0.23,8.552,8.551,8.548,22518.7,25236.7,33755.0,0.02
2016-08-19 11:30:00,8.55,8.57,8.54,8.52,17516.0,-0.01,-0.12,8.544,8.556,8.5465,24771.0,26919.6,37511.0,0.02
2016-08-19 11:00:00,8.54,8.57,8.56,8.53,18029.0,0.02,0.23,8.542,8.554,8.5525,26980.6,29092.2,40954.4,0.02
2016-08-19 10:30:00,8.54,8.56,8.55,8.52,22192.0,0.01,0.12,8.544,8.555,8.558,28171.5,32813.2,42161.5,0.02
2016-08-19 10:00:00,8.51,8.59,8.55,8.51,35157.5,0.04,0.47,8.54,8.554,8.565,28875.9,36071.0,43541.0,0.04
2016-08-18 15:00:00,8.53,8.54,8.52,8.5,30960.7,-0.01,-0.12,8.55,8.553,8.5725,27954.6,35301.3,44429.0,0.03
2016-08-18 14:30:00,8.56,8.57,8.53,8.5,28563.9,-0.03,-0.35,8.568,8.558,8.5825,29068.2,35113.2,55183.1,0.03
2016-08-18 14:00:00,8.54,8.57,8.57,8.51,23983.4,0.03,0.35,8.566,8.563,8.588,31203.8,35193.2,62060.6,0.02
2016-08-18 13:30:00,8.6,8.61,8.53,8.53,25714.2,-0.07,-0.81,8.566,8.556,8.5775,37454.9,37463.9,65821.6,0.03
2016-08-18 11:30:00,8.61,8.63,8.6,8.58,30551.0,-0.01,-0.12,8.568,8.551,8.568,43266.1,41074.6,69313.5,0.03
2016-08-18 11:00:00,8.53,8.63,8.61,8.5,36528.5,0.08,0.94,8.556,8.545,8.5515,42648.0,42273.4,73419.9,0.04
2016-08-18 10:30:00,8.56,8.57,8.52,8.51,39242.0,-0.04,-0.47,8.548,8.537,8.536,41158.2,48102.4,77183.9,0.04
2016-08-18 10:00:00,8.49,8.63,8.57,8.46,55239.0,0.08,0.94,8.56,8.551,8.524,39182.6,52816.5,77465.2,0.06
2016-08-17 15:00:00,8.54,8.55,8.54,8.5,54770.0,0.0,0.0,8.546,8.561,8.5095,37472.8,51509.8,77534.9,0.06
2016-08-17 14:30:00,8.57,8.59,8.54,8.53,27460.4,-0.03,-0.35,8.534,8.576,8.4965,38883.0,51011.1,77549.4,0.03
2016-08-17 14:00:00,8.58,8.58,8.57,8.52,29079.6,-0.01,-0.12,8.534,8.592,8.481,41898.7,53556.7,77499.0,0.03
2016-08-17 13:30:00,8.5,8.58,8.58,8.5,29364.0,0.08,0.94,8.526,8.607,8.462,55046.7,75252.9,78739.6,0.03
2016-08-17 11:30:00,8.47,8.5,8.5,8.44,46690.0,0.03,0.35,8.542,8.613,8.444,66450.4,88928.0,83871.7,0.05
2016-08-17 11:00:00,8.54,8.55,8.48,8.46,61821.0,-0.06,-0.7,8.576,8.599,8.4245,65546.9,94179.4,83537.2,0.06
2016-08-17 10:30:00,8.53,8.57,8.54,8.51,42539.0,0.01,0.12,8.618,8.585,8.4045,63139.2,97552.4,81744.8,0.04
2016-08-17 10:00:00,8.55,8.61,8.53,8.49,94819.5,-0.02,-0.23,8.65,8.558,8.3795,65214.7,104567.0,80228.0,0.1
2016-08-16 15:00:00,8.67,8.68,8.66,8.61,86382.4,-0.01,-0.12,8.688,8.535,8.354,95459.2,106265.0,76192.9,0.09
2016-08-16 14:30:00,8.69,8.7,8.67,8.66,42172.4,-0.02,-0.23,8.684,8.497,8.322,111406.0,102114.0,72848.1,0.04
2016-08-16 14:00:00,8.7,8.71,8.69,8.65,49782.5,-0.01,-0.11,8.622,8.458,8.291,122812.0,103560.0,71238.6,0.05
2016-08-16 13:30:00,8.72,8.75,8.7,8.7,52916.5,-0.02,-0.23,8.552,8.417,8.2595,131966.0,104088.0,69355.3,0.05
2016-08-16 11:30:00,8.65,8.86,8.72,8.65,246042.0,0.07,0.81,8.466,8.37,8.227,143918.0,101441.0,67603.0,0.25
2016-08-16 11:00:00,8.37,8.65,8.64,8.35,166115.0,0.27,3.23,8.382,8.317,8.193,117071.0,82226.3,57000.7,0.17
2016-08-16 10:30:00,8.34,8.42,8.36,8.32,99203.3,0.02,0.24,8.31,8.275,8.1645,92822.2,78815.3,49522.5,0.1
2016-08-16 10:00:00,8.26,8.35,8.34,8.25,95551.6,0.08,0.97,8.294,8.25,8.1525,84307.9,72895.1,45141.9,0.1
2016-08-15 15:00:00,8.3,8.3,8.27,8.26,112680.0,-0.03,-0.36,8.282,8.224,8.1395,76209.8,65937.1,41017.5,0.11
2016-08-15 14:30:00,8.27,8.34,8.3,8.27,111807.0,0.03,0.36,8.274,8.201,8.131,58964.3,55889.6,35808.8,0.11
2016-08-15 14:00:00,8.27,8.3,8.28,8.27,44869.0,0.01,0.12,8.252,8.173,8.1215,47381.2,46120.4,30791.9,0.05
2016-08-15 13:30:00,8.28,8.3,8.28,8.27,56632.0,0.0,0.0,8.24,8.147,8.1125,64808.4,43582.2,29581.1,0.06
2016-08-15 11:30:00,8.22,8.28,8.28,8.22,55061.3,0.06,0.73,8.206,8.124,8.1045,61482.3,38917.2,28527.3,0.06
2016-08-15 11:00:00,8.2,8.24,8.23,8.19,26452.0,0.03,0.37,8.166,8.102,8.0945,55664.5,34622.8,27043.3,0.03
2016-08-15 10:30:00,8.22,8.23,8.19,8.16,53891.7,-0.03,-0.36,8.128,8.084,8.087,52814.8,33764.7,26490.9,0.05
2016-08-15 10:00:00,8.27,8.32,8.22,8.22,132005.0,-0.05,-0.6,8.094,8.069,8.0815,44859.7,31775.1,25134.8,0.13
2016-08-12 15:00:00,8.08,8.12,8.11,8.08,40001.4,0.03,0.37,8.054,8.054,8.0765,22356.0,20229.7,19240.0,0.04
2016-08-12 14:30:00,8.04,8.08,8.08,8.04,25972.2,0.04,0.5,8.042,8.055,8.077,16352.1,17388.7,18061.2,0.03
2016-08-12 14:00:00,8.02,8.05,8.04,8.01,12203.9,0.02,0.25,8.038,8.055,8.079,13581.1,16098.0,17950.0,0.01
2016-08-12 13:30:00,8.02,8.04,8.02,8.0,14116.0,0.0,0.0,8.04,8.061,8.082,14714.6,15728.1,18699.2,0.01
2016-08-12 11:30:00,8.05,8.08,8.02,8.01,19486.7,-0.03,-0.37,8.044,8.07,8.0855,18690.5,15463.4,19975.5,0.02
2016-08-12 11:00:00,8.06,8.07,8.05,8.04,9981.86,-0.01,-0.12,8.054,8.078,8.0925,18103.4,15579.9,20516.2,0.01
2016-08-12 10:30:00,8.05,8.07,8.06,8.03,12117.0,0.01,0.12,8.068,8.085,8.0975,18425.2,18137.3,21016.6,0.01
2016-08-12 10:00:00,8.04,8.07,8.05,8.01,17871.6,0.01,0.12,8.072,8.087,8.1025,18614.8,19463.8,21495.7,0.02
2016-08-11 15:00:00,8.07,8.08,8.04,8.03,33995.5,-0.03,-0.37,8.082,8.09,8.1075,16741.5,19217.0,21425.6,0.03
2016-08-11 14:30:00,8.12,8.12,8.07,8.07,16550.9,-0.05,-0.62,8.096,8.094,8.1115,12236.2,18494.6,20600.9,0.02
2016-08-11 14:00:00,8.08,8.12,8.12,8.08,11591.1,0.04,0.5,8.102,8.099,8.114,13056.4,18250.4,21155.6,0.01
2016-08-11 13:30:00,8.1,8.12,8.08,8.08,13065.0,-0.02,-0.25,8.102,8.099,8.1125,17849.4,18733.8,22405.5,0.01
2016-08-11 11:30:00,8.11,8.12,8.1,8.09,8505.0,-0.01,-0.12,8.102,8.103,8.114,20312.7,19802.0,24695.4,0.01
2016-08-11 11:00:00,8.1,8.11,8.11,8.08,11469.0,0.01,0.12,8.098,8.103,8.119,21692.6,21670.4,26833.2,0.01
2016-08-11 10:30:00,8.12,8.13,8.1,8.06,20652.0,-0.02,-0.25,8.092,8.101,8.123,24752.9,24487.7,27972.2,0.02
2016-08-11 10:00:00,8.12,8.17,8.12,8.1,35556.2,0.0,0.0,8.096,8.107,8.1275,23444.3,25452.5,28906.8,0.04
2016-08-10 15:00:00,8.08,8.1,8.08,8.07,25381.4,0.0,0.0,8.096,8.11,8.131,19618.1,23895.9,28418.6,0.03
2016-08-10 14:30:00,8.09,8.1,8.08,8.08,15404.2,-0.01,-0.12,8.104,8.118,8.137,19291.3,23527.7,27972.6,0.02
2016-08-10 14:00:00,8.12,8.12,8.08,8.08,26770.9,-0.04,-0.49,8.108,8.125,8.142,21648.3,23634.2,28849.8,0.03
2016-08-10 13:30:00,8.11,8.13,8.12,8.09,14109.0,0.01,0.12,8.11,8.129,8.148,24222.5,22707.3,29256.6,0.01
2016-08-10 11:30:00,8.14,8.14,8.12,8.1,16425.0,-0.02,-0.25,8.118,8.129,8.1525,27460.6,24060.8,34636.1,0.02
2016-08-10 11:00:00,8.11,8.14,8.12,8.09,23747.5,0.01,0.12,8.124,8.126,8.1515,28173.7,26077.2,35230.8,0.02
2016-08-10 10:30:00,8.09,8.12,8.1,8.08,27189.0,0.01,0.12,8.132,8.125,8.15,27764.0,29588.7,35114.0,0.03
2016-08-10 10:00:00,8.16,8.16,8.09,8.08,39641.9,-0.07,-0.86,8.142,8.135,8.151,25620.2,31996.1,35167.7,0.04
2016-08-09 15:00:00,8.15,8.17,8.16,8.14,30299.8,0.01,0.12,8.148,8.145,8.1525,21192.2,31456.8,34186.6,0.03
2016-08-09 14:30:00,8.17,8.17,8.15,8.13,19990.3,-0.02,-0.24,8.14,8.148,8.152,20660.9,32361.2,33682.0,0.02
2016-08-09 14:00:00,8.15,8.19,8.16,8.14,21699.0,0.01,0.12,8.128,8.152,8.1505,23980.6,32941.3,34473.9,0.02
2016-08-09 13:30:00,8.13,8.16,8.15,8.12,16469.8,0.02,0.25,8.118,8.156,8.15,31413.4,32417.6,35500.1,0.02
2016-08-09 11:30:00,8.12,8.15,8.12,8.11,17501.9,0.0,0.0,8.128,8.159,8.1485,38372.0,34065.5,36165.1,0.02
2016-08-09 11:00:00,8.09,8.18,8.12,8.09,27643.4,0.03,0.37,8.142,8.167,8.1455,41721.4,35805.9,36683.3,0.03
2016-08-09 10:30:00,8.12,8.13,8.09,8.09,36588.9,-0.03,-0.37,8.156,8.176,8.141,44061.4,45211.4,36757.8,0.04
2016-08-09 10:00:00,8.2,8.2,8.11,8.11,58863.0,-0.09,-1.1,8.176,8.177,8.1405,41902.1,44384.5,35843.3,0.06
2016-08-08 15:00:00,8.18,8.21,8.2,8.18,51262.7,0.02,0.24,8.194,8.175,8.138,33421.9,40639.3,33535.8,0.05
2016-08-08 14:30:00,8.2,8.21,8.19,8.18,34249.1,-0.01,-0.12,8.19,8.167,8.131,29758.9,38339.4,32117.4,0.03
2016-08-08 14:00:00,8.18,8.21,8.19,8.17,39343.6,0.01,0.12,8.192,8.16,8.123,29890.4,36916.4,32442.8,0.04
2016-08-08 13:30:00,8.2,8.2,8.19,8.17,25792.0,-0.01,-0.12,8.196,8.156,8.115,46361.3,35002.9,33914.0,0.03
2016-08-08 11:30:00,8.18,8.2,8.2,8.18,16462.0,0.02,0.24,8.178,8.149,8.1115,46866.8,36006.5,35772.0,0.02
2016-08-08 11:00:00,8.2,8.2,8.18,8.18,32948.0,-0.02,-0.24,8.156,8.144,8.1105,47856.6,38582.5,37075.7,0.03
2016-08-08 10:30:00,8.21,8.21,8.2,8.17,34906.5,-0.01,-0.12,8.144,8.138,8.112,46919.8,38264.8,42350.8,0.04
2016-08-08 10:00:00,8.13,8.27,8.21,8.13,121698.0,0.08,0.98,8.128,8.124,8.1095,43942.5,37560.7,42257.9,0.12
2016-08-05 15:00:00,8.09,8.12,8.1,8.09,28319.7,0.01,0.12,8.116,8.106,8.106,23644.5,28304.2,37361.3,0.03
2016-08-05 14:30:00,8.12,8.13,8.09,8.08,21411.0,-0.03,-0.37,8.12,8.104,8.1075,25146.2,27302.1,38128.5,0.02
2016-08-05 14:00:00,8.12,8.15,8.12,8.11,28264.0,0.0,0.0,8.132,8.101,8.1095,29308.4,26432.3,41755.2,0.03
2016-08-05 13:30:00,8.14,8.14,8.12,8.1,20019.7,-0.02,-0.25,8.132,8.095,8.1135,29609.8,25895.5,48622.1,0.02
2016-08-05 11:30:00,8.12,8.15,8.15,8.11,20208.3,0.03,0.37,8.12,8.086,8.1045,31179.0,27969.1,50278.8,0.02
2016-08-05 11:00:00,8.14,8.16,8.12,8.12,35828.2,-0.02,-0.25,8.096,8.074,8.0915,32963.9,32825.2,49968.8,0.04
2016-08-05 10:30:00,8.13,8.18,8.15,8.1,42222.0,0.02,0.25,8.088,8.074,8.079,29458.0,35537.6,48940.1,0.04
2016-08-05 10:00:00,8.07,8.12,8.12,8.02,29770.9,0.05,0.62,8.07,8.077,8.0655,23556.2,35568.8,48486.0,0.03
2016-08-04 15:00:00,8.03,8.07,8.06,8.02,27865.4,0.03,0.37,8.058,8.086,8.049,22181.1,46436.8,47431.1,0.02
2016-08-04 14:30:00,8.05,8.09,8.03,8.02,29133.0,-0.02,-0.25,8.052,8.095,8.0355,24759.3,46955.1,46653.5,0.02
2016-08-04 13:30:00,8.06,8.08,8.08,8.03,18298.8,0.02,0.25,8.052,8.106,8.023,32686.5,46418.4,46060.0,0.01
2016-08-04 11:30:00,8.06,8.08,8.06,8.04,12713.0,0.0,0.0,8.06,8.111,8.0045,41617.1,48955.0,45929.0,0.01
2016-08-04 11:00:00,8.04,8.06,8.06,8.01,22895.5,0.02,0.25,8.084,8.118,7.9875,47581.4,57078.0,46163.0,0.02
2016-08-04 10:30:00,8.06,8.06,8.03,8.0,40756.0,-0.03,-0.37,8.114,8.132,7.9695,70692.5,71348.8,45706.8,0.03
2016-08-04 10:00:00,8.11,8.18,8.03,8.01,68769.0,-0.08,-0.99,8.138,8.123,7.9515,69150.9,72588.6,44668.2,0.05
2016-08-03 15:00:00,8.18,8.19,8.12,8.11,62952.0,-0.06,-0.73,8.16,8.109,7.934,60150.4,67112.5,42359.0,0.05
2016-08-03 14:30:00,8.21,8.21,8.18,8.16,42534.4,-0.03,-0.37,8.162,8.084,7.9135,56292.8,62342.7,40217.0,0.03
2016-08-03 14:00:00,8.15,8.27,8.21,8.15,138451.0,0.06,0.74,8.152,8.054,7.89,66574.6,61403.2,39700.0,0.11
2016-08-03 13:30:00,8.14,8.17,8.15,8.12,33048.0,0.01,0.12,8.15,8.012,7.867,72005.0,48425.4,34848.3,0.03
2016-08-03 11:30:00,8.14,8.17,8.14,8.12,23766.6,0.0,0.0,8.108,7.976,7.8535,76026.2,46352.0,35424.4,0.02
2016-08-03 11:00:00,8.13,8.17,8.13,8.1,43664.0,0.0,0.0,8.058,7.94,7.8455,74074.6,45701.5,35525.9,0.03
2016-08-03 10:30:00,8.2,8.21,8.13,8.1,93943.5,-0.07,-0.85,8.006,7.898,7.84,68392.6,42903.0,34195.9,0.07
2016-08-03 10:00:00,7.94,8.2,8.2,7.89,165603.0,0.26,3.27,7.956,7.857,7.835,56231.8,35248.1,30156.0,0.13
2016-08-02 15:00:00,7.88,7.96,7.94,7.86,53154.0,0.06,0.76,7.874,7.807,7.826,24845.7,20064.9,22718.0,0.04
2016-08-02 14:30:00,7.85,7.89,7.89,7.84,14008.4,0.04,0.51,7.844,7.78,7.83,16677.7,16747.9,21619.9,0.01
2016-08-02 14:00:00,7.88,7.88,7.87,7.82,15254.0,-0.01,-0.13,7.822,7.759,7.838,17328.4,17605.4,22884.8,0.01
2016-08-02 13:30:00,7.8,7.9,7.88,7.79,33139.3,0.08,1.03,7.79,7.743,7.847,17413.4,18091.2,24296.2,0.03
2016-08-02 11:30:00,7.8,7.81,7.79,7.77,8673.0,-0.01,-0.13,7.758,7.726,7.8545,14264.3,17996.9,26377.7,0.01
2016-08-02 11:00:00,7.77,7.8,7.79,7.76,12313.8,0.02,0.26,7.74,7.722,7.8655,15284.1,21271.1,31197.8,0.01
2016-08-02 10:30:00,7.76,7.79,7.78,7.75,17262.0,0.02,0.26,7.716,7.731,7.8815,16818.2,24496.8,35008.1,0.01
2016-08-01 15:00:00,7.74,7.77,7.71,7.7,15679.0,-0.03,-0.39,7.696,7.751,7.876,17882.5,25350.3,35126.8,0.01
2016-08-01 14:30:00,7.71,7.75,7.72,7.69,17393.8,0.01,0.13,7.696,7.782,7.8755,18769.1,25488.8,35439.1,0.01
2016-08-01 14:00:00,7.68,7.71,7.7,7.67,13772.0,0.02,0.26,7.694,7.813,7.876,21729.4,25064.0,35536.0,0.01
2016-08-01 13:30:00,7.67,7.7,7.67,7.64,19984.0,0.0,0.0,7.704,7.845,7.879,27258.1,25371.1,35759.2,0.02
2016-08-01 11:30:00,7.72,7.72,7.68,7.67,22583.6,-0.04,-0.52,7.746,7.88,7.8815,32175.3,26491.9,36405.4,0.02
2016-08-01 11:00:00,7.71,7.76,7.71,7.7,20112.0,0.0,0.0,7.806,7.917,7.8855,32818.1,28164.2,37090.3,0.02
2016-08-01 10:30:00,7.75,7.78,7.71,7.7,32195.4,-0.04,-0.52,7.868,7.951,7.8885,32208.5,30501.1,37674.5,0.03
2016-08-01 10:00:00,7.83,7.87,7.75,7.73,41415.7,-0.08,-1.02,7.932,7.983,7.89,28398.5,34758.5,38048.2,0.03
2016-07-29 15:00:00,7.98,7.98,7.88,7.88,44570.0,-0.1,-1.25,7.986,8.009,7.8915,23484.0,41124.6,39998.0,0.03
2016-07-29 14:30:00,8.01,8.02,7.98,7.97,25797.2,-0.03,-0.37,8.014,8.032,7.895,20808.5,45519.5,39223.1,0.02
2016-07-29 14:00:00,8.01,8.03,8.02,7.99,17064.0,0.01,0.12,8.028,8.001,7.898,23510.3,44903.4,39470.3,0.01
2016-07-29 13:30:00,8.02,8.03,8.03,8.0,13145.6,0.01,0.12,8.034,7.969,7.899,28793.7,45389.5,41034.4,0.01
2016-07-29 11:30:00,8.02,8.03,8.02,8.0,16843.1,0.0,0.0,8.034,7.939,7.8975,41118.5,46008.0,41743.8,0.01
2016-07-29 11:00:00,8.05,8.06,8.02,8.0,31192.5,-0.03,-0.37,8.032,7.913,7.896,58765.1,46147.3,42493.7,0.02
2016-07-29 10:30:00,8.05,8.08,8.05,8.0,39306.2,0.0,0.0,8.05,7.883,7.894,70230.6,46318.8,41868.4,0.03
2016-07-29 10:00:00,8.01,8.08,8.05,8.0,43481.3,0.04,0.5,7.974,7.854,7.89,66296.6,46016.4,40462.4,0.03
2016-07-28 15:00:00,8.0,8.05,8.03,7.97,74769.6,0.03,0.38,7.904,7.826,7.886,61985.2,44848.0,38619.5,0.06
2016-07-28 14:30:00,8.12,8.12,8.01,7.98,105076.0,-0.11,-1.35,7.844,7.797,7.8825,50897.4,41337.9,35160.7,0.08
2016-07-28 14:00:00,7.68,8.11,8.11,7.67,88519.8,0.43,5.6,7.794,7.774,7.88,33529.5,38871.5,30426.3,0.07
2016-07-28 13:30:00,7.7,7.71,7.67,7.64,19636.1,-0.03,-0.39,7.716,7.758,7.874,22407.0,32926.7,26639.0,0.02
2016-07-28 11:30:00,7.73,7.76,7.7,7.66,21924.6,-0.03,-0.39,7.734,7.795,7.89,25736.2,34037.2,26705.8,0.02
2016-07-28 11:00:00,7.77,7.79,7.73,7.72,19330.5,-0.04,-0.51,7.748,7.829,7.9045,27710.7,36679.3,27020.5,0.02
2016-07-28 10:30:00,7.72,7.78,7.76,7.7,18236.4,0.04,0.52,7.75,7.856,7.9155,31778.4,37479.6,27161.7,0.01
2016-07-28 10:00:00,7.7,7.76,7.72,7.69,32907.4,0.02,0.26,7.754,7.879,7.9245,44213.5,38840.1,26773.6,0.03
2016-07-27 15:00:00,7.77,7.77,7.76,7.7,36282.3,-0.01,-0.13,7.8,7.905,7.936,43446.3,37418.1,25700.7,0.03
2016-07-27 14:30:00,7.74,7.83,7.77,7.74,31796.8,0.03,0.39,7.856,7.926,7.945,42338.2,34908.5,24108.0,0.02
2016-07-27 14:00:00,7.78,7.78,7.74,7.72,39669.0,-0.04,-0.51,7.91,7.946,7.954,45647.9,32391.1,22869.8,0.03
2016-07-27 13:30:00,7.95,7.95,7.78,7.6,80411.8,-0.17,-2.14,7.962,7.968,7.9635,43180.9,28983.6,21332.6,0.06
2016-07-27 11:30:00,8.04,8.04,7.95,7.95,29071.8,-0.09,-1.12,8.004,7.986,7.9725,33466.7,21981.2,18012.5,0.02
2016-07-27 11:00:00,8.03,8.07,8.04,8.02,30741.8,0.01,0.12,8.01,7.99,7.9705,31389.8,20351.4,18176.4,0.02
2016-07-27 10:30:00,8.0,8.07,8.04,8.0,48345.3,0.04,0.5,7.996,7.985,7.964,27478.7,19374.4,17585.8,0.04
2016-07-27 10:00:00,8.01,8.02,8.0,7.98,27333.8,-0.01,-0.12,7.982,7.98,7.9585,19134.2,17361.8,16097.0,0.02
2016-07-26 15:00:00,7.98,7.99,7.99,7.97,31840.8,0.01,0.13,7.974,7.975,7.9535,14786.3,16843.7,15323.9,0.02
2016-07-26 14:30:00,7.97,7.99,7.98,7.97,18687.5,0.01,0.13,7.968,7.97,7.951,10495.6,14707.0,14242.3,0.01
2016-07-26 14:00:00,7.97,7.98,7.97,7.96,11186.1,0.0,0.0,7.97,7.967,7.9495,9312.9,13983.4,13828.3,0.01
2016-07-26 13:30:00,7.96,7.98,7.97,7.96,6622.88,0.01,0.13,7.974,7.964,7.9485,11270.1,13307.5,13887.2,0.01
2016-07-26 11:30:00,7.96,7.98,7.96,7.96,5594.12,0.0,0.0,7.978,7.962,7.948,15589.3,13348.5,14320.4,0.0
2016-07-26 11:00:00,7.99,8.0,7.96,7.96,10387.4,-0.03,-0.38,7.976,7.959,7.949,18901.1,13681.6,14742.3,0.01
2016-07-26 10:30:00,7.99,8.0,7.99,7.98,12774.0,0.0,0.0,7.972,7.959,7.9505,18918.4,14043.9,15056.9,0.01
2016-07-26 10:00:00,7.99,8.0,7.99,7.95,20972.0,0.0,0.0,7.964,7.951,7.9515,18653.8,16001.4,15352.6,0.02
2016-07-25 15:00:00,7.95,7.99,7.99,7.93,28219.2,0.04,0.5,7.954,7.943,7.953,15344.8,15797.2,15109.2,0.02
2016-07-25 14:30:00,7.94,7.96,7.95,7.9,22153.0,0.01,0.13,7.946,7.937,7.9545,11107.6,14832.2,15536.4,0.02
2016-07-25 14:00:00,7.94,7.95,7.94,7.92,10474.0,0.0,0.0,7.942,7.932,7.955,8462.02,13804.1,15013.3,0.01
2016-07-25 13:30:00,7.94,7.96,7.95,7.93,11450.9,0.01,0.13,7.946,7.932,7.955,9169.43,13777.5,14970.6,0.01
2016-07-25 11:30:00,7.94,7.95,7.94,7.93,4427.01,0.0,0.0,7.938,7.932,7.9555,13348.9,13673.3,15132.4,0.0
2016-07-25 11:00:00,7.94,7.95,7.95,7.92,7033.19,0.01,0.13,7.932,7.933,7.9575,16249.6,14467.0,15840.2,0.01
2016-07-25 10:30:00,7.96,7.96,7.93,7.92,8925.0,-0.03,-0.38,7.928,7.934,7.9585,18556.8,15292.3,15940.8,0.01
2016-07-25 10:00:00,7.92,7.96,7.96,7.9,14011.0,0.04,0.51,7.922,7.939,7.96,19146.2,15803.0,16193.5,0.01
2016-07-22 15:00:00,7.91,7.92,7.91,7.88,32348.2,0.0,0.0,7.918,7.942,7.9605,18385.6,16069.9,16466.6,0.03
2016-07-22 14:30:00,7.93,7.94,7.91,7.91,18930.4,-0.02,-0.25,7.926,7.952,7.964,13997.8,14703.9,15337.3,0.01
2016-07-22 14:00:00,7.91,7.94,7.93,7.9,18569.6,0.02,0.25,7.934,7.963,7.9675,12684.5,14421.1,15123.7,0.01
2016-07-22 13:30:00,7.92,7.93,7.9,7.9,11872.0,-0.02,-0.25,7.94,7.972,7.9715,12027.7,16240.5,15626.4,0.01
2016-07-22 11:30:00,7.95,7.96,7.94,7.93,10207.9,-0.01,-0.13,7.956,7.978,7.977,12459.7,16222.5,17834.6,0.01
2016-07-22 11:00:00,7.95,7.96,7.95,7.94,10409.0,0.0,0.0,7.966,7.978,7.9805,13754.2,16163.7,18045.2,0.01
2016-07-22 10:30:00,7.97,7.97,7.95,7.94,12363.8,-0.02,-0.25,7.978,7.979,7.9815,15410.0,16591.5,18834.8,0.01
2016-07-22 10:00:00,7.96,8.0,7.96,7.95,15286.0,0.0,0.0,7.992,7.982,7.985,16157.8,17213.3,18790.3,0.01
2016-07-21 15:00:00,7.98,8.0,7.98,7.97,14032.0,0.0,0.0,8.004,7.983,7.988,20453.3,16589.3,18583.4,0.01
2016-07-21 14:30:00,8.01,8.02,7.99,7.98,16680.0,-0.02,-0.25,8.0,7.981,7.9925,19985.3,16583.9,18488.9,0.01
2016-07-21 14:00:00,8.01,8.03,8.01,8.0,18688.0,0.0,0.0,7.99,7.979,7.996,18573.3,16863.3,19968.1,0.01
2016-07-21 13:30:00,8.02,8.03,8.02,8.02,16103.0,0.0,0.0,7.98,7.976,7.998,17773.0,15970.7,20311.5,0.01
2016-07-21 11:30:00,7.96,8.04,8.02,7.96,36763.4,0.06,0.75,7.972,7.972,7.997,18268.9,15826.3,20603.1,0.03
2016-07-21 11:00:00,7.94,7.98,7.96,7.94,11692.0,0.02,0.25,7.962,7.971,7.997,12725.4,15012.3,19781.5,0.01
2016-07-21 10:30:00,7.96,7.97,7.94,7.94,9620.0,-0.02,-0.25,7.962,7.976,8.0005,13182.6,19446.8,20324.2,0.01
2016-07-21 10:00:00,7.95,7.98,7.96,7.94,14686.8,0.01,0.13,7.968,7.983,8.005,15153.4,19926.6,20893.7,0.01
2016-07-20 14:30:00,7.97,7.98,7.98,7.95,18582.1,0.01,0.13,7.972,7.984,8.007,14168.4,21078.1,20812.0,0.01
2016-07-20 14:00:00,7.97,7.99,7.97,7.96,9046.0,0.0,0.0,7.972,7.988,8.0055,13383.7,20367.2,20660.3,0.01
2016-07-20 13:30:00,7.97,7.98,7.96,7.95,13978.0,-0.01,-0.13,7.98,7.993,8.005,17299.2,20577.4,21401.7,0.01
2016-07-20 11:30:00,7.98,7.99,7.97,7.94,19474.0,-0.01,-0.13,7.99,8.004,8.005,25711.0,20393.8,22384.9,0.02
2016-07-20 11:00:00,7.99,7.99,7.98,7.96,9761.91,-0.01,-0.13,7.998,8.013,8.007,24699.8,23072.8,23488.1,0.01
2016-07-20 10:30:00,8.01,8.02,7.98,7.97,14658.4,-0.03,-0.37,7.996,8.02,8.009,27987.8,24652.4,25212.3,0.01
2016-07-20 10:00:00,8.0,8.03,8.01,7.97,28623.6,0.01,0.13,8.004,8.022,8.0125,27350.8,25380.0,26404.7,0.02
2016-07-19 15:00:00,8.0,8.02,8.01,7.96,56037.0,0.01,0.13,8.006,8.023,8.016,23855.6,24550.7,25368.4,0.04
2016-07-19 14:30:00,7.97,8.02,8.01,7.97,14418.0,0.04,0.5,8.018,8.025,8.0205,15076.6,21201.7,23586.3,0.01
2016-07-19 14:00:00,8.03,8.04,7.97,7.97,26202.0,-0.06,-0.75,8.028,8.027,8.0255,21445.9,21860.7,23455.1,0.02
2016-07-19 13:30:00,8.02,8.03,8.02,8.0,11473.5,0.0,0.0,8.044,8.03,8.032,21316.9,20545.8,23318.6,0.01
2016-07-19 11:30:00,8.07,8.08,8.02,8.02,11147.7,-0.05,-0.62,8.04,8.023,8.0375,23409.1,20953.4,25334.9,0.01
2016-07-19 11:00:00,8.07,8.08,8.07,8.06,12141.9,0.0,0.0,8.04,8.017,8.0415,25245.7,22226.0,26036.0,0.01
2016-07-19 10:30:00,8.04,8.13,8.06,8.03,46264.5,0.02,0.25,8.032,8.006,8.0425,27326.8,24375.9,26653.2,0.04
2016-07-19 10:00:00,7.97,8.07,8.05,7.96,25557.0,0.08,1.0,8.026,8.001,8.0445,22275.5,23903.3,25265.9,0.02
2016-07-18 15:00:00,8.03,8.04,8.0,7.98,21934.4,-0.03,-0.37,8.016,7.998,8.049,19774.7,25772.3,24418.0,0.02
2016-07-18 14:30:00,8.03,8.05,8.02,8.01,20330.8,-0.01,-0.12,8.006,8.003,8.0555,18497.8,27429.4,23894.6,0.02
2016-07-18 14:00:00,8.04,8.06,8.03,8.02,22547.2,-0.01,-0.12,7.994,8.009,8.0615,19206.2,26186.1,25893.6,0.02
2016-07-18 13:30:00,8.0,8.05,8.03,7.97,21008.2,0.03,0.38,7.98,8.016,8.0645,21425.1,25971.0,25522.4,0.02
2016-07-18 11:30:00,7.95,8.0,8.0,7.94,13052.8,0.05,0.63,7.976,8.024,8.0675,25531.1,25049.5,25783.2,0.01
2016-07-18 11:00:00,7.96,7.97,7.95,7.93,15550.0,-0.01,-0.13,7.98,8.034,8.071,31769.9,26091.3,28509.1,0.01
2016-07-18 10:30:00,7.96,7.97,7.96,7.94,23873.0,0.0,0.0,8.0,8.052,8.08,36360.9,29716.3,29258.0,0.02
2016-07-18 10:00:00,8.02,8.05,7.96,7.96,33641.5,-0.06,-0.75,8.024,8.066,8.086,33165.9,29845.9,29579.1,0.03
2016-07-15 15:00:00,8.0,8.05,8.01,8.0,41538.0,0.01,0.13,8.052,8.079,8.094,30516.9,28930.4,28686.0,0.03
2016-07-15 14:30:00,8.05,8.06,8.02,8.0,44247.0,-0.03,-0.37,8.072,8.088,8.0995,24567.9,26628.6,27064.7,0.03
2016-07-15 14:00:00,8.08,8.09,8.05,8.04,38505.0,-0.03,-0.37,8.088,8.1,8.1045,20412.8,23063.6,26134.3,0.03
2016-07-15 13:30:00,8.09,8.11,8.08,8.08,7897.91,-0.01,-0.12,8.104,8.108,8.109,23071.8,20359.9,26671.8,0.01
2016-07-15 11:30:00,8.11,8.12,8.1,8.08,20396.4,-0.01,-0.12,8.108,8.114,8.109,26526.0,25601.2,29058.6,0.02
2016-07-15 11:00:00,8.11,8.12,8.11,8.1,11793.3,0.0,0.0,8.106,8.113,8.108,27344.0,25073.8,30517.1,0.01
2016-07-15 10:30:00,8.13,8.14,8.1,8.1,23471.3,-0.03,-0.37,8.104,8.111,8.1055,28689.2,26516.8,33733.3,0.02
2016-07-15 10:00:00,8.16,8.17,8.13,8.12,51800.0,-0.03,-0.37,8.112,8.108,8.098,25714.5,30926.8,33404.7,0.04
2016-07-14 15:00:00,8.09,8.11,8.1,8.08,25169.0,0.01,0.12,8.112,8.108,8.0895,17648.0,28799.7,31355.0,0.02
2016-07-14 14:30:00,8.1,8.11,8.09,8.06,24486.4,-0.01,-0.12,8.12,8.106,8.0805,24676.4,29312.2,31150.2,0.02
2016-07-14 14:00:00,8.14,8.14,8.1,8.1,18519.4,-0.04,-0.49,8.12,8.109,8.0725,22803.6,28441.6,31080.8,0.01
2016-07-14 13:30:00,8.13,8.14,8.14,8.12,8597.59,0.01,0.12,8.118,8.111,8.065,24344.5,27500.9,30862.2,0.01
2016-07-14 11:30:00,8.15,8.15,8.13,8.11,11467.5,-0.02,-0.25,8.104,8.109,8.056,36139.1,29205.0,31324.0,0.01
2016-07-14 11:00:00,8.09,8.18,8.14,8.08,60311.0,0.05,0.62,8.104,8.11,8.046,39951.4,32983.8,32459.4,0.05
2016-07-14 10:30:00,8.09,8.1,8.09,8.08,15122.5,0.0,0.0,8.092,8.104,8.037,33948.1,32516.1,30188.9,0.01
2016-07-14 10:00:00,8.1,8.13,8.09,8.07,26223.7,-0.01,-0.12,8.098,8.103,8.0315,34079.7,35960.4,30053.2,0.02
2016-07-13 15:00:00,8.13,8.14,8.07,8.05,67570.6,-0.06,-0.74,8.104,8.1,8.027,30657.3,40949.7,29623.0,0.05
2016-07-13 14:30:00,8.08,8.14,8.13,8.07,30529.3,0.05,0.62,8.114,8.088,8.0225,22270.9,35882.7,26598.1,0.02
2016-07-13 14:00:00,8.12,8.12,8.08,8.07,30294.2,-0.04,-0.49,8.116,8.071,8.0155,26016.1,33910.2,26335.3,0.02
2016-07-13 13:30:00,8.11,8.13,8.12,8.11,15780.6,0.01,0.12,8.116,8.055,8.01,31084.1,32988.1,25676.2,0.01
2016-07-13 11:30:00,8.12,8.13,8.12,8.11,9112.0,0.0,0.0,8.108,8.036,8.002,37841.2,33719.9,26039.2,0.01
2016-07-13 11:00:00,8.14,8.16,8.12,8.11,25638.3,-0.02,-0.25,8.096,8.019,7.9935,51242.0,34223.5,27137.5,0.02
2016-07-13 10:30:00,8.08,8.15,8.14,8.08,49255.3,0.06,0.74,8.062,8.003,7.9855,49494.5,33443.0,26544.1,0.04
2016-07-13 10:00:00,8.08,8.14,8.08,8.07,55634.2,0.0,0.0,8.026,7.982,7.977,41804.3,31935.0,24666.0,0.04
2016-07-12 15:00:00,8.05,8.08,8.08,8.02,49566.2,0.03,0.37,7.994,7.97,7.971,34892.2,27861.8,22591.0,0.04
2016-07-12 14:30:00,7.95,8.09,8.06,7.95,76116.2,0.11,1.38,7.964,7.96,7.965,29598.5,24146.1,20664.4,0.06
2016-07-12 14:00:00,7.97,7.98,7.95,7.93,16900.7,-0.02,-0.25,7.942,7.954,7.96,17204.9,18296.2,17631.1,0.01
2016-07-12 13:30:00,7.92,7.97,7.96,7.91,10804.3,0.04,0.51,7.944,7.957,7.9605,17391.4,17313.4,17977.6,0.01
2016-07-12 11:30:00,7.93,7.93,7.92,7.9,21073.5,-0.01,-0.13,7.938,7.96,7.961,22065.6,18760.4,18983.9,0.02
2016-07-12 11:00:00,7.96,7.98,7.93,7.93,23098.0,-0.03,-0.38,7.946,7.965,7.9665,20831.4,18364.3,19578.9,0.02
2016-07-12 10:30:00,7.95,7.98,7.95,7.93,14148.0,0.0,0.0,7.956,7.968,7.9735,18693.6,18358.6,19510.4,0.01
2016-07-12 10:00:00,7.93,7.98,7.96,7.92,17833.1,0.03,0.38,7.966,7.968,7.977,19387.6,20051.6,19813.1,0.01
2016-07-11 15:00:00,7.95,7.97,7.93,7.91,34175.5,-0.02,-0.25,7.97,7.968,7.98,17235.5,19645.3,19643.6,0.03
2016-07-11 14:30:00,7.98,7.98,7.96,7.95,14902.3,-0.02,-0.25,7.982,7.972,7.984,15455.2,17397.0,19630.8,0.01
2016-07-11 14:00:00,8.01,8.01,7.98,7.98,12409.0,-0.03,-0.37,7.984,7.972,7.988,15897.2,17320.3,20144.0,0.01
2016-07-11 13:30:00,7.99,8.02,8.0,7.98,17618.0,0.01,0.13,7.98,7.97,7.9925,18023.6,17182.7,21784.4,0.01
2016-07-11 11:30:00,7.99,8.0,7.98,7.98,7072.7,-0.01,-0.13,7.97,7.966,7.9975,20715.7,16965.9,23203.3,0.01
2016-07-11 11:00:00,7.97,8.02,7.99,7.96,25274.0,0.02,0.25,7.966,7.964,8.0025,22055.2,18641.8,25307.0,0.02
2016-07-11 10:30:00,7.96,7.98,7.97,7.94,17112.2,0.01,0.13,7.962,7.962,8.0015,19338.8,19207.3,24990.5,0.01
2016-07-11 10:00:00,7.92,8.02,7.96,7.92,23041.3,0.04,0.51,7.96,7.968,8.002,18743.4,20793.5,25240.1,0.02
2016-07-08 15:00:00,7.96,7.98,7.95,7.93,31078.1,-0.01,-0.13,7.96,7.979,8.0015,16341.7,20662.2,26011.2,0.02
2016-07-08 14:30:00,7.97,7.99,7.96,7.96,13770.2,-0.01,-0.13,7.962,7.986,8.0015,13216.1,19574.5,30087.6,0.01
2016-07-08 14:00:00,7.96,7.98,7.97,7.95,11692.3,0.01,0.13,7.962,7.992,8.0065,15228.5,19641.9,33000.2,0.01
2016-07-08 13:30:00,7.97,7.98,7.96,7.95,14135.0,-0.01,-0.13,7.962,7.996,8.0115,19075.8,21864.5,33756.5,0.01
2016-07-08 11:30:00,7.97,7.98,7.96,7.96,11033.0,-0.01,-0.13,7.976,8.004,8.017,22843.6,22967.8,34646.7,0.01
2016-07-08 11:00:00,7.96,7.98,7.96,7.95,15449.9,0.0,0.0,7.998,8.015,8.023,24982.6,26386.2,35880.9,0.01
2016-07-08 10:30:00,7.97,7.99,7.96,7.95,23832.3,-0.01,-0.13,8.01,8.029,8.031,25932.9,29440.7,39422.8,0.02
2016-07-08 10:00:00,8.04,8.04,7.97,7.96,30928.7,-0.07,-0.87,8.022,8.041,8.0395,24055.2,31972.1,49166.6,0.02
2016-07-07 15:00:00,8.06,8.08,8.03,8.03,32973.9,-0.03,-0.37,8.03,8.041,8.037,24653.3,30773.8,55489.5,0.03
2016-07-07 14:30:00,8.03,8.08,8.07,8.02,21728.1,0.04,0.5,8.032,8.036,8.0215,23092.0,29686.7,56936.7,0.02
2016-07-07 14:00:00,8.02,8.03,8.02,8.0,20201.5,0.0,0.0,8.032,8.024,7.9995,27789.7,31360.3,57123.9,0.02
2016-07-07 13:30:00,8.01,8.03,8.02,8.0,14443.9,0.01,0.12,8.048,8.017,7.981,32948.5,40600.7,57034.9,0.01
2016-07-07 11:30:00,8.05,8.05,8.01,8.0,33919.0,-0.04,-0.5,8.06,8.021,7.962,39889.0,46358.5,57149.7,0.03
2016-07-07 11:00:00,8.07,8.08,8.04,8.02,25167.4,-0.03,-0.37,8.052,8.027,7.9435,36894.3,45648.6,56617.0,0.02
2016-07-07 10:30:00,8.1,8.1,8.07,8.02,45216.9,-0.03,-0.37,8.04,8.03,7.9235,36281.3,46325.6,57660.1,0.04
2016-07-07 10:00:00,8.16,8.17,8.1,8.04,45995.1,-0.06,-0.74,8.016,8.031,7.9015,34930.8,45375.6,57573.9,0.04
2016-07-06 14:30:00,8.01,8.08,8.08,7.98,49146.6,0.07,0.87,7.986,8.033,7.872,48253.0,49405.0,55938.6,0.04
2016-07-06 11:30:00,7.97,7.99,7.97,7.95,18945.5,0.0,0.0,7.982,8.038,7.8445,52827.9,66361.1,53884.1,0.01
2016-07-06 11:00:00,7.95,7.99,7.98,7.94,22102.6,0.03,0.38,8.002,8.033,7.8225,54402.8,80205.3,53359.7,0.02
2016-07-06 10:30:00,7.94,7.98,7.95,7.93,38464.2,0.01,0.13,8.02,8.007,7.8,56369.8,84186.8,52888.9,0.03
2016-07-06 10:00:00,8.01,8.01,7.95,7.9,112606.0,-0.06,-0.75,8.046,7.975,7.78,55820.4,82887.5,51255.4,0.09
2016-07-05 15:00:00,8.06,8.07,8.06,8.03,72021.4,0.0,0.0,8.08,7.945,7.76,50557.0,73469.1,45954.3,0.06
2016-07-05 14:30:00,8.07,8.08,8.07,8.05,26819.8,0.0,0.0,8.094,7.903,7.735,79894.3,67940.8,43222.4,0.02
2016-07-05 14:00:00,8.08,8.09,8.07,8.02,31937.6,-0.01,-0.12,8.064,7.86,7.7095,106008.0,67585.5,46162.3,0.02
2016-07-05 13:30:00,8.11,8.14,8.08,8.05,35717.0,-0.03,-0.37,7.994,7.817,7.6825,112004.0,68994.6,45277.1,0.03
2016-07-05 11:30:00,8.13,8.16,8.12,8.02,86289.1,-0.01,-0.12,7.904,7.772,7.655,109955.0,69772.2,44330.2,0.07
2016-07-05 11:00:00,7.91,8.27,8.13,7.87,218708.0,0.22,2.78,7.81,7.711,7.625,96381.4,62472.2,40701.2,0.17
2016-07-05 10:30:00,7.71,7.95,7.92,7.71,157387.0,0.21,2.72,7.712,7.651,7.5935,55987.4,41407.0,30546.5,0.12
2016-07-05 10:00:00,7.67,7.74,7.72,7.64,61918.2,0.05,0.65,7.656,7.612,7.571,29163.2,26514.1,23399.4,0.05
2016-07-04 15:00:00,7.64,7.65,7.63,7.62,25470.9,-0.01,-0.13,7.64,7.593,7.5595,25985.3,21591.0,20882.6,0.02
2016-07-04 14:30:00,7.63,7.65,7.65,7.63,18422.5,0.02,0.26,7.64,7.585,7.552,29589.7,19623.3,20965.8,0.01
2016-07-04 14:00:00,7.63,7.66,7.64,7.62,16738.3,0.01,0.13,7.612,7.575,7.545,28562.9,18439.4,21159.2,0.01
2016-07-04 13:30:00,7.64,7.66,7.64,7.61,23266.0,0.0,0.0,7.59,7.567,7.537,26826.6,18504.0,21787.1,0.02
2016-07-04 11:30:00,7.63,7.67,7.64,7.62,46029.0,0.01,0.13,7.568,7.559,7.532,23865.0,24739.1,21085.5,0.04
2016-07-04 11:00:00,7.59,7.64,7.63,7.57,43492.5,0.04,0.53,7.546,7.548,7.527,17196.6,21559.6,19394.3,0.03
2016-07-04 10:00:00,7.5,7.52,7.51,7.48,13288.9,0.01,0.13,7.53,7.538,7.5225,9656.92,18888.3,17775.1,0.01
2016-07-01 14:30:00,7.53,7.55,7.53,7.52,8056.62,0.0,0.0,7.538,7.539,7.5245,8315.95,18930.3,18384.0,0.01
2016-07-01 14:00:00,7.53,7.54,7.53,7.52,8458.07,0.0,0.0,7.544,7.536,7.5265,10181.3,19685.9,22460.9,0.01
2016-07-01 13:30:00,7.54,7.56,7.53,7.52,12686.9,-0.01,-0.13,7.55,7.53,7.527,25613.1,20284.7,23566.9,0.01
2016-07-01 11:30:00,7.55,7.56,7.55,7.54,5794.1,0.0,0.0,7.55,7.526,7.523,25922.6,20174.2,24847.6,0.0
2016-07-01 11:00:00,7.55,7.56,7.55,7.54,6584.08,0.0,0.0,7.546,7.519,7.5195,28119.7,22308.3,26680.9,0.01
2016-07-01 10:00:00,7.57,7.58,7.56,7.54,17383.5,-0.01,-0.13,7.54,7.515,7.5105,29544.7,23879.0,27306.7,0.01
2016-06-30 15:00:00,7.53,7.61,7.56,7.5,85617.1,0.03,0.4,7.528,7.507,7.502,29190.5,25070.2,27028.2,0.07
2016-06-30 14:30:00,7.53,7.54,7.53,7.51,14234.0,0.0,0.0,7.51,7.505,7.493,14956.4,17432.0,23207.5,0.01
2016-06-30 14:00:00,7.52,7.55,7.53,7.51,16779.9,0.01,0.13,7.502,7.506,7.485,14425.9,17229.0,23294.9,0.01
2016-06-30 13:30:00,7.51,7.54,7.52,7.5,13709.0,0.01,0.13,7.492,7.507,7.478,16496.9,16662.0,23330.7,0.01
2016-06-30 11:30:00,7.47,7.51,7.5,7.46,15612.6,0.03,0.4,7.49,7.51,7.4725,18213.3,17837.6,23883.2,0.01
2016-06-30 11:00:00,7.49,7.5,7.47,7.47,14446.3,-0.02,-0.27,7.486,7.517,7.4705,20949.9,25235.8,27508.7,0.01
2016-06-30 10:30:00,7.49,7.51,7.49,7.48,11581.7,0.0,0.0,7.5,7.524,7.463,19907.7,26849.0,27658.1,0.01
2016-06-30 10:00:00,7.54,7.55,7.48,7.46,27135.1,-0.06,-0.8,7.51,7.52,7.455,20032.0,29521.0,27709.5,0.02
2016-06-29 15:00:00,7.49,7.51,7.51,7.48,22290.9,0.02,0.27,7.522,7.52,7.4475,16827.0,31053.5,27284.5,0.02
2016-06-29 14:30:00,7.54,7.55,7.48,7.47,29295.4,-0.06,-0.8,7.53,7.506,7.4365,17461.9,30734.4,26498.4,0.02
2016-06-29 14:00:00,7.54,7.55,7.54,7.53,9235.25,0.0,0.0,7.548,7.497,7.4275,29521.8,28986.3,25640.4,0.01
2016-06-29 13:30:00,7.54,7.55,7.54,7.53,12203.4,0.0,0.0,7.548,7.481,7.415,33790.3,28982.9,25985.4,0.01
2016-06-29 11:30:00,7.55,7.56,7.54,7.53,11110.0,-0.01,-0.13,7.53,7.464,7.4025,39009.9,29360.8,26815.8,0.01
2016-06-29 11:00:00,7.57,7.58,7.55,7.52,25465.7,-0.02,-0.26,7.518,7.449,7.39,45280.0,29999.5,28997.1,0.02
2016-06-29 10:30:00,7.54,7.62,7.57,7.52,89594.7,0.03,0.4,7.482,7.435,7.379,44006.9,29928.8,28895.4,0.07
