macd_Golden
2017-06-21,-0.483,-0.500,0.018
2017-06-16,-0.538,-0.505,-0.033
2017-06-09,-0.539,-0.497,-0.042
2017-06-02,-0.517,-0.486,-0.031
2017-05-26,-0.463,-0.478,0.016
2017-05-19,-0.409,-0.482,0.074
2017-05-12,-0.360,-0.501,0.141
2016-08-30,-0.313,-0.536,0.223
2016-08-26,-0.363,-0.592,0.229
2016-08-19,-0.429,-0.649,0.220
2016-08-12,-0.517,-0.704,0.187
2016-08-05,-0.573,-0.751,0.178
2016-07-29,-0.633,-0.795,0.162
2016-07-22,-0.680,-0.836,0.155
2016-07-15,-0.732,-0.874,0.143
2016-07-08,-0.799,-0.910,0.111
2016-07-01,-0.866,-0.938,0.072
2016-06-24,-0.895,-0.956,0.060
2016-06-17,-0.896,-0.971,0.075
2016-06-08,-0.925,-0.990,0.064
2016-06-03,-0.957,-1.006,0.049
2016-05-27,-0.990,-1.018,0.027
2016-05-20,-0.996,-1.025,0.028
2016-05-13,-0.990,-1.032,0.042
2016-05-06,-0.975,-1.042,0.068
2016-04-29,-0.974,-1.059,0.085
2016-04-22,-0.980,-1.080,0.100
2016-04-15,-0.989,-1.105,0.116
2016-04-08,-1.049,-1.134,0.086
2016-04-01,-1.099,-1.156,0.057
2016-03-23,-1.188,-1.170,-0.018
2016-03-18,-1.271,-1.166,-0.106
2016-03-11,-1.339,-1.139,-0.200
2016-03-04,-1.356,-1.089,-0.267
2016-02-26,-1.411,-1.023,-0.389
2016-02-19,-1.374,-0.925,-0.448
2016-02-05,-1.310,-0.813,-0.497
2016-01-29,-1.180,-0.689,-0.491
2016-01-22,-0.999,-0.566,-0.433
2016-01-15,-0.872,-0.458,-0.414
2016-01-08,-0.702,-0.354,-0.348
2015-12-31,-0.527,-0.267,-0.260
2015-12-25,-0.490,-0.202,-0.288
2015-12-18,-0.502,-0.130,-0.372
2015-12-11,-0.534,-0.038,-0.496
2015-09-30,-0.547,0.087,-0.634
2015-09-25,-0.454,0.245,-0.699
2015-09-18,-0.348,0.420,-0.768
2015-09-11,-0.200,0.612,-0.812
2015-09-02,-0.082,0.815,-0.896
2015-08-28,0.136,1.039,-0.902
2015-08-21,0.444,1.264,-0.820
2015-08-14,0.682,1.469,-0.787
2015-08-07,0.737,1.666,-0.929
2015-07-31,0.924,1.899,-0.975
2015-07-24,1.191,2.142,-0.951
2015-07-17,1.369,2.380,-1.011
2015-07-10,1.710,2.633,-0.923
2015-07-03,2.207,2.864,-0.656
2015-06-26,2.923,3.028,-0.105
2015-06-19,3.383,3.054,0.329
2015-06-12,3.738,2.972,0.767
2015-06-05,3.653,2.780,0.873
2015-05-29,3.467,2.562,0.905
2015-05-22,3.234,2.335,0.899
2015-05-15,2.889,2.111,0.778
2015-05-08,2.569,1.916,0.653
2015-04-30,2.468,1.753,0.715
2015-04-24,2.152,1.574,0.578
2015-04-17,1.661,1.430,0.232
2015-04-10,1.440,1.372,0.069
2015-04-03,1.402,1.354,0.047
2015-03-27,1.367,1.343,0.025
2015-03-20,1.385,1.336,0.049
2015-03-13,1.379,1.324,0.055
2015-03-06,1.384,1.310,0.073
2015-02-27,1.413,1.292,0.121
2015-02-17,1.431,1.262,0.169
2015-02-13,1.475,1.220,0.255
2015-02-06,1.501,1.156,0.345
2015-01-30,1.464,1.070,0.394
2015-01-23,1.327,0.971,0.356
2015-01-16,1.199,0.882,0.317
2015-01-09,1.093,0.803,0.290
2014-12-31,0.957,0.731,0.226
2014-12-26,0.886,0.674,0.212
2014-12-19,0.851,0.621,0.229
2014-12-12,0.742,0.564,0.178
2014-12-05,0.681,0.519,0.161
2014-11-28,0.618,0.479,0.139
2014-11-21,0.594,0.444,0.150
2014-11-14,0.572,0.407,0.165
2014-11-07,0.544,0.365,0.178
2014-10-31,0.475,0.321,0.154
2014-10-24,0.431,0.282,0.149
2014-10-17,0.427,0.245,0.182
2014-10-10,0.391,0.200,0.191
2014-09-30,0.305,0.152,0.154
2014-09-26,0.234,0.113,0.120
2014-09-19,0.134,0.083,0.050
2014-09-12,0.118,0.071,0.048
2014-09-05,0.094,0.059,0.035
2014-08-29,0.068,0.050,0.018
2014-08-22,0.070,0.045,0.024
2014-08-15,0.065,0.039,0.025
2014-08-08,0.060,0.033,0.027
2014-08-01,0.051,0.026,0.024
2014-07-25,0.041,0.020,0.021
2014-07-18,0.028,0.015,0.013
2014-07-11,0.018,0.012,0.006
2014-07-04,0.015,0.011,0.004
2014-06-27,0.009,0.009,-0.000
2014-06-20,0.005,0.010,-0.005
2014-06-13,0.002,0.011,-0.009
2014-06-06,-0.006,0.013,-0.019
2014-05-30,0.002,0.018,-0.016
2014-05-23,0.012,0.022,-0.009
2014-05-16,0.017,0.024,-0.007
2014-05-08,0.024,0.026,-0.002
2014-04-30,0.030,0.026,0.004
2014-04-25,0.041,0.025,0.016
2014-04-18,0.048,0.021,0.027
2014-04-11,0.048,0.015,0.034
2014-04-04,0.038,0.006,0.032
2014-03-28,0.032,-0.002,0.034
2014-03-21,0.013,-0.010,0.023
2014-03-14,0.003,-0.016,0.020
2014-03-07,-0.007,-0.021,0.014
2014-02-28,-0.022,-0.025,0.003
2014-02-21,-0.032,-0.025,-0.006
2014-02-14,-0.037,-0.024,-0.013
2014-02-07,-0.044,-0.021,-0.024
2014-01-30,-0.039,-0.015,-0.025
2014-01-24,-0.030,-0.008,-0.022
2014-01-17,-0.023,-0.003,-0.021
2014-01-10,-0.007,0.002,-0.010
2013-12-27,0.014,0.005,0.009
2013-12-20,0.023,0.002,0.020
2013-12-13,0.033,-0.003,0.036
2013-12-06,0.021,-0.012,0.033
2013-11-29,0.004,-0.020,0.024
2013-11-22,-0.007,-0.026,0.019
2013-11-15,-0.009,-0.030,0.022
2013-11-08,-0.006,-0.036,0.030
2013-11-01,0.004,-0.043,0.048
2013-10-25,0.006,-0.055,0.061
2013-10-18,0.009,-0.070,0.079
2013-10-11,-0.014,-0.090,0.076
2013-09-30,-0.036,-0.109,0.073
2013-09-27,-0.050,-0.128,0.077
2013-09-18,-0.060,-0.147,0.087
2013-09-13,-0.095,-0.169,0.074
2013-09-06,-0.144,-0.187,0.043
2013-08-30,-0.173,-0.198,0.025
2013-08-23,-0.223,-0.204,-0.019
2013-08-16,-0.227,-0.200,-0.028
2013-08-09,-0.230,-0.193,-0.038
2013-08-02,-0.231,-0.183,-0.048
2013-07-26,-0.224,-0.171,-0.053
2013-07-19,-0.211,-0.158,-0.053
2013-07-12,-0.193,-0.145,-0.048
2013-07-05,-0.176,-0.133,-0.043
2013-06-28,-0.155,-0.122,-0.033
2013-06-21,-0.123,-0.114,-0.010
2013-06-14,-0.109,-0.111,0.002
2013-06-07,-0.102,-0.112,0.010
2013-05-31,-0.109,-0.114,0.006
2013-05-17,-0.114,-0.116,0.002
2013-05-10,-0.122,-0.116,-0.006
2013-05-03,-0.127,-0.115,-0.012
2013-04-26,-0.117,-0.112,-0.006
2013-04-19,-0.102,-0.110,0.009
2013-04-12,-0.098,-0.113,0.015
2013-04-03,-0.089,-0.116,0.028
2013-03-29,-0.078,-0.123,0.045
2013-03-22,-0.071,-0.134,0.063
2013-03-15,-0.084,-0.150,0.066
2013-03-08,-0.108,-0.167,0.059
2013-03-01,-0.115,-0.182,0.067
2013-02-22,-0.125,-0.198,0.073
2013-02-08,-0.133,-0.217,0.084
2013-02-01,-0.159,-0.238,0.079
2013-01-25,-0.186,-0.257,0.072
2013-01-18,-0.202,-0.275,0.074
2013-01-11,-0.237,-0.294,0.057
2012-12-28,-0.267,-0.308,0.041
2012-12-21,-0.293,-0.318,0.025
2012-12-14,-0.306,-0.325,0.018
2012-12-07,-0.319,-0.329,0.011
2012-11-30,-0.322,-0.332,0.009
2012-11-23,-0.308,-0.334,0.026
2012-11-16,-0.313,-0.341,0.028
2012-11-09,-0.308,-0.348,0.039
2012-11-02,-0.319,-0.357,0.038
2012-10-26,-0.344,-0.367,0.023
2012-10-19,-0.360,-0.373,0.013
2012-10-12,-0.380,-0.376,-0.004
2012-09-28,-0.390,-0.375,-0.015
2012-09-21,-0.393,-0.371,-0.022
2012-09-14,-0.388,-0.366,-0.022
2012-09-07,-0.402,-0.360,-0.041
2012-08-31,-0.410,-0.350,-0.060
2012-08-24,-0.396,-0.335,-0.061
2012-08-17,-0.391,-0.320,-0.070
2012-08-10,-0.384,-0.303,-0.082
2012-08-03,-0.383,-0.282,-0.101
2012-07-27,-0.367,-0.257,-0.111
2012-07-20,-0.338,-0.229,-0.109
2012-07-13,-0.300,-0.202,-0.098
2012-07-06,-0.258,-0.177,-0.080
2012-06-29,-0.222,-0.157,-0.065
2012-06-21,-0.165,-0.141,-0.024
2012-06-15,-0.142,-0.135,-0.007
2012-06-08,-0.114,-0.133,0.020
2012-06-01,-0.093,-0.138,0.045
2012-05-25,-0.111,-0.150,0.039
2012-05-18,-0.115,-0.159,0.045
2012-05-11,-0.109,-0.171,0.062
2012-05-04,-0.112,-0.186,0.074
2012-04-27,-0.148,-0.205,0.057
2012-04-20,-0.174,-0.219,0.045
2012-04-13,-0.190,-0.230,0.040
2012-04-06,-0.193,-0.240,0.048
2012-03-30,-0.189,-0.252,0.063
2012-03-23,-0.172,-0.268,0.096
2012-03-16,-0.182,-0.292,0.110
2012-03-09,-0.216,-0.319,0.104
2012-03-02,-0.251,-0.345,0.095
2012-02-24,-0.295,-0.369,0.074
2012-02-17,-0.336,-0.388,0.051
2012-02-10,-0.365,-0.400,0.035
2012-02-03,-0.390,-0.409,0.019
2012-01-20,-0.418,-0.414,-0.004
2012-01-13,-0.456,-0.413,-0.044
2012-01-06,-0.456,-0.402,-0.054
2011-12-30,-0.432,-0.388,-0.043
2011-12-23,-0.403,-0.378,-0.025
2011-12-16,-0.368,-0.371,0.003
2011-12-09,-0.355,-0.372,0.017
2011-12-02,-0.338,-0.376,0.038
2011-11-25,-0.320,-0.386,0.066
2011-11-18,-0.314,-0.402,0.088
2011-11-11,-0.320,-0.424,0.104
2011-11-04,-0.346,-0.450,0.104
2011-10-28,-0.402,-0.476,0.075
2011-10-21,-0.445,-0.495,0.050
2011-10-14,-0.470,-0.508,0.038
2011-09-30,-0.522,-0.517,-0.004
2011-09-23,-0.546,-0.516,-0.030
2011-09-16,-0.569,-0.509,-0.060
2011-09-09,-0.560,-0.493,-0.067
2011-09-02,-0.551,-0.477,-0.074
2011-08-26,-0.535,-0.458,-0.077
2011-08-19,-0.526,-0.439,-0.087
2011-08-12,-0.484,-0.417,-0.067
2011-08-05,-0.450,-0.401,-0.049
2011-07-29,-0.427,-0.388,-0.038
2011-07-22,-0.427,-0.379,-0.048
2011-07-15,-0.430,-0.367,-0.063
2011-07-08,-0.434,-0.351,-0.083
2011-07-01,-0.438,-0.330,-0.108
2011-06-24,-0.435,-0.303,-0.132
2011-06-17,-0.419,-0.270,-0.148
2011-06-10,-0.387,-0.233,-0.154
2011-06-03,-0.335,-0.195,-0.141
2011-05-27,-0.279,-0.159,-0.119
2011-05-20,-0.219,-0.130,-0.090
2011-05-13,-0.208,-0.107,-0.100
2011-05-06,-0.190,-0.082,-0.107
2011-04-29,-0.171,-0.055,-0.116
2011-04-22,-0.130,-0.026,-0.103
2011-04-15,-0.111,-0.001,-0.110
2011-04-08,-0.081,0.027,-0.108
2011-04-01,-0.048,0.054,-0.102
2011-03-25,0.008,0.079,-0.071
2011-03-18,0.059,0.097,-0.038
2011-03-11,0.130,0.107,0.023
2011-03-04,0.134,0.101,0.033
2011-02-25,0.134,0.092,0.042
2011-02-18,0.117,0.082,0.035
2011-02-11,0.088,0.073,0.015
2011-02-01,0.062,0.070,-0.008
2011-01-28,0.036,0.072,-0.036
2011-01-21,0.005,0.081,-0.075
2011-01-14,0.040,0.099,-0.060
2011-01-07,0.074,0.114,-0.041
2010-12-31,0.084,0.124,-0.041
2010-12-24,0.100,0.135,-0.034
2010-12-17,0.141,0.143,-0.002
2010-12-10,0.148,0.144,0.004
2010-12-03,0.178,0.143,0.036
2010-11-26,0.233,0.134,0.099
2010-11-19,0.277,0.109,0.168
2010-11-12,0.329,0.067,0.262
2010-11-05,0.342,0.002,0.340
2010-10-29,0.250,-0.084,0.334
2010-10-22,0.119,-0.167,0.286
2010-10-14,0.018,-0.238,0.256
2010-10-08,-0.104,-0.302,0.199
2010-09-30,-0.180,-0.352,0.172
2010-09-21,-0.242,-0.395,0.153
2010-09-17,-0.282,-0.433,0.152
2010-09-10,-0.320,-0.471,0.151
2010-09-03,-0.390,-0.509,0.119
2010-08-27,-0.463,-0.539,0.076
2010-08-20,-0.493,-0.558,0.065
2010-08-13,-0.537,-0.574,0.038
2010-08-06,-0.602,-0.584,-0.019
2010-07-30,-0.640,-0.579,-0.061
2010-07-23,-0.686,-0.563,-0.122
2010-07-16,-0.713,-0.533,-0.180
2010-07-09,-0.697,-0.488,-0.210
2010-07-02,-0.657,-0.435,-0.222
2010-06-25,-0.572,-0.380,-0.192
2010-06-18,-0.539,-0.332,-0.207
2010-06-11,-0.489,-0.280,-0.209
2010-06-04,-0.452,-0.228,-0.224
2010-05-28,-0.381,-0.172,-0.209
2010-05-21,-0.329,-0.120,-0.208
2010-05-14,-0.214,-0.068,-0.146
2010-05-07,-0.152,-0.031,-0.120
2010-04-30,-0.061,-0.001,-0.060
2010-04-23,-0.000,0.014,-0.014
2010-04-16,0.033,0.017,0.016
2010-04-09,0.048,0.013,0.035
2010-04-02,0.037,0.004,0.032
2010-03-26,0.007,-0.004,0.011
2010-03-19,0.001,-0.007,0.007
2010-03-12,-0.027,-0.008,-0.019
2010-03-05,-0.043,-0.004,-0.040
2010-02-26,-0.113,0.006,-0.120
2010-02-12,-0.103,0.036,-0.139
2010-02-05,-0.070,0.071,-0.141
2010-01-29,-0.005,0.106,-0.111
2010-01-22,0.045,0.134,-0.089
2010-01-15,0.051,0.156,-0.105
2010-01-08,0.062,0.182,-0.120
2009-12-31,0.101,0.212,-0.112
2009-12-25,0.123,0.240,-0.118
2009-12-18,0.182,0.270,-0.088
2009-12-11,0.260,0.292,-0.031
2009-12-04,0.266,0.300,-0.033
2009-11-27,0.272,0.308,-0.036
2009-11-20,0.298,0.317,-0.019
2009-11-13,0.227,0.322,-0.095
2009-11-06,0.176,0.345,-0.170
2009-10-30,0.146,0.388,-0.241
2009-10-23,0.195,0.448,-0.253
2009-10-16,0.206,0.511,-0.305
2009-10-09,0.241,0.587,-0.347
2009-09-30,0.291,0.674,-0.383
2009-09-25,0.388,0.770,-0.382
2009-09-18,0.486,0.866,-0.380
2009-09-11,0.567,0.961,-0.393
2009-09-04,0.684,1.059,-0.375
2009-08-28,0.839,1.153,-0.313
2009-08-21,1.014,1.231,-0.217
2009-08-14,1.180,1.285,-0.105
2009-08-07,1.336,1.311,0.025
2009-07-31,nan,nan,nan
2009-07-24,nan,nan,nan
2009-07-17,nan,nan,nan
2009-07-10,nan,nan,nan
2009-07-03,nan,nan,nan
2009-06-26,nan,nan,nan
2009-06-19,nan,nan,nan
2009-06-12,nan,nan,nan
2009-06-05,nan,nan,nan
2009-05-27,nan,nan,nan
2009-05-22,nan,nan,nan
2009-05-15,nan,nan,nan
2009-05-08,nan,nan,nan
2009-04-30,nan,nan,nan
2009-04-17,nan,nan,nan
2009-04-10,nan,nan,nan
2009-04-03,nan,nan,nan
2009-03-27,nan,nan,nan
2009-03-20,nan,nan,nan
2009-03-13,nan,nan,nan
2009-03-06,nan,nan,nan
2009-02-27,nan,nan,nan
2009-02-20,nan,nan,nan
2009-02-13,nan,nan,nan
2009-02-06,nan,nan,nan
2009-01-23,nan,nan,nan
2009-01-16,nan,nan,nan
2009-01-09,nan,nan,nan
2008-12-31,nan,nan,nan
2008-12-26,nan,nan,nan
2008-12-19,nan,nan,nan
2008-12-12,nan,nan,nan
2008-12-05,nan,nan,nan
