Not
2017-06-30,-0.069,-0.098,0.029
2017-06-29,-0.084,-0.105,0.021
2017-06-28,-0.088,-0.110,0.022
2017-06-27,-0.088,-0.116,0.028
2017-06-26,-0.093,-0.123,0.030
2017-06-23,-0.100,-0.130,0.031
2017-06-22,-0.096,-0.138,0.042
2017-06-21,-0.097,-0.149,0.052
2017-06-20,-0.109,-0.161,0.052
2017-06-19,-0.124,-0.175,0.051
2017-06-16,-0.139,-0.187,0.048
2017-06-15,-0.154,-0.199,0.045
2017-06-14,-0.171,-0.210,0.040
2017-06-13,-0.183,-0.220,0.037
2017-06-12,-0.196,-0.230,0.034
2017-06-09,-0.204,-0.238,0.035
2017-06-08,-0.218,-0.247,0.029
2017-06-07,-0.234,-0.254,0.020
2017-06-06,-0.258,-0.259,0.001
2017-06-05,-0.267,-0.259,-0.008
2017-06-02,-0.274,-0.257,-0.017
2017-06-01,-0.273,-0.253,-0.020
2017-05-31,-0.262,-0.248,-0.013
2017-05-26,-0.260,-0.245,-0.016
2017-05-25,-0.265,-0.241,-0.024
2017-05-24,-0.259,-0.235,-0.024
2017-05-23,-0.247,-0.229,-0.018
2017-05-22,-0.226,-0.224,-0.002
2017-05-19,-0.217,-0.224,0.007
2017-05-18,-0.219,-0.226,0.006
2017-05-17,-0.227,-0.227,0.001
2017-05-16,-0.238,-0.227,-0.010
2017-05-15,-0.246,-0.225,-0.021
2017-05-12,-0.243,-0.219,-0.024
2017-05-11,-0.235,-0.213,-0.022
2017-05-10,-0.224,-0.208,-0.016
2017-05-09,-0.218,-0.204,-0.014
2017-05-08,-0.218,-0.200,-0.018
2017-05-05,-0.208,-0.196,-0.012
2017-05-04,-0.202,-0.193,-0.009
2017-05-03,-0.202,-0.191,-0.012
2017-05-02,-0.216,-0.188,-0.028
2017-04-28,-0.229,-0.181,-0.048
2017-04-27,-0.228,-0.168,-0.060
2017-04-26,-0.212,-0.154,-0.058
2017-04-25,-0.198,-0.139,-0.059
2017-04-24,-0.181,-0.124,-0.057
2017-04-21,-0.161,-0.110,-0.051
2017-04-20,-0.145,-0.098,-0.047
2017-04-19,-0.123,-0.086,-0.037
2017-04-18,-0.096,-0.077,-0.019
2017-04-17,-0.082,-0.072,-0.011
2017-04-14,-0.071,-0.069,-0.002
2017-04-13,-0.071,-0.069,-0.003
2017-04-12,-0.076,-0.068,-0.008
2017-04-11,-0.079,-0.066,-0.013
2017-04-10,-0.081,-0.063,-0.018
2017-04-07,-0.076,-0.058,-0.018
2017-04-06,-0.076,-0.054,-0.022
2017-04-05,-0.075,-0.048,-0.026
2017-03-31,-0.069,-0.042,-0.027
2017-03-30,-0.054,-0.035,-0.020
2017-03-29,-0.036,-0.030,-0.006
2017-03-28,-0.031,-0.028,-0.002
2017-03-27,-0.026,-0.028,0.002
2017-03-24,-0.024,-0.028,0.004
2017-03-23,-0.022,-0.029,0.008
2017-03-22,-0.017,-0.031,0.014
2017-03-21,-0.023,-0.035,0.011
2017-03-20,-0.046,-0.038,-0.008
2017-03-17,-0.045,-0.035,-0.009
2017-03-16,-0.043,-0.033,-0.010
2017-03-15,-0.042,-0.031,-0.011
2017-03-14,-0.037,-0.028,-0.009
2017-03-13,-0.036,-0.026,-0.011
2017-03-10,-0.032,-0.023,-0.009
2017-03-09,-0.027,-0.021,-0.007
2017-03-08,-0.023,-0.019,-0.004
2017-03-07,-0.024,-0.018,-0.006
2017-03-06,-0.023,-0.017,-0.006
2017-03-03,-0.022,-0.015,-0.007
2017-03-02,-0.014,-0.013,-0.001
2017-03-01,-0.007,-0.013,0.006
2017-02-28,-0.001,-0.015,0.013
2017-02-27,-0.002,-0.018,0.016
2017-02-24,-0.003,-0.022,0.019
2017-02-23,-0.010,-0.027,0.017
2017-02-22,-0.013,-0.031,0.018
2017-02-21,-0.017,-0.035,0.018
2017-02-20,-0.021,-0.040,0.018
2017-02-17,-0.025,-0.044,0.019
2017-02-16,-0.019,-0.049,0.030
2017-02-15,-0.024,-0.057,0.033
2017-02-14,-0.032,-0.065,0.033
2017-02-13,-0.038,-0.073,0.035
2017-02-10,-0.045,-0.082,0.037
2017-02-09,-0.056,-0.091,0.035
2017-02-08,-0.071,-0.100,0.029
2017-02-07,-0.086,-0.107,0.021
2017-02-06,-0.103,-0.112,0.009
2017-02-03,-0.112,-0.115,0.003
2017-01-26,-0.116,-0.115,-0.001
2017-01-25,-0.128,-0.115,-0.013
2017-01-24,-0.133,-0.112,-0.021
2017-01-23,-0.134,-0.107,-0.028
2017-01-20,-0.136,-0.100,-0.036
2017-01-19,-0.133,-0.091,-0.043
2017-01-18,-0.122,-0.080,-0.042
2017-01-17,-0.110,-0.069,-0.040
2017-01-16,-0.092,-0.059,-0.032
2017-01-13,-0.064,-0.051,-0.013
2017-01-12,-0.049,-0.048,-0.001
2017-01-11,-0.038,-0.048,0.009
2017-01-10,-0.031,-0.050,0.019
2017-01-09,-0.034,-0.055,0.021
2017-01-06,-0.034,-0.060,0.025
2017-01-05,-0.038,-0.066,0.028
2017-01-04,-0.044,-0.073,0.029
2017-01-03,-0.055,-0.081,0.026
2016-12-30,-0.066,-0.087,0.021
2016-12-29,-0.074,-0.092,0.019
2016-12-28,-0.080,-0.097,0.016
2016-12-27,-0.088,-0.101,0.013
2016-12-26,-0.109,-0.104,-0.004
2016-12-23,-0.112,-0.103,-0.009
2016-12-22,-0.104,-0.101,-0.003
2016-12-21,-0.106,-0.100,-0.006
2016-12-20,-0.117,-0.099,-0.018
2016-12-19,-0.125,-0.094,-0.031
2016-12-16,-0.134,-0.087,-0.047
2016-12-15,-0.133,-0.075,-0.058
2016-12-14,-0.127,-0.060,-0.067
2016-12-13,-0.119,-0.043,-0.075
2016-12-12,-0.093,-0.025,-0.068
2016-12-09,-0.057,-0.008,-0.049
2016-12-08,-0.048,0.005,-0.053
2016-12-07,-0.039,0.018,-0.056
2016-12-06,-0.034,0.032,-0.066
2016-12-05,-0.023,0.048,-0.071
2016-12-02,0.000,0.066,-0.066
2016-12-01,0.018,0.082,-0.065
2016-11-30,0.037,0.099,-0.062
2016-11-29,0.057,0.114,-0.057
2016-11-28,0.074,0.128,-0.055
2016-11-25,0.088,0.142,-0.054
2016-11-24,0.109,0.155,-0.047
2016-11-23,0.126,0.167,-0.041
2016-11-22,0.143,0.177,-0.034
2016-11-21,0.158,0.186,-0.027
2016-11-18,0.172,0.193,-0.021
2016-11-17,0.188,0.198,-0.011
2016-11-16,0.201,0.201,0.000
2016-11-15,0.208,0.201,0.008
2016-11-14,0.218,0.199,0.020
2016-11-11,0.222,0.194,0.028
2016-11-10,0.217,0.187,0.030
2016-11-09,0.216,0.179,0.036
2016-11-08,0.211,0.170,0.041
2016-11-07,0.200,0.160,0.040
2016-11-04,0.200,0.150,0.050
2016-11-03,0.183,0.137,0.045
2016-11-02,0.155,0.126,0.029
2016-11-01,0.131,0.119,0.012
2016-10-31,0.117,0.116,0.001
2016-10-28,0.129,0.116,0.013
2016-10-27,0.137,0.112,0.025
2016-10-26,0.130,0.106,0.024
2016-10-25,0.126,0.100,0.026
2016-10-24,0.125,0.094,0.032
2016-10-21,0.123,0.086,0.037
2016-10-20,0.127,0.077,0.050
2016-10-19,0.123,0.064,0.059
2016-10-18,0.106,0.049,0.057
2016-10-17,0.097,0.035,0.062
2016-10-14,0.094,0.019,0.074
2016-10-13,0.083,0.001,0.082
2016-10-12,0.057,-0.020,0.076
2016-10-11,0.023,-0.039,0.062
2016-10-10,-0.034,-0.054,0.020
2016-09-30,-0.083,-0.059,-0.024
2016-09-29,-0.085,-0.053,-0.031
2016-09-28,-0.080,-0.046,-0.034
2016-09-27,-0.071,-0.037,-0.034
2016-09-26,-0.062,-0.029,-0.033
2016-09-23,-0.045,-0.020,-0.024
2016-09-22,-0.041,-0.014,-0.026
2016-09-21,-0.038,-0.008,-0.030
2016-09-20,-0.036,-0.000,-0.036
2016-09-19,-0.029,0.009,-0.038
2016-09-14,-0.023,0.019,-0.042
2016-09-13,-0.008,0.029,-0.037
2016-09-12,0.006,0.038,-0.032
2016-09-09,0.023,0.046,-0.023
2016-09-08,0.029,0.052,-0.023
2016-09-07,0.034,0.058,-0.024
2016-09-06,0.038,0.064,-0.026
2016-09-05,0.045,0.070,-0.025
2016-09-02,0.060,0.077,-0.017
2016-09-01,0.071,0.081,-0.010
2016-08-31,0.080,0.083,-0.003
2016-08-30,0.083,0.084,-0.001
2016-08-29,0.081,0.084,-0.004
2016-08-26,0.083,0.085,-0.002
2016-08-25,0.088,0.086,0.002
2016-08-24,0.090,0.085,0.004
2016-08-23,0.090,0.084,0.006
2016-08-22,0.093,0.083,0.011
2016-08-19,0.095,0.080,0.015
2016-08-18,0.085,0.076,0.008
2016-08-17,0.071,0.074,-0.003
2016-08-16,0.064,0.075,-0.011
2016-08-15,0.064,0.078,-0.013
2016-08-12,0.063,0.081,-0.018
2016-08-11,0.064,0.086,-0.022
2016-08-10,0.069,0.091,-0.022
2016-08-09,0.073,0.097,-0.023
2016-08-08,0.072,0.102,-0.030
2016-08-05,0.075,0.110,-0.035
2016-08-04,0.084,0.119,-0.035
2016-08-03,0.089,0.127,-0.038
2016-08-02,0.097,0.137,-0.040
2016-08-01,0.118,0.147,-0.029
2016-07-29,0.151,0.154,-0.003
2016-07-28,0.169,0.155,0.014
2016-07-27,0.181,0.152,0.029
2016-07-26,0.195,0.144,0.051
2016-07-25,0.188,0.132,0.057
2016-07-22,0.185,0.117,0.068
2016-07-21,0.180,0.100,0.079
2016-07-20,0.156,0.081,0.075
2016-07-19,0.125,0.062,0.063
2016-07-18,0.101,0.046,0.055
2016-07-15,0.069,0.032,0.037
2016-07-14,0.054,0.023,0.030
2016-07-13,0.048,0.016,0.033
2016-07-12,0.040,0.007,0.033
2016-07-11,0.037,-0.001,0.038
2016-07-08,0.033,-0.010,0.043
2016-07-07,0.024,-0.021,0.045
2016-07-06,0.014,-0.032,0.046
2016-07-05,-0.002,-0.044,0.042
2016-07-04,-0.014,-0.054,0.041
2016-07-01,-0.028,-0.065,0.037
2016-06-30,-0.039,-0.074,0.035
2016-06-29,-0.052,-0.082,0.030
2016-06-28,-0.074,-0.090,0.016
2016-06-27,-0.081,-0.094,0.013
2016-06-24,-0.086,-0.097,0.011
2016-06-23,-0.087,-0.100,0.013
2016-06-22,-0.094,-0.103,0.009
2016-06-21,-0.100,-0.106,0.006
2016-06-20,-0.097,-0.107,0.010
2016-06-17,-0.096,-0.109,0.013
2016-06-16,-0.097,-0.113,0.015
2016-06-15,-0.094,-0.117,0.022
2016-06-14,-0.102,-0.122,0.020
2016-06-13,-0.101,-0.127,0.026
2016-06-08,-0.087,-0.134,0.046
2016-06-07,-0.094,-0.145,0.051
2016-06-06,-0.103,-0.158,0.055
2016-06-03,-0.116,-0.171,0.055
2016-06-02,-0.134,-0.185,0.052
2016-06-01,-0.156,-0.198,0.042
2016-05-31,-0.181,-0.209,0.028
2016-05-30,-0.205,-0.216,0.011
2016-05-27,-0.212,-0.218,0.007
2016-05-26,-0.218,-0.220,0.002
2016-05-25,-0.230,-0.220,-0.009
2016-05-24,-0.237,-0.218,-0.019
2016-05-23,-0.241,-0.213,-0.028
2016-05-20,-0.250,-0.206,-0.044
2016-05-19,-0.260,-0.195,-0.065
2016-05-18,-0.249,-0.179,-0.070
2016-05-17,-0.233,-0.162,-0.072
2016-05-16,-0.231,-0.144,-0.087
2016-05-13,-0.221,-0.122,-0.100
2016-05-12,-0.200,-0.097,-0.103
2016-05-11,-0.171,-0.071,-0.099
2016-05-10,-0.136,-0.046,-0.090
2016-05-09,-0.097,-0.024,-0.073
2016-05-06,-0.044,-0.006,-0.038
2016-05-05,-0.016,0.004,-0.020
2016-05-04,-0.017,0.009,-0.026
2016-05-03,-0.018,0.015,-0.033
2016-04-29,-0.020,0.024,-0.044
2016-04-28,-0.013,0.035,-0.048
2016-04-27,-0.005,0.047,-0.052
2016-04-26,0.001,0.060,-0.058
2016-04-25,0.005,0.074,-0.069
2016-04-22,0.030,0.091,-0.061
2016-04-21,0.058,0.107,-0.049
2016-04-20,0.092,0.119,-0.026
2016-04-19,0.132,0.125,0.006
2016-04-18,0.138,0.124,0.015
2016-04-15,0.143,0.120,0.022
2016-04-14,0.147,0.115,0.033
2016-04-13,0.148,0.106,0.041
2016-04-12,0.137,0.096,0.041
2016-04-11,0.135,0.086,0.049
2016-04-08,0.125,0.074,0.052
2016-04-07,0.137,0.061,0.077
2016-04-06,0.137,0.042,0.095
2016-04-05,0.114,0.018,0.096
2016-04-01,0.085,-0.006,0.091
2016-03-31,0.063,-0.028,0.092
2016-03-30,0.022,-0.051,0.073
2016-03-29,0.000,-0.070,0.070
2016-03-28,-0.005,-0.087,0.082
2016-03-25,-0.022,-0.108,0.086
2016-03-24,-0.035,-0.129,0.095
2016-03-23,-0.052,-0.153,0.102
2016-03-22,-0.084,-0.179,0.095
2016-03-21,-0.117,-0.202,0.086
2016-03-18,-0.172,-0.224,0.052
2016-03-17,-0.218,-0.237,0.019
2016-03-16,-0.239,-0.241,0.002
2016-03-15,-0.251,-0.242,-0.010
2016-03-14,-0.261,-0.239,-0.022
2016-03-11,-0.276,-0.234,-0.042
2016-03-10,-0.273,-0.224,-0.049
2016-03-09,-0.260,-0.211,-0.049
2016-03-08,-0.249,-0.199,-0.049
2016-03-07,-0.250,-0.187,-0.064
2016-03-04,-0.244,-0.171,-0.073
2016-03-03,-0.216,-0.153,-0.063
2016-03-02,-0.207,-0.137,-0.070
2016-03-01,-0.192,-0.119,-0.073
2016-02-29,-0.142,-0.101,-0.041
2016-02-26,-0.068,-0.091,0.022
2016-02-25,-0.036,-0.096,0.061
2016-02-24,-0.008,-0.111,0.104
2016-02-23,-0.039,-0.137,0.098
2016-02-22,-0.069,-0.162,0.093
2016-02-19,-0.103,-0.185,0.082
2016-02-18,-0.116,-0.206,0.089
2016-02-17,-0.146,-0.228,0.082
2016-02-16,-0.174,-0.249,0.075
2016-02-15,-0.202,-0.267,0.065
2016-02-05,-0.212,-0.283,0.071
2016-02-04,-0.244,-0.301,0.057
2016-02-03,-0.284,-0.316,0.032
2016-02-02,-0.312,-0.324,0.012
2016-02-01,-0.341,-0.326,-0.014
2016-01-29,-0.335,-0.323,-0.012
2016-01-28,-0.353,-0.320,-0.033
2016-01-27,-0.360,-0.312,-0.048
2016-01-26,-0.369,-0.300,-0.069
2016-01-25,-0.362,-0.282,-0.080
2016-01-22,-0.385,-0.263,-0.123
2016-01-21,-0.374,-0.232,-0.142
2016-01-20,-0.350,-0.196,-0.154
2016-01-19,-0.352,-0.158,-0.194
2016-01-18,-0.348,-0.109,-0.238
2016-01-15,-0.317,-0.050,-0.268
2016-01-14,-0.263,0.017,-0.280
2016-01-13,-0.211,0.087,-0.298
2016-01-12,-0.124,0.162,-0.286
2016-01-11,-0.030,0.233,-0.263
2016-01-08,0.101,0.299,-0.197
2016-01-07,0.197,0.348,-0.151
2016-01-06,0.295,0.386,-0.091
2016-01-05,0.335,0.409,-0.073
2016-01-04,0.381,0.427,-0.046
2015-12-31,0.460,0.439,0.022
2015-12-30,0.468,0.433,0.035
2015-12-29,0.480,0.424,0.055
2015-12-28,0.492,0.410,0.082
2015-12-25,0.508,0.390,0.118
2015-12-24,0.507,0.361,0.146
2015-12-23,0.508,0.324,0.184
2015-12-22,0.477,0.278,0.199
2015-12-21,0.397,0.228,0.168
2015-12-18,0.347,0.186,0.161
2015-12-17,0.260,0.146,0.114
2015-12-16,0.170,0.118,0.053
2015-12-15,0.103,0.104,-0.002
2015-12-14,0.089,0.105,-0.016
2015-12-11,0.083,0.109,-0.026
2015-12-10,0.097,0.115,-0.018
2015-12-09,0.105,0.120,-0.015
2015-12-08,0.108,0.124,-0.016
2015-12-07,0.107,0.128,-0.021
2015-12-04,0.086,0.133,-0.047
2015-12-03,0.094,0.145,-0.051
2015-12-02,0.095,0.157,-0.063
2015-12-01,0.115,0.173,-0.058
2015-11-30,0.146,0.188,-0.042
2015-11-27,0.191,0.198,-0.007
2015-11-26,0.230,0.200,0.031
2015-11-25,0.236,0.192,0.044
2015-11-24,0.223,0.181,0.042
2015-11-23,0.202,0.170,0.031
2015-11-20,0.185,0.163,0.022
2015-11-19,0.149,0.157,-0.008
2015-11-18,0.150,0.159,-0.009
2015-11-17,0.165,0.161,0.003
2015-11-16,0.155,0.161,-0.006
2015-11-13,0.163,0.162,0.001
2015-11-12,0.176,0.162,0.014
2015-11-11,0.179,0.158,0.020
2015-11-10,0.173,0.153,0.020
2015-11-09,0.174,0.148,0.025
2015-11-06,0.165,0.142,0.023
2015-11-05,0.160,0.136,0.024
2015-11-04,0.162,0.130,0.031
2015-11-03,0.155,0.122,0.033
2015-11-02,0.181,0.114,0.066
2015-10-30,0.215,0.098,0.118
2015-10-29,0.211,0.068,0.143
2015-10-28,0.204,0.033,0.172
2015-10-27,0.199,-0.010,0.209
2015-10-26,0.176,-0.063,0.239
2015-10-23,0.121,-0.122,0.244
2015-10-22,0.048,-0.183,0.231
2015-10-21,-0.051,-0.241,0.190
2015-10-20,-0.118,-0.288,0.171
2015-10-19,-0.157,-0.331,0.174
2015-10-16,-0.196,-0.375,0.179
2015-10-15,-0.253,-0.419,0.166
2015-10-14,-0.309,-0.461,0.152
2015-10-13,-0.362,-0.499,0.137
2015-10-12,-0.429,-0.533,0.105
2015-10-09,-0.489,-0.559,0.071
2015-10-08,-0.530,-0.577,0.047
2015-09-30,-0.565,-0.589,0.024
2015-09-29,-0.582,-0.595,0.013
2015-09-28,-0.593,-0.598,0.004
2015-09-25,-0.615,-0.599,-0.016
2015-09-24,-0.630,-0.595,-0.035
2015-09-23,-0.660,-0.586,-0.074
2015-09-22,-0.677,-0.568,-0.110
2015-09-21,-0.696,-0.540,-0.156
2015-09-18,-0.699,-0.501,-0.198
2015-09-17,-0.676,-0.452,-0.225
2015-09-16,-0.636,-0.395,-0.241
2015-09-15,-0.596,-0.335,-0.261
2015-09-14,-0.493,-0.270,-0.223
2015-09-11,-0.409,-0.214,-0.195
2015-09-10,-0.357,-0.165,-0.191
2015-09-09,-0.280,-0.117,-0.163
2015-09-08,-0.209,-0.077,-0.133
2015-08-21,-0.103,-0.044,-0.059
2015-08-20,-0.034,-0.029,-0.005
2015-08-19,0.007,-0.028,0.034
2015-08-18,0.042,-0.036,0.078
2015-08-17,0.089,-0.056,0.145
2015-08-14,0.065,-0.092,0.157
2015-08-13,0.037,-0.131,0.169
2015-08-12,-0.024,-0.173,0.149
2015-08-11,-0.062,-0.211,0.149
2015-08-10,-0.114,-0.248,0.133
2015-08-07,-0.173,-0.281,0.108
2015-08-06,-0.197,-0.308,0.111
2015-08-05,-0.186,-0.336,0.149
2015-08-04,-0.185,-0.373,0.188
2015-08-03,-0.205,-0.420,0.215
2015-07-31,-0.180,-0.474,0.293
2015-07-30,-0.228,-0.547,0.319
2015-07-29,-0.295,-0.627,0.332
2015-07-28,-0.416,-0.709,0.293
2015-07-27,-0.493,-0.783,0.289
2015-07-24,-0.556,-0.855,0.299
2015-07-23,-0.699,-0.930,0.230
2015-07-22,-0.799,-0.988,0.189
2015-07-21,-0.892,-1.035,0.143
2015-07-20,-0.980,-1.070,0.090
2015-07-17,-1.069,-1.093,0.024
2015-07-16,-1.164,-1.099,-0.065
2015-07-15,-1.220,-1.083,-0.137
2015-07-14,-1.263,-1.049,-0.214
2015-07-13,-1.369,-0.995,-0.374
2015-07-10,-1.421,-0.902,-0.520
2015-07-09,-1.409,-0.772,-0.637
2015-07-08,-1.320,-0.612,-0.707
2015-07-07,-1.139,-0.436,-0.703
2015-07-06,-0.944,-0.260,-0.685
2015-07-03,-0.743,-0.088,-0.654
2015-07-02,-0.534,0.075,-0.609
2015-07-01,-0.332,0.227,-0.560
2015-06-30,-0.150,0.367,-0.517
2015-06-29,-0.005,0.497,-0.502
2015-06-26,0.227,0.622,-0.395
2015-06-25,0.424,0.721,-0.297
2015-06-24,0.563,0.795,-0.232
2015-06-23,0.666,0.853,-0.187
2015-06-19,0.826,0.900,-0.074
2015-06-18,0.962,0.918,0.044
2015-06-17,0.995,0.907,0.088
2015-06-16,1.015,0.885,0.130
2015-06-15,0.996,0.853,0.143
2015-06-12,0.937,0.817,0.120
2015-06-11,0.927,0.787,0.140
2015-06-10,0.914,0.752,0.161
2015-06-09,0.878,0.712,0.166
2015-06-08,0.825,0.670,0.154
2015-06-05,0.765,0.632,0.133
2015-06-04,0.698,0.599,0.099
2015-06-03,0.710,0.574,0.136
2015-06-02,0.693,0.540,0.153
2015-06-01,0.634,0.501,0.132
2015-05-29,0.589,0.468,0.120
2015-05-28,0.590,0.438,0.151
2015-05-27,0.606,0.400,0.205
2015-05-26,0.547,0.349,0.198
2015-05-25,0.464,0.299,0.165
2015-05-22,0.353,0.258,0.094
2015-05-21,0.265,0.235,0.030
2015-05-20,0.240,0.227,0.012
2015-05-19,0.222,0.224,-0.002
2015-05-18,0.189,0.225,-0.036
2015-05-15,0.199,0.234,-0.034
2015-05-14,0.206,0.242,-0.036
2015-05-13,0.181,0.251,-0.071
2015-05-12,0.170,0.269,-0.099
2015-05-11,0.133,0.294,-0.161
2015-05-08,0.144,0.334,-0.191
2015-05-07,0.194,0.382,-0.188
2015-05-06,0.301,0.429,-0.128
2015-05-05,0.391,0.461,-0.070
2015-05-04,0.457,0.478,-0.021
2015-04-30,0.471,0.483,-0.012
2015-04-29,0.486,0.486,0.000
2015-04-28,0.512,0.486,0.025
2015-04-27,0.542,0.480,0.062
2015-04-24,0.529,0.464,0.064
2015-04-23,0.512,0.448,0.063
2015-04-22,0.467,0.433,0.034
2015-04-21,0.392,0.424,-0.032
2015-04-20,0.375,0.432,-0.057
2015-04-17,0.379,0.446,-0.068
2015-04-16,0.386,0.463,-0.077
2015-04-15,0.423,0.483,-0.059
2015-04-14,0.471,0.497,-0.027
2015-04-13,0.479,0.504,-0.025
2015-04-10,0.494,0.510,-0.016
2015-04-09,0.517,0.514,0.002
2015-04-08,0.551,0.514,0.037
2015-04-07,0.562,0.505,0.057
2015-04-03,0.539,0.490,0.049
2015-04-02,0.506,0.478,0.028
2015-04-01,0.496,0.471,0.025
2015-03-31,0.502,0.465,0.037
2015-03-30,0.520,0.455,0.064
2015-03-27,0.525,0.439,0.085
2015-03-26,0.529,0.418,0.111
2015-03-25,0.545,0.390,0.155
2015-03-24,0.526,0.352,0.174
2015-03-23,0.473,0.308,0.165
2015-03-20,0.389,0.267,0.122
2015-03-19,0.342,0.236,0.106
2015-03-18,0.282,0.210,0.072
2015-03-17,0.265,0.192,0.073
2015-03-16,0.244,0.174,0.070
2015-03-13,0.226,0.156,0.070
2015-03-12,0.219,0.139,0.080
2015-03-11,0.209,0.119,0.090
2015-03-10,0.187,0.096,0.091
2015-03-09,0.147,0.073,0.074
2015-03-06,0.117,0.055,0.062
2015-03-05,0.109,0.039,0.070
2015-03-04,0.086,0.022,0.064
2015-03-03,0.052,0.006,0.047
2015-03-02,0.034,-0.006,0.040
2015-02-27,0.013,-0.016,0.029
2015-02-26,0.002,-0.023,0.025
2015-02-25,-0.010,-0.029,0.019
2015-02-17,-0.016,-0.034,0.018
2015-02-16,-0.032,-0.039,0.007
2015-02-13,-0.046,-0.040,-0.005
2015-02-12,-0.053,-0.039,-0.014
2015-02-11,-0.057,-0.035,-0.021
2015-02-10,-0.055,-0.030,-0.025
2015-02-09,-0.048,-0.024,-0.024
2015-02-06,-0.035,-0.018,-0.017
2015-02-05,-0.022,-0.013,-0.008
2015-02-04,-0.020,-0.011,-0.009
2015-02-03,-0.012,-0.009,-0.003
2015-02-02,-0.008,-0.008,0.001
2015-01-30,0.004,-0.009,0.012
2015-01-29,0.008,-0.012,0.020
2015-01-28,0.002,-0.017,0.019
2015-01-27,-0.005,-0.021,0.017
2015-01-26,-0.014,-0.026,0.011
2015-01-23,-0.029,-0.028,-0.001
2015-01-22,-0.039,-0.028,-0.011
2015-01-21,-0.050,-0.025,-0.025
2015-01-20,-0.061,-0.019,-0.042
2015-01-19,-0.055,-0.009,-0.047
2015-01-16,-0.034,0.003,-0.037
2015-01-15,-0.031,0.012,-0.043
2015-01-14,-0.026,0.023,-0.049
2015-01-13,-0.006,0.035,-0.041
2015-01-12,0.009,0.045,-0.036
2015-01-09,0.032,0.054,-0.023
2015-01-08,0.041,0.060,-0.019
2015-01-07,0.033,0.065,-0.032
2015-01-06,0.022,0.073,-0.051
2015-01-05,0.026,0.086,-0.060
2014-12-31,0.045,0.101,-0.055
2014-12-30,0.075,0.114,-0.040
2014-12-29,0.093,0.124,-0.031
2014-12-26,0.099,0.132,-0.034
2014-12-25,0.109,0.141,-0.031
2014-12-24,0.125,0.149,-0.024
2014-12-23,0.151,0.154,-0.004
2014-12-22,0.188,0.155,0.032
2014-12-19,0.204,0.147,0.057
2014-12-18,0.195,0.133,0.062
2014-12-17,0.181,0.118,0.064
2014-12-16,0.173,0.102,0.071
2014-12-15,0.144,0.084,0.060
2014-12-12,0.096,0.069,0.027
2014-12-11,0.085,0.062,0.023
2014-12-10,0.067,0.056,0.011
2014-12-09,0.061,0.054,0.007
2014-12-08,0.068,0.052,0.016
2014-12-05,0.062,0.048,0.014
2014-12-04,0.069,0.045,0.025
2014-12-03,0.054,0.038,0.016
2014-12-02,0.048,0.034,0.014
2014-12-01,0.047,0.031,0.016
2014-11-28,0.054,0.027,0.027
2014-11-27,0.046,0.020,0.026
2014-11-26,0.030,0.014,0.016
2014-11-25,0.025,0.010,0.015
2014-11-24,0.015,0.006,0.009
2014-11-21,0.008,0.004,0.004
2014-11-20,0.003,0.003,0.000
2014-11-19,-0.005,0.003,-0.007
2014-11-18,-0.016,0.004,-0.020
2014-11-17,-0.013,0.009,-0.023
2014-11-14,-0.012,0.015,-0.027
2014-11-13,-0.001,0.022,-0.023
2014-11-12,0.008,0.028,-0.020
2014-11-11,0.015,0.032,-0.018
2014-11-10,0.029,0.037,-0.008
2014-11-07,0.032,0.039,-0.006
2014-11-06,0.039,0.040,-0.002
2014-11-05,0.041,0.041,0.000
2014-11-04,0.038,0.041,-0.002
2014-11-03,0.030,0.041,-0.011
2014-10-31,0.018,0.044,-0.026
2014-10-30,0.016,0.051,-0.035
2014-10-29,0.013,0.060,-0.047
2014-10-28,0.006,0.071,-0.065
2014-10-27,0.005,0.088,-0.083
2014-10-24,0.019,0.108,-0.089
2014-10-23,0.043,0.131,-0.088
2014-10-22,0.072,0.153,-0.080
2014-10-21,0.099,0.173,-0.074
2014-10-20,0.118,0.191,-0.073
2014-10-17,0.137,0.209,-0.072
2014-10-16,0.171,0.227,-0.056
2014-10-15,0.198,0.241,-0.044
2014-10-14,0.222,0.252,-0.030
2014-10-13,0.250,0.260,-0.010
2014-10-10,0.258,0.262,-0.004
2014-10-09,0.261,0.263,-0.002
2014-10-08,0.265,0.264,0.001
2014-09-30,0.269,0.264,0.006
2014-09-29,0.272,0.262,0.010
2014-09-26,0.268,0.260,0.009
2014-09-25,0.264,0.258,0.006
2014-09-24,0.257,0.256,0.001
2014-09-23,0.264,0.256,0.008
2014-09-22,0.273,0.254,0.019
2014-09-19,0.282,0.249,0.033
2014-09-18,0.277,0.240,0.036
2014-09-17,0.265,0.231,0.034
2014-09-16,0.264,0.223,0.042
2014-09-15,0.261,0.212,0.049
2014-09-12,0.254,0.200,0.054
2014-09-11,0.250,0.187,0.063
2014-09-10,0.246,0.171,0.075
2014-09-09,0.225,0.152,0.073
2014-09-05,0.198,0.134,0.064
2014-09-04,0.172,0.118,0.054
2014-09-03,0.132,0.104,0.027
2014-09-02,0.098,0.097,0.001
2014-09-01,0.096,0.097,-0.001
2014-08-29,0.098,0.097,0.001
2014-08-28,0.097,0.097,-0.000
2014-08-27,0.098,0.097,0.001
2014-08-26,0.095,0.097,-0.003
2014-08-25,0.102,0.098,0.005
2014-08-22,0.097,0.097,-0.000
2014-08-21,0.097,0.097,0.000
2014-08-20,0.095,0.097,-0.002
2014-08-19,0.094,0.097,-0.003
2014-08-18,0.090,0.098,-0.008
2014-08-15,nan,nan,nan
2014-08-14,nan,nan,nan
2014-08-13,nan,nan,nan
2014-08-12,nan,nan,nan
2014-08-11,nan,nan,nan
2014-08-08,nan,nan,nan
2014-08-07,nan,nan,nan
2014-08-06,nan,nan,nan
2014-08-05,nan,nan,nan
2014-08-04,nan,nan,nan
2014-08-01,nan,nan,nan
2014-07-31,nan,nan,nan
2014-07-30,nan,nan,nan
2014-07-29,nan,nan,nan
2014-07-28,nan,nan,nan
2014-07-25,nan,nan,nan
2014-07-24,nan,nan,nan
2014-07-23,nan,nan,nan
2014-07-22,nan,nan,nan
2014-07-21,nan,nan,nan
2014-07-18,nan,nan,nan
2014-07-17,nan,nan,nan
2014-07-16,nan,nan,nan
2014-07-15,nan,nan,nan
2014-07-14,nan,nan,nan
2014-07-11,nan,nan,nan
2014-07-10,nan,nan,nan
2014-07-09,nan,nan,nan
2014-07-08,nan,nan,nan
2014-07-07,nan,nan,nan
2014-07-04,nan,nan,nan
2014-07-03,nan,nan,nan
2014-07-02,nan,nan,nan
