2017-06-30,4.566,4.582,4.572,4.583,5.005
2017-06-29,4.526,4.578,4.559,4.595,5.025
2017-06-28,4.528,4.587,4.550,4.610,5.047
2017-06-27,4.560,4.593,4.551,4.623,5.073
2017-06-26,4.582,4.593,4.554,4.634,5.099
2017-06-23,4.598,4.586,4.553,4.645,5.125
2017-06-22,4.630,4.597,4.556,4.663,5.152
2017-06-21,4.646,4.601,4.554,4.683,5.179
2017-06-20,4.626,4.600,4.557,4.696,5.205
2017-06-19,4.604,4.581,4.568,4.712,5.234
2017-06-16,4.574,4.563,4.584,4.732,5.258
2017-06-15,4.564,4.541,4.603,4.759,5.283
2017-06-14,4.556,4.514,4.621,4.785,5.308
2017-06-13,4.574,4.510,4.638,4.809,5.333
2017-06-12,4.558,4.516,4.654,4.828,5.360
2017-06-09,4.552,4.520,4.674,4.853,5.387
2017-06-08,4.518,4.515,4.696,4.877,5.413
2017-06-07,4.472,4.508,4.723,4.902,5.439
2017-06-06,4.446,4.515,4.744,4.928,5.466
2017-06-05,4.474,4.556,4.777,4.961,5.495
2017-06-02,4.488,4.605,4.817,4.994,5.524
2017-06-01,4.512,4.665,4.867,5.037,5.553
2017-05-31,4.544,4.729,4.920,5.085,5.583
2017-05-26,4.584,4.766,4.958,5.131,5.612
2017-05-25,4.638,4.792,4.984,5.177,5.639
2017-05-24,4.722,4.828,5.020,5.224,5.669
2017-05-23,4.818,4.877,5.058,5.271,5.699
2017-05-22,4.914,4.939,5.099,5.317,5.729
2017-05-19,4.948,4.973,5.135,5.358,5.755
2017-05-18,4.946,4.999,5.163,5.394,5.779
2017-05-17,4.934,5.029,5.189,5.426,5.801
2017-05-16,4.936,5.070,5.223,5.455,5.820
2017-05-15,4.964,5.112,5.262,5.485,5.842
2017-05-12,4.998,5.150,5.314,5.524,5.866
2017-05-11,5.052,5.177,5.369,5.564,5.890
2017-05-10,5.124,5.212,5.421,5.605,5.913
2017-05-09,5.204,5.239,5.468,5.642,5.934
2017-05-08,5.260,5.259,5.506,5.675,5.954
2017-05-05,5.302,5.297,5.551,5.715,5.975
2017-05-04,5.302,5.327,5.591,5.756,5.994
2017-05-03,5.300,5.349,5.625,5.784,6.009
2017-05-02,5.274,5.377,5.647,5.807,6.021
2017-04-28,5.258,5.413,5.671,5.831,6.034
2017-04-27,5.292,5.478,5.710,5.858,6.049
2017-04-26,5.352,5.561,5.757,5.892,6.064
2017-04-25,5.398,5.631,5.801,5.921,6.079
2017-04-24,5.480,5.697,5.843,5.949,6.092
2017-04-21,5.568,5.753,5.883,5.977,6.104
2017-04-20,5.664,5.805,5.923,6.003,6.114
2017-04-19,5.770,5.856,5.970,6.028,6.124
2017-04-18,5.864,5.901,6.001,6.053,6.133
2017-04-17,5.914,5.918,6.022,6.068,6.142
2017-04-14,5.938,5.929,6.039,6.082,6.152
2017-04-13,5.946,5.943,6.048,6.092,6.159
2017-04-12,5.942,5.954,6.057,6.102,6.168
2017-04-11,5.938,5.972,6.066,6.114,6.177
2017-04-10,5.922,5.990,6.075,6.127,6.187
2017-04-07,5.920,6.013,6.089,6.141,6.198
2017-04-06,5.940,6.042,6.102,6.152,6.208
2017-04-05,5.966,6.085,6.114,6.163,6.218
2017-03-31,6.006,6.102,6.129,6.175,6.228
2017-03-30,6.058,6.126,6.143,6.185,6.238
2017-03-29,6.106,6.150,6.158,6.199,6.248
2017-03-28,6.144,6.154,6.166,6.208,6.258
2017-03-27,6.204,6.160,6.176,6.215,6.263
2017-03-24,6.198,6.160,6.184,6.220,6.265
2017-03-23,6.194,6.161,6.196,6.226,6.271
2017-03-22,6.194,6.165,6.205,6.233,6.277
2017-03-21,6.164,6.162,6.207,6.235,6.281
2017-03-20,6.116,6.144,6.202,6.232,6.283
2017-03-17,6.122,6.156,6.211,6.234,6.288
2017-03-16,6.128,6.160,6.215,6.235,6.292
2017-03-15,6.136,6.166,6.224,6.238,6.296
2017-03-14,6.160,6.178,6.235,6.239,6.298
2017-03-13,6.172,6.193,6.242,6.237,6.300
2017-03-10,6.190,6.209,6.250,6.236,6.307
2017-03-09,6.192,6.231,6.259,6.235,6.315
2017-03-08,6.196,6.245,6.267,6.230,6.324
2017-03-07,6.196,6.253,6.271,6.225,6.332
2017-03-06,6.214,6.261,6.275,6.220,6.338
2017-03-03,6.228,6.267,6.273,6.214,6.345
2017-03-02,6.270,6.270,6.272,6.216,6.355
2017-03-01,6.294,6.282,6.274,6.221,6.364
2017-02-28,6.310,6.293,6.269,6.227,6.375
2017-02-27,6.308,6.292,6.259,6.234,6.384
2017-02-24,6.306,6.291,6.250,6.241,6.394
2017-02-23,6.270,6.287,6.236,6.246,6.403
2017-02-22,6.270,6.290,6.223,6.255,6.414
2017-02-21,6.276,6.290,6.211,6.264,6.426
2017-02-20,6.276,6.290,6.199,6.273,6.438
2017-02-17,6.276,6.280,6.187,6.281,6.451
2017-02-16,6.304,6.275,6.189,6.291,6.466
2017-02-15,6.310,6.266,6.191,6.297,6.479
2017-02-14,6.304,6.245,6.194,6.307,6.492
2017-02-13,6.304,6.226,6.205,6.310,6.507
2017-02-10,6.284,6.209,6.216,6.311,6.523
2017-02-09,6.246,6.186,6.226,6.315,6.536
2017-02-08,6.222,6.156,6.237,6.321,6.550
2017-02-07,6.186,6.132,6.251,6.327,6.564
2017-02-06,6.148,6.109,6.264,6.334,6.576
2017-02-03,6.134,6.094,6.281,6.341,6.591
2017-01-26,6.126,6.104,6.299,6.349,6.609
2017-01-25,6.090,6.116,6.313,6.354,6.622
2017-01-24,6.078,6.143,6.337,6.358,6.634
2017-01-23,6.070,6.185,6.352,6.362,6.642
2017-01-20,6.054,6.223,6.361,6.378,6.650
2017-01-19,6.082,6.266,6.379,6.396,6.660
2017-01-18,6.142,6.318,6.403,6.418,6.671
2017-01-17,6.208,6.370,6.425,6.438,6.680
2017-01-16,6.300,6.420,6.446,6.455,6.690
2017-01-13,6.392,6.468,6.464,6.477,6.698
2017-01-12,6.450,6.494,6.471,6.493,6.704
2017-01-11,6.494,6.510,6.473,6.507,6.710
2017-01-10,6.532,6.532,6.465,6.522,6.712
2017-01-09,6.540,6.520,6.450,6.534,6.711
2017-01-06,6.544,6.500,6.456,6.546,6.712
2017-01-05,6.538,6.492,6.461,6.560,6.713
2017-01-04,6.526,6.489,6.468,6.574,6.714
2017-01-03,6.532,6.480,6.472,6.588,6.717
2016-12-30,6.500,6.473,6.472,6.604,6.717
2016-12-29,6.456,6.461,6.481,6.621,6.707
2016-12-28,6.446,6.448,6.492,6.640,6.697
2016-12-27,6.452,6.436,6.505,6.662,6.686
2016-12-26,6.428,6.399,6.517,6.678,6.674
2016-12-23,6.446,6.381,6.541,6.703,6.665
2016-12-22,6.466,6.412,6.569,6.734,6.661
2016-12-21,6.450,6.430,6.594,6.758,6.654
2016-12-20,6.420,6.448,6.616,6.778,6.647
2016-12-19,6.370,6.464,6.641,6.800,6.640
2016-12-16,6.316,6.472,6.669,6.817,6.633
2016-12-15,6.358,6.502,6.701,6.842,6.626
2016-12-14,6.410,6.537,6.736,6.869,6.621
2016-12-13,6.476,6.575,6.774,6.891,6.616
2016-12-12,6.558,6.635,6.817,6.911,6.616
2016-12-09,6.628,6.702,6.864,6.921,6.616
2016-12-08,6.646,6.727,6.895,6.921,6.610
2016-12-07,6.664,6.758,6.921,6.925,6.604
2016-12-06,6.674,6.784,6.943,6.924,6.595
2016-12-05,6.712,6.819,6.968,6.923,6.588
2016-12-02,6.776,6.866,6.990,6.924,6.583
2016-12-01,6.808,6.900,7.012,6.918,6.577
2016-11-30,6.852,6.936,7.034,6.914,6.572
2016-11-29,6.894,6.974,7.048,6.912,6.565
2016-11-28,6.926,7.000,7.048,6.903,6.556
2016-11-25,6.956,7.027,7.031,6.888,6.547
2016-11-24,6.992,7.064,7.018,6.877,6.538
2016-11-23,7.020,7.085,7.008,6.867,6.528
2016-11-22,7.054,7.103,6.994,6.855,6.517
2016-11-21,7.074,7.118,6.974,6.847,6.507
2016-11-18,7.098,7.114,6.953,6.829,6.497
2016-11-17,7.136,7.124,6.927,6.793,6.485
2016-11-16,7.150,7.133,6.903,6.753,6.470
2016-11-15,7.152,7.123,6.881,6.711,6.455
2016-11-14,7.162,7.097,6.854,6.670,6.439
2016-11-11,7.130,7.035,6.819,6.627,6.422
2016-11-10,7.112,6.972,6.783,6.587,6.404
2016-11-09,7.116,6.932,6.757,6.551,6.388
2016-11-08,7.094,6.885,6.731,6.516,6.371
2016-11-07,7.032,6.831,6.711,6.479,6.354
2016-11-04,6.940,6.792,6.687,6.448,6.339
2016-11-03,6.832,6.731,6.627,6.410,6.322
2016-11-02,6.748,6.674,6.563,6.373,6.302
2016-11-01,6.676,6.640,6.504,6.341,6.283
2016-10-31,6.630,6.611,6.457,6.320,6.271
2016-10-28,6.644,6.603,6.422,6.310,6.266
2016-10-27,6.630,6.595,6.394,6.299,6.259
2016-10-26,6.600,6.583,6.360,6.282,6.253
2016-10-25,6.604,6.577,6.331,6.265,6.247
2016-10-24,6.592,6.591,6.302,6.253,6.242
2016-10-21,6.562,6.582,6.275,6.242,6.240
2016-10-20,6.560,6.523,6.249,6.236,6.238
2016-10-19,6.566,6.452,6.223,6.229,6.233
2016-10-18,6.550,6.369,6.191,6.217,6.225
2016-10-17,6.590,6.303,6.175,6.209,6.216
2016-10-14,6.602,6.242,6.164,6.205,6.206
2016-10-13,6.486,6.194,6.151,6.199,6.195
2016-10-12,6.338,6.138,6.131,6.189,6.181
2016-10-11,6.188,6.085,6.109,6.179,6.167
2016-10-10,6.016,6.014,6.083,6.168,6.152
2016-09-30,5.882,5.969,6.071,6.164,6.140
2016-09-29,5.902,5.976,6.092,6.176,6.138
2016-09-28,5.938,5.994,6.118,6.187,6.135
2016-09-27,5.982,6.014,6.141,6.199,6.133
2016-09-26,6.012,6.047,6.162,6.208,6.129
2016-09-23,6.056,6.086,6.186,6.217,6.126
2016-09-22,6.050,6.108,6.202,6.221,6.121
2016-09-21,6.050,6.125,6.214,6.225,6.112
2016-09-20,6.046,6.134,6.225,6.227,6.102
2016-09-19,6.082,6.153,6.244,6.228,6.093
2016-09-14,6.116,6.174,6.261,6.230,6.084
2016-09-13,6.166,6.209,6.276,6.233,6.075
2016-09-12,6.200,6.242,6.283,6.231,6.065
2016-09-09,6.222,6.269,6.291,6.225,6.055
2016-09-08,6.224,6.278,6.288,6.222,6.043
2016-09-07,6.232,6.287,6.282,6.221,6.030
2016-09-06,6.252,6.296,6.277,6.218,6.019
2016-09-05,6.284,6.303,6.275,6.224,6.007
2016-09-02,6.316,6.317,6.273,6.229,5.994
2016-09-01,6.332,6.336,6.266,6.232,5.984
2016-08-31,6.342,6.349,6.258,6.237,5.974
2016-08-30,6.340,6.344,6.245,6.240,5.963
2016-08-29,6.322,6.325,6.225,6.236,5.952
2016-08-26,6.318,6.313,6.203,6.233,5.942
2016-08-25,6.340,6.299,6.194,6.223,5.932
2016-08-24,6.356,6.278,6.187,6.207,5.921
2016-08-23,6.348,6.258,6.179,6.191,5.907
2016-08-22,6.328,6.247,6.184,6.174,5.893
2016-08-19,6.308,6.230,6.185,6.156,5.880
2016-08-18,6.258,6.196,6.179,6.136,5.865
2016-08-17,6.200,6.167,6.181,6.115,5.849
2016-08-16,6.168,6.147,6.188,6.099,5.837
2016-08-15,6.166,6.125,6.191,6.083,5.826
2016-08-12,6.152,6.094,6.193,6.067,5.813
2016-08-11,6.134,6.089,6.185,6.051,5.800
2016-08-10,6.134,6.097,6.171,6.035,5.791
2016-08-09,6.126,6.101,6.157,6.021,5.782
2016-08-08,6.084,6.122,6.137,5.999,5.770
2016-08-05,6.036,6.140,6.119,5.978,5.760
2016-08-04,6.044,6.163,6.105,5.957,5.752
2016-08-03,6.060,6.196,6.089,5.937,5.744
2016-08-02,6.076,6.229,6.075,5.917,5.736
2016-08-01,6.160,6.257,6.062,5.899,5.737
2016-07-29,6.244,6.293,6.054,5.884,5.745
2016-07-28,6.282,6.281,6.031,5.863,5.749
2016-07-27,6.332,6.246,6.004,5.839,5.753
2016-07-26,6.382,6.214,5.981,5.819,5.755
2016-07-25,6.354,6.152,5.937,5.790,5.754
2016-07-22,6.342,6.098,5.896,5.759,5.754
2016-07-21,6.280,6.048,5.854,5.737,5.756
2016-07-20,6.160,5.982,5.807,5.710,5.751
2016-07-19,6.046,5.921,5.761,5.686,5.748
2016-07-18,5.950,5.868,5.719,5.668,5.748
2016-07-15,5.854,5.815,5.679,5.650,5.748
2016-07-14,5.816,5.782,5.654,5.641,5.759
2016-07-13,5.804,5.763,5.635,5.635,5.773
2016-07-12,5.796,5.749,5.622,5.622,5.787
2016-07-11,5.786,5.723,5.608,5.612,5.803
2016-07-08,5.776,5.695,5.589,5.604,5.820
2016-07-07,5.748,5.660,5.581,5.594,5.835
2016-07-06,5.722,5.633,5.574,5.583,5.850
2016-07-05,5.702,5.602,5.568,5.575,5.861
2016-07-04,5.660,5.571,5.567,5.569,5.876
2016-07-01,5.614,5.544,5.568,5.558,5.893
2016-06-30,5.572,5.527,5.570,5.549,5.912
2016-06-29,5.544,5.508,5.571,5.547,5.928
2016-06-28,5.502,5.495,5.558,5.542,5.945
2016-06-27,5.482,5.494,5.556,5.542,5.961
2016-06-24,5.474,5.483,5.558,5.543,5.973
2016-06-23,5.482,5.502,5.560,5.547,5.987
2016-06-22,5.472,5.516,5.558,5.551,5.999
2016-06-21,5.488,5.534,5.561,5.555,6.011
2016-06-20,5.506,5.564,5.568,5.575,6.027
2016-06-17,5.492,5.592,5.564,5.606,6.041
2016-06-16,5.522,5.614,5.559,5.635,6.056
2016-06-15,5.560,5.634,5.566,5.666,6.069
2016-06-14,5.580,5.622,5.565,5.690,6.074
2016-06-13,5.622,5.619,5.565,5.717,6.078
2016-06-08,5.692,5.634,5.572,5.749,6.084
2016-06-07,5.706,5.619,5.569,5.774,6.087
2016-06-06,5.708,5.601,5.568,5.792,6.087
2016-06-03,5.664,5.588,5.565,5.810,6.085
2016-06-02,5.616,5.573,5.580,5.828,6.084
2016-06-01,5.576,5.537,5.613,5.845,6.086
2016-05-31,5.532,5.505,5.646,5.877,6.088
2016-05-30,5.494,5.498,5.682,5.912,6.088
2016-05-27,5.512,5.509,5.724,5.952,6.096
2016-05-26,5.530,5.512,5.766,5.994,6.104
2016-05-25,5.498,5.511,5.807,6.036,6.106
2016-05-24,5.478,5.519,5.852,6.075,6.107
2016-05-23,5.502,5.535,5.888,6.117,6.120
2016-05-20,5.506,5.542,5.921,6.147,6.133
2016-05-19,5.494,5.588,5.955,6.182,6.157
2016-05-18,5.524,5.689,5.999,6.229,6.182
2016-05-17,5.560,5.787,6.063,6.275,6.207
2016-05-16,5.568,5.867,6.118,6.309,6.224
2016-05-13,5.578,5.940,6.174,6.348,6.243
2016-05-12,5.682,6.021,6.234,6.379,6.262
2016-05-11,5.854,6.103,6.298,6.402,6.281
2016-05-10,6.014,6.185,6.353,6.427,6.294
2016-05-09,6.166,6.241,6.407,6.447,6.310
2016-05-06,6.302,6.301,6.449,6.468,6.327
2016-05-05,6.360,6.322,6.478,6.479,6.334
2016-05-04,6.352,6.310,6.499,6.475,6.335
2016-05-03,6.356,6.340,6.519,6.477,6.329
2016-04-29,6.316,6.370,6.530,6.471,6.329
2016-04-28,6.300,6.408,6.552,6.457,6.328
2016-04-27,6.284,6.448,6.558,6.439,6.327
2016-04-26,6.268,6.494,6.552,6.419,6.325
2016-04-25,6.324,6.522,6.548,6.399,6.327
2016-04-22,6.424,6.574,6.550,6.381,6.327
2016-04-21,6.516,6.598,6.551,6.359,6.326
2016-04-20,6.612,6.635,6.557,6.340,6.330
2016-04-19,6.720,6.688,6.558,6.327,6.334
2016-04-18,6.720,6.699,6.546,6.298,6.328
2016-04-15,6.724,6.691,6.522,6.264,6.320
2016-04-14,6.680,6.697,6.482,6.239,6.315
2016-04-13,6.658,6.669,6.434,6.213,6.307
2016-04-12,6.656,6.610,6.381,6.176,6.301
2016-04-11,6.678,6.574,6.338,6.139,6.295
2016-04-08,6.658,6.526,6.284,6.122,6.300
2016-04-07,6.714,6.504,6.240,6.118,6.312
2016-04-06,6.680,6.479,6.193,6.132,6.335
2016-04-05,6.564,6.428,6.146,6.135,6.356
2016-04-01,6.470,6.393,6.098,6.139,6.372
2016-03-31,6.394,6.353,6.050,6.138,6.405
2016-03-30,6.294,6.267,6.010,6.138,6.435
2016-03-29,6.278,6.200,5.985,6.145,6.469
2016-03-28,6.292,6.153,5.958,6.159,6.505
2016-03-25,6.316,6.102,5.922,6.161,6.542
2016-03-24,6.312,6.042,5.920,6.173,6.579
2016-03-23,6.240,5.976,5.925,6.186,6.620
2016-03-22,6.122,5.907,5.958,6.189,6.664
2016-03-21,6.014,5.865,5.989,6.194,6.700
2016-03-18,5.888,5.803,6.011,6.181,6.737
2016-03-17,5.772,5.747,6.030,6.186,6.773
2016-03-16,5.712,5.753,6.073,6.198,6.807
2016-03-15,5.692,5.771,6.118,6.216,6.830
2016-03-14,5.716,5.764,6.161,6.230,6.852
2016-03-11,5.718,5.742,6.190,6.254,6.869
2016-03-10,5.722,5.799,6.239,6.273,6.890
2016-03-09,5.794,5.875,6.291,6.292,6.913
2016-03-08,5.850,6.009,6.330,6.320,6.935
2016-03-07,5.812,6.113,6.358,6.341,6.957
2016-03-04,5.766,6.220,6.370,6.358,6.973
2016-03-03,5.876,6.314,6.405,6.376,6.994
2016-03-02,5.956,6.393,6.420,6.391,7.006
2016-03-01,6.168,6.465,6.438,6.401,7.018
2016-02-29,6.414,6.559,6.463,6.426,7.032
2016-02-26,6.674,6.639,6.510,6.450,7.051
2016-02-25,6.752,6.679,6.509,6.477,7.066
2016-02-24,6.830,6.708,6.500,6.506,7.081
2016-02-23,6.762,6.652,6.475,6.539,7.086
2016-02-22,6.704,6.604,6.455,6.576,7.090
2016-02-19,6.604,6.521,6.426,6.605,7.097
2016-02-18,6.606,6.497,6.406,6.672,7.100
2016-02-17,6.586,6.448,6.390,6.731,7.098
2016-02-16,6.542,6.411,6.369,6.792,7.102
2016-02-15,6.504,6.367,6.359,6.851,7.103
2016-02-05,6.438,6.382,6.355,6.923,7.107
2016-02-04,6.388,6.340,6.375,6.985,7.109
2016-02-03,6.310,6.292,6.404,7.053,7.112
2016-02-02,6.280,6.299,6.482,7.139,7.116
2016-02-01,6.230,6.307,6.562,7.206,7.121
2016-01-29,6.326,6.332,6.646,7.292,7.132
2016-01-28,6.292,6.316,6.759,7.360,7.135
2016-01-27,6.274,6.333,6.873,7.415,7.142
2016-01-26,6.318,6.327,6.982,7.444,7.142
2016-01-25,6.384,6.351,7.093,7.473,7.143
2016-01-22,6.338,6.329,7.194,7.483,7.145
2016-01-21,6.340,6.411,7.307,7.507,7.153
2016-01-20,6.392,6.517,7.433,7.534,7.161
2016-01-19,6.336,6.666,7.559,7.549,7.164
2016-01-18,6.318,6.817,7.656,7.572,7.172
2016-01-15,6.320,6.961,7.772,7.589,7.183
2016-01-14,6.482,7.202,7.882,7.612,7.197
2016-01-13,6.642,7.413,7.956,7.621,7.197
2016-01-12,6.996,7.637,8.003,7.634,7.194
2016-01-11,7.316,7.836,8.034,7.639,7.185
2016-01-08,7.602,8.059,8.059,7.652,7.180
2016-01-07,7.922,8.203,8.055,7.655,7.162
2016-01-06,8.184,8.350,8.042,7.657,7.138
2016-01-05,8.278,8.452,7.991,7.633,7.101
2016-01-04,8.356,8.495,7.949,7.604,7.061
2015-12-31,8.516,8.584,7.903,7.589,7.021
2015-12-30,8.484,8.562,7.817,7.528,6.964
2015-12-29,8.516,8.499,7.726,7.465,6.906
2015-12-28,8.626,8.369,7.633,7.412,6.849
2015-12-25,8.634,8.233,7.540,7.354,6.795
2015-12-24,8.652,8.060,7.448,7.290,6.739
2015-12-23,8.640,7.906,7.381,7.233,6.687
2015-12-22,8.482,7.734,7.311,7.170,6.629
2015-12-21,8.112,7.530,7.224,7.092,6.567
2015-12-18,7.832,7.403,7.159,7.036,6.513
2015-12-17,7.468,7.221,7.091,6.971,6.453
2015-12-16,7.172,7.072,7.011,6.911,6.397
2015-12-15,6.986,6.952,6.948,6.869,6.352
2015-12-14,6.948,6.897,6.934,6.839,6.312
2015-12-11,6.974,6.847,6.915,6.812,6.284
2015-12-10,6.974,6.836,6.906,6.808,6.269
2015-12-09,6.972,6.856,6.897,6.800,6.252
2015-12-08,6.918,6.887,6.888,6.788,6.239
2015-12-07,6.846,6.917,6.873,6.779,6.223
2015-12-04,6.720,6.915,6.852,6.772,6.216
2015-12-03,6.698,6.961,6.846,6.777,6.222
2015-12-02,6.740,6.950,6.830,6.782,6.230
2015-12-01,6.856,6.944,6.827,6.773,6.241
2015-11-30,6.988,6.971,6.810,6.753,6.266
2015-11-27,7.110,6.983,6.794,6.732,6.292
2015-11-26,7.224,6.975,6.793,6.709,6.320
2015-11-25,7.160,6.937,6.771,6.669,6.334
2015-11-24,7.032,6.889,6.738,6.618,6.347
2015-11-23,6.954,6.830,6.710,6.568,6.358
2015-11-20,6.856,6.790,6.700,6.517,6.363
2015-11-19,6.726,6.731,6.685,6.452,6.360
2015-11-18,6.714,6.710,6.697,6.401,6.368
2015-11-17,6.746,6.710,6.688,6.348,6.382
2015-11-16,6.706,6.649,6.644,6.286,6.384
2015-11-13,6.724,6.606,6.606,6.236,6.404
2015-11-12,6.736,6.612,6.576,6.187,6.425
2015-11-11,6.706,6.606,6.535,6.141,6.452
2015-11-10,6.674,6.587,6.483,6.089,6.465
2015-11-09,6.592,6.590,6.438,6.042,6.476
2015-11-06,6.488,6.611,6.381,5.990,6.497
2015-11-05,6.488,6.640,6.313,5.935,6.507
2015-11-04,6.506,6.685,6.246,5.883,6.516
2015-11-03,6.500,6.665,6.167,5.835,6.521
2015-11-02,6.588,6.638,6.104,5.786,6.530
2015-10-30,6.734,6.606,6.052,5.755,6.539
2015-10-29,6.792,6.540,5.975,5.730,6.533
2015-10-28,6.864,6.463,5.909,5.704,6.525
2015-10-27,6.830,6.378,5.840,5.690,6.530
2015-10-26,6.688,6.285,5.768,5.668,6.523
2015-10-23,6.478,6.150,5.680,5.660,6.502
2015-10-22,6.288,5.986,5.582,5.667,6.472
2015-10-21,6.062,5.807,5.482,5.679,6.434
2015-10-20,5.926,5.668,5.421,5.709,6.414
2015-10-19,5.882,5.570,5.360,5.780,6.410
2015-10-16,5.822,5.497,5.330,5.853,6.419
2015-10-15,5.684,5.409,5.325,5.931,6.437
2015-10-14,5.552,5.354,5.325,6.000,6.471
2015-10-13,5.410,5.301,5.346,6.075,6.521
2015-10-12,5.258,5.251,5.359,6.147,6.564
2015-10-09,5.172,5.209,5.415,6.209,6.624
2015-10-08,5.134,5.178,5.508,6.268,6.708
2015-09-30,5.156,5.156,5.615,6.335,6.803
2015-09-29,5.192,5.173,5.729,6.416,6.895
2015-09-28,5.244,5.149,5.885,6.483,6.997
2015-09-25,5.246,5.163,6.031,6.571,7.117
2015-09-24,5.222,5.241,6.192,6.663,7.239
2015-09-23,5.156,5.295,6.323,6.762,7.363
2015-09-22,5.154,5.391,6.463,6.841,7.492
2015-09-21,5.054,5.467,6.596,6.909,7.606
2015-09-18,5.080,5.621,6.710,7.004,7.721
2015-09-17,5.260,5.838,6.813,7.080,7.839
2015-09-16,5.434,6.073,6.925,7.149,7.956
2015-09-15,5.628,6.285,7.038,7.206,8.067
2015-09-14,5.880,6.620,7.150,7.273,8.181
2015-09-11,6.162,6.899,7.275,7.322,8.269
2015-09-10,6.416,7.143,7.374,7.336,8.350
2015-09-09,6.712,7.351,7.495,7.347,8.437
2015-09-08,6.942,7.534,7.567,7.371,8.512
2015-08-21,7.360,7.724,7.630,7.378,8.578
2015-08-20,7.636,7.798,7.695,7.344,8.630
2015-08-19,7.870,7.788,7.701,7.277,8.685
2015-08-18,7.990,7.776,7.687,7.188,8.737
2015-08-17,8.126,7.791,7.666,7.118,8.789
2015-08-14,8.088,7.679,7.600,7.041,8.819
2015-08-13,7.960,7.650,7.534,6.984,8.833
2015-08-12,7.706,7.605,7.432,6.943,8.841
2015-08-11,7.562,7.640,7.345,6.941,8.857
2015-08-10,7.456,7.599,7.289,6.967,8.863
2015-08-07,7.270,7.536,7.205,6.980,8.870
2015-08-06,7.340,7.592,7.117,7.039,8.890
2015-08-05,7.504,7.613,7.021,7.147,8.913
2015-08-04,7.718,7.598,6.895,7.271,8.937
2015-08-03,7.742,7.541,6.782,7.374,8.947
2015-07-31,7.802,7.521,6.722,7.512,8.958
2015-07-30,7.844,7.418,6.652,7.664,8.948
2015-07-29,7.722,7.259,6.612,7.815,8.944
2015-07-28,7.478,7.049,6.592,7.963,8.940
2015-07-27,7.340,6.979,6.651,8.142,8.959
2015-07-24,7.240,6.874,6.702,8.303,8.981
2015-07-23,6.992,6.641,6.763,8.437,8.990
2015-07-22,6.796,6.429,6.914,8.597,9.010
2015-07-21,6.620,6.191,7.108,8.763,9.040
2015-07-20,6.618,6.023,7.291,8.927,9.072
2015-07-17,6.508,5.923,7.507,9.088,9.109
2015-07-16,6.290,5.885,7.787,9.215,9.147
2015-07-15,6.062,5.965,8.094,9.365,9.180
2015-07-14,5.762,6.134,8.421,9.527,9.209
2015-07-13,5.428,6.323,8.723,9.653,9.226
2015-07-10,5.338,6.529,9.018,9.779,9.248
2015-07-09,5.480,6.885,9.336,9.915,9.278
2015-07-08,5.868,7.399,9.682,10.092,9.324
2015-07-07,6.506,8.024,10.049,10.285,9.376
2015-07-06,7.218,8.559,10.380,10.460,9.418
2015-07-03,7.720,9.091,10.671,10.596,9.448
2015-07-02,8.290,9.688,10.880,10.682,9.472
2015-07-01,8.930,10.222,11.065,10.739,9.488
2015-06-30,9.542,10.707,11.224,10.773,9.492
2015-06-29,9.900,11.123,11.319,10.758,9.474
2015-06-26,10.462,11.507,11.403,10.760,9.459
2015-06-25,11.086,11.786,11.430,10.741,9.426
2015-06-24,11.514,11.964,11.439,10.679,9.377
2015-06-23,11.872,12.073,11.415,10.603,9.316
2015-06-19,12.346,12.200,11.410,10.519,9.259
2015-06-18,12.552,12.251,11.348,10.404,9.198
2015-06-17,12.486,12.072,11.179,10.233,9.119
2015-06-16,12.414,11.907,10.998,10.073,9.041
2015-06-15,12.274,11.740,10.805,9.917,8.947
2015-06-12,12.054,11.514,10.575,9.776,8.849
2015-06-11,11.950,11.300,10.386,9.659,8.753
2015-06-10,11.658,11.075,10.219,9.542,8.659
2015-06-09,11.400,10.914,10.037,9.422,8.562
2015-06-08,11.206,10.758,9.867,9.318,8.462
2015-06-05,10.974,10.621,9.678,9.217,8.366
2015-06-04,10.650,10.446,9.480,9.129,8.274
2015-06-03,10.492,10.287,9.313,9.080,8.200
2015-06-02,10.428,10.089,9.156,8.995,8.120
2015-06-01,10.310,9.871,9.006,8.892,8.030
2015-05-29,10.268,9.637,8.907,8.798,7.948
2015-05-28,10.242,9.473,8.839,8.716,7.878
2015-05-27,10.082,9.363,8.776,8.640,7.807
2015-05-26,9.750,9.160,8.676,8.555,7.724
2015-05-25,9.432,8.977,8.598,8.467,7.639
2015-05-22,9.006,8.736,8.515,8.376,7.554
2015-05-21,8.704,8.515,8.470,8.299,7.476
2015-05-20,8.644,8.340,8.476,8.261,7.415
2015-05-19,8.570,8.223,8.448,8.238,7.356
2015-05-18,8.522,8.141,8.402,8.211,7.295
2015-05-15,8.466,8.177,8.379,8.190,7.241
2015-05-14,8.326,8.205,8.338,8.158,7.186
2015-05-13,8.036,8.189,8.278,8.111,7.125
2015-05-12,7.876,8.192,8.253,8.075,7.068
2015-05-11,7.760,8.218,8.212,8.030,7.008
2015-05-08,7.888,8.295,8.195,8.000,6.960
2015-05-07,8.084,8.426,8.192,7.992,6.918
2015-05-06,8.342,8.612,8.222,8.006,6.884
2015-05-05,8.508,8.674,8.245,8.009,6.842
2015-05-04,8.676,8.663,8.246,7.976,6.795
2015-04-30,8.702,8.581,8.196,7.922,6.739
2015-04-29,8.768,8.471,8.135,7.847,6.684
2015-04-28,8.882,8.368,8.072,7.775,6.631
2015-04-27,8.840,8.314,8.017,7.701,6.580
2015-04-24,8.650,8.206,7.937,7.607,6.520
2015-04-23,8.460,8.096,7.852,7.514,6.461
2015-04-22,8.174,7.957,7.775,7.418,6.399
2015-04-21,7.854,7.831,7.703,7.321,6.332
2015-04-20,7.788,7.816,7.677,7.245,6.276
2015-04-17,7.762,7.829,7.633,7.168,6.230
2015-04-16,7.732,7.811,7.592,7.098,6.186
2015-04-15,7.740,7.799,7.535,7.039,6.144
2015-04-14,7.808,7.776,7.479,6.974,6.105
2015-04-13,7.844,7.719,7.395,6.893,6.058
2015-04-10,7.896,7.667,7.307,6.811,6.016
2015-04-09,7.890,7.608,7.223,6.732,5.979
2015-04-08,7.858,7.593,7.149,6.653,5.944
2015-04-07,7.744,7.574,7.067,6.570,5.902
2015-04-03,7.594,7.537,6.959,6.475,5.853
2015-04-02,7.438,7.437,6.838,6.378,5.804
2015-04-01,7.326,7.373,6.741,6.293,5.764
2015-03-31,7.328,7.271,6.659,6.214,5.731
2015-03-30,7.404,7.182,6.573,6.140,5.701
2015-03-27,7.480,7.071,6.481,6.061,5.668
2015-03-26,7.436,6.947,6.383,5.985,5.634
2015-03-25,7.420,6.838,6.294,5.921,5.603
2015-03-24,7.214,6.704,6.184,5.844,5.571
2015-03-23,6.960,6.559,6.068,5.762,5.540
2015-03-20,6.662,6.381,5.944,5.675,5.507
2015-03-19,6.458,6.238,5.849,5.614,5.483
2015-03-18,6.256,6.109,5.753,5.557,5.463
2015-03-17,6.194,6.047,5.686,5.521,5.454
2015-03-16,6.158,5.964,5.619,5.487,5.438
2015-03-13,6.100,5.890,5.556,5.458,5.424
2015-03-12,6.018,5.819,5.505,5.433,5.411
2015-03-11,5.962,5.749,5.462,5.407,5.395
2015-03-10,5.900,5.663,5.414,5.379,5.380
2015-03-09,5.770,5.576,5.364,5.342,5.362
2015-03-06,5.680,5.507,5.323,5.308,5.351
2015-03-05,5.620,5.459,5.302,5.293,5.343
2015-03-04,5.536,5.396,5.281,5.273,5.331
2015-03-03,5.426,5.324,5.259,5.249,5.318
2015-03-02,5.382,5.273,5.249,5.236,5.312
2015-02-27,5.334,5.221,5.242,5.223,5.307
2015-02-26,5.298,5.190,5.239,5.221,5.302
2015-02-25,5.256,5.175,5.236,5.226,5.298
2015-02-17,5.222,5.164,5.237,5.235,5.295
2015-02-16,5.164,5.151,5.225,5.235,5.289
2015-02-13,5.108,5.138,5.208,5.232,5.284
2015-02-12,5.082,5.144,5.210,5.230,5.282
2015-02-11,5.094,5.166,5.212,5.236,5.277
2015-02-10,5.106,5.193,5.211,5.249,5.274
2015-02-09,5.138,5.225,5.217,5.261,5.270
2015-02-06,5.168,5.264,5.223,5.274,5.268
2015-02-05,5.206,5.289,5.237,5.283,5.265
2015-02-04,5.238,5.298,5.252,5.285,5.259
2015-02-03,5.280,5.311,5.271,5.298,5.256
2015-02-02,5.312,5.299,5.277,5.317,5.252
2015-01-30,5.360,5.279,5.279,5.338,5.249
2015-01-29,5.372,5.275,5.273,5.353,5.246
2015-01-28,5.358,5.258,5.271,5.368,5.242
2015-01-27,5.342,5.229,5.277,5.387,5.238
2015-01-26,5.286,5.209,5.280,5.388,5.231
2015-01-23,5.198,5.183,5.280,5.390,5.224
2015-01-22,5.178,5.185,5.280,5.388,5.219
2015-01-21,5.158,5.206,5.278,5.382,5.213
2015-01-20,5.116,5.230,5.291,5.381,5.205
2015-01-19,5.132,5.255,5.326,5.381,5.198
2015-01-16,5.168,5.278,5.368,5.393,5.194
2015-01-15,5.192,5.271,5.391,5.392,5.188
2015-01-14,5.254,5.283,5.423,5.389,5.184
2015-01-13,5.344,5.324,5.466,5.388,5.182
2015-01-12,5.378,5.350,5.478,5.388,5.178
2015-01-09,5.388,5.376,5.493,5.391,5.175
2015-01-08,5.350,5.375,5.490,5.383,5.171
2015-01-07,5.312,5.350,5.470,5.370,5.164
2015-01-06,5.304,5.352,5.456,5.354,5.161
2015-01-05,5.322,5.398,5.444,5.343,5.161
2014-12-31,5.364,5.458,5.450,5.337,5.163
2014-12-30,5.400,5.512,5.453,5.334,5.165
2014-12-29,5.388,5.563,5.443,5.319,5.164
2014-12-26,5.400,5.608,5.420,5.300,5.161
2014-12-25,5.474,5.606,5.408,5.279,5.158
2014-12-24,5.552,5.610,5.399,5.261,5.156
2014-12-23,5.624,5.605,5.387,5.247,5.151
2014-12-22,5.738,5.590,5.380,5.233,5.147
2014-12-19,5.816,5.560,5.355,5.214,5.138
2014-12-18,5.738,5.490,5.316,5.186,5.126
2014-12-17,5.668,5.443,5.277,5.160,5.115
2014-12-16,5.586,5.394,5.245,5.140,5.103
2014-12-15,5.442,5.322,5.197,5.115,5.088
2014-12-12,5.304,5.232,5.146,5.088,5.071
2014-12-11,5.242,5.209,5.115,5.074,5.061
2014-12-10,5.218,5.188,5.086,5.059,5.051
2014-12-09,5.202,5.169,5.068,5.050,5.045
2014-12-08,5.202,5.169,5.054,5.044,5.041
2014-12-05,5.160,5.150,5.042,5.029,5.033
2014-12-04,5.176,5.141,5.035,5.016,5.028
2014-12-03,5.158,5.111,5.019,4.996,5.016
2014-12-02,5.136,5.096,5.013,4.984,5.000
2014-12-01,5.136,5.072,5.012,4.978,4.984
2014-11-28,5.140,5.059,5.016,4.977,4.970
2014-11-27,5.106,5.021,5.006,4.967,4.952
2014-11-26,5.064,4.984,4.994,4.960,4.934
2014-11-25,5.056,4.966,4.990,4.960,4.917
2014-11-24,5.008,4.939,4.981,4.959,4.901
2014-11-21,4.978,4.933,4.968,4.967,4.885
2014-11-20,4.936,4.928,4.954,4.979,4.870
2014-11-19,4.904,4.927,4.938,4.988,4.854
2014-11-18,4.876,4.929,4.928,4.996,4.838
2014-11-17,4.870,4.952,4.931,5.010,4.824
2014-11-14,4.888,4.974,4.936,5.023,4.808
2014-11-13,4.920,4.992,4.940,5.038,4.793
2014-11-12,4.950,5.004,4.947,5.051,4.778
2014-11-11,4.982,5.014,4.957,5.056,4.762
2014-11-10,5.034,5.024,4.969,5.061,4.748
2014-11-07,5.060,5.003,4.984,5.061,4.730
2014-11-06,5.064,4.979,5.004,5.066,4.713
2014-11-05,5.058,4.950,5.019,5.070,4.695
2014-11-04,5.046,4.926,5.030,5.066,4.676
2014-11-03,5.014,4.911,5.038,5.060,4.656
2014-10-31,4.946,4.898,5.048,5.054,4.635
2014-10-30,4.894,4.888,5.062,5.049,4.617
2014-10-29,4.842,4.891,5.074,5.043,4.598
2014-10-28,4.806,4.899,5.077,5.040,4.580
2014-10-27,4.808,4.913,5.080,5.038,4.562
2014-10-24,4.850,4.966,5.090,5.037,4.547
2014-10-23,4.882,5.029,5.109,5.040,4.531
2014-10-22,4.940,5.088,5.129,5.037,4.516
2014-10-21,4.992,5.134,5.136,5.016,4.499
2014-10-20,5.018,5.166,5.135,4.990,4.479
2014-10-17,5.082,5.197,5.131,4.962,4.458
2014-10-16,5.176,5.235,5.129,4.937,4.438
2014-10-15,5.236,5.257,5.118,4.909,4.417
2014-10-14,5.276,5.254,5.110,4.874,4.394
2014-10-13,5.314,5.246,5.100,4.844,4.372
2014-10-10,5.312,5.214,5.073,4.803,4.344
2014-10-09,5.294,5.190,5.046,4.761,4.316
2014-10-08,5.278,5.171,5.011,4.719,4.287
2014-09-30,5.232,5.138,4.957,4.679,4.259
2014-09-29,5.178,5.104,4.901,4.639,4.232
2014-09-26,5.116,5.066,4.845,4.594,4.204
2014-09-25,5.086,5.024,4.788,4.549,4.176
2014-09-24,5.064,4.980,4.735,4.506,4.149
2014-09-23,5.044,4.966,4.684,4.469,-1
2014-09-22,5.030,4.954,4.642,4.435,-1
2014-09-19,5.016,4.932,4.597,4.400,-1
2014-09-18,4.962,4.902,4.546,4.361,-1
2014-09-17,4.896,4.852,4.493,4.321,-1
2014-09-16,4.888,4.777,4.449,4.287,-1
2014-09-15,4.878,4.699,4.406,4.252,-1
2014-09-12,4.848,4.624,4.357,4.216,-1
2014-09-11,4.842,4.553,4.311,4.184,-1
2014-09-10,4.808,4.490,4.268,4.154,-1
2014-09-09,4.666,4.402,4.221,4.120,-1
2014-09-05,4.520,4.331,4.176,4.087,-1
2014-09-04,4.400,4.262,4.134,4.056,-1
2014-09-03,4.264,4.190,4.090,4.023,-1
2014-09-02,4.172,4.134,4.056,3.995,-1
2014-09-01,4.138,4.122,4.042,3.982,-1
2014-08-29,4.142,4.113,4.028,3.969,-1
2014-08-28,4.124,4.091,4.011,3.954,-1
2014-08-27,4.116,4.069,4.000,3.939,-1
2014-08-26,4.096,4.047,3.986,3.924,-1
2014-08-25,4.106,4.040,3.979,3.915,-1
2014-08-22,4.084,4.021,3.965,3.900,-1
2014-08-21,4.058,4.006,3.953,3.886,-1
2014-08-20,4.022,3.990,3.939,3.871,-1
2014-08-19,3.998,3.978,3.926,3.855,-1
2014-08-18,3.974,3.962,3.913,3.840,-1
2014-08-15,3.958,3.944,3.897,3.825,-1
2014-08-14,3.954,3.932,3.886,3.814,-1
2014-08-13,3.958,3.931,3.874,3.804,-1
2014-08-12,3.958,3.926,3.863,3.792,-1
2014-08-11,3.950,3.918,3.852,-1,-1
2014-08-08,3.930,3.909,3.839,-1,-1
2014-08-07,3.910,3.901,3.826,-1,-1
2014-08-06,3.904,3.888,3.811,-1,-1
2014-08-05,3.894,3.874,3.793,-1,-1
2014-08-04,3.886,3.863,3.779,-1,-1
2014-08-01,3.888,3.850,3.766,-1,-1
2014-07-31,3.892,3.840,3.755,-1,-1
2014-07-30,3.872,3.818,3.740,-1,-1
2014-07-29,3.854,3.800,3.725,-1,-1
2014-07-28,3.840,3.786,-1,-1,-1
2014-07-25,3.812,3.769,-1,-1,-1
2014-07-24,3.788,3.750,-1,-1,-1
2014-07-23,3.764,3.734,-1,-1,-1
2014-07-22,3.746,3.712,-1,-1,-1
2014-07-21,3.732,3.694,-1,-1,-1
2014-07-18,3.726,3.681,-1,-1,-1
2014-07-17,3.712,3.669,-1,-1,-1
2014-07-16,3.704,3.662,-1,-1,-1
2014-07-15,3.678,3.650,-1,-1,-1
2014-07-14,3.656,-1,-1,-1,-1
2014-07-11,3.636,-1,-1,-1,-1
2014-07-10,3.626,-1,-1,-1,-1
2014-07-09,3.620,-1,-1,-1,-1
2014-07-08,3.622,-1,-1,-1,-1
2014-07-07,-1,-1,-1,-1,-1
2014-07-04,-1,-1,-1,-1,-1
2014-07-03,-1,-1,-1,-1,-1
2014-07-02,-1,-1,-1,-1,-1
