date,open,high,close,low,volume,price_change,p_change,ma5,ma10,ma20,v_ma5,v_ma10,v_ma20,turnover
2017-01-20 15:00:00,18.08,18.08,18.08,18.08,0.0,0.0,0.0,18.08,18.08,17.752,2.4,2.9,3.6,0.0
2017-01-20 14:45:00,18.08,18.08,18.08,18.08,0.0,0.0,0.0,18.08,18.08,17.67,2.4,2.9,3.6,0.0
2017-01-20 14:30:00,18.08,18.08,18.08,18.08,10.0,0.0,0.0,18.08,18.08,17.588,2.4,2.9,3.6,0.0
2017-01-20 14:15:00,18.08,18.08,18.08,18.08,0.0,0.0,0.0,18.08,18.08,17.506,2.8,2.1,3.35,0.0
2017-01-20 14:00:00,18.08,18.08,18.08,18.08,2.02,0.0,0.0,18.08,18.08,17.424,2.8,2.1,3.45,0.0
2017-01-20 13:45:00,18.08,18.08,18.08,18.08,0.0,0.0,0.0,18.08,18.08,17.342,3.4,1.9,3.35,0.0
2017-01-20 13:30:00,18.08,18.08,18.08,18.08,0.0,0.0,0.0,18.08,18.08,17.26,3.4,4.8,3.35,0.0
2017-01-20 13:15:00,18.08,18.08,18.08,18.08,12.0,0.0,0.0,18.08,17.916,17.178,3.4,5.0,3.7,0.0
2017-01-20 11:30:00,18.08,18.08,18.08,18.08,0.0,0.0,0.0,18.08,17.752,17.096,1.4,4.3,3.6,0.0
2017-01-20 11:15:00,18.08,18.08,18.08,18.08,5.0,0.0,0.0,18.08,17.588,17.014,1.4,4.3,3.6,0.0
2017-01-20 11:00:00,18.08,18.08,18.08,18.08,0.0,0.0,0.0,18.08,17.424,16.932,0.4,4.3,5.75,0.0
2017-01-20 10:45:00,18.08,18.08,18.08,18.08,0.0,0.0,0.0,18.08,17.26,16.8465,6.2,4.3,5.75,0.0
2017-01-20 10:30:00,18.08,18.08,18.08,18.08,2.02,0.0,0.0,17.752,17.096,16.761,6.6,4.3,6.05,0.0
2017-01-20 10:15:00,18.08,18.08,18.08,18.08,0.0,0.0,0.0,17.424,16.932,16.6916,7.2,4.6,6.26,0.0
2017-01-20 10:00:00,18.08,18.08,18.08,18.08,0.0,0.0,0.0,17.096,16.768,16.6144,7.2,4.8,6.61,0.0
2017-01-20 09:45:00,18.08,18.08,18.08,18.08,29.0,0.0,0.0,16.768,16.604,16.5282,8.2,4.8,7.0,0.01
2017-01-19 15:00:00,16.44,16.44,16.44,16.44,2.0,0.0,0.0,16.44,16.44,16.4312,2.4,1.9,5.63,0.0
2017-01-19 14:45:00,16.44,16.44,16.44,16.44,5.0,0.0,0.0,16.44,16.44,16.4307,2.0,2.4,5.87,0.0
2017-01-19 14:30:00,16.44,16.44,16.44,16.44,0.0,0.0,0.0,16.44,16.44,16.43,2.0,2.9,5.93,0.0
2017-01-19 14:15:00,16.44,16.44,16.44,16.44,5.0,0.0,0.0,16.44,16.44,16.4292,2.4,2.9,6.39,0.0
2017-01-19 14:00:00,16.44,16.44,16.44,16.44,0.0,0.0,0.0,16.44,16.44,16.4283,1.4,7.2,6.5,0.0
2017-01-19 13:45:00,16.44,16.44,16.44,16.44,0.0,0.0,0.0,16.44,16.433,16.4273,1.4,7.2,7.09,0.0
2017-01-19 13:30:00,16.44,16.44,16.44,16.44,5.0,0.0,0.0,16.44,16.426,16.426,2.8,7.8,7.8,0.0
2017-01-19 13:15:00,16.44,16.44,16.44,16.44,2.0,0.0,0.0,16.44,16.4244,16.4244,3.8,8.11,8.11,0.0
2017-01-19 11:30:00,16.44,16.44,16.44,16.44,0.0,0.0,0.0,16.44,16.4225,16.4225,3.4,8.88,8.88,0.0
2017-01-19 11:15:00,16.44,16.44,16.44,16.44,0.0,0.0,0.0,16.44,16.42,16.42,13.0,10.15,10.15,0.0
2017-01-19 11:00:00,16.44,16.44,16.44,16.44,7.0,0.0,0.0,16.426,16.4167,16.4167,13.0,11.84,11.84,0.0
2017-01-19 10:45:00,16.44,16.44,16.44,16.44,10.0,0.0,0.0,16.412,16.412,16.412,12.8,12.8,12.8,0.0
2017-01-19 10:30:00,16.44,16.44,16.44,16.44,0.0,0.0,0.0,16.405,16.405,16.405,13.51,13.51,13.51,0.0
2017-01-19 10:15:00,16.37,16.44,16.44,16.37,48.0,0.07,0.43,16.3933,16.3933,16.3933,18.01,18.01,18.01,0.02
2017-01-19 10:00:00,16.37,16.37,16.37,16.37,0.0,0.0,0.0,16.37,16.37,16.37,3.01,3.01,3.01,0.0
2017-01-19 09:45:00,14.88,16.37,16.37,14.88,6.02,1.49,10.01,16.37,16.37,16.37,6.02,6.02,6.02,0.0
