2017-03-17@15:00:00,65.719,59.535,53.352
2017-03-17@14:00:00,65.354,59.191,53.028
2017-03-17@11:30:00,64.667,58.818,52.969
2017-03-17@10:30:00,64.092,58.495,52.899
2017-03-16@15:00:00,63.022,58.134,53.246
2017-03-16@14:00:00,62.363,57.865,53.367
2017-03-16@11:30:00,61.425,57.587,53.750
2017-03-16@10:30:00,60.357,57.331,54.306
2017-03-15@15:00:00,58.983,57.130,55.278
2017-03-15@14:00:00,59.440,57.210,54.980
2017-03-15@11:30:00,59.676,57.321,54.967
2017-03-15@10:30:00,59.960,57.422,54.885
2017-03-14@15:00:00,59.996,57.449,54.903
2017-03-14@14:00:00,59.966,57.432,54.898
2017-03-14@11:30:00,59.896,57.384,54.873
2017-03-14@10:30:00,59.857,57.350,54.843
2017-03-13@15:00:00,59.905,57.391,54.878
2017-03-13@14:00:00,59.969,57.462,54.955
2017-03-13@11:30:00,60.000,57.561,55.123
2017-03-13@10:30:00,59.959,57.640,55.321
2017-03-10@15:00:00,59.806,57.706,55.606
2017-03-10@14:00:00,59.733,57.767,55.802
2017-03-10@11:30:00,59.729,57.770,55.812
2017-03-10@10:30:00,59.701,57.799,55.897
2017-03-09@15:00:00,59.704,57.789,55.875
2017-03-09@14:00:00,60.044,57.663,55.282
2017-03-09@11:30:00,60.174,57.547,54.921
2017-03-09@10:30:00,60.160,57.486,54.813
2017-03-08@15:00:00,60.060,57.322,54.585
2017-03-08@14:00:00,59.781,56.987,54.194
2017-03-08@11:30:00,59.555,56.780,54.005
2017-03-08@10:30:00,59.162,56.540,53.918
2017-03-07@15:00:00,59.017,56.394,53.772
2017-03-07@14:00:00,58.864,56.313,53.762
2017-03-07@11:30:00,58.765,56.240,53.716
2017-03-07@10:30:00,58.753,56.235,53.718
2017-03-06@15:00:00,58.539,56.102,53.666
2017-03-06@14:00:00,58.261,55.936,53.611
2017-03-06@11:30:00,57.982,55.733,53.484
2017-03-06@10:30:00,57.751,55.577,53.404
2017-03-03@15:00:00,57.656,55.477,53.298
2017-03-03@14:00:00,57.456,55.415,53.374
2017-03-03@11:30:00,57.515,55.431,53.348
2017-03-03@10:30:00,57.284,55.349,53.414
2017-03-02@15:00:00,57.025,55.260,53.495
2017-03-02@14:00:00,57.245,55.381,53.517
2017-03-02@11:30:00,57.442,55.470,53.498
2017-03-02@10:30:00,57.525,55.495,53.465
2017-03-01@15:00:00,57.686,55.565,53.444
2017-03-01@14:00:00,58.057,55.466,52.876
2017-03-01@11:30:00,58.352,55.313,52.274
2017-03-01@10:30:00,58.539,55.178,51.817
2017-02-28@15:00:00,58.677,55.021,51.366
2017-02-28@14:00:00,58.870,54.735,50.601
2017-02-28@11:30:00,58.913,54.493,50.073
2017-02-28@10:30:00,58.910,54.108,49.307
2017-02-27@15:00:00,59.043,53.802,48.561
2017-02-27@14:00:00,59.185,53.492,47.800
2017-02-27@11:30:00,59.331,53.203,47.075
2017-02-27@10:30:00,59.261,52.964,46.668
2017-02-24@15:00:00,59.129,52.732,46.336
2017-02-24@14:00:00,58.759,52.538,46.317
2017-02-24@11:30:00,58.183,52.297,46.411
2017-02-24@10:30:00,57.848,52.143,46.439
2017-02-23@15:00:00,57.516,51.996,46.476
2017-02-23@14:00:00,57.773,52.049,46.325
2017-02-23@11:30:00,58.084,52.114,46.145
2017-02-23@10:30:00,58.775,52.255,45.735
2017-02-22@15:00:00,59.706,52.450,45.194
2017-02-22@14:00:00,60.575,52.808,45.042
2017-02-22@11:30:00,61.604,53.226,44.848
2017-02-22@10:30:00,62.420,53.610,44.800
2017-02-21@15:00:00,63.093,53.982,44.872
2017-02-21@14:00:00,63.331,54.300,45.270
2017-02-21@11:30:00,63.543,54.591,45.640
2017-02-21@10:30:00,63.620,54.963,46.307
2017-02-20@15:00:00,63.598,55.346,47.095
2017-02-20@14:00:00,63.347,55.498,47.649
2017-02-20@11:30:00,63.013,55.666,48.319
2017-02-20@10:30:00,62.830,55.765,48.701
2017-02-17@15:00:00,62.662,55.852,49.043
2017-02-17@14:00:00,63.294,55.592,47.890
2017-02-17@11:30:00,63.801,55.331,46.862
2017-02-17@10:30:00,64.218,55.056,45.895
2017-02-16@15:00:00,64.555,54.784,45.013
2017-02-16@14:00:00,65.000,54.018,43.036
2017-02-16@11:30:00,65.095,53.239,41.384
2017-02-16@10:30:00,64.704,52.386,40.068
2017-02-15@15:00:00,63.859,51.478,39.097
2017-02-15@14:00:00,63.533,50.471,37.410
2017-02-15@11:30:00,62.620,49.402,36.184
2017-02-15@10:30:00,61.468,48.356,35.245
2017-02-14@15:00:00,60.056,47.328,34.600
2017-02-14@14:00:00,59.247,46.252,33.258
2017-02-14@11:30:00,58.078,45.177,32.276
2017-02-14@10:30:00,56.542,44.102,31.661
2017-02-13@15:00:00,54.596,43.026,31.456
2017-02-13@14:00:00,53.860,42.048,30.237
2017-02-13@11:30:00,52.797,41.071,29.345
2017-02-13@10:30:00,51.401,40.093,28.786
2017-02-10@15:00:00,49.632,39.116,28.600
2017-02-10@14:00:00,48.963,38.227,27.492
2017-02-10@11:30:00,47.998,37.339,26.680
2017-02-10@10:30:00,46.729,36.450,26.172
2017-02-09@15:00:00,45.120,35.562,26.004
2017-02-09@14:00:00,44.513,34.754,24.995
2017-02-09@11:30:00,43.635,33.946,24.257
2017-02-09@10:30:00,42.481,33.138,23.795
2017-02-08@15:00:00,41.018,32.330,23.642
2017-02-08@14:00:00,40.467,31.595,22.724
2017-02-08@11:30:00,39.671,30.861,22.051
2017-02-08@10:30:00,38.623,30.127,21.630
2017-02-07@15:00:00,37.296,29.392,21.488
2017-02-07@14:00:00,36.794,28.724,20.654
2017-02-07@11:30:00,36.070,28.056,20.042
2017-02-07@10:30:00,35.117,27.388,19.659
2017-02-06@15:00:00,33.910,26.720,19.530
2017-02-06@14:00:00,33.453,26.113,18.772
2017-02-06@11:30:00,32.794,25.505,18.216
2017-02-06@10:30:00,31.927,24.898,17.868
2017-02-03@15:00:00,30.828,24.290,17.752
2017-02-03@14:00:00,30.413,23.738,17.062
2017-02-03@11:30:00,29.812,23.185,16.558
2017-02-03@10:30:00,29.023,22.633,16.242
2017-01-26@15:00:00,28.023,22.080,16.137
2017-01-26@14:00:00,27.645,21.578,15.511
2017-01-26@11:30:00,27.099,21.076,15.053
2017-01-26@10:30:00,26.381,20.574,14.767
2017-01-25@15:00:00,25.472,20.072,14.672
2017-01-25@14:00:00,nan,nan,nan
2017-01-25@11:30:00,nan,nan,nan
2017-01-25@10:30:00,nan,nan,nan
2017-01-24@15:00:00,nan,nan,nan
2017-01-24@14:00:00,nan,nan,nan
2017-01-24@11:30:00,nan,nan,nan
2017-01-24@10:30:00,nan,nan,nan
2017-01-23@15:00:00,nan,nan,nan
2017-01-23@14:00:00,nan,nan,nan
2017-01-23@11:30:00,nan,nan,nan
2017-01-23@10:30:00,nan,nan,nan
2017-01-20@15:00:00,nan,nan,nan
2017-01-20@14:00:00,nan,nan,nan
2017-01-20@11:30:00,nan,nan,nan
2017-01-20@10:30:00,nan,nan,nan
2017-01-19@15:00:00,nan,nan,nan
2017-01-19@14:00:00,nan,nan,nan
2017-01-19@11:30:00,nan,nan,nan
2017-01-19@10:30:00,nan,nan,nan
