2017-06-30,16.505,15.892,15.279
2017-06-29,16.499,15.901,15.302
2017-06-28,16.492,15.906,15.320
2017-06-27,16.485,15.915,15.345
2017-06-26,16.475,15.928,15.381
2017-06-23,16.466,15.947,15.427
2017-06-22,16.435,15.959,15.482
2017-06-21,16.459,15.947,15.435
2017-06-20,16.455,15.934,15.412
2017-06-19,16.495,15.945,15.395
2017-06-16,16.537,15.955,15.373
2017-06-15,16.657,15.983,15.308
2017-06-14,16.727,16.000,15.272
2017-06-13,16.773,16.023,15.272
2017-06-12,16.826,16.056,15.285
2017-06-09,16.868,16.076,15.283
2017-06-08,16.853,16.068,15.283
2017-06-07,16.884,16.086,15.287
2017-06-06,16.880,16.083,15.285
2017-06-05,16.901,16.112,15.322
2017-06-02,16.987,16.161,15.335
2017-06-01,17.011,16.199,15.386
2017-05-31,17.021,16.244,15.466
2017-05-26,17.239,16.330,15.421
2017-05-25,17.399,16.410,15.421
2017-05-24,17.547,16.486,15.426
2017-05-23,17.626,16.574,15.522
2017-05-22,17.724,16.689,15.653
2017-05-19,18.215,16.853,15.491
2017-05-18,18.599,16.980,15.362
2017-05-17,18.974,17.114,15.254
2017-05-16,19.245,17.225,15.204
2017-05-15,19.535,17.351,15.166
2017-05-12,20.068,17.551,15.033
2017-05-11,20.570,17.761,14.951
2017-05-10,20.937,17.960,14.982
2017-05-09,21.299,18.191,15.083
2017-05-08,21.694,18.432,15.170
2017-05-05,22.129,18.720,15.310
2017-05-04,22.463,18.992,15.520
2017-05-03,22.787,19.249,15.710
2017-05-02,22.978,19.514,16.050
2017-04-28,23.126,19.788,16.450
2017-04-27,23.443,20.051,16.658
2017-04-26,23.638,20.307,16.976
2017-04-25,23.731,20.555,17.378
2017-04-24,23.708,20.801,17.894
2017-04-21,23.660,21.036,18.411
2017-04-20,23.675,21.188,18.701
2017-04-19,23.665,21.358,19.051
2017-04-18,23.670,21.532,19.393
2017-04-17,23.574,21.721,19.868
2017-04-14,23.480,21.916,20.353
2017-04-13,23.424,22.011,20.597
2017-04-12,23.378,22.096,20.815
2017-04-11,23.220,22.180,21.141
2017-04-10,23.084,22.253,21.422
2017-04-07,22.988,22.300,21.612
2017-04-06,22.978,22.312,21.647
2017-04-05,22.970,22.348,21.727
2017-03-31,23.044,22.323,21.603
2017-03-30,23.141,22.293,21.445
2017-03-29,23.187,22.264,21.341
2017-03-28,23.150,22.207,21.265
2017-03-27,23.177,22.136,21.096
2017-03-24,23.206,22.068,20.930
2017-03-23,23.200,22.015,20.831
2017-03-22,23.193,21.943,20.693
2017-03-21,23.203,21.890,20.578
2017-03-20,23.158,21.837,20.517
2017-03-17,23.058,21.768,20.479
2017-03-16,22.913,21.696,20.480
2017-03-15,22.642,21.592,20.543
2017-03-14,22.545,21.538,20.532
2017-03-13,22.414,21.474,20.535
2017-03-10,22.324,21.421,20.518
2017-03-09,22.216,21.339,20.463
2017-03-08,22.087,21.272,20.458
2017-03-07,21.947,21.203,20.460
2017-03-06,21.641,21.102,20.563
2017-03-03,21.629,21.058,20.487
2017-03-02,21.701,21.005,20.310
2017-03-01,21.708,20.940,20.173
2017-02-28,21.655,20.866,20.078
2017-02-27,21.678,20.809,19.940
2017-02-24,21.655,20.783,19.912
2017-02-23,21.597,20.746,19.895
2017-02-22,21.576,20.713,19.851
2017-02-21,21.552,20.672,19.793
2017-02-20,21.498,20.654,19.811
2017-02-17,21.423,20.626,19.829
2017-02-16,21.317,20.570,19.823
2017-02-15,21.321,20.496,19.672
2017-02-14,21.206,20.446,19.686
2017-02-13,21.202,20.445,19.688
2017-02-10,21.195,20.444,19.692
2017-02-09,21.355,20.485,19.614
2017-02-08,21.736,20.559,19.382
2017-02-07,22.108,20.649,19.189
2017-02-06,22.381,20.744,19.107
2017-02-03,22.585,20.829,19.072
2017-01-26,22.784,20.940,19.095
2017-01-25,23.114,21.088,19.062
2017-01-24,23.408,21.242,19.075
2017-01-23,23.657,21.406,19.154
2017-01-20,23.843,21.529,19.215
2017-01-19,24.120,21.685,19.250
2017-01-18,24.356,21.854,19.351
2017-01-17,24.489,22.017,19.544
2017-01-16,24.623,22.139,19.654
2017-01-13,24.762,22.287,19.812
2017-01-12,24.748,22.437,20.125
2017-01-11,24.516,22.604,20.691
2017-01-10,24.355,22.761,21.167
2017-01-09,24.299,22.877,21.455
2017-01-06,24.732,23.106,21.480
2017-01-05,25.229,23.334,21.439
2017-01-04,25.852,23.547,21.242
2017-01-03,26.227,23.724,21.221
2016-12-30,26.473,23.896,21.318
2016-12-29,26.743,24.095,21.447
2016-12-28,27.193,24.340,21.486
2016-12-27,27.477,24.517,21.557
2016-12-26,27.789,24.708,21.627
2016-12-23,28.010,24.883,21.756
2016-12-22,28.220,25.086,21.951
2016-12-21,28.470,25.269,22.068
2016-12-20,28.829,25.489,22.148
2016-12-19,29.342,25.775,22.208
2016-12-16,29.783,26.075,22.366
2016-12-15,30.035,26.328,22.621
2016-12-14,30.201,26.617,23.032
2016-12-13,30.315,26.945,23.575
2016-12-12,30.636,27.311,23.985
2016-12-09,30.822,27.678,24.534
2016-12-08,31.097,27.910,24.723
2016-12-07,31.401,28.138,24.874
2016-12-06,31.388,28.199,25.010
2016-12-05,31.364,28.324,25.284
2016-12-02,31.264,28.453,25.642
2016-12-01,31.198,28.580,25.962
2016-11-30,31.217,28.565,25.913
2016-11-29,31.164,28.603,26.042
2016-11-28,31.126,28.643,26.160
2016-11-25,31.081,28.671,26.260
2016-11-24,31.033,28.719,26.404
2016-11-23,31.043,28.712,26.381
2016-11-22,31.287,28.585,25.882
2016-11-21,31.322,28.432,25.541
2016-11-18,31.369,28.237,25.104
2016-11-17,31.560,28.020,24.479
2016-11-16,31.555,27.826,24.097
2016-11-15,31.416,27.617,23.818
2016-11-14,30.987,27.359,23.731
2016-11-11,30.463,27.083,23.703
2016-11-10,29.996,26.810,23.624
2016-11-09,29.295,26.536,23.777
2016-11-08,29.151,26.417,23.683
2016-11-07,28.837,26.255,23.673
2016-11-04,28.544,26.071,23.597
2016-11-03,28.146,25.828,23.509
2016-11-02,28.042,25.699,23.356
2016-11-01,27.821,25.548,23.276
2016-10-31,27.443,25.392,23.341
2016-10-28,27.146,25.242,23.339
2016-10-27,26.638,25.148,23.659
2016-10-26,26.607,25.143,23.680
2016-10-25,26.915,25.222,23.530
2016-10-24,27.167,25.281,23.396
2016-10-21,27.486,25.380,23.275
2016-10-20,27.646,25.502,23.359
2016-10-19,27.873,25.609,23.346
2016-10-18,28.100,25.713,23.326
2016-10-17,28.515,25.857,23.200
2016-10-14,29.025,26.047,23.069
2016-10-13,29.413,26.251,23.089
2016-10-12,29.973,26.490,23.008
2016-10-11,30.392,26.698,23.004
2016-10-10,31.045,26.977,22.910
2016-09-30,31.783,27.336,22.890
2016-09-29,32.302,27.734,23.167
2016-09-28,32.748,28.111,23.474
2016-09-27,33.769,28.628,23.487
2016-09-26,34.405,29.095,23.784
2016-09-23,35.162,29.650,24.138
2016-09-22,35.323,29.954,24.585
2016-09-21,35.280,30.064,24.848
2016-09-20,35.316,30.038,24.761
2016-09-19,35.636,29.883,24.130
2016-09-14,36.249,29.611,22.973
2016-09-13,37.051,29.269,21.487
2016-09-12,37.956,28.816,19.675
2016-09-09,38.864,28.272,17.680
2016-09-08,39.666,27.603,15.539
2016-09-07,40.312,26.833,13.354
2016-09-06,40.833,26.010,11.186
2016-09-05,41.100,25.080,9.059
2016-09-02,41.226,24.113,7.000
2016-09-01,nan,nan,nan
2016-08-31,nan,nan,nan
2016-08-30,nan,nan,nan
2016-08-29,nan,nan,nan
2016-08-26,nan,nan,nan
2016-08-25,nan,nan,nan
2016-08-24,nan,nan,nan
2016-08-23,nan,nan,nan
2016-08-22,nan,nan,nan
2016-08-19,nan,nan,nan
2016-08-18,nan,nan,nan
2016-08-17,nan,nan,nan
2016-08-16,nan,nan,nan
2016-08-15,nan,nan,nan
2016-08-12,nan,nan,nan
2016-08-11,nan,nan,nan
2016-08-10,nan,nan,nan
2016-08-09,nan,nan,nan
2016-08-08,nan,nan,nan
