date,open,high,close,low,volume,price_change,p_change,ma5,ma10,ma20,v_ma5,v_ma10,v_ma20,turnover
2017-01-06 15:00:00,7.48,7.48,7.42,7.4,26180.6,-0.06,-0.8,7.494,7.532,7.445,17825.5,44395.9,43659.8,0.19
2017-01-06 14:30:00,7.5,7.52,7.48,7.47,12546.1,-0.02,-0.27,7.526,7.53,7.4345,19958.9,42853.2,43170.0,0.09
2017-01-06 14:00:00,7.5,7.53,7.49,7.47,20292.7,-0.01,-0.13,7.554,7.522,7.4195,27132.6,44257.3,43803.9,0.15
2017-01-06 13:30:00,7.58,7.59,7.5,7.48,17940.0,-0.08,-1.06,7.588,7.514,7.403,44082.3,43767.3,44126.7,0.13
2017-01-06 11:30:00,7.59,7.62,7.58,7.58,12168.0,-0.01,-0.13,7.582,7.507,7.3875,50943.3,45669.9,44839.7,0.09
2017-01-06 11:00:00,7.62,7.63,7.58,7.53,36847.9,-0.04,-0.52,7.57,7.495,7.371,70966.3,52514.7,47630.1,0.27
2017-01-06 10:30:00,7.65,7.65,7.62,7.59,48414.5,-0.03,-0.39,7.534,7.48,7.352,65747.4,56936.9,47225.4,0.35
2017-01-06 10:00:00,7.45,7.69,7.66,7.4,105041.0,0.21,2.82,7.49,7.444,7.33,61382.0,55826.4,46094.6,0.76
2017-01-05 15:00:00,7.52,7.54,7.47,7.46,52245.0,-0.05,-0.66,7.44,7.404,7.3075,43452.3,49828.8,42057.0,0.38
2017-01-05 14:30:00,7.4,7.55,7.52,7.4,112283.0,0.12,1.62,7.432,7.385,7.293,40396.5,49818.3,40285.8,0.81
2017-01-05 14:00:00,7.4,7.4,7.4,7.38,10753.5,0.0,0.0,7.42,7.358,7.277,34063.1,42923.6,37423.5,0.08
2017-01-05 13:30:00,7.4,7.43,7.4,7.38,26587.0,0.0,0.0,7.426,7.339,7.2645,48126.4,43486.8,38521.8,0.19
2017-01-05 11:30:00,7.43,7.44,7.41,7.4,15393.0,-0.02,-0.27,7.398,7.317,7.2485,50270.9,43350.5,38583.2,0.11
2017-01-05 11:00:00,7.46,7.48,7.43,7.39,36966.0,-0.03,-0.4,7.368,7.292,7.2295,56205.4,44486.1,38992.6,0.27
2017-01-05 10:30:00,7.44,7.5,7.46,7.38,80616.1,0.02,0.27,7.338,7.268,7.21,59240.1,44009.5,37848.3,0.59
2017-01-05 10:00:00,7.24,7.45,7.43,7.23,81070.0,0.19,2.62,7.296,7.247,7.191,51784.1,42745.5,34266.0,0.59
2017-01-04 15:00:00,7.26,7.29,7.26,7.23,37309.4,0.0,0.0,7.252,7.224,7.174,38847.1,37513.8,30613.9,0.27
2017-01-04 14:30:00,7.29,7.3,7.26,7.25,45065.5,-0.03,-0.41,7.236,7.216,7.165,36430.1,36362.9,29070.4,0.33
2017-01-04 14:00:00,7.25,7.3,7.28,7.24,52139.3,0.03,0.41,7.216,7.211,7.156,32766.8,34285.2,27473.3,0.38
2017-01-04 13:30:00,7.21,7.28,7.25,7.2,43336.5,0.04,0.55,7.198,7.201,7.148,28778.9,30753.3,25635.4,0.31
2017-01-04 11:30:00,7.18,7.23,7.21,7.16,16385.0,0.03,0.42,7.198,7.196,7.143,33706.9,31923.4,26106.8,0.12
2017-01-04 11:00:00,7.16,7.18,7.18,7.14,25224.0,0.02,0.28,7.196,7.19,7.1375,36180.5,33556.8,26856.6,0.18
2017-01-04 10:30:00,7.19,7.24,7.16,7.16,26749.0,-0.03,-0.42,7.196,7.18,7.133,36295.7,33815.9,26758.0,0.19
2017-01-04 10:00:00,7.23,7.24,7.19,7.17,32200.0,-0.04,-0.55,7.206,7.167,7.1275,35803.7,33499.2,26360.0,0.23
2017-01-03 15:00:00,7.2,7.26,7.25,7.18,67976.5,0.05,0.69,7.204,7.152,7.12,32727.7,31687.1,26395.2,0.49
2017-01-03 14:30:00,7.18,7.21,7.2,7.16,28753.0,0.02,0.28,7.194,7.135,7.113,30139.9,25786.5,24954.3,0.21
2017-01-03 14:00:00,7.21,7.21,7.18,7.16,25799.8,-0.03,-0.42,7.184,7.124,7.1035,30933.1,23714.1,24510.2,0.19
2017-01-03 13:30:00,7.16,7.22,7.21,7.15,24289.0,0.05,0.7,7.164,7.114,7.095,31336.1,21777.9,24781.2,0.18
2017-01-03 11:30:00,7.2,7.21,7.18,7.15,16820.0,-0.02,-0.28,7.128,7.101,7.082,31194.8,20661.4,24629.1,0.12
2017-01-03 11:00:00,7.16,7.25,7.2,7.15,55037.7,0.04,0.56,7.1,7.095,7.0675,30646.6,20517.6,24562.8,0.4
2017-01-03 10:30:00,7.07,7.17,7.15,7.02,32719.0,0.08,1.13,7.076,7.09,7.054,21433.0,20290.2,22167.3,0.24
2017-01-03 10:00:00,7.03,7.09,7.08,6.97,27814.8,0.05,0.71,7.064,7.085,7.043,16495.1,20156.4,21508.9,0.2
2016-12-30 15:00:00,7.04,7.05,7.03,6.97,23582.4,-0.01,-0.14,7.064,7.086,7.037,12219.7,19700.2,20509.3,0.17
2016-12-30 14:30:00,7.08,7.1,7.04,7.03,14079.0,-0.04,-0.56,7.074,7.088,7.0345,10128.0,19220.8,19778.6,0.1
2016-12-30 14:00:00,7.09,7.09,7.08,7.07,8970.0,-0.01,-0.14,7.09,7.088,7.0325,10388.6,21103.2,19503.0,0.07
2016-12-30 13:30:00,7.08,7.1,7.09,7.04,8029.05,0.01,0.14,7.104,7.091,7.0305,19147.4,24122.1,20524.7,0.06
2016-12-30 11:30:00,7.08,7.1,7.08,7.06,6437.97,0.0,0.0,7.106,7.083,7.027,23817.8,25306.4,21233.6,0.05
2016-12-30 11:00:00,7.12,7.13,7.08,7.08,13123.9,-0.04,-0.56,7.108,7.076,7.0195,27180.6,27784.4,21484.3,0.1
2016-12-30 10:30:00,7.15,7.17,7.12,7.1,15382.1,-0.03,-0.42,7.102,7.063,7.0135,28313.6,28596.7,21359.0,0.11
2016-12-30 10:00:00,7.1,7.25,7.15,7.06,52764.0,0.05,0.7,7.086,7.04,7.0035,31817.9,28608.0,21310.4,0.38
2016-12-29 15:00:00,7.09,7.11,7.1,7.04,31381.1,0.01,0.14,7.078,7.018,6.993,29096.8,24044.4,19068.5,0.23
2016-12-29 14:30:00,7.05,7.12,7.09,7.04,23252.0,0.04,0.57,7.06,7.001,6.986,26794.9,22861.5,17850.2,0.17
2016-12-29 14:00:00,7.03,7.09,7.05,7.02,18788.9,0.02,0.28,7.044,6.988,6.98,28388.2,21318.4,17061.9,0.14
2016-12-29 13:30:00,7.11,7.13,7.04,7.0,32903.4,-0.07,-0.98,7.024,6.981,6.976,28879.8,20336.5,17124.5,0.24
2016-12-29 11:30:00,7.01,7.12,7.11,7.0,39158.4,0.1,1.43,6.994,6.977,6.9735,25398.0,17902.8,16899.4,0.28
2016-12-29 11:00:00,7.0,7.03,7.01,6.98,19871.8,0.01,0.14,6.958,6.97,6.9675,18992.1,16927.3,17132.1,0.14
2016-12-29 10:30:00,6.95,7.03,7.01,6.93,31218.5,0.06,0.86,6.942,6.971,6.959,18928.0,17160.8,18002.8,0.23
2016-12-29 10:00:00,6.96,6.96,6.95,6.82,21247.1,-0.01,-0.14,6.932,6.963,6.9465,14248.5,15184.1,17611.0,0.15
2016-12-28 15:00:00,6.93,6.93,6.89,6.88,15494.3,-0.04,-0.58,6.938,6.964,6.9335,11793.1,14121.2,17551.2,0.11
2016-12-28 14:30:00,6.93,6.94,6.93,6.91,7128.56,0.0,0.0,6.96,6.967,6.921,10407.6,14012.8,17820.2,0.05
2016-12-28 14:00:00,6.96,6.96,6.93,6.9,19551.6,-0.03,-0.43,6.982,6.968,6.906,14862.5,14092.6,19407.0,0.14
2016-12-28 13:30:00,6.98,6.98,6.96,6.94,7821.0,-0.02,-0.29,7.0,6.971,6.8925,15393.6,12838.9,19731.5,0.06
2016-12-28 11:30:00,7.0,7.01,6.98,6.97,8970.0,-0.02,-0.29,6.994,6.972,6.882,16119.7,12805.4,20564.5,0.07
2016-12-28 11:00:00,7.04,7.05,7.0,6.99,8567.0,-0.04,-0.57,6.99,6.971,6.8775,16449.3,13912.6,20864.1,0.06
2016-12-28 10:30:00,7.02,7.08,7.04,6.99,29402.9,0.02,0.28,6.974,6.97,6.8715,17618.0,15896.0,21153.0,0.21
2016-12-28 10:00:00,6.9,7.06,7.02,6.9,22207.0,0.12,1.74,6.954,6.965,6.8645,13322.6,17336.9,20696.8,0.16
2016-12-27 15:00:00,6.96,6.96,6.93,6.92,11451.7,-0.03,-0.43,6.942,6.947,6.861,10284.2,18844.8,20265.9,0.08
2016-12-27 14:30:00,6.92,6.96,6.96,6.92,10617.8,0.04,0.58,6.95,6.93,6.864,9491.14,20037.9,20127.7,0.08
2016-12-27 14:00:00,6.94,6.95,6.92,6.92,14410.7,-0.02,-0.29,6.952,6.903,6.866,11376.0,20981.3,20085.1,0.1
2016-12-27 13:30:00,6.97,6.99,6.94,6.94,7926.0,-0.03,-0.43,6.966,6.875,6.87,14174.1,21627.7,20597.0,0.06
2016-12-27 11:30:00,6.97,6.98,6.96,6.94,7014.7,-0.01,-0.14,6.976,6.844,6.872,21351.2,24721.4,21292.0,0.05
2016-12-27 11:00:00,6.97,6.97,6.97,6.95,7486.54,0.0,0.0,6.952,6.814,6.874,27405.3,26624.2,22871.2,0.05
2016-12-27 10:30:00,6.99,7.02,6.97,6.96,20041.9,-0.02,-0.29,6.91,6.792,6.878,30584.7,28323.5,23211.4,0.15
2016-12-27 10:00:00,6.93,7.0,6.99,6.88,28401.2,0.06,0.87,6.854,6.784,6.8845,30586.6,27815.5,22688.0,0.21
2016-12-26 15:00:00,6.83,7.0,6.99,6.8,43811.5,0.16,2.34,6.784,6.773,6.889,29081.3,26410.0,21636.7,0.32
2016-12-26 14:30:00,6.77,6.88,6.84,6.75,37285.6,0.07,1.03,6.712,6.764,6.8925,28091.7,24056.6,20032.3,0.27
2016-12-26 14:00:00,6.69,6.77,6.76,6.67,23383.2,0.07,1.05,6.676,6.775,6.9025,25843.0,21687.0,19379.0,0.17
2016-12-26 13:30:00,6.66,6.69,6.69,6.62,20051.5,0.03,0.45,6.674,6.798,6.9205,26062.3,20217.5,19504.2,0.15
2016-12-26 11:30:00,6.63,6.67,6.64,6.62,20874.6,0.01,0.15,6.714,6.829,6.942,25044.4,19188.9,20001.6,0.15
2016-12-26 11:00:00,6.67,6.67,6.63,6.58,38863.6,-0.04,-0.6,6.762,6.865,6.9635,23738.7,19566.4,20341.5,0.28
2016-12-26 10:30:00,6.75,6.75,6.66,6.65,26042.0,-0.09,-1.33,6.816,6.9,6.983,20021.6,17862.6,19843.3,0.19
2016-12-26 10:00:00,6.86,6.86,6.75,6.71,24480.0,-0.11,-1.6,6.874,6.934,7.0005,17531.0,19118.2,20157.6,0.18
2016-12-23 15:00:00,6.89,6.91,6.89,6.86,14962.0,0.0,0.0,6.922,6.964,7.0145,14372.6,18099.3,20372.4,0.11
2016-12-23 14:30:00,6.9,6.92,6.88,6.85,14345.9,-0.02,-0.29,6.944,6.985,7.022,13333.4,17560.5,20568.1,0.1
2016-12-23 14:00:00,6.95,6.96,6.9,6.87,20278.0,-0.05,-0.72,6.968,7.005,7.029,15394.1,16863.5,20733.4,0.15
2016-12-23 13:30:00,6.97,7.0,6.95,6.94,13589.0,-0.02,-0.29,6.984,7.021,7.037,15703.7,16008.0,21174.9,0.1
2016-12-23 11:30:00,7.0,7.01,6.99,6.96,8688.0,-0.01,-0.14,6.994,7.03,7.0405,20705.4,17070.9,22971.6,0.06
2016-12-23 11:00:00,7.0,7.03,7.0,6.98,9766.0,0.0,0.0,7.006,7.043,7.035,21826.0,18790.9,24150.5,0.07
2016-12-23 10:30:00,6.97,7.04,7.0,6.97,24649.7,0.03,0.43,7.026,7.055,7.03,21787.6,20814.2,24880.9,0.18
2016-12-23 10:00:00,7.0,7.05,6.98,6.96,21825.6,-0.02,-0.29,7.042,7.062,7.0285,18332.8,21116.6,24819.3,0.16
2016-12-22 15:00:00,7.06,7.06,7.0,6.98,38597.8,-0.06,-0.85,7.058,7.066,7.0285,16312.4,21824.1,24676.8,0.28
2016-12-22 14:30:00,7.1,7.1,7.05,7.04,14291.1,-0.05,-0.7,7.066,7.067,7.0255,13436.4,21197.0,23199.3,0.1
2016-12-22 14:00:00,7.07,7.1,7.1,7.07,9574.0,0.03,0.42,7.08,7.065,7.0195,15755.7,22645.6,23629.0,0.07
2016-12-22 13:30:00,7.06,7.08,7.08,7.05,7375.75,0.02,0.28,7.084,7.059,7.014,19840.8,23575.6,24668.1,0.05
2016-12-22 11:30:00,7.04,7.07,7.06,7.0,11723.4,0.02,0.28,7.082,7.053,7.008,23900.3,24603.2,26341.9,0.09
2016-12-22 11:00:00,7.12,7.13,7.04,7.03,24217.9,-0.08,-1.12,7.074,7.053,7.002,27335.7,26341.8,27196.2,0.18
2016-12-22 10:30:00,7.12,7.15,7.12,7.1,25887.6,0.0,0.0,7.068,7.051,6.998,28957.6,28872.3,27213.1,0.19
2016-12-22 10:00:00,7.05,7.13,7.12,7.02,29999.5,0.07,0.99,7.05,7.027,6.987,29535.4,29510.1,26862.1,0.22
2016-12-21 15:00:00,7.02,7.07,7.07,7.01,27673.1,0.05,0.71,7.034,7.005,6.978,27310.4,28947.5,26017.7,0.2
2016-12-21 14:30:00,7.01,7.03,7.02,6.99,28900.4,0.01,0.14,7.024,6.995,6.9735,25306.1,28522.0,25196.4,0.21
2016-12-21 14:00:00,7.03,7.04,7.01,6.99,32327.6,-0.02,-0.28,7.032,6.991,6.9695,25347.9,27529.6,26439.8,0.23
2016-12-21 13:30:00,7.04,7.06,7.03,7.02,28776.6,-0.01,-0.14,7.034,6.984,6.964,28786.9,25201.6,27564.9,0.21
2016-12-21 11:30:00,7.02,7.07,7.04,7.01,18874.2,0.02,0.28,7.004,6.974,6.9515,29484.7,24612.3,27619.6,0.14
2016-12-21 11:00:00,7.06,7.07,7.02,7.0,17651.8,-0.04,-0.57,6.976,6.969,6.9335,30584.6,25760.5,27567.4,0.13
2016-12-21 10:30:00,7.03,7.07,7.06,7.02,29109.1,0.03,0.43,6.966,6.963,6.919,31737.9,28080.6,27042.5,0.21
2016-12-21 10:00:00,6.87,7.07,7.02,6.87,49523.0,0.15,2.18,6.95,6.951,6.902,29711.3,28050.7,26676.3,0.36
2016-12-20 15:00:00,6.9,6.91,6.88,6.82,32265.5,-0.02,-0.29,6.934,6.945,6.882,21616.3,25553.8,24850.7,0.23
2016-12-20 14:30:00,6.97,6.97,6.9,6.89,24373.6,-0.07,-1.0,6.944,6.947,6.87,19740.0,24214.2,24065.0,0.18
2016-12-20 14:00:00,6.98,7.0,6.97,6.94,23418.5,-0.01,-0.14,6.962,6.951,6.8595,20936.5,23087.8,23417.5,0.17
2016-12-20 13:30:00,6.95,6.99,6.98,6.94,18975.8,0.03,0.43,6.96,6.952,6.8455,24423.3,21870.7,22543.0,0.14
2016-12-20 11:30:00,6.93,6.97,6.94,6.93,9048.0,0.01,0.14,6.952,6.948,6.832,26390.2,25350.1,22249.6,0.07
2016-12-20 11:00:00,6.99,6.99,6.93,6.92,22884.0,-0.06,-0.86,6.956,6.944,6.8205,29491.4,29928.2,24359.3,0.17
2016-12-20 10:30:00,6.96,7.02,6.99,6.94,30356.0,0.03,0.43,6.95,6.929,6.8055,28688.4,30626.8,24718.2,0.22
2016-12-20 10:00:00,6.94,7.05,6.96,6.93,40852.8,0.02,0.29,6.94,6.898,6.7895,25239.2,29374.2,24367.8,0.3
2016-12-19 15:00:00,6.94,6.95,6.94,6.89,28810.0,0.0,0.0,6.944,6.875,6.7745,19318.1,26004.5,23247.8,0.21
2016-12-19 14:30:00,6.9,6.97,6.96,6.89,24554.0,0.06,0.87,6.944,6.853,6.763,24310.0,25302.0,22356.3,0.18
2016-12-19 14:00:00,6.94,6.95,6.9,6.87,18869.1,-0.04,-0.58,6.932,6.819,6.751,30364.9,24147.7,21758.4,0.14
2016-12-19 13:30:00,6.98,7.0,6.94,6.93,13110.2,-0.04,-0.57,6.908,6.793,6.741,32565.3,23915.8,21857.2,0.1
2016-12-19 11:30:00,6.93,6.99,6.98,6.93,11247.0,0.05,0.72,6.856,6.768,6.7255,33509.1,23747.2,22212.8,0.08
2016-12-19 11:00:00,6.9,7.05,6.94,6.89,53769.5,0.04,0.58,6.806,6.739,6.71,32690.9,23215.2,23243.4,0.39
2016-12-19 10:30:00,6.78,6.93,6.9,6.73,54828.9,0.12,1.77,6.762,6.716,6.697,26294.0,19149.2,21318.4,0.4
2016-12-19 10:00:00,6.69,6.79,6.78,6.67,29871.0,0.09,1.35,6.706,6.697,6.6885,17930.4,18790.5,19609.2,0.22
2016-12-16 15:00:00,6.73,6.73,6.68,6.64,17829.3,-0.05,-0.74,6.678,6.682,6.6855,15266.4,18809.5,18701.9,0.13
2016-12-16 14:30:00,6.72,6.73,6.73,6.69,7155.66,0.01,0.15,6.68,6.681,6.6845,13985.3,19361.4,18568.0,0.05
2016-12-16 14:00:00,6.62,6.74,6.72,6.61,21784.9,0.1,1.51,6.672,6.674,6.679,13739.6,20491.2,19613.7,0.16
2016-12-16 13:30:00,6.64,6.64,6.62,6.61,13011.0,-0.02,-0.3,6.67,6.673,6.6745,12004.4,19410.7,20047.0,0.09
2016-12-16 11:30:00,6.69,6.7,6.64,6.61,16551.0,-0.05,-0.75,6.688,6.683,6.6795,19650.7,19369.1,20395.6,0.12
2016-12-16 11:00:00,6.69,6.71,6.69,6.68,11424.0,0.0,0.0,6.686,6.689,6.6835,22352.7,19798.6,21459.0,0.08
2016-12-16 10:30:00,6.7,6.74,6.69,6.69,5927.0,-0.01,-0.15,6.682,6.683,6.6835,24737.4,20678.3,22583.5,0.04
2016-12-16 10:00:00,6.65,6.75,6.71,6.65,13109.0,0.06,0.9,6.676,6.681,6.6835,27242.9,23271.6,23691.9,0.1
2016-12-15 15:00:00,6.63,6.71,6.71,6.59,51242.3,0.08,1.21,6.676,6.678,6.6825,26817.1,23487.7,24382.4,0.37
2016-12-15 14:30:00,6.67,6.68,6.63,6.58,30061.1,-0.04,-0.6,6.678,6.68,6.679,19087.6,20427.9,22433.1,0.22
2016-12-15 14:00:00,6.66,6.69,6.67,6.63,23347.7,0.01,0.15,6.692,6.689,6.6795,17244.5,18594.4,21206.8,0.17
2016-12-15 13:30:00,6.71,6.72,6.66,6.64,18454.3,-0.05,-0.75,6.684,6.688,6.678,16619.2,17774.7,20906.1,0.13
2016-12-15 11:30:00,6.71,6.75,6.71,6.7,10980.0,0.0,0.0,6.686,6.684,6.675,19300.3,18736.2,22407.8,0.08
2016-12-15 11:00:00,6.7,6.74,6.72,6.68,12595.0,0.02,0.3,6.68,6.676,6.673,20158.3,20683.2,25016.0,0.09
2016-12-15 10:30:00,6.63,6.7,6.7,6.62,20845.7,0.07,1.06,6.682,6.676,6.679,21768.1,21422.0,25855.9,0.15
2016-12-15 10:00:00,6.6,6.68,6.63,6.57,20220.9,0.03,0.45,6.686,6.678,6.6855,19944.2,23119.4,26604.2,0.15
2016-12-14 15:00:00,6.68,6.7,6.67,6.6,31860.0,-0.01,-0.15,6.692,6.684,6.6995,18930.2,24488.8,26925.1,0.23
2016-12-14 14:30:00,6.73,6.73,6.68,6.68,15270.0,-0.05,-0.74,6.682,6.686,6.713,18172.1,24112.2,26626.4,0.11
2016-12-14 14:00:00,6.72,6.76,6.73,6.7,20644.0,0.01,0.15,6.672,6.687,6.7255,21208.1,25277.1,27227.1,0.15
2016-12-14 13:30:00,6.66,6.72,6.72,6.65,11726.0,0.06,0.9,6.67,6.678,6.7345,21075.9,24438.4,28906.5,0.09
2016-12-14 11:30:00,6.62,6.68,6.66,6.6,15151.0,0.04,0.6,6.67,6.67,6.749,26294.7,23819.3,29729.4,0.11
2016-12-14 11:00:00,6.63,6.64,6.62,6.55,28069.4,-0.01,-0.15,6.676,6.668,6.771,30047.4,24037.4,30738.4,0.2
2016-12-14 10:30:00,6.71,6.72,6.63,6.57,30450.0,-0.08,-1.19,6.69,6.666,6.7915,30052.3,26079.5,32219.4,0.22
2016-12-14 10:00:00,6.69,6.78,6.72,6.69,19983.0,0.03,0.45,6.702,6.67,6.815,29346.1,29348.7,32034.9,0.15
2016-12-13 15:00:00,6.68,6.74,6.72,6.65,37820.0,0.04,0.6,6.686,6.682,6.8375,27800.9,30289.9,32007.5,0.27
2016-12-13 14:30:00,6.69,6.71,6.69,6.65,33914.4,0.0,0.0,6.67,6.693,6.861,21343.9,30088.9,31716.7,0.25
2016-12-13 14:00:00,6.7,6.74,6.69,6.66,28094.0,-0.01,-0.15,6.66,6.715,6.8865,18027.5,29361.4,33663.6,0.2
2016-12-13 13:30:00,6.64,6.72,6.69,6.63,26919.2,0.05,0.75,6.642,6.74,6.907,22106.7,29140.5,33247.3,0.2
2016-12-13 11:30:00,6.65,6.68,6.64,6.61,12257.1,-0.01,-0.15,6.638,6.764,6.927,29351.3,29177.0,33059.9,0.09
2016-12-13 11:00:00,6.63,6.66,6.64,6.63,5534.91,0.01,0.15,6.678,6.791,6.951,32778.8,33374.7,34478.8,0.04
2016-12-13 10:30:00,6.65,6.67,6.64,6.6,17332.4,-0.01,-0.15,6.716,6.828,6.977,38833.9,35639.6,35954.5,0.13
2016-12-13 10:00:00,6.7,6.72,6.6,6.5,48490.0,-0.1,-1.49,6.77,6.874,7.0025,40695.2,37439.5,36957.5,0.35
2016-12-12 15:00:00,6.84,6.86,6.67,6.65,63142.0,-0.17,-2.49,6.838,6.917,7.0255,36174.3,38359.3,36680.6,0.46
2016-12-12 14:30:00,6.84,6.92,6.84,6.81,29394.7,0.0,0.0,6.89,6.96,7.0485,29002.8,34721.0,34387.1,0.21
2016-12-12 14:00:00,6.94,6.95,6.83,6.81,35810.2,-0.11,-1.59,6.904,6.993,7.0615,33970.6,33725.2,35175.4,0.26
2016-12-12 13:30:00,6.94,6.95,6.91,6.91,26639.0,-0.03,-0.43,6.94,7.029,7.077,32445.3,33344.4,34920.0,0.19
2016-12-12 11:30:00,6.94,6.98,6.94,6.91,25885.7,0.0,0.0,6.978,7.058,7.0915,34183.7,37965.9,35086.2,0.19
2016-12-12 11:00:00,6.91,6.95,6.93,6.89,27284.5,0.02,0.29,6.996,7.074,7.106,40544.2,37354.0,35970.0,0.2
2016-12-12 10:30:00,7.01,7.02,6.91,6.9,54233.4,-0.1,-1.43,7.03,7.09,7.12,40439.2,36942.7,35307.3,0.39
2016-12-12 10:00:00,7.11,7.14,7.01,7.01,28183.7,-0.1,-1.41,7.082,7.111,7.136,33479.8,35582.9,34143.7,0.2
2016-12-09 15:00:00,7.03,7.13,7.1,7.03,35331.4,0.07,1.0,7.118,7.126,7.149,34243.6,36269.5,35399.1,0.26
2016-12-09 14:30:00,7.1,7.1,7.03,7.0,57688.1,-0.07,-0.99,7.138,7.131,7.1565,41748.0,36475.6,35273.6,0.42
2016-12-09 14:00:00,7.17,7.17,7.1,7.05,26759.6,-0.07,-0.98,7.152,7.134,7.163,34163.8,35002.0,32995.1,0.19
2016-12-09 13:30:00,7.19,7.22,7.17,7.16,19436.0,-0.02,-0.28,7.15,7.137,7.1635,33446.2,34053.2,32456.9,0.14
2016-12-09 11:30:00,7.26,7.26,7.19,7.17,32003.1,-0.07,-0.96,7.14,7.13,7.1625,37686.0,36625.6,33313.6,0.23
2016-12-09 11:00:00,7.1,7.29,7.2,7.09,72853.1,0.1,1.41,7.134,7.125,7.159,38295.3,36495.5,33983.3,0.53
2016-12-09 10:30:00,7.09,7.16,7.1,7.08,19767.0,0.01,0.14,7.124,7.125,7.1575,31203.3,32206.5,31744.8,0.14
2016-12-09 10:00:00,7.1,7.13,7.09,7.05,23171.6,-0.01,-0.14,7.116,7.138,7.1675,35840.3,34585.9,32023.8,0.17
2016-12-08 15:00:00,7.16,7.21,7.12,7.11,40635.0,-0.04,-0.56,7.124,7.15,7.1715,34660.2,33672.0,31600.8,0.29
2016-12-08 14:30:00,7.13,7.2,7.16,7.13,35049.8,0.03,0.42,7.12,7.161,7.174,35565.3,32704.6,30205.3,0.25
2016-12-08 14:00:00,7.05,7.17,7.15,7.03,37393.0,0.1,1.42,7.116,7.172,7.172,34695.7,34528.7,29437.6,0.27
2016-12-08 13:30:00,7.11,7.12,7.06,7.01,42952.0,-0.05,-0.7,7.126,7.182,7.1725,33209.8,34071.6,28977.8,0.31
2016-12-08 11:30:00,7.1,7.13,7.13,7.09,17271.0,0.03,0.42,7.16,7.192,7.182,33331.6,30988.3,30452.4,0.13
2016-12-08 11:00:00,7.14,7.15,7.1,7.03,45160.9,-0.04,-0.56,7.176,7.19,7.188,32683.8,30860.6,32887.2,0.33
2016-12-08 10:30:00,7.2,7.22,7.14,7.13,30701.6,-0.06,-0.83,7.202,7.195,7.1945,29843.8,30001.5,33197.5,0.22
2016-12-08 10:00:00,7.25,7.25,7.2,7.16,29963.3,-0.05,-0.69,7.228,7.193,7.202,34361.7,31471.1,35274.3,0.22
2016-12-07 15:00:00,7.21,7.25,7.23,7.19,43561.0,0.02,0.28,7.238,7.19,7.2065,34933.3,31283.1,36895.4,0.32
2016-12-07 14:30:00,7.23,7.24,7.21,7.19,14032.1,-0.02,-0.28,7.224,7.197,7.207,28645.0,29461.6,37383.6,0.1
2016-12-07 14:00:00,7.26,7.27,7.23,7.21,30961.0,-0.03,-0.41,7.204,7.193,7.207,29037.3,29529.6,40951.3,0.22
2016-12-07 13:30:00,7.25,7.31,7.27,7.22,53291.0,0.02,0.28,7.188,7.187,7.2035,30159.1,27706.0,43278.2,0.39
2016-12-07 11:30:00,7.15,7.26,7.25,7.15,32821.6,0.1,1.4,7.158,7.172,7.193,28580.6,24346.6,44914.1,0.24
2016-12-07 11:00:00,7.11,7.16,7.16,7.1,12119.1,0.05,0.7,7.142,7.163,7.173,27632.9,23884.0,45581.2,0.09
2016-12-07 10:30:00,7.15,7.16,7.11,7.1,15994.0,-0.04,-0.56,7.17,7.172,7.16,30278.2,29916.6,47217.6,0.12
2016-12-07 10:00:00,7.11,7.22,7.15,7.09,36570.0,0.04,0.56,7.182,7.186,7.153,30021.8,34913.8,47766.2,0.27
2016-12-06 15:00:00,7.18,7.19,7.12,7.09,45398.2,-0.06,-0.84,7.186,7.194,7.143,25252.8,36393.4,48777.4,0.33
2016-12-06 14:30:00,7.29,7.3,7.17,7.16,28083.4,-0.12,-1.65,7.186,7.211,7.1355,20112.6,39077.4,47946.8,0.2
2016-12-06 14:00:00,7.17,7.3,7.3,7.15,25345.6,0.13,1.81,7.184,7.223,7.129,20135.0,42507.6,48403.1,0.18
2016-12-06 13:30:00,7.17,7.2,7.17,7.12,14712.0,0.0,0.0,7.174,7.217,7.1165,29554.9,45305.6,49286.1,0.11
2016-12-06 11:30:00,7.13,7.18,7.17,7.12,12725.0,0.04,0.56,7.19,7.221,7.112,39805.7,52372.9,54030.4,0.09
2016-12-06 11:00:00,7.16,7.18,7.12,7.12,19697.0,-0.04,-0.56,7.202,7.22,7.094,47534.0,58850.4,54202.6,0.14
2016-12-06 10:30:00,7.25,7.28,7.16,7.15,28195.6,-0.09,-1.24,7.236,7.214,7.0795,58042.2,65481.6,54444.6,0.2
2016-12-06 10:00:00,7.14,7.33,7.25,7.13,72445.1,0.11,1.54,7.262,7.183,7.063,64880.1,67278.4,54226.7,0.53
2016-12-05 15:00:00,7.23,7.27,7.25,7.15,65965.6,0.02,0.28,7.26,7.148,7.042,61056.2,64518.6,51698.0,0.48
2016-12-05 14:30:00,7.28,7.31,7.23,7.21,51366.9,-0.05,-0.69,7.252,7.12,7.022,64940.2,60618.7,49646.3,0.37
2016-12-05 14:00:00,7.29,7.35,7.29,7.27,72237.7,0.0,0.0,7.238,7.092,7.002,70166.7,61161.4,48253.1,0.52
2016-12-05 13:30:00,7.23,7.34,7.29,7.22,62385.1,0.06,0.83,7.192,7.06,6.978,72921.1,56816.3,46482.5,0.45
2016-12-05 11:30:00,7.21,7.26,7.24,7.18,53326.0,0.03,0.42,7.104,7.035,6.953,69676.8,54298.7,44703.6,0.39
2016-12-05 11:00:00,7.16,7.32,7.21,7.16,85385.4,0.05,0.7,7.036,7.016,6.927,67981.0,53266.6,43753.8,0.62
2016-12-05 10:30:00,7.06,7.21,7.16,7.05,77499.2,0.1,1.42,6.988,7.003,6.9,56297.3,55687.9,40401.7,0.56
2016-12-05 10:00:00,6.9,7.11,7.06,6.83,86009.8,0.16,2.32,6.946,6.968,6.878,52156.2,49554.8,37929.0,0.62
2016-12-02 15:00:00,6.9,6.96,6.85,6.84,46163.4,-0.05,-0.72,6.928,6.945,6.8605,40711.4,43407.5,35167.0,0.34
2016-12-02 14:30:00,6.96,6.97,6.9,6.87,44847.4,-0.06,-0.86,6.966,6.943,6.8505,38920.6,41175.0,34123.0,0.33
2016-12-02 14:00:00,6.96,6.98,6.97,6.93,26966.5,0.01,0.14,6.996,6.936,6.839,38552.1,38877.4,33187.4,0.2
2016-12-02 13:30:00,6.97,7.0,6.95,6.9,56793.7,-0.02,-0.29,7.018,6.924,6.826,55078.6,38673.8,33210.4,0.41
2016-12-02 11:30:00,7.03,7.06,6.97,6.96,28786.2,-0.06,-0.85,6.99,6.912,6.8145,46953.4,35344.7,32627.7,0.21
2016-12-02 11:00:00,7.05,7.06,7.04,6.95,37209.0,-0.01,-0.14,6.962,6.896,6.7715,46103.6,36148.7,32266.1,0.27
2016-12-02 10:30:00,7.08,7.08,7.05,7.02,43005.0,-0.03,-0.42,6.92,6.871,6.7245,43429.4,35108.6,30911.4,0.31
2016-12-02 10:00:00,6.82,7.13,7.08,6.79,109599.0,0.26,3.81,6.876,6.838,6.6775,39202.7,34241.0,29199.9,0.8
2016-12-01 15:00:00,6.83,6.84,6.81,6.81,16168.0,-0.02,-0.29,6.83,6.797,6.6295,22269.0,25115.4,24022.5,0.12
2016-12-01 14:30:00,6.83,6.84,6.83,6.8,24537.0,0.0,0.0,6.834,6.788,6.595,23736.0,26303.1,23499.7,0.18
2016-12-01 14:00:00,6.83,6.84,6.83,6.8,23838.1,0.0,0.0,6.83,6.776,6.5585,26193.9,26926.4,23072.2,0.17
2016-12-01 13:30:00,6.85,6.86,6.83,6.81,21872.0,-0.02,-0.29,6.822,6.758,6.5225,26787.8,27071.1,23386.1,0.16
2016-12-01 11:30:00,6.83,6.85,6.85,6.79,24930.0,0.02,0.29,6.8,6.742,6.487,29279.3,27497.4,22956.5,0.18
2016-12-01 11:00:00,6.81,6.85,6.83,6.79,23503.0,0.02,0.29,6.764,6.728,6.4495,27961.8,27747.0,22614.5,0.17
2016-12-01 10:30:00,6.79,6.83,6.81,6.78,36826.2,0.02,0.29,6.742,6.717,6.413,28870.2,29910.7,22448.4,0.27
2016-12-01 10:00:00,6.75,6.8,6.79,6.72,26807.7,0.04,0.59,6.722,6.647,6.3765,27658.9,28383.4,20806.8,0.19
2016-11-30 15:00:00,6.67,6.72,6.72,6.63,34329.4,0.05,0.75,6.694,6.578,6.3405,27354.4,26714.3,19866.9,0.25
2016-11-30 14:30:00,6.72,6.73,6.67,6.64,18342.9,-0.05,-0.74,6.684,6.517,6.309,25715.4,24158.9,18846.9,0.13
2016-11-30 14:00:00,6.71,6.77,6.72,6.7,28044.7,0.01,0.15,6.692,6.462,6.281,27532.3,22929.6,19219.7,0.2
2016-11-30 13:30:00,6.64,6.77,6.71,6.63,30769.9,0.07,1.05,6.692,6.402,6.248,30951.2,20696.4,18609.6,0.22
2016-11-30 11:30:00,6.67,6.73,6.65,6.63,25285.2,-0.02,-0.3,6.572,6.341,6.2165,29107.9,19218.0,17732.3,0.18
2016-11-30 11:00:00,6.72,6.73,6.67,6.65,26134.5,-0.05,-0.74,6.462,6.287,6.1875,26074.1,19701.1,16995.8,0.19
2016-11-30 10:30:00,6.73,6.75,6.71,6.69,27427.0,-0.02,-0.3,6.35,6.232,6.1575,22602.3,18415.6,16598.5,0.2
2016-11-30 10:00:00,6.76,6.83,6.72,6.7,45139.3,-0.04,-0.59,6.232,6.171,6.1255,18326.9,17481.9,15752.0,0.33
2016-10-13 15:00:00,6.11,6.12,6.11,6.09,21553.7,0.0,0.0,6.112,6.109,6.094,10441.6,14986.2,14050.0,0.16
2016-10-13 14:30:00,6.11,6.13,6.1,6.1,10116.1,-0.01,-0.16,6.11,6.106,6.092,9327.97,13230.3,14281.9,0.07
2016-10-13 14:00:00,6.12,6.13,6.11,6.1,8775.19,-0.01,-0.16,6.112,6.103,6.092,13328.0,13019.5,15853.2,0.06
2016-10-13 13:30:00,6.12,6.12,6.12,6.11,6050.13,0.0,0.0,6.114,6.101,6.0925,14228.9,13534.9,16367.6,0.04
2016-10-13 11:30:00,6.1,6.13,6.12,6.1,5712.85,0.02,0.33,6.11,6.1,6.093,16637.0,15509.8,18098.3,0.04
2016-10-13 11:00:00,6.11,6.12,6.1,6.09,15985.6,-0.01,-0.16,6.106,6.094,6.092,19530.8,16522.8,18910.1,0.12
2016-10-13 10:30:00,6.13,6.16,6.11,6.11,30116.4,-0.02,-0.33,6.102,6.092,6.092,17132.6,16246.6,18588.6,0.22
2016-10-13 10:00:00,6.11,6.15,6.12,6.08,13279.3,0.01,0.16,6.094,6.088,6.0915,12711.0,14290.4,17563.8,0.1
2016-10-12 14:30:00,6.1,6.11,6.1,6.08,18090.7,0.0,0.0,6.088,6.083,6.0905,12841.0,14781.5,17639.3,0.13
2016-10-12 14:00:00,6.08,6.12,6.1,6.07,20181.9,0.02,0.33,6.09,6.08,6.0905,14382.6,14022.2,17702.4,0.15
2016-10-12 13:30:00,6.06,6.09,6.08,6.06,3994.46,0.02,0.33,6.082,6.079,6.091,13514.9,13113.8,20074.8,0.03
2016-10-12 11:30:00,6.09,6.1,6.07,6.06,8008.62,-0.02,-0.33,6.082,6.078,6.092,15360.6,15333.6,23716.9,0.06
2016-10-12 11:00:00,6.11,6.11,6.09,6.08,13929.3,-0.02,-0.33,6.082,6.081,6.085,15869.9,18687.0,24046.3,0.1
2016-10-12 10:30:00,6.06,6.12,6.11,6.05,25798.9,0.05,0.83,6.078,6.084,6.0775,16722.0,19200.2,24041.9,0.19
2016-10-12 10:00:00,6.02,6.08,6.06,6.02,15843.2,0.04,0.66,6.07,6.086,6.0685,13661.7,20686.8,23376.9,0.11
2016-10-11 15:00:00,6.06,6.09,6.08,6.06,13223.0,0.02,0.33,6.076,6.09,6.062,12712.6,21297.4,23095.1,0.1
2016-10-11 14:30:00,6.07,6.09,6.07,6.06,10555.0,0.0,0.0,6.074,6.092,6.053,15306.6,20930.7,22952.6,0.08
2016-10-11 14:00:00,6.07,6.08,6.07,6.05,18190.1,0.0,0.0,6.08,6.095,6.0445,21504.0,20837.2,22830.4,0.13
2016-10-11 13:30:00,6.09,6.09,6.07,6.07,10497.0,-0.02,-0.33,6.09,6.098,6.035,21678.4,20497.1,22565.1,0.08
2016-10-11 11:30:00,6.07,6.1,6.09,6.07,11098.0,0.02,0.33,6.102,6.101,6.027,27711.9,21382.6,23336.5,0.08
2016-10-11 11:00:00,6.09,6.12,6.07,6.07,26193.0,-0.02,-0.33,6.104,6.103,6.018,29882.2,27035.8,23349.6,0.19
2016-10-11 10:30:00,6.11,6.12,6.1,6.08,41542.0,-0.01,-0.16,6.11,6.106,6.0095,26554.8,32100.3,22360.5,0.3
2016-10-11 10:00:00,6.15,6.15,6.12,6.1,19062.2,-0.03,-0.49,6.11,6.089,5.9995,20170.4,29405.6,20881.5,0.14
2016-10-10 15:00:00,6.1,6.13,6.13,6.1,40664.5,0.03,0.49,6.106,6.071,5.9895,19315.7,28883.7,20214.8,0.3
2016-10-10 14:30:00,6.09,6.1,6.1,6.08,21949.3,0.01,0.16,6.1,6.051,5.979,15053.3,26067.1,18774.8,0.16
2016-10-10 14:00:00,6.1,6.11,6.1,6.09,9556.0,0.0,0.0,6.102,6.034,5.97,24189.4,24892.8,18495.7,0.07
2016-10-10 13:30:00,6.11,6.11,6.1,6.09,9620.06,-0.01,-0.16,6.102,6.014,5.9605,37645.8,24974.5,19586.8,0.07
2016-10-10 11:30:00,6.1,6.12,6.1,6.1,14788.9,0.0,0.0,6.068,5.994,5.951,38640.7,24823.6,19904.9,0.11
2016-10-10 11:00:00,6.11,6.12,6.1,6.09,19352.1,-0.01,-0.16,6.036,5.972,5.9405,38451.6,24633.1,19740.1,0.14
2016-10-10 10:30:00,6.09,6.15,6.11,6.06,67629.7,0.02,0.33,6.002,5.953,5.9305,37080.9,25290.3,19297.1,0.49
2016-10-10 10:00:00,5.96,6.1,6.1,5.96,76838.0,0.14,2.35,5.966,5.933,5.92,25596.3,19663.5,16136.5,0.56
2016-09-30 14:30:00,5.94,5.94,5.93,5.92,14594.8,-0.01,-0.17,5.926,5.913,5.91,12303.3,12620.8,12911.0,0.11
2016-09-30 14:00:00,5.93,5.94,5.94,5.92,13843.2,0.01,0.17,5.92,5.91,5.9085,11006.5,12357.5,12836.1,0.1
2016-09-30 13:30:00,5.93,5.94,5.93,5.92,12498.7,0.0,0.0,5.908,5.908,5.907,10814.6,11545.9,12926.0,0.09
2016-09-30 11:30:00,5.9,5.93,5.93,5.9,10206.8,0.03,0.51,5.904,5.907,5.9075,13499.8,11482.6,14247.6,0.07
2016-09-30 11:00:00,5.9,5.91,5.9,5.89,10372.8,0.0,0.0,5.9,5.906,5.9075,13730.6,12098.6,16973.9,0.08
2016-09-30 10:30:00,5.88,5.91,5.9,5.88,8110.93,0.02,0.34,5.9,5.907,5.9035,12938.3,14199.0,17008.8,0.06
2016-09-30 10:00:00,5.9,5.91,5.88,5.87,12883.6,-0.02,-0.34,5.9,5.908,5.899,13708.4,14986.2,16797.1,0.09
2016-09-29 15:00:00,5.91,5.92,5.91,5.88,25924.9,0.0,0.0,5.908,5.909,5.896,12277.3,14847.0,16580.2,0.19
2016-09-29 14:30:00,5.9,5.91,5.91,5.89,11361.0,0.01,0.17,5.91,5.908,5.8905,9465.4,13303.9,17291.2,0.08
2016-09-29 14:00:00,5.9,5.91,5.9,5.89,6411.0,0.0,0.0,5.912,5.907,5.884,10466.7,12609.4,17113.1,0.05
2016-09-29 13:30:00,5.92,5.93,5.9,5.89,11961.7,-0.02,-0.34,5.914,5.907,5.878,15459.7,13201.3,17222.7,0.09
2016-09-29 11:30:00,5.92,5.93,5.92,5.91,5728.0,0.0,0.0,5.916,5.907,5.872,16263.9,13314.8,17074.7,0.04
2016-09-29 11:00:00,5.93,5.93,5.92,5.9,11865.3,-0.01,-0.17,5.91,5.906,5.864,17416.8,14306.0,17782.5,0.09
2016-09-29 10:30:00,5.91,5.93,5.92,5.9,16367.3,0.01,0.17,5.906,5.908,5.857,17142.5,17012.7,17730.8,0.12
2016-09-29 10:00:00,5.91,5.95,5.91,5.9,31376.2,0.0,0.0,5.902,5.909,5.851,14752.2,21849.2,17330.3,0.23
2016-09-28 15:00:00,5.89,5.91,5.91,5.87,15982.7,0.02,0.34,5.9,5.9,5.8445,10942.9,19818.5,16278.3,0.12
2016-09-28 14:30:00,5.9,5.9,5.89,5.87,11492.4,-0.01,-0.17,5.898,5.89,5.84,10365.8,18608.0,15610.0,0.08
2016-09-28 14:00:00,5.89,5.9,5.9,5.88,10493.8,0.01,0.17,5.902,5.883,5.836,11195.3,18313.3,15498.6,0.08
2016-09-28 13:30:00,5.9,5.9,5.9,5.89,4416.0,0.0,0.0,5.91,5.873,5.831,16882.9,21278.4,15648.2,0.03
2016-09-28 11:30:00,5.91,5.91,5.9,5.87,12329.5,-0.01,-0.17,5.916,5.861,5.8255,28946.2,21616.7,16478.1,0.09
2016-09-28 11:00:00,5.91,5.92,5.9,5.89,13097.0,-0.01,-0.17,5.9,5.849,5.822,28694.2,21244.1,16375.5,0.1
2016-09-28 10:30:00,5.94,5.94,5.91,5.9,15640.0,-0.03,-0.51,5.882,5.837,5.8185,26850.3,20834.5,16060.6,0.11
2016-09-28 10:00:00,5.92,5.95,5.94,5.9,38932.0,0.02,0.34,5.864,5.822,5.8155,25431.3,21259.0,15666.1,0.28
2016-09-27 15:00:00,5.82,5.93,5.93,5.81,64732.3,0.11,1.89,5.836,5.806,5.8105,25673.9,18448.9,13823.5,0.47
2016-09-27 14:30:00,5.8,5.82,5.82,5.77,11069.6,0.02,0.34,5.806,5.793,5.8065,14287.2,12811.5,10792.1,0.08
2016-09-27 14:00:00,5.82,5.82,5.81,5.79,3877.63,-0.01,-0.17,5.798,5.789,5.807,13794.1,12738.1,10612.9,0.03
2016-09-27 13:30:00,5.8,5.83,5.82,5.79,8544.99,0.02,0.34,5.792,5.79,5.8095,14818.8,12612.0,10961.0,0.06
2016-09-27 11:30:00,5.78,5.86,5.8,5.78,40145.2,0.02,0.35,5.78,5.789,5.8115,17086.7,12683.9,11084.8,0.29
2016-09-27 11:00:00,5.78,5.79,5.78,5.76,7798.48,0.0,0.0,5.776,5.789,5.814,11223.9,10017.9,9539.09,0.06
2016-09-27 10:30:00,5.78,5.79,5.78,5.76,8604.23,0.0,0.0,5.78,5.79,5.8175,11335.8,11339.5,9478.6,0.06
2016-09-27 10:00:00,5.75,5.79,5.78,5.75,9001.0,0.03,0.52,5.78,5.795,5.8215,11682.0,11506.8,9368.3,0.07
2016-09-26 15:00:00,5.78,5.79,5.76,5.75,19884.6,-0.02,-0.35,5.788,5.8,5.8255,10405.2,11286.7,9146.27,0.14
2016-09-26 14:30:00,5.8,5.8,5.78,5.77,10831.4,-0.02,-0.34,5.798,5.809,5.8315,8281.18,10073.1,8549.49,0.08
2016-09-26 14:00:00,5.79,5.8,5.8,5.77,8357.67,0.01,0.17,5.802,5.815,5.836,8811.91,9198.1,8906.57,0.06
2016-09-26 13:30:00,5.8,5.82,5.78,5.77,10335.4,-0.02,-0.34,5.8,5.82,5.8405,11343.3,8772.63,9360.23,0.08
2016-09-26 11:30:00,5.82,5.82,5.82,5.8,2617.0,0.0,0.0,5.81,5.825,5.8435,11331.6,8487.8,9804.31,0.02
2016-09-26 11:00:00,5.8,5.82,5.81,5.79,9264.48,0.01,0.17,5.812,5.829,5.8435,12168.1,9310.0,10140.7,0.07
2016-09-26 10:30:00,5.78,5.83,5.8,5.77,13485.0,0.02,0.35,5.82,5.834,5.8435,11865.1,9485.56,9906.87,0.1
2016-09-26 10:00:00,5.83,5.85,5.79,5.76,21014.4,-0.04,-0.69,5.828,5.839,5.8445,9584.29,9060.26,9434.71,0.15
2016-09-23 15:00:00,5.83,5.84,5.83,5.82,10277.0,0.0,0.0,5.84,5.845,5.8465,6202.0,7617.68,9297.2,0.07
2016-09-23 14:30:00,5.85,5.85,5.83,5.82,6799.7,-0.02,-0.34,5.84,5.848,5.8465,5644.02,7229.8,9123.82,0.05
2016-09-23 14:00:00,5.84,5.85,5.85,5.83,7749.3,0.01,0.17,5.846,5.851,5.846,6451.88,7005.88,9161.82,0.06
2016-09-23 13:30:00,5.85,5.85,5.84,5.83,2081.0,-0.01,-0.17,5.848,5.854,5.843,7106.04,7025.85,9122.0,0.02
2016-09-23 11:30:00,5.83,5.85,5.85,5.83,4103.0,0.02,0.34,5.85,5.857,5.8415,8536.24,8615.05,9531.94,0.03
2016-09-23 11:00:00,5.86,5.86,5.83,5.83,7487.09,-0.03,-0.51,5.85,5.861,5.8385,9033.36,9947.83,9704.54,0.05
2016-09-23 10:30:00,5.86,5.88,5.86,5.85,10839.0,0.0,0.0,5.856,5.862,5.836,8815.57,11120.8,9663.82,0.08
2016-09-23 10:00:00,5.86,5.87,5.86,5.84,11020.1,0.0,0.0,5.856,5.858,5.8325,7559.89,10971.4,9406.02,0.08
2016-09-22 15:00:00,5.85,5.87,5.85,5.85,9232.0,0.0,0.0,5.86,5.853,5.829,6945.67,10328.2,9148.52,0.07
2016-09-22 14:30:00,5.86,5.87,5.85,5.84,6588.59,-0.01,-0.17,5.864,5.85,5.825,8693.87,9809.16,9054.42,0.05
2016-09-22 14:00:00,5.86,5.87,5.86,5.85,6398.22,0.0,0.0,5.872,5.848,5.821,10862.3,10976.7,9253.42,0.05
2016-09-22 13:30:00,5.87,5.88,5.86,5.86,4560.54,-0.01,-0.17,5.868,5.845,5.8165,13426.1,11017.8,9287.46,0.03
2016-09-22 11:30:00,5.87,5.88,5.88,5.86,7949.0,0.01,0.17,5.86,5.841,5.8125,14382.9,11317.8,9780.98,0.06
2016-09-22 11:00:00,5.89,5.89,5.87,5.86,17973.0,-0.02,-0.34,5.846,5.832,5.807,13710.7,11218.2,9970.54,0.13
2016-09-22 10:30:00,5.83,5.89,5.89,5.83,17430.8,0.06,1.03,5.836,5.826,5.801,10924.4,10448.8,9342.4,0.13
2016-09-22 10:00:00,5.85,5.87,5.84,5.81,19217.0,-0.01,-0.17,5.824,5.816,5.7935,11091.1,9461.25,8750.13,0.14
2016-09-21 15:00:00,5.81,5.82,5.82,5.8,9344.75,0.01,0.17,5.822,5.81,5.79,8609.6,8206.82,7968.58,0.07
2016-09-21 14:30:00,5.82,5.83,5.81,5.8,4588.0,-0.01,-0.17,5.822,5.807,5.787,8252.6,7840.64,8010.99,0.03
2016-09-21 14:00:00,5.83,5.84,5.82,5.82,4041.66,-0.01,-0.17,5.818,5.805,5.784,8725.6,7968.84,8075.64,0.03
2016-09-21 13:30:00,5.83,5.84,5.83,5.8,18264.3,0.0,0.0,5.816,5.8,5.781,9973.21,8299.68,8432.56,0.13
2016-09-21 11:30:00,5.82,5.84,5.83,5.81,6809.27,0.01,0.17,5.808,5.794,5.777,7831.35,7530.1,8179.09,0.05
2016-09-21 11:00:00,5.8,5.83,5.82,5.79,7559.76,0.02,0.34,5.798,5.788,5.772,7804.04,7557.08,8941.37,0.05
2016-09-21 10:30:00,5.8,5.81,5.79,5.78,6953.0,-0.01,-0.17,5.792,5.784,5.767,7428.68,8244.2,8969.6,0.05
2016-09-21 10:00:00,5.78,5.82,5.81,5.77,10279.7,0.03,0.52,5.792,5.782,5.7645,7212.08,8722.92,9311.14,0.07
2016-09-20 15:00:00,5.79,5.8,5.79,5.78,7555.0,0.0,0.0,5.784,5.776,5.761,6626.14,8235.99,9022.35,0.05
2016-09-20 14:30:00,5.79,5.8,5.78,5.77,6672.72,-0.01,-0.17,5.78,5.771,5.7585,7228.86,8039.01,8829.94,0.05
2016-09-20 14:00:00,5.79,5.79,5.79,5.78,5683.0,0.0,0.0,5.778,5.77,5.757,7310.12,7730.33,8659.91,0.04
2016-09-20 13:30:00,5.78,5.79,5.79,5.77,5870.0,0.01,0.17,5.776,5.767,5.7555,9059.72,8181.33,8721.57,0.04
2016-09-20 11:30:00,5.78,5.79,5.77,5.77,7350.0,-0.01,-0.17,5.772,5.763,5.7535,10233.8,8182.43,8929.15,0.05
2016-09-20 11:00:00,5.77,5.78,5.77,5.76,10568.6,0.0,0.0,5.768,5.762,5.753,9845.83,8565.44,9141.3,0.08
2016-09-20 10:30:00,5.79,5.79,5.77,5.76,7079.0,-0.02,-0.35,5.762,5.76,5.752,8849.15,8828.07,8805.44,0.05
2016-09-20 10:00:00,5.78,5.8,5.78,5.76,14431.0,0.0,0.0,5.762,5.756,5.7515,8150.54,10325.6,8748.51,0.1
2016-09-19 15:00:00,5.75,5.77,5.77,5.75,11740.2,0.02,0.35,5.758,5.75,5.7495,7302.95,9695.0,8444.86,0.09
2016-09-19 14:30:00,5.74,5.76,5.75,5.74,5410.35,0.01,0.17,5.754,5.747,5.748,6131.11,9899.35,8535.01,0.04
2016-09-19 14:00:00,5.77,5.77,5.74,5.74,5585.19,-0.03,-0.52,5.756,5.746,5.748,7285.04,9808.72,8431.3,0.04
2016-09-19 13:30:00,5.76,5.77,5.77,5.76,3586.0,0.01,0.17,5.758,5.746,5.749,8807.0,9620.88,8542.84,0.03
2016-09-19 11:30:00,5.75,5.77,5.76,5.74,10193.0,0.01,0.17,5.75,5.744,5.7485,12500.8,9589.48,9247.47,0.07
2016-09-19 11:00:00,5.76,5.77,5.75,5.74,5881.0,-0.01,-0.17,5.742,5.744,5.7465,12087.1,9261.8,9853.52,0.04
2016-09-19 10:30:00,5.75,5.78,5.76,5.75,11180.0,0.01,0.17,5.74,5.744,5.7455,13667.6,9675.87,10272.9,0.08
2016-09-19 10:00:00,5.72,5.78,5.75,5.72,13195.0,0.03,0.52,5.736,5.744,5.744,12332.4,9717.17,10249.9,0.1
2016-09-14 15:00:00,5.72,5.73,5.73,5.7,22054.8,0.01,0.17,5.734,5.744,5.7455,10434.8,8782.81,10514.0,0.16
2016-09-14 14:30:00,5.74,5.74,5.72,5.71,8124.49,-0.02,-0.35,5.738,5.747,5.749,6678.2,7171.36,10293.7,0.06
2016-09-14 14:00:00,5.74,5.75,5.74,5.72,13783.7,0.0,0.0,5.746,5.749,5.7545,6436.55,7194.72,10369.2,0.1
2016-09-14 13:30:00,5.74,5.74,5.74,5.73,4504.0,0.0,0.0,5.748,5.749,5.7585,5684.14,7170.67,10175.5,0.03
2016-09-14 11:30:00,5.75,5.75,5.74,5.74,3706.8,-0.01,-0.17,5.752,5.75,5.7625,7101.94,7053.87,11511.6,0.03
2016-09-14 11:00:00,5.76,5.76,5.75,5.74,3272.0,-0.01,-0.17,5.754,5.752,5.7705,7130.87,7464.79,12392.4,0.02
2016-09-14 10:30:00,5.75,5.76,5.76,5.73,6916.22,0.01,0.17,5.756,5.753,5.779,7664.53,8905.46,13002.0,0.05
2016-09-14 10:00:00,5.74,5.76,5.75,5.71,10021.7,0.01,0.17,5.752,5.749,5.788,7952.88,10445.2,13175.3,0.07
2016-09-13 15:00:00,5.75,5.77,5.76,5.74,11593.0,0.01,0.17,5.75,5.747,5.799,8657.2,10869.9,13601.8,0.08
2016-09-13 14:30:00,5.76,5.76,5.75,5.74,3851.43,-0.01,-0.17,5.748,5.744,5.808,7005.8,10782.7,13647.6,0.03
2016-09-13 14:00:00,5.74,5.76,5.76,5.73,5940.29,0.02,0.35,5.75,5.747,5.8165,7798.72,12245.1,13852.6,0.04
2016-09-13 13:30:00,5.74,5.75,5.74,5.72,8358.0,0.0,0.0,5.75,5.751,5.825,10146.4,13416.1,13993.4,0.06
2016-09-13 11:30:00,5.75,5.75,5.74,5.72,13543.3,-0.01,-0.17,5.746,5.76,5.835,12937.6,13543.6,14648.7,0.1
2016-09-13 11:00:00,5.77,5.77,5.75,5.75,3336.0,-0.02,-0.35,5.744,5.768,5.8445,13082.5,13180.3,14835.3,0.02
2016-09-13 10:30:00,5.76,5.77,5.76,5.74,7816.0,0.0,0.0,5.74,5.775,5.853,14559.5,15969.3,15022.2,0.06
2016-09-13 10:00:00,5.78,5.78,5.76,5.73,17678.7,-0.02,-0.35,5.744,5.789,5.861,16691.6,17320.1,15036.7,0.13
2016-09-12 15:00:00,5.73,5.74,5.72,5.71,22314.0,-0.01,-0.17,5.752,5.805,5.8695,16685.8,17098.6,14522.9,0.16
2016-09-12 14:30:00,5.73,5.75,5.73,5.72,14268.0,0.0,0.0,5.774,5.827,5.879,14149.6,15905.4,13966.7,0.1
2016-09-12 14:00:00,5.78,5.78,5.73,5.72,10721.0,-0.05,-0.87,5.792,5.851,5.8875,13278.0,16333.7,14056.1,0.08
2016-09-12 13:30:00,5.8,5.8,5.78,5.74,18476.2,-0.02,-0.34,5.81,5.872,5.897,17379.0,16512.5,14573.0,0.13
2016-09-12 11:30:00,5.83,5.83,5.8,5.77,17650.0,-0.03,-0.51,5.834,5.886,5.904,17948.6,15460.2,14643.8,0.13
2016-09-12 11:00:00,5.82,5.83,5.83,5.81,9633.0,0.01,0.17,5.858,5.899,5.9105,17511.3,14570.8,14633.1,0.07
2016-09-12 10:30:00,5.82,5.84,5.82,5.81,9910.0,0.0,0.0,5.88,5.91,5.917,17661.2,15753.9,14575.6,0.07
2016-09-12 10:00:00,5.83,5.86,5.82,5.8,31225.9,-0.01,-0.17,5.91,5.921,5.924,19389.3,16490.3,14473.5,0.23
