2017-04-21,9.364,8.544,7.723
2017-04-20,9.336,8.590,7.843
2017-04-19,9.301,8.625,7.949
2017-04-18,9.193,8.675,8.157
2017-04-17,8.980,8.727,8.473
2017-04-14,9.015,8.750,8.484
2017-04-13,9.024,8.756,8.487
2017-04-12,9.044,8.762,8.479
2017-04-11,9.059,8.773,8.486
2017-04-10,9.058,8.774,8.490
2017-04-07,9.072,8.767,8.461
2017-04-06,9.075,8.754,8.432
2017-04-05,9.068,8.739,8.410
2017-03-31,9.066,8.729,8.391
2017-03-30,9.136,8.705,8.273
2017-03-29,9.203,8.681,8.158
2017-03-28,9.236,8.644,8.051
2017-03-27,9.234,8.593,7.951
2017-03-24,9.242,8.532,7.821
2017-03-23,9.262,8.488,7.713
2017-03-22,9.261,8.434,7.607
2017-03-21,9.235,8.400,7.565
2017-03-20,9.227,8.360,7.492
2017-03-17,9.207,8.313,7.418
2017-03-16,9.186,8.255,7.323
2017-03-15,9.082,8.192,7.301
2017-03-14,8.994,8.136,7.277
2017-03-13,8.856,8.090,7.324
2017-03-10,8.714,8.044,7.374
2017-03-09,8.601,8.001,7.401
2017-03-08,8.532,7.975,7.418
2017-03-07,8.438,7.942,7.446
2017-03-06,8.317,7.910,7.503
2017-03-03,8.172,7.885,7.597
2017-03-02,8.166,7.883,7.600
2017-03-01,8.154,7.876,7.597
2017-02-28,8.135,7.865,7.595
2017-02-27,8.139,7.867,7.594
2017-02-24,8.148,7.877,7.606
2017-02-23,8.170,7.865,7.559
2017-02-22,8.192,7.854,7.515
2017-02-21,8.175,7.834,7.492
2017-02-20,8.218,7.810,7.401
2017-02-17,8.275,7.781,7.287
2017-02-16,8.313,7.763,7.212
2017-02-15,8.320,7.745,7.169
2017-02-14,8.318,7.734,7.149
2017-02-13,8.276,7.710,7.144
2017-02-10,8.245,7.692,7.138
2017-02-09,8.231,7.670,7.108
2017-02-08,8.194,7.645,7.095
2017-02-07,8.177,7.615,7.052
2017-02-06,8.147,7.581,7.015
2017-02-03,8.101,7.530,6.959
2017-01-26,8.025,7.482,6.938
2017-01-25,8.006,7.434,6.862
2017-01-24,7.973,7.390,6.806
2017-01-23,7.879,7.339,6.799
2017-01-20,7.775,7.285,6.795
2017-01-19,7.747,7.257,6.767
2017-01-18,7.718,7.235,6.751
2017-01-17,7.668,7.197,6.726
2017-01-16,7.658,7.178,6.698
2017-01-13,7.680,7.154,6.627
2017-01-12,7.691,7.129,6.567
2017-01-11,7.678,7.093,6.508
2017-01-10,7.628,7.053,6.478
2017-01-09,7.546,7.007,6.467
2017-01-06,7.449,6.982,6.514
2017-01-05,7.398,6.968,6.537
2017-01-04,7.340,6.956,6.571
2017-01-03,7.314,6.949,6.583
2016-12-30,7.314,6.949,6.583
2016-12-29,7.306,6.940,6.573
2016-12-28,7.288,6.925,6.562
2016-12-27,7.290,6.916,6.541
2016-12-26,7.289,6.906,6.522
2016-12-23,7.283,6.901,6.519
2016-12-22,7.283,6.892,6.500
2016-12-21,7.275,6.887,6.498
2016-12-20,7.256,6.874,6.491
2016-12-19,7.255,6.863,6.471
2016-12-16,7.248,6.851,6.454
2016-12-15,7.266,6.840,6.414
2016-12-14,7.285,6.827,6.368
2016-12-13,7.313,6.810,6.307
2016-12-12,7.333,6.792,6.251
2016-12-09,7.344,6.778,6.212
2016-12-08,7.328,6.734,6.139
2016-12-07,7.295,6.687,6.079
2016-12-06,7.239,6.630,6.020
2016-12-05,7.174,6.583,5.992
2016-12-02,7.059,6.531,6.002
2016-12-01,7.025,6.497,5.969
2016-11-30,6.990,6.466,5.941
2016-11-29,6.965,6.440,5.914
2016-11-28,6.929,6.418,5.906
2016-11-25,6.853,6.386,5.919
2016-11-24,6.817,6.355,5.892
2016-11-16,6.719,6.315,5.911
2016-11-15,6.628,6.280,5.931
2016-11-14,6.559,6.250,5.941
2016-11-11,6.469,6.214,5.958
2016-11-10,6.431,6.193,5.955
2016-11-09,6.391,6.177,5.963
2016-11-08,6.370,6.167,5.963
2016-11-07,6.341,6.153,5.965
2016-11-04,6.294,6.140,5.986
2016-11-03,6.300,6.126,5.951
2016-11-02,6.305,6.111,5.917
2016-11-01,6.315,6.103,5.890
2016-10-31,6.310,6.089,5.867
2016-10-28,6.324,6.067,5.809
2016-10-27,6.321,6.049,5.777
2016-10-26,6.310,6.033,5.755
2016-10-25,6.297,6.014,5.731
2016-10-24,6.258,5.989,5.720
2016-10-21,6.219,5.965,5.710
2016-10-20,6.216,5.948,5.679
2016-10-19,6.202,5.931,5.659
2016-10-18,6.188,5.912,5.636
2016-10-17,6.168,5.903,5.638
2016-10-14,6.164,5.901,5.638
2016-10-13,6.150,5.895,5.640
2016-10-12,6.121,5.886,5.650
2016-10-11,6.081,5.872,5.663
2016-10-10,6.046,5.859,5.672
2016-09-30,5.984,5.845,5.705
2016-09-29,5.980,5.843,5.706
2016-09-28,5.980,5.843,5.706
2016-09-27,5.980,5.843,5.706
2016-09-26,5.977,5.842,5.707
2016-09-23,5.985,5.851,5.716
2016-09-22,6.040,5.865,5.689
2016-09-21,6.041,5.866,5.690
2016-09-20,6.041,5.866,5.691
2016-09-19,6.040,5.869,5.698
2016-09-14,6.039,5.874,5.709
2016-09-13,6.033,5.881,5.729
2016-09-12,6.029,5.888,5.747
2016-09-09,6.014,5.895,5.775
2016-09-08,6.022,5.887,5.752
2016-09-07,6.032,5.876,5.719
2016-09-06,6.034,5.865,5.695
2016-09-05,6.034,5.854,5.674
2016-09-02,6.041,5.846,5.650
2016-09-01,6.053,5.836,5.619
2016-08-31,6.062,5.825,5.588
2016-08-30,6.062,5.811,5.559
2016-08-29,6.058,5.795,5.532
2016-08-26,6.057,5.776,5.495
2016-08-25,6.046,5.761,5.476
2016-08-24,6.025,5.748,5.471
2016-08-23,5.949,5.726,5.504
2016-08-22,5.953,5.727,5.502
2016-08-19,5.954,5.728,5.502
2016-08-18,5.953,5.728,5.502
2016-08-17,5.956,5.728,5.501
2016-08-16,5.960,5.729,5.499
2016-08-15,5.964,5.730,5.497
2016-08-12,5.979,5.734,5.490
2016-08-11,6.022,5.748,5.474
2016-08-10,6.049,5.761,5.473
2016-08-09,6.078,5.775,5.472
2016-08-08,6.100,5.787,5.475
2016-08-05,6.107,5.797,5.487
2016-08-04,6.110,5.808,5.507
2016-08-03,6.111,5.821,5.532
2016-08-02,6.118,5.839,5.560
2016-08-01,6.112,5.854,5.597
2016-07-29,6.081,5.868,5.655
2016-07-28,6.070,5.871,5.672
2016-07-27,6.065,5.872,5.680
2016-07-26,6.076,5.869,5.663
2016-07-25,6.090,5.855,5.621
2016-07-22,6.109,5.841,5.574
2016-07-21,6.140,5.822,5.504
2016-07-20,6.140,5.806,5.472
2016-07-19,6.133,5.793,5.454
2016-07-18,6.124,5.775,5.427
2016-07-15,6.106,5.762,5.418
2016-07-14,6.070,5.742,5.415
2016-07-13,6.043,5.723,5.403
2016-07-12,6.002,5.705,5.409
2016-07-11,5.965,5.684,5.404
2016-07-08,5.944,5.666,5.388
2016-07-07,5.934,5.663,5.392
2016-07-06,5.938,5.664,5.390
2016-07-05,5.900,5.655,5.410
2016-07-04,5.872,5.648,5.425
2016-07-01,5.864,5.646,5.428
2016-06-30,5.868,5.648,5.429
2016-06-29,5.873,5.650,5.428
2016-06-28,5.875,5.645,5.415
2016-06-27,5.876,5.641,5.406
2016-06-24,5.877,5.640,5.403
2016-06-23,5.870,5.645,5.420
2016-06-22,5.870,5.644,5.418
2016-06-21,5.869,5.641,5.414
2016-06-20,5.869,5.640,5.412
2016-06-17,5.868,5.633,5.399
2016-06-16,5.868,5.627,5.387
2016-06-15,5.877,5.635,5.393
2016-06-14,5.893,5.642,5.391
2016-06-13,5.897,5.650,5.403
2016-06-08,5.900,5.661,5.422
2016-06-07,5.909,5.663,5.418
2016-06-06,5.914,5.664,5.415
2016-06-03,5.941,5.671,5.402
2016-06-02,6.013,5.687,5.362
2016-06-01,6.139,5.715,5.292
2016-05-31,6.242,5.745,5.249
2016-05-30,6.336,5.775,5.215
2016-05-27,6.385,5.810,5.235
2016-05-26,6.422,5.842,5.262
2016-05-25,6.460,5.875,5.291
2016-05-24,6.503,5.912,5.322
2016-05-23,6.522,5.944,5.367
2016-05-20,6.546,5.977,5.409
2016-05-19,6.553,6.012,5.471
2016-05-18,6.549,6.048,5.548
2016-05-17,6.630,6.109,5.589
2016-05-16,6.694,6.156,5.618
2016-05-13,6.785,6.207,5.629
2016-05-12,6.866,6.266,5.666
2016-05-11,6.928,6.324,5.721
2016-05-10,6.968,6.372,5.776
2016-05-09,7.021,6.421,5.821
2016-05-06,7.069,6.472,5.876
2016-05-05,7.270,6.543,5.817
2016-05-04,7.400,6.597,5.794
2016-05-03,7.508,6.650,5.792
2016-04-29,7.537,6.681,5.825
2016-04-28,7.531,6.704,5.876
2016-04-27,7.520,6.730,5.940
2016-04-26,7.509,6.755,6.002
2016-04-25,7.505,6.782,6.059
2016-04-22,7.508,6.827,6.146
2016-04-21,7.502,6.868,6.234
2016-04-20,7.483,6.912,6.342
2016-04-19,7.447,6.957,6.467
2016-04-18,7.445,6.964,6.483
2016-04-15,7.437,6.972,6.506
2016-04-14,7.438,6.970,6.503
2016-04-13,7.506,6.998,6.491
2016-04-12,7.563,7.026,6.488
2016-04-11,7.601,7.054,6.507
2016-04-08,7.641,7.079,6.517
2015-12-17,7.716,7.112,6.508
2015-12-16,7.720,7.113,6.506
2015-12-15,7.730,7.117,6.503
2015-12-14,7.725,7.115,6.504
2015-12-11,7.761,7.139,6.516
2015-12-10,7.747,7.166,6.585
2015-12-09,7.749,7.201,6.653
2015-12-08,7.751,7.239,6.726
2015-12-07,7.748,7.269,6.789
2015-12-04,7.750,7.277,6.803
2015-12-03,7.748,7.284,6.820
2015-12-02,7.749,7.284,6.818
2015-12-01,7.761,7.273,6.784
2015-11-30,7.801,7.260,6.718
2015-11-27,7.837,7.248,6.658
2015-11-26,7.835,7.249,6.662
2015-11-25,7.819,7.223,6.627
2015-11-24,7.799,7.197,6.595
2015-11-23,7.782,7.184,6.585
2015-11-20,7.768,7.176,6.585
2015-11-19,7.711,7.154,6.597
2015-11-18,7.664,7.135,6.607
2015-11-17,7.626,7.107,6.588
2015-11-16,7.638,7.111,6.584
2015-11-13,7.622,7.106,6.590
2015-11-12,7.624,7.107,6.590
2015-11-11,7.603,7.099,6.596
2015-11-10,7.552,7.070,6.589
2015-11-09,7.505,7.051,6.598
2015-11-06,7.486,7.041,6.596
2015-11-05,7.478,7.013,6.549
2015-11-04,7.492,6.984,6.477
2015-11-03,7.544,6.953,6.362
2015-11-02,7.584,6.935,6.287
2015-10-30,7.593,6.930,6.267
2015-10-29,7.607,6.911,6.216
2015-10-28,7.605,6.894,6.183
2015-10-27,7.607,6.871,6.136
2015-10-26,7.584,6.843,6.103
2015-10-23,7.535,6.805,6.076
2015-10-22,7.505,6.762,6.020
2015-10-21,7.465,6.717,5.969
2015-10-20,7.449,6.693,5.938
2015-10-19,7.381,6.615,5.850
2015-10-16,7.267,6.559,5.852
2015-10-15,7.205,6.544,5.883
2015-10-14,7.117,6.523,5.930
2015-10-13,7.147,6.531,5.915
2015-10-12,7.091,6.514,5.938
2015-10-09,7.007,6.478,5.950
2015-10-08,6.997,6.449,5.901
2015-09-30,6.995,6.447,5.900
2015-09-29,7.139,6.495,5.852
2015-09-28,7.317,6.556,5.795
2015-09-25,7.340,6.573,5.807
2015-09-24,7.342,6.578,5.815
2015-09-23,7.430,6.612,5.794
2015-09-22,7.721,6.692,5.663
2015-09-21,8.239,6.813,5.388
2015-09-18,8.682,6.945,5.208
2015-09-17,9.122,7.102,5.082
2015-09-16,9.378,7.238,5.099
2015-09-15,9.834,7.418,5.002
2015-09-14,10.117,7.612,5.108
2015-09-11,10.384,7.792,5.200
2015-09-10,10.582,7.921,5.261
2015-09-09,10.761,8.057,5.354
2015-09-08,10.894,8.174,5.455
2015-09-07,10.929,8.281,5.633
2015-09-02,10.883,8.391,5.900
2015-09-01,10.767,8.512,6.258
2015-08-31,10.677,8.620,6.564
2015-08-28,10.639,8.658,6.678
2015-08-27,10.612,8.696,6.780
2015-08-26,10.492,8.770,7.049
2015-08-25,10.261,8.867,7.474
2015-08-24,10.187,8.891,7.595
2015-08-21,10.178,8.897,7.617
2015-08-20,10.186,8.903,7.621
2015-08-19,10.222,8.920,7.618
2015-08-18,10.208,8.914,7.620
2015-08-17,10.198,8.903,7.609
2015-08-14,10.033,8.839,7.646
2015-08-13,9.912,8.792,7.672
2015-08-12,9.761,8.707,7.654
2015-08-11,9.684,8.621,7.558
2015-08-10,9.548,8.576,7.604
2015-08-07,9.428,8.518,7.609
2015-08-06,9.452,8.450,7.449
2015-08-05,9.595,8.364,7.133
2015-08-04,9.801,8.248,6.695
2015-08-03,9.851,8.141,6.432
2015-07-31,9.857,8.103,6.350
2015-07-30,9.844,8.090,6.337
2015-07-29,9.900,8.118,6.336
2015-07-28,10.112,8.185,6.259
2015-07-27,10.598,8.346,6.094
2015-07-24,10.849,8.449,6.050
2015-07-23,11.278,8.565,5.852
2015-07-22,11.961,8.725,5.490
2015-07-21,12.757,8.930,5.104
2015-07-20,13.385,9.147,4.910
2015-07-17,13.927,9.365,4.803
2015-07-16,14.726,9.652,4.578
2015-07-15,15.503,9.992,4.481
2015-07-14,16.068,10.327,4.587
2015-07-13,16.792,10.673,4.555
2015-07-10,17.601,11.088,4.576
2015-07-09,18.211,11.533,4.855
2015-07-08,18.547,11.986,5.425
2015-07-07,18.661,12.469,6.277
2015-07-06,18.649,12.933,7.218
2015-07-03,18.764,13.420,8.077
2015-07-02,18.858,13.887,8.916
2015-07-01,18.707,14.241,9.775
2015-06-30,18.452,14.474,10.495
2015-06-29,18.270,14.630,10.990
2015-06-26,17.927,14.756,11.585
2015-06-25,17.892,14.767,11.642
2015-06-24,17.937,14.744,11.551
2015-06-23,18.107,14.645,11.183
2015-06-19,18.255,14.555,10.856
2015-06-18,18.423,14.450,10.477
2015-06-17,18.539,14.265,9.991
2015-06-16,18.621,14.037,9.454
2015-06-15,18.686,13.828,8.971
2015-06-12,18.607,13.550,8.494
2015-06-11,18.330,13.213,8.096
2015-06-10,17.972,12.899,7.827
2015-06-09,17.624,12.621,7.618
2015-06-08,17.231,12.325,7.419
2015-06-05,16.760,12.039,7.319
2015-06-04,15.910,11.675,7.441
2015-06-03,14.747,11.285,7.823
2015-06-02,13.758,10.988,8.219
2015-06-01,13.056,10.789,8.522
2015-05-29,12.372,10.649,8.927
2015-05-28,12.021,10.571,9.122
2015-05-27,12.013,10.569,9.126
2015-05-26,11.735,10.497,9.259
2015-05-25,11.608,10.448,9.288
2015-05-22,11.491,10.403,9.316
2015-05-21,11.449,10.387,9.325
2015-05-20,11.425,10.376,9.328
2015-05-19,11.422,10.373,9.324
2015-05-18,11.419,10.360,9.302
2015-05-15,11.440,10.389,9.338
2015-05-14,11.446,10.430,9.414
2015-05-13,11.446,10.436,9.426
2015-05-12,11.472,10.457,9.443
2015-05-11,11.476,10.491,9.506
2015-05-08,11.487,10.480,9.473
2015-05-07,11.505,10.472,9.439
2015-05-06,11.473,10.485,9.497
2015-05-05,11.486,10.475,9.465
2015-05-04,11.508,10.433,9.359
2015-04-30,11.424,10.343,9.263
2015-04-29,11.347,10.245,9.143
2015-04-28,11.150,10.121,9.092
2015-04-27,11.071,10.063,9.056
2015-04-24,11.030,10.020,9.011
2015-04-23,10.986,9.977,8.968
2015-04-22,10.924,9.904,8.884
2015-04-21,10.851,9.827,8.804
2015-04-20,10.866,9.744,8.623
2015-04-17,10.935,9.656,8.377
2015-04-16,10.862,9.546,8.231
2015-04-15,10.735,9.443,8.152
2015-04-14,10.662,9.356,8.050
2015-04-13,10.441,9.245,8.050
2015-04-10,10.218,9.134,8.050
2015-04-09,10.135,9.056,7.977
2015-04-08,10.108,8.986,7.865
2015-04-07,10.021,8.912,7.803
2015-04-03,9.899,8.835,7.772
2015-04-02,9.814,8.751,7.688
2015-04-01,9.748,8.670,7.592
2015-03-31,9.693,8.604,7.516
2015-03-30,9.665,8.535,7.405
2015-03-27,9.501,8.446,7.391
2015-03-26,9.308,8.353,7.398
2015-03-25,9.068,8.264,7.461
2015-03-24,8.913,8.192,7.471
2015-03-23,8.753,8.119,7.484
2015-03-20,8.714,8.058,7.401
2015-03-19,8.724,8.012,7.300
2015-03-18,8.707,7.958,7.209
2015-03-17,8.645,7.897,7.149
2015-03-16,8.569,7.847,7.124
2015-03-13,8.466,7.796,7.125
2015-03-12,8.385,7.749,7.112
2015-03-11,8.296,7.702,7.107
2015-03-10,8.236,7.661,7.085
2015-03-09,8.134,7.623,7.112
2015-03-06,8.005,7.578,7.150
2015-03-05,7.962,7.565,7.168
2015-03-04,7.955,7.563,7.171
2015-03-03,7.905,7.528,7.150
2015-03-02,7.912,7.495,7.079
2015-02-27,7.918,7.447,6.976
2015-02-26,7.892,7.438,6.983
2015-02-25,7.853,7.425,6.998
2015-02-17,7.818,7.411,7.005
2015-02-16,7.801,7.404,7.008
2015-02-13,7.803,7.406,7.009
2015-02-12,7.814,7.414,7.014
2015-02-11,7.869,7.438,7.007
2015-02-10,7.943,7.468,6.993
2015-02-09,7.987,7.486,6.986
2015-02-06,8.045,7.508,6.972
2015-02-05,8.056,7.519,6.982
2015-02-04,8.056,7.518,6.980
2015-02-03,8.078,7.538,6.998
2015-02-02,8.112,7.556,6.999
2015-01-30,8.139,7.579,7.018
2015-01-29,8.130,7.573,7.015
2015-01-21,8.115,7.566,7.017
2015-01-20,8.114,7.586,7.058
2015-01-19,8.182,7.643,7.104
2015-01-16,8.231,7.721,7.210
2015-01-15,8.377,7.769,7.160
2015-01-14,8.429,7.800,7.172
2015-01-13,8.501,7.847,7.194
2015-01-12,8.550,7.889,7.228
2015-01-09,8.565,7.926,7.286
2015-01-08,8.583,7.959,7.335
2015-01-07,8.583,7.959,7.335
2015-01-06,8.596,7.969,7.342
2015-01-05,8.615,7.950,7.285
2014-12-31,8.612,7.946,7.280
2014-12-30,8.609,7.958,7.306
2014-12-29,8.579,7.975,7.372
2014-12-26,8.653,7.943,7.234
2014-12-25,8.735,7.897,7.059
2014-12-24,8.773,7.859,6.945
2014-12-23,8.804,7.833,6.863
2014-12-22,8.834,7.799,6.765
2014-12-19,8.860,7.767,6.674
2014-12-18,8.853,7.693,6.534
2014-12-17,8.808,7.602,6.397
2014-12-16,8.719,7.504,6.289
2014-12-15,8.660,7.421,6.183
2014-12-12,8.542,7.329,6.117
2014-12-11,8.420,7.236,6.052
2014-12-10,8.300,7.148,5.996
2014-12-09,8.136,7.067,5.998
2014-12-08,8.043,7.001,5.960
2014-12-05,7.843,6.930,6.017
2014-12-04,7.778,6.890,6.003
2014-12-03,7.609,6.838,6.067
2014-12-02,7.395,6.782,6.170
2014-12-01,7.162,6.730,6.299
2014-11-28,7.108,6.700,6.292
2014-11-27,7.085,6.677,6.269
2014-11-26,7.026,6.646,6.267
2014-11-25,6.948,6.617,6.287
2014-11-24,6.878,6.590,6.302
2014-11-21,6.815,6.554,6.294
2014-11-20,6.816,6.527,6.239
2014-11-19,6.812,6.516,6.220
2014-11-18,6.863,6.532,6.201
2014-11-17,6.890,6.543,6.196
2014-11-14,6.919,6.555,6.192
2014-11-13,6.943,6.572,6.201
2014-11-12,6.988,6.596,6.205
2014-11-11,7.020,6.611,6.202
2014-11-10,7.049,6.629,6.210
2014-11-07,7.080,6.641,6.203
2014-11-06,7.100,6.651,6.203
2014-11-05,7.122,6.659,6.196
2014-11-04,7.191,6.679,6.168
2014-11-03,7.254,6.702,6.151
2014-10-31,7.316,6.737,6.158
2014-10-30,7.339,6.764,6.189
2014-10-29,7.342,6.784,6.226
2014-10-28,7.344,6.802,6.261
2014-10-27,7.341,6.823,6.305
2014-10-24,7.303,6.840,6.378
2014-10-23,7.233,6.863,6.493
2014-10-22,7.185,6.877,6.570
2014-10-21,7.236,6.852,6.468
2014-10-20,7.328,6.817,6.307
2014-10-17,7.354,6.792,6.230
2014-10-16,7.366,6.770,6.175
2014-10-15,7.363,6.741,6.120
2014-10-14,7.365,6.710,6.055
2014-10-13,7.370,6.674,5.978
2014-10-10,7.360,6.633,5.906
2014-10-09,7.349,6.595,5.841
2014-10-08,7.322,6.549,5.777
2014-09-30,7.242,6.494,5.747
2014-09-29,7.166,6.428,5.691
2014-09-26,7.055,6.362,5.669
2014-09-25,6.973,6.301,5.629
2014-09-24,6.895,6.255,5.616
2014-09-23,6.797,6.212,5.627
2014-09-22,6.678,6.170,5.661
2014-09-19,6.608,6.138,5.669
2014-09-18,6.532,6.092,5.653
2014-09-17,6.438,6.044,5.650
2014-09-16,6.422,6.005,5.589
2014-09-15,6.433,5.981,5.529
2014-09-12,6.402,5.949,5.497
2014-09-11,6.353,5.912,5.471
2014-09-10,6.286,5.881,5.476
2014-09-09,6.230,5.856,5.481
2014-09-05,6.189,5.835,5.481
2014-09-04,6.153,5.811,5.468
2014-09-03,6.111,5.787,5.462
2014-09-02,6.085,5.760,5.434
2014-09-01,6.042,5.733,5.424
2014-08-29,6.048,5.712,5.376
2014-08-28,6.055,5.686,5.316
2014-08-27,6.051,5.668,5.285
2014-08-26,6.034,5.635,5.235
2014-08-25,5.986,5.602,5.218
2014-08-22,5.919,5.569,5.218
2014-08-21,5.842,5.534,5.225
2014-08-20,5.843,5.504,5.165
2014-08-19,5.847,5.475,5.103
2014-08-18,5.878,5.443,5.008
2014-08-15,5.894,5.410,4.925
2014-08-14,5.884,5.375,4.866
2014-08-13,5.885,5.338,4.791
2014-08-12,5.854,5.295,4.736
2014-08-11,5.805,5.250,4.696
2014-08-08,5.741,5.206,4.672
2014-08-07,5.692,5.166,4.640
2014-08-06,5.640,5.120,4.600
2014-08-05,5.601,5.079,4.558
2014-08-04,5.539,5.039,4.540
2014-08-01,5.492,5.005,4.519
2014-07-31,5.452,4.978,4.505
2014-07-30,5.379,4.953,4.527
2014-07-29,5.337,4.937,4.536
2014-07-28,nan,nan,nan
2014-07-25,nan,nan,nan
2014-07-24,nan,nan,nan
2014-07-23,nan,nan,nan
2014-07-22,nan,nan,nan
2014-07-21,nan,nan,nan
2014-07-18,nan,nan,nan
2014-07-17,nan,nan,nan
2014-07-16,nan,nan,nan
2014-07-15,nan,nan,nan
2014-07-14,nan,nan,nan
2014-07-11,nan,nan,nan
2014-07-10,nan,nan,nan
2014-07-09,nan,nan,nan
2014-07-08,nan,nan,nan
2014-07-07,nan,nan,nan
2014-07-04,nan,nan,nan
2014-07-03,nan,nan,nan
2014-07-02,nan,nan,nan
