Not
2017-04-21,0.504,0.510,-0.006
2017-04-14,0.586,0.511,0.075
2017-04-07,0.587,0.493,0.094
2017-03-31,0.573,0.469,0.104
2017-03-24,0.568,0.443,0.125
2017-03-17,0.543,0.412,0.131
2017-03-10,0.500,0.379,0.120
2017-03-03,0.438,0.349,0.089
2017-02-24,0.415,0.327,0.088
2017-02-17,0.410,0.305,0.105
2017-02-10,0.423,0.279,0.144
2017-02-03,0.403,0.243,0.160
2017-01-26,0.349,0.203,0.146
2017-01-20,0.297,0.166,0.131
2017-01-13,0.258,0.134,0.125
2017-01-06,0.241,0.102,0.139
2016-12-30,0.193,0.068,0.125
2016-12-23,0.168,0.036,0.131
2016-12-16,0.148,0.004,0.144
2016-12-09,0.141,-0.032,0.173
2016-12-02,0.086,-0.076,0.162
2016-11-25,0.042,-0.116,0.158
2016-11-16,0.000,-0.156,0.156
2016-11-11,-0.063,-0.195,0.131
2016-11-04,-0.109,-0.228,0.118
2016-10-28,-0.141,-0.257,0.116
2016-10-21,-0.177,-0.286,0.110
2016-10-14,-0.208,-0.313,0.106
2016-09-30,-0.242,-0.340,0.098
2016-09-23,-0.270,-0.364,0.094
2016-09-14,-0.292,-0.388,0.096
2016-09-09,-0.306,-0.412,0.106
2016-09-02,-0.336,-0.438,0.102
2016-08-26,-0.362,-0.464,0.102
2016-08-19,-0.398,-0.489,0.092
2016-08-12,-0.432,-0.512,0.080
2016-08-05,-0.460,-0.532,0.072
2016-07-29,-0.476,-0.550,0.074
2016-07-22,-0.487,-0.568,0.081
2016-07-15,-0.519,-0.589,0.070
2016-07-08,-0.569,-0.606,0.037
2016-07-01,-0.610,-0.615,0.006
2016-06-24,-0.632,-0.617,-0.015
2016-06-17,-0.629,-0.613,-0.016
2016-06-08,-0.636,-0.609,-0.027
2016-06-03,-0.652,-0.602,-0.049
2016-05-27,-0.661,-0.590,-0.070
2016-05-20,-0.637,-0.573,-0.064
2016-05-13,-0.598,-0.557,-0.042
2016-05-06,-0.557,-0.546,-0.011
2016-04-29,-0.536,-0.543,0.007
2016-04-22,-0.513,-0.545,0.032
2016-04-15,-0.480,-0.553,0.073
2016-04-08,-0.488,-0.571,0.084
2015-12-17,-0.506,-0.592,0.087
2015-12-11,-0.579,-0.614,0.035
2015-12-04,-0.575,-0.623,0.047
2015-11-27,-0.605,-0.635,0.029
2015-11-20,-0.605,-0.642,0.036
2015-11-13,-0.681,-0.651,-0.030
2015-11-06,-0.726,-0.643,-0.083
2015-10-30,-0.775,-0.623,-0.152
2015-10-23,-0.783,-0.585,-0.199
2015-10-16,-0.819,-0.535,-0.284
2015-10-09,-0.859,-0.464,-0.395
2015-09-30,-0.842,-0.365,-0.477
2015-09-25,-0.768,-0.246,-0.523
2015-09-18,-0.678,-0.115,-0.563
2015-09-11,-0.540,0.025,-0.565
2015-09-02,-0.417,0.167,-0.584
2015-08-28,-0.170,0.313,-0.483
2015-08-21,0.006,0.433,-0.428
2015-08-14,0.078,0.540,-0.463
2015-08-07,0.090,0.656,-0.566
2015-07-31,0.196,0.797,-0.602
2015-07-24,0.391,0.948,-0.557
2015-07-17,0.546,1.087,-0.540
2015-07-10,0.767,1.222,-0.455
2015-07-03,1.171,1.336,-0.165
2015-06-26,1.621,1.377,0.244
2015-06-19,1.821,1.316,0.505
2015-06-12,1.880,1.190,0.690
2015-06-05,1.575,1.017,0.558
2015-05-29,1.117,0.877,0.240
2015-05-22,0.944,0.818,0.127
2015-05-15,0.896,0.786,0.110
2015-05-08,0.941,0.758,0.182
2015-04-30,0.991,0.713,0.278
2015-04-24,0.888,0.643,0.245
2015-04-17,0.822,0.582,0.240
2015-04-10,0.712,0.522,0.189
2015-04-03,0.631,0.475,0.156
2015-03-27,0.545,0.436,0.109
2015-03-20,0.430,0.409,0.022
2015-03-13,0.413,0.403,0.010
2015-03-06,0.376,0.401,-0.024
2015-02-27,0.366,0.407,-0.041
2015-02-17,0.368,0.417,-0.049
2015-02-13,0.379,0.429,-0.050
2015-02-06,0.412,0.442,-0.030
2015-01-30,0.443,0.449,-0.006
2015-01-21,0.447,0.451,-0.003
2015-01-16,0.495,0.452,0.043
2015-01-09,0.515,0.441,0.075
2014-12-31,0.536,0.422,0.114
2014-12-26,0.545,0.393,0.152
2014-12-19,0.526,0.356,0.170
2014-12-12,0.457,0.313,0.144
2014-12-05,0.352,0.277,0.075
2014-11-28,0.301,0.258,0.043
2014-11-21,0.286,0.247,0.038
2014-11-14,0.280,0.238,0.042
2014-11-07,0.299,0.227,0.072
2014-10-31,0.296,0.209,0.087
2014-10-24,0.309,0.188,0.122
2014-10-17,0.348,0.157,0.190
2014-10-10,0.333,0.110,0.224
2014-09-30,0.301,0.054,0.248
2014-09-26,0.227,-0.008,0.235
2014-09-19,0.143,-0.067,0.211
2014-09-12,0.070,-0.120,0.190
2014-09-05,0.008,-0.168,0.175
2014-08-29,-0.049,-0.211,0.163
2014-08-22,-0.093,-0.252,0.159
2014-08-15,-0.165,-0.292,0.127
2014-08-08,-0.217,-0.324,0.106
2014-08-01,-0.279,-0.350,0.071
2014-07-25,-0.322,-0.368,0.046
2014-07-18,-0.371,-0.379,0.008
2014-07-11,-0.394,-0.381,-0.012
2014-07-04,-0.401,-0.378,-0.023
2014-06-27,-0.402,-0.372,-0.030
2014-06-20,-0.402,-0.365,-0.037
2014-06-13,-0.384,-0.356,-0.028
2014-06-06,-0.381,-0.349,-0.032
2014-05-30,-0.364,-0.341,-0.023
2014-05-23,-0.355,-0.335,-0.020
2014-05-16,-0.343,-0.330,-0.013
2014-05-09,-0.330,-0.327,-0.003
2014-04-30,-0.317,-0.326,0.010
2014-04-25,-0.293,-0.329,0.035
2014-04-18,-0.283,-0.337,0.054
2014-04-11,-0.290,-0.351,0.061
2014-04-04,-0.308,-0.366,0.058
2014-03-28,-0.330,-0.381,0.050
2014-03-21,-0.361,-0.393,0.032
2014-03-14,-0.394,-0.401,0.007
2014-03-07,-0.380,-0.403,0.023
2014-02-28,-0.376,-0.409,0.033
2014-02-21,-0.370,-0.417,0.047
2014-02-14,-0.405,-0.429,0.025
2014-02-07,-0.430,-0.435,0.005
2014-01-30,-0.439,-0.437,-0.003
2014-01-24,-0.436,-0.436,-0.000
2014-01-17,-0.439,-0.436,-0.003
2014-01-10,-0.393,-0.435,0.042
2013-12-27,-0.337,-0.446,0.109
2013-12-20,-0.333,-0.473,0.140
2013-12-13,-0.351,-0.508,0.157
2013-12-06,-0.422,-0.547,0.125
2013-11-29,-0.513,-0.578,0.065
2013-11-22,-0.547,-0.595,0.048
2013-11-15,-0.571,-0.607,0.036
2013-11-08,-0.576,-0.615,0.039
2013-11-01,-0.569,-0.625,0.057
2013-10-25,-0.563,-0.640,0.077
2013-10-18,-0.550,-0.659,0.109
2013-10-11,-0.561,-0.686,0.125
2013-09-30,-0.598,-0.717,0.119
2013-09-27,-0.609,-0.747,0.138
2013-09-18,-0.612,-0.782,0.170
2013-09-13,-0.648,-0.824,0.176
2013-09-06,-0.723,-0.868,0.145
2013-08-30,-0.769,-0.905,0.135
2013-08-23,-0.850,-0.938,0.088
2013-08-16,-0.925,-0.960,0.035
2013-08-09,-0.996,-0.969,-0.027
2013-08-02,-1.038,-0.962,-0.076
2013-07-26,-1.049,-0.943,-0.106
2013-07-19,-1.062,-0.917,-0.146
2013-07-12,-1.034,-0.880,-0.154
2013-07-05,-0.992,-0.842,-0.150
2013-06-28,-0.941,-0.805,-0.137
2013-06-21,-0.834,-0.770,-0.064
2013-06-14,-0.777,-0.754,-0.022
2013-06-07,-0.742,-0.749,0.007
2013-05-31,-0.737,-0.751,0.014
2013-05-24,-0.762,-0.754,-0.008
2013-05-17,-0.770,-0.752,-0.018
2013-05-10,-0.793,-0.747,-0.045
2013-05-03,-0.778,-0.736,-0.042
2013-04-26,-0.734,-0.726,-0.009
2013-04-19,-0.673,-0.724,0.050
2013-04-12,-0.668,-0.736,0.068
2013-04-03,-0.663,-0.753,0.090
2013-03-29,-0.652,-0.776,0.124
2013-03-22,-0.627,-0.807,0.179
2013-03-15,-0.651,-0.852,0.201
2013-03-08,-0.640,-0.902,0.262
2013-03-01,-0.641,-0.967,0.327
2013-02-22,-0.680,-1.049,0.369
2013-02-08,-0.723,-1.141,0.418
2013-02-01,-0.847,-1.246,0.399
2013-01-25,-0.967,-1.345,0.378
2013-01-18,-1.045,-1.440,0.395
2013-01-11,-1.188,-1.539,0.351
2012-12-28,-1.299,-1.626,0.328
2012-12-21,-1.427,-1.708,0.281
2012-12-14,-1.533,-1.778,0.245
2012-12-07,-1.621,-1.840,0.218
2012-11-30,-1.682,-1.894,0.212
2012-11-23,-1.692,-1.947,0.255
2012-11-16,-1.713,-2.011,0.298
2012-11-09,-1.722,-2.086,0.364
2012-11-02,-1.786,-2.177,0.391
2012-10-26,-1.906,-2.274,0.369
2012-10-19,-1.983,-2.367,0.384
2012-10-12,-2.104,-2.462,0.358
2012-09-28,-2.201,-2.552,0.351
2012-09-21,-2.274,-2.640,0.366
2012-09-14,-2.316,-2.731,0.415
2012-09-07,-2.434,-2.835,0.401
2012-08-31,-2.550,-2.935,0.386
2012-08-24,-2.605,-3.032,0.427
2012-08-17,-2.720,-3.139,0.418
2012-08-10,-2.837,-3.243,0.406
2012-08-03,-3.012,-3.345,0.333
2012-07-27,-3.148,-3.428,0.280
2012-07-20,-3.298,-3.498,0.200
2012-07-13,-3.415,-3.548,0.132
2012-07-06,-3.515,-3.581,0.065
2012-06-29,-3.593,-3.597,0.004
2012-06-21,-3.630,-3.598,-0.031
2012-06-15,-3.706,-3.590,-0.116
2012-06-08,-3.740,-3.562,-0.179
2012-06-01,-3.756,-3.517,-0.240
2012-05-25,-3.825,-3.457,-0.368
2012-05-18,-3.889,-3.365,-0.524
2012-05-11,-3.893,-3.234,-0.659
2012-05-04,-3.915,-3.069,-0.846
2012-04-27,-3.959,-2.858,-1.102
2012-04-20,-3.843,-2.582,-1.260
2012-04-13,-3.644,-2.267,-1.376
2012-04-06,-3.283,-1.923,-1.359
2012-03-30,-2.751,-1.584,-1.167
2012-03-23,-1.985,-1.292,-0.693
2012-03-16,-1.131,-1.118,-0.012
2012-03-09,-0.074,-1.115,1.042
2012-03-02,-0.433,-1.376,0.943
2012-02-24,-0.761,-1.611,0.850
2012-02-17,-1.127,-1.824,0.697
2012-02-10,-1.351,-1.998,0.648
2012-02-03,-1.675,-2.160,0.485
2012-01-20,-2.028,-2.281,0.254
2012-01-13,-2.266,-2.345,0.079
2012-01-06,-2.311,-2.365,0.054
2011-12-30,-2.163,-2.378,0.215
2011-12-23,-2.208,-2.432,0.223
2011-12-16,-2.202,-2.488,0.285
2011-12-09,-2.376,-2.559,0.183
2011-12-02,-2.510,-2.605,0.095
2011-11-25,-2.619,-2.628,0.009
2011-11-18,-2.636,-2.630,-0.005
2011-11-11,-2.823,-2.629,-0.194
2011-11-04,-2.941,-2.581,-0.360
2011-10-28,-3.060,-2.491,-0.570
2011-10-21,-3.097,-2.348,-0.749
2011-10-14,-2.833,-2.161,-0.672
2011-09-30,-2.721,-1.993,-0.728
2011-09-23,-2.438,-1.811,-0.627
2011-09-16,-2.169,-1.654,-0.515
2011-09-09,-1.999,-1.526,-0.473
2011-09-02,-1.867,-1.407,-0.460
2011-08-26,-1.752,-1.292,-0.460
2011-08-19,-1.706,-1.177,-0.529
2011-08-12,-1.502,-1.045,-0.457
2011-08-05,-1.312,-0.931,-0.381
2011-07-29,-1.156,-0.836,-0.320
2011-07-22,-0.952,-0.756,-0.196
2011-07-15,-0.973,-0.707,-0.266
2011-07-08,-1.116,-0.640,-0.476
2011-07-01,-1.177,-0.521,-0.655
2011-06-24,-1.320,-0.357,-0.963
2011-06-17,-1.425,-0.117,-1.308
2011-06-10,-1.074,0.210,-1.284
2011-06-03,-0.807,0.531,-1.338
2011-05-27,-0.530,0.866,-1.395
2011-05-20,-0.079,1.214,-1.293
2011-05-13,0.158,1.538,-1.379
2011-05-06,0.476,1.883,-1.406
2011-04-29,0.977,2.234,-1.257
2011-04-21,1.306,2.549,-1.243
2011-04-15,1.660,2.859,-1.199
2011-04-08,2.124,3.159,-1.035
2011-04-01,2.463,3.418,-0.955
2011-03-25,2.972,3.657,-0.685
2011-03-18,nan,nan,nan
2011-03-11,nan,nan,nan
2011-03-04,nan,nan,nan
2011-02-25,nan,nan,nan
2011-02-18,nan,nan,nan
2011-02-11,nan,nan,nan
2011-02-01,nan,nan,nan
2011-01-28,nan,nan,nan
2011-01-21,nan,nan,nan
2011-01-14,nan,nan,nan
2011-01-07,nan,nan,nan
2010-12-31,nan,nan,nan
2010-12-24,nan,nan,nan
2010-12-17,nan,nan,nan
2010-12-10,nan,nan,nan
2010-12-03,nan,nan,nan
2010-11-26,nan,nan,nan
2010-11-19,nan,nan,nan
2010-11-12,nan,nan,nan
2010-11-05,nan,nan,nan
2010-10-29,nan,nan,nan
2010-10-22,nan,nan,nan
2010-10-15,nan,nan,nan
2010-10-08,nan,nan,nan
2010-09-30,nan,nan,nan
2010-09-21,nan,nan,nan
2010-09-17,nan,nan,nan
2010-09-10,nan,nan,nan
2010-09-03,nan,nan,nan
2010-08-27,nan,nan,nan
2010-08-20,nan,nan,nan
2010-08-13,nan,nan,nan
2010-08-06,nan,nan,nan
