Not
2017-04-21,-0.148,-0.008,-0.140
2017-04-20,-0.112,0.027,-0.140
2017-04-19,-0.077,0.062,-0.139
2017-04-18,-0.009,0.097,-0.106
2017-04-17,0.078,0.123,-0.045
2017-04-14,0.101,0.135,-0.034
2017-04-13,0.109,0.143,-0.034
2017-04-12,0.105,0.152,-0.047
2017-04-11,0.117,0.163,-0.047
2017-04-10,0.130,0.175,-0.045
2017-04-07,0.148,0.186,-0.038
2017-04-06,0.155,0.196,-0.041
2017-04-05,0.155,0.206,-0.051
2017-03-31,0.161,0.218,-0.057
2017-03-30,0.186,0.233,-0.047
2017-03-29,0.224,0.245,-0.020
2017-03-28,0.241,0.250,-0.009
2017-03-27,0.238,0.252,-0.014
2017-03-24,0.230,0.255,-0.026
2017-03-23,0.247,0.262,-0.015
2017-03-22,0.253,0.265,-0.012
2017-03-21,0.266,0.269,-0.002
2017-03-20,0.289,0.269,0.020
2017-03-17,0.308,0.264,0.043
2017-03-16,0.322,0.253,0.069
2017-03-15,0.308,0.236,0.072
2017-03-14,0.300,0.218,0.082
2017-03-13,0.273,0.197,0.076
2017-03-10,0.242,0.179,0.064
2017-03-09,0.219,0.163,0.056
2017-03-08,0.208,0.149,0.060
2017-03-07,0.188,0.134,0.054
2017-03-06,0.156,0.120,0.036
2017-03-03,0.113,0.111,0.001
2017-03-02,0.103,0.111,-0.008
2017-03-01,0.099,0.113,-0.014
2017-02-28,0.089,0.116,-0.027
2017-02-27,0.083,0.123,-0.040
2017-02-24,0.094,0.133,-0.040
2017-02-23,0.102,0.143,-0.041
2017-02-22,0.119,0.153,-0.034
2017-02-21,0.108,0.162,-0.054
2017-02-20,0.116,0.175,-0.060
2017-02-17,0.130,0.190,-0.060
2017-02-16,0.165,0.205,-0.041
2017-02-15,0.188,0.216,-0.027
2017-02-14,0.217,0.223,-0.006
2017-02-13,0.215,0.224,-0.009
2017-02-10,0.219,0.226,-0.007
2017-02-09,0.234,0.228,0.006
2017-02-08,0.238,0.226,0.012
2017-02-07,0.250,0.223,0.026
2017-02-06,0.256,0.217,0.039
2017-02-03,0.247,0.207,0.040
2017-01-26,0.230,0.197,0.032
2017-01-25,0.227,0.189,0.038
2017-01-24,0.222,0.180,0.043
2017-01-23,0.197,0.169,0.028
2017-01-20,0.163,0.162,0.001
2017-01-19,0.160,0.162,-0.001
2017-01-18,0.159,0.162,-0.003
2017-01-17,0.142,0.163,-0.021
2017-01-16,0.150,0.168,-0.018
2017-01-13,0.174,0.173,0.001
2017-01-12,0.199,0.172,0.027
2017-01-11,0.210,0.166,0.044
2017-01-10,0.207,0.155,0.052
2017-01-09,0.191,0.141,0.049
2017-01-06,0.166,0.129,0.037
2017-01-05,0.153,0.120,0.034
2017-01-04,0.128,0.111,0.017
2017-01-03,0.115,0.107,0.008
2016-12-30,0.098,0.105,-0.007
2016-12-29,0.098,0.107,-0.009
2016-12-28,0.089,0.109,-0.020
2016-12-27,0.097,0.114,-0.018
2016-12-26,0.102,0.119,-0.017
2016-12-23,0.102,0.123,-0.021
2016-12-22,0.110,0.128,-0.018
2016-12-21,0.108,0.133,-0.024
2016-12-20,0.097,0.139,-0.041
2016-12-19,0.100,0.149,-0.048
2016-12-16,0.097,0.161,-0.064
2016-12-15,0.117,0.177,-0.060
2016-12-14,0.139,0.192,-0.053
2016-12-13,0.169,0.205,-0.036
2016-12-12,0.201,0.214,-0.014
2016-12-09,0.242,0.218,0.024
2016-12-08,0.245,0.212,0.033
2016-12-07,0.245,0.204,0.041
2016-12-06,0.230,0.193,0.037
2016-12-05,0.219,0.184,0.034
2016-12-02,0.188,0.176,0.013
2016-12-01,0.187,0.172,0.015
2016-11-30,0.188,0.169,0.019
2016-11-29,0.196,0.164,0.032
2016-11-28,0.201,0.156,0.045
2016-11-25,0.188,0.145,0.044
2016-11-24,0.189,0.134,0.055
2016-11-16,0.168,0.120,0.048
2016-11-15,0.147,0.108,0.039
2016-11-14,0.132,0.098,0.034
2016-11-11,0.108,0.090,0.018
2016-11-10,0.100,0.085,0.015
2016-11-09,0.091,0.082,0.010
2016-11-08,0.089,0.079,0.010
2016-11-07,0.083,0.077,0.007
2016-11-04,0.070,0.075,-0.005
2016-11-03,0.070,0.076,-0.006
2016-11-02,0.071,0.077,-0.007
2016-11-01,0.083,0.079,0.003
2016-10-31,0.085,0.078,0.006
2016-10-28,0.086,0.077,0.009
2016-10-27,0.088,0.075,0.014
2016-10-26,0.090,0.071,0.019
2016-10-25,0.089,0.066,0.023
2016-10-24,0.078,0.061,0.017
2016-10-21,0.065,0.057,0.008
2016-10-20,0.066,0.054,0.012
2016-10-19,0.065,0.051,0.013
2016-10-18,0.062,0.048,0.014
2016-10-17,0.060,0.045,0.015
2016-10-14,0.067,0.041,0.026
2016-10-13,0.066,0.034,0.032
2016-10-12,0.059,0.026,0.032
2016-10-11,0.047,0.018,0.029
2016-10-10,0.036,0.011,0.025
2016-09-30,0.016,0.005,0.011
2016-09-29,0.011,0.002,0.008
2016-09-28,0.006,0.000,0.005
2016-09-27,-0.001,-0.001,0.000
2016-09-26,-0.010,-0.001,-0.009
2016-09-23,-0.005,0.001,-0.006
2016-09-22,-0.006,0.002,-0.009
2016-09-21,-0.010,0.005,-0.014
2016-09-20,-0.011,0.008,-0.019
2016-09-19,-0.009,0.013,-0.022
2016-09-14,-0.004,0.018,-0.023
2016-09-13,0.005,0.024,-0.019
2016-09-12,0.015,0.029,-0.014
2016-09-09,0.031,0.032,-0.001
2016-09-08,0.033,0.033,-0.000
2016-09-07,0.031,0.033,-0.001
2016-09-06,0.029,0.033,-0.004
2016-09-05,0.027,0.034,-0.007
2016-09-02,0.031,0.036,-0.005
2016-09-01,0.038,0.037,0.001
2016-08-31,0.045,0.037,0.008
2016-08-30,0.047,0.035,0.013
2016-08-29,0.049,0.032,0.017
2016-08-26,0.049,0.027,0.022
2016-08-25,0.050,0.022,0.029
2016-08-24,0.048,0.015,0.033
2016-08-23,0.026,0.006,0.020
2016-08-22,0.022,0.001,0.021
2016-08-19,0.021,-0.004,0.025
2016-08-18,0.017,-0.010,0.027
2016-08-17,0.010,-0.017,0.027
2016-08-16,0.001,-0.024,0.024
2016-08-15,-0.014,-0.030,0.015
2016-08-12,-0.028,-0.033,0.005
2016-08-11,-0.036,-0.035,-0.001
2016-08-10,-0.039,-0.034,-0.005
2016-08-09,-0.044,-0.033,-0.011
2016-08-08,-0.050,-0.030,-0.020
2016-08-05,-0.054,-0.025,-0.029
2016-08-04,-0.053,-0.018,-0.035
2016-08-03,-0.049,-0.009,-0.040
2016-08-02,-0.043,0.001,-0.044
2016-08-01,-0.034,0.012,-0.046
2016-07-29,-0.015,0.023,-0.038
2016-07-28,0.003,0.032,-0.029
2016-07-27,0.019,0.040,-0.021
2016-07-26,0.038,0.045,-0.007
2016-07-25,0.040,0.047,-0.007
2016-07-22,0.047,0.048,-0.002
2016-07-21,0.055,0.049,0.006
2016-07-20,0.060,0.047,0.013
2016-07-19,0.065,0.044,0.021
2016-07-18,0.068,0.039,0.029
2016-07-15,0.069,0.031,0.038
2016-07-14,0.061,0.022,0.039
2016-07-13,0.056,0.012,0.044
2016-07-12,0.045,0.001,0.044
2016-07-11,0.033,-0.010,0.043
2016-07-08,0.028,-0.021,0.048
2016-07-07,0.021,-0.033,0.054
2016-07-06,0.010,-0.046,0.056
2016-07-05,-0.013,-0.060,0.047
2016-07-04,-0.036,-0.072,0.036
2016-07-01,-0.055,-0.081,0.027
2016-06-30,-0.063,-0.088,0.025
2016-06-29,-0.076,-0.094,0.018
2016-06-28,-0.084,-0.099,0.014
2016-06-27,-0.092,-0.102,0.010
2016-06-24,-0.096,-0.105,0.009
2016-06-23,-0.088,-0.107,0.019
2016-06-22,-0.089,-0.112,0.022
2016-06-21,-0.097,-0.117,0.020
2016-06-20,-0.096,-0.122,0.026
2016-06-17,-0.104,-0.129,0.024
2016-06-16,-0.110,-0.135,0.024
2016-06-15,-0.110,-0.141,0.030
2016-06-14,-0.116,-0.148,0.033
2016-06-13,-0.111,-0.157,0.046
2016-06-08,-0.099,-0.168,0.069
2016-06-07,-0.113,-0.185,0.073
2016-06-06,-0.139,-0.203,0.064
2016-06-03,-0.158,-0.219,0.061
2016-06-02,-0.180,-0.235,0.055
2016-06-01,-0.203,-0.248,0.046
2016-05-31,-0.225,-0.260,0.035
2016-05-30,-0.252,-0.269,0.016
2016-05-27,-0.260,-0.273,0.012
2016-05-26,-0.269,-0.276,0.007
2016-05-25,-0.277,-0.278,0.000
2016-05-24,-0.285,-0.278,-0.007
2016-05-23,-0.290,-0.276,-0.015
2016-05-20,-0.297,-0.272,-0.025
2016-05-19,-0.296,-0.266,-0.031
2016-05-18,-0.289,-0.258,-0.031
2016-05-17,-0.274,-0.250,-0.024
2016-05-16,-0.273,-0.244,-0.029
2016-05-13,-0.274,-0.237,-0.037
2016-05-12,-0.262,-0.228,-0.035
2016-05-11,-0.246,-0.219,-0.027
2016-05-10,-0.235,-0.212,-0.023
2016-05-09,-0.224,-0.207,-0.018
2016-05-06,-0.208,-0.202,-0.005
2016-05-05,-0.202,-0.201,-0.001
2016-05-04,-0.212,-0.201,-0.012
2016-05-03,-0.223,-0.198,-0.025
2016-04-29,-0.236,-0.191,-0.045
2016-04-28,-0.236,-0.180,-0.056
2016-04-27,-0.229,-0.166,-0.062
2016-04-26,-0.220,-0.151,-0.069
2016-04-25,-0.214,-0.133,-0.081
2016-04-22,-0.193,-0.113,-0.080
2016-04-21,-0.170,-0.093,-0.077
2016-04-20,-0.135,-0.074,-0.062
2016-04-19,-0.092,-0.058,-0.033
2016-04-18,-0.083,-0.050,-0.033
2016-04-15,-0.063,-0.042,-0.022
2016-04-14,-0.052,-0.036,-0.016
2016-04-13,-0.045,-0.032,-0.013
2016-04-12,-0.037,-0.029,-0.008
2016-04-11,-0.017,-0.027,0.010
2016-04-08,-0.001,-0.030,0.029
2015-12-17,0.015,-0.037,0.052
2015-12-16,-0.024,-0.050,0.026
2015-12-15,-0.059,-0.056,-0.002
2015-12-14,-0.101,-0.056,-0.045
2015-12-11,-0.112,-0.045,-0.067
2015-12-10,-0.093,-0.028,-0.065
2015-12-09,-0.072,-0.011,-0.060
2015-12-08,-0.046,0.004,-0.050
2015-12-07,-0.023,0.016,-0.039
2015-12-04,-0.020,0.026,-0.046
2015-12-03,-0.015,0.037,-0.052
2015-12-02,-0.013,0.050,-0.063
2015-12-01,-0.012,0.066,-0.078
2015-11-30,0.017,0.085,-0.068
2015-11-27,0.061,0.102,-0.041
2015-11-26,0.118,0.113,0.005
2015-11-25,0.122,0.111,0.010
2015-11-24,0.126,0.109,0.017
2015-11-23,0.135,0.105,0.030
2015-11-20,0.142,0.097,0.045
2015-11-19,0.128,0.086,0.042
2015-11-18,0.115,0.075,0.039
2015-11-17,0.105,0.065,0.040
2015-11-16,0.104,0.055,0.049
2015-11-13,0.090,0.043,0.047
2015-11-12,0.095,0.031,0.064
2015-11-11,0.080,0.016,0.064
2015-11-10,0.052,-0.001,0.052
2015-11-09,0.021,-0.014,0.034
2015-11-06,-0.002,-0.022,0.020
2015-11-05,-0.028,-0.027,-0.001
2015-11-04,-0.050,-0.027,-0.023
2015-11-03,-0.058,-0.021,-0.036
2015-11-02,-0.035,-0.012,-0.023
2015-10-30,-0.000,-0.006,0.006
2015-10-29,0.019,-0.008,0.027
2015-10-28,0.031,-0.015,0.045
2015-10-27,0.047,-0.026,0.073
2015-10-26,0.048,-0.044,0.092
2015-10-23,0.032,-0.067,0.099
2015-10-22,0.022,-0.092,0.114
2015-10-21,0.007,-0.121,0.127
2015-10-20,0.017,-0.152,0.170
2015-10-19,-0.024,-0.195,0.171
2015-10-16,-0.068,-0.238,0.170
2015-10-15,-0.112,-0.280,0.168
2015-10-14,-0.169,-0.322,0.153
2015-10-13,-0.203,-0.360,0.157
2015-10-12,-0.259,-0.400,0.141
2015-10-09,-0.326,-0.435,0.109
2015-10-08,-0.370,-0.462,0.092
2015-09-30,-0.405,-0.485,0.080
2015-09-29,-0.421,-0.505,0.084
2015-09-28,-0.431,-0.526,0.095
2015-09-25,-0.458,-0.550,0.092
2015-09-24,-0.483,-0.573,0.090
2015-09-23,-0.523,-0.595,0.072
2015-09-22,-0.555,-0.613,0.058
2015-09-21,-0.596,-0.628,0.032
2015-09-18,-0.635,-0.636,0.001
2015-09-17,-0.655,-0.636,-0.019
2015-09-16,-0.667,-0.631,-0.035
2015-09-15,-0.688,-0.623,-0.065
2015-09-14,-0.648,-0.606,-0.041
2015-09-11,-0.624,-0.596,-0.028
2015-09-10,-0.656,-0.589,-0.067
2015-09-09,-0.680,-0.572,-0.108
2015-09-08,-0.721,-0.545,-0.176
2015-09-07,-0.729,-0.501,-0.228
2015-09-02,-0.689,-0.444,-0.245
2015-09-01,-0.603,-0.383,-0.220
2015-08-31,-0.528,-0.328,-0.200
2015-08-28,-0.501,-0.278,-0.223
2015-08-27,-0.481,-0.222,-0.259
2015-08-26,-0.380,-0.158,-0.223
2015-08-25,-0.219,-0.102,-0.117
2015-08-24,-0.084,-0.073,-0.011
2015-08-21,0.008,-0.070,0.078
2015-08-20,0.033,-0.090,0.122
2015-08-19,0.047,-0.120,0.167
2015-08-18,0.034,-0.162,0.196
2015-08-17,0.061,-0.211,0.272
2015-08-14,-0.007,-0.279,0.272
2015-08-13,-0.067,-0.347,0.280
2015-08-12,-0.151,-0.417,0.266
2015-08-11,-0.224,-0.483,0.260
2015-08-10,-0.319,-0.548,0.229
2015-08-07,-0.418,-0.606,0.187
2015-08-06,-0.484,-0.652,0.169
2015-08-05,-0.529,-0.694,0.166
2015-08-04,-0.575,-0.736,0.161
2015-08-03,-0.643,-0.776,0.133
2015-07-31,-0.653,-0.809,0.156
2015-07-30,-0.679,-0.848,0.170
2015-07-29,-0.708,-0.891,0.182
2015-07-28,-0.754,-0.936,0.182
2015-07-27,-0.725,-0.982,0.257
2015-07-24,-0.726,-1.046,0.320
2015-07-23,-0.807,-1.126,0.319
2015-07-22,-0.937,-1.206,0.268
2015-07-21,-1.076,-1.273,0.197
2015-07-20,-1.182,-1.322,0.141
2015-07-17,-1.293,-1.358,0.064
2015-07-16,-1.424,-1.374,-0.051
2015-07-15,-1.502,-1.361,-0.141
2015-07-14,-1.545,-1.326,-0.219
2015-07-13,-1.667,-1.271,-0.396
2015-07-10,-1.755,-1.172,-0.583
2015-07-09,-1.765,-1.026,-0.739
2015-07-08,-1.683,-0.841,-0.842
2015-07-07,-1.491,-0.631,-0.860
2015-07-06,-1.260,-0.416,-0.844
2015-07-03,-1.020,-0.205,-0.815
2015-07-02,-0.771,-0.001,-0.770
2015-07-01,-0.532,0.192,-0.724
2015-06-30,-0.319,0.373,-0.691
2015-06-29,-0.155,0.545,-0.700
2015-06-26,0.125,0.720,-0.596
2015-06-25,0.364,0.869,-0.506
2015-06-24,0.534,0.996,-0.461
2015-06-23,0.668,1.111,-0.443
2015-06-19,0.859,1.222,-0.363
2015-06-18,1.096,1.313,-0.217
2015-06-17,1.233,1.367,-0.134
2015-06-16,1.351,1.400,-0.049
2015-06-15,1.527,1.413,0.114
2015-06-12,1.617,1.384,0.233
2015-06-11,1.611,1.326,0.285
2015-06-10,1.597,1.254,0.343
2015-06-09,1.608,1.169,0.439
2015-06-08,1.600,1.059,0.541
2015-06-05,1.569,0.924,0.645
2015-06-04,1.387,0.762,0.625
2015-06-03,1.105,0.606,0.499
2015-06-02,0.867,0.482,0.386
2015-06-01,0.700,0.385,0.315
2015-05-29,0.517,0.306,0.211
2015-05-28,0.407,0.254,0.153
2015-05-27,0.378,0.216,0.163
2015-05-26,0.276,0.175,0.102
2015-05-25,0.221,0.149,0.071
2015-05-22,0.157,0.132,0.026
2015-05-21,0.112,0.125,-0.013
2015-05-20,0.066,0.129,-0.063
2015-05-19,0.053,0.144,-0.091
2015-05-18,0.042,0.167,-0.125
2015-05-15,0.057,0.198,-0.141
2015-05-14,0.099,0.234,-0.134
2015-05-13,0.119,0.267,-0.148
2015-05-12,0.124,0.304,-0.180
2015-05-11,0.165,0.349,-0.184
2015-05-08,0.197,0.395,-0.198
2015-05-07,0.274,0.445,-0.170
2015-05-06,0.393,0.487,-0.094
2015-05-05,0.487,0.511,-0.024
2015-05-04,0.550,0.517,0.033
2015-04-30,0.542,0.508,0.033
2015-04-29,0.528,0.500,0.028
2015-04-28,0.467,0.493,-0.026
2015-04-27,0.465,0.499,-0.034
2015-04-24,0.487,0.508,-0.021
2015-04-23,0.510,0.513,-0.003
2015-04-22,0.512,0.514,-0.002
2015-04-21,0.509,0.515,-0.006
2015-04-20,0.529,0.516,0.013
2015-04-17,0.573,0.513,0.060
2015-04-16,0.566,0.498,0.068
2015-04-15,0.548,0.481,0.067
2015-04-14,0.555,0.464,0.092
2015-04-13,0.506,0.441,0.065
2015-04-10,0.449,0.425,0.024
2015-04-09,0.440,0.419,0.021
2015-04-08,0.458,0.413,0.044
2015-04-07,0.454,0.402,0.052
2015-04-03,0.437,0.389,0.047
2015-04-02,0.425,0.378,0.047
2015-04-01,0.420,0.366,0.054
2015-03-31,0.431,0.352,0.078
2015-03-30,0.453,0.333,0.120
2015-03-27,0.423,0.303,0.121
2015-03-26,0.380,0.272,0.108
2015-03-25,0.323,0.246,0.077
2015-03-24,0.285,0.226,0.059
2015-03-23,0.242,0.211,0.030
2015-03-20,0.228,0.204,0.024
2015-03-19,0.244,0.198,0.047
2015-03-18,0.249,0.186,0.063
2015-03-17,0.237,0.170,0.067
2015-03-16,0.226,0.154,0.072
2015-03-13,0.204,0.135,0.069
2015-03-12,0.189,0.118,0.070
2015-03-11,0.169,0.101,0.068
2015-03-10,0.159,0.084,0.075
2015-03-09,0.134,0.065,0.069
2015-03-06,0.099,0.048,0.052
2015-03-05,0.086,0.035,0.051
2015-03-04,0.077,0.022,0.055
2015-03-03,0.056,0.008,0.048
2015-03-02,0.051,-0.004,0.055
2015-02-27,0.033,-0.017,0.050
2015-02-26,0.017,-0.030,0.047
2015-02-25,-0.008,-0.042,0.034
2015-02-17,-0.033,-0.050,0.017
2015-02-16,-0.053,-0.055,0.001
2015-02-13,-0.059,-0.055,-0.004
2015-02-12,-0.059,-0.054,-0.006
2015-02-11,-0.054,-0.053,-0.002
2015-02-10,-0.047,-0.052,0.005
2015-02-09,-0.052,-0.053,0.002
2015-02-06,-0.060,-0.054,-0.006
2015-02-05,-0.062,-0.052,-0.010
2015-02-04,-0.061,-0.050,-0.011
2015-02-03,-0.053,-0.047,-0.006
2015-02-02,-0.059,-0.046,-0.013
2015-01-30,-0.051,-0.042,-0.009
2015-01-29,-0.076,-0.040,-0.035
2015-01-21,-0.117,-0.031,-0.085
2015-01-20,-0.108,-0.010,-0.098
2015-01-19,-0.079,0.015,-0.094
2015-01-16,-0.020,0.038,-0.059
2015-01-15,-0.015,0.053,-0.068
2015-01-14,-0.009,0.070,-0.078
2015-01-13,0.012,0.089,-0.078
2015-01-12,0.033,0.109,-0.076
2015-01-09,0.063,0.128,-0.064
2015-01-08,0.093,0.144,-0.051
2015-01-07,0.102,0.157,-0.055
2015-01-06,0.099,0.170,-0.071
2015-01-05,0.104,0.188,-0.085
2014-12-31,0.097,0.209,-0.112
2014-12-30,0.119,0.237,-0.118
2014-12-29,0.171,0.267,-0.096
2014-12-26,0.197,0.290,-0.093
2014-12-25,0.217,0.314,-0.097
2014-12-24,0.242,0.338,-0.096
2014-12-23,0.295,0.362,-0.067
2014-12-22,0.348,0.379,-0.031
2014-12-19,0.415,0.386,0.028
2014-12-18,0.436,0.379,0.057
2014-12-17,0.436,0.365,0.071
2014-12-16,0.420,0.347,0.072
2014-12-15,0.424,0.329,0.095
2014-12-12,0.405,0.306,0.100
2014-12-11,0.383,0.281,0.102
2014-12-10,0.362,0.255,0.106
2014-12-09,0.327,0.229,0.098
2014-12-08,0.319,0.204,0.115
2014-12-05,0.272,0.176,0.096
2014-12-04,0.275,0.152,0.124
2014-12-03,0.235,0.121,0.115
2014-12-02,0.180,0.092,0.088
2014-12-01,0.120,0.070,0.050
2014-11-28,0.106,0.057,0.048
2014-11-27,0.104,0.045,0.059
2014-11-26,0.086,0.031,0.056
2014-11-25,0.061,0.017,0.045
2014-11-24,0.036,0.005,0.030
2014-11-21,0.005,-0.002,0.007
2014-11-20,-0.011,-0.004,-0.007
2014-11-19,-0.015,-0.002,-0.012
2014-11-18,-0.015,0.001,-0.015
2014-11-17,-0.015,0.005,-0.020
2014-11-14,-0.015,0.010,-0.025
2014-11-13,-0.004,0.016,-0.020
2014-11-12,0.012,0.021,-0.009
2014-11-11,0.015,0.023,-0.008
2014-11-10,0.029,0.025,0.004
2014-11-07,0.026,0.024,0.002
2014-11-06,0.024,0.024,0.001
2014-11-05,0.008,0.024,-0.016
2014-11-04,-0.008,0.028,-0.036
2014-11-03,-0.022,0.037,-0.059
2014-10-31,-0.020,0.051,-0.071
2014-10-30,-0.013,0.069,-0.082
2014-10-29,-0.003,0.089,-0.093
2014-10-28,0.005,0.113,-0.107
2014-10-27,0.020,0.139,-0.120
2014-10-24,0.056,0.169,-0.113
2014-10-23,0.110,0.198,-0.088
2014-10-22,0.159,0.220,-0.060
2014-10-21,0.170,0.235,-0.065
2014-10-20,0.190,0.251,-0.061
2014-10-17,0.211,0.266,-0.055
2014-10-16,0.237,0.280,-0.043
2014-10-15,0.252,0.291,-0.039
2014-10-14,0.271,0.300,-0.029
2014-10-13,0.293,0.308,-0.015
2014-10-10,0.310,0.311,-0.002
2014-10-09,0.334,0.312,0.022
2014-10-08,0.350,0.306,0.044
2014-09-30,0.345,0.295,0.050
2014-09-29,0.334,0.283,0.051
2014-09-26,0.312,0.270,0.042
2014-09-25,0.298,0.260,0.039
2014-09-24,0.291,0.250,0.042
2014-09-23,0.277,0.239,0.038
2014-09-22,0.255,0.230,0.025
2014-09-19,0.248,0.224,0.024
2014-09-18,0.232,0.217,0.014
2014-09-17,0.208,0.214,-0.006
2014-09-16,0.205,0.215,-0.010
2014-09-15,0.226,0.218,0.008
2014-09-12,0.229,0.216,0.013
2014-09-11,0.223,0.213,0.010
2014-09-10,0.213,0.210,0.003
2014-09-09,0.207,0.210,-0.003
2014-09-05,0.206,0.210,-0.004
2014-09-04,0.205,0.211,-0.007
2014-09-03,0.201,0.213,-0.012
2014-09-02,0.200,0.216,-0.016
2014-09-01,0.194,0.220,-0.026
2014-08-29,0.207,0.226,-0.020
2014-08-28,0.218,0.231,-0.014
2014-08-27,0.236,0.235,0.001
2014-08-26,0.239,0.235,0.004
2014-08-25,0.234,0.233,0.001
2014-08-22,0.223,0.233,-0.010
2014-08-21,0.207,0.236,-0.029
2014-08-20,0.210,0.243,-0.033
2014-08-19,0.217,0.251,-0.034
2014-08-18,0.232,0.260,-0.027
2014-08-15,nan,nan,nan
2014-08-14,nan,nan,nan
2014-08-13,nan,nan,nan
2014-08-12,nan,nan,nan
2014-08-11,nan,nan,nan
2014-08-08,nan,nan,nan
2014-08-07,nan,nan,nan
2014-08-06,nan,nan,nan
2014-08-05,nan,nan,nan
2014-08-04,nan,nan,nan
2014-08-01,nan,nan,nan
2014-07-31,nan,nan,nan
2014-07-30,nan,nan,nan
2014-07-29,nan,nan,nan
2014-07-28,nan,nan,nan
2014-07-25,nan,nan,nan
2014-07-24,nan,nan,nan
2014-07-23,nan,nan,nan
2014-07-22,nan,nan,nan
2014-07-21,nan,nan,nan
2014-07-18,nan,nan,nan
2014-07-17,nan,nan,nan
2014-07-16,nan,nan,nan
2014-07-15,nan,nan,nan
2014-07-14,nan,nan,nan
2014-07-11,nan,nan,nan
2014-07-10,nan,nan,nan
2014-07-09,nan,nan,nan
2014-07-08,nan,nan,nan
2014-07-07,nan,nan,nan
2014-07-04,nan,nan,nan
2014-07-03,nan,nan,nan
2014-07-02,nan,nan,nan
