Not
2017-06-28,-0.875,-0.675,-0.200
2017-06-23,-0.916,-0.625,-0.291
2017-06-16,-0.928,-0.552,-0.376
2017-06-09,-0.921,-0.458,-0.463
2017-06-02,-0.857,-0.342,-0.515
2017-05-26,-0.692,-0.214,-0.478
2017-05-19,-0.507,-0.094,-0.413
2017-05-12,-0.411,0.009,-0.420
2017-05-05,-0.249,0.114,-0.363
2017-04-28,-0.070,0.205,-0.275
2017-04-21,0.142,0.274,-0.131
2017-04-14,0.369,0.306,0.063
2017-04-07,0.397,0.291,0.106
2017-03-31,0.303,0.264,0.039
2017-03-24,0.306,0.254,0.051
2017-03-17,0.410,0.242,0.169
2017-03-10,0.427,0.199,0.227
2017-03-03,0.509,0.143,0.367
2017-02-24,0.627,0.051,0.576
2017-02-17,0.641,-0.093,0.734
2017-02-10,0.537,-0.277,0.813
2017-01-23,0.270,-0.480,0.750
2017-01-20,-0.264,-0.667,0.403
2017-01-13,-0.688,-0.768,0.080
2017-01-06,-0.645,-0.788,0.143
2016-12-30,-0.652,-0.824,0.172
2016-12-23,-0.658,-0.867,0.210
2016-12-16,-0.615,-0.920,0.304
2016-12-09,-0.652,-0.996,0.344
2016-12-02,-0.617,-1.082,0.465
2016-11-25,-0.577,-1.198,0.621
2016-11-18,-0.711,-1.353,0.642
2016-11-11,-0.815,-1.514,0.699
2016-11-04,-0.976,-1.688,0.713
2016-10-28,-1.079,-1.867,0.788
2016-10-21,-1.250,-2.064,0.813
2016-10-14,-1.464,-2.267,0.803
2016-09-30,-1.590,-2.467,0.878
2016-09-23,-1.580,-2.687,1.107
2016-09-14,-2.103,-2.964,0.860
2016-09-09,-2.453,-3.179,0.726
2016-09-02,-2.949,-3.360,0.411
2016-08-26,-3.341,-3.463,0.122
2016-08-19,-3.511,-3.493,-0.017
2016-08-12,-3.667,-3.489,-0.178
2016-08-05,-3.738,-3.445,-0.294
2016-07-29,-3.735,-3.371,-0.363
2016-07-22,-3.717,-3.280,-0.437
2016-07-15,-3.862,-3.171,-0.690
2016-07-08,-3.976,-2.999,-0.977
2016-07-01,-4.129,-2.755,-1.375
2016-06-24,-3.986,-2.411,-1.575
2016-06-17,-3.677,-2.017,-1.660
2016-06-08,-3.168,-1.602,-1.566
2016-06-03,-2.570,-1.210,-1.360
2016-05-27,-1.691,-0.870,-0.821
2016-05-20,-0.438,-0.665,0.227
2016-05-13,-0.387,-0.722,0.335
2016-05-06,-0.436,-0.806,0.369
2016-04-29,-0.539,-0.898,0.359
2016-04-22,-0.598,-0.988,0.390
2016-04-15,-0.758,-1.085,0.327
2016-04-08,-1.055,-1.167,0.112
2016-04-01,-1.179,-1.195,0.016
2016-03-25,-1.307,-1.199,-0.108
2016-03-18,-1.522,-1.172,-0.350
2016-03-11,-1.634,-1.084,-0.550
2016-03-04,-1.619,-0.947,-0.672
2016-02-26,-1.495,-0.779,-0.716
2016-02-19,-1.217,-0.600,-0.617
2016-02-05,-1.141,-0.446,-0.695
2016-01-29,-0.841,-0.272,-0.569
2016-01-22,-0.232,-0.130,-0.102
2016-01-15,0.267,-0.104,0.372
2016-01-08,0.995,-0.197,1.192
2015-12-31,1.438,-0.495,1.933
2015-12-25,1.043,-0.978,2.021
2015-12-18,0.390,-1.484,1.873
2015-12-11,-0.087,-1.952,1.865
2015-12-04,-0.459,-2.418,1.960
2015-11-27,-1.143,-2.908,1.765
2015-11-20,-1.541,-3.349,1.808
2015-11-13,-2.172,-3.802,1.630
2015-11-06,-2.973,-4.209,1.235
2015-10-30,nan,nan,nan
2015-10-23,nan,nan,nan
2015-10-16,nan,nan,nan
2015-10-09,nan,nan,nan
2015-09-30,nan,nan,nan
2015-09-25,nan,nan,nan
2015-09-18,nan,nan,nan
2015-09-11,nan,nan,nan
2015-09-02,nan,nan,nan
2015-08-28,nan,nan,nan
2015-08-21,nan,nan,nan
2015-08-14,nan,nan,nan
2015-08-07,nan,nan,nan
2015-07-31,nan,nan,nan
2015-07-24,nan,nan,nan
2015-07-17,nan,nan,nan
2015-07-10,nan,nan,nan
2015-07-03,nan,nan,nan
2015-06-26,nan,nan,nan
2015-06-19,nan,nan,nan
2015-06-12,nan,nan,nan
2015-06-05,nan,nan,nan
2015-05-29,nan,nan,nan
2015-05-22,nan,nan,nan
2015-05-15,nan,nan,nan
2015-05-08,nan,nan,nan
2015-04-30,nan,nan,nan
2015-04-24,nan,nan,nan
2015-04-17,nan,nan,nan
2015-04-10,nan,nan,nan
2015-04-03,nan,nan,nan
2015-03-27,nan,nan,nan
2015-03-20,nan,nan,nan
