Not
2017-01-06@15:00:00,0.221,0.809,-0.588
2017-01-06@14:30:00,0.505,0.956,-0.451
2017-01-06@14:00:00,0.668,1.069,-0.401
2017-01-06@13:30:00,0.774,1.169,-0.395
2017-01-06@11:30:00,0.885,1.268,-0.383
2017-01-06@11:00:00,0.962,1.364,-0.403
2017-01-06@10:30:00,1.040,1.465,-0.425
2017-01-06@10:00:00,1.175,1.571,-0.396
2017-01-05@15:00:00,1.260,1.670,-0.410
2017-01-05@14:30:00,1.410,1.773,-0.363
2017-01-05@14:00:00,1.560,1.863,-0.303
2017-01-05@13:30:00,1.688,1.939,-0.252
2017-01-05@11:30:00,1.838,2.002,-0.165
2017-01-05@11:00:00,1.971,2.043,-0.073
2017-01-05@10:30:00,2.121,2.061,0.060
2017-01-05@10:00:00,2.249,2.046,0.202
2017-01-04@15:00:00,2.460,1.996,0.465
2017-01-04@14:30:00,2.466,1.880,0.586
2017-01-04@14:00:00,2.357,1.733,0.624
2017-01-04@13:30:00,2.304,1.577,0.727
2017-01-04@11:30:00,2.188,1.396,0.792
2017-01-04@11:00:00,2.021,1.198,0.823
2017-01-04@10:30:00,1.813,0.992,0.821
2017-01-04@10:00:00,1.578,0.786,0.792
2017-01-03@15:00:00,1.215,0.588,0.627
2017-01-03@14:30:00,1.009,0.432,0.577
2017-01-03@14:00:00,0.731,0.287,0.444
2017-01-03@13:30:00,0.366,0.177,0.189
2017-01-03@11:30:00,0.211,0.129,0.082
2017-01-03@11:00:00,0.205,0.109,0.096
2017-01-03@10:30:00,0.207,0.085,0.123
2017-01-03@10:00:00,0.184,0.054,0.130
2016-12-30@15:00:00,0.134,0.022,0.112
2016-12-30@14:30:00,0.097,-0.006,0.104
2016-12-30@14:00:00,0.043,-0.032,0.076
2016-12-30@13:30:00,-0.032,-0.051,0.019
2016-12-30@11:30:00,-0.060,-0.056,-0.004
2016-12-30@11:00:00,-0.077,-0.055,-0.022
2016-12-30@10:30:00,-0.057,-0.049,-0.008
2016-12-30@10:00:00,-0.019,-0.047,0.028
2016-12-29@15:00:00,-0.002,-0.055,0.052
2016-12-29@14:30:00,0.010,-0.068,0.077
2016-12-29@14:00:00,-0.007,-0.087,0.080
2016-12-29@13:30:00,-0.020,-0.107,0.087
2016-12-29@11:30:00,-0.050,-0.129,0.078
2016-12-29@11:00:00,-0.087,-0.148,0.061
2016-12-29@10:30:00,-0.111,-0.164,0.053
2016-12-29@10:00:00,-0.119,-0.177,0.057
2016-12-28@15:00:00,-0.119,-0.191,0.072
2016-12-28@14:30:00,-0.112,-0.209,0.097
2016-12-28@14:00:00,-0.125,-0.234,0.109
2016-12-28@13:30:00,-0.146,-0.261,0.115
2016-12-28@11:30:00,-0.155,-0.290,0.134
2016-12-28@11:00:00,-0.180,-0.323,0.143
2016-12-28@10:30:00,-0.226,-0.359,0.133
2016-12-28@10:00:00,-0.235,-0.392,0.158
2016-12-27@15:00:00,-0.257,-0.431,0.174
2016-12-27@14:30:00,-0.282,-0.475,0.193
2016-12-27@14:00:00,-0.310,-0.523,0.213
2016-12-27@13:30:00,-0.343,-0.577,0.234
2016-12-27@11:30:00,-0.396,-0.635,0.239
2016-12-27@11:00:00,-0.489,-0.695,0.206
2016-12-27@10:30:00,-0.577,-0.746,0.169
2016-12-27@10:00:00,-0.681,-0.788,0.108
2016-12-26@15:00:00,-0.816,-0.815,-0.001
2016-12-26@14:30:00,-0.898,-0.815,-0.082
2016-12-26@14:00:00,-1.009,-0.795,-0.214
2016-12-26@13:30:00,-1.034,-0.741,-0.293
2016-12-26@11:30:00,-1.047,-0.668,-0.379
2016-12-26@11:00:00,-1.016,-0.573,-0.443
2016-12-26@10:30:00,-0.900,-0.463,-0.437
2016-12-26@10:00:00,-0.731,-0.353,-0.377
2016-12-23@15:00:00,-0.492,-0.259,-0.233
2016-12-23@14:30:00,-0.401,-0.201,-0.201
2016-12-23@14:00:00,-0.295,-0.151,-0.145
2016-12-23@13:30:00,-0.201,-0.114,-0.087
2016-12-23@11:30:00,-0.154,-0.093,-0.061
2016-12-23@11:00:00,-0.103,-0.077,-0.026
2016-12-23@10:30:00,-0.072,-0.071,-0.001
2016-12-23@10:00:00,-0.046,-0.071,0.025
2016-12-22@15:00:00,-0.041,-0.077,0.036
2016-12-22@14:30:00,-0.048,-0.086,0.038
2016-12-22@14:00:00,-0.080,-0.096,0.015
2016-12-22@13:30:00,-0.087,-0.099,0.012
2016-12-22@11:30:00,-0.087,-0.102,0.015
2016-12-22@11:00:00,-0.104,-0.106,0.003
2016-12-22@10:30:00,-0.111,-0.107,-0.004
2016-12-22@10:00:00,-0.096,-0.106,0.009
2016-12-21@15:00:00,-0.080,-0.108,0.028
2016-12-21@14:30:00,-0.106,-0.115,0.009
2016-12-21@14:00:00,-0.121,-0.117,-0.004
2016-12-21@13:30:00,-0.156,-0.116,-0.040
2016-12-21@11:30:00,-0.149,-0.107,-0.042
2016-12-21@11:00:00,-0.123,-0.096,-0.027
2016-12-21@10:30:00,-0.102,-0.089,-0.013
2016-12-21@10:00:00,-0.110,-0.086,-0.023
2016-12-20@15:00:00,-0.118,-0.080,-0.037
2016-12-20@14:30:00,-0.110,-0.071,-0.039
2016-12-20@14:00:00,-0.079,-0.061,-0.017
2016-12-20@13:30:00,-0.037,-0.057,0.020
2016-12-20@11:30:00,-0.002,-0.062,0.060
2016-12-20@11:00:00,0.017,-0.077,0.094
2016-12-20@10:30:00,0.047,-0.100,0.148
2016-12-20@10:00:00,0.048,-0.137,0.185
2016-12-19@15:00:00,0.099,-0.183,0.282
2016-12-19@14:30:00,0.060,-0.254,0.314
2016-12-19@14:00:00,0.023,-0.333,0.356
2016-12-19@13:30:00,-0.024,-0.422,0.397
2016-12-19@11:30:00,-0.122,-0.521,0.399
2016-12-19@11:00:00,-0.277,-0.621,0.343
2016-12-19@10:30:00,-0.404,-0.706,0.302
2016-12-19@10:00:00,-0.545,-0.782,0.237
2016-12-16@15:00:00,-0.606,-0.841,0.235
2016-12-16@14:30:00,-0.675,-0.900,0.225
2016-12-16@14:00:00,-0.764,-0.956,0.193
2016-12-16@13:30:00,-0.809,-1.004,0.195
2016-12-16@11:30:00,-0.843,-1.053,0.210
2016-12-16@11:00:00,-0.884,-1.105,0.222
2016-12-16@10:30:00,-0.938,-1.161,0.223
2016-12-16@10:00:00,-1.009,-1.217,0.208
2016-12-15@15:00:00,-1.062,-1.269,0.207
2016-12-15@14:30:00,-1.108,-1.320,0.213
2016-12-15@14:00:00,-1.134,-1.374,0.240
2016-12-15@13:30:00,-1.196,-1.434,0.238
2016-12-15@11:30:00,-1.226,-1.493,0.268
2016-12-15@11:00:00,-1.311,-1.560,0.249
2016-12-15@10:30:00,-1.405,-1.622,0.217
2016-12-15@10:00:00,-1.500,-1.676,0.176
2016-12-14@15:00:00,-1.588,-1.720,0.133
2016-12-14@14:30:00,-1.635,-1.754,0.119
2016-12-14@14:00:00,-1.689,-1.783,0.094
2016-12-14@13:30:00,-1.788,-1.807,0.019
2016-12-14@11:30:00,-1.864,-1.812,-0.053
2016-12-14@11:00:00,-1.920,-1.799,-0.121
2016-12-14@10:30:00,-1.910,-1.768,-0.141
2016-12-14@10:00:00,-1.858,-1.733,-0.125
2016-12-13@15:00:00,-1.860,-1.702,-0.158
2016-12-13@14:30:00,-1.883,-1.662,-0.220
2016-12-13@14:00:00,-1.947,-1.607,-0.339
2016-12-13@13:30:00,-1.965,-1.522,-0.443
2016-12-13@11:30:00,-1.985,-1.412,-0.574
2016-12-13@11:00:00,-1.912,-1.268,-0.644
2016-12-13@10:30:00,-1.805,-1.107,-0.698
2016-12-13@10:00:00,-1.668,-0.933,-0.736
2016-12-12@15:00:00,-1.456,-0.749,-0.707
2016-12-12@14:30:00,-1.310,-0.572,-0.738
2016-12-12@14:00:00,-1.107,-0.387,-0.720
2016-12-12@13:30:00,-0.891,-0.207,-0.684
2016-12-12@11:30:00,-0.729,-0.036,-0.693
2016-12-12@11:00:00,-0.518,0.137,-0.655
2016-12-12@10:30:00,-0.302,0.301,-0.602
2016-12-12@10:00:00,-0.057,0.451,-0.508
2016-12-09@15:00:00,0.221,0.578,-0.357
2016-12-09@14:30:00,0.287,0.667,-0.380
2016-12-09@14:00:00,0.350,0.762,-0.412
2016-12-09@13:30:00,0.428,0.865,-0.437
2016-12-09@11:30:00,0.492,0.975,-0.483
2016-12-09@11:00:00,0.591,1.095,-0.504
2016-12-09@10:30:00,0.734,1.221,-0.488
2016-12-09@10:00:00,0.905,1.343,-0.438
2016-12-08@15:00:00,1.090,1.453,-0.363
2016-12-08@14:30:00,1.138,1.544,-0.405
2016-12-08@14:00:00,1.176,1.645,-0.469
2016-12-08@13:30:00,1.253,1.762,-0.509
2016-12-08@11:30:00,1.375,1.889,-0.515
2016-12-08@11:00:00,1.481,2.018,-0.537
2016-12-08@10:30:00,1.600,2.152,-0.553
2016-12-08@10:00:00,1.676,2.291,-0.614
2016-12-07@15:00:00,1.709,2.444,-0.735
2016-12-07@14:30:00,1.812,2.628,-0.816
2016-12-07@14:00:00,1.941,2.832,-0.891
2016-12-07@13:30:00,2.110,3.055,-0.945
2016-12-07@11:30:00,2.244,3.291,-1.046
2016-12-07@11:00:00,2.434,3.552,-1.118
2016-12-07@10:30:00,2.671,3.832,-1.161
2016-12-07@10:00:00,2.941,4.122,-1.181
2016-12-06@15:00:00,3.226,4.418,-1.191
2016-12-06@14:30:00,3.422,4.716,-1.293
2016-12-06@14:00:00,3.624,5.039,-1.415
2016-12-06@13:30:00,3.812,5.393,-1.581
2016-12-06@11:30:00,4.042,5.788,-1.746
2016-12-06@11:00:00,4.286,6.224,-1.938
2016-12-06@10:30:00,4.585,6.709,-2.125
2016-12-06@10:00:00,4.922,7.240,-2.318
2016-12-05@15:00:00,5.311,7.820,-2.508
2016-12-05@14:30:00,5.762,8.447,-2.685
2016-12-05@14:00:00,6.243,9.118,-2.875
2016-12-05@13:30:00,6.766,9.837,-3.071
2016-12-05@11:30:00,7.320,10.604,-3.284
2016-12-05@11:00:00,7.895,11.425,-3.530
2016-12-05@10:30:00,8.521,12.308,-3.787
2016-12-05@10:00:00,9.198,13.255,-4.056
2016-12-02@15:00:00,10.047,14.269,-4.222
2016-12-02@14:30:00,10.944,15.324,-4.380
2016-12-02@14:00:00,11.922,16.419,-4.497
2016-12-02@13:30:00,12.890,17.543,-4.653
2016-12-02@11:30:00,13.918,18.706,-4.789
2016-12-02@11:00:00,14.976,19.904,-4.928
2016-12-02@10:30:00,nan,nan,nan
2016-12-02@10:00:00,nan,nan,nan
2016-12-01@15:00:00,nan,nan,nan
2016-12-01@14:30:00,nan,nan,nan
2016-12-01@14:00:00,nan,nan,nan
2016-12-01@13:30:00,nan,nan,nan
2016-12-01@11:30:00,nan,nan,nan
2016-12-01@11:00:00,nan,nan,nan
2016-12-01@10:30:00,nan,nan,nan
2016-12-01@10:00:00,nan,nan,nan
2016-11-30@15:00:00,nan,nan,nan
2016-11-30@14:30:00,nan,nan,nan
2016-11-30@14:00:00,nan,nan,nan
2016-11-30@13:30:00,nan,nan,nan
2016-11-30@11:30:00,nan,nan,nan
2016-11-30@11:00:00,nan,nan,nan
2016-11-30@10:30:00,nan,nan,nan
2016-11-30@10:00:00,nan,nan,nan
2016-10-13@15:00:00,nan,nan,nan
2016-10-13@14:30:00,nan,nan,nan
2016-10-13@14:00:00,nan,nan,nan
2016-10-13@13:30:00,nan,nan,nan
2016-10-13@11:30:00,nan,nan,nan
2016-10-13@11:00:00,nan,nan,nan
2016-10-13@10:30:00,nan,nan,nan
2016-10-13@10:00:00,nan,nan,nan
2016-10-12@14:30:00,nan,nan,nan
2016-10-12@14:00:00,nan,nan,nan
2016-10-12@13:30:00,nan,nan,nan
2016-10-12@11:30:00,nan,nan,nan
2016-10-12@11:00:00,nan,nan,nan
2016-10-12@10:30:00,nan,nan,nan
2016-10-12@10:00:00,nan,nan,nan
