2017-06-30,31.188,31.847,31.913,31.736,33.888
2017-06-29,31.214,32.054,31.853,31.879,34.119
2017-06-28,31.406,32.365,31.750,31.925,34.352
2017-06-27,31.922,32.548,31.738,31.957,34.563
2017-06-26,32.228,32.586,31.716,31.966,34.770
2017-06-23,32.506,32.430,31.672,31.996,34.968
2017-06-22,32.894,32.504,31.618,32.060,35.161
2017-06-21,33.324,32.490,31.513,32.198,35.362
2017-06-20,33.174,32.413,31.445,32.224,35.532
2017-06-19,32.944,32.214,31.526,32.254,35.684
2017-06-16,32.354,31.980,31.680,32.279,35.832
2017-06-15,32.114,31.652,31.791,32.322,36.010
2017-06-14,31.656,31.135,31.705,32.327,36.154
2017-06-13,31.652,30.929,31.661,32.394,36.380
2017-06-12,31.484,30.847,31.656,32.472,36.668
2017-06-09,31.606,30.915,31.779,32.590,37.017
2017-06-08,31.190,30.733,31.838,32.613,37.397
2017-06-07,30.614,30.537,32.052,32.638,37.813
2017-06-06,30.206,30.478,32.129,32.662,38.170
2017-06-05,30.210,30.838,32.273,32.759,38.602
2017-06-02,30.224,31.380,32.429,32.935,39.081
2017-06-01,30.276,31.930,32.656,33.117,39.514
2017-05-31,30.460,32.275,32.922,33.349,39.881
2017-05-26,30.750,32.393,33.126,33.658,40.208
2017-05-25,31.466,32.466,33.285,33.988,40.520
2017-05-24,32.536,32.644,33.427,34.279,40.840
2017-05-23,33.584,32.944,33.553,34.554,41.162
2017-05-22,34.090,33.567,33.688,34.860,41.497
2017-05-19,34.036,33.780,33.754,35.237,41.834
2017-05-18,33.466,33.709,33.720,35.679,42.129
2017-05-17,32.752,33.478,33.713,36.040,42.395
2017-05-16,32.304,33.383,33.710,36.359,42.689
2017-05-15,33.044,33.570,33.886,36.780,43.015
2017-05-12,33.524,33.859,34.290,37.169,43.343
2017-05-11,33.952,34.104,34.748,37.574,43.662
2017-05-10,34.204,34.210,35.097,37.940,43.993
2017-05-09,34.462,34.162,35.359,38.262,44.339
2017-05-08,34.096,33.809,35.506,38.526,44.740
2017-05-05,34.194,33.728,35.965,38.841,45.204
2017-05-04,34.256,33.731,36.664,39.115,45.660
2017-05-03,34.216,33.948,37.320,39.385,46.125
2017-05-02,33.862,34.038,37.847,39.698,46.551
2017-04-28,33.522,34.202,38.384,39.981,46.978
2017-04-27,33.262,34.722,38.824,40.367,47.444
2017-04-26,33.206,35.393,39.309,40.864,47.901
2017-04-25,33.680,35.984,39.804,41.445,48.389
2017-04-24,34.214,36.556,40.312,42.180,48.913
2017-04-21,34.882,37.204,40.885,42.989,49.473
2017-04-20,36.182,38.203,41.397,43.678,50.018
2017-04-19,37.580,39.597,41.806,44.444,50.572
2017-04-18,38.288,40.693,42.104,45.226,51.134
2017-04-17,38.898,41.657,42.528,45.910,51.680
2017-04-14,39.526,42.567,42.870,46.414,52.197
2017-04-13,40.224,42.927,43.190,46.757,52.646
2017-04-12,41.614,43.225,43.599,47.052,53.073
2017-04-11,43.098,43.625,44.175,47.400,53.593
2017-04-10,44.416,44.069,44.992,47.770,54.110
2017-04-07,45.608,44.566,45.881,48.133,54.721
2017-02-09,45.630,44.591,46.415,48.432,55.224
2017-02-08,44.836,44.016,46.868,48.578,55.537
2017-02-07,44.152,43.515,47.493,48.750,55.764
2017-02-06,43.722,43.400,48.037,49.019,55.932
2017-02-03,43.524,43.174,48.337,49.250,56.021
2017-01-26,43.552,43.453,48.672,49.516,56.058
2017-01-25,43.196,43.973,48.966,49.750,56.016
2017-01-24,42.878,44.725,49.287,50.045,55.808
2017-01-23,43.078,45.916,49.621,50.416,55.565
2017-01-20,42.824,47.196,49.917,50.954,55.263
2017-01-19,43.354,48.239,50.352,51.566,54.929
2017-01-18,44.750,49.720,50.859,52.205,54.580
2017-01-17,46.572,51.471,51.368,52.865,54.202
2017-01-16,48.754,52.674,51.828,53.403,53.763
2017-01-13,51.568,53.500,52.287,53.974,53.320
2017-01-12,53.124,53.892,52.547,54.520,52.793
2017-01-11,54.690,53.959,52.638,54.937,52.194
2017-01-10,56.370,53.849,52.705,55.334,51.542
2017-01-09,56.594,53.326,52.665,55.646,50.810
2017-01-06,55.432,52.638,52.833,55.958,50.032
2017-01-05,54.660,52.465,53.230,56.359,-1
2017-01-04,53.228,51.998,53.447,56.700,-1
2017-01-03,51.328,51.265,53.561,57.042,-1
2016-12-30,50.058,50.983,53.767,57.450,-1
2016-12-29,49.844,51.075,54.211,57.981,-1
2016-12-28,50.270,51.203,54.834,58.535,-1
2016-12-27,50.768,51.317,55.426,59.094,-1
2016-12-26,51.202,51.562,56.076,59.786,-1
2016-12-23,51.908,52.005,56.805,60.450,-1
2016-12-22,52.306,53.028,57.618,61.308,-1
2016-12-21,52.136,53.995,58.306,62.016,-1
2016-12-20,51.866,54.896,59.051,62.495,-1
2016-12-19,51.922,55.858,59.930,62.778,-1
2016-12-16,52.102,56.552,60.684,62.846,-1
2016-12-15,53.750,57.348,61.434,62.792,-1
2016-12-14,55.854,58.466,62.201,62.601,-1
2016-12-13,57.926,59.536,62.983,62.282,-1
2016-12-12,59.794,60.590,63.897,61.571,-1
2016-12-09,61.002,61.606,64.672,60.714,-1
2016-12-08,60.946,62.208,65.448,59.572,-1
2016-12-07,61.078,62.617,66.027,58.291,-1
2016-12-06,61.146,63.206,66.295,56.954,-1
2016-12-05,61.386,64.002,66.238,55.539,-1
2016-12-02,62.210,64.816,65.993,54.123,-1
2016-12-01,63.470,65.520,65.513,52.665,-1
2016-11-30,64.156,65.936,64.668,51.066,-1
2016-11-29,65.266,66.430,63.654,49.450,-1
2016-11-28,66.618,67.205,62.061,47.750,-1
2016-11-25,67.422,67.738,60.268,45.975,-1
2016-11-24,67.570,68.689,58.254,44.105,-1
2016-11-23,67.716,69.437,56.128,-1,-1
2016-11-22,67.594,69.384,53.828,-1,-1
2016-11-21,67.792,68.474,51.307,-1,-1
2016-11-18,68.054,67.170,48.777,-1,-1
2016-11-17,69.808,65.507,46.237,-1,-1
2016-11-16,71.158,63.400,43.631,-1,-1
2016-11-15,71.174,60.879,40.959,-1,-1
2016-11-14,69.156,56.918,38.022,-1,-1
2016-11-11,66.286,52.799,35.093,-1,-1
2016-11-10,61.206,47.819,31.813,-1,-1
2016-11-09,55.642,42.819,-1,-1,-1
2016-11-08,50.584,38.273,-1,-1,-1
2016-11-07,44.680,34.141,-1,-1,-1
2016-11-04,39.312,30.384,-1,-1,-1
2016-11-03,34.432,26.968,-1,-1,-1
2016-11-02,29.996,23.863,-1,-1,-1
2016-10-28,25.962,21.040,-1,-1,-1
2016-10-27,23.602,19.127,-1,-1,-1
2016-10-26,21.456,17.388,-1,-1,-1
2016-10-25,19.504,15.807,-1,-1,-1
2016-10-24,17.730,-1,-1,-1,-1
2016-10-21,16.118,-1,-1,-1,-1
2016-10-20,14.652,-1,-1,-1,-1
2016-10-19,13.320,-1,-1,-1,-1
2016-10-18,12.110,-1,-1,-1,-1
2016-10-17,-1,-1,-1,-1,-1
2016-10-14,-1,-1,-1,-1,-1
2016-10-13,-1,-1,-1,-1,-1
2016-10-12,-1,-1,-1,-1,-1
