date,open,high,close,low,volume,price_change,p_change,ma5,ma10,ma20,v_ma5,v_ma10,v_ma20,turnover
2017-03-17 15:00:00,28.33,28.33,27.82,27.82,35039.0,-0.51,-1.8,28.21,27.963,27.744,35209.7,27593.0,22581.6,4.67
2017-03-17 14:00:00,28.26,28.55,28.33,28.26,18537.8,0.07,0.25,28.292,27.912,27.723,33391.9,24998.3,21684.1,2.47
2017-03-17 11:30:00,28.5,28.85,28.26,28.15,47184.0,-0.24,-0.84,28.25,27.798,27.6845,34094.1,24917.1,21118.0,6.29
2017-03-17 10:30:00,28.15,28.62,28.5,28.08,42524.1,0.35,1.24,28.176,27.726,27.647,30431.4,22174.1,19387.3,5.67
2017-03-16 15:00:00,28.22,28.28,28.14,28.08,32763.4,-0.08,-0.28,27.922,27.664,27.597,24725.6,18963.5,18120.9,4.37
2017-03-16 14:00:00,28.13,28.3,28.23,28.1,25950.0,0.1,0.36,27.716,27.626,27.555,19976.4,17140.1,17218.9,3.46
2017-03-16 11:30:00,27.89,28.15,28.12,27.78,22049.0,0.23,0.82,27.532,27.599,27.5115,16604.7,16970.9,16419.7,2.94
2017-03-16 10:30:00,27.39,27.98,27.89,27.34,28870.4,0.5,1.83,27.346,27.584,27.475,15740.2,18360.8,15845.4,3.85
2017-03-15 15:00:00,27.12,27.35,27.23,27.07,13995.4,0.11,0.41,27.276,27.531,27.4475,13916.7,16442.0,15910.4,1.87
2017-03-15 14:00:00,27.29,27.29,27.11,27.05,9017.02,-0.18,-0.66,27.406,27.542,27.483,13201.5,16221.1,16390.9,1.2
2017-03-15 11:30:00,27.19,27.39,27.31,27.08,9091.47,0.12,0.44,27.536,27.525,27.5215,14303.9,17570.2,16580.6,1.21
2017-03-15 10:30:00,27.48,27.48,27.19,27.01,17726.5,-0.29,-1.06,27.666,27.534,27.5485,17337.1,18369.9,17030.2,2.36
2017-03-14 15:00:00,27.87,27.9,27.54,27.54,19753.3,-0.33,-1.18,27.822,27.571,27.586,20981.5,17318.9,17853.2,2.63
2017-03-14 14:00:00,27.8,27.93,27.88,27.66,10419.0,0.08,0.29,27.786,27.568,27.621,18967.2,16600.6,18747.0,1.39
2017-03-14 11:30:00,27.95,27.96,27.76,27.61,14529.4,-0.19,-0.68,27.678,27.53,27.6355,19240.7,17278.3,20683.8,1.94
2017-03-14 10:30:00,27.89,28.11,27.96,27.71,24257.2,0.07,0.25,27.514,27.484,27.6315,20836.4,17297.7,21329.0,3.23
2017-03-13 15:00:00,27.36,28.15,27.97,27.36,35948.5,0.61,2.23,27.402,27.424,27.6075,19402.6,15868.4,21879.5,4.79
2017-03-13 14:00:00,27.34,27.47,27.36,27.17,9681.97,0.02,0.07,27.32,27.366,27.564,13656.3,13330.0,21518.7,1.29
2017-03-13 11:30:00,26.95,27.38,27.34,26.94,11786.4,0.39,1.45,27.35,27.364,27.538,14234.0,15378.8,21642.8,1.57
2017-03-13 10:30:00,27.11,27.11,26.94,26.5,22508.2,-0.17,-0.63,27.382,27.424,27.5035,15316.0,16560.8,21692.0,3.0
2017-03-10 15:00:00,27.54,27.56,27.4,27.12,17088.1,-0.14,-0.51,27.454,27.518,27.48,13758.9,15591.0,21273.6,2.28
2017-03-10 14:00:00,27.52,27.58,27.56,27.47,7216.98,0.04,0.15,27.446,27.563,27.4265,12334.2,15690.5,21122.5,0.96
2017-03-10 11:30:00,27.5,27.75,27.51,27.47,12570.3,0.01,0.04,27.412,27.601,27.366,13003.7,18387.5,21354.7,1.68
2017-03-10 10:30:00,27.39,27.83,27.5,27.31,17196.4,0.11,0.4,27.378,27.674,27.312,16523.5,20893.4,21333.0,2.29
2017-03-09 15:00:00,27.35,27.48,27.3,27.28,14722.8,-0.05,-0.18,27.466,27.741,27.2615,17805.6,24089.2,21426.5,1.96
2017-03-09 14:00:00,27.41,27.53,27.36,27.3,9964.69,-0.05,-0.18,27.582,27.779,27.2405,17423.1,25360.4,21617.8,1.33
2017-03-09 11:30:00,27.34,27.51,27.39,27.23,10564.3,0.05,0.18,27.68,27.791,27.2225,19046.9,27890.5,22085.5,1.41
2017-03-09 10:30:00,27.72,27.78,27.34,27.22,30169.3,-0.38,-1.37,27.79,27.762,27.1935,23771.2,29707.4,22262.5,4.02
2017-03-08 15:00:00,27.88,27.98,27.94,27.63,23606.7,0.06,0.22,27.97,27.712,27.156,25263.2,27906.8,21907.9,3.15
2017-03-08 14:00:00,27.85,27.98,27.88,27.75,12810.5,0.03,0.11,28.016,27.583,27.0915,30372.8,26823.1,21832.3,1.71
2017-03-08 11:30:00,27.94,27.98,27.85,27.72,18083.5,-0.09,-0.32,27.976,27.442,27.045,33297.7,26956.3,21820.3,2.41
2017-03-08 10:30:00,28.24,28.24,27.94,27.71,34186.1,-0.3,-1.06,27.902,27.29,27.0075,36734.2,26554.5,21720.4,4.56
2017-03-07 15:00:00,28.16,28.24,28.24,27.93,37629.4,0.08,0.28,27.734,27.131,26.977,35643.5,24321.9,21810.1,5.02
2017-03-07 14:00:00,27.68,28.26,28.17,27.58,49154.7,0.49,1.77,27.454,26.95,26.917,30550.3,21772.7,20946.1,6.55
2017-03-07 11:30:00,27.48,27.7,27.68,27.31,27435.0,0.2,0.73,27.15,26.782,26.848,23273.4,18763.9,19195.3,3.66
2017-03-07 10:30:00,27.01,27.71,27.48,27.01,35265.6,0.47,1.74,26.908,26.702,26.803,20614.8,17875.2,18502.4,4.7
2017-03-06 15:00:00,26.83,27.2,27.1,26.72,28732.8,0.27,1.01,26.678,26.654,26.754,16374.7,16280.4,18394.7,3.83
2017-03-06 14:00:00,26.65,26.89,26.84,26.62,12163.6,0.19,0.71,26.528,26.625,26.7465,13000.3,14817.7,18196.5,1.62
2017-03-06 11:30:00,26.47,26.77,26.65,26.46,12770.2,0.18,0.68,26.446,26.6,26.7565,12995.0,15908.9,18595.6,1.7
2017-03-06 10:30:00,26.5,26.65,26.47,26.4,14142.0,-0.03,-0.11,26.414,26.6,26.802,14254.3,16841.5,19994.4,1.89
2017-03-03 15:00:00,26.35,26.55,26.33,26.32,14065.1,-0.02,-0.08,26.496,26.648,26.837,15135.6,16684.3,22091.6,1.88
2017-03-03 14:00:00,26.44,26.47,26.35,26.3,11860.5,-0.09,-0.34,26.63,26.725,26.864,16186.2,16886.4,22468.2,1.58
2017-03-03 11:30:00,26.49,26.55,26.43,26.35,12137.3,-0.06,-0.23,26.722,26.823,26.899,16635.1,19298.3,23038.3,1.62
2017-03-03 10:30:00,26.64,26.65,26.49,26.36,19066.8,-0.15,-0.56,26.754,26.884,26.934,18822.9,20119.6,24621.7,2.54
2017-03-02 15:00:00,26.99,27.1,26.88,26.74,18548.2,-0.11,-0.41,26.786,26.914,26.9355,19428.7,19626.6,27587.3,2.47
2017-03-02 14:00:00,26.81,27.11,27.0,26.81,19318.0,0.19,0.71,26.8,26.904,26.859,18233.0,19129.7,27836.5,2.58
2017-03-02 11:30:00,26.59,26.87,26.81,26.43,14105.0,0.22,0.83,26.82,26.854,26.768,17586.6,20508.9,28188.6,1.88
2017-03-02 10:30:00,26.75,26.87,26.59,26.4,23076.3,-0.16,-0.6,26.924,26.868,26.677,21961.6,21575.3,28389.3,3.08
2017-03-01 15:00:00,26.95,27.05,26.65,26.6,22096.2,-0.3,-1.11,27.014,26.913,26.579,21416.4,21282.2,27893.5,2.95
2017-03-01 14:00:00,27.1,27.29,26.95,26.86,12569.6,-0.15,-0.55,27.042,27.004,26.4745,19824.5,23147.3,27412.6,1.68
2017-03-01 11:30:00,27.33,27.33,27.1,27.0,16086.0,-0.23,-0.84,27.008,27.026,26.3515,20026.3,27498.9,27100.8,2.14
2017-03-01 10:30:00,26.83,27.76,27.33,26.81,35980.0,0.5,1.86,26.888,27.003,26.221,23431.2,28050.1,26803.2,4.8
2017-02-28 15:00:00,26.8,27.05,27.04,26.63,20350.1,0.24,0.9,26.812,26.975,26.088,21188.9,26778.2,25696.1,2.71
2017-02-28 14:00:00,26.79,27.06,26.79,26.61,14136.9,0.0,0.0,26.812,26.984,25.97,21148.1,29123.7,25161.4,1.88
2017-02-28 11:30:00,26.5,26.79,26.78,26.3,13578.7,0.28,1.06,26.966,26.957,25.8645,26470.2,35547.9,25031.8,1.81
2017-02-28 10:30:00,26.51,26.95,26.5,26.35,33110.1,-0.01,-0.04,27.044,26.814,25.7565,34971.4,36543.4,24663.6,4.41
2017-02-27 15:00:00,27.04,27.21,26.95,26.67,24768.9,-0.09,-0.33,27.118,26.682,25.6645,32669.0,35868.2,23645.5,3.3
2017-02-27 14:00:00,27.57,27.65,27.04,26.95,20145.9,-0.53,-1.92,27.138,26.486,25.538,32367.5,35203.4,22856.9,2.69
2017-02-27 11:30:00,27.2,28.0,27.56,27.16,40747.2,0.36,1.32,27.156,26.245,25.397,37099.3,34504.8,22094.1,5.43
2017-02-27 10:30:00,26.55,27.33,27.17,26.25,56084.9,0.62,2.34,26.948,25.945,25.23,44625.7,31677.9,20794.2,7.48
2017-02-24 15:00:00,27.05,27.05,26.87,26.82,21598.2,-0.18,-0.67,26.584,25.677,25.081,38115.4,26702.8,19333.7,2.88
2017-02-24 14:00:00,27.14,27.29,27.05,26.8,23261.4,-0.09,-0.33,26.246,25.439,24.981,39067.4,25556.4,18909.9,3.1
2017-02-24 11:30:00,26.52,27.34,27.13,26.42,43804.9,0.61,2.3,25.834,25.201,24.88,38039.2,24614.0,18525.3,5.84
2017-02-24 10:30:00,25.38,27.07,26.52,25.32,78379.3,1.14,4.49,25.334,24.956,24.7885,31910.3,21199.2,17140.6,10.45
2017-02-23 15:00:00,25.18,25.39,25.35,24.96,23533.3,0.17,0.68,24.942,24.772,24.754,18730.0,14515.6,14516.9,3.14
2017-02-23 14:00:00,24.99,25.44,25.18,24.99,26358.2,0.19,0.76,24.77,24.699,24.756,15290.1,12783.9,14188.9,3.51
2017-02-23 11:30:00,24.63,24.99,24.99,24.58,18120.5,0.36,1.46,24.632,24.647,24.7555,12045.3,11422.8,13253.1,2.42
2017-02-23 10:30:00,24.6,24.73,24.63,24.5,13160.0,0.03,0.12,24.568,24.59,24.766,11188.7,10510.3,12930.4,1.75
2017-02-22 15:00:00,24.5,24.58,24.56,24.4,12477.9,0.06,0.24,24.578,24.549,24.7955,10488.1,9683.42,13433.7,1.66
2017-02-22 14:00:00,24.5,24.62,24.49,24.41,6334.08,-0.01,-0.04,24.602,24.515,24.843,10301.3,9910.51,14080.5,0.84
2017-02-22 11:30:00,24.67,24.71,24.49,24.4,10134.2,-0.18,-0.73,24.628,24.485,24.9185,10277.6,11964.7,14721.8,1.35
2017-02-22 10:30:00,24.75,24.94,24.67,24.55,13837.2,-0.08,-0.32,24.662,24.523,24.989,10800.3,12263.4,15293.9,1.84
2017-02-21 15:00:00,24.68,24.76,24.68,24.64,9657.0,0.0,0.0,24.612,24.559,25.0465,9831.98,12436.7,16468.7,1.29
2017-02-21 14:00:00,24.61,24.88,24.68,24.58,11543.8,0.07,0.28,24.52,24.621,25.1005,8878.75,13082.1,17197.1,1.54
2017-02-21 11:30:00,24.66,24.69,24.62,24.51,6216.0,-0.04,-0.16,24.428,24.736,25.1465,9519.77,14518.2,17392.2,0.83
2017-02-21 10:30:00,24.43,24.74,24.66,24.35,12747.6,0.23,0.94,24.342,24.813,25.2035,13651.8,15593.8,19613.4,1.7
2017-02-20 15:00:00,24.22,24.42,24.42,24.19,8995.52,0.2,0.83,24.384,24.864,25.22,13726.6,15083.5,19878.4,1.2
2017-02-20 14:00:00,24.22,24.33,24.22,24.18,4890.82,0.0,0.0,24.506,24.942,25.2525,15041.5,15350.5,20200.4,0.65
2017-02-20 11:30:00,24.19,24.24,24.22,23.95,14748.9,0.03,0.12,24.722,25.042,25.288,17285.4,17183.9,20993.3,1.97
2017-02-20 10:30:00,24.5,24.8,24.19,24.03,26875.9,-0.31,-1.27,25.044,25.171,25.329,19516.6,18250.6,21160.4,3.58
2017-02-17 15:00:00,25.02,25.24,24.87,24.85,13121.7,-0.15,-0.6,25.284,25.352,25.3435,17535.9,17478.9,20543.3,1.75
2017-02-17 14:00:00,25.27,25.28,25.03,24.94,15570.0,-0.24,-0.95,25.344,25.455,25.3125,16440.4,18324.3,20446.5,2.08
2017-02-17 11:30:00,25.84,25.87,25.3,25.29,16110.7,-0.54,-2.09,25.378,25.534,25.284,15659.5,20500.6,19947.5,2.15
2017-02-17 10:30:00,25.3,25.96,25.83,25.24,25904.8,0.53,2.09,25.362,25.58,25.238,17082.4,21312.1,19528.0,3.45
2017-02-16 15:00:00,25.17,25.42,25.39,25.05,16972.4,0.22,0.87,25.298,25.557,25.167,16984.5,20266.2,19497.4,2.26
2017-02-16 14:00:00,25.23,25.38,25.17,25.13,7643.9,-0.06,-0.24,25.42,25.594,25.1345,17421.8,23632.9,19347.2,1.02
2017-02-16 11:30:00,25.23,25.36,25.2,25.1,11665.6,-0.03,-0.12,25.566,25.576,25.1145,20208.2,24673.4,19387.0,1.56
2017-02-16 10:30:00,25.26,25.53,25.22,25.07,23225.3,-0.04,-0.16,25.69,25.563,25.097,25341.7,25050.2,19509.1,3.1
2017-02-15 15:00:00,26.0,26.06,25.51,25.43,25415.4,-0.49,-1.88,25.798,25.534,25.079,25541.7,24802.6,20733.6,3.39
2017-02-15 14:00:00,25.91,26.14,26.0,25.91,19159.0,0.09,0.35,25.816,25.487,25.0365,23547.9,24070.2,20446.8,2.55
2017-02-15 11:30:00,25.81,25.98,25.9,25.53,21575.9,0.09,0.35,25.768,25.335,24.9765,29844.0,23607.8,20536.9,2.88
2017-02-15 10:30:00,25.64,26.16,25.82,25.52,37333.0,0.18,0.7,25.586,25.17,24.9055,29138.5,22568.6,20734.7,4.98
2017-02-14 15:00:00,25.6,25.97,25.76,25.56,24225.4,0.16,0.63,25.436,25.034,24.8145,24758.7,19394.5,19552.3,3.23
2017-02-14 14:00:00,25.78,25.79,25.6,25.43,15446.1,-0.18,-0.7,25.27,24.896,24.724,24063.4,17743.9,18732.0,2.06
2017-02-14 11:30:00,24.99,25.88,25.76,24.99,50639.7,0.77,3.08,25.158,24.777,24.635,24592.5,18728.7,18320.4,6.75
2017-02-14 10:30:00,25.07,25.07,24.99,24.77,18048.4,-0.08,-0.32,24.902,24.675,24.5325,17371.6,15061.5,16344.0,2.41
2017-02-13 15:00:00,24.94,25.14,25.07,24.92,15434.1,0.13,0.52,24.754,24.653,24.4735,15998.7,14100.7,16557.5,2.06
2017-02-13 14:00:00,25.06,25.21,24.93,24.92,20748.9,-0.13,-0.52,24.632,24.631,24.4255,14030.2,13968.0,16427.3,2.77
2017-02-13 11:30:00,24.48,25.06,25.04,24.41,18091.2,0.56,2.29,24.522,24.624,24.3855,11424.4,16664.6,16440.0,2.41
2017-02-13 10:30:00,24.15,24.64,24.48,24.04,14535.3,0.33,1.37,24.396,24.586,24.326,12864.9,16823.5,16127.8,1.94
2017-02-10 15:00:00,24.45,24.5,24.25,24.24,11184.0,-0.2,-0.82,24.448,24.618,24.286,12751.4,17466.0,17013.7,1.49
2017-02-10 14:00:00,24.38,24.52,24.46,24.32,5591.72,0.08,0.33,24.552,24.641,24.221,12202.6,18900.9,16631.9,0.75
2017-02-10 11:30:00,24.4,24.4,24.38,24.26,7719.99,-0.02,-0.08,24.63,24.595,24.154,13905.8,19710.0,16648.6,1.03
2017-02-10 10:30:00,24.69,24.69,24.41,24.24,25293.4,-0.28,-1.13,24.726,24.552,24.078,21904.8,19720.0,16512.4,3.37
2017-02-09 15:00:00,24.76,24.89,24.74,24.68,13968.0,-0.02,-0.08,24.776,24.493,24.003,20782.2,17912.1,15648.7,1.86
2017-02-09 14:00:00,24.88,25.03,24.77,24.74,8440.0,-0.11,-0.44,24.788,24.39,23.9205,22180.5,17626.4,15325.3,1.13
2017-02-09 11:30:00,24.85,24.99,24.85,24.71,14107.4,0.0,0.0,24.73,24.294,23.837,25599.1,19014.4,15043.5,1.88
2017-02-09 10:30:00,24.75,25.45,24.86,24.75,47715.3,0.11,0.44,24.56,24.22,23.748,25514.3,18886.6,14623.5,6.36
2017-02-08 15:00:00,24.8,24.84,24.66,24.56,19680.0,-0.14,-0.56,24.378,24.147,23.6625,17535.2,16215.4,12630.7,2.62
2017-02-08 14:00:00,24.5,24.85,24.8,24.45,20959.9,0.3,1.22,24.21,24.066,23.583,15042.0,15432.1,12207.4,2.79
2017-02-08 11:30:00,24.0,24.65,24.48,23.99,25532.8,0.48,2.0,23.992,23.954,23.493,13072.3,16561.3,11338.6,3.4
2017-02-08 10:30:00,24.02,24.08,24.0,23.82,13683.5,-0.02,-0.08,23.858,23.801,23.418,12429.8,14363.0,10386.8,1.82
2017-02-07 15:00:00,23.82,23.95,23.95,23.72,7819.86,0.13,0.55,23.88,23.713,23.363,12258.9,13587.2,10102.1,1.04
2017-02-07 14:00:00,23.7,23.88,23.82,23.66,7213.86,0.12,0.51,23.916,23.604,23.304,14895.6,13304.8,10282.1,0.96
2017-02-07 11:30:00,23.83,23.89,23.71,23.65,11111.5,-0.12,-0.5,23.922,23.513,23.258,15822.3,13385.3,10171.1,1.48
2017-02-07 10:30:00,24.0,24.09,23.81,23.76,22320.0,-0.19,-0.79,23.916,23.451,23.2255,20050.4,13024.3,10023.9,2.98
2017-02-06 15:00:00,24.14,24.16,24.11,23.94,12829.5,-0.03,-0.12,23.744,23.38,23.188,16296.3,11072.6,9578.88,1.71
2017-02-06 14:00:00,23.88,24.29,24.13,23.85,21003.1,0.25,1.05,23.546,23.276,23.1525,14915.4,10360.3,9444.34,2.8
2017-02-06 11:30:00,23.68,23.91,23.85,23.63,11847.3,0.17,0.72,23.292,23.178,23.126,11714.0,9045.92,8664.63,1.58
2017-02-06 10:30:00,23.15,23.85,23.68,23.1,32252.0,0.53,2.29,23.104,23.1,23.1145,10948.4,8982.6,8897.38,4.3
2017-02-03 15:00:00,23.12,23.12,22.95,22.93,3549.73,-0.17,-0.74,22.986,23.032,23.1255,5998.18,6115.9,8663.71,0.47
2017-02-03 14:00:00,22.86,23.17,23.12,22.85,5925.08,0.26,1.14,23.016,23.035,23.139,5848.84,6410.56,9067.21,0.79
2017-02-03 11:30:00,22.91,22.91,22.86,22.7,4995.97,-0.05,-0.22,23.006,23.013,23.1495,5805.21,6617.03,9234.35,0.67
2017-02-03 10:30:00,23.15,23.19,22.91,22.81,8019.05,-0.24,-1.04,23.064,23.004,23.173,6377.81,7259.32,10159.6,1.07
2017-01-26 15:00:00,23.1,23.11,23.09,23.04,7501.08,-0.01,-0.04,23.096,23.003,23.175,7016.82,6956.9,10406.4,1.0
2017-01-26 14:00:00,23.08,23.1,23.1,23.0,2803.0,0.02,0.09,23.078,23.0,23.15,6233.61,7023.5,10462.3,0.37
2017-01-26 11:30:00,23.15,23.15,23.07,22.96,5706.97,-0.08,-0.35,23.054,22.996,23.127,6972.29,8085.17,10657.5,0.76
2017-01-26 10:30:00,23.17,23.3,23.15,23.1,7858.97,-0.02,-0.09,23.02,23.029,23.119,7428.85,8528.35,11159.6,1.05
2017-01-25 15:00:00,23.0,23.18,23.07,22.95,11214.1,0.07,0.3,22.944,23.074,23.086,8140.83,8283.35,11617.9,1.5
2017-01-25 14:00:00,22.98,23.02,23.0,22.89,3585.0,0.02,0.09,22.91,23.129,23.0575,6896.98,8812.16,11661.6,0.48
2017-01-25 11:30:00,22.9,23.08,22.98,22.89,6496.42,0.08,0.35,22.922,23.219,23.0485,7813.39,11211.5,11776.7,0.87
2017-01-25 10:30:00,22.7,22.9,22.9,22.65,7989.74,0.2,0.88,22.938,23.243,23.04,9198.04,11723.8,11781.8,1.07
2017-01-24 15:00:00,22.9,22.94,22.77,22.62,11418.9,-0.13,-0.57,23.038,23.286,23.0255,9627.86,11851.7,12384.3,1.52
2017-01-24 14:00:00,23.06,23.06,22.9,22.85,4994.86,-0.16,-0.69,23.204,23.342,23.0535,8425.87,13059.9,12872.2,0.67
2017-01-24 11:30:00,23.05,23.07,23.06,22.85,8167.02,0.01,0.04,23.348,23.347,23.079,10727.3,13855.9,14300.0,1.09
2017-01-24 10:30:00,23.24,23.53,23.06,23.05,13419.7,-0.18,-0.77,23.516,23.3,23.0235,14609.6,13901.0,14394.8,1.79
2017-01-23 15:00:00,23.6,23.61,23.4,23.32,10138.8,-0.2,-0.85,23.548,23.258,22.993,14249.7,13229.7,14326.8,1.35
2017-01-23 14:00:00,23.61,23.7,23.6,23.55,5408.97,-0.01,-0.04,23.534,23.209,22.944,14075.5,13790.9,15061.6,0.72
2017-01-23 11:30:00,23.89,23.91,23.62,23.59,16502.2,-0.27,-1.13,23.48,23.098,22.915,17693.9,14952.4,15049.1,2.2
2017-01-23 10:30:00,23.16,23.96,23.9,23.08,27578.6,0.74,3.2,23.346,22.986,22.889,16984.5,14511.0,14909.9,3.68
2017-01-20 15:00:00,23.33,23.33,23.22,23.11,11619.7,-0.11,-0.47,23.084,22.878,22.8345,13192.4,12341.9,14617.4,1.55
2017-01-20 14:00:00,23.36,23.41,23.33,23.24,9268.0,-0.03,-0.13,22.968,22.837,22.8435,12209.8,11839.7,15178.8,1.24
2017-01-20 11:30:00,22.95,23.47,23.33,22.93,23501.2,0.38,1.66,22.884,22.765,22.8695,13506.4,12916.8,15081.0,3.13
2017-01-20 10:30:00,22.5,22.99,22.95,22.36,12954.8,0.45,2.0,22.716,22.765,22.9115,12210.8,12684.6,14498.5,1.73
2017-01-19 15:00:00,22.64,22.9,22.59,22.55,8618.17,-0.05,-0.22,22.626,22.811,22.9625,12037.4,14744.1,14960.1,1.15
2017-01-19 14:00:00,22.92,22.93,22.64,22.56,6707.03,-0.28,-1.22,22.672,22.747,23.068,11491.4,14888.6,15313.9,0.89
2017-01-19 11:30:00,22.5,23.05,22.91,22.45,15750.8,0.41,1.82,22.706,22.728,23.1735,11469.6,15423.9,15342.0,2.1
2017-01-19 10:30:00,22.22,22.56,22.49,21.84,17023.4,0.27,1.22,22.646,22.679,23.285,12327.3,16332.2,14904.1,2.27
2017-01-18 15:00:00,22.82,22.87,22.5,22.47,12087.8,-0.32,-1.4,22.814,22.732,23.4105,13158.4,15145.8,14792.0,1.61
2017-01-18 14:00:00,22.81,23.05,22.82,22.74,5887.94,0.01,0.04,22.996,22.792,23.5325,17450.8,15308.9,14964.1,0.79
2017-01-18 11:30:00,22.61,22.87,22.81,22.59,6598.02,0.2,0.88,22.822,22.791,23.6475,18285.7,16893.0,15156.3,0.88
2017-01-18 10:30:00,23.06,23.06,22.61,22.61,20039.3,-0.45,-1.95,22.75,22.85,23.7695,19378.3,18517.9,15536.6,2.67
2017-01-17 15:00:00,23.42,23.54,23.33,23.2,21178.7,-0.09,-0.38,22.712,22.974,23.9225,20337.1,17245.2,15086.1,2.82
2017-01-17 14:00:00,21.95,23.55,23.41,21.56,33549.8,1.46,6.65,22.65,23.058,24.0455,17133.2,16312.4,14682.5,4.47
2017-01-17 11:30:00,22.46,22.56,21.95,21.82,10062.9,-0.51,-2.27,22.588,23.114,24.173,13167.1,15176.2,13369.1,1.34
2017-01-17 10:30:00,22.32,22.65,22.45,22.13,12060.8,0.13,0.58,22.76,23.389,24.388,15500.2,15739.3,13146.8,1.61
2017-01-16 15:00:00,23.02,23.02,22.42,21.52,24833.3,-0.6,-2.61,22.95,23.619,24.577,17657.4,15260.1,13462.0,3.31
2017-01-16 14:00:00,23.07,23.12,23.02,22.94,5158.95,-0.05,-0.22,23.236,23.891,24.749,14153.4,13476.0,12652.8,0.69
2017-01-16 11:30:00,22.8,23.32,23.1,22.73,13719.6,0.3,1.32,23.466,24.089,24.8905,15491.7,14438.3,12754.4,1.83
2017-01-16 10:30:00,23.19,23.28,22.81,22.56,21728.2,-0.38,-1.64,23.64,24.273,25.04,17185.3,14619.2,12609.3,2.9
2017-01-13 15:00:00,23.85,23.96,23.4,23.1,22847.2,-0.45,-1.89,24.018,24.504,25.19,15978.4,13419.7,12595.5,3.05
2017-01-13 14:00:00,24.17,24.17,23.85,23.84,7312.92,-0.32,-1.32,24.288,24.689,25.3225,12862.8,12555.3,12398.0,0.98
2017-01-13 11:30:00,23.96,24.33,24.17,23.82,11850.4,0.21,0.88,24.546,24.871,25.446,12798.6,12927.0,12840.6,1.58
2017-01-13 10:30:00,24.69,24.79,23.97,23.9,22187.7,-0.72,-2.92,24.712,25.033,25.564,13384.9,13052.7,12878.2,2.96
2017-01-12 15:00:00,24.75,24.84,24.7,24.52,15693.8,-0.05,-0.2,24.906,25.232,25.689,12053.2,11561.9,13621.6,2.09
2017-01-12 14:00:00,25.14,25.14,24.75,24.72,7269.13,-0.39,-1.55,24.99,25.387,25.826,10861.1,10554.3,14670.7,0.97
2017-01-12 11:30:00,25.0,25.21,25.14,24.96,6991.99,0.14,0.56,25.09,25.535,25.9935,12247.8,11664.0,15043.3,0.93
2017-01-12 10:30:00,24.92,25.28,25.0,24.82,14781.8,0.08,0.32,25.196,25.607,26.1425,13055.5,11829.5,15438.2,1.97
2017-01-11 15:00:00,25.12,25.25,24.94,24.91,15529.1,-0.18,-0.72,25.354,25.692,26.3045,12720.4,11070.6,15914.9,2.07
2017-01-11 14:00:00,25.25,25.28,25.12,25.05,9733.28,-0.13,-0.51,25.558,25.807,26.4885,11070.7,10599.4,16294.0,1.3
2017-01-11 11:30:00,25.66,25.68,25.25,25.25,14202.8,-0.41,-1.6,25.784,25.876,26.6705,10247.5,11771.3,16351.0,1.89
2017-01-11 10:30:00,25.62,25.89,25.67,25.62,11030.4,0.05,0.2,25.98,25.956,26.841,11080.1,12240.7,16162.9,1.47
2017-01-10 15:00:00,25.95,26.05,25.79,25.7,13106.5,-0.16,-0.62,26.018,26.021,26.99,10603.6,12754.2,16717.0,1.75
2017-01-10 14:00:00,26.24,26.26,25.96,25.91,7280.49,-0.28,-1.07,26.03,26.095,27.146,9420.77,12703.7,17161.1,0.97
2017-01-10 11:30:00,26.23,26.25,26.25,26.16,5617.38,0.02,0.08,26.056,26.146,27.303,10128.1,15681.3,17720.6,0.75
2017-01-10 10:30:00,25.78,26.35,26.23,25.75,18366.0,0.45,1.75,25.968,26.265,27.4205,13295.1,18787.2,18254.0,2.45
2017-01-09 15:00:00,25.85,25.92,25.86,25.75,8647.54,0.01,0.04,25.932,26.452,27.548,13401.3,18422.7,18606.7,1.15
2017-01-09 14:00:00,26.09,26.15,25.85,25.85,7192.44,-0.24,-0.92,26.024,26.678,27.6995,14904.8,19046.8,19378.8,0.96
2017-01-09 11:30:00,25.81,26.18,26.09,25.74,10817.0,0.28,1.08,26.16,26.917,27.864,15986.6,20759.2,20959.8,1.44
2017-01-09 10:30:00,26.0,26.04,25.81,25.48,21452.8,-0.19,-0.73,26.236,27.17,27.9775,21234.5,21988.6,20857.9,2.86
2017-01-06 15:00:00,26.32,26.42,26.05,26.02,18896.6,-0.27,-1.03,26.562,27.465,28.0995,24279.2,20930.7,20678.0,2.52
2017-01-06 14:00:00,26.53,26.54,26.32,26.06,16165.2,-0.21,-0.79,26.972,27.726,28.211,23444.1,20085.2,20575.3,2.16
2017-01-06 11:30:00,26.47,26.69,26.53,26.33,12601.7,0.06,0.23,27.332,27.959,28.3215,23188.7,20679.8,20286.0,1.68
2017-01-06 10:30:00,27.22,27.39,26.47,26.41,37056.4,-0.75,-2.76,27.674,28.197,28.433,25531.7,21618.5,20538.2,4.94
2017-01-05 15:00:00,28.1,28.1,27.44,27.4,36676.0,-0.66,-2.35,28.104,28.46,28.529,22742.6,19760.0,20099.5,4.89
2017-01-05 14:00:00,28.12,28.17,28.1,27.91,14721.4,-0.02,-0.07,28.368,28.576,28.5545,17582.2,17720.8,19274.3,1.96
2017-01-05 11:30:00,28.25,28.25,28.12,28.03,14888.2,-0.13,-0.46,28.48,28.644,28.564,16726.2,18790.7,18886.7,1.99
2017-01-05 10:30:00,28.64,28.64,28.24,28.19,24316.7,-0.4,-1.4,28.586,28.721,28.5755,18170.9,19710.9,18656.6,3.24
2017-01-04 15:00:00,28.76,28.77,28.62,28.53,23110.9,-0.14,-0.49,28.72,28.811,28.5765,17705.3,21160.3,18499.6,3.08
2017-01-04 14:00:00,28.68,28.81,28.76,28.66,10874.0,0.08,0.28,28.816,28.785,28.5785,16777.3,19727.1,18324.6,1.45
2017-01-04 11:30:00,28.65,28.83,28.66,28.61,10441.3,0.01,0.03,28.784,28.734,28.568,17859.3,20425.4,18309.3,1.39
2017-01-04 10:30:00,28.82,28.82,28.65,28.5,22111.4,-0.17,-0.59,28.808,28.696,28.5705,20855.2,21065.5,18240.9,2.95
2017-01-03 15:00:00,29.1,29.16,28.91,28.88,21989.0,-0.19,-0.65,28.856,28.684,28.578,21251.0,19892.2,18597.0,2.93
2017-01-03 14:00:00,28.61,29.17,29.1,28.52,18470.8,0.49,1.71,28.902,28.669,28.5825,24615.3,19457.9,18685.5,2.46
2017-01-03 11:30:00,28.78,28.95,28.6,28.57,16284.1,-0.18,-0.63,28.754,28.598,28.5705,22677.0,20439.0,18280.7,2.17
2017-01-03 10:30:00,28.93,29.05,28.78,28.61,25420.8,-0.15,-0.52,28.684,28.533,28.58,22991.4,20827.8,19318.5,3.39
2016-12-30 15:00:00,29.15,29.15,28.89,28.66,24090.1,-0.26,-0.89,28.584,28.484,28.5205,21275.8,18982.6,19825.6,3.21
2016-12-30 14:00:00,28.38,29.35,29.14,28.36,38810.8,0.76,2.68,28.512,28.43,28.495,18533.5,17602.2,20149.5,5.17
2016-12-30 11:30:00,28.25,28.39,28.36,28.15,8779.21,0.11,0.39,28.436,28.342,28.469,14300.5,15838.8,19264.5,1.17
2016-12-30 10:30:00,28.25,28.55,28.25,28.11,17856.3,0.0,0.0,28.442,28.372,28.5,18201.1,16922.0,20500.7,2.38
2016-12-29 15:00:00,28.53,28.56,28.28,28.22,16842.6,-0.25,-0.88,28.382,28.402,28.5675,18664.2,16193.2,21543.8,2.25
2016-12-29 14:00:00,28.79,28.8,28.53,28.5,10378.6,-0.26,-0.9,28.384,28.445,28.6625,16689.5,15416.4,21853.8,1.38
2016-12-29 11:30:00,28.38,28.76,28.76,28.17,17646.0,0.38,1.34,28.348,28.472,28.7545,16670.9,17301.8,21892.4,2.35
2016-12-29 10:30:00,27.98,28.63,28.39,27.9,28281.9,0.41,1.47,28.248,28.496,28.84,17377.1,17913.1,21865.6,3.77
2016-12-28 15:00:00,28.3,28.33,27.95,27.86,20172.0,-0.35,-1.24,28.302,28.543,28.93,15643.0,16122.3,22269.0,2.69
2016-12-28 14:00:00,28.34,28.46,28.29,28.22,6968.81,-0.05,-0.18,28.422,28.627,29.0765,13722.1,17809.2,22506.3,0.93
2016-12-28 11:30:00,28.25,28.43,28.35,28.2,10285.7,0.1,0.35,28.506,28.557,29.208,14143.2,20668.6,23159.7,1.37
2016-12-28 10:30:00,28.45,28.73,28.26,28.16,21177.0,-0.19,-0.67,28.596,28.56,29.3255,17932.8,22696.7,24896.6,2.82
2016-12-27 15:00:00,28.55,28.9,28.66,28.37,19611.3,0.11,0.39,28.744,28.596,29.482,18449.1,22690.2,25937.5,2.61
2016-12-27 14:00:00,28.71,28.79,28.55,28.52,10567.8,-0.16,-0.56,28.784,28.628,29.6365,16601.7,24079.4,25973.4,1.41
2016-12-27 11:30:00,28.83,28.86,28.71,28.64,9074.39,-0.12,-0.42,28.832,28.733,29.7965,21896.3,26894.4,26504.6,1.21
2016-12-27 10:30:00,28.6,29.08,28.8,28.45,29233.5,0.2,0.7,28.608,28.88,29.9715,27193.9,28291.3,26765.3,3.9
2016-12-26 15:00:00,28.86,29.22,29.0,28.82,23758.4,0.14,0.49,28.524,29.037,30.1515,27460.7,26482.9,27201.9,3.17
2016-12-26 14:00:00,28.79,28.93,28.86,28.66,10374.6,0.07,0.24,28.448,29.184,30.299,26931.4,25818.2,27633.3,1.38
2016-12-26 11:30:00,27.59,29.2,28.79,27.38,37040.8,1.2,4.35,28.472,29.317,30.4725,31557.0,28415.7,27799.9,4.94
2016-12-26 10:30:00,27.9,27.9,27.59,27.12,35562.1,-0.31,-1.11,28.634,29.526,30.6735,31892.5,27203.4,27122.9,4.74
2016-12-23 15:00:00,28.64,28.79,28.38,28.23,30567.4,-0.26,-0.91,29.152,29.859,30.9135,29388.6,25650.9,28335.9,4.08
2016-12-23 14:00:00,28.96,29.07,28.62,28.53,21112.2,-0.34,-1.17,29.55,30.091,31.1625,25505.1,27096.6,29393.5,2.81
2016-12-23 11:30:00,29.61,29.69,28.98,28.88,33502.4,-0.63,-2.13,29.92,30.368,31.394,24704.9,29184.8,29993.2,4.47
2016-12-23 10:30:00,30.18,30.37,29.6,29.52,38718.5,-0.58,-1.92,30.162,30.645,31.6235,25274.4,27867.4,30509.7,5.16
2016-12-22 15:00:00,30.37,30.47,30.18,30.14,23042.7,-0.19,-0.63,30.418,30.86,31.8475,22514.2,26114.7,32104.5,3.07
2016-12-22 14:00:00,30.4,30.45,30.37,30.13,11149.8,-0.03,-0.1,30.566,31.063,32.1035,21913.1,25239.4,33005.9,1.49
2016-12-22 11:30:00,30.19,30.74,30.47,30.1,17111.3,0.28,0.93,30.632,31.266,32.4015,28688.0,27920.9,34365.1,2.28
2016-12-22 10:30:00,30.5,30.77,30.19,30.04,36349.5,-0.31,-1.02,30.816,31.414,32.679,33664.7,29448.5,36049.0,4.85
2016-12-21 15:00:00,30.92,30.99,30.88,30.59,24917.9,-0.04,-0.13,31.128,31.628,32.904,30460.4,27184.2,39156.7,3.32
2016-12-21 14:00:00,30.7,31.08,30.92,30.52,20037.1,0.22,0.72,31.302,31.821,33.1045,29715.2,27042.4,42287.4,2.67
2016-12-21 11:30:00,31.45,31.48,30.7,30.4,45024.1,-0.75,-2.38,31.56,31.968,33.4065,28565.7,31021.0,43178.1,6.0
2016-12-21 10:30:00,32.2,32.2,31.39,31.14,41994.7,-0.81,-2.52,31.9,32.234,33.7115,27153.8,31690.5,42802.8,5.6
2016-12-20 15:00:00,31.76,31.99,31.75,31.52,20328.1,-0.01,-0.03,32.012,32.42,33.9765,25232.3,30801.5,48044.5,2.71
2016-12-20 14:00:00,32.19,32.25,31.75,31.52,21192.0,-0.44,-1.37,32.128,32.602,34.299,23907.9,33152.0,48291.0,2.83
2016-12-20 11:30:00,32.4,32.42,32.21,32.0,14289.4,-0.19,-0.59,32.34,32.835,34.6215,24369.7,38094.2,51479.4,1.91
2016-12-20 10:30:00,31.67,32.68,32.4,31.67,37964.6,0.73,2.31,32.376,33.144,34.88,33476.3,40772.4,53987.4,5.06
2016-12-19 15:00:00,32.34,32.44,31.95,31.82,32387.2,-0.39,-1.21,32.568,33.537,35.075,36227.3,40809.3,64647.3,4.32
2016-12-19 14:00:00,32.81,32.98,32.33,32.33,13706.4,-0.48,-1.46,32.828,33.944,35.214,36370.8,42649.6,63062.5,1.83
2016-12-19 11:30:00,32.39,33.24,32.81,32.31,23500.8,0.42,1.3,33.076,34.18,35.334,42396.1,51129.2,62403.6,3.13
2016-12-19 10:30:00,33.37,33.37,32.39,31.85,59822.4,-0.98,-2.94,33.33,34.388,35.43,51818.8,57532.4,61244.2,7.98
2016-12-16 15:00:00,33.25,33.81,33.36,32.84,51719.7,0.11,0.33,33.912,34.845,35.547,48068.5,55335.2,58498.6,6.9
2016-12-16 14:00:00,33.57,33.9,33.25,33.04,33104.6,-0.32,-0.95,34.506,35.189,35.4575,45391.3,53915.0,55920.6,4.41
2016-12-16 11:30:00,34.08,34.32,33.57,33.3,43833.1,-0.51,-1.5,35.06,35.533,35.3735,48928.4,65287.5,54272.6,5.84
2016-12-16 10:30:00,34.55,35.03,34.08,33.7,70614.3,-0.47,-1.36,35.284,35.996,35.2735,59862.4,63430.0,52090.7,9.42
2016-12-15 15:00:00,36.37,36.37,35.3,35.09,41070.9,-1.07,-2.94,35.446,36.408,35.148,63246.0,64864.6,48647.2,5.48
2016-12-15 14:00:00,36.0,36.48,36.33,35.3,38333.4,0.33,0.92,35.778,36.616,34.818,62601.9,67202.4,46597.0,5.11
2016-12-15 11:30:00,34.69,36.48,36.02,34.24,50790.4,1.33,3.83,35.872,36.613,34.4365,62438.8,88485.3,44681.5,6.77
2016-12-15 10:30:00,32.91,35.46,34.69,32.91,98502.8,1.78,5.41,36.006,36.484,34.0705,81646.5,83475.5,42144.8,13.13
2016-12-14 15:00:00,36.96,36.99,34.89,34.51,87532.5,-2.07,-5.6,36.708,36.488,33.771,66997.6,73677.9,37232.2,11.67
2016-12-14 14:00:00,36.76,37.18,36.96,36.36,37850.3,0.2,0.54,37.37,36.472,33.331,66483.3,64956.0,32856.2,5.05
2016-12-14 11:30:00,36.71,37.19,36.8,36.4,37517.9,0.09,0.25,37.454,36.249,32.7875,71803.0,61662.1,30964.2,5.0
2016-12-14 10:30:00,36.35,37.79,36.69,35.51,146829.0,0.34,0.94,37.354,35.726,32.252,114532.0,57926.1,29088.6,19.58
2016-12-13 15:00:00,38.2,38.2,38.2,37.55,25258.2,0.0,0.0,36.962,35.214,31.722,85304.5,43257.7,21755.7,3.37
2016-12-13 14:00:00,37.36,38.2,38.2,37.27,84961.0,0.84,2.25,36.268,34.551,30.998,80358.2,40751.5,20493.7,11.33
2016-12-13 11:30:00,36.33,37.5,37.38,35.99,64448.9,1.05,2.89,35.574,33.888,30.274,63428.6,32429.7,16246.2,8.59
2016-12-13 10:30:00,33.8,37.99,36.3,31.55,251162.0,2.5,7.4,35.044,33.02,29.591,51521.2,25991.6,13024.6,33.49
2016-12-12 15:00:00,34.73,34.73,34.73,34.73,692.24,0.0,0.0,34.098,32.26,28.962,1320.44,877.64,471.95,0.09
2016-12-12 14:00:00,34.73,34.73,34.73,34.73,526.95,0.0,0.0,33.466,31.657,28.3035,1211.02,814.12,439.09,0.07
2016-12-12 11:30:00,34.73,34.73,34.73,34.73,313.05,0.0,0.0,32.834,31.054,27.645,1144.82,786.43,413.94,0.04
2016-12-12 10:30:00,34.73,34.73,34.73,34.73,4911.76,0.0,0.0,32.202,30.19,26.9865,1430.84,756.42,400.79,0.65
2016-12-09 15:00:00,31.57,31.57,31.57,31.57,158.21,0.0,0.0,30.996,29.326,26.328,462.09,266.34,164.4,0.02
2016-12-09 14:00:00,31.57,31.57,31.57,31.57,145.11,0.0,0.0,30.422,28.778,25.7295,434.85,251.02,156.74,0.02
2016-12-09 11:30:00,31.57,31.57,31.57,31.57,195.97,0.0,0.0,29.848,28.23,25.131,417.22,253.72,150.38,0.03
2016-12-09 10:30:00,31.57,31.57,31.57,31.57,1743.15,0.0,0.0,29.274,27.445,24.5325,428.03,235.83,141.09,0.23
2016-12-08 15:00:00,28.7,28.7,28.7,28.7,68.0,0.0,0.0,28.178,26.66,23.934,82.0,62.66,59.87,0.01
2016-12-08 14:00:00,28.7,28.7,28.7,28.7,22.0,0.0,0.0,27.656,26.162,23.39,70.6,57.46,57.0,0.0
2016-12-08 11:30:00,28.7,28.7,28.7,28.7,57.0,0.0,0.0,27.134,25.664,22.846,67.2,66.26,56.25,0.01
2016-12-08 10:30:00,28.7,28.7,28.7,28.7,250.0,0.0,0.0,26.612,24.95,22.302,90.22,64.06,53.4,0.03
2016-12-07 15:00:00,26.09,26.09,26.09,26.09,13.0,0.0,0.0,25.616,24.236,21.758,43.62,41.46,43.2,0.0
2016-12-07 14:00:00,26.09,26.09,26.09,26.09,11.0,0.0,0.0,25.142,23.783,21.2635,43.31,45.16,43.11,0.0
2016-12-07 11:30:00,26.09,26.09,26.09,26.09,5.0,0.0,0.0,24.668,23.33,20.769,44.31,62.46,43.31,0.0
2016-12-07 10:30:00,26.09,26.09,26.09,26.09,172.1,0.0,0.0,24.194,22.681,20.2745,65.31,62.46,43.56,0.02
2016-12-06 15:00:00,23.72,23.72,23.72,23.72,17.0,0.0,0.0,23.288,22.032,19.78,37.89,47.05,37.86,0.0
2016-12-06 14:00:00,23.72,23.72,23.72,23.72,11.46,0.0,0.0,22.856,21.62,19.5726,39.29,46.35,38.95,0.0
2016-12-06 11:30:00,23.72,23.72,23.72,23.72,16.0,0.0,0.0,22.424,21.208,19.3422,47.0,57.09,40.48,0.0
2016-12-06 10:30:00,23.72,23.72,23.72,23.72,110.0,0.0,0.0,21.992,20.618,19.0847,80.6,56.54,41.92,0.01
2016-12-05 15:00:00,21.56,21.56,21.56,21.56,35.0,0.0,0.0,21.168,20.028,18.795,59.6,46.24,37.67,0.0
2016-12-05 14:00:00,21.56,21.56,21.56,21.56,24.0,0.0,0.0,20.776,19.654,18.6107,56.2,42.74,37.85,0.0
2016-12-05 11:30:00,21.56,21.56,21.56,21.56,50.0,0.0,0.0,20.384,19.28,18.4,53.4,44.94,38.83,0.01
2016-12-05 10:30:00,21.56,21.56,21.56,21.56,184.0,0.0,0.0,19.992,18.744,18.1569,67.17,41.07,37.98,0.02
2016-12-02 15:00:00,19.6,19.6,19.6,19.6,5.0,0.0,0.0,19.244,18.208,17.8733,32.48,24.17,25.81,0.0
2016-12-02 14:00:00,19.6,19.6,19.6,19.6,18.0,0.0,0.0,18.888,17.868,17.7164,32.88,24.67,27.7,0.0
2016-12-02 11:30:00,19.6,19.6,19.6,19.6,10.0,0.0,0.0,18.532,17.528,17.528,29.28,28.67,28.67,0.0
2016-12-02 10:30:00,19.6,19.6,19.6,19.6,118.87,0.0,0.0,18.176,17.2978,17.2978,36.48,30.74,30.74,0.02
2016-12-01 15:00:00,17.82,17.82,17.82,17.82,10.52,0.0,0.0,17.496,17.01,17.01,14.96,19.73,19.73,0.0
2016-12-01 14:00:00,17.82,17.82,17.82,17.82,7.0,0.0,0.0,17.172,16.8943,16.8943,15.86,21.04,21.04,0.0
2016-12-01 11:30:00,17.82,17.82,17.82,17.82,0.0,0.0,0.0,16.848,16.74,16.74,16.46,23.38,23.38,0.0
2016-12-01 10:30:00,17.82,17.82,17.82,17.82,46.0,0.0,0.0,16.524,16.524,16.524,28.06,28.06,28.06,0.01
2016-11-30 15:00:00,16.2,16.2,16.2,16.2,11.29,0.0,0.0,16.2,16.2,16.2,23.57,23.57,23.57,0.0
2016-11-30 14:00:00,16.2,16.2,16.2,16.2,15.0,0.0,0.0,16.2,16.2,16.2,27.67,27.67,27.67,0.0
2016-11-30 11:30:00,16.2,16.2,16.2,16.2,10.0,0.0,0.0,16.2,16.2,16.2,34.0,34.0,34.0,0.0
2016-11-30 10:30:00,16.2,16.2,16.2,16.2,58.0,0.0,0.0,16.2,16.2,16.2,58.0,58.0,58.0,0.01
