2017-06-30,20.521,19.471,18.422
2017-06-29,20.457,19.406,18.355
2017-06-28,20.360,19.317,18.275
2017-06-27,20.253,19.233,18.213
2017-06-26,20.095,19.141,18.188
2017-06-23,19.748,19.023,18.299
2017-06-22,19.763,18.940,18.117
2017-06-21,19.778,18.876,17.974
2017-06-20,19.759,18.840,17.922
2017-06-19,19.689,18.796,17.904
2017-06-16,19.588,18.754,17.920
2017-06-15,19.552,18.740,17.928
2017-06-14,19.477,18.714,17.952
2017-06-13,19.404,18.680,17.957
2017-06-12,19.350,18.638,17.927
2017-06-09,19.328,18.616,17.904
2017-06-08,19.252,18.562,17.872
2017-06-07,19.174,18.515,17.856
2017-06-06,19.071,18.468,17.865
2017-06-05,18.956,18.427,17.898
2017-06-02,19.024,18.444,17.864
2017-06-01,19.097,18.461,17.825
2017-05-31,19.217,18.497,17.778
2017-05-26,19.360,18.542,17.724
2017-05-25,19.503,18.593,17.683
2017-05-24,19.619,18.649,17.679
2017-05-23,19.668,18.718,17.769
2017-05-22,19.675,18.773,17.871
2017-05-19,20.160,18.896,17.632
2017-05-18,20.579,19.022,17.466
2017-05-17,20.810,19.120,17.430
2017-05-16,20.971,19.194,17.418
2017-05-15,21.109,19.269,17.430
2017-05-12,21.210,19.353,17.496
2017-05-11,21.349,19.473,17.597
2017-05-10,21.445,19.580,17.716
2017-05-09,21.501,19.707,17.914
2017-05-08,21.532,19.833,18.135
2017-05-05,21.511,19.954,18.397
2017-05-04,21.426,20.060,18.694
2017-05-03,21.413,20.128,18.843
2017-05-02,21.376,20.176,18.977
2017-04-28,21.337,20.212,19.088
2017-04-27,21.318,20.258,19.199
2017-04-26,21.296,20.300,19.304
2017-04-25,21.258,20.345,19.432
2017-04-24,21.184,20.403,19.623
2017-04-21,20.968,20.472,19.976
2017-04-20,20.914,20.439,19.965
2017-04-19,20.792,20.401,20.011
2017-04-18,20.775,20.377,19.980
2017-04-17,20.786,20.357,19.929
2017-04-14,20.786,20.346,19.906
2017-04-13,20.789,20.339,19.889
2017-04-12,20.739,20.313,19.887
2017-04-11,20.712,20.300,19.889
2017-04-10,20.683,20.259,19.836
2017-04-07,20.619,20.219,19.820
2017-04-06,20.553,20.190,19.827
2017-04-05,20.526,20.170,19.815
2017-03-31,20.500,20.157,19.815
2017-03-30,20.500,20.156,19.813
2017-03-29,20.508,20.152,19.796
2017-03-28,20.491,20.142,19.794
2017-03-27,20.475,20.133,19.792
2017-03-24,20.462,20.129,19.796
2017-03-23,20.535,20.141,19.747
2017-03-22,20.615,20.156,19.697
2017-03-21,20.618,20.157,19.697
2017-03-20,20.609,20.137,19.666
2017-03-17,20.611,20.124,19.638
2017-03-16,20.618,20.114,19.611
2017-03-15,20.627,20.093,19.560
2017-03-14,20.634,20.073,19.513
2017-03-13,20.624,20.058,19.492
2017-03-10,20.599,20.044,19.489
2017-03-09,20.599,20.049,19.499
2017-03-08,20.599,20.048,19.498
2017-03-07,20.596,20.041,19.486
2017-03-06,20.598,20.026,19.454
2017-03-03,20.592,20.006,19.420
2017-03-02,20.599,19.979,19.359
2017-03-01,20.601,19.970,19.340
2017-02-28,20.586,19.952,19.319
2017-02-27,20.571,19.928,19.286
2017-02-24,20.537,19.897,19.257
2017-02-23,20.371,19.839,19.307
2017-02-22,20.143,19.769,19.395
2017-02-21,20.050,19.736,19.422
2017-02-20,20.033,19.724,19.416
2017-02-17,20.020,19.717,19.414
2017-02-16,20.036,19.693,19.350
2017-02-15,20.066,19.669,19.272
2017-02-14,20.071,19.652,19.233
2017-02-13,20.071,19.652,19.233
2017-02-10,20.053,19.647,19.242
2017-02-09,20.061,19.649,19.238
2017-02-08,20.095,19.658,19.221
2017-02-07,20.188,19.678,19.169
2017-02-06,20.229,19.695,19.161
2017-02-03,20.260,19.709,19.158
2017-01-26,20.285,19.730,19.176
2017-01-25,20.331,19.752,19.173
2017-01-24,20.365,19.768,19.171
2017-01-23,20.420,19.796,19.173
2017-01-20,20.533,19.842,19.151
2017-01-19,20.858,19.929,19.001
2017-01-18,21.165,20.038,18.912
2017-01-17,21.388,20.131,18.874
2017-01-16,21.624,20.230,18.836
2017-01-13,21.833,20.328,18.823
2017-01-12,21.924,20.429,18.934
2017-01-11,21.978,20.536,19.094
2017-01-10,22.090,20.657,19.224
2017-01-09,22.261,20.764,19.267
2017-01-06,22.640,20.916,19.191
2017-01-05,22.810,21.034,19.258
2017-01-04,22.872,21.122,19.373
2017-01-03,22.930,21.199,19.468
2016-12-30,22.934,21.277,19.621
2016-12-29,22.900,21.350,19.801
2016-12-28,22.868,21.444,20.021
2016-12-27,22.828,21.531,20.235
2016-12-26,22.768,21.633,20.499
2016-12-23,22.648,21.717,20.786
2016-12-22,22.565,21.798,21.031
2016-12-21,22.599,21.844,21.089
2016-12-20,22.601,21.858,21.116
2016-12-19,22.600,21.884,21.168
2016-12-16,22.604,21.897,21.190
2016-12-15,22.607,21.908,21.210
2016-12-14,22.608,21.949,21.291
2016-12-13,22.653,22.007,21.361
2016-12-12,22.680,22.032,21.384
2016-12-09,22.686,22.037,21.388
2016-12-08,22.503,22.000,21.498
2016-12-07,22.459,21.969,21.479
2016-12-06,22.493,21.948,21.403
2016-12-05,22.493,21.946,21.399
2016-12-02,22.489,21.949,21.409
2016-12-01,22.481,21.952,21.424
2016-11-30,22.510,21.930,21.351
2016-11-29,22.528,21.909,21.290
2016-11-28,22.505,21.889,21.274
2016-11-25,22.522,21.863,21.204
2016-11-24,22.491,21.842,21.193
2016-11-23,22.442,21.809,21.177
2016-11-22,22.439,21.806,21.172
2016-11-21,22.501,21.826,21.151
2016-11-18,22.571,21.852,21.132
2016-11-17,22.631,21.876,21.120
2016-11-16,22.651,21.883,21.114
2016-11-15,22.635,21.879,21.122
2016-11-14,22.727,21.901,21.075
2016-11-11,22.747,21.910,21.072
2016-11-10,22.772,21.918,21.064
2016-11-09,22.909,21.974,21.038
2016-11-08,23.100,22.062,21.025
2016-11-07,23.259,22.131,21.002
2016-11-04,23.437,22.213,20.990
2016-11-03,23.471,22.272,21.073
2016-11-02,23.462,22.328,21.194
2016-11-01,23.464,22.395,21.325
2016-10-31,23.486,22.448,21.410
2016-10-28,23.418,22.509,21.601
2016-10-27,23.390,22.556,21.722
2016-10-26,23.483,22.657,21.831
2016-10-25,23.508,22.738,21.968
2016-10-24,23.748,22.821,21.894
2016-10-21,24.029,22.917,21.805
2016-10-20,24.024,22.923,21.823
2016-10-19,24.161,23.007,21.853
2016-10-18,24.161,23.037,21.913
2016-10-17,24.293,22.972,21.651
2016-10-14,24.501,22.898,21.296
2016-10-13,24.689,22.809,20.929
2016-10-12,24.767,22.713,20.659
2016-10-11,24.783,22.599,20.415
2016-10-10,24.786,22.482,20.177
2016-09-30,24.709,22.374,20.039
2016-09-29,24.690,22.292,19.893
2016-09-28,24.670,22.223,19.775
2016-09-27,24.615,22.174,19.732
2016-09-26,24.551,22.119,19.686
2016-09-23,24.508,22.083,19.658
2016-09-22,24.461,22.050,19.639
2016-09-21,24.269,21.966,19.662
2016-09-20,24.089,21.860,19.630
2016-09-19,23.732,21.723,19.713
2016-09-14,23.195,21.573,19.951
2016-09-13,23.106,21.538,19.969
2016-09-12,22.504,21.384,20.263
2016-09-09,22.126,21.269,20.411
2016-08-31,22.109,21.250,20.391
2016-08-30,22.105,21.271,20.436
2016-08-29,22.094,21.276,20.458
2016-08-26,22.131,21.255,20.378
2016-08-25,22.129,21.264,20.398
2016-08-24,22.157,21.306,20.455
2016-08-23,22.160,21.291,20.423
2016-08-22,22.456,21.378,20.301
2016-08-19,22.753,21.471,20.190
2016-08-18,22.741,21.465,20.189
2016-08-17,22.716,21.435,20.154
2016-08-16,22.669,21.395,20.122
2016-08-15,22.621,21.320,20.020
2016-08-12,22.583,21.240,19.898
2016-08-11,22.586,21.201,19.816
2016-08-10,22.583,21.159,19.736
2016-08-09,22.564,21.123,19.682
2016-08-08,22.485,21.070,19.656
2016-08-05,22.556,21.006,19.457
2016-08-04,22.662,20.931,19.200
2016-08-03,22.696,20.850,19.005
2016-08-02,22.718,20.751,18.784
2016-08-01,22.743,20.682,18.621
2016-07-29,22.763,20.628,18.493
2016-07-28,22.761,20.523,18.285
2016-07-27,22.672,20.384,18.096
2016-07-26,22.639,20.290,17.941
2016-07-25,22.231,20.086,17.941
2016-07-22,21.631,19.871,18.112
2016-07-21,21.384,19.707,18.030
2016-07-20,21.185,19.592,17.999
2016-07-19,20.943,19.494,18.046
2016-07-18,20.813,19.410,18.007
2016-07-15,20.696,19.352,18.008
2016-07-14,20.535,19.291,18.047
2016-07-13,20.359,19.232,18.105
2016-07-12,20.094,19.137,18.180
2016-07-11,19.734,19.006,18.278
2016-07-08,19.716,18.926,18.136
2016-07-07,19.682,18.900,18.118
2016-07-06,19.614,18.873,18.133
2016-07-05,19.599,18.867,18.136
2016-07-04,19.544,18.845,18.147
2016-07-01,19.489,18.829,18.169
2016-06-30,19.475,18.804,18.134
2016-06-29,19.468,18.794,18.120
2016-06-28,19.508,18.737,17.967
2016-06-27,19.519,18.711,17.904
2016-06-24,19.534,18.679,17.825
2016-06-23,19.547,18.666,17.786
2016-06-22,19.541,18.633,17.726
2016-06-21,19.493,18.613,17.733
2016-06-20,19.473,18.587,17.702
2016-06-17,19.403,18.538,17.673
2016-06-16,19.300,18.486,17.672
2016-06-15,19.203,18.460,17.717
2016-06-14,19.260,18.478,17.696
2016-06-13,19.276,18.466,17.656
2016-06-08,19.288,18.458,17.628
2016-06-07,19.267,18.423,17.579
2016-06-06,19.205,18.381,17.556
2016-06-03,19.099,18.322,17.545
2016-06-02,19.040,18.303,17.566
2016-06-01,19.061,18.307,17.553
2016-05-31,19.214,18.347,17.480
2016-05-30,19.329,18.379,17.428
2016-05-27,19.371,18.427,17.482
2016-05-26,19.414,18.460,17.505
2016-05-25,19.485,18.511,17.536
2016-05-24,19.497,18.539,17.580
2016-05-23,19.497,18.557,17.616
2016-05-20,19.490,18.552,17.613
2016-05-19,19.495,18.565,17.634
2016-05-18,19.509,18.594,17.679
2016-05-17,19.675,18.668,17.660
2016-05-16,19.811,18.714,17.616
2016-05-13,20.132,18.787,17.441
2016-05-12,20.377,18.915,17.452
2016-05-11,20.544,19.039,17.534
2016-05-10,20.661,19.150,17.638
2016-05-09,20.687,19.236,17.785
2016-05-06,20.636,19.313,17.989
2016-05-05,20.658,19.374,18.090
2016-05-04,20.739,19.422,18.104
2016-05-03,20.843,19.472,18.101
2016-04-29,20.872,19.498,18.123
2016-04-28,20.946,19.568,18.189
2016-04-27,21.034,19.647,18.260
2016-04-26,21.043,19.679,18.315
2016-04-25,21.067,19.762,18.456
2016-04-22,20.990,19.810,18.629
2016-04-21,20.919,19.845,18.770
2016-04-20,20.804,19.907,19.010
2016-04-19,20.687,19.955,19.222
2016-04-18,20.692,19.971,19.250
2016-04-15,20.698,19.965,19.231
2016-04-14,20.739,19.876,19.012
2016-04-13,21.051,19.726,18.401
2016-04-12,21.119,19.603,18.086
2016-04-11,21.122,19.495,17.868
2016-04-08,21.230,19.376,17.521
2016-04-07,21.280,19.288,17.295
2016-04-06,21.248,19.207,17.165
2016-04-05,21.147,19.140,17.132
2016-04-01,21.006,19.034,17.062
2016-03-31,20.950,18.930,16.910
2016-03-30,20.776,18.840,16.904
2016-03-29,20.535,18.733,16.931
2016-03-28,20.456,18.611,16.766
2016-03-25,20.250,18.443,16.636
2016-03-24,20.163,18.409,16.655
2016-03-23,20.093,18.381,16.668
2016-03-22,20.236,18.410,16.584
2016-03-21,20.459,18.458,16.457
2016-03-18,20.829,18.530,16.231
2016-03-17,21.021,18.584,16.147
2016-03-16,21.315,18.689,16.062
2016-03-15,21.331,18.764,16.196
2016-03-14,21.346,18.812,16.277
2016-03-11,21.346,18.814,16.281
2016-03-10,21.321,18.860,16.398
2016-03-09,21.321,18.918,16.515
2016-03-08,21.325,18.947,16.568
2016-03-07,21.329,18.952,16.575
2016-03-04,21.329,18.964,16.599
2016-03-03,21.382,18.931,16.480
2016-03-02,21.653,18.783,15.913
2016-03-01,21.803,18.659,15.515
2016-02-29,21.858,18.615,15.372
2016-02-26,21.836,18.677,15.517
2016-02-25,21.810,18.633,15.455
2016-02-24,21.782,18.589,15.395
2016-02-23,21.591,18.505,15.418
2016-02-22,21.403,18.444,15.484
2016-02-19,20.942,18.312,15.681
2016-02-18,20.638,18.218,15.797
2016-02-17,20.389,18.164,15.938
2016-02-16,20.399,18.168,15.936
2016-02-15,20.383,18.160,15.936
2016-02-05,20.401,18.176,15.950
2016-02-04,20.723,18.283,15.842
2016-02-03,21.085,18.387,15.689
2016-02-02,22.060,18.617,15.173
2016-02-01,22.754,18.822,14.889
2016-01-29,23.497,19.075,14.652
2016-01-28,24.704,19.511,14.318
2016-01-27,25.531,20.022,14.512
2016-01-26,26.269,20.531,14.792
2016-01-25,26.780,20.984,15.187
2016-01-22,27.276,21.340,15.403
2016-01-21,27.652,21.706,15.759
2016-01-20,28.014,22.098,16.181
2016-01-19,28.394,22.461,16.528
2016-01-18,28.735,22.787,16.838
2016-01-15,28.886,23.122,17.357
2016-01-14,28.986,23.477,17.968
2016-01-13,29.075,23.771,18.466
2016-01-12,29.019,24.112,19.205
2016-01-11,28.686,24.442,20.198
2016-01-08,27.980,24.754,21.528
2016-01-07,27.560,24.997,22.434
2016-01-06,27.019,25.235,23.450
2016-01-05,26.881,25.336,23.790
2016-01-04,26.693,25.510,24.327
2015-12-31,26.414,25.641,24.868
2015-12-30,26.573,25.685,24.796
2015-12-29,26.779,25.745,24.710
2015-12-28,26.752,25.717,24.682
2015-12-25,27.044,25.809,24.573
2015-12-24,28.381,26.062,23.743
2015-12-23,33.325,26.807,20.288
2015-12-22,35.923,27.482,19.041
2015-12-21,38.177,28.181,18.184
2015-12-18,40.281,28.927,17.572
2015-12-17,41.958,29.674,17.390
2015-12-16,43.288,30.375,17.462
2015-12-15,44.163,31.008,17.852
2015-12-14,44.908,31.622,18.336
2015-12-11,45.600,32.298,18.996
2015-12-10,46.267,33.058,19.849
2015-12-09,46.666,33.731,20.797
2015-12-08,46.983,34.400,21.816
2015-12-07,47.094,35.085,23.076
2015-12-04,47.430,35.824,24.217
2015-12-03,47.594,36.610,25.625
2015-12-02,47.554,37.365,27.175
2015-12-01,47.314,38.132,28.949
2015-11-30,46.176,38.951,31.725
2015-11-27,44.484,39.608,34.732
2015-05-15,42.703,40.180,37.656
2015-05-14,42.958,40.285,37.611
2015-05-13,43.308,40.465,37.622
2015-05-12,44.285,40.737,37.189
2015-05-11,44.939,40.942,36.944
2015-05-08,45.464,41.154,36.844
2015-05-07,45.730,41.340,36.949
2015-05-06,46.383,41.739,37.094
2015-05-05,46.604,42.074,37.544
2015-05-04,46.654,42.325,37.996
2015-04-30,46.819,42.553,38.286
2015-04-29,46.780,42.824,38.867
2015-04-28,46.583,42.926,39.268
2015-04-27,46.390,42.999,39.607
2015-04-24,46.565,42.910,39.254
2015-04-23,46.770,42.772,38.773
2015-04-22,46.933,42.638,38.342
2015-04-21,46.986,42.515,38.043
2015-04-20,47.105,42.367,37.629
2015-04-17,47.331,42.229,37.126
2015-04-16,47.429,42.057,36.685
2015-04-15,47.850,41.707,35.564
2015-04-14,48.136,41.299,34.461
2015-04-13,48.044,40.711,33.377
2015-04-10,47.892,40.115,32.338
2015-04-09,47.579,39.537,31.495
2015-04-08,47.278,39.024,30.770
2015-04-07,46.268,38.389,30.509
2015-04-03,45.398,37.807,30.217
2015-04-02,44.637,37.243,29.849
2015-04-01,43.516,36.662,29.808
2015-03-31,42.166,36.118,30.070
2015-03-30,41.445,35.714,29.983
2015-03-27,40.726,35.387,30.049
2015-03-26,40.163,35.054,29.946
2015-03-25,39.585,34.742,29.900
2015-03-24,38.903,34.445,29.988
2015-03-23,37.866,34.117,30.369
2015-03-20,36.894,33.836,30.778
2015-03-19,36.115,33.606,31.098
2015-03-18,34.615,33.304,31.994
2015-03-17,34.176,33.184,32.193
2015-03-16,33.860,33.122,32.385
2015-03-13,33.809,33.067,32.326
2015-03-12,33.807,33.066,32.324
2015-03-11,33.923,33.102,32.281
2015-03-10,34.211,33.166,32.121
2015-03-09,34.173,33.142,32.110
2015-03-06,34.163,33.112,32.061
2015-03-05,34.306,33.060,31.814
2015-03-04,34.396,33.000,31.604
2015-03-03,34.374,32.942,31.509
2015-03-02,34.361,32.927,31.493
2015-02-27,34.220,32.849,31.479
2015-02-26,34.237,32.805,31.373
2015-02-25,34.228,32.775,31.321
2015-02-17,34.243,32.691,31.138
2015-02-16,34.312,32.567,30.822
2015-02-13,34.424,32.410,30.397
2015-02-12,34.351,32.343,30.336
2015-02-11,34.339,32.325,30.310
2015-02-10,34.322,32.229,30.136
2015-02-09,34.279,32.062,29.844
2015-02-06,34.379,31.910,29.441
2015-02-05,34.276,31.781,29.285
2015-02-04,33.961,31.631,29.301
2015-02-03,33.357,31.455,29.553
2015-02-02,33.147,31.387,29.626
2015-01-30,33.020,31.345,29.670
2015-01-29,33.017,31.288,29.559
2015-01-28,33.169,31.151,29.133
2015-01-27,33.177,30.986,28.794
2015-01-26,32.920,30.858,28.795
2015-01-23,32.710,30.729,28.748
2015-01-22,32.597,30.599,28.600
2015-01-21,32.356,30.498,28.640
2015-01-20,32.332,30.490,28.648
2015-01-19,32.501,30.551,28.601
2015-01-16,32.711,30.653,28.594
2015-01-15,32.764,30.668,28.572
2015-01-14,32.936,30.710,28.484
2015-01-13,33.349,30.835,28.320
2015-01-12,33.487,30.938,28.388
2015-01-09,33.597,31.075,28.554
2015-01-08,33.767,31.183,28.599
2015-01-07,33.784,31.204,28.623
2015-01-06,33.896,31.268,28.640
2015-01-05,34.115,31.348,28.581
2014-12-31,34.118,31.350,28.582
2014-12-30,34.177,31.297,28.418
2014-12-29,34.153,31.308,28.463
2014-12-26,34.126,31.320,28.514
2014-12-25,34.269,31.235,28.200
2014-12-24,34.327,31.192,28.056
2014-12-23,34.378,31.162,27.946
2014-12-22,34.551,31.044,27.536
2014-12-19,34.761,30.826,26.890
2014-12-18,34.822,30.572,26.321
2014-12-17,34.759,30.320,25.880
2014-12-16,34.654,30.067,25.480
2014-12-15,34.351,29.793,25.235
2014-12-12,33.848,29.495,25.142
2014-12-11,33.572,29.217,24.861
2014-12-10,33.214,28.920,24.625
2014-12-09,32.701,28.605,24.510
2014-12-08,32.418,28.323,24.228
2014-12-05,31.758,28.018,24.278
2014-12-04,30.657,27.624,24.591
2014-12-03,29.751,27.319,24.886
2014-12-02,29.485,27.142,24.798
2014-12-01,29.238,26.961,24.683
2014-11-28,28.918,26.780,24.643
2014-11-27,28.723,26.611,24.499
2014-11-26,28.450,26.370,24.290
2014-11-25,28.114,26.154,24.195
2014-11-24,28.035,25.942,23.850
2014-11-21,28.209,25.729,23.250
2014-11-20,28.180,25.551,22.922
2014-11-19,28.060,25.361,22.662
2014-11-18,27.874,25.196,22.519
2014-11-17,27.576,25.025,22.474
2014-11-14,27.187,24.852,22.517
2014-11-13,26.950,24.719,22.488
2014-11-12,26.743,24.636,22.529
2014-11-11,26.542,24.568,22.595
2014-11-10,26.467,24.540,22.614
2014-11-07,26.267,24.484,22.701
2014-11-06,26.184,24.448,22.713
2014-11-05,26.059,24.409,22.760
2014-11-04,25.931,24.373,22.815
2014-11-03,25.906,24.366,22.826
2014-10-31,25.995,24.387,22.778
2014-10-30,26.107,24.419,22.731
2014-10-29,26.243,24.490,22.736
2014-10-28,26.375,24.552,22.729
2014-10-27,26.400,24.621,22.842
2014-10-24,26.271,24.732,23.193
2014-10-23,26.232,24.826,23.420
2014-10-22,26.143,24.917,23.691
2014-10-21,26.079,24.982,23.886
2014-10-20,26.012,25.039,24.067
2014-10-17,26.012,25.127,24.243
2014-10-16,25.985,25.229,24.474
2014-10-15,26.049,25.290,24.532
2014-10-14,26.222,25.359,24.497
2014-10-13,26.439,25.435,24.431
2014-10-10,26.541,25.490,24.439
2014-10-09,26.511,25.525,24.539
2014-10-08,26.502,25.542,24.582
2014-09-30,26.494,25.560,24.627
2014-09-29,26.504,25.545,24.586
2014-09-26,26.552,25.464,24.376
2014-09-25,26.631,25.377,24.123
2014-09-24,26.644,25.316,23.989
2014-09-23,26.619,25.264,23.910
2014-09-22,26.623,25.274,23.926
2014-09-19,26.637,25.299,23.961
2014-09-18,26.640,25.303,23.966
2014-09-17,26.645,25.310,23.975
2014-09-16,26.685,25.345,24.005
2014-09-15,26.696,25.364,24.032
2014-09-12,26.658,25.332,24.007
2014-09-11,26.600,25.304,24.008
2014-09-10,26.607,25.306,24.006
2014-09-09,26.503,25.274,24.045
2014-09-05,26.379,25.247,24.115
2014-09-04,26.227,25.185,24.143
2014-09-03,26.234,25.132,24.029
2014-09-02,26.241,25.078,23.915
2014-09-01,26.224,25.022,23.820
2014-08-29,26.220,24.998,23.775
2014-08-28,26.208,25.011,23.814
2014-08-27,26.160,25.056,23.951
2014-08-26,26.150,25.094,24.038
2014-08-25,26.145,25.105,24.065
2014-08-22,26.284,25.018,23.751
2014-08-21,26.292,24.941,23.590
2014-08-20,26.633,24.776,22.919
2014-08-19,26.846,24.604,22.361
2014-08-18,26.782,24.450,22.117
2014-08-15,26.756,24.298,21.839
2014-08-14,26.686,24.190,21.694
2014-08-13,26.564,24.064,21.563
2014-08-12,26.304,23.916,21.528
2014-08-11,26.058,23.790,21.522
2014-08-08,25.676,23.652,21.629
2014-08-07,25.497,23.556,21.615
2014-08-06,25.415,23.479,21.542
2014-08-05,25.331,23.420,21.510
2014-08-04,25.248,23.379,21.510
2014-08-01,25.106,23.306,21.506
2014-07-31,24.947,23.241,21.536
2014-07-30,24.676,23.131,21.587
2014-07-29,24.266,23.003,21.740
2014-07-28,nan,nan,nan
2014-07-25,nan,nan,nan
2014-07-24,nan,nan,nan
2014-07-23,nan,nan,nan
2014-07-22,nan,nan,nan
2014-07-21,nan,nan,nan
2014-07-18,nan,nan,nan
2014-07-17,nan,nan,nan
2014-07-16,nan,nan,nan
2014-07-15,nan,nan,nan
2014-07-14,nan,nan,nan
2014-07-11,nan,nan,nan
2014-07-10,nan,nan,nan
2014-07-09,nan,nan,nan
2014-07-08,nan,nan,nan
2014-07-07,nan,nan,nan
2014-07-04,nan,nan,nan
2014-07-03,nan,nan,nan
2014-07-02,nan,nan,nan
