date,open,high,close,low,volume,price_change,p_change,ma5,ma10,ma20,v_ma5,v_ma10,v_ma20,turnover
2017-01-06 15:00:00,2.86,2.86,2.86,2.85,76365.9,0.0,0.0,2.854,2.856,2.8465,53140.5,69402.5,58041.5,0.1
2017-01-06 14:30:00,2.84,2.86,2.85,2.84,66014.7,0.01,0.35,2.856,2.853,2.846,48732.6,64820.9,55179.3,0.09
2017-01-06 14:00:00,2.85,2.86,2.84,2.84,50959.0,-0.01,-0.35,2.858,2.85,2.8455,48132.4,61382.7,52735.9,0.07
2017-01-06 13:30:00,2.86,2.86,2.86,2.85,20411.7,0.0,0.0,2.866,2.85,2.846,78594.4,60666.7,52360.9,0.03
2017-01-06 11:30:00,2.87,2.87,2.86,2.85,51951.4,-0.01,-0.35,2.862,2.847,2.845,88376.7,62200.0,54551.4,0.07
2017-01-06 11:00:00,2.86,2.87,2.87,2.86,54326.4,0.01,0.35,2.858,2.844,2.843,85664.5,60614.0,55752.7,0.07
2017-01-06 10:30:00,2.88,2.88,2.86,2.86,63013.5,-0.02,-0.69,2.85,2.84,2.841,80909.2,62874.5,54948.8,0.08
2017-01-06 10:00:00,2.85,2.88,2.88,2.83,203269.0,0.03,1.05,2.842,2.839,2.84,74633.0,63036.0,52694.5,0.26
2017-01-05 15:00:00,2.84,2.84,2.84,2.82,69323.4,0.0,0.0,2.834,2.836,2.8375,42739.0,50046.8,43458.4,0.09
2017-01-05 14:30:00,2.83,2.84,2.84,2.82,38390.1,0.01,0.35,2.832,2.837,2.837,36023.4,47931.4,41105.8,0.05
2017-01-05 14:00:00,2.82,2.84,2.83,2.82,30550.1,0.01,0.35,2.83,2.837,2.837,35563.6,46680.5,42181.3,0.04
2017-01-05 13:30:00,2.83,2.84,2.82,2.82,31632.3,-0.01,-0.35,2.83,2.839,2.8375,44839.7,45537.7,43988.6,0.04
2017-01-05 11:30:00,2.83,2.84,2.84,2.82,43799.1,0.01,0.35,2.836,2.841,2.8375,51439.1,44089.2,45128.5,0.06
2017-01-05 11:00:00,2.83,2.84,2.83,2.83,35745.2,0.0,0.0,2.838,2.842,2.8355,57354.7,44055.0,46211.4,0.05
2017-01-05 10:30:00,2.83,2.84,2.83,2.83,36091.4,0.0,0.0,2.842,2.843,2.8335,59839.5,46902.8,46388.3,0.05
2017-01-05 10:00:00,2.84,2.85,2.83,2.83,76930.5,-0.01,-0.35,2.844,2.842,2.832,57797.4,50891.4,45837.0,0.1
2017-01-04 15:00:00,2.84,2.85,2.85,2.84,64629.4,0.01,0.35,2.848,2.842,2.83,46235.6,47023.2,43062.0,0.08
2017-01-04 14:30:00,2.84,2.86,2.85,2.84,73377.0,0.01,0.35,2.846,2.841,2.8265,36739.2,42353.0,41715.8,0.09
2017-01-04 14:00:00,2.84,2.85,2.85,2.84,48169.0,0.01,0.35,2.846,2.839,2.823,30755.4,36870.0,38908.6,0.06
2017-01-04 13:30:00,2.85,2.85,2.84,2.84,25881.1,-0.01,-0.35,2.844,2.837,2.8205,33966.1,34280.3,37417.3,0.03
2017-01-04 11:30:00,2.84,2.85,2.85,2.84,19121.6,0.01,0.35,2.84,2.837,2.8185,43985.3,37682.1,38493.5,0.02
2017-01-04 11:00:00,2.85,2.85,2.84,2.84,17147.5,-0.01,-0.35,2.836,2.836,2.8155,47810.8,42439.6,41331.4,0.02
2017-01-04 10:30:00,2.83,2.85,2.85,2.83,43457.7,0.02,0.71,2.836,2.834,2.813,47966.7,46167.8,42035.6,0.06
2017-01-04 10:00:00,2.84,2.84,2.84,2.82,64222.4,0.0,0.0,2.832,2.829,2.8105,42984.6,48367.8,41670.2,0.08
2017-01-03 15:00:00,2.84,2.84,2.82,2.82,75977.4,-0.02,-0.7,2.83,2.824,2.809,34594.5,45873.9,39716.2,0.1
2017-01-03 14:30:00,2.84,2.84,2.83,2.82,38249.0,-0.01,-0.35,2.834,2.822,2.8085,31378.8,40782.7,37388.2,0.05
2017-01-03 14:00:00,2.83,2.84,2.84,2.83,17927.2,0.01,0.35,2.836,2.818,2.807,37068.3,39100.8,38214.7,0.02
2017-01-03 13:30:00,2.83,2.84,2.83,2.82,18547.0,0.0,0.0,2.832,2.812,2.805,44369.0,41078.5,38833.5,0.02
2017-01-03 11:30:00,2.83,2.84,2.83,2.82,22271.7,0.0,0.0,2.826,2.807,2.803,53750.9,40947.2,41699.0,0.03
2017-01-03 11:00:00,2.84,2.85,2.84,2.83,59899.3,0.0,0.0,2.818,2.804,2.8025,57153.4,40554.3,45223.8,0.08
2017-01-03 10:30:00,2.82,2.84,2.84,2.81,66696.5,0.02,0.71,2.81,2.8,2.802,50186.5,39304.8,43762.4,0.09
2017-01-03 10:00:00,2.8,2.82,2.82,2.79,54430.3,0.02,0.71,2.8,2.795,2.8015,41133.3,40223.2,42266.9,0.07
2016-12-30 15:00:00,2.79,2.8,2.8,2.78,65456.7,0.01,0.36,2.792,2.792,2.802,37788.1,37903.4,40971.6,0.08
2016-12-30 14:30:00,2.8,2.8,2.79,2.78,39284.1,-0.01,-0.36,2.788,2.792,2.8035,28143.5,34972.6,39748.0,0.05
2016-12-30 14:00:00,2.79,2.8,2.8,2.79,25065.1,0.01,0.36,2.79,2.794,2.8055,23955.3,33558.6,39309.1,0.03
2016-12-30 13:30:00,2.78,2.8,2.79,2.78,21430.1,0.01,0.36,2.79,2.795,2.8075,28423.1,33993.7,41393.8,0.03
2016-12-30 11:30:00,2.78,2.79,2.78,2.77,37704.5,0.0,0.0,2.79,2.796,2.81,39313.2,37328.5,44686.8,0.05
2016-12-30 11:00:00,2.8,2.8,2.78,2.78,17233.7,-0.02,-0.71,2.792,2.798,2.8135,38018.7,36588.5,48412.7,0.02
2016-12-30 10:30:00,2.8,2.8,2.8,2.79,18343.1,0.0,0.0,2.796,2.799,2.8185,41801.8,42450.8,54334.7,0.02
2016-12-30 10:00:00,2.78,2.81,2.8,2.78,47404.2,0.02,0.72,2.798,2.801,2.8235,43161.8,49893.2,57103.1,0.06
2016-12-29 15:00:00,2.79,2.8,2.79,2.78,75880.5,0.0,0.0,2.8,2.804,2.827,39564.2,48220.0,56280.0,0.1
2016-12-29 14:30:00,2.8,2.8,2.79,2.79,31232.0,-0.01,-0.36,2.802,2.808,2.831,35343.8,44310.5,54210.0,0.04
2016-12-29 14:00:00,2.81,2.81,2.8,2.79,36149.0,-0.01,-0.36,2.804,2.812,2.835,35158.3,44039.7,54632.8,0.05
2016-12-29 13:30:00,2.81,2.82,2.81,2.8,25143.4,0.0,0.0,2.802,2.815,2.838,43099.7,44523.4,56015.9,0.03
2016-12-29 11:30:00,2.8,2.81,2.81,2.79,29416.1,0.01,0.36,2.804,2.817,2.8415,56624.7,45059.7,59796.4,0.04
2016-12-29 11:00:00,2.79,2.8,2.8,2.78,54778.8,0.01,0.36,2.808,2.82,2.846,56875.9,48793.8,71197.8,0.07
2016-12-29 10:30:00,2.79,2.8,2.8,2.79,30304.2,0.01,0.36,2.814,2.824,2.848,53277.1,52045.0,71221.8,0.04
2016-12-29 10:00:00,2.81,2.82,2.79,2.78,75856.2,-0.02,-0.71,2.82,2.829,2.8485,52921.2,60236.8,72332.9,0.1
2016-12-28 15:00:00,2.83,2.84,2.82,2.81,92768.1,-0.01,-0.35,2.828,2.838,2.849,45947.0,66218.6,69734.9,0.12
2016-12-28 14:30:00,2.83,2.84,2.83,2.82,30672.1,0.0,0.0,2.83,2.846,2.848,33494.8,64313.0,67050.1,0.04
2016-12-28 14:00:00,2.84,2.84,2.83,2.82,36785.0,-0.01,-0.35,2.832,2.85,2.8455,40711.8,64340.0,68900.0,0.05
2016-12-28 13:30:00,2.83,2.84,2.83,2.82,28524.5,0.0,0.0,2.834,2.854,2.8435,50812.9,64109.6,71043.0,0.04
2016-12-28 11:30:00,2.83,2.84,2.83,2.82,40985.1,0.0,0.0,2.838,2.858,2.842,67552.4,65225.9,77824.3,0.05
2016-12-28 11:00:00,2.83,2.85,2.83,2.83,30507.2,0.0,0.0,2.848,2.861,2.8425,86490.2,67508.4,82269.9,0.04
2016-12-28 10:30:00,2.84,2.85,2.84,2.82,66757.2,0.0,0.0,2.862,2.866,2.8425,95131.3,74533.0,84699.1,0.09
2016-12-28 10:00:00,2.84,2.88,2.84,2.82,87290.7,0.0,0.0,2.868,2.872,2.842,87968.2,93601.7,84129.4,0.11
2016-12-27 15:00:00,2.88,2.88,2.85,2.85,112222.0,-0.03,-1.04,2.874,2.872,2.8415,77406.2,90398.6,85467.3,0.15
2016-12-27 14:30:00,2.9,2.91,2.88,2.86,135674.0,-0.02,-0.69,2.878,2.868,2.842,62899.2,84428.9,81957.1,0.18
2016-12-27 14:00:00,2.88,2.9,2.9,2.86,73712.5,0.02,0.69,2.874,2.86,2.841,48526.7,73251.1,77902.3,0.1
2016-12-27 13:30:00,2.87,2.88,2.87,2.87,30941.9,0.0,0.0,2.87,2.85,2.8385,53934.8,69787.2,79613.1,0.04
2016-12-27 11:30:00,2.87,2.88,2.87,2.86,34480.7,0.0,0.0,2.876,2.841,2.838,99235.2,73460.0,90107.4,0.04
2016-12-27 11:00:00,2.87,2.88,2.87,2.86,39687.3,0.0,0.0,2.87,2.833,2.8405,103391.0,77976.4,100168.0,0.05
2016-12-27 10:30:00,2.88,2.89,2.86,2.86,63811.0,-0.02,-0.69,2.858,2.826,2.8435,105959.0,90422.7,102092.0,0.08
2016-12-27 10:00:00,2.85,2.89,2.88,2.85,100753.0,0.03,1.05,2.846,2.824,2.847,97975.5,97031.4,105318.0,0.13
2016-12-26 15:00:00,2.84,2.9,2.9,2.83,257444.0,0.06,2.11,2.83,2.819,2.85,85639.6,94865.2,103268.0,0.33
2016-12-26 14:30:00,2.81,2.84,2.84,2.81,55259.2,0.03,1.07,2.806,2.812,2.8525,47684.7,74657.2,94043.3,0.07
2016-12-26 14:00:00,2.81,2.82,2.81,2.79,52525.5,0.0,0.0,2.796,2.811,2.858,52561.8,80536.0,96349.3,0.07
2016-12-26 13:30:00,2.79,2.81,2.8,2.79,23896.2,0.01,0.36,2.794,2.816,2.864,74886.9,79485.3,103860.0,0.03
2016-12-26 11:30:00,2.79,2.8,2.8,2.78,39073.2,0.01,0.36,2.802,2.822,2.8715,96087.3,82553.5,124709.0,0.05
2016-12-26 11:00:00,2.78,2.79,2.78,2.77,67669.6,0.0,0.0,2.808,2.827,2.8815,104091.0,89439.0,163360.0,0.09
2016-12-26 10:30:00,2.8,2.8,2.79,2.78,79644.7,-0.01,-0.36,2.818,2.835,2.8885,101630.0,106755.0,164192.0,0.1
2016-12-26 10:00:00,2.82,2.83,2.8,2.77,164151.0,-0.02,-0.71,2.826,2.848,2.8955,108510.0,122359.0,168593.0,0.21
2016-12-23 15:00:00,2.83,2.87,2.84,2.83,129898.0,0.01,0.35,2.838,2.861,2.901,84083.8,113761.0,163687.0,0.17
2016-12-23 14:30:00,2.83,2.84,2.83,2.82,79090.9,0.0,0.0,2.842,2.87,2.9055,69019.7,113604.0,163756.0,0.1
2016-12-23 14:00:00,2.83,2.84,2.83,2.83,55363.4,0.0,0.0,2.846,2.881,2.9105,74787.1,111670.0,180353.0,0.07
2016-12-23 13:30:00,2.86,2.86,2.83,2.82,114048.0,-0.03,-1.05,2.852,2.893,2.913,111880.0,113429.0,184024.0,0.15
2016-12-23 11:30:00,2.86,2.87,2.86,2.85,42018.4,0.0,0.0,2.87,2.905,2.915,136207.0,112163.0,194206.0,0.05
2016-12-23 11:00:00,2.86,2.88,2.86,2.85,54577.6,0.0,0.0,2.884,2.912,2.9175,143438.0,128236.0,204278.0,0.07
2016-12-23 10:30:00,2.85,2.87,2.85,2.85,107928.0,0.0,0.0,2.898,2.921,2.919,158187.0,166865.0,205776.0,0.14
2016-12-23 10:00:00,2.89,2.91,2.86,2.85,240828.0,-0.03,-1.04,2.916,2.936,2.921,148553.0,237280.0,206643.0,0.31
2016-12-22 15:00:00,2.93,2.94,2.92,2.91,235683.0,-0.01,-0.34,2.934,2.942,2.924,114979.0,221629.0,201123.0,0.3
2016-12-22 14:30:00,2.93,2.94,2.93,2.92,78175.5,0.0,0.0,2.94,2.943,2.924,88118.1,214828.0,195878.0,0.1
2016-12-22 14:00:00,2.95,2.95,2.93,2.92,128323.0,-0.02,-0.68,2.94,2.941,2.922,113033.0,213612.0,204759.0,0.17
2016-12-22 13:30:00,2.95,2.95,2.94,2.94,59754.4,-0.01,-0.34,2.944,2.941,2.922,175543.0,213908.0,242904.0,0.08
2016-12-22 11:30:00,2.95,2.96,2.95,2.94,72958.8,0.0,0.0,2.956,2.94,2.913,326007.0,249035.0,243826.0,0.09
2016-12-22 11:00:00,2.93,2.96,2.95,2.93,101379.0,0.02,0.68,2.95,2.933,2.904,328279.0,254618.0,246723.0,0.13
2016-12-22 10:30:00,2.94,2.96,2.93,2.93,202749.0,-0.01,-0.34,2.946,2.925,2.8945,341538.0,276249.0,244193.0,0.26
2016-12-22 10:00:00,2.98,2.99,2.95,2.94,440874.0,-0.03,-1.01,2.942,2.923,2.8855,314192.0,280321.0,235810.0,0.57
2016-12-21 15:00:00,2.93,3.0,3.0,2.92,812076.0,0.07,2.39,2.938,2.917,2.876,252273.0,244687.0,214681.0,1.05
2016-12-21 14:30:00,2.93,2.94,2.92,2.91,84318.5,-0.01,-0.34,2.924,2.906,2.8645,172063.0,176006.0,176073.0,0.11
2016-12-21 14:00:00,2.92,2.95,2.93,2.91,167674.0,0.01,0.34,2.916,2.906,2.856,180957.0,180616.0,175032.0,0.22
2016-12-21 13:30:00,2.93,2.94,2.91,2.91,66017.2,-0.02,-0.68,2.904,2.905,2.848,210961.0,176928.0,170827.0,0.09
2016-12-21 11:30:00,2.93,2.95,2.93,2.91,131281.0,0.0,0.0,2.904,2.903,2.841,246451.0,195906.0,174616.0,0.17
2016-12-21 11:00:00,2.89,2.96,2.93,2.88,411024.0,0.04,1.38,2.896,2.903,2.832,237100.0,271900.0,172877.0,0.53
2016-12-21 10:30:00,2.87,2.9,2.88,2.86,128788.0,0.01,0.35,2.888,2.886,2.8225,179949.0,238617.0,153897.0,0.17
2016-12-21 10:00:00,2.89,2.89,2.87,2.85,317693.0,-0.02,-0.69,2.896,2.875,2.815,180276.0,238827.0,148742.0,0.41
2016-12-20 15:00:00,2.89,2.91,2.91,2.88,243467.0,0.02,0.69,2.906,2.864,2.8075,142896.0,212136.0,134488.0,0.31
2016-12-20 14:30:00,2.89,2.9,2.89,2.88,84526.9,0.0,0.0,2.902,2.848,2.799,145361.0,191298.0,124840.0,0.11
2016-12-20 14:00:00,2.91,2.92,2.89,2.88,125269.0,-0.02,-0.69,2.91,2.835,2.7915,306701.0,184675.0,122604.0,0.16
2016-12-20 13:30:00,2.92,2.93,2.92,2.9,130422.0,0.0,0.0,2.884,2.823,2.784,297286.0,176140.0,120640.0,0.17
2016-12-20 11:30:00,2.9,2.92,2.92,2.89,130794.0,0.02,0.69,2.854,2.806,2.774,297379.0,169449.0,117576.0,0.17
2016-12-20 11:00:00,2.93,2.93,2.89,2.88,255794.0,-0.04,-1.37,2.822,2.791,2.764,281377.0,164726.0,116660.0,0.33
2016-12-20 10:30:00,2.76,2.95,2.93,2.76,891226.0,0.17,6.16,2.794,2.779,2.7545,237236.0,153326.0,106079.0,1.15
2016-12-20 10:00:00,2.77,2.77,2.76,2.75,78194.1,-0.01,-0.36,2.76,2.761,2.7435,62649.6,73854.2,63816.4,0.1
2016-12-19 15:00:00,2.76,2.77,2.77,2.75,130886.0,0.01,0.36,2.762,2.759,2.7415,54994.3,69176.3,61366.4,0.17
2016-12-19 14:30:00,2.75,2.76,2.76,2.74,50785.2,0.01,0.36,2.758,2.755,2.7395,41518.3,58657.8,57084.2,0.07
2016-12-19 14:00:00,2.76,2.77,2.75,2.75,35086.2,-0.01,-0.36,2.76,2.751,2.738,48075.9,56840.0,57341.4,0.05
2016-12-19 13:30:00,2.77,2.77,2.76,2.76,18296.7,-0.01,-0.36,2.764,2.75,2.736,69416.5,58381.3,57985.1,0.02
2016-12-19 11:30:00,2.76,2.77,2.77,2.75,39917.8,0.01,0.36,2.762,2.748,2.7335,85058.8,60533.0,61256.8,0.05
2016-12-19 11:00:00,2.77,2.77,2.75,2.75,63505.7,-0.02,-0.72,2.756,2.745,2.7305,83358.4,65139.9,63853.3,0.08
2016-12-19 10:30:00,2.77,2.77,2.77,2.75,83573.2,0.0,0.0,2.752,2.742,2.729,75797.3,65704.2,63872.3,0.11
2016-12-19 10:00:00,2.73,2.77,2.77,2.72,141789.0,0.04,1.47,2.742,2.737,2.728,65604.2,68593.2,62645.3,0.18
2016-12-16 15:00:00,2.74,2.75,2.75,2.73,96508.3,0.01,0.36,2.736,2.73,2.727,47346.2,58832.4,63267.7,0.12
2016-12-16 14:30:00,2.73,2.74,2.74,2.73,31415.6,0.01,0.37,2.734,2.726,2.7255,36007.2,53778.6,61761.6,0.04
2016-12-16 14:00:00,2.72,2.74,2.73,2.72,25700.5,0.01,0.37,2.734,2.724,2.7235,46921.4,53556.5,63038.7,0.03
2016-12-16 13:30:00,2.74,2.74,2.72,2.72,32607.5,-0.02,-0.73,2.732,2.724,2.7225,55611.0,55510.6,65300.5,0.04
2016-12-16 11:30:00,2.74,2.75,2.74,2.73,50498.9,0.0,0.0,2.732,2.725,2.722,71582.1,57842.7,66569.4,0.07
2016-12-16 11:00:00,2.74,2.75,2.74,2.74,39813.6,0.0,0.0,2.724,2.722,2.7215,70318.5,57589.0,67271.3,0.05
2016-12-16 10:30:00,2.73,2.75,2.74,2.72,85986.4,0.01,0.37,2.718,2.719,2.7205,71550.0,61980.5,67702.0,0.11
2016-12-16 10:00:00,2.72,2.73,2.72,2.71,69148.8,0.0,0.0,2.714,2.716,2.7195,60191.6,62566.8,66561.3,0.09
2016-12-15 15:00:00,2.7,2.73,2.72,2.7,112463.0,0.02,0.74,2.716,2.716,2.719,55410.0,62040.3,64555.0,0.15
2016-12-15 14:30:00,2.71,2.72,2.7,2.7,44180.9,-0.01,-0.37,2.718,2.719,2.7175,44103.3,56697.4,63827.9,0.06
2016-12-15 14:00:00,2.72,2.72,2.71,2.7,45971.0,-0.01,-0.37,2.72,2.724,2.7165,44859.4,67703.1,65684.3,0.06
2016-12-15 13:30:00,2.72,2.73,2.72,2.71,29194.1,0.0,0.0,2.72,2.725,2.717,52411.0,69744.6,66078.4,0.04
2016-12-15 11:30:00,2.74,2.74,2.73,2.72,45241.3,-0.01,-0.36,2.718,2.723,2.717,64942.1,72520.8,71580.0,0.06
2016-12-15 11:00:00,2.72,2.74,2.73,2.71,55929.0,0.01,0.37,2.716,2.721,2.717,68670.6,75090.5,79371.9,0.07
2016-12-15 10:30:00,2.72,2.72,2.71,2.7,47961.5,-0.01,-0.37,2.72,2.719,2.718,69291.5,75296.2,83526.3,0.06
2016-12-15 10:00:00,2.69,2.73,2.71,2.69,83729.3,0.02,0.74,2.728,2.721,2.7205,90546.8,76953.6,85043.2,0.11
2016-12-14 15:00:00,2.72,2.73,2.71,2.7,91849.3,-0.01,-0.37,2.73,2.722,2.724,87078.1,73423.6,84998.7,0.12
2016-12-14 14:30:00,2.74,2.75,2.72,2.72,63884.0,-0.02,-0.73,2.728,2.723,2.7275,80099.6,70555.7,93527.8,0.08
2016-12-14 14:00:00,2.76,2.76,2.75,2.74,59033.6,-0.01,-0.36,2.726,2.722,2.733,81510.3,67069.6,100701.0,0.08
2016-12-14 13:30:00,2.72,2.77,2.75,2.72,154238.0,0.03,1.1,2.718,2.716,2.7375,81300.9,70958.4,108713.0,0.2
2016-12-14 11:30:00,2.7,2.72,2.72,2.7,66385.4,0.02,0.74,2.714,2.709,2.7435,63360.3,63665.5,107224.0,0.09
2016-12-14 11:00:00,2.71,2.72,2.7,2.69,56957.1,-0.01,-0.37,2.714,2.709,2.753,59769.1,62412.2,115885.0,0.07
2016-12-14 10:30:00,2.72,2.72,2.71,2.7,70937.6,-0.01,-0.37,2.718,2.711,2.7625,61011.8,70639.1,115223.0,0.09
2016-12-14 10:00:00,2.71,2.72,2.71,2.7,57985.7,0.0,0.0,2.718,2.713,2.7715,52628.9,83653.4,114941.0,0.07
2016-12-13 15:00:00,2.72,2.73,2.73,2.71,64535.6,0.01,0.37,2.714,2.717,2.7815,60615.9,91756.4,116373.0,0.08
2016-12-13 14:30:00,2.71,2.73,2.72,2.71,48429.3,0.01,0.37,2.704,2.72,2.7895,63970.7,93132.9,116648.0,0.06
2016-12-13 14:00:00,2.71,2.72,2.72,2.7,63170.9,0.01,0.37,2.704,2.726,2.7975,65055.4,96573.9,117655.0,0.08
2016-12-13 13:30:00,2.69,2.71,2.71,2.69,29023.0,0.02,0.74,2.704,2.732,2.805,80266.4,116500.0,117391.0,0.04
2016-12-13 11:30:00,2.68,2.7,2.69,2.66,97920.7,0.01,0.37,2.708,2.744,2.8135,114678.0,134333.0,120066.0,0.13
2016-12-13 11:00:00,2.71,2.72,2.68,2.68,81309.4,-0.03,-1.11,2.72,2.759,2.824,122897.0,146467.0,121446.0,0.11
2016-12-13 10:30:00,2.71,2.72,2.72,2.7,53852.9,0.01,0.37,2.736,2.778,2.8355,122295.0,150783.0,122149.0,0.07
2016-12-13 10:00:00,2.71,2.73,2.72,2.68,139226.0,0.01,0.37,2.748,2.797,2.8435,128093.0,169358.0,121102.0,0.18
2016-12-12 15:00:00,2.75,2.76,2.73,2.71,201080.0,-0.02,-0.73,2.76,2.814,2.852,152734.0,159807.0,122301.0,0.26
2016-12-12 14:30:00,2.76,2.77,2.75,2.73,139016.0,-0.01,-0.36,2.78,2.83,2.859,153989.0,146229.0,115776.0,0.18
2016-12-12 14:00:00,2.77,2.78,2.76,2.76,78301.2,-0.01,-0.36,2.798,2.846,2.8655,170038.0,140990.0,111366.0,0.1
2016-12-12 13:30:00,2.76,2.79,2.78,2.76,82838.9,0.02,0.72,2.82,2.859,2.872,179271.0,140164.0,109647.0,0.11
2016-12-12 11:30:00,2.83,2.83,2.78,2.77,262431.0,-0.05,-1.77,2.846,2.869,2.877,210623.0,138736.0,110808.0,0.34
2016-12-12 11:00:00,2.85,2.85,2.83,2.8,207357.0,-0.02,-0.7,2.868,2.878,2.8825,166881.0,118281.0,116314.0,0.27
2016-12-12 10:30:00,2.87,2.88,2.84,2.84,219261.0,-0.03,-1.05,2.88,2.883,2.8845,138470.0,105798.0,107888.0,0.28
2016-12-12 10:00:00,2.91,2.91,2.87,2.87,124467.0,-0.04,-1.37,2.894,2.889,2.8855,111943.0,96423.7,99660.3,0.16
2016-12-09 15:00:00,2.89,2.91,2.91,2.87,239598.0,0.02,0.69,2.898,2.893,2.885,101057.0,93515.7,96072.7,0.31
2016-12-09 14:30:00,2.88,2.89,2.89,2.88,43722.8,0.01,0.35,2.892,2.89,2.882,66849.4,72846.9,86656.9,0.06
2016-12-09 14:00:00,2.91,2.91,2.89,2.88,65299.2,-0.02,-0.69,2.888,2.89,2.879,69681.4,84794.6,88412.8,0.08
2016-12-09 13:30:00,2.89,2.91,2.91,2.89,86628.9,0.02,0.69,2.886,2.888,2.8755,73127.2,85323.6,89180.7,0.11
2016-12-09 11:30:00,2.89,2.89,2.89,2.87,70036.8,0.0,0.0,2.884,2.885,2.872,80904.2,81741.1,90532.6,0.09
2016-12-09 11:00:00,2.87,2.89,2.88,2.86,68559.4,0.01,0.35,2.888,2.885,2.8705,85974.4,79129.6,92189.5,0.09
2016-12-09 10:30:00,2.88,2.88,2.87,2.86,57882.9,-0.01,-0.35,2.888,2.885,2.8695,78844.4,82880.3,91468.6,0.07
2016-12-09 10:00:00,2.89,2.89,2.88,2.86,82528.0,-0.01,-0.35,2.892,2.887,2.8695,99907.8,114347.0,92284.2,0.11
2016-12-08 15:00:00,2.91,2.91,2.9,2.89,125514.0,-0.01,-0.34,2.89,2.886,2.8685,97519.9,109977.0,91150.5,0.16
2016-12-08 14:30:00,2.88,2.91,2.91,2.88,95387.7,0.03,1.04,2.886,2.882,2.867,82577.9,102897.0,94640.1,0.12
2016-12-08 14:00:00,2.89,2.89,2.88,2.88,32909.5,-0.01,-0.35,2.882,2.877,2.8655,72284.7,98629.8,93551.4,0.04
2016-12-08 13:30:00,2.87,2.9,2.89,2.86,163200.0,0.02,0.7,2.882,2.874,2.8655,86916.2,100467.0,96482.4,0.21
2016-12-08 11:30:00,2.88,2.88,2.87,2.86,70588.9,-0.01,-0.35,2.882,2.868,2.8655,128787.0,92031.0,92773.6,0.09
2016-12-08 11:00:00,2.88,2.89,2.88,2.87,50803.5,0.0,0.0,2.882,2.863,2.867,122434.0,93037.7,92537.8,0.07
2016-12-08 10:30:00,2.88,2.89,2.89,2.88,43921.7,0.01,0.35,2.878,2.859,2.868,123216.0,99324.2,92323.5,0.06
2016-12-08 10:00:00,2.89,2.9,2.88,2.87,106067.0,-0.01,-0.35,2.872,2.856,2.8685,124975.0,105249.0,92781.6,0.14
2016-12-07 15:00:00,2.86,2.9,2.89,2.86,372554.0,0.03,1.05,2.866,2.854,2.8695,114017.0,100057.0,89061.3,0.48
2016-12-07 14:30:00,2.86,2.87,2.87,2.86,38825.3,0.01,0.35,2.854,2.852,2.87,55275.0,70221.0,74477.5,0.05
2016-12-07 14:00:00,2.85,2.87,2.86,2.85,54710.6,0.01,0.35,2.844,2.851,2.872,63641.1,72323.8,79790.2,0.07
2016-12-07 13:30:00,2.85,2.86,2.86,2.84,52717.0,0.01,0.35,2.84,2.852,2.8735,75432.6,86383.4,80896.2,0.07
2016-12-07 11:30:00,2.84,2.85,2.85,2.83,51280.2,0.01,0.35,2.84,2.854,2.8755,85524.0,88473.0,86959.1,0.07
2016-12-07 11:00:00,2.83,2.84,2.83,2.82,78842.1,0.0,0.0,2.842,2.857,2.8785,86096.2,92497.9,91451.3,0.1
2016-12-07 10:30:00,2.83,2.84,2.82,2.82,80655.6,-0.01,-0.35,2.85,2.863,2.8825,85166.9,93516.2,91930.3,0.1
2016-12-07 10:00:00,2.85,2.86,2.84,2.83,113668.0,-0.01,-0.35,2.858,2.871,2.887,81006.6,92038.0,91907.4,0.15
2016-12-06 15:00:00,2.86,2.87,2.86,2.85,103174.0,0.0,0.0,2.864,2.877,2.8905,97334.2,85322.9,90251.5,0.13
2016-12-06 14:30:00,2.86,2.87,2.86,2.85,54141.3,0.0,0.0,2.868,2.881,2.8935,91422.1,80313.8,89148.3,0.07
2016-12-06 14:00:00,2.87,2.87,2.87,2.85,74195.4,0.0,0.0,2.872,2.885,2.8965,98899.6,78065.8,92357.3,0.1
2016-12-06 13:30:00,2.87,2.87,2.86,2.86,59854.3,-0.01,-0.35,2.876,2.888,2.899,101865.0,78734.1,93082.3,0.08
2016-12-06 11:30:00,2.88,2.88,2.87,2.85,195306.0,-0.01,-0.35,2.884,2.893,2.902,103069.0,87256.4,96926.6,0.25
2016-12-06 11:00:00,2.88,2.89,2.88,2.87,73613.6,0.0,0.0,2.89,2.895,2.9055,73311.6,75409.0,92897.4,0.1
2016-12-06 10:30:00,2.9,2.9,2.88,2.88,91528.6,-0.02,-0.69,2.894,2.897,2.9085,69205.4,85445.1,93099.7,0.12
2016-12-06 10:00:00,2.9,2.91,2.89,2.89,89024.9,-0.01,-0.34,2.898,2.9,2.9115,57232.0,90404.7,90989.0,0.12
2016-12-05 15:00:00,2.9,2.9,2.9,2.89,65873.5,0.0,0.0,2.9,2.902,2.914,55602.7,90344.3,91157.6,0.09
2016-12-05 14:30:00,2.9,2.91,2.9,2.89,46517.2,0.0,0.0,2.902,2.903,2.9165,71443.6,91776.9,97882.0,0.06
2016-12-05 14:00:00,2.89,2.91,2.9,2.89,53082.8,0.01,0.35,2.9,2.904,2.9185,77506.5,95180.2,102370.0,0.07
2016-12-05 13:30:00,2.9,2.91,2.9,2.89,31661.7,0.0,0.0,2.9,2.906,2.9205,101685.0,97982.8,102513.0,0.04
2016-12-05 11:30:00,2.92,2.92,2.9,2.89,80878.2,-0.02,-0.68,2.902,2.908,2.9225,123577.0,106649.0,115258.0,0.1
2016-12-05 11:00:00,2.9,2.94,2.91,2.89,145078.0,0.01,0.34,2.904,2.91,2.9225,125086.0,107430.0,124718.0,0.19
2016-12-05 10:30:00,2.9,2.91,2.89,2.89,76831.8,-0.01,-0.34,2.904,2.911,2.922,112110.0,106597.0,121541.0,0.1
2016-12-05 10:00:00,2.89,2.92,2.9,2.87,173974.0,0.01,0.35,2.908,2.916,2.923,112854.0,110386.0,120532.0,0.22
2016-12-02 15:00:00,2.9,2.92,2.91,2.9,141125.0,0.01,0.34,2.912,2.92,2.9235,94280.9,100754.0,114549.0,0.18
2016-12-02 14:30:00,2.91,2.92,2.91,2.9,88421.2,0.0,0.0,2.914,2.923,2.9235,89720.3,91573.3,110557.0,0.11
2016-12-02 14:00:00,2.92,2.92,2.91,2.9,80199.0,-0.01,-0.34,2.916,2.926,2.9235,89774.9,91970.8,111408.0,0.1
2016-12-02 13:30:00,2.92,2.93,2.91,2.91,80550.3,-0.01,-0.34,2.918,2.93,2.9235,101084.0,103987.0,115899.0,0.1
2016-12-02 11:30:00,2.92,2.93,2.92,2.91,81109.0,0.0,0.0,2.924,2.933,2.9235,107917.0,109561.0,129569.0,0.1
2016-12-02 11:00:00,2.91,2.92,2.92,2.9,118322.0,0.01,0.34,2.928,2.935,2.8985,107228.0,107043.0,127387.0,0.15
2016-12-02 10:30:00,2.92,2.93,2.92,2.91,88694.3,0.0,0.0,2.932,2.937,2.8735,93426.4,123867.0,122544.0,0.11
2016-12-02 10:00:00,2.92,2.93,2.92,2.91,136742.0,0.0,0.0,2.936,2.935,2.849,94166.7,142006.0,119106.0,0.18
2016-12-01 15:00:00,2.93,2.94,2.94,2.93,114720.0,0.01,0.34,2.942,2.933,2.824,106890.0,136485.0,113252.0,0.15
2016-12-01 14:30:00,2.94,2.94,2.94,2.92,77659.8,0.0,0.0,2.942,2.93,2.798,111204.0,130678.0,108828.0,0.1
2016-12-01 14:00:00,2.94,2.95,2.94,2.94,49315.8,0.0,0.0,2.942,2.927,2.772,106859.0,128345.0,106085.0,0.06
2016-12-01 13:30:00,2.96,2.96,2.94,2.94,92396.2,-0.02,-0.68,2.942,2.924,2.746,154308.0,129541.0,105297.0,0.12
2016-12-01 11:30:00,2.94,2.96,2.95,2.94,200361.0,0.01,0.34,2.934,2.921,2.72,189845.0,130845.0,103166.0,0.26
2016-12-01 11:00:00,2.94,2.95,2.94,2.92,136285.0,0.0,0.0,2.924,2.917,2.6945,166079.0,127811.0,94958.6,0.18
2016-12-01 10:30:00,2.94,2.94,2.94,2.93,55938.0,0.0,0.0,2.918,2.914,2.6695,150153.0,149577.0,91504.9,0.07
2016-12-01 10:00:00,2.9,2.95,2.94,2.9,286562.0,0.04,1.38,2.912,2.862,2.645,149830.0,147731.0,95924.1,0.37
2016-11-30 15:00:00,2.9,2.91,2.9,2.88,270077.0,0.0,0.0,2.906,2.81,2.6185,104773.0,121220.0,82267.8,0.35
2016-11-30 14:30:00,2.9,2.91,2.9,2.9,81534.0,0.0,0.0,2.908,2.763,2.594,71845.6,96206.9,69473.6,0.11
2016-11-30 14:00:00,2.92,2.92,2.91,2.9,56652.4,-0.01,-0.34,2.91,2.715,2.5695,89543.6,90018.2,67470.8,0.07
2016-11-30 13:30:00,2.9,2.92,2.91,2.9,54324.4,0.01,0.34,2.91,2.666,2.544,149001.0,86977.6,67074.8,0.07
2016-11-30 11:30:00,2.91,2.93,2.91,2.9,61276.0,0.0,0.0,2.812,2.617,2.519,145631.0,83825.0,68561.9,0.08
2016-11-30 11:00:00,2.91,2.92,2.91,2.9,105441.0,0.0,0.0,2.714,2.568,2.4935,137667.0,81053.9,66484.9,0.14
2016-11-30 10:30:00,2.9,2.93,2.91,2.9,170024.0,0.01,0.34,2.618,2.519,2.4685,120568.0,75487.2,61938.4,0.22
2016-11-30 10:00:00,2.95,2.95,2.91,2.9,353941.0,-0.04,-1.36,2.52,2.472,2.443,90492.9,62105.8,54919.4,0.46
2016-10-13 15:00:00,2.42,2.43,2.42,2.42,37475.1,0.0,0.0,2.422,2.425,2.4185,24954.0,33432.8,38289.0,0.05
2016-10-13 14:30:00,2.43,2.43,2.42,2.42,21454.9,-0.01,-0.41,2.422,2.428,2.418,22018.5,44117.4,37141.7,0.03
2016-10-13 14:00:00,2.42,2.43,2.43,2.42,19946.5,0.01,0.41,2.422,2.427,2.418,24440.5,43315.7,39283.7,0.03
2016-10-13 13:30:00,2.42,2.43,2.42,2.42,19647.2,0.0,0.0,2.42,2.425,2.4165,30406.0,42740.4,40463.0,0.03
2016-10-13 11:30:00,2.42,2.43,2.42,2.41,26246.1,0.0,0.0,2.424,2.424,2.4155,33718.6,44923.4,40991.2,0.03
2016-10-13 11:00:00,2.42,2.42,2.42,2.41,22798.0,0.0,0.0,2.428,2.422,2.4145,41911.5,47172.1,40501.9,0.03
2016-10-13 10:30:00,2.42,2.43,2.42,2.41,33564.9,0.0,0.0,2.434,2.421,2.413,66216.3,53298.8,40889.6,0.04
2016-10-13 10:00:00,2.42,2.43,2.42,2.41,49773.6,0.0,0.0,2.432,2.419,2.4115,62190.9,51916.0,39968.4,0.06
2016-10-12 14:30:00,2.44,2.44,2.44,2.42,36210.5,0.0,0.0,2.43,2.418,2.4105,55074.8,48389.7,39196.6,0.05
2016-10-12 14:00:00,2.44,2.45,2.44,2.43,67210.7,0.0,0.0,2.424,2.414,2.4085,56128.3,47733.0,39368.2,0.09
2016-10-12 13:30:00,2.41,2.45,2.45,2.4,144322.0,0.04,1.66,2.416,2.412,2.4055,52432.5,43145.1,38255.6,0.19
2016-10-12 11:30:00,2.4,2.41,2.41,2.4,13437.6,0.01,0.42,2.408,2.408,2.402,40381.2,30166.0,33907.2,0.02
2016-10-12 11:00:00,2.41,2.41,2.41,2.4,14193.0,0.0,0.0,2.406,2.409,2.4,41641.1,35251.7,34854.9,0.02
2016-10-12 10:30:00,2.4,2.42,2.41,2.4,41478.1,0.01,0.42,2.406,2.408,2.3975,41704.6,38185.6,34951.7,0.05
2016-10-12 10:00:00,2.4,2.41,2.4,2.39,48732.3,0.0,0.0,2.404,2.407,2.395,39337.8,37058.9,33437.0,0.06
2016-10-11 15:00:00,2.41,2.41,2.41,2.4,84065.1,0.0,0.0,2.408,2.407,2.393,33857.7,33831.8,31393.3,0.11
2016-10-11 14:30:00,2.41,2.41,2.4,2.4,19736.8,-0.01,-0.41,2.408,2.405,2.3905,19950.8,28480.5,28043.8,0.03
2016-10-11 14:00:00,2.4,2.41,2.41,2.4,14510.7,0.01,0.42,2.412,2.404,2.388,28862.4,28020.8,27802.1,0.02
2016-10-11 13:30:00,2.42,2.42,2.4,2.4,29644.0,-0.02,-0.83,2.41,2.403,2.3855,34666.6,30003.5,28433.0,0.04
2016-10-11 11:30:00,2.41,2.42,2.42,2.41,21332.1,0.01,0.41,2.41,2.403,2.3835,34780.0,31003.4,28802.4,0.03
2016-10-11 11:00:00,2.42,2.42,2.41,2.41,14530.4,-0.01,-0.41,2.406,2.399,2.381,33805.9,33366.0,28589.7,0.02
2016-10-11 10:30:00,2.4,2.42,2.42,2.39,64294.9,0.02,0.83,2.402,2.396,2.3785,37010.1,37648.4,28550.8,0.08
2016-10-11 10:00:00,2.39,2.4,2.4,2.38,43531.6,0.01,0.42,2.396,2.391,2.376,27179.2,34458.0,25946.0,0.06
2016-10-10 15:00:00,2.4,2.4,2.4,2.39,30211.2,0.0,0.0,2.396,2.387,2.374,25340.4,31717.8,24659.2,0.04
2016-10-10 14:30:00,2.39,2.4,2.4,2.38,16461.2,0.01,0.42,2.396,2.383,2.372,27226.7,29815.0,24372.9,0.02
2016-10-10 14:00:00,2.39,2.4,2.39,2.39,30551.7,0.0,0.0,2.392,2.379,2.3705,32926.2,28954.8,24926.1,0.04
2016-10-10 13:30:00,2.39,2.4,2.39,2.39,15140.3,0.0,0.0,2.39,2.376,2.3695,38286.7,27607.1,24356.0,0.02
2016-10-10 11:30:00,2.4,2.4,2.4,2.39,34337.8,0.0,0.0,2.386,2.372,2.368,41736.9,27583.4,25385.6,0.04
2016-10-10 11:00:00,2.38,2.4,2.4,2.38,39642.6,0.02,0.84,2.378,2.368,2.3665,38095.1,26862.5,24483.0,0.05
2016-10-10 10:30:00,2.37,2.39,2.38,2.37,44958.5,0.01,0.42,2.37,2.364,2.365,32403.3,26601.3,23125.9,0.06
2016-10-10 10:00:00,2.37,2.38,2.38,2.37,57354.5,0.01,0.42,2.366,2.363,2.3645,24983.4,23813.3,21322.0,0.07
2016-09-30 14:30:00,2.36,2.37,2.37,2.36,32391.0,0.01,0.42,2.362,2.361,2.364,16927.4,19453.2,18759.0,0.04
2016-09-30 14:00:00,2.36,2.36,2.36,2.35,16129.1,0.0,0.0,2.358,2.361,2.364,13430.0,17434.0,18259.2,0.02
2016-09-30 13:30:00,2.36,2.36,2.36,2.35,11183.5,0.0,0.0,2.358,2.361,2.3645,15629.9,17600.5,18649.3,0.01
2016-09-30 11:30:00,2.35,2.36,2.36,2.35,7859.01,0.01,0.43,2.358,2.361,2.3645,20799.4,18930.7,19790.4,0.01
2016-09-30 11:00:00,2.35,2.36,2.36,2.35,17074.5,0.01,0.43,2.36,2.362,2.3655,22643.2,20897.4,21459.6,0.02
2016-09-30 10:30:00,2.36,2.36,2.35,2.35,14903.8,-0.01,-0.42,2.36,2.363,2.366,21979.1,21104.9,22962.4,0.02
2016-09-30 10:00:00,2.36,2.37,2.36,2.35,27128.6,0.0,0.0,2.364,2.364,2.3665,21438.1,23187.8,22927.7,0.04
2016-09-29 15:00:00,2.37,2.37,2.36,2.36,37030.9,-0.01,-0.42,2.364,2.365,2.367,19571.2,22103.5,22401.9,0.05
2016-09-29 14:30:00,2.37,2.37,2.37,2.36,17078.4,0.0,0.0,2.364,2.366,2.3675,17062.1,19650.5,22537.6,0.02
2016-09-29 14:00:00,2.36,2.37,2.36,2.36,13753.7,0.0,0.0,2.364,2.366,2.3675,19151.6,18830.8,22475.5,0.02
2016-09-29 13:30:00,2.36,2.37,2.37,2.36,12198.8,0.01,0.42,2.366,2.367,2.3685,20230.8,18064.7,22732.5,0.02
2016-09-29 11:30:00,2.36,2.37,2.36,2.36,17794.2,0.0,0.0,2.364,2.367,2.369,24937.6,19084.3,24592.3,0.02
2016-09-29 11:00:00,2.37,2.37,2.36,2.36,24485.4,-0.01,-0.42,2.366,2.368,2.3705,24635.7,19698.2,27889.7,0.03
2016-09-29 10:30:00,2.37,2.37,2.37,2.36,27525.9,0.0,0.0,2.368,2.368,2.3725,22238.9,20650.0,29706.2,0.04
2016-09-29 10:00:00,2.36,2.37,2.37,2.35,19149.5,0.01,0.42,2.368,2.369,2.3745,18509.9,22021.9,30042.2,0.02
2016-09-28 15:00:00,2.37,2.37,2.36,2.36,35733.0,-0.01,-0.42,2.368,2.369,2.3765,15898.6,24819.9,29927.5,0.05
2016-09-28 14:30:00,2.37,2.37,2.37,2.36,16284.9,0.0,0.0,2.37,2.369,2.3785,13231.0,22667.6,29050.0,0.02
2016-09-28 14:00:00,2.37,2.37,2.37,2.36,12501.4,0.0,0.0,2.37,2.369,2.3805,14760.6,22700.3,29166.5,0.02
2016-09-28 13:30:00,2.36,2.37,2.37,2.36,8880.7,0.01,0.42,2.368,2.369,2.3825,19061.0,25424.7,30626.9,0.01
2016-09-28 11:30:00,2.36,2.37,2.37,2.36,6092.8,0.01,0.42,2.37,2.369,2.3845,25533.8,26120.2,33159.8,0.01
2016-09-28 11:00:00,2.37,2.37,2.37,2.36,22395.0,0.0,0.0,2.37,2.37,2.388,33741.2,27400.3,34097.6,0.03
2016-09-28 10:30:00,2.37,2.37,2.37,2.36,23932.9,0.0,0.0,2.368,2.371,2.391,32104.2,30100.4,33548.7,0.03
2016-09-28 10:00:00,2.38,2.38,2.36,2.36,34003.6,-0.02,-0.84,2.368,2.373,2.3945,30640.0,36081.2,33067.1,0.04
2016-09-27 15:00:00,2.37,2.38,2.38,2.36,41244.8,0.01,0.42,2.37,2.377,2.3985,31788.3,38762.4,32149.1,0.05
2016-09-27 14:30:00,2.37,2.37,2.37,2.35,47129.6,0.0,0.0,2.368,2.38,2.4015,26706.7,38062.6,31147.7,0.06
2016-09-27 14:00:00,2.37,2.37,2.36,2.36,14210.1,-0.01,-0.42,2.37,2.384,2.4055,21059.4,35035.2,30039.4,0.02
2016-09-27 13:30:00,2.37,2.37,2.37,2.36,16611.7,0.0,0.0,2.374,2.388,2.41,28096.6,35432.5,30048.7,0.02
2016-09-27 11:30:00,2.37,2.38,2.37,2.36,39745.5,0.0,0.0,2.378,2.392,2.4135,41522.5,35632.6,30172.9,0.05
2016-09-27 11:00:00,2.38,2.38,2.37,2.37,15836.5,-0.01,-0.42,2.384,2.396,2.4175,45736.5,35829.2,30320.4,0.02
2016-09-27 10:30:00,2.38,2.38,2.38,2.37,18893.2,0.0,0.0,2.392,2.4,2.4215,49418.6,40199.4,30479.1,0.02
2016-09-27 10:00:00,2.37,2.38,2.38,2.37,49395.9,0.01,0.42,2.398,2.406,2.425,49010.9,40794.9,30914.4,0.06
2016-09-26 15:00:00,2.39,2.4,2.39,2.38,83741.3,0.0,0.0,2.402,2.411,2.429,42768.4,36997.1,29443.3,0.11
2016-09-26 14:30:00,2.4,2.41,2.4,2.39,60815.8,0.0,0.0,2.406,2.416,2.4325,29742.8,30053.0,25792.7,0.08
2016-09-26 14:00:00,2.41,2.41,2.41,2.4,34246.6,0.0,0.0,2.408,2.42,2.4355,25921.9,25535.8,23942.0,0.04
2016-09-26 13:30:00,2.41,2.41,2.41,2.4,16855.1,0.0,0.0,2.408,2.423,2.4375,30980.2,24232.8,24201.5,0.02
2016-09-26 11:30:00,2.41,2.42,2.4,2.4,18183.0,-0.01,-0.41,2.414,2.427,2.4395,32578.8,25043.7,25821.2,0.02
2016-09-26 11:00:00,2.42,2.42,2.41,2.4,18613.6,-0.01,-0.41,2.42,2.432,2.442,31225.9,24664.9,26594.2,0.02
2016-09-26 10:30:00,2.42,2.42,2.41,2.4,41711.0,-0.01,-0.41,2.426,2.435,2.444,30363.2,24713.1,26373.6,0.05
2016-09-26 10:00:00,2.43,2.43,2.41,2.41,59538.5,-0.02,-0.82,2.432,2.439,2.4455,25149.8,24811.6,25104.4,0.08
2016-09-23 15:00:00,2.44,2.44,2.44,2.43,24848.0,0.0,0.0,2.438,2.443,2.4475,17485.5,20758.8,23388.1,0.03
2016-09-23 14:30:00,2.44,2.44,2.43,2.43,11418.2,-0.01,-0.41,2.44,2.444,2.4475,17508.6,21033.8,23161.8,0.01
2016-09-23 14:00:00,2.44,2.44,2.44,2.43,14300.3,0.0,0.0,2.444,2.447,2.4475,18103.9,21889.5,24511.3,0.02
2016-09-23 13:30:00,2.44,2.45,2.44,2.44,15644.0,0.0,0.0,2.444,2.449,2.4475,19063.0,21532.4,25368.1,0.02
2016-09-23 11:30:00,2.45,2.45,2.44,2.44,21216.8,-0.01,-0.41,2.446,2.451,2.4475,24473.3,22348.1,28250.0,0.03
2016-09-23 11:00:00,2.44,2.45,2.45,2.44,24963.8,0.01,0.41,2.448,2.452,2.4475,24032.2,24170.1,28879.3,0.03
2016-09-23 10:30:00,2.45,2.45,2.45,2.44,14394.7,0.0,0.0,2.448,2.452,2.447,24559.1,26598.8,28422.0,0.02
2016-09-23 10:00:00,2.46,2.46,2.44,2.44,19095.7,-0.02,-0.81,2.45,2.452,2.447,25675.0,28523.5,28392.2,0.02
2016-09-22 15:00:00,2.45,2.46,2.45,2.44,42695.7,0.0,0.0,2.454,2.453,2.4475,24001.7,28034.1,28861.0,0.06
2016-09-22 14:30:00,2.45,2.46,2.45,2.45,19010.9,0.0,0.0,2.456,2.452,2.4475,20222.8,25397.2,28095.9,0.02
2016-09-22 14:00:00,2.46,2.46,2.45,2.45,27598.4,-0.01,-0.41,2.456,2.452,2.447,24308.0,26017.4,27714.4,0.04
2016-09-22 13:30:00,2.46,2.46,2.46,2.45,19974.3,0.0,0.0,2.456,2.451,2.4465,28638.4,25289.8,27359.0,0.03
2016-09-22 11:30:00,2.46,2.46,2.46,2.45,10729.4,0.0,0.0,2.454,2.448,2.4455,31371.9,27133.1,28648.1,0.01
2016-09-22 11:00:00,2.45,2.46,2.46,2.44,23801.2,0.01,0.41,2.452,2.446,2.446,32066.4,29203.8,30143.4,0.03
2016-09-22 10:30:00,2.46,2.46,2.45,2.44,39436.5,-0.01,-0.41,2.448,2.444,2.446,30571.6,34151.9,29346.5,0.05
2016-09-22 10:00:00,2.45,2.46,2.45,2.44,49250.8,0.0,0.0,2.448,2.443,2.4465,27726.9,33588.5,27988.4,0.06
2016-09-21 15:00:00,2.45,2.45,2.45,2.44,33641.8,0.0,0.0,2.446,2.442,2.447,21941.1,30245.3,26064.3,0.04
2016-09-21 14:30:00,2.44,2.45,2.45,2.44,14201.9,0.01,0.41,2.442,2.442,2.4475,22894.2,28261.0,25067.4,0.02
2016-09-21 14:00:00,2.45,2.45,2.44,2.44,16327.2,-0.01,-0.41,2.44,2.442,2.448,26341.2,29687.9,25059.8,0.02
2016-09-21 13:30:00,2.44,2.45,2.45,2.43,25212.6,0.01,0.41,2.44,2.443,2.449,37732.2,30794.6,25942.1,0.03
2016-09-21 11:30:00,2.44,2.45,2.44,2.43,20321.8,0.0,0.0,2.438,2.442,2.4495,39450.1,29411.4,27589.2,0.03
2016-09-21 11:00:00,2.44,2.44,2.43,2.43,38407.7,-0.01,-0.41,2.438,2.442,2.4505,38549.6,29428.2,28050.0,0.05
2016-09-21 10:30:00,2.44,2.45,2.44,2.43,31436.6,0.0,0.0,2.442,2.443,2.452,33627.7,30163.1,26980.6,0.04
2016-09-21 10:00:00,2.44,2.45,2.44,2.43,73282.3,0.0,0.0,2.444,2.446,2.4525,33034.6,31082.9,26610.6,0.09
2016-09-20 15:00:00,2.44,2.45,2.44,2.44,33802.1,0.0,0.0,2.446,2.448,2.453,23857.0,24541.1,23456.5,0.04
2016-09-20 14:30:00,2.45,2.45,2.44,2.44,15819.3,-0.01,-0.41,2.446,2.45,2.4535,19372.7,22388.2,22450.4,0.02
2016-09-20 14:00:00,2.45,2.45,2.45,2.44,13798.1,0.0,0.0,2.446,2.452,2.4545,20306.8,21883.2,22868.2,0.02
2016-09-20 13:30:00,2.45,2.46,2.45,2.44,28471.1,0.0,0.0,2.444,2.453,2.4545,26698.5,21873.8,23833.1,0.04
2016-09-20 11:30:00,2.44,2.45,2.45,2.44,27394.2,0.01,0.41,2.448,2.454,2.4545,29131.2,20431.8,24208.6,0.04
2016-09-20 11:00:00,2.44,2.45,2.44,2.44,11380.6,0.0,0.0,2.45,2.455,2.455,25225.2,21089.7,24632.2,0.01
2016-09-20 10:30:00,2.44,2.46,2.44,2.44,20490.0,0.0,0.0,2.454,2.457,2.456,25403.8,25767.0,25042.3,0.03
2016-09-20 10:00:00,2.46,2.46,2.44,2.44,45756.6,-0.02,-0.81,2.458,2.459,2.4575,23459.6,26671.7,24871.2,0.06
2016-09-19 15:00:00,2.46,2.47,2.47,2.45,40634.6,0.01,0.41,2.462,2.461,2.4585,17049.2,23798.1,23246.3,0.05
2016-09-19 14:30:00,2.46,2.46,2.46,2.45,7864.34,0.0,0.0,2.46,2.459,2.4585,11732.4,22138.2,22075.4,0.01
2016-09-19 14:00:00,2.46,2.47,2.46,2.45,12273.4,0.0,0.0,2.46,2.458,2.459,16954.1,22371.9,22533.8,0.02
2016-09-19 13:30:00,2.46,2.47,2.46,2.46,10769.3,0.0,0.0,2.46,2.457,2.459,26130.2,22512.5,23651.8,0.01
2016-09-19 11:30:00,2.46,2.47,2.46,2.45,13704.1,0.0,0.0,2.46,2.457,2.4595,29883.8,23853.2,24618.7,0.02
2016-09-19 11:00:00,2.46,2.47,2.46,2.46,14051.0,0.0,0.0,2.46,2.456,2.4595,30547.1,25792.4,26201.0,0.02
2016-09-19 10:30:00,2.46,2.47,2.46,2.45,33972.7,0.0,0.0,2.458,2.455,2.46,32544.0,27985.4,27680.9,0.04
2016-09-19 10:00:00,2.45,2.46,2.46,2.44,58153.8,0.01,0.41,2.456,2.455,2.46,27789.7,28174.7,28438.7,0.08
2016-09-14 15:00:00,2.46,2.46,2.46,2.44,29537.2,0.0,0.0,2.454,2.455,2.46,18894.8,24317.6,28081.7,0.04
2016-09-14 14:30:00,2.45,2.46,2.46,2.45,17020.8,0.01,0.41,2.454,2.456,2.4605,17822.6,23070.7,31240.6,0.02
2016-09-14 14:00:00,2.45,2.46,2.45,2.44,24035.6,0.0,0.0,2.452,2.456,2.4615,21037.8,22694.4,31305.3,0.03
2016-09-14 13:30:00,2.45,2.45,2.45,2.44,10201.2,0.0,0.0,2.452,2.458,2.463,23426.7,22012.5,31858.1,0.01
2016-09-14 11:30:00,2.45,2.45,2.45,2.44,13679.3,0.0,0.0,2.454,2.46,2.465,28559.7,22695.8,39571.0,0.02
2016-09-14 11:00:00,2.45,2.46,2.46,2.45,24176.0,0.01,0.41,2.456,2.461,2.468,29740.4,24791.0,41845.8,0.03
2016-09-14 10:30:00,2.45,2.46,2.45,2.44,33096.8,0.0,0.0,2.458,2.462,2.47,28318.8,25384.2,41772.8,0.04
2016-09-14 10:00:00,2.46,2.46,2.45,2.44,35980.1,-0.01,-0.41,2.46,2.463,2.473,24351.1,26609.6,41073.3,0.05
2016-09-13 15:00:00,2.46,2.47,2.46,2.46,35866.4,0.0,0.0,2.464,2.465,2.476,20598.3,27376.5,40124.9,0.05
2016-09-13 14:30:00,2.47,2.47,2.46,2.46,19582.8,-0.01,-0.4,2.466,2.465,2.4785,16831.8,28702.6,39268.7,0.03
2016-09-13 14:00:00,2.46,2.47,2.47,2.46,17067.8,0.01,0.41,2.466,2.465,2.481,19841.7,31845.9,39385.7,0.02
2016-09-13 13:30:00,2.47,2.47,2.46,2.46,13258.2,-0.01,-0.4,2.466,2.465,2.483,22449.5,39410.5,41250.6,0.02
2016-09-13 11:30:00,2.47,2.47,2.47,2.46,17216.3,0.0,0.0,2.466,2.467,2.4855,28868.1,39916.2,42523.3,0.02
2016-09-13 11:00:00,2.47,2.47,2.47,2.46,17033.9,0.0,0.0,2.466,2.468,2.488,34154.7,41703.7,43044.6,0.02
2016-09-13 10:30:00,2.46,2.47,2.46,2.46,34632.1,0.0,0.0,2.464,2.47,2.49,40573.5,56446.1,43186.2,0.04
2016-09-13 10:00:00,2.47,2.47,2.47,2.46,30107.1,0.0,0.0,2.464,2.475,2.4925,43850.1,58900.5,42817.4,0.04
2016-09-12 15:00:00,2.46,2.47,2.46,2.46,45351.1,0.0,0.0,2.464,2.478,2.4945,56371.4,58161.4,42592.0,0.06
2016-09-12 14:30:00,2.46,2.47,2.47,2.45,43649.2,0.01,0.41,2.468,2.483,2.497,50964.3,55537.1,40787.6,0.06
2016-09-12 14:00:00,2.47,2.47,2.46,2.45,49127.9,-0.01,-0.4,2.47,2.487,2.499,49252.8,52873.4,39399.9,0.06
2016-09-12 13:30:00,2.47,2.47,2.46,2.45,51015.1,-0.01,-0.4,2.476,2.492,2.5015,72318.8,49834.8,39799.6,0.07
2016-09-12 11:30:00,2.48,2.49,2.47,2.46,92713.8,-0.01,-0.4,2.486,2.497,2.504,73950.9,46925.6,39824.6,0.12
2016-09-12 11:00:00,2.49,2.49,2.48,2.48,18315.4,-0.01,-0.4,2.492,2.501,2.506,59951.4,43090.7,38425.2,0.02
2016-09-12 10:30:00,2.49,2.49,2.48,2.48,35091.7,-0.01,-0.4,2.498,2.504,2.508,60109.9,45130.4,39067.4,0.05
2016-09-12 10:00:00,2.49,2.5,2.49,2.48,164458.0,0.0,0.0,2.504,2.508,2.5105,56494.0,44385.4,39163.4,0.21
