2017-03-17@15:00:00,51.137,49.499,47.862
2017-03-17@14:00:00,51.047,49.392,47.738
2017-03-17@11:30:00,50.741,49.266,47.792
2017-03-17@10:30:00,50.552,49.172,47.792
2017-03-16@15:00:00,50.472,49.098,47.724
2017-03-16@14:00:00,50.355,49.020,47.686
2017-03-16@11:30:00,50.296,48.897,47.499
2017-03-16@10:30:00,50.289,48.789,47.289
2017-03-15@15:00:00,50.205,48.667,47.129
2017-03-15@14:00:00,50.144,48.613,47.082
2017-03-15@11:30:00,50.065,48.559,47.054
2017-03-15@10:30:00,49.945,48.495,47.046
2017-03-14@15:00:00,49.882,48.457,47.032
2017-03-14@14:00:00,49.704,48.410,47.117
2017-03-14@11:30:00,49.598,48.378,47.158
2017-03-14@10:30:00,49.447,48.333,47.220
2017-03-13@15:00:00,49.165,48.278,47.391
2017-03-13@14:00:00,49.257,48.303,47.349
2017-03-13@11:30:00,49.351,48.340,47.329
2017-03-13@10:30:00,49.441,48.389,47.338
2017-03-10@15:00:00,49.487,48.455,47.423
2017-03-10@14:00:00,49.534,48.485,47.437
2017-03-10@11:30:00,49.543,48.436,47.330
2017-03-10@10:30:00,49.533,48.393,47.254
2017-03-09@15:00:00,49.547,48.350,47.153
2017-03-09@14:00:00,49.535,48.320,47.105
2017-03-09@11:30:00,49.516,48.349,47.182
2017-03-09@10:30:00,49.481,48.373,47.265
2017-03-08@15:00:00,49.438,48.396,47.355
2017-03-08@14:00:00,49.444,48.409,47.374
2017-03-08@11:30:00,49.444,48.408,47.372
2017-03-08@10:30:00,49.444,48.408,47.372
2017-03-07@15:00:00,49.446,48.411,47.377
2017-03-07@14:00:00,49.513,48.308,47.104
2017-03-07@11:30:00,49.579,48.203,46.828
2017-03-07@10:30:00,49.593,48.117,46.641
2017-03-06@15:00:00,49.593,48.008,46.423
2017-03-06@14:00:00,49.493,47.878,46.263
2017-03-06@11:30:00,49.364,47.754,46.145
2017-03-06@10:30:00,49.177,47.645,46.114
2017-03-03@15:00:00,48.974,47.537,46.101
2017-03-03@14:00:00,48.747,47.438,46.130
2017-03-03@11:30:00,48.724,47.411,46.098
2017-03-03@10:30:00,48.693,47.359,46.025
2017-03-02@15:00:00,48.675,47.320,45.966
2017-03-02@14:00:00,48.635,47.247,45.859
2017-03-02@11:30:00,48.580,47.135,45.690
2017-03-02@10:30:00,48.564,47.021,45.478
2017-03-01@15:00:00,48.541,46.898,45.256
2017-03-01@14:00:00,48.324,46.769,45.214
2017-03-01@11:30:00,48.111,46.646,45.182
2017-03-01@10:30:00,47.859,46.516,45.174
2017-02-28@15:00:00,47.462,46.380,45.299
2017-02-28@14:00:00,47.462,46.299,45.137
2017-02-28@11:30:00,47.477,46.221,44.966
2017-02-28@10:30:00,47.427,46.139,44.851
2017-02-27@15:00:00,47.421,46.059,44.698
2017-02-27@14:00:00,47.454,45.958,44.462
2017-02-27@11:30:00,47.514,45.829,44.144
2017-02-27@10:30:00,47.465,45.687,43.910
2017-02-24@15:00:00,47.344,45.566,43.788
2017-02-24@14:00:00,47.146,45.469,43.792
2017-02-24@11:30:00,46.876,45.372,43.869
2017-02-24@10:30:00,46.678,45.308,43.939
2017-02-23@15:00:00,46.586,45.289,43.993
2017-02-23@14:00:00,46.552,45.281,44.011
2017-02-23@11:30:00,46.593,45.294,43.995
2017-02-23@10:30:00,46.687,45.326,43.966
2017-02-22@15:00:00,46.804,45.373,43.942
2017-02-22@14:00:00,46.972,45.422,43.872
2017-02-22@11:30:00,47.238,45.497,43.756
2017-02-22@10:30:00,47.397,45.559,43.721
2017-02-21@15:00:00,47.491,45.603,43.715
2017-02-21@14:00:00,47.662,45.689,43.717
2017-02-21@11:30:00,47.800,45.778,43.757
2017-02-21@10:30:00,47.933,45.865,43.797
2017-02-20@15:00:00,48.038,45.961,43.884
2017-02-20@14:00:00,48.105,46.087,44.070
2017-02-20@11:30:00,48.068,46.242,44.417
2017-02-20@10:30:00,47.980,46.403,44.826
2017-02-17@15:00:00,47.839,46.534,45.229
2017-02-17@14:00:00,47.708,46.606,45.504
2017-02-17@11:30:00,47.559,46.671,45.783
2017-02-17@10:30:00,47.422,46.719,46.016
2017-02-16@15:00:00,47.421,46.733,46.046
2017-02-16@14:00:00,47.424,46.770,46.116
2017-02-16@11:30:00,47.408,46.814,46.220
2017-02-16@10:30:00,47.415,46.858,46.302
2017-02-15@15:00:00,47.419,46.900,46.382
2017-02-15@14:00:00,47.432,46.886,46.340
2017-02-15@11:30:00,47.400,46.843,46.286
2017-02-15@10:30:00,47.511,46.790,46.069
2017-02-14@15:00:00,47.613,46.746,45.879
2017-02-14@14:00:00,47.613,46.698,45.783
2017-02-14@11:30:00,47.631,46.643,45.656
2017-02-14@10:30:00,47.620,46.589,45.558
2017-02-13@15:00:00,47.585,46.555,45.526
2017-02-13@14:00:00,47.529,46.523,45.517
2017-02-13@11:30:00,47.456,46.469,45.483
2017-02-13@10:30:00,47.337,46.413,45.489
2017-02-10@15:00:00,47.273,46.347,45.422
2017-02-10@14:00:00,47.324,46.289,45.255
2017-02-10@11:30:00,47.318,46.246,45.175
2017-02-10@10:30:00,47.324,46.197,45.070
2017-02-09@15:00:00,47.274,46.142,45.011
2017-02-09@14:00:00,47.161,46.092,45.023
2017-02-09@11:30:00,47.022,46.041,45.060
2017-02-09@10:30:00,46.813,45.969,45.126
2017-02-08@15:00:00,46.536,45.898,45.260
2017-02-08@14:00:00,46.452,45.873,45.295
2017-02-08@11:30:00,46.423,45.809,45.196
2017-02-08@10:30:00,46.462,45.775,45.088
2017-02-07@15:00:00,46.539,45.731,44.924
2017-02-07@14:00:00,46.594,45.660,44.727
2017-02-07@11:30:00,46.609,45.611,44.614
2017-02-07@10:30:00,46.609,45.557,44.506
2017-02-06@15:00:00,46.538,45.483,44.429
2017-02-06@14:00:00,46.401,45.433,44.466
2017-02-06@11:30:00,46.323,45.397,44.471
2017-02-06@10:30:00,46.232,45.367,44.503
2017-02-03@15:00:00,46.218,45.361,44.505
2017-02-03@14:00:00,46.216,45.358,44.501
2017-02-03@11:30:00,46.198,45.348,44.498
2017-02-03@10:30:00,46.191,45.324,44.458
2017-01-26@15:00:00,46.163,45.302,44.441
2017-01-26@14:00:00,46.148,45.214,44.280
2017-01-26@11:30:00,46.056,45.135,44.215
2017-01-26@10:30:00,45.983,45.104,44.225
2017-01-25@15:00:00,45.899,45.046,44.194
2017-01-25@14:00:00,45.830,44.936,44.043
2017-01-25@11:30:00,45.813,44.908,44.003
2017-01-25@10:30:00,45.800,44.872,43.944
2017-01-24@15:00:00,45.803,44.852,43.901
2017-01-24@14:00:00,45.864,44.892,43.920
2017-01-24@11:30:00,45.955,44.932,43.909
2017-01-24@10:30:00,46.082,44.863,43.644
2017-01-23@15:00:00,46.176,44.793,43.410
2017-01-23@14:00:00,46.139,44.708,43.277
2017-01-23@11:30:00,46.164,44.716,43.269
2017-01-23@10:30:00,46.131,44.705,43.280
2017-01-20@15:00:00,46.186,44.720,43.254
2017-01-20@14:00:00,46.560,44.807,43.054
2017-01-20@11:30:00,47.009,44.911,42.814
2017-01-20@10:30:00,47.523,45.058,42.593
2017-01-19@15:00:00,47.884,45.180,42.477
2017-01-19@14:00:00,48.523,45.416,42.309
2017-01-19@11:30:00,49.075,45.643,42.211
2017-01-19@10:30:00,49.541,45.834,42.128
2017-01-18@15:00:00,49.921,46.045,42.169
2017-01-18@14:00:00,50.122,46.269,42.417
2017-01-18@11:30:00,50.419,46.487,42.556
2017-01-18@10:30:00,50.682,46.722,42.762
2017-01-17@15:00:00,51.017,46.992,42.967
2017-01-17@14:00:00,51.513,47.255,42.998
2017-01-17@11:30:00,52.023,47.527,43.032
2017-01-17@10:30:00,52.298,47.925,43.552
2017-01-16@15:00:00,52.407,48.323,44.240
2017-01-16@14:00:00,52.325,48.685,45.046
2017-01-16@11:30:00,52.411,48.958,45.505
2017-01-16@10:30:00,52.406,49.251,46.097
2017-01-13@15:00:00,52.261,49.477,46.693
2017-01-13@14:00:00,52.304,49.685,47.067
2017-01-13@11:30:00,52.460,49.898,47.337
2017-01-13@10:30:00,52.656,50.107,47.558
2017-01-12@15:00:00,52.734,50.328,47.923
2017-01-12@14:00:00,53.445,50.594,47.744
2017-01-12@11:30:00,54.262,50.901,47.541
2017-01-12@10:30:00,54.909,51.210,47.512
2017-01-11@15:00:00,55.466,51.535,47.604
2017-01-11@14:00:00,56.033,51.924,47.815
2017-01-11@11:30:00,56.465,52.269,48.073
2017-01-11@10:30:00,56.791,52.603,48.415
2017-01-10@15:00:00,57.043,52.886,48.729
2017-01-10@14:00:00,57.232,53.104,48.977
2017-01-10@11:30:00,57.413,53.307,49.201
2017-01-10@10:30:00,57.539,53.482,49.425
2017-01-09@15:00:00,57.652,53.666,49.681
2017-01-09@14:00:00,57.670,53.860,50.051
2017-01-09@11:30:00,57.620,54.044,50.469
2017-01-09@10:30:00,57.544,54.211,50.879
2017-01-06@15:00:00,57.286,54.439,51.592
2017-01-06@14:00:00,57.069,54.645,52.221
2017-01-06@11:30:00,56.853,54.817,52.782
2017-01-06@10:30:00,56.571,54.976,53.382
2017-01-05@15:00:00,55.973,55.115,54.257
2017-01-05@14:00:00,55.918,55.139,54.361
2017-01-05@11:30:00,55.926,55.146,54.367
2017-01-05@10:30:00,55.948,55.161,54.374
2017-01-04@15:00:00,56.016,55.185,54.354
2017-01-04@14:00:00,55.864,55.141,54.418
2017-01-04@11:30:00,55.800,55.125,54.450
2017-01-04@10:30:00,55.825,55.130,54.435
2017-01-03@15:00:00,55.907,55.151,54.395
2017-01-03@14:00:00,55.996,55.189,54.383
2017-01-03@11:30:00,56.006,55.198,54.391
2017-01-03@10:30:00,56.024,55.184,54.345
2016-12-30@15:00:00,56.084,55.143,54.202
2016-12-30@14:00:00,56.146,55.187,54.228
2016-12-30@11:30:00,56.173,55.235,54.298
2016-12-30@10:30:00,56.569,55.366,54.163
2016-12-29@15:00:00,57.122,55.512,53.903
2016-12-29@14:00:00,57.738,55.675,53.612
2016-12-29@11:30:00,58.356,55.862,53.369
2016-12-29@10:30:00,58.873,56.051,53.229
2016-12-28@15:00:00,59.167,56.231,53.295
2016-12-28@14:00:00,59.663,56.474,53.286
2016-12-28@11:30:00,59.979,56.662,53.345
2016-12-28@10:30:00,60.148,56.808,53.469
2016-12-27@15:00:00,60.418,56.973,53.529
2016-12-27@14:00:00,60.598,57.158,53.718
2016-12-27@11:30:00,60.686,57.299,53.913
2016-12-27@10:30:00,60.838,57.452,54.066
2016-12-26@15:00:00,60.947,57.596,54.245
2016-12-26@14:00:00,60.970,57.714,54.458
2016-12-26@11:30:00,60.940,57.868,54.797
2016-12-26@10:30:00,60.821,58.099,55.377
2016-12-23@15:00:00,60.436,58.348,56.261
2016-12-23@14:00:00,60.269,58.531,56.793
2016-12-23@11:30:00,59.813,58.705,57.597
2016-12-23@10:30:00,59.655,58.799,57.944
2016-12-22@15:00:00,59.644,58.871,58.099
2016-12-22@14:00:00,59.710,58.919,58.128
2016-12-22@11:30:00,59.707,58.915,58.124
2016-12-22@10:30:00,59.877,58.963,58.050
2016-12-21@15:00:00,59.930,59.021,58.112
2016-12-21@14:00:00,60.206,58.876,57.547
2016-12-21@11:30:00,60.248,58.805,57.363
2016-12-21@10:30:00,60.247,58.813,57.380
2016-12-20@15:00:00,60.279,58.731,57.183
2016-12-20@14:00:00,60.278,58.673,57.068
2016-12-20@11:30:00,60.344,58.616,56.888
2016-12-20@10:30:00,60.380,58.521,56.662
2016-12-19@15:00:00,60.513,58.390,56.267
2016-12-19@14:00:00,60.651,58.280,55.909
2016-12-19@11:30:00,60.653,58.203,55.754
2016-12-19@10:30:00,60.589,58.174,55.759
2016-12-16@15:00:00,60.736,58.218,55.700
2016-12-16@14:00:00,61.271,58.340,55.410
2016-12-16@11:30:00,61.776,58.479,55.183
2016-12-16@10:30:00,62.267,58.629,54.991
2016-12-15@15:00:00,62.453,58.703,54.953
2016-12-15@14:00:00,62.797,58.820,54.844
2016-12-15@11:30:00,63.275,58.998,54.721
2016-12-15@10:30:00,63.656,59.126,54.596
2016-12-14@15:00:00,64.147,59.302,54.457
2016-12-14@14:00:00,64.922,59.701,54.481
2016-12-14@11:30:00,65.585,60.051,54.518
2016-12-14@10:30:00,66.334,60.394,54.455
2016-12-13@15:00:00,66.648,60.707,54.766
2016-12-13@14:00:00,66.851,60.980,55.110
2016-12-13@11:30:00,67.128,61.344,55.560
2016-12-13@10:30:00,67.351,61.736,56.122
2016-12-12@15:00:00,67.318,62.173,57.029
2016-12-12@14:00:00,67.063,62.630,58.197
2016-12-12@11:30:00,66.629,63.010,59.392
2016-12-12@10:30:00,66.485,63.348,60.211
2016-12-09@15:00:00,66.759,63.679,60.599
2016-12-09@14:00:00,67.352,63.967,60.582
2016-12-09@11:30:00,68.113,64.307,60.501
2016-12-09@10:30:00,68.665,64.623,60.582
2016-12-08@15:00:00,68.923,64.994,61.065
2016-12-08@14:00:00,69.434,65.368,61.303
2016-12-08@11:30:00,70.001,65.737,61.473
2016-12-08@10:30:00,70.792,66.171,61.551
2016-12-07@15:00:00,71.684,66.622,61.561
2016-12-07@14:00:00,72.441,66.981,61.521
2016-12-07@11:30:00,72.817,67.274,61.732
2016-12-07@10:30:00,72.902,67.417,61.933
2016-12-06@15:00:00,72.805,67.593,62.381
2016-12-06@14:00:00,75.206,67.071,58.937
2016-12-06@11:30:00,76.700,66.488,56.276
2016-12-06@10:30:00,77.708,65.885,54.063
2016-12-05@15:00:00,78.448,65.268,52.088
2016-12-05@14:00:00,78.832,64.688,50.544
2016-12-05@11:30:00,79.154,64.112,49.070
2016-12-05@10:30:00,79.288,63.489,47.690
2016-12-02@15:00:00,79.157,62.810,46.464
2016-12-02@14:00:00,78.815,62.079,45.343
2016-12-02@11:30:00,78.303,61.202,44.101
2016-12-02@10:30:00,77.654,60.334,43.014
2016-12-01@15:00:00,76.856,59.470,42.085
2016-12-01@14:00:00,75.706,58.551,41.396
2016-12-01@11:30:00,74.259,57.596,40.933
2016-12-01@10:30:00,72.252,56.568,40.885
2016-11-30@15:00:00,69.660,55.465,41.271
2016-11-30@14:00:00,66.611,54.320,42.029
2016-11-30@11:30:00,63.253,53.245,43.237
2016-11-30@10:30:00,59.729,52.274,44.819
2016-10-13@15:00:00,54.523,51.359,48.196
2016-10-13@14:00:00,54.448,51.158,47.868
2016-10-13@11:30:00,54.344,50.941,47.539
2016-10-13@10:30:00,54.159,50.737,47.316
2016-10-12@15:00:00,53.974,50.546,47.117
2016-10-12@14:00:00,53.576,50.277,46.978
2016-10-12@11:30:00,53.212,50.043,46.874
2016-10-12@10:30:00,52.794,49.804,46.814
2016-10-11@15:00:00,52.195,49.571,46.947
2016-10-11@14:00:00,51.505,49.360,47.214
2016-10-11@11:30:00,51.260,49.212,47.163
2016-10-11@10:30:00,50.993,49.068,47.143
2016-10-10@15:00:00,50.685,48.934,47.182
2016-10-10@14:00:00,50.325,48.799,47.272
2016-10-10@11:30:00,49.973,48.714,47.455
2016-10-10@10:30:00,49.585,48.647,47.708
2016-09-30@15:00:00,49.390,48.614,47.838
2016-09-30@14:00:00,49.882,48.701,47.519
2016-09-30@11:30:00,50.339,48.801,47.263
2016-09-30@10:30:00,50.696,48.907,47.117
2016-09-29@15:00:00,51.003,49.008,47.013
2016-09-29@14:00:00,51.211,49.102,46.993
2016-09-29@11:30:00,51.436,49.221,47.006
2016-09-29@10:30:00,51.666,49.335,47.004
2016-09-28@15:00:00,51.861,49.448,47.035
2016-09-28@14:00:00,51.948,49.569,47.190
2016-09-28@11:30:00,52.084,49.706,47.327
2016-09-28@10:30:00,52.116,49.828,47.540
2016-09-27@15:00:00,52.132,49.923,47.714
2016-09-27@14:00:00,52.149,50.006,47.863
2016-09-27@11:30:00,52.085,50.116,48.147
2016-09-27@10:30:00,51.978,50.230,48.482
2016-09-26@15:00:00,51.831,50.337,48.844
2016-09-26@14:00:00,51.569,50.436,49.304
2016-09-26@11:30:00,51.440,50.483,49.526
2016-09-26@10:30:00,51.333,50.527,49.722
2016-09-23@15:00:00,51.211,50.562,49.914
2016-09-23@14:00:00,51.332,50.496,49.660
2016-09-23@11:30:00,51.336,50.423,49.510
2016-09-23@10:30:00,51.322,50.353,49.384
2016-09-22@15:00:00,51.253,50.299,49.345
2016-09-22@14:00:00,51.222,50.260,49.298
2016-09-22@11:30:00,51.151,50.222,49.293
2016-09-22@10:30:00,nan,nan,nan
2016-09-21@15:00:00,nan,nan,nan
2016-09-21@14:00:00,nan,nan,nan
2016-09-21@11:30:00,nan,nan,nan
2016-09-21@10:30:00,nan,nan,nan
2016-09-20@15:00:00,nan,nan,nan
2016-09-20@14:00:00,nan,nan,nan
2016-09-20@11:30:00,nan,nan,nan
2016-09-20@10:30:00,nan,nan,nan
2016-09-19@15:00:00,nan,nan,nan
2016-09-19@14:00:00,nan,nan,nan
2016-09-19@11:30:00,nan,nan,nan
2016-09-19@10:30:00,nan,nan,nan
2016-09-14@15:00:00,nan,nan,nan
2016-09-14@14:00:00,nan,nan,nan
2016-09-14@11:30:00,nan,nan,nan
2016-09-14@10:30:00,nan,nan,nan
2016-09-13@15:00:00,nan,nan,nan
2016-09-13@14:00:00,nan,nan,nan
