Not
2017-06-30,-3.143,-3.429,0.286
2017-06-29,-3.288,-3.501,0.212
2017-06-28,-3.417,-3.554,0.137
2017-06-27,-3.524,-3.588,0.064
2017-06-26,-3.645,-3.604,-0.041
2017-06-23,-3.742,-3.594,-0.148
2017-06-22,-3.793,-3.557,-0.236
2017-06-21,-3.841,-3.498,-0.343
2017-06-20,-3.906,-3.412,-0.494
2017-06-19,-3.936,-3.288,-0.648
2017-06-16,-3.947,-3.126,-0.821
2017-06-15,-3.900,-2.921,-0.979
2017-06-14,-3.808,-2.676,-1.132
2017-06-13,-3.589,-2.393,-1.196
2017-06-12,-3.289,-2.094,-1.194
2017-06-09,-2.724,-1.796,-0.929
2017-06-08,-2.064,-1.564,-0.501
2017-06-07,-1.234,-1.439,0.205
2017-06-06,-1.435,-1.490,0.055
2017-06-05,-1.538,-1.503,-0.035
2017-06-02,-1.610,-1.495,-0.116
2017-06-01,-1.636,-1.466,-0.170
2017-05-31,-1.502,-1.423,-0.078
2017-05-26,-1.515,-1.404,-0.111
2017-05-25,-1.477,-1.376,-0.101
2017-05-24,-1.396,-1.351,-0.046
2017-05-23,-1.261,-1.340,0.078
2017-05-22,-1.074,-1.359,0.285
2017-05-19,-1.002,-1.430,0.428
2017-05-18,-1.098,-1.537,0.439
2017-05-17,-1.229,-1.647,0.418
2017-05-16,-1.419,-1.752,0.333
2017-05-15,-1.604,-1.835,0.231
2017-05-12,-1.700,-1.892,0.192
2017-05-11,-1.768,-1.941,0.173
2017-05-10,-1.822,-1.984,0.162
2017-05-09,-1.905,-2.024,0.120
2017-05-08,-1.992,-2.054,0.062
2017-05-05,-2.008,-2.069,0.061
2017-05-04,-2.094,-2.085,-0.009
2017-05-03,-2.133,-2.082,-0.051
2017-05-02,-2.171,-2.070,-0.102
2017-04-28,-2.192,-2.044,-0.148
2017-04-27,-2.217,-2.007,-0.209
2017-04-26,-2.198,-1.955,-0.242
2017-04-25,-2.126,-1.894,-0.232
2017-04-24,-2.111,-1.837,-0.274
2017-04-21,-2.104,-1.768,-0.336
2017-04-20,-2.113,-1.684,-0.429
2017-04-19,-2.045,-1.577,-0.469
2017-04-18,-2.015,-1.459,-0.556
2017-04-17,-1.876,-1.320,-0.556
2017-04-14,-1.696,-1.181,-0.515
2017-04-13,-1.614,-1.053,-0.561
2017-04-12,-1.559,-0.912,-0.647
2017-04-11,-1.445,-0.751,-0.695
2017-04-10,-1.317,-0.577,-0.740
2017-04-07,-1.035,-0.392,-0.643
2017-04-06,-0.917,-0.232,-0.685
2017-04-05,-0.810,-0.060,-0.750
2017-03-31,-0.674,0.127,-0.801
2017-03-30,-0.403,0.328,-0.731
2017-03-29,-0.006,0.510,-0.516
2017-03-28,0.426,0.639,-0.213
2017-03-27,0.709,0.693,0.017
2017-03-24,0.927,0.689,0.238
2017-03-23,0.941,0.629,0.312
2017-03-22,0.886,0.551,0.335
2017-03-21,0.900,0.467,0.433
2017-03-20,0.795,0.359,0.435
2017-03-17,0.604,0.250,0.354
2017-03-16,0.500,0.162,0.339
2017-03-15,0.407,0.077,0.330
2017-03-14,0.362,-0.006,0.367
2017-03-13,0.232,-0.097,0.329
2017-03-10,0.186,-0.180,0.365
2017-03-09,0.161,-0.271,0.432
2017-03-08,0.114,-0.379,0.493
2017-03-07,0.082,-0.502,0.584
2017-03-06,-0.039,-0.648,0.609
2017-03-03,-0.215,-0.801,0.586
2017-03-02,-0.414,-0.947,0.534
2017-03-01,-0.554,-1.081,0.526
2017-02-28,-0.779,-1.212,0.434
2017-02-27,-0.901,-1.321,0.420
2017-02-24,-1.009,-1.425,0.416
2017-02-23,-1.174,-1.530,0.355
2017-02-22,-1.310,-1.618,0.308
2017-02-21,-1.406,-1.695,0.289
2017-02-20,-1.450,-1.768,0.317
2017-02-17,-1.412,-1.847,0.435
2017-02-16,-1.381,-1.956,0.575
2017-02-15,-1.464,-2.099,0.636
2017-02-14,-1.598,-2.258,0.660
2017-02-13,-1.765,-2.423,0.658
2017-02-10,-1.961,-2.588,0.627
2017-02-09,-2.119,-2.745,0.625
2017-02-08,-2.345,-2.901,0.556
2017-02-07,-2.552,-3.040,0.488
2017-02-06,-2.729,-3.162,0.433
2017-02-03,-2.954,-3.270,0.316
2017-02-02,-3.080,-3.349,0.269
2017-01-26,-3.271,-3.416,0.145
2017-01-25,-3.468,-3.452,-0.016
2017-01-24,-3.672,-3.449,-0.223
2017-01-23,-3.730,-3.393,-0.337
2017-01-20,-3.836,-3.309,-0.527
2017-01-19,-3.898,-3.177,-0.721
2017-01-18,-3.814,-2.996,-0.818
2017-01-17,-3.618,-2.792,-0.826
2017-01-16,-3.472,-2.585,-0.887
2017-01-13,-3.063,-2.364,-0.700
2017-01-12,-2.828,-2.189,-0.640
2017-01-11,-2.685,-2.029,-0.656
2017-01-10,-2.400,-1.865,-0.535
2017-01-09,-2.244,-1.731,-0.513
2017-01-06,-2.041,-1.603,-0.438
2017-01-05,-1.771,-1.493,-0.278
2017-01-04,-1.719,-1.424,-0.295
2017-01-03,-1.813,-1.350,-0.464
2016-12-30,-1.802,-1.234,-0.568
2016-12-29,-1.716,-1.092,-0.624
2016-12-28,-1.652,-0.936,-0.717
2016-12-27,-1.489,-0.756,-0.733
2016-12-26,-1.305,-0.573,-0.731
2016-12-23,-1.114,-0.391,-0.724
2016-12-22,-0.844,-0.210,-0.635
2016-12-21,-0.772,-0.051,-0.721
2016-12-20,-0.786,0.129,-0.915
2016-12-19,-0.716,0.358,-1.074
2016-12-16,-0.540,0.627,-1.166
2016-12-15,-0.434,0.918,-1.352
2016-12-14,-0.293,1.256,-1.549
2016-12-13,0.168,1.644,-1.476
2016-12-12,0.650,2.013,-1.362
2016-12-09,1.431,2.353,-0.922
2016-12-08,1.814,2.584,-0.769
2016-12-07,2.277,2.776,-0.499
2016-12-06,2.541,2.901,-0.359
2016-12-05,2.996,2.990,0.005
2016-12-02,3.336,2.989,0.347
2016-12-01,3.470,2.902,0.567
2016-11-30,3.414,2.761,0.653
2016-11-29,3.034,2.597,0.436
2016-11-28,2.899,2.488,0.411
2016-11-25,3.038,2.386,0.653
2016-11-24,2.816,2.222,0.593
2016-11-23,2.654,2.074,0.580
2016-11-22,2.261,1.929,0.332
2016-11-21,1.997,1.846,0.151
2016-11-18,1.681,1.809,-0.128
2016-11-17,1.512,1.840,-0.329
2016-11-16,1.849,1.923,-0.074
2016-11-15,2.030,1.941,0.089
2016-11-14,2.119,1.919,0.200
2016-11-11,2.202,1.869,0.333
2016-11-10,2.286,1.785,0.501
2016-11-09,2.140,1.660,0.479
2016-11-08,2.077,1.540,0.536
2016-11-07,2.025,1.406,0.618
2016-11-04,1.868,1.252,0.616
2016-11-03,1.687,1.098,0.589
2016-11-02,1.571,0.951,0.620
2016-10-28,1.353,0.796,0.558
2016-10-27,1.271,0.656,0.614
2016-10-26,1.217,0.503,0.714
2016-10-25,1.120,0.324,0.796
2016-10-24,0.915,0.125,0.790
2016-10-21,0.644,-0.072,0.717
2016-10-20,0.376,-0.252,0.628
2016-10-19,0.003,-0.409,0.412
2016-10-18,-0.058,-0.512,0.454
2016-10-17,-0.146,-0.625,0.479
2016-10-14,-0.172,-0.745,0.573
2016-10-13,-0.330,-0.888,0.558
2016-10-12,-0.526,-1.027,0.502
2016-10-11,-0.831,-1.153,0.322
2016-10-10,-1.162,-1.233,0.071
2016-09-30,-1.359,-1.251,-0.107
2016-09-29,-1.395,-1.224,-0.171
2016-09-28,-1.400,-1.182,-0.219
2016-09-27,-1.325,-1.127,-0.198
2016-09-26,-1.266,-1.077,-0.189
2016-09-23,-1.123,-1.030,-0.093
2016-09-22,-1.170,-1.007,-0.163
2016-09-21,-1.214,-0.966,-0.248
2016-09-20,-1.245,-0.904,-0.341
2016-09-19,-1.246,-0.819,-0.427
2016-09-14,-1.211,-0.712,-0.499
2016-09-13,-1.064,-0.587,-0.477
2016-09-12,-0.910,-0.468,-0.442
2016-09-09,-0.707,-0.357,-0.349
2016-09-08,-0.647,-0.270,-0.377
2016-09-07,-0.562,-0.176,-0.386
2016-09-06,-0.429,-0.079,-0.350
2016-09-05,-0.346,0.008,-0.354
2016-09-02,-0.153,0.097,-0.249
2016-09-01,0.086,0.159,-0.073
2016-08-31,0.260,0.177,0.083
2016-08-30,0.350,0.157,0.194
2016-08-29,0.409,0.108,0.301
2016-08-26,0.363,0.033,0.330
2016-08-25,0.226,-0.050,0.276
2016-08-24,0.036,-0.119,0.155
2016-08-23,0.085,-0.157,0.242
2016-08-22,0.031,-0.218,0.249
2016-08-19,0.050,-0.280,0.330
2016-08-18,-0.050,-0.363,0.312
2016-08-17,-0.154,-0.441,0.287
2016-08-16,-0.412,-0.512,0.101
2016-08-15,-0.615,-0.538,-0.077
2016-08-12,-0.780,-0.518,-0.262
2016-08-11,-0.834,-0.453,-0.381
2016-08-10,-0.888,-0.357,-0.531
2016-08-09,-0.911,-0.225,-0.686
2016-08-08,-0.927,-0.053,-0.874
2016-08-05,-0.898,0.165,-1.063
2016-08-04,-0.679,0.431,-1.111
2016-08-03,-0.529,0.709,-1.237
2016-08-02,-0.346,1.018,-1.364
2016-08-01,0.015,1.359,-1.344
2016-07-29,0.531,1.695,-1.164
2016-07-28,0.904,1.986,-1.082
2016-07-27,1.336,2.257,-0.921
2016-07-26,1.847,2.487,-0.640
2016-07-25,1.918,2.647,-0.728
2016-07-22,2.041,2.829,-0.788
2016-07-21,2.361,3.026,-0.665
2016-07-20,2.783,3.192,-0.410
2016-07-19,3.050,3.295,-0.245
2016-07-18,3.301,3.356,-0.055
2016-07-15,3.670,3.370,0.300
2016-07-14,3.741,3.295,0.446
2016-07-13,3.734,3.183,0.551
2016-07-12,3.802,3.046,0.756
2016-07-11,3.756,2.857,0.899
2016-07-08,3.519,2.632,0.887
2016-07-07,3.268,2.410,0.858
2016-07-06,3.178,2.195,0.983
2016-07-05,2.882,1.950,0.932
2016-07-04,2.496,1.717,0.779
2016-07-01,2.171,1.522,0.649
2016-06-30,1.915,1.360,0.556
2016-06-29,1.787,1.221,0.567
2016-06-28,1.474,1.079,0.395
2016-06-27,1.341,0.980,0.361
2016-06-24,1.221,0.890,0.331
2016-06-23,1.323,0.807,0.516
2016-06-22,1.256,0.678,0.578
2016-06-21,1.069,0.534,0.535
2016-06-20,0.912,0.400,0.512
2016-06-17,0.701,0.272,0.429
2016-06-16,0.576,0.165,0.411
2016-06-15,0.512,0.062,0.450
2016-06-14,0.378,-0.051,0.428
2016-06-13,0.433,-0.158,0.591
2016-06-08,0.560,-0.306,0.866
2016-06-07,0.201,-0.522,0.723
2016-06-06,-0.100,-0.703,0.603
2016-06-03,-0.242,-0.853,0.611
2016-06-02,-0.475,-1.006,0.531
2016-06-01,-0.777,-1.139,0.362
2016-05-31,-1.007,-1.229,0.222
2016-05-30,-1.294,-1.285,-0.009
2016-05-27,-1.417,-1.283,-0.134
2016-05-26,-1.560,-1.249,-0.311
2016-05-25,-1.690,-1.172,-0.518
2016-05-24,-1.721,-1.042,-0.679
2016-05-23,-1.683,-0.872,-0.811
2016-05-20,-1.714,-0.670,-1.045
2016-05-19,-1.582,-0.408,-1.173
2016-05-18,-1.341,-0.115,-1.226
2016-05-17,-1.000,0.191,-1.191
2016-05-16,nan,nan,nan
2016-05-13,nan,nan,nan
2016-05-12,nan,nan,nan
2016-05-11,nan,nan,nan
2016-05-10,nan,nan,nan
2016-05-09,nan,nan,nan
2016-05-06,nan,nan,nan
2016-05-05,nan,nan,nan
2016-05-04,nan,nan,nan
2016-05-03,nan,nan,nan
2016-04-29,nan,nan,nan
2016-04-28,nan,nan,nan
2016-04-27,nan,nan,nan
2016-04-26,nan,nan,nan
2016-04-25,nan,nan,nan
2016-04-22,nan,nan,nan
2016-04-21,nan,nan,nan
2016-04-20,nan,nan,nan
2016-04-19,nan,nan,nan
2016-04-18,nan,nan,nan
2016-04-15,nan,nan,nan
2016-04-14,nan,nan,nan
2016-04-13,nan,nan,nan
2016-04-12,nan,nan,nan
2016-04-11,nan,nan,nan
2016-04-08,nan,nan,nan
2016-04-07,nan,nan,nan
2016-04-06,nan,nan,nan
2016-04-05,nan,nan,nan
2016-04-01,nan,nan,nan
2016-03-31,nan,nan,nan
2016-03-30,nan,nan,nan
2016-03-29,nan,nan,nan
