2017-06-30,13.649,13.136,12.622
2017-06-29,13.644,13.090,12.536
2017-06-28,13.684,13.050,12.415
2017-06-27,13.675,13.038,12.400
2017-06-26,13.652,13.022,12.392
2017-06-23,13.640,13.014,12.387
2017-06-22,13.639,13.011,12.382
2017-06-21,13.633,12.988,12.343
2017-06-20,13.623,12.984,12.345
2017-06-19,13.595,12.974,12.353
2017-06-16,13.573,12.969,12.364
2017-06-15,13.607,12.976,12.345
2017-06-14,13.686,12.992,12.298
2017-06-13,13.736,13.005,12.273
2017-06-12,13.751,12.976,12.201
2017-06-09,13.750,12.977,12.204
2017-06-08,13.752,12.979,12.206
2017-06-07,13.777,12.992,12.207
2017-06-06,13.776,12.992,12.207
2017-06-05,13.832,13.029,12.225
2017-06-02,13.957,13.090,12.223
2017-06-01,14.063,13.160,12.257
2017-05-31,14.148,13.244,12.339
2017-05-26,14.228,13.295,12.362
2017-05-25,14.303,13.345,12.386
2017-05-24,14.379,13.394,12.408
2017-05-23,14.438,13.451,12.463
2017-05-22,14.460,13.517,12.574
2017-05-19,14.640,13.591,12.542
2017-05-18,14.791,13.666,12.540
2017-05-17,14.953,13.737,12.520
2017-05-16,15.254,13.830,12.405
2017-05-15,15.788,13.963,12.137
2017-05-12,16.231,14.105,11.978
2017-05-11,16.637,14.329,12.021
2017-05-10,16.869,14.519,12.168
2017-05-09,17.091,14.693,12.294
2017-05-08,17.243,14.842,12.440
2017-05-05,17.562,15.062,12.562
2017-05-04,17.985,15.288,12.591
2017-05-03,18.412,15.506,12.600
2017-05-02,18.655,15.694,12.732
2017-04-28,18.816,15.864,12.911
2017-04-27,19.008,16.066,13.123
2017-04-26,19.044,16.230,13.416
2017-04-25,19.015,16.380,13.745
2017-04-24,19.057,16.578,14.098
2017-04-21,19.006,16.771,14.537
2017-04-20,18.996,16.935,14.874
2017-04-19,18.936,17.107,15.277
2017-04-18,18.803,17.270,15.737
2017-04-17,18.750,17.410,16.069
2017-04-14,18.809,17.499,16.188
2017-04-13,18.849,17.586,16.322
2017-04-12,19.116,17.702,16.288
2017-04-11,19.289,17.843,16.396
2017-04-10,19.419,17.981,16.542
2017-04-07,19.427,18.127,16.826
2017-04-06,19.591,18.224,16.857
2017-04-05,19.821,18.311,16.800
2017-03-31,19.979,18.376,16.772
2017-03-30,20.107,18.466,16.824
2017-03-29,20.157,18.555,16.952
2017-03-28,20.238,18.625,17.012
2017-03-27,20.251,18.736,17.220
2017-03-24,20.205,18.869,17.532
2017-03-23,20.277,18.959,17.640
2017-03-22,20.292,19.045,17.798
2017-03-21,20.272,19.124,17.976
2017-03-20,20.241,19.192,18.142
2017-03-17,20.166,19.254,18.342
2017-03-16,20.088,19.302,18.516
2017-03-15,19.968,19.354,18.739
2017-03-14,19.756,19.414,19.072
2017-03-13,19.775,19.433,19.090
2017-03-10,19.832,19.461,19.089
2017-03-09,19.866,19.485,19.103
2017-03-08,19.927,19.522,19.117
2017-03-07,19.963,19.544,19.125
2017-03-06,19.972,19.547,19.122
2017-03-03,20.021,19.566,19.110
2017-03-02,20.021,19.561,19.101
2017-03-01,20.011,19.568,19.124
2017-02-28,20.015,19.564,19.113
2017-02-27,20.025,19.554,19.082
2017-02-24,20.017,19.547,19.077
2017-02-23,19.994,19.530,19.065
2017-02-22,19.986,19.519,19.051
2017-02-21,20.020,19.491,18.962
2017-02-20,20.040,19.470,18.899
2017-02-17,20.059,19.453,18.847
2017-02-16,20.208,19.509,18.809
2017-02-15,20.428,19.579,18.729
2017-02-14,20.695,19.655,18.614
2017-02-13,21.032,19.744,18.456
2017-02-10,21.188,19.800,18.411
2017-02-09,21.260,19.838,18.415
2017-02-08,21.365,19.881,18.397
2017-02-07,21.487,19.936,18.385
2017-02-06,21.579,19.986,18.393
2017-02-03,21.631,20.019,18.406
2017-01-26,21.674,20.074,18.474
2017-01-25,21.703,20.130,18.557
2017-01-24,21.742,20.201,18.659
2017-01-23,21.787,20.284,18.781
2017-01-20,21.820,20.346,18.872
2017-01-19,21.886,20.436,18.985
2017-01-18,22.047,20.559,19.070
2017-01-17,22.099,20.704,19.308
2017-01-16,21.975,20.810,19.645
2017-01-13,21.709,20.899,20.088
2017-01-12,21.694,20.909,20.124
2017-01-11,21.706,20.895,20.085
2017-01-10,21.704,20.867,20.031
2017-01-09,21.635,20.825,20.014
2017-01-06,21.715,20.853,19.991
2017-01-05,21.834,20.913,19.991
2017-01-04,22.003,20.972,19.940
2017-01-03,22.150,21.026,19.901
2016-12-30,22.175,21.051,19.926
2016-12-29,22.193,21.087,19.980
2016-12-28,22.249,21.146,20.042
2016-12-27,22.321,21.217,20.113
2016-12-26,22.404,21.281,20.157
2016-12-23,22.535,21.349,20.162
2016-12-22,22.618,21.417,20.216
2016-12-21,22.744,21.477,20.210
2016-12-20,22.836,21.508,20.179
2016-12-19,23.002,21.557,20.112
2016-12-16,23.128,21.630,20.132
2016-12-15,23.205,21.718,20.231
2016-12-14,23.291,21.834,20.377
2016-12-13,23.337,21.962,20.587
2016-12-12,23.258,22.066,20.874
2016-12-09,23.129,22.158,21.188
2016-12-08,23.120,22.197,21.275
2016-12-07,23.130,22.232,21.335
2016-12-06,23.133,22.242,21.351
2016-12-05,23.158,22.267,21.377
2016-12-02,23.093,22.322,21.552
2016-12-01,23.050,22.402,21.755
2016-11-30,23.301,22.505,21.709
2016-11-29,23.305,22.550,21.795
2016-11-28,23.286,22.562,21.839
2016-11-25,23.286,22.563,21.840
2016-11-24,23.281,22.567,21.853
2016-11-23,23.285,22.557,21.830
2016-11-22,23.297,22.538,21.779
2016-11-21,23.269,22.523,21.777
2016-11-18,23.298,22.481,21.664
2016-11-17,23.310,22.448,21.586
2016-11-16,23.277,22.399,21.521
2016-11-15,23.215,22.344,21.473
2016-11-14,23.241,22.293,21.344
2016-11-11,23.273,22.241,21.208
2016-11-10,23.289,22.198,21.107
2016-11-09,23.276,22.157,21.037
2016-11-08,23.277,22.124,20.970
2016-11-07,23.240,22.100,20.960
2016-11-04,23.210,22.075,20.940
2016-11-03,23.097,22.015,20.933
2016-11-02,22.657,21.916,21.174
2016-10-21,22.486,21.858,21.229
2016-10-20,22.446,21.822,21.197
2016-10-19,22.385,21.796,21.206
2016-10-18,22.374,21.739,21.104
2016-10-17,22.370,21.738,21.106
2016-10-14,22.412,21.750,21.087
2016-10-13,22.361,21.740,21.119
2016-10-12,22.482,21.778,21.073
2016-10-11,22.533,21.798,21.063
2016-10-10,22.590,21.821,21.052
2016-09-30,22.680,21.854,21.028
2016-09-29,22.778,21.912,21.045
2016-09-28,22.852,21.975,21.097
2016-09-27,22.915,22.034,21.152
2016-09-26,22.960,22.081,21.202
2016-09-23,22.985,22.129,21.273
2016-09-22,23.074,22.168,21.262
2016-09-21,23.168,22.219,21.269
2016-09-20,23.261,22.285,21.308
2016-09-19,23.396,22.361,21.326
2016-09-14,23.421,22.421,21.421
2016-09-13,23.448,22.501,21.554
2016-09-12,23.454,22.559,21.663
2016-09-09,23.231,22.643,22.055
2016-09-08,23.213,22.656,22.099
2016-09-07,23.208,22.660,22.111
2016-09-06,23.211,22.680,22.149
2016-09-05,23.231,22.700,22.168
2016-09-02,23.214,22.721,22.229
2016-09-01,23.196,22.739,22.281
2016-08-31,23.209,22.759,22.308
2016-08-30,23.240,22.741,22.241
2016-08-29,23.261,22.724,22.186
2016-08-26,23.287,22.703,22.118
2016-08-25,23.310,22.724,22.137
2016-08-24,23.328,22.746,22.164
2016-08-23,23.324,22.743,22.162
2016-08-22,23.672,22.809,21.945
2016-08-19,23.853,22.856,21.859
2016-08-18,24.042,22.901,21.760
2016-08-17,24.334,22.986,21.639
2016-08-16,24.615,23.068,21.521
2016-08-15,24.817,23.149,21.481
2016-08-12,25.045,23.248,21.451
2016-08-11,25.190,23.352,21.514
2016-08-10,25.360,23.475,21.590
2016-08-09,25.487,23.569,21.650
2016-08-08,25.575,23.646,21.718
2016-08-05,25.680,23.748,21.816
2016-08-04,25.795,23.863,21.930
2016-08-03,25.897,23.963,22.030
2016-08-02,25.998,24.125,22.252
2016-08-01,26.095,24.299,22.503
2016-07-29,26.121,24.482,22.843
2016-07-28,26.198,24.625,23.052
2016-07-27,26.104,24.730,23.356
2016-07-26,25.962,24.873,23.783
2016-07-25,26.014,24.937,23.860
2016-07-22,25.964,24.984,24.004
2016-07-21,25.940,24.998,24.055
2016-07-20,25.935,25.013,24.090
2016-07-19,26.012,25.059,24.105
2016-07-18,26.081,25.119,24.157
2016-07-15,26.122,25.092,24.062
2016-07-14,26.128,25.088,24.048
2016-07-13,26.134,25.075,24.015
2016-07-12,26.134,25.075,24.015
2016-07-11,26.203,25.045,23.886
2016-07-08,26.232,25.016,23.799
2016-07-07,26.442,25.088,23.733
2016-07-06,26.890,25.210,23.530
2016-07-05,26.910,25.221,23.532
2016-07-04,26.974,25.244,23.514
2016-07-01,27.054,25.271,23.488
2016-06-30,27.120,25.295,23.471
2016-06-29,27.118,25.283,23.448
2016-06-28,27.159,25.178,23.198
2016-06-27,27.133,25.113,23.093
2016-06-24,27.139,25.073,23.007
2016-06-23,27.144,25.061,22.978
2016-06-22,27.140,25.048,22.956
2016-06-21,27.110,24.944,22.779
2016-06-20,27.076,24.819,22.563
2016-06-17,27.135,24.761,22.388
2016-06-16,27.178,24.691,22.205
2016-06-15,27.172,24.682,22.193
2016-06-14,27.184,24.694,22.203
2016-06-13,27.183,24.710,22.238
2016-06-08,27.183,24.700,22.217
2016-06-07,26.966,24.607,22.247
2016-06-06,26.438,24.447,22.457
2016-06-03,26.283,24.377,22.471
2016-06-02,26.164,24.350,22.536
2016-06-01,26.470,24.400,22.329
2016-05-31,26.330,24.366,22.401
2016-05-30,26.557,24.438,22.318
2016-05-27,26.681,24.544,22.406
2016-05-26,26.911,24.649,22.387
2016-05-25,26.996,24.720,22.443
2016-05-24,27.043,24.770,22.496
2016-05-23,27.098,24.686,22.274
2016-05-20,27.104,24.680,22.255
2016-05-19,27.151,24.653,22.155
2016-05-18,27.113,24.689,22.265
2016-05-17,27.180,24.830,22.479
2016-05-16,27.359,24.929,22.498
2016-05-13,27.857,25.086,22.314
2016-05-12,40.784,26.716,12.647
2016-05-11,48.021,28.432,8.843
2016-05-10,53.411,30.101,6.792
2016-05-09,57.772,31.770,5.768
2016-05-06,61.834,33.511,5.187
2016-05-05,66.074,35.350,4.626
2016-05-04,69.077,36.932,4.787
2016-05-03,71.306,38.491,5.676
2016-04-29,72.545,39.761,6.978
2016-04-28,73.380,40.979,8.577
2016-04-27,74.104,42.185,10.266
2016-04-26,74.363,43.303,12.244
2016-04-25,74.549,44.526,14.504
2016-04-22,74.429,45.968,17.506
2016-04-21,73.667,47.147,20.627
2016-04-20,72.308,48.150,23.992
2016-04-19,70.807,48.905,27.003
2016-04-18,69.422,49.499,29.576
2016-04-15,67.901,50.039,32.178
2016-04-14,66.638,50.419,34.200
2016-04-13,66.683,49.288,31.894
2016-04-12,66.109,48.102,30.096
2016-04-11,65.211,46.972,28.734
2016-04-08,64.218,45.774,27.330
2016-04-07,62.637,44.476,26.316
2016-04-06,59.775,43.038,26.301
2016-04-05,57.206,41.836,26.467
2016-04-01,54.758,40.736,26.715
2016-03-31,53.239,39.840,26.441
2016-03-30,51.790,39.161,26.532
2016-03-29,50.014,38.418,26.822
2016-03-28,48.624,37.697,26.771
2016-03-25,46.501,36.828,27.156
2016-03-24,42.852,36.009,29.166
2016-03-23,40.004,35.368,30.733
2016-03-22,38.553,35.130,31.708
2016-03-21,38.611,35.141,31.671
2016-03-18,38.908,35.206,31.504
2016-03-17,38.918,35.209,31.500
2016-03-16,38.892,35.188,31.483
2016-03-15,38.924,35.248,31.572
2016-03-14,38.950,35.184,31.418
2016-03-11,39.041,35.014,30.986
2016-03-10,39.090,34.959,30.828
2016-03-09,39.092,34.957,30.821
2016-03-08,39.228,34.843,30.458
2016-03-07,39.293,34.666,30.038
2016-03-04,39.473,34.428,29.384
2016-03-03,39.596,34.266,28.935
2016-03-02,39.597,33.896,28.194
2016-03-01,39.420,33.723,28.026
2016-02-29,39.399,33.688,27.976
2016-02-26,39.684,33.893,28.102
2016-02-25,39.744,33.920,28.097
2016-02-24,39.800,33.959,28.118
2016-02-23,39.649,33.916,28.183
2016-02-22,39.242,33.814,28.387
2016-02-19,38.606,33.646,28.687
2016-02-18,38.255,33.531,28.808
2016-02-17,38.568,33.631,28.695
2016-02-16,38.583,33.637,28.692
2016-02-15,38.934,33.811,28.689
2016-02-05,39.145,34.016,28.888
2016-02-04,39.824,34.334,28.844
2016-02-03,40.304,34.591,28.879
2016-02-02,41.619,35.145,28.672
2016-02-01,42.281,35.609,28.938
2016-01-29,43.162,36.258,29.355
2016-01-28,45.162,37.127,29.092
2016-01-27,46.977,38.153,29.329
2016-01-26,48.730,39.031,29.332
2016-01-25,50.014,39.843,29.672
2016-01-22,51.945,40.623,29.301
2016-01-21,54.088,41.540,28.992
2016-01-20,55.584,42.447,29.311
2016-01-19,56.962,43.255,29.549
2016-01-18,57.745,43.953,30.161
2016-01-15,58.155,44.671,31.187
2016-01-14,58.515,45.500,32.485
2016-01-13,58.624,46.103,33.583
2016-01-12,58.231,46.690,35.150
2016-01-11,57.857,47.250,36.644
2016-01-08,57.065,47.788,38.511
2016-01-07,56.544,48.209,39.875
2016-01-06,55.685,48.711,41.738
2016-01-05,55.603,49.156,42.710
2016-01-04,54.780,49.621,44.463
2015-12-31,54.238,50.027,45.817
2015-12-30,54.204,50.079,45.955
2015-12-29,54.369,49.913,45.458
2015-12-28,54.352,49.852,45.352
2015-12-25,54.352,49.851,45.350
2015-12-24,54.308,49.519,44.729
2015-12-23,53.587,49.305,45.022
2015-12-22,52.986,49.023,45.059
2015-12-21,52.231,48.718,45.204
2015-12-18,52.130,48.414,44.697
2015-12-17,51.947,48.288,44.628
2015-12-16,51.499,48.143,44.786
2015-12-15,51.389,48.064,44.738
2015-12-14,52.264,48.348,44.431
2015-12-11,52.297,48.383,44.469
2015-12-10,52.312,48.471,44.629
2015-12-09,52.387,48.570,44.753
2015-12-08,52.408,48.593,44.777
2015-12-07,52.257,48.238,44.219
2015-12-04,52.969,47.751,42.533
2015-12-03,53.923,47.025,40.126
2015-12-02,54.758,46.374,37.989
2015-12-01,55.613,45.797,35.981
2015-11-30,55.747,45.191,34.634
2015-11-27,55.642,44.553,33.465
2015-11-26,55.780,44.082,32.385
2015-11-25,55.312,43.352,31.391
2015-11-24,55.133,42.678,30.223
2015-11-23,54.660,42.197,29.733
2015-11-20,54.372,41.877,29.382
2015-11-19,53.728,41.385,29.043
2015-11-18,52.818,40.858,28.899
2015-11-17,51.982,40.295,28.609
2015-11-16,49.845,39.303,28.760
2015-11-13,48.729,38.373,28.016
2015-11-12,47.509,37.362,27.216
2015-11-11,45.659,36.297,26.935
2015-11-10,43.612,35.184,26.755
2015-11-02,42.455,34.286,26.117
2015-10-30,41.984,33.583,25.182
2015-10-29,41.852,33.100,24.347
2015-10-28,41.785,32.608,23.431
2015-10-27,41.615,32.271,22.926
2015-10-26,41.179,31.859,22.538
2015-10-23,40.723,31.392,22.060
2015-10-22,40.229,30.932,21.634
2015-10-21,39.787,30.445,21.103
2015-10-20,39.444,30.018,20.592
2015-10-19,38.340,29.454,20.568
2015-10-16,36.878,28.723,20.567
2015-10-15,35.252,28.135,21.017
2015-10-14,33.165,27.672,22.178
2015-10-13,31.051,27.260,23.468
2015-10-12,30.019,27.086,24.153
2015-10-09,29.635,26.989,24.342
2015-10-08,29.496,26.851,24.206
2015-10-07,29.383,26.728,24.073
2015-09-30,29.399,26.747,24.095
2015-09-29,29.885,26.921,23.956
2015-09-28,31.260,27.267,23.273
2015-09-25,32.053,27.528,23.003
2015-09-24,32.470,27.773,23.077
2015-09-23,32.481,27.782,23.084
2015-09-22,32.665,27.875,23.085
2015-09-21,33.499,28.193,22.887
2015-09-18,34.906,28.656,22.407
2015-09-17,36.832,29.321,21.810
2015-09-16,38.189,29.957,21.726
2015-09-15,40.443,30.765,21.088
2015-09-14,42.505,31.770,21.036
2015-09-11,44.207,32.657,21.106
2015-09-10,45.723,33.394,21.065
2015-09-09,47.819,34.351,20.883
2015-09-08,49.262,35.146,21.031
2015-09-07,50.182,35.944,21.707
2015-09-02,50.752,36.892,23.031
2015-09-01,51.668,38.021,24.374
2015-08-31,51.854,38.920,25.985
2015-08-28,52.974,39.918,26.862
2015-08-27,53.390,40.525,27.659
2015-08-26,53.256,40.973,28.690
2015-08-25,52.811,41.336,29.861
2015-08-24,51.913,41.666,31.419
2015-08-21,51.147,41.947,32.746
2015-08-20,50.647,42.258,33.869
2015-08-19,50.513,42.339,34.165
2015-08-18,50.906,42.104,33.302
2015-08-17,51.146,41.936,32.726
2015-08-14,51.445,41.469,31.492
2015-08-13,51.277,41.040,30.803
2015-08-12,51.259,40.500,29.740
2015-08-11,50.974,40.093,29.212
2015-08-10,50.067,39.697,29.326
2015-08-07,49.355,39.210,29.064
2015-08-06,48.919,38.632,28.345
2015-08-05,48.524,37.886,27.247
2015-08-04,47.411,36.824,26.237
2015-08-03,46.409,36.075,25.742
2015-07-31,43.492,35.244,26.996
2015-07-30,41.617,34.488,27.359
2015-07-29,40.878,33.801,26.724
2015-07-28,40.903,33.139,25.374
2015-07-27,41.499,32.536,23.573
2015-07-24,42.028,31.788,21.549
2015-07-23,41.833,30.750,19.667
2015-07-22,nan,nan,nan
2015-07-21,nan,nan,nan
2015-07-20,nan,nan,nan
2015-07-17,nan,nan,nan
2015-07-16,nan,nan,nan
2015-07-15,nan,nan,nan
2015-07-14,nan,nan,nan
2015-07-13,nan,nan,nan
2015-07-10,nan,nan,nan
2015-07-09,nan,nan,nan
2015-07-08,nan,nan,nan
2015-07-07,nan,nan,nan
2015-07-06,nan,nan,nan
2015-07-03,nan,nan,nan
2015-07-02,nan,nan,nan
2015-07-01,nan,nan,nan
2015-06-30,nan,nan,nan
2015-06-29,nan,nan,nan
2015-06-26,nan,nan,nan
