2017-06-30,13.238,13.231,13.136,13.056,13.910
2017-06-29,13.132,13.230,13.090,13.061,13.981
2017-06-28,13.118,13.259,13.050,13.081,14.052
2017-06-27,13.144,13.288,13.038,13.099,14.133
2017-06-26,13.164,13.261,13.022,13.071,14.199
2017-06-23,13.224,13.207,13.014,13.054,14.262
2017-06-22,13.328,13.214,13.011,13.057,14.346
2017-06-21,13.400,13.206,12.988,13.063,14.425
2017-06-20,13.432,13.184,12.984,13.056,14.503
2017-06-19,13.358,13.122,12.974,13.060,14.582
2017-06-16,13.190,13.040,12.969,13.073,14.658
2017-06-15,13.100,12.950,12.976,13.090,14.738
2017-06-14,13.012,12.840,12.992,13.109,14.818
2017-06-13,12.936,12.787,13.005,13.126,14.898
2017-06-12,12.886,12.783,12.976,13.157,15.002
2017-06-09,12.890,12.820,12.977,13.202,15.113
2017-06-08,12.800,12.807,12.979,13.236,15.217
2017-06-07,12.668,12.770,12.992,13.268,15.320
2017-06-06,12.638,12.784,12.992,13.322,15.426
2017-06-05,12.680,12.826,13.029,13.386,15.542
2017-06-02,12.750,12.897,13.090,13.457,15.657
2017-06-01,12.814,13.002,13.160,13.554,15.773
2017-05-31,12.872,13.144,13.244,13.690,15.887
2017-05-26,12.930,13.222,13.295,13.810,15.995
2017-05-25,12.972,13.169,13.345,13.942,16.103
2017-05-24,13.044,13.134,13.394,14.057,16.214
2017-05-23,13.190,13.151,13.451,14.179,16.329
2017-05-22,13.416,13.214,13.517,14.299,16.444
2017-05-19,13.514,13.199,13.591,14.441,16.550
2017-05-18,13.366,13.231,13.666,14.602,16.654
2017-05-17,13.224,13.283,13.737,14.765,16.753
2017-05-16,13.112,13.318,13.830,14.902,16.847
2017-05-15,13.012,13.343,13.963,15.023,16.938
2017-05-12,12.884,13.368,14.105,15.166,17.035
2017-05-11,13.096,13.520,14.329,15.327,17.154
2017-05-10,13.342,13.653,14.519,15.471,17.274
2017-05-09,13.524,13.750,14.693,15.635,17.386
2017-05-08,13.674,13.820,14.842,15.788,17.497
2017-05-05,13.852,13.983,15.062,15.951,17.610
2017-05-04,13.944,14.100,15.288,16.104,17.715
2017-05-03,13.964,14.190,15.506,16.243,17.816
2017-05-02,13.976,14.341,15.694,16.387,17.907
2017-04-28,13.966,14.582,15.864,16.526,17.995
2017-04-27,14.114,14.841,16.066,16.671,18.085
2017-04-26,14.256,15.138,16.230,16.847,18.173
2017-04-25,14.416,15.384,16.380,17.023,18.265
2017-04-24,14.706,15.635,16.578,17.199,18.355
2017-04-21,15.198,15.863,16.771,17.372,18.445
2017-04-20,15.568,16.141,16.935,17.530,18.517
2017-04-19,16.020,16.476,17.107,17.699,18.589
2017-04-18,16.352,16.822,17.270,17.858,18.659
2017-04-17,16.564,17.046,17.410,17.992,18.740
2017-04-14,16.528,17.145,17.499,18.085,18.810
2017-04-13,16.714,17.290,17.586,18.180,18.885
2017-04-12,16.932,17.322,17.702,18.264,18.959
2017-04-11,17.292,17.376,17.843,18.371,19.034
2017-04-10,17.528,17.520,17.981,18.479,19.101
2017-04-07,17.762,17.680,18.127,18.590,19.176
2017-04-06,17.866,17.729,18.224,18.659,19.235
2017-04-05,17.712,17.737,18.311,18.707,19.281
2017-03-31,17.460,17.718,18.376,18.742,19.320
2017-03-30,17.512,17.773,18.466,18.792,19.367
2017-03-29,17.598,17.852,18.555,18.853,19.417
2017-03-28,17.592,17.881,18.625,18.903,19.463
2017-03-27,17.762,18.082,18.736,18.982,19.524
2017-03-24,17.976,18.309,18.869,19.077,19.587
2017-03-23,18.034,18.441,18.959,19.137,19.641
2017-03-22,18.106,18.573,19.045,19.206,19.707
2017-03-21,18.170,18.719,19.124,19.269,19.773
2017-03-20,18.402,18.884,19.192,19.326,19.824
2017-03-17,18.642,19.033,19.254,19.388,19.868
2017-03-16,18.848,19.158,19.302,19.427,19.906
2017-03-15,19.040,19.257,19.354,19.464,19.942
2017-03-14,19.268,19.369,19.414,19.499,19.979
2017-03-13,19.366,19.389,19.433,19.499,20.000
2017-03-10,19.424,19.428,19.461,19.507,20.038
2017-03-09,19.468,19.476,19.485,19.512,20.078
2017-03-08,19.474,19.517,19.522,19.518,20.125
2017-03-07,19.470,19.529,19.544,19.504,20.168
2017-03-06,19.412,19.499,19.547,19.479,20.194
2017-03-03,19.432,19.475,19.566,19.460,20.223
2017-03-02,19.484,19.446,19.561,19.488,20.260
2017-03-01,19.560,19.450,19.568,19.536,20.305
2017-02-28,19.588,19.459,19.564,19.589,20.348
2017-02-27,19.586,19.476,19.554,19.655,20.395
2017-02-24,19.518,19.493,19.547,19.697,20.437
2017-02-23,19.408,19.493,19.530,19.723,20.481
2017-02-22,19.340,19.527,19.519,19.763,20.528
2017-02-21,19.330,19.559,19.491,19.810,20.584
2017-02-20,19.366,19.595,19.470,19.856,20.637
2017-02-17,19.468,19.656,19.453,19.898,20.690
2017-02-16,19.578,19.676,19.509,19.941,20.750
2017-02-15,19.714,19.685,19.579,19.982,20.812
2017-02-14,19.788,19.669,19.655,20.023,20.863
2017-02-13,19.824,19.631,19.744,20.066,20.909
2017-02-10,19.844,19.601,19.800,20.098,20.950
2017-02-09,19.774,19.566,19.838,20.146,20.994
2017-02-08,19.656,19.510,19.881,20.209,21.032
2017-02-07,19.550,19.423,19.936,20.277,21.076
2017-02-06,19.438,19.344,19.986,20.321,21.120
2017-02-03,19.358,19.250,20.019,20.349,21.169
2017-01-26,19.358,19.341,20.074,20.386,21.242
2017-01-25,19.364,19.472,20.130,20.421,21.299
2017-01-24,19.296,19.640,20.201,20.458,21.348
2017-01-23,19.250,19.857,20.284,20.502,21.399
2017-01-20,19.142,19.998,20.346,20.568,21.443
2017-01-19,19.324,20.109,20.436,20.645,21.490
2017-01-18,19.580,20.252,20.559,20.732,21.535
2017-01-17,19.984,20.449,20.704,20.833,21.595
2017-01-16,20.464,20.628,20.810,20.910,21.640
2017-01-13,20.854,20.787,20.899,20.987,21.688
2017-01-12,20.894,20.807,20.909,21.033,21.714
2017-01-11,20.924,20.788,20.895,21.074,21.734
2017-01-10,20.914,20.761,20.867,21.107,21.742
2017-01-09,20.792,20.711,20.825,21.136,21.741
2017-01-06,20.720,20.694,20.853,21.176,21.749
2017-01-05,20.720,20.762,20.913,21.239,21.767
2017-01-04,20.652,20.865,20.972,21.293,21.779
2017-01-03,20.608,20.958,21.026,21.357,21.798
2016-12-30,20.630,20.992,21.051,21.417,21.816
2016-12-29,20.668,21.010,21.087,21.482,21.835
2016-12-28,20.804,21.011,21.146,21.560,21.855
2016-12-27,21.078,21.003,21.217,21.642,21.875
2016-12-26,21.308,20.974,21.281,21.702,21.888
2016-12-23,21.354,20.938,21.349,21.752,21.902
2016-12-22,21.352,21.012,21.417,21.802,21.908
2016-12-21,21.218,21.063,21.477,21.843,21.924
2016-12-20,20.928,21.078,21.508,21.854,21.932
2016-12-19,20.640,21.093,21.557,21.876,21.940
2016-12-16,20.522,21.109,21.630,21.918,21.963
2016-12-15,20.672,21.163,21.718,21.989,21.988
2016-12-14,20.908,21.280,21.834,22.097,22.018
2016-12-13,21.228,21.431,21.962,22.177,22.053
2016-12-12,21.546,21.587,22.066,22.237,22.090
2016-12-09,21.696,21.759,22.158,22.295,22.124
2016-12-08,21.654,21.822,22.197,22.319,22.143
2016-12-07,21.652,21.891,22.232,22.335,22.157
2016-12-06,21.634,21.937,22.242,22.338,22.165
2016-12-05,21.628,22.021,22.267,22.356,22.178
2016-12-02,21.822,22.151,22.322,22.371,22.205
2016-12-01,21.990,22.273,22.402,22.390,22.234
2016-11-30,22.130,22.388,22.505,22.395,22.260
2016-11-29,22.240,22.493,22.550,22.394,22.276
2016-11-28,22.414,22.545,22.562,22.377,22.295
2016-11-25,22.480,22.558,22.563,22.346,22.306
2016-11-24,22.556,22.573,22.567,22.323,22.316
2016-11-23,22.646,22.574,22.557,22.296,22.317
2016-11-22,22.746,22.547,22.538,22.265,22.316
2016-11-21,22.676,22.514,22.523,22.238,22.314
2016-11-18,22.636,22.494,22.481,22.215,22.319
2016-11-17,22.590,22.532,22.448,22.187,22.322
2016-11-16,22.502,22.622,22.399,22.151,22.319
2016-11-15,22.348,22.607,22.344,22.107,22.319
2016-11-14,22.352,22.580,22.293,22.074,22.315
2016-11-11,22.352,22.568,22.241,22.053,22.313
2016-11-10,22.474,22.561,22.198,22.013,22.311
2016-11-09,22.742,22.541,22.157,22.006,22.320
2016-11-08,22.866,22.529,22.124,22.009,22.333
2016-11-07,22.808,22.532,22.100,22.004,22.337
2016-11-04,22.784,22.468,22.075,22.008,22.367
2016-11-03,22.648,22.364,22.015,21.987,22.385
2016-11-02,22.340,22.176,21.916,21.939,22.392
2016-10-21,22.192,22.081,21.858,21.930,22.422
2016-10-20,22.256,22.005,21.822,21.943,22.463
2016-10-19,22.152,21.913,21.796,21.954,22.501
2016-10-18,22.080,21.835,21.739,21.967,22.543
2016-10-17,22.012,21.772,21.738,21.978,22.582
2016-10-14,21.970,21.718,21.750,21.992,22.628
2016-10-13,21.754,21.668,21.740,22.001,22.663
2016-10-12,21.674,21.682,21.778,22.040,22.708
2016-10-11,21.590,21.666,21.798,22.078,22.756
2016-10-10,21.532,21.655,21.821,22.126,22.807
2016-09-30,21.466,21.634,21.854,22.159,22.859
2016-09-29,21.582,21.638,21.912,22.213,22.926
2016-09-28,21.690,21.678,21.975,22.265,22.999
2016-09-27,21.742,21.643,22.034,22.310,23.073
2016-09-26,21.778,21.704,22.081,22.339,23.143
2016-09-23,21.802,21.781,22.129,22.367,23.202
2016-09-22,21.694,21.812,22.168,22.391,23.261
2016-09-21,21.666,21.873,22.219,22.424,23.321
2016-09-20,21.544,21.930,22.285,22.458,23.375
2016-09-19,21.630,21.987,22.361,22.488,23.420
2016-09-14,21.760,22.074,22.421,22.530,23.473
2016-09-13,21.930,22.185,22.501,22.555,23.542
2016-09-12,22.080,22.271,22.559,22.573,23.609
2016-09-09,22.316,22.424,22.643,22.610,23.661
2016-09-08,22.344,22.458,22.656,22.635,23.699
2016-09-07,22.388,22.477,22.660,22.656,23.736
2016-09-06,22.440,22.524,22.680,22.670,23.774
2016-09-05,22.462,22.564,22.700,22.727,23.797
2016-09-02,22.532,22.639,22.721,22.784,23.828
2016-09-01,22.572,22.735,22.739,22.846,23.896
2016-08-31,22.566,22.768,22.759,22.914,23.977
2016-08-30,22.608,22.817,22.741,22.984,24.029
2016-08-29,22.666,22.846,22.724,23.048,24.089
2016-08-26,22.746,22.862,22.703,23.119,24.152
2016-08-25,22.898,22.854,22.724,23.186,24.215
2016-08-24,22.970,22.842,22.746,23.264,24.253
2016-08-23,23.026,22.836,22.743,23.324,24.265
2016-08-22,23.026,22.835,22.809,23.376,24.286
2016-08-19,22.978,22.804,22.856,23.433,24.304
2016-08-18,22.810,22.742,22.901,23.489,24.320
2016-08-17,22.714,22.749,22.986,23.559,24.349
2016-08-16,22.646,22.664,23.068,23.638,24.357
2016-08-15,22.644,22.601,23.149,23.733,24.363
2016-08-12,22.630,22.543,23.248,23.836,24.367
2016-08-11,22.674,22.593,23.352,23.948,24.377
2016-08-10,22.784,22.650,23.475,24.037,24.411
2016-08-09,22.682,22.650,23.569,24.132,24.445
2016-08-08,22.558,22.782,23.646,24.219,24.467
2016-08-05,22.456,22.908,23.748,24.292,24.488
2016-08-04,22.512,23.060,23.863,24.352,24.519
2016-08-03,22.516,23.224,23.963,24.416,24.540
2016-08-02,22.618,23.472,24.125,24.530,24.574
2016-08-01,23.006,23.697,24.299,24.645,24.631
2016-07-29,23.360,23.953,24.482,24.712,24.717
2016-07-28,23.608,24.111,24.625,24.762,24.762
2016-07-27,23.932,24.300,24.730,24.816,24.817
2016-07-26,24.326,24.487,24.873,24.879,24.865
2016-07-25,24.388,24.511,24.937,24.867,24.900
2016-07-22,24.546,24.588,24.984,24.873,24.925
2016-07-21,24.614,24.665,24.998,24.947,24.943
2016-07-20,24.668,24.703,25.013,25.041,24.915
2016-07-19,24.648,24.778,25.059,25.073,24.894
2016-07-18,24.634,24.901,25.119,25.130,24.864
2016-07-15,24.630,25.011,25.092,25.184,24.848
2016-07-14,24.716,25.139,25.088,25.243,24.870
2016-07-13,24.738,25.160,25.075,25.242,24.895
2016-07-12,24.908,25.258,25.075,25.205,24.951
2016-07-11,25.168,25.363,25.045,25.196,25.490
2016-07-08,25.392,25.380,25.016,25.175,26.049
2016-07-07,25.562,25.330,25.088,25.151,26.598
2016-07-06,25.582,25.322,25.210,25.139,27.142
2016-07-05,25.608,25.339,25.221,25.076,27.703
2016-07-04,25.558,25.337,25.244,24.992,28.315
2016-07-01,25.368,25.173,25.271,24.899,28.867
2016-06-30,25.098,25.037,25.295,24.807,29.384
2016-06-29,25.062,24.989,25.283,24.785,29.827
2016-06-28,25.070,24.891,25.178,24.759,30.233
2016-06-27,25.116,24.726,25.113,24.716,30.649
2016-06-24,24.978,24.651,25.073,24.684,31.032
2016-06-23,24.976,24.845,25.061,24.686,31.452
2016-06-22,24.916,25.098,25.048,24.664,31.901
2016-06-21,24.712,25.103,24.944,24.619,32.257
2016-06-20,24.336,25.151,24.819,24.617,32.541
2016-06-17,24.324,25.369,24.761,24.723,32.785
2016-06-16,24.714,25.554,24.691,24.762,33.007
2016-06-15,25.280,25.577,24.682,24.817,33.217
2016-06-14,25.494,25.466,24.694,24.851,33.399
2016-06-13,25.966,25.500,24.710,24.933,33.571
2016-06-08,26.414,25.495,24.700,24.978,33.745
2016-06-07,26.394,25.277,24.607,24.939,33.893
2016-06-06,25.874,24.998,24.447,24.790,33.997
2016-06-03,25.438,24.786,24.377,24.715,34.121
2016-06-02,25.034,24.488,24.350,24.598,34.246
2016-06-01,24.576,24.154,24.400,24.511,34.389
2016-05-31,24.160,23.829,24.366,24.496,34.531
2016-05-30,24.122,23.788,24.438,24.548,34.680
2016-05-27,24.134,23.921,24.544,24.697,34.894
2016-05-26,23.942,23.921,24.649,25.784,35.084
2016-05-25,23.732,23.905,24.720,26.923,35.240
2016-05-24,23.498,23.936,24.770,28.046,35.375
2016-05-23,23.454,23.897,24.686,29.146,35.554
2016-05-20,23.708,23.968,24.680,30.330,35.732
2016-05-19,23.900,24.212,24.653,31.637,35.978
2016-05-18,24.078,24.645,24.689,32.836,36.245
2016-05-17,24.374,24.902,24.830,33.961,36.511
2016-05-16,24.340,25.087,24.929,34.870,36.726
2016-05-13,24.228,25.166,25.086,35.708,36.897
2016-05-12,24.524,25.377,26.716,36.582,37.084
2016-05-11,25.212,25.534,28.432,37.380,37.239
2016-05-10,25.430,25.603,30.101,38.219,37.362
2016-05-09,25.834,25.475,31.770,39.137,37.501
2016-05-06,26.104,25.391,33.511,39.895,37.648
2016-05-05,26.230,25.094,35.350,40.465,37.744
2016-05-04,25.856,24.733,36.932,40.848,37.811
2016-05-03,25.776,24.757,38.491,41.252,37.885
2016-04-29,25.116,24.770,39.761,41.616,37.956
2016-04-28,24.678,25.005,40.979,41.948,38.012
2016-04-27,23.958,28.054,42.185,42.210,38.109
2016-04-26,23.610,31.330,43.303,42.512,38.229
2016-04-25,23.738,34.600,44.526,42.848,38.416
2016-04-22,24.424,38.065,45.968,43.204,38.632
2016-04-21,25.332,41.630,47.147,43.528,38.825
2016-04-20,32.150,45.606,48.150,43.894,39.066
2016-04-19,39.050,49.131,48.905,44.268,39.287
2016-04-18,45.462,52.225,49.499,44.566,39.451
2016-04-15,51.706,54.753,50.039,44.811,39.593
2016-04-14,57.928,56.952,50.419,45.091,39.746
2016-04-13,59.062,56.316,49.288,44.384,39.391
2016-04-12,59.212,55.277,48.102,43.557,39.033
2016-04-11,58.988,54.453,46.972,42.703,38.668
2016-04-08,57.800,53.870,45.774,41.963,38.356
2016-04-07,55.976,52.664,44.476,41.134,38.008
2016-04-06,53.570,50.694,43.038,40.318,37.676
2016-04-05,51.342,48.679,41.836,39.654,37.371
2016-04-01,49.918,46.773,40.736,39.062,37.141
2016-03-31,49.940,45.326,39.840,38.581,37.078
2016-03-30,49.352,43.886,39.161,38.087,37.070
2016-03-29,47.818,42.261,38.418,37.586,37.057
2016-03-28,46.016,40.928,37.697,37.099,37.076
2016-03-25,43.628,39.492,36.828,36.506,37.115
2016-03-24,40.712,37.678,36.009,35.865,37.157
2016-03-23,38.420,36.289,35.368,35.401,37.258
2016-03-22,36.704,35.382,35.130,35.023,37.434
2016-03-21,35.840,34.994,35.141,34.775,37.636
2016-03-18,35.356,34.700,35.206,34.519,37.841
2016-03-17,34.644,34.354,35.209,34.295,38.080
2016-03-16,34.158,34.436,35.188,34.076,38.308
2016-03-15,34.060,34.575,35.248,34.007,38.525
2016-03-14,34.148,34.467,35.184,33.947,38.749
2016-03-11,34.044,34.165,35.014,33.984,38.939
2016-03-10,34.064,34.340,34.959,34.060,39.168
2016-03-09,34.714,34.448,34.957,34.122,39.420
2016-03-08,35.090,34.879,34.843,34.237,39.715
2016-03-07,34.786,35.288,34.666,34.306,39.966
2016-03-04,34.286,35.712,34.428,34.335,40.238
2016-03-03,34.616,36.064,34.266,34.376,40.491
2016-03-02,34.182,35.939,33.896,34.401,40.654
2016-03-01,34.668,35.921,33.723,34.399,40.869
2016-02-29,35.790,35.901,33.688,34.508,41.127
2016-02-26,37.138,35.862,33.893,34.632,41.345
2016-02-25,37.512,35.578,33.920,34.749,41.588
2016-02-24,37.696,35.465,33.959,34.883,41.810
2016-02-23,37.174,34.807,33.916,35.033,41.963
2016-02-22,36.012,34.043,33.814,35.087,42.060
2016-02-19,34.586,33.145,33.646,35.221,42.202
2016-02-18,33.644,32.467,33.531,35.574,42.391
2016-02-17,33.234,31.852,33.631,36.053,42.600
2016-02-16,32.440,31.525,33.637,36.529,42.892
2016-02-15,32.074,31.474,33.811,37.053,43.148
2016-02-05,31.704,31.924,34.016,37.723,43.425
2016-02-04,31.290,32.263,34.334,38.448,43.705
2016-02-03,30.470,32.453,34.591,39.116,43.965
2016-02-02,30.610,33.025,35.145,39.845,44.180
2016-02-01,30.874,33.586,35.609,40.497,44.327
2016-01-29,32.144,34.148,36.258,41.163,44.437
2016-01-28,33.236,34.596,37.127,41.865,44.527
2016-01-27,34.436,35.411,38.153,42.539,44.621
2016-01-26,35.440,35.750,39.031,43.044,44.691
2016-01-25,36.298,36.149,39.843,43.550,44.749
2016-01-22,36.152,36.109,40.623,43.895,44.741
2016-01-21,35.956,36.405,41.540,44.275,44.732
2016-01-20,36.386,36.730,42.447,44.718,44.716
2016-01-19,36.060,37.266,43.255,45.193,44.723
2016-01-18,36.000,37.633,43.953,45.625,44.748
2016-01-15,36.066,38.369,44.671,46.141,44.781
2016-01-14,36.854,39.658,45.500,46.606,44.834
2016-01-13,37.074,40.895,46.103,46.907,44.821
2016-01-12,38.472,42.312,46.690,47.339,44.780
2016-01-11,39.266,43.537,47.250,47.746,44.669
2016-01-08,40.672,45.137,47.788,48.058,44.540
2016-01-07,42.462,46.675,48.209,48.428,44.359
2016-01-06,44.716,48.165,48.711,48.737,44.162
2016-01-05,46.152,49.245,49.156,48.893,43.893
2016-01-04,47.808,50.273,49.621,49.033,43.652
2015-12-31,49.602,50.973,50.027,49.183,43.384
2015-12-30,50.888,51.342,50.079,49.209,43.020
2015-12-29,51.614,51.312,49.913,49.146,42.660
2015-12-28,52.338,51.069,49.852,49.255,42.300
2015-12-25,52.738,50.964,49.851,49.243,41.932
2015-12-24,52.344,50.439,49.519,49.127,41.511
2015-12-23,51.796,49.744,49.305,48.961,41.034
2015-12-22,51.010,49.258,49.023,48.814,40.573
2015-12-21,49.800,49.068,48.718,48.515,40.123
2015-12-18,49.190,48.970,48.414,48.157,39.671
2015-12-17,48.534,49.082,48.288,47.710,39.269
2015-12-16,47.692,48.817,48.143,47.188,38.891
2015-12-15,47.506,48.515,48.064,46.703,38.539
2015-12-14,48.336,48.635,48.348,46.339,38.245
2015-12-11,48.750,48.738,48.383,45.948,37.915
2015-12-10,49.630,48.598,48.471,45.588,37.561
2015-12-09,49.942,48.865,48.570,45.189,37.198
2015-12-08,49.524,48.787,48.593,44.714,36.841
2015-12-07,48.934,48.367,48.238,44.253,36.482
2015-12-04,48.726,47.857,47.751,43.870,36.200
2015-12-03,47.566,47.493,47.025,43.421,35.884
2015-12-02,47.788,47.468,46.374,43.062,35.585
2015-12-01,48.050,47.612,45.797,42.734,35.283
2015-11-30,47.800,48.060,45.191,42.222,34.975
2015-11-27,46.988,48.028,44.553,41.591,34.713
2015-11-26,47.420,48.343,44.082,41.023,34.557
2015-11-25,47.148,48.275,43.352,40.290,34.373
2015-11-24,47.174,48.398,42.678,39.588,34.218
2015-11-23,48.320,48.109,42.197,38.894,34.139
2015-11-20,49.068,47.645,41.877,38.270,34.123
2015-11-19,49.266,46.556,41.385,37.585,34.059
2015-11-18,49.402,45.279,40.858,36.832,33.975
2015-11-17,49.622,43.982,40.295,36.174,33.969
2015-11-16,47.898,42.321,39.303,35.346,33.845
2015-11-13,46.222,41.079,38.373,34.621,33.768
2015-11-12,43.846,39.822,37.362,33.895,33.702
2015-11-11,41.156,38.428,36.297,33.106,33.682
2015-11-10,38.342,36.958,35.184,32.331,33.617
2015-11-02,36.744,36.284,34.286,31.731,33.708
2015-10-30,35.936,36.109,33.583,31.185,33.791
2015-10-29,35.798,36.215,33.100,30.828,33.867
2015-10-28,35.700,36.438,32.608,30.594,33.906
2015-10-27,35.574,36.609,32.271,30.376,33.906
2015-10-26,35.824,36.284,31.859,30.152,33.893
2015-10-23,36.282,35.666,31.392,29.881,33.948
2015-10-22,36.632,34.903,30.932,29.535,33.976
2015-10-21,37.176,34.166,30.445,29.207,33.957
2015-10-20,37.644,33.409,30.018,28.968,33.971
2015-10-19,36.744,32.288,29.454,28.710,33.896
2015-10-16,35.050,31.057,28.723,28.530,33.844
2015-10-15,33.174,29.984,28.135,28.347,33.764
2015-10-14,31.156,28.778,27.672,28.108,33.720
2015-10-13,29.174,27.932,27.260,27.832,33.769
2015-10-12,27.832,27.433,27.086,27.728,33.814
2015-10-09,27.064,27.117,26.989,27.834,33.855
2015-10-08,26.794,26.960,26.851,28.091,33.876
2015-10-07,26.400,26.724,26.728,28.455,33.858
2015-09-30,26.690,26.627,26.747,28.847,33.914
2015-09-29,27.034,26.620,26.921,29.384,34.027
2015-09-28,27.170,26.388,27.267,29.976,34.093
2015-09-25,27.126,26.285,27.528,30.533,34.101
2015-09-24,27.048,26.565,27.773,31.118,34.083
2015-09-23,26.564,26.587,27.782,31.763,33.995
2015-09-22,26.206,26.739,27.875,32.344,33.870
2015-09-21,25.606,26.860,28.193,32.916,33.734
2015-09-18,25.444,26.742,28.656,33.508,-1
2015-09-17,26.082,26.732,29.321,34.258,-1
2015-09-16,26.610,26.867,29.957,34.902,-1
2015-09-15,27.272,27.221,30.765,35.686,-1
2015-09-14,28.114,28.145,31.770,36.398,-1
2015-09-11,28.040,28.771,32.657,36.906,-1
2015-09-10,27.382,28.982,33.394,37.218,-1
2015-09-09,27.124,28.978,34.351,37.437,-1
2015-09-08,27.170,29.011,35.146,37.635,-1
2015-09-07,28.176,29.526,35.944,38.014,-1
2015-09-02,29.502,30.571,36.892,38.416,-1
2015-09-01,30.582,31.910,38.021,38.706,-1
2015-08-31,30.832,33.048,38.920,38.973,-1
2015-08-28,30.852,34.310,39.918,39.082,-1
2015-08-27,30.876,35.396,40.525,39.159,-1
2015-08-26,31.640,36.542,40.973,39.180,-1
2015-08-25,33.238,37.806,41.336,39.331,-1
2015-08-24,35.264,39.724,41.666,39.706,-1
2015-08-21,37.768,41.282,41.947,39.900,-1
2015-08-20,39.916,42.363,42.258,39.876,-1
2015-08-19,41.444,43.212,42.339,39.661,-1
2015-08-18,42.374,44.132,42.104,39.260,-1
2015-08-17,44.184,44.791,41.936,38.981,-1
2015-08-14,44.796,45.526,41.469,38.671,-1
2015-08-13,44.810,45.653,41.040,38.210,-1
2015-08-12,44.980,45.404,40.500,37.669,-1
2015-08-11,45.890,44.866,40.093,37.048,-1
2015-08-10,45.398,43.608,39.697,36.227,-1
2015-08-07,46.256,42.611,39.210,35.396,-1
2015-08-06,46.496,42.153,38.632,34.551,-1
2015-08-05,45.828,41.466,37.886,-1,-1
2015-08-04,43.842,40.076,36.824,-1,-1
2015-08-03,41.818,39.081,36.075,-1,-1
2015-07-31,38.966,37.411,35.244,-1,-1
2015-07-30,37.810,36.427,34.488,-1,-1
2015-07-29,37.104,35.595,33.801,-1,-1
2015-07-28,36.310,35.320,33.139,-1,-1
2015-07-27,36.344,35.785,32.536,-1,-1
2015-07-24,35.856,35.808,31.788,-1,-1
2015-07-23,35.044,35.111,30.750,-1,-1
2015-07-22,34.086,34.305,-1,-1,-1
2015-07-21,34.330,33.572,-1,-1,-1
2015-07-20,35.226,33.070,-1,-1,-1
2015-07-17,35.760,33.077,-1,-1,-1
2015-07-16,35.178,32.549,-1,-1,-1
2015-07-15,34.524,32.007,-1,-1,-1
2015-07-14,32.814,30.957,-1,-1,-1
2015-07-13,30.914,29.287,-1,-1,-1
2015-07-10,30.394,27.769,-1,-1,-1
2015-07-09,29.920,26.389,-1,-1,-1
2015-07-08,29.490,-1,-1,-1,-1
2015-07-07,29.100,-1,-1,-1,-1
2015-07-06,27.660,-1,-1,-1,-1
2015-07-03,25.144,-1,-1,-1,-1
2015-07-02,22.858,-1,-1,-1,-1
2015-07-01,-1,-1,-1,-1,-1
2015-06-30,-1,-1,-1,-1,-1
2015-06-29,-1,-1,-1,-1,-1
2015-06-26,-1,-1,-1,-1,-1
