2017-06-30,4.986,4.959,4.958,4.946,5.094
2017-06-29,4.974,4.949,4.957,4.946,5.095
2017-06-28,4.966,4.944,4.958,4.948,5.098
2017-06-27,4.952,4.936,4.957,4.949,5.101
2017-06-26,4.940,4.931,4.954,4.954,5.102
2017-06-23,4.932,4.926,4.950,4.959,5.104
2017-06-22,4.924,4.933,4.945,4.963,5.107
2017-06-21,4.922,4.936,4.942,4.971,5.108
2017-06-20,4.920,4.946,4.939,4.980,5.110
2017-06-19,4.922,4.954,4.940,4.991,5.112
2017-06-16,4.920,4.957,4.940,5.000,5.111
2017-06-15,4.942,4.965,4.945,5.005,5.111
2017-06-14,4.950,4.973,4.949,5.010,5.111
2017-06-13,4.972,4.978,4.955,5.014,5.112
2017-06-12,4.986,4.978,4.965,5.018,5.111
2017-06-09,4.994,4.975,4.976,5.020,5.111
2017-06-08,4.988,4.958,4.977,5.021,5.109
2017-06-07,4.996,4.949,4.988,5.025,5.108
2017-06-06,4.984,4.933,4.997,5.036,5.107
2017-06-05,4.970,4.927,5.009,5.048,5.106
2017-06-02,4.956,4.923,5.022,5.060,5.107
2017-06-01,4.928,4.925,5.025,5.072,5.107
2017-05-31,4.902,4.926,5.028,5.083,5.107
2017-05-26,4.882,4.933,5.032,5.095,5.109
2017-05-25,4.884,4.952,5.038,5.113,5.111
2017-05-24,4.890,4.977,5.042,5.133,5.114
2017-05-23,4.922,4.997,5.052,5.159,5.119
2017-05-22,4.950,5.027,5.062,5.179,5.123
2017-05-19,4.984,5.062,5.087,5.200,5.129
2017-05-18,5.020,5.091,5.109,5.221,5.133
2017-05-17,5.064,5.121,5.128,5.241,5.137
2017-05-16,5.072,5.126,5.145,5.243,5.138
2017-05-15,5.104,5.130,5.162,5.248,5.142
2017-05-12,5.140,5.132,5.176,5.252,5.145
2017-05-11,5.162,5.124,5.194,5.251,5.149
2017-05-10,5.178,5.108,5.210,5.248,5.151
2017-05-09,5.180,5.107,5.240,5.252,5.154
2017-05-08,5.156,5.098,5.254,5.246,5.154
2017-05-05,5.124,5.112,5.268,5.240,5.152
2017-05-04,5.086,5.127,5.286,5.232,5.150
2017-05-03,5.038,5.135,5.301,5.222,5.149
2017-05-02,5.034,5.164,5.302,5.217,5.148
2017-04-28,5.040,5.194,5.307,5.213,5.148
2017-04-27,5.100,5.220,5.312,5.209,5.149
2017-04-26,5.168,5.264,5.314,5.205,5.150
2017-04-25,5.232,5.313,5.318,5.202,5.151
2017-04-24,5.294,5.373,5.325,5.197,5.152
2017-04-21,5.348,5.411,5.319,5.191,5.152
2017-04-20,5.340,5.425,5.304,5.179,5.149
2017-04-19,5.360,5.445,5.285,5.164,5.146
2017-04-18,5.394,5.467,5.266,5.154,5.146
2017-04-17,5.452,5.440,5.243,5.142,5.143
2017-04-14,5.474,5.421,5.223,5.130,5.142
2017-04-13,5.510,5.404,5.203,5.122,5.139
2017-04-12,5.530,5.365,5.175,5.110,5.127
2017-04-11,5.540,5.324,5.147,5.096,5.117
2017-04-10,5.428,5.277,5.108,5.079,5.103
2017-04-07,5.368,5.228,5.081,5.068,5.091
2017-04-06,5.298,5.183,5.055,5.058,5.079
2017-04-05,5.200,5.125,5.024,5.045,5.065
2017-03-31,5.108,5.065,4.997,5.033,5.050
2017-03-30,5.126,5.047,4.992,5.034,5.044
2017-03-29,5.088,5.025,4.984,5.036,5.036
2017-03-28,5.068,5.003,4.981,5.038,5.030
2017-03-27,5.050,4.986,4.982,5.047,5.026
2017-03-24,5.022,4.970,4.981,5.053,5.021
2017-03-23,4.968,4.940,4.980,5.055,5.016
2017-03-22,4.962,4.934,4.988,5.063,5.013
2017-03-21,4.938,4.928,4.995,5.065,5.007
2017-03-20,4.922,4.923,5.005,5.068,5.002
2017-03-17,4.918,4.929,5.017,5.075,4.998
2017-03-16,4.912,4.938,5.027,5.080,4.994
2017-03-15,4.906,4.944,5.041,5.083,4.989
2017-03-14,4.918,4.960,5.055,5.089,4.986
2017-03-13,4.924,4.978,5.077,5.095,4.985
2017-03-10,4.940,4.993,5.094,5.101,4.986
2017-03-09,4.964,5.021,5.113,5.108,4.986
2017-03-08,4.982,5.042,5.127,5.113,4.987
2017-03-07,5.002,5.062,5.133,5.119,4.986
2017-03-06,5.032,5.087,5.141,5.129,4.986
2017-03-03,5.046,5.106,5.148,5.138,4.992
2017-03-02,5.078,5.116,5.151,5.145,4.999
2017-03-01,5.102,5.139,5.153,5.154,5.006
2017-02-28,5.122,5.150,5.154,5.155,5.014
2017-02-27,5.142,5.176,5.153,5.145,5.019
2017-02-24,5.166,5.196,5.154,5.138,5.020
2017-02-23,5.154,5.205,5.151,5.126,5.017
2017-02-22,5.176,5.213,5.148,5.115,5.014
2017-02-21,5.178,5.204,5.148,5.101,5.013
2017-02-20,5.210,5.195,5.149,5.085,5.012
2017-02-17,5.226,5.190,5.154,5.067,5.008
2017-02-16,5.256,5.186,5.159,5.055,5.007
2017-02-15,5.250,5.167,5.162,5.036,4.997
2017-02-14,5.230,5.158,5.157,5.023,4.987
2017-02-13,5.180,5.130,5.129,5.006,4.976
2017-02-10,5.154,5.113,5.108,4.990,4.965
2017-02-09,5.116,5.097,5.087,4.976,4.950
2017-02-08,5.084,5.083,5.065,4.963,4.934
2017-02-07,5.086,5.092,5.050,4.950,4.921
2017-02-06,5.080,5.104,5.029,4.936,4.907
2017-02-03,5.072,5.119,5.006,4.922,4.893
2017-01-26,5.078,5.133,4.989,4.908,4.881
2017-01-25,5.082,5.157,4.971,4.894,4.865
2017-01-24,5.098,5.157,4.955,4.884,4.851
2017-01-23,5.128,5.128,4.944,4.875,4.836
2017-01-20,5.166,5.104,4.928,4.871,4.822
2017-01-19,5.188,5.077,4.916,4.865,4.809
2017-01-18,5.232,5.048,4.903,4.862,4.797
2017-01-17,5.216,5.008,4.879,4.854,4.784
2017-01-16,5.128,4.955,4.852,4.843,4.771
2017-01-13,5.042,4.893,4.823,4.846,4.757
2017-01-12,4.966,4.845,4.796,4.854,4.741
2017-01-11,4.864,4.785,4.762,4.857,4.723
2017-01-10,4.800,4.753,4.747,4.874,4.710
2017-01-09,4.782,4.760,4.748,4.893,4.698
2017-01-06,4.744,4.752,4.755,4.902,4.688
2017-01-05,4.724,4.755,4.759,4.907,4.676
2017-01-04,4.706,4.758,4.769,4.914,4.665
2017-01-03,4.706,4.750,4.776,4.925,4.653
2016-12-30,4.738,4.749,4.787,4.939,4.643
2016-12-29,4.760,4.753,4.822,4.949,4.631
2016-12-28,4.786,4.747,4.858,4.960,4.619
2016-12-27,4.810,4.740,4.893,4.957,4.606
2016-12-26,4.794,4.741,4.934,4.952,4.592
2016-12-23,4.760,4.736,4.960,4.946,4.577
2016-12-22,4.746,4.758,4.977,4.940,4.566
2016-12-21,4.708,4.763,4.983,4.924,4.554
2016-12-20,4.670,4.780,4.992,4.905,4.543
2016-12-19,4.688,4.803,5.013,4.892,4.533
2016-12-16,4.712,4.825,5.034,4.879,4.524
2016-12-15,4.770,4.892,5.047,4.865,4.514
2016-12-14,4.818,4.970,5.067,4.853,4.506
2016-12-13,4.890,5.046,5.066,4.837,4.500
2016-12-12,4.918,5.127,5.057,4.818,4.492
2016-12-09,4.938,5.184,5.051,4.798,4.484
2016-12-08,5.014,5.197,5.031,4.772,4.473
2016-12-07,5.122,5.203,5.004,4.753,4.463
2016-12-06,5.202,5.204,4.967,4.732,4.450
2016-12-05,5.336,5.223,4.936,4.714,4.438
2016-12-02,5.430,5.243,4.906,4.700,4.427
2016-12-01,5.380,5.202,4.852,4.668,4.409
2016-11-30,5.284,5.164,4.794,4.627,4.391
2016-11-29,5.206,5.086,4.732,4.589,4.374
2016-11-28,5.110,4.988,4.663,4.546,4.351
2016-11-25,5.056,4.919,4.605,4.504,4.330
2016-11-24,5.024,4.866,4.559,4.473,4.315
2016-11-23,5.044,4.805,4.528,4.446,4.303
2016-11-22,4.966,4.731,4.496,4.416,4.289
2016-11-21,4.866,4.650,4.459,4.381,4.276
2016-11-18,4.782,4.569,4.428,4.347,4.258
2016-11-17,4.708,4.502,4.400,4.314,4.242
2016-11-16,4.566,4.425,4.359,4.277,4.223
2016-11-15,4.496,4.378,4.341,4.254,4.211
2016-11-14,4.434,4.339,4.324,4.232,4.197
2016-11-11,4.356,4.291,4.296,4.208,4.181
2016-11-10,4.296,4.253,4.276,4.192,4.168
2016-11-09,4.284,4.251,4.266,4.185,4.159
2016-11-08,4.260,4.262,4.258,4.180,4.151
2016-11-07,4.244,4.269,4.247,4.174,4.141
2016-11-04,4.226,4.287,4.236,4.168,4.131
2016-11-03,4.210,4.299,4.219,4.162,4.122
2016-11-02,4.218,4.293,4.203,4.159,4.113
2016-11-01,4.264,4.304,4.192,4.163,4.107
2016-10-31,4.294,4.310,4.178,4.165,4.100
2016-10-28,4.348,4.301,4.166,4.169,4.094
2016-10-27,4.388,4.300,4.161,4.175,4.087
2016-10-26,4.368,4.282,4.152,4.173,4.079
2016-10-25,4.344,4.254,4.139,4.167,4.070
2016-10-24,4.326,4.225,4.126,4.162,4.060
2016-10-21,4.254,4.185,4.109,4.154,4.050
2016-10-20,4.212,4.140,4.093,4.151,4.041
2016-10-19,4.196,4.113,4.092,4.154,4.036
2016-10-18,4.164,4.081,4.092,4.159,4.030
2016-10-17,4.124,4.046,4.093,4.157,4.024
2016-10-14,4.116,4.032,4.103,4.157,4.021
2016-10-13,4.068,4.022,4.112,4.157,4.017
2016-10-12,4.030,4.022,4.119,4.159,4.013
2016-10-11,3.998,4.025,4.124,4.162,4.008
2016-10-10,3.968,4.027,4.131,4.170,4.003
2016-09-30,3.948,4.033,4.138,4.169,3.998
2016-09-29,3.976,4.047,4.156,4.170,3.996
2016-09-28,4.014,4.071,4.175,4.169,3.994
2016-09-27,4.052,4.103,4.198,4.168,3.991
2016-09-26,4.086,4.140,4.212,4.163,3.987
2016-09-23,4.118,4.175,4.219,4.155,3.982
2016-09-22,4.118,4.203,4.225,4.144,3.976
2016-09-21,4.128,4.216,4.228,4.133,3.967
2016-09-20,4.154,4.223,4.231,4.122,3.959
2016-09-19,4.194,4.235,4.241,4.108,3.950
2016-09-14,4.232,4.243,4.237,4.095,3.942
2016-09-13,4.288,4.265,4.231,4.082,3.934
2016-09-12,4.304,4.279,4.217,4.068,3.926
2016-09-09,4.292,4.293,4.200,4.051,3.916
2016-09-08,4.276,4.284,4.174,4.034,3.906
2016-09-07,4.254,4.264,4.144,4.018,3.895
2016-09-06,4.242,4.247,4.115,3.999,3.884
2016-09-05,4.254,4.240,4.092,3.985,3.873
2016-09-02,4.294,4.239,4.071,3.973,3.864
2016-09-01,4.292,4.248,4.044,3.959,3.856
2016-08-31,4.274,4.232,4.020,3.947,3.848
2016-08-30,4.252,4.197,3.991,3.932,3.840
2016-08-29,4.226,4.156,3.962,3.917,3.832
2016-08-26,4.184,4.108,3.929,3.901,3.821
2016-08-25,4.204,4.065,3.909,3.892,3.813
2016-08-24,4.190,4.025,3.895,3.885,3.807
2016-08-23,4.142,3.983,3.875,3.878,3.797
2016-08-22,4.086,3.944,3.857,3.867,3.787
2016-08-19,4.032,3.903,3.839,3.854,3.778
2016-08-18,3.926,3.841,3.814,3.836,3.767
2016-08-17,3.860,3.809,3.804,3.828,3.760
2016-08-16,3.824,3.785,3.799,3.822,3.756
2016-08-15,3.802,3.768,3.797,3.820,3.752
2016-08-12,3.774,3.751,3.797,3.814,3.748
2016-08-11,3.756,3.754,3.805,3.810,3.747
2016-08-10,3.758,3.765,3.815,3.810,3.748
2016-08-09,3.746,3.767,3.825,3.807,3.748
2016-08-08,3.734,3.771,3.828,3.801,3.747
2016-08-05,3.728,3.776,3.830,3.796,3.748
2016-08-04,3.752,3.787,3.833,3.791,3.750
2016-08-03,3.772,3.800,3.837,3.789,3.751
2016-08-02,3.788,3.813,3.840,3.787,3.752
2016-08-01,3.808,3.827,3.845,3.784,3.754
2016-07-29,3.824,3.844,3.846,3.782,3.760
2016-07-28,3.822,3.856,3.838,3.778,3.764
2016-07-27,3.828,3.866,3.832,3.772,3.767
2016-07-26,3.838,3.883,3.827,3.768,3.770
2016-07-25,3.846,3.886,3.816,3.761,3.772
2016-07-22,3.864,3.884,3.805,3.755,3.776
2016-07-21,3.890,3.879,3.793,3.753,3.780
2016-07-20,3.904,3.874,3.783,3.750,3.782
2016-07-19,3.928,3.867,3.773,3.748,3.786
2016-07-18,3.926,3.864,3.762,3.747,3.789
2016-07-15,3.904,3.848,3.751,3.741,3.792
2016-07-14,3.868,3.821,3.739,3.734,3.797
2016-07-13,3.844,3.798,3.725,3.728,3.801
2016-07-12,3.806,3.772,3.711,3.716,3.807
2016-07-11,3.802,3.746,3.699,3.707,3.815
2016-07-08,3.792,3.727,3.690,3.702,3.824
2016-07-07,3.774,3.708,3.690,3.698,3.833
2016-07-06,3.752,3.692,3.688,3.693,3.840
2016-07-05,3.738,3.680,3.688,3.690,3.847
2016-07-04,3.690,3.660,3.688,3.684,3.853
2016-07-01,3.662,3.655,3.688,3.683,3.863
2016-06-30,3.642,3.657,3.691,3.684,3.874
2016-06-29,3.632,3.652,3.693,3.686,3.882
2016-06-28,3.622,3.650,3.688,3.689,3.890
2016-06-27,3.630,3.652,3.688,3.694,3.900
2016-06-24,3.648,3.654,3.690,3.700,3.908
2016-06-23,3.672,3.672,3.693,3.709,3.918
2016-06-22,3.672,3.684,3.693,3.714,3.929
2016-06-21,3.678,3.697,3.695,3.717,3.938
2016-06-20,3.674,3.717,3.696,3.725,3.950
2016-06-17,3.660,3.721,3.696,3.737,3.961
2016-06-16,3.672,3.725,3.697,3.749,3.972
2016-06-15,3.696,3.735,3.703,3.763,3.983
2016-06-14,3.716,3.727,3.708,3.772,3.992
2016-06-13,3.760,3.724,3.715,3.783,4.001
2016-06-08,3.782,3.726,3.723,3.796,4.010
2016-06-07,3.778,3.715,3.727,3.807,4.017
2016-06-06,3.774,3.703,3.729,3.815,4.022
2016-06-03,3.738,3.693,3.726,3.824,4.027
2016-06-02,3.688,3.676,3.729,3.832,4.033
2016-06-01,3.670,3.672,3.745,3.844,4.043
2016-05-31,3.652,3.670,3.761,3.859,4.054
2016-05-30,3.632,3.672,3.776,3.875,4.064
2016-05-27,3.648,3.690,3.794,3.898,4.076
2016-05-26,3.664,3.706,3.812,3.923,4.087
2016-05-25,3.674,3.721,3.831,3.947,4.093
2016-05-24,3.688,3.740,3.852,3.968,4.097
2016-05-23,3.712,3.756,3.871,3.988,4.104
2016-05-20,3.732,3.760,3.889,4.004,4.109
2016-05-19,3.748,3.782,3.909,4.022,4.122
2016-05-18,3.768,3.818,3.929,4.043,4.134
2016-05-17,3.792,3.853,3.954,4.064,4.147
2016-05-16,3.800,3.881,3.976,4.078,4.157
2016-05-13,3.788,3.899,4.001,4.091,4.167
2016-05-12,3.816,3.919,4.031,4.106,4.178
2016-05-11,3.868,3.942,4.059,4.115,4.182
2016-05-10,3.914,3.965,4.081,4.128,4.183
2016-05-09,3.962,3.986,4.104,4.143,4.185
2016-05-06,4.010,4.018,4.126,4.160,4.190
2016-05-05,4.022,4.037,4.142,4.174,4.191
2016-05-04,4.016,4.041,4.155,4.184,4.188
2016-05-03,4.016,4.055,4.169,4.195,4.183
2016-04-29,4.010,4.071,4.176,4.203,4.180
2016-04-28,4.026,4.104,4.187,4.212,4.176
2016-04-27,4.052,4.143,4.199,4.219,4.175
2016-04-26,4.066,4.177,4.202,4.224,4.175
2016-04-25,4.094,4.198,4.209,4.228,4.183
2016-04-22,4.132,4.222,4.221,4.230,4.191
2016-04-21,4.182,4.234,4.231,4.230,4.197
2016-04-20,4.234,4.247,4.242,4.234,4.206
2016-04-19,4.288,4.270,4.255,4.243,4.216
2016-04-18,4.302,4.283,4.265,4.249,4.216
2016-04-15,4.312,4.282,4.269,4.253,4.215
2016-04-14,4.286,4.271,4.265,4.254,4.219
2016-04-13,4.260,4.255,4.256,4.251,4.222
2016-04-12,4.252,4.227,4.247,4.239,4.229
2016-04-11,4.264,4.220,4.243,4.226,4.238
2016-04-08,4.252,4.221,4.233,4.219,4.251
2016-04-07,4.256,4.228,4.228,4.214,4.262
2016-04-06,4.250,4.238,4.228,4.223,4.281
2016-04-05,4.202,4.241,4.230,4.225,4.296
2016-04-01,4.176,4.248,4.232,4.230,4.314
2016-03-31,4.190,4.257,4.239,4.235,4.345
2016-03-30,4.200,4.260,4.245,4.242,4.376
2016-03-29,4.226,4.258,4.249,4.250,4.408
2016-03-28,4.280,4.268,4.244,4.249,4.442
2016-03-25,4.320,4.266,4.229,4.238,4.477
2016-03-24,4.324,4.246,4.218,4.227,4.509
2016-03-23,4.320,4.229,4.207,4.220,4.545
2016-03-22,4.290,4.218,4.215,4.207,4.581
2016-03-21,4.256,4.219,4.217,4.192,4.615
2016-03-18,4.212,4.216,4.221,4.171,4.649
2016-03-17,4.168,4.221,4.224,4.157,4.687
2016-03-16,4.138,4.231,4.232,4.139,4.724
2016-03-15,4.146,4.240,4.246,4.132,4.764
2016-03-14,4.182,4.221,4.240,4.127,4.807
2016-03-11,4.220,4.193,4.224,4.137,4.845
2016-03-10,4.274,4.190,4.217,4.153,4.889
2016-03-09,4.324,4.186,4.216,4.165,4.938
2016-03-08,4.334,4.212,4.201,4.178,4.997
2016-03-07,4.260,4.215,4.178,4.188,5.052
2016-03-04,4.166,4.226,4.149,4.184,5.122
2016-03-03,4.106,4.228,4.125,4.177,5.193
2016-03-02,4.048,4.234,4.093,4.184,5.263
2016-03-01,4.090,4.253,4.077,4.192,5.324
2016-02-29,4.170,4.259,4.079,4.220,5.390
2016-02-26,4.286,4.256,4.109,4.251,5.456
2016-02-25,4.350,4.245,4.134,4.283,5.508
2016-02-24,4.420,4.246,4.154,4.310,5.553
2016-02-23,4.416,4.191,4.161,4.340,5.592
2016-02-22,4.348,4.142,4.174,4.367,5.633
2016-02-19,4.226,4.072,4.163,4.399,5.664
2016-02-18,4.140,4.022,4.151,4.454,5.707
2016-02-17,4.072,3.953,4.158,4.510,5.752
2016-02-16,3.966,3.902,4.162,4.565,5.798
2016-02-15,3.936,3.900,4.201,4.634,5.841
2016-02-05,3.918,3.962,4.248,4.716,5.898
2016-02-04,3.904,4.023,4.301,4.791,5.968
2016-02-03,3.834,4.062,4.342,4.869,6.030
2016-02-02,3.838,4.131,4.415,4.954,6.091
2016-02-01,3.864,4.207,4.479,5.038,6.147
2016-01-29,4.006,4.254,4.562,5.127,6.203
2016-01-28,4.142,4.280,4.670,5.216,6.248
2016-01-27,4.290,4.364,4.788,5.309,6.288
2016-01-26,4.424,4.422,4.896,5.397,6.321
2016-01-25,4.550,4.502,5.001,5.487,6.365
2016-01-22,4.502,4.534,5.093,5.554,6.411
2016-01-21,4.418,4.580,5.175,5.625,6.446
2016-01-20,4.438,4.623,5.272,5.711,6.472
2016-01-19,4.420,4.699,5.365,5.816,6.486
2016-01-18,4.454,4.752,5.454,5.917,6.510
2016-01-15,4.566,4.870,5.563,6.059,6.534
2016-01-14,4.742,5.061,5.684,6.209,6.556
2016-01-13,4.808,5.212,5.781,6.341,6.582
2016-01-12,4.978,5.370,5.884,6.455,6.617
2016-01-11,5.050,5.500,5.979,6.560,6.657
2016-01-08,5.174,5.653,6.063,6.661,6.688
2016-01-07,5.380,5.771,6.147,6.733,6.725
2016-01-06,5.616,5.922,6.254,6.795,6.776
2016-01-05,5.762,6.032,6.375,6.843,6.824
2016-01-04,5.950,6.156,6.499,6.899,6.871
2015-12-31,6.132,6.256,6.654,6.928,6.913
2015-12-30,6.162,6.308,6.783,6.959,6.958
2015-12-29,6.228,6.351,6.906,6.994,7.009
2015-12-28,6.302,6.399,6.998,7.030,7.052
2015-12-25,6.362,6.459,7.090,7.047,7.105
2015-12-24,6.380,6.474,7.165,7.080,7.159
2015-12-23,6.454,6.524,7.213,7.145,7.215
2015-12-22,6.474,6.587,7.231,7.190,7.271
2015-12-21,6.496,6.718,7.248,7.227,7.329
2015-12-18,6.556,6.842,7.271,7.255,7.392
2015-12-17,6.568,7.052,7.264,7.280,7.451
2015-12-16,6.594,7.258,7.284,7.279,7.502
2015-12-15,6.700,7.461,7.316,7.266,7.558
2015-12-14,6.940,7.597,7.346,7.245,7.615
2015-12-11,7.128,7.721,7.341,7.244,7.654
2015-12-10,7.536,7.857,7.383,7.269,7.690
2015-12-09,7.922,7.903,7.455,7.267,7.726
2015-08-19,8.222,7.876,7.491,7.234,7.770
2015-08-18,8.254,7.778,7.481,7.156,7.807
2015-08-17,8.314,7.700,7.462,7.103,7.848
2015-08-14,8.178,7.477,7.394,7.009,7.866
2015-08-13,7.884,7.310,7.289,6.903,7.875
2015-08-12,7.530,7.171,7.169,6.822,7.883
2015-08-11,7.302,7.095,7.069,6.778,7.897
2015-08-10,7.086,6.962,7.005,6.754,7.907
2015-08-07,6.776,6.909,6.974,6.715,7.925
2015-08-06,6.736,7.007,6.948,6.717,7.956
2015-08-05,6.812,7.107,6.912,6.758,7.993
2015-08-04,6.888,7.185,6.845,6.805,8.037
2015-08-03,6.838,7.224,6.805,6.843,8.075
2015-07-31,7.042,7.311,6.774,6.897,8.119
2015-07-30,7.278,7.269,6.700,6.957,8.149
2015-07-29,7.402,7.167,6.647,7.023,8.185
2015-07-28,7.482,7.044,6.620,7.074,8.226
2015-07-27,7.610,7.048,6.649,7.163,8.295
2015-07-24,7.580,7.040,6.618,7.237,8.357
2015-07-23,7.260,6.890,6.572,7.286,8.404
2015-07-22,6.932,6.718,6.583,7.352,8.455
2015-07-21,6.606,6.506,6.615,7.430,8.492
2015-07-20,6.486,6.386,6.653,7.528,8.520
2015-07-17,6.500,6.238,6.689,7.622,8.544
2015-07-16,6.520,6.131,6.801,7.724,8.569
2015-07-15,6.504,6.128,6.951,7.850,8.588
2015-07-14,6.406,6.196,7.088,7.985,8.612
2015-07-13,6.286,6.251,7.221,8.065,8.613
2015-07-10,5.976,6.197,7.336,8.110,8.595
2015-07-09,5.742,6.254,7.483,8.185,8.587
2015-07-08,5.752,6.448,7.669,8.305,8.584
2015-07-07,5.986,6.724,7.892,8.457,8.588
2015-07-06,6.216,6.920,8.099,8.593,8.579
2015-07-03,6.418,7.141,8.314,8.724,8.576
2015-07-02,6.766,7.471,8.521,8.846,8.582
2015-07-01,7.144,7.775,8.711,8.944,8.574
2015-06-30,7.462,7.981,8.879,9.016,8.556
2015-06-29,7.624,8.191,8.972,9.059,8.528
2015-06-26,7.864,8.475,9.067,9.134,8.510
2015-06-25,8.176,8.713,9.150,9.195,8.483
2015-06-24,8.406,8.890,9.234,9.229,8.449
2015-06-23,8.500,9.060,9.324,9.268,8.400
2015-06-19,8.758,9.278,9.430,9.306,8.353
2015-06-18,9.086,9.488,9.515,9.341,8.306
2015-06-17,9.250,9.571,9.533,9.342,8.247
2015-06-16,9.374,9.647,9.528,9.346,8.182
2015-06-15,9.620,9.777,9.533,9.379,8.123
2015-06-12,9.798,9.753,9.493,9.427,8.053
2015-06-11,9.890,9.659,9.463,9.476,7.978
2015-06-10,9.892,9.588,9.435,9.521,7.902
2015-06-09,9.920,9.578,9.398,9.557,7.816
2015-06-08,9.934,9.588,9.372,9.554,7.726
2015-06-05,9.708,9.582,9.320,9.511,7.630
2015-06-04,9.428,9.542,9.268,9.465,7.536
2015-06-03,9.284,9.496,9.227,9.413,7.450
2015-06-02,9.236,9.409,9.195,9.326,7.359
2015-06-01,9.242,9.289,9.179,9.240,7.266
2015-05-29,9.456,9.234,9.263,9.161,7.189
2015-05-28,9.656,9.268,9.385,9.079,7.121
2015-05-27,9.708,9.283,9.488,8.989,7.051
2015-05-26,9.582,9.218,9.547,8.863,6.967
2015-05-25,9.336,9.156,9.537,8.718,6.878
2015-05-22,9.012,9.059,9.476,8.565,6.782
2015-05-21,8.880,8.994,9.427,8.428,6.688
2015-05-20,8.858,8.958,9.371,8.317,6.603
2015-05-19,8.854,8.981,9.284,8.204,6.519
2015-05-18,8.976,9.070,9.215,8.096,6.439
2015-05-15,9.106,9.293,9.125,7.996,6.362
2015-05-14,9.108,9.502,8.984,7.885,6.277
2015-05-13,9.058,9.693,8.842,7.772,6.192
2015-05-12,9.108,9.876,8.685,7.668,6.105
2015-05-11,9.164,9.918,8.499,7.533,6.011
2015-05-08,9.480,9.893,8.317,7.399,5.924
2015-05-07,9.896,9.860,8.145,7.271,5.842
2015-05-06,10.328,9.784,7.996,7.152,5.764
2015-05-05,10.644,9.588,7.815,7.019,5.675
2015-05-04,10.672,9.360,7.608,6.866,5.582
2015-04-30,10.306,8.957,7.348,6.680,5.474
2015-04-29,9.824,8.467,7.077,6.479,5.362
2015-04-28,9.240,7.991,6.811,6.282,5.253
2015-04-27,8.532,7.495,6.564,6.074,5.144
2015-04-24,8.048,7.080,6.340,5.897,5.053
2015-04-23,7.608,6.742,6.152,5.748,4.976
2015-04-22,7.110,6.431,5.976,5.607,4.905
2015-04-21,6.742,6.209,5.835,5.487,4.841
2015-04-20,6.458,6.043,5.734,5.392,4.788
2015-04-17,6.112,5.857,5.619,5.292,4.741
2015-04-16,5.876,5.739,5.541,5.216,4.705
2015-04-15,5.752,5.687,5.485,5.163,4.676
2015-04-14,5.676,5.632,5.428,5.113,4.647
2015-04-13,5.628,5.634,5.364,5.072,4.623
2015-04-10,5.602,5.600,5.306,5.037,4.606
2015-04-09,5.602,5.563,5.251,4.998,4.590
2015-04-08,5.622,5.521,5.195,4.948,4.581
2015-04-07,5.588,5.462,5.125,4.889,4.566
2015-04-03,5.640,5.426,5.067,4.835,4.557
2015-04-02,5.598,5.382,5.010,4.783,4.548
2015-04-01,5.524,5.343,4.954,4.727,4.540
2015-03-31,5.420,5.283,4.901,4.669,4.532
2015-03-30,5.336,5.223,4.854,4.611,4.520
2015-03-27,5.212,5.094,4.790,4.542,4.503
2015-03-26,5.166,5.012,4.755,4.490,4.487
2015-03-25,5.162,4.939,4.716,4.448,4.477
2015-03-24,5.146,4.869,4.661,4.414,4.474
2015-03-23,5.110,4.789,4.602,4.376,4.472
2015-03-20,4.976,4.708,4.539,4.332,4.462
2015-03-19,4.858,4.638,4.483,4.299,4.447
2015-03-18,4.716,4.566,4.419,4.267,4.430
2015-03-17,4.592,4.520,4.362,4.244,4.412
2015-03-16,4.468,4.485,4.305,4.224,4.388
2015-03-13,4.440,4.487,4.266,4.215,4.368
2015-03-12,4.418,4.499,4.229,4.208,4.348
2015-03-11,4.416,4.493,4.203,4.203,4.327
2015-03-10,4.448,4.454,4.187,4.202,4.307
2015-03-09,4.502,4.415,4.170,4.195,4.284
2015-03-06,4.534,4.370,4.143,4.184,4.262
2015-03-05,4.580,4.328,4.129,4.190,4.239
2015-03-04,4.570,4.272,4.118,4.193,4.215
2015-03-03,4.460,4.204,4.106,4.188,4.187
2015-03-02,4.328,4.126,4.093,4.180,4.158
2015-02-27,4.206,4.046,4.078,4.173,4.130
2015-02-26,4.076,3.959,4.062,4.174,4.100
2015-02-25,3.974,3.913,4.058,4.182,4.075
2015-02-17,3.948,3.920,4.076,4.214,4.057
2015-02-16,3.924,3.925,4.084,4.244,4.037
2015-02-13,3.886,3.917,4.091,4.279,4.016
2015-02-12,3.842,3.930,4.121,4.314,3.995
2015-02-11,3.852,3.964,4.154,4.353,3.977
2015-02-10,3.892,4.009,4.180,4.395,3.958
2015-02-09,3.926,4.061,4.206,4.428,3.939
2015-02-06,3.948,4.111,4.237,4.463,3.922
2015-02-05,4.018,4.166,4.281,4.484,3.906
2015-02-04,4.076,4.204,4.317,4.506,3.888
2015-02-03,4.126,4.232,4.361,4.534,3.869
2015-02-02,4.196,4.244,4.403,4.568,3.848
2015-01-30,4.274,4.266,4.459,4.592,3.832
2015-01-29,4.314,4.313,4.506,4.595,3.811
2015-01-28,4.332,4.344,4.547,4.592,3.790
2015-01-27,4.338,4.351,4.587,4.579,3.763
2015-01-26,4.292,4.352,4.612,4.552,3.733
2015-01-23,4.258,4.363,4.639,4.522,3.705
2015-01-22,4.312,4.397,4.643,4.489,3.675
2015-01-21,4.356,4.430,4.657,4.450,3.645
2015-01-20,4.364,4.490,4.685,4.413,3.611
2015-01-19,4.412,4.562,4.730,4.374,3.582
2015-01-16,4.468,4.653,4.755,4.340,3.553
2015-01-15,4.482,4.699,4.735,4.288,3.517
2015-01-14,4.504,4.750,4.716,4.236,3.483
2015-01-13,4.616,4.824,4.693,4.186,3.453
2015-01-12,4.712,4.872,4.652,4.136,3.422
2015-01-09,4.838,4.915,4.601,4.086,3.393
2015-01-08,4.916,4.889,4.534,4.026,3.361
2015-01-07,4.996,4.884,4.460,3.968,3.329
2015-01-06,5.032,4.880,4.374,3.900,3.291
2015-01-05,5.032,4.899,4.279,3.830,3.255
2014-12-31,4.992,4.857,4.183,3.753,3.217
2014-12-30,4.862,4.772,4.083,3.676,3.176
2014-12-29,4.772,4.682,3.979,3.600,3.135
2014-12-26,4.728,4.563,3.867,3.521,3.093
2014-12-25,4.766,4.432,3.768,3.450,3.054
2014-12-24,4.722,4.287,3.671,3.381,3.016
2014-12-23,4.682,4.180,3.594,3.329,2.985
2014-12-22,4.592,4.036,3.510,3.270,2.947
2014-12-19,4.398,3.868,3.409,3.204,2.903
2014-12-18,4.098,3.660,3.295,3.128,2.857
2014-12-17,3.852,3.509,3.201,3.072,2.818
2014-12-16,3.678,3.394,3.128,3.027,2.787
2014-12-15,3.480,3.276,3.059,2.988,2.757
2014-12-12,3.338,3.171,2.999,2.947,2.726
2014-12-11,3.222,3.104,2.959,2.914,2.701
2014-12-10,3.166,3.055,2.928,2.888,2.677
2014-12-09,3.110,3.009,2.903,2.861,2.655
2014-12-08,3.072,2.984,2.886,2.839,2.635
2014-12-05,3.004,2.951,2.872,2.809,2.614
2014-12-04,2.986,2.930,2.862,2.790,2.596
2014-12-03,2.944,2.893,2.853,2.766,2.576
2014-12-02,2.908,2.862,2.844,2.746,2.557
2014-12-01,2.896,2.843,2.844,2.730,2.539
2014-11-28,2.898,2.828,2.834,2.720,2.522
2014-11-27,2.874,2.815,2.819,2.709,2.504
2014-11-26,2.842,2.801,2.804,2.701,2.487
2014-11-25,2.816,2.797,2.787,2.696,2.471
2014-11-24,2.790,2.789,2.766,2.689,2.454
2014-11-21,2.758,2.793,2.738,2.682,2.438
2014-11-20,2.756,2.794,2.719,2.680,2.424
2014-11-19,2.760,2.813,2.703,2.680,2.411
2014-11-18,2.778,2.826,2.688,2.675,2.397
2014-11-17,2.788,2.845,2.674,2.669,2.383
2014-11-14,2.828,2.841,2.666,2.665,2.370
2014-11-13,2.832,2.824,2.655,2.657,2.356
2014-11-12,2.866,2.808,2.651,2.650,2.342
2014-11-11,2.874,2.778,2.645,2.641,2.327
2014-11-10,2.902,2.744,2.639,2.624,2.313
2014-11-07,2.854,2.683,2.627,2.601,2.295
2014-11-06,2.816,2.645,2.622,2.586,2.280
2014-11-05,2.750,2.593,2.613,2.564,2.264
2014-11-04,2.682,2.550,2.600,2.547,2.248
2014-11-03,2.586,2.503,2.582,2.525,2.229
2014-10-31,2.512,2.491,2.577,2.505,2.214
2014-10-30,2.474,2.487,2.574,2.488,2.202
2014-10-29,2.436,2.494,2.571,2.467,2.188
2014-10-28,2.418,2.512,2.572,2.448,2.177
2014-10-27,2.420,2.535,2.564,2.431,2.166
2014-10-24,2.470,2.571,2.560,2.419,2.157
2014-10-23,2.500,2.600,2.556,2.403,2.146
2014-10-22,2.552,2.634,2.549,2.386,2.135
2014-10-21,2.606,2.650,2.546,2.368,2.123
2014-10-20,2.650,2.660,2.536,2.347,2.111
2014-10-17,2.672,2.664,2.512,2.324,2.097
2014-10-16,2.700,2.661,2.488,2.300,2.083
2014-10-15,2.716,2.649,2.453,2.274,2.068
2014-10-14,2.694,2.633,2.416,2.246,2.051
2014-10-13,2.670,2.593,2.379,2.219,2.035
2014-10-10,2.656,2.549,2.343,2.194,2.019
2014-10-09,2.622,2.512,2.304,2.168,2.002
2014-10-08,2.582,2.465,2.262,2.141,1.985
2014-09-30,2.572,2.442,2.227,2.119,1.970
2014-09-29,2.516,2.413,2.191,2.097,1.956
2014-09-26,2.442,2.361,2.154,2.074,1.941
2014-09-25,2.402,2.315,2.119,2.054,1.927
2014-09-24,2.348,2.257,2.086,2.034,1.913
2014-09-23,2.312,2.200,2.052,2.013,-1
2014-09-22,2.310,2.166,2.032,2.001,-1
2014-09-19,2.280,2.137,2.016,1.989,-1
2014-09-18,2.228,2.096,1.995,1.975,-1
2014-09-17,2.166,2.059,1.979,1.964,-1
2014-09-16,2.088,2.012,1.958,1.948,-1
2014-09-15,2.022,1.969,1.939,1.933,-1
2014-09-12,1.994,1.947,1.931,1.923,-1
2014-09-11,1.964,1.924,1.923,1.915,-1
2014-09-10,1.952,1.915,1.922,1.910,-1
2014-09-09,1.936,1.905,1.920,1.905,-1
2014-09-05,1.916,1.899,1.918,1.900,-1
2014-09-04,1.900,1.896,1.915,1.894,-1
2014-09-03,1.884,1.895,1.914,1.889,-1
2014-09-02,1.878,1.899,1.917,1.884,-1
2014-09-01,1.874,1.903,1.916,1.879,-1
2014-08-29,1.882,1.909,1.914,1.874,-1
2014-08-28,1.892,1.915,1.911,1.869,-1
2014-08-27,1.906,1.923,1.911,1.865,-1
2014-08-26,1.920,1.929,1.907,1.862,-1
2014-08-25,1.932,1.935,1.905,1.856,-1
2014-08-22,1.936,1.938,1.900,1.850,-1
2014-08-21,1.938,1.934,1.893,1.844,-1
2014-08-20,1.940,1.933,1.886,1.837,-1
2014-08-19,1.938,1.935,1.876,1.829,-1
2014-08-18,1.938,1.929,1.867,1.821,-1
2014-08-15,1.940,1.920,1.856,1.814,-1
2014-08-14,1.930,1.908,1.847,1.807,-1
2014-08-13,1.926,1.899,1.836,1.801,-1
2014-08-12,1.932,1.886,1.828,1.793,-1
2014-08-11,1.920,1.876,1.817,-1,-1
2014-08-08,1.900,1.863,1.807,-1,-1
2014-08-07,1.886,1.853,1.799,-1,-1
2014-08-06,1.872,1.839,1.789,-1,-1
2014-08-05,1.840,1.818,1.776,-1,-1
2014-08-04,1.832,1.805,1.768,-1,-1
2014-08-01,1.826,1.793,1.761,-1,-1
2014-07-31,1.820,1.785,1.757,-1,-1
2014-07-30,1.806,1.774,1.752,-1,-1
2014-07-29,1.796,1.770,1.746,-1,-1
2014-07-28,1.778,1.757,-1,-1,-1
2014-07-25,1.760,1.750,-1,-1,-1
2014-07-24,1.750,1.745,-1,-1,-1
2014-07-23,1.742,1.739,-1,-1,-1
2014-07-22,1.744,1.733,-1,-1,-1
2014-07-21,1.736,1.730,-1,-1,-1
2014-07-18,1.740,1.729,-1,-1,-1
2014-07-17,1.740,1.728,-1,-1,-1
2014-07-16,1.736,1.729,-1,-1,-1
2014-07-15,1.722,1.723,-1,-1,-1
2014-07-14,1.724,-1,-1,-1,-1
2014-07-11,1.718,-1,-1,-1,-1
2014-07-10,1.716,-1,-1,-1,-1
2014-07-09,1.722,-1,-1,-1,-1
2014-07-08,1.724,-1,-1,-1,-1
2014-07-07,-1,-1,-1,-1,-1
2014-07-04,-1,-1,-1,-1,-1
2014-07-03,-1,-1,-1,-1,-1
2014-07-02,-1,-1,-1,-1,-1
