date,open,high,close,low,volume,price_change,p_change,ma5,ma10,ma20,v_ma5,v_ma10,v_ma20,turnover
2017-06-30,8.39,9.6,9.19,7.75,664066.69,0.74,8.76,10.556,11.953,13.039,776956.77,1515380.2,2239149.3,29.01
2017-05-31,10.29,10.75,8.45,7.99,463793.09,-1.93,-18.59,11.124,12.528,13.108,767212.23,1624773.34,2301339.76,20.26
2017-04-28,12.3,12.6,10.38,9.88,550606.56,-1.91,-15.54,11.996,12.965,13.726,878233.59,1795164.18,2311357.41,25.74
2017-03-31,12.41,13.97,12.29,12.02,1623794.75,-0.18,-1.44,12.784,13.249,14.185,1276080.53,1910508.65,2329240.88,75.91
2017-02-28,12.08,12.99,12.47,11.74,582522.75,0.44,3.66,13.184,13.405,14.843,1364976.98,2009206.05,2322678.72,27.23
2017-01-26,12.8,13.37,12.03,11.06,615344.0,-0.78,-6.09,13.35,13.549,15.862,2253803.63,2369066.98,2342912.76,28.77
2016-12-30,14.29,14.47,12.81,12.33,1018899.88,-1.51,-10.54,13.932,13.809,17.019,2482334.45,2755380.53,2386288.25,72.84
2016-11-30,14.13,15.96,14.32,14.03,2539841.25,0.03,0.21,13.934,13.867,17.637,2712094.77,2919511.06,2413277.99,181.58
2016-10-28,13.37,15.5,14.29,13.31,2068277.0,0.99,7.44,13.714,13.444,18.015,2544936.77,2819594.55,2371151.45,147.86
2016-09-30,14.8,17.44,13.3,12.98,5026656.0,-1.64,-10.98,13.626,13.585,18.224,2653435.12,2971780.95,2302836.59,359.36
2016-08-31,12.72,15.18,14.94,12.23,1757998.12,2.12,16.54,13.748,14.124,18.403,2484330.32,2962918.4,2091350.11,125.68
2016-07-29,13.21,14.63,12.82,12.5,2167701.5,-0.4,-3.03,13.686,13.687,18.455,3028426.6,2977906.18,2061677.99,154.97
2016-06-30,13.83,14.16,13.22,12.03,1704051.25,-0.63,-4.55,13.8,14.486,18.764,3126927.35,2827550.64,1977203.72,121.83
2016-05-31,13.9,14.76,13.85,11.48,2610768.75,-0.06,-0.43,13.174,15.12,18.945,3094252.32,2747973.12,1946228.52,189.33
2016-04-29,14.35,16.98,13.91,13.48,4181132.0,-0.72,-4.92,13.544,16.281,19.075,3290126.77,2636151.39,1862005.38,303.22
2016-03-31,12.72,15.45,14.63,10.6,4478479.5,1.24,9.26,14.5,18.174,19.244,3441506.47,2316758.55,1714473.47,324.78
2016-02-29,9.97,15.0,13.39,9.75,2660205.25,3.3,32.71,13.688,20.229,19.379,2927385.75,2017195.97,1630151.37,192.92
2016-01-29,15.71,15.98,10.09,9.42,1540676.12,-5.61,-35.73,15.172,21.407,19.567,2528173.94,1907044.91,1582097.65,111.73
2015-12-31,18.11,18.99,15.7,15.26,3590141.0,-2.99,-16.0,17.066,22.586,20.043,2401693.91,1922708.35,1638698.2,272.59
2015-11-30,10.33,21.48,18.69,10.22,4938030.5,8.12,76.82,19.018,22.862,20.363,1982176.01,1633892.23,1580009.93,325.95
2015-10-30,21.61,22.6,10.57,9.87,1907875.88,-10.24,-49.21,21.848,22.682,20.227,1192010.63,1219781.83,1425760.83,125.93
2015-09-30,19.49,22.8,20.81,15.83,664146.19,1.25,6.39,26.77,23.223,20.735,1107006.2,1145449.8,1400386.36,96.74
2015-08-31,25.03,30.85,19.56,17.53,908276.0,-5.9,-23.17,27.642,23.042,20.731,1285915.89,1126856.81,1441288.59,132.3
2015-07-31,32.1,35.55,25.46,24.7,1492551.5,-7.38,-22.47,28.106,22.77,20.8,1443722.79,1144483.93,1472642.27,217.41
2015-06-30,35.08,43.66,32.84,27.89,987203.56,-2.34,-6.65,26.706,21.869,20.509,1285608.44,1087859.37,1471397.94,143.8
2015-05-29,26.82,41.0,35.18,24.6,1482853.75,10.01,39.77,23.516,20.313,19.687,1247553.02,1112188.38,1503677.57,248.57
2015-04-29,21.9,25.96,25.17,21.65,1558694.62,3.29,15.04,19.676,18.528,18.58,1183893.4,1243106.76,1505164.99,261.29
2015-03-31,18.61,23.88,21.88,18.31,1697310.5,3.42,18.53,18.442,17.726,18.073,967797.72,1257150.38,1501047.32,284.52
2015-02-27,16.83,19.2,18.46,16.6,701979.75,1.57,9.29,17.434,17.499,17.756,845245.07,1354688.06,1484692.06,117.67
2015-01-30,15.88,18.7,16.89,15.53,796926.5,0.91,5.7,17.032,17.864,17.692,890110.31,1526127.63,1555847.72,133.59
2014-12-31,20.9,22.9,15.98,15.33,1164555.62,-3.02,-15.89,17.11,17.772,17.772,976823.74,1631739.84,1631739.84,250.55
2014-09-04,16.92,19.74,19.0,16.92,478216.25,2.16,12.83,17.38,17.971,17.971,1302320.11,1683649.2,1683649.2,102.89
2014-08-29,16.4,18.85,16.84,16.01,1084547.25,0.39,2.37,17.01,17.843,17.843,1546503.04,1834328.32,1834328.32,233.34
2014-07-31,17.11,17.8,16.45,15.42,926305.94,-0.83,-4.8,17.564,17.986,17.986,1864131.04,1941439.9,1941439.9,199.29
2014-06-30,17.42,18.2,17.28,15.11,1230493.62,-0.05,-0.29,18.696,18.242,18.242,2162144.95,2110628.9,2110628.9,264.74
2014-05-30,17.09,20.85,17.33,16.71,2792037.5,0.18,1.05,18.434,18.434,18.434,2286655.95,2286655.95,2286655.95,600.7
2014-04-30,19.61,24.4,17.15,14.51,1699130.88,-2.46,-12.54,18.71,18.71,18.71,2160310.56,2160310.56,2160310.56,365.56
2014-03-31,23.6,29.2,19.61,19.34,2672687.25,-2.5,-11.31,19.23,19.23,19.23,2314037.12,2314037.12,2314037.12,805.03
2014-02-28,15.9,24.0,22.11,15.73,2416375.5,6.14,38.45,19.04,19.04,19.04,2134712.06,2134712.06,2134712.06,727.82
2014-01-30,14.26,19.14,15.97,14.26,1853048.62,2.38,20.03,15.97,15.97,15.97,1853048.62,1853048.62,1853048.62,558.15
