Not
2017-01-06@15:00:00,-0.050,-0.021,-0.029
2017-01-06@14:30:00,-0.046,-0.014,-0.032
2017-01-06@14:00:00,-0.043,-0.006,-0.036
2017-01-06@13:30:00,-0.036,0.003,-0.039
2017-01-06@11:30:00,-0.024,0.013,-0.036
2017-01-06@11:00:00,-0.015,0.022,-0.036
2017-01-06@10:30:00,-0.000,0.031,-0.031
2017-01-06@10:00:00,0.017,0.038,-0.021
2017-01-05@15:00:00,0.035,0.044,-0.008
2017-01-05@14:30:00,0.046,0.046,-0.000
2017-01-05@14:00:00,0.056,0.046,0.011
2017-01-05@13:30:00,0.058,0.043,0.015
2017-01-05@11:30:00,0.059,0.040,0.019
2017-01-05@11:00:00,0.056,0.035,0.022
2017-01-05@10:30:00,0.052,0.029,0.023
2017-01-05@10:00:00,0.044,0.024,0.020
2017-01-04@15:00:00,0.039,0.019,0.021
2017-01-04@14:30:00,0.036,0.013,0.022
2017-01-04@14:00:00,0.031,0.008,0.024
2017-01-04@13:30:00,0.028,0.002,0.026
2017-01-04@11:30:00,0.019,-0.004,0.024
2017-01-04@11:00:00,0.009,-0.010,0.020
2017-01-04@10:30:00,0.005,-0.015,0.020
2017-01-04@10:00:00,0.006,-0.020,0.026
2017-01-03@15:00:00,0.006,-0.027,0.033
2017-01-03@14:30:00,0.004,-0.035,0.039
2017-01-03@14:00:00,-0.007,-0.045,0.039
2017-01-03@13:30:00,-0.015,-0.055,0.040
2017-01-03@11:30:00,-0.025,-0.065,0.040
2017-01-03@11:00:00,-0.043,-0.075,0.032
2017-01-03@10:30:00,-0.061,-0.083,0.022
2017-01-03@10:00:00,-0.080,-0.088,0.008
2016-12-30@15:00:00,-0.095,-0.090,-0.004
2016-12-30@14:30:00,-0.098,-0.089,-0.009
2016-12-30@14:00:00,-0.100,-0.087,-0.013
2016-12-30@13:30:00,-0.107,-0.084,-0.023
2016-12-30@11:30:00,-0.108,-0.078,-0.030
2016-12-30@11:00:00,-0.102,-0.070,-0.032
2016-12-30@10:30:00,-0.094,-0.063,-0.031
2016-12-30@10:00:00,-0.086,-0.055,-0.032
2016-12-29@15:00:00,-0.075,-0.047,-0.028
2016-12-29@14:30:00,-0.061,-0.040,-0.021
2016-12-29@14:00:00,-0.056,-0.034,-0.022
2016-12-29@13:30:00,-0.049,-0.029,-0.020
2016-12-29@11:30:00,-0.046,-0.024,-0.022
2016-12-29@11:00:00,-0.043,-0.018,-0.025
2016-12-29@10:30:00,-0.035,-0.012,-0.022
2016-12-29@10:00:00,-0.024,-0.007,-0.018
2016-12-28@15:00:00,-0.013,-0.002,-0.011
2016-12-28@14:30:00,0.003,0.001,0.002
2016-12-28@14:00:00,0.004,0.000,0.004
2016-12-28@13:30:00,0.004,-0.001,0.005
2016-12-28@11:30:00,0.004,-0.002,0.007
2016-12-28@11:00:00,0.004,-0.004,0.008
2016-12-28@10:30:00,0.001,-0.006,0.007
2016-12-28@10:00:00,0.005,-0.008,0.013
2016-12-27@15:00:00,0.004,-0.011,0.015
2016-12-27@14:30:00,0.006,-0.015,0.021
2016-12-27@14:00:00,0.003,-0.020,0.023
2016-12-27@13:30:00,-0.003,-0.026,0.023
2016-12-27@11:30:00,-0.011,-0.032,0.020
2016-12-27@11:00:00,-0.022,-0.037,0.015
2016-12-27@10:30:00,-0.029,-0.040,0.011
2016-12-27@10:00:00,-0.038,-0.043,0.005
2016-12-26@15:00:00,-0.047,-0.045,-0.003
2016-12-26@14:30:00,-0.056,-0.044,-0.012
2016-12-26@14:00:00,-0.066,-0.041,-0.025
2016-12-26@13:30:00,-0.068,-0.035,-0.034
2016-12-26@11:30:00,-0.072,-0.026,-0.045
2016-12-26@11:00:00,-0.072,-0.015,-0.057
2016-12-26@10:30:00,-0.063,-0.001,-0.062
2016-12-26@10:00:00,-0.047,0.015,-0.062
2016-12-23@15:00:00,-0.027,0.030,-0.057
2016-12-23@14:30:00,-0.018,0.045,-0.062
2016-12-23@14:00:00,-0.003,0.060,-0.063
2016-12-23@13:30:00,0.015,0.076,-0.061
2016-12-23@11:30:00,0.036,0.091,-0.055
2016-12-23@11:00:00,0.054,0.105,-0.051
2016-12-23@10:30:00,0.076,0.118,-0.041
2016-12-23@10:00:00,0.103,0.128,-0.025
2016-12-22@15:00:00,0.120,0.134,-0.014
2016-12-22@14:30:00,0.128,0.138,-0.010
2016-12-22@14:00:00,0.129,0.140,-0.011
2016-12-22@13:30:00,0.134,0.143,-0.009
2016-12-22@11:30:00,0.143,0.145,-0.002
2016-12-22@11:00:00,0.150,0.146,0.004
2016-12-22@10:30:00,0.161,0.145,0.016
2016-12-22@10:00:00,0.172,0.141,0.032
2016-12-21@15:00:00,0.186,0.133,0.053
2016-12-21@14:30:00,0.181,0.120,0.061
2016-12-21@14:00:00,0.170,0.105,0.066
2016-12-21@13:30:00,0.155,0.088,0.067
2016-12-21@11:30:00,0.134,0.071,0.063
2016-12-21@11:00:00,0.119,0.056,0.063
2016-12-21@10:30:00,0.099,0.040,0.060
2016-12-21@10:00:00,0.067,0.025,0.042
2016-12-20@15:00:00,0.031,0.014,0.017
2016-12-20@14:30:00,0.007,0.010,-0.003
2016-12-20@14:00:00,0.009,0.011,-0.002
2016-12-20@13:30:00,0.010,0.011,-0.001
2016-12-20@11:30:00,0.010,0.012,-0.002
2016-12-20@11:00:00,0.009,0.012,-0.003
2016-12-20@10:30:00,0.012,0.013,-0.001
2016-12-20@10:00:00,0.013,0.013,-0.000
2016-12-19@15:00:00,0.019,0.013,0.005
2016-12-19@14:30:00,0.018,0.012,0.006
2016-12-19@14:00:00,0.017,0.011,0.006
2016-12-19@13:30:00,0.021,0.009,0.012
2016-12-19@11:30:00,0.020,0.006,0.014
2016-12-19@11:00:00,0.021,0.003,0.019
2016-12-19@10:30:00,0.031,-0.002,0.033
2016-12-19@10:00:00,0.033,-0.010,0.043
2016-12-16@15:00:00,0.027,-0.021,0.048
2016-12-16@14:30:00,0.019,-0.033,0.052
2016-12-16@14:00:00,0.010,-0.046,0.056
2016-12-16@13:30:00,-0.002,-0.060,0.058
2016-12-16@11:30:00,-0.015,-0.075,0.060
2016-12-16@11:00:00,-0.026,-0.090,0.063
2016-12-16@10:30:00,-0.047,-0.106,0.059
2016-12-16@10:00:00,-0.074,-0.120,0.046
2016-12-15@15:00:00,-0.088,-0.132,0.043
2016-12-15@14:30:00,-0.095,-0.143,0.047
2016-12-15@14:00:00,-0.101,-0.155,0.054
2016-12-15@13:30:00,-0.108,-0.168,0.060
2016-12-15@11:30:00,-0.120,-0.183,0.063
2016-12-15@11:00:00,-0.142,-0.199,0.057
2016-12-15@10:30:00,-0.164,-0.213,0.048
2016-12-15@10:00:00,-0.183,-0.225,0.042
2016-12-14@15:00:00,-0.194,-0.236,0.041
2016-12-14@14:30:00,-0.199,-0.246,0.047
2016-12-14@14:00:00,-0.211,-0.258,0.046
2016-12-14@13:30:00,-0.229,-0.269,0.040
2016-12-14@11:30:00,-0.243,-0.279,0.037
2016-12-14@11:00:00,-0.257,-0.288,0.031
2016-12-14@10:30:00,-0.265,-0.296,0.032
2016-12-14@10:00:00,-0.277,-0.304,0.027
2016-12-13@15:00:00,-0.298,-0.311,0.013
2016-12-13@14:30:00,-0.319,-0.314,-0.005
2016-12-13@14:00:00,-0.345,-0.313,-0.033
2016-12-13@13:30:00,-0.363,-0.304,-0.059
2016-12-13@11:30:00,-0.371,-0.290,-0.081
2016-12-13@11:00:00,-0.361,-0.269,-0.092
2016-12-13@10:30:00,-0.349,-0.246,-0.102
2016-12-13@10:00:00,-0.328,-0.221,-0.107
2016-12-12@15:00:00,-0.304,-0.194,-0.110
2016-12-12@14:30:00,-0.279,-0.167,-0.112
2016-12-12@14:00:00,-0.243,-0.138,-0.105
2016-12-12@13:30:00,-0.199,-0.112,-0.087
2016-12-12@11:30:00,-0.173,-0.091,-0.083
2016-12-12@11:00:00,-0.140,-0.070,-0.070
2016-12-12@10:30:00,-0.111,-0.052,-0.058
2016-12-12@10:00:00,-0.082,-0.038,-0.045
2016-12-09@15:00:00,-0.049,-0.027,-0.022
2016-12-09@14:30:00,-0.037,-0.021,-0.015
2016-12-09@14:00:00,-0.028,-0.017,-0.011
2016-12-09@13:30:00,-0.025,-0.015,-0.010
2016-12-09@11:30:00,-0.024,-0.012,-0.012
2016-12-09@11:00:00,-0.023,-0.009,-0.014
2016-12-09@10:30:00,-0.014,-0.005,-0.009
2016-12-09@10:00:00,-0.008,-0.003,-0.005
2016-12-08@15:00:00,-0.005,-0.002,-0.003
2016-12-08@14:30:00,0.002,-0.001,0.003
2016-12-08@14:00:00,0.003,-0.002,0.005
2016-12-08@13:30:00,0.006,-0.003,0.009
2016-12-08@11:30:00,0.014,-0.006,0.020
2016-12-08@11:00:00,0.015,-0.011,0.025
2016-12-08@10:30:00,0.018,-0.017,0.034
2016-12-08@10:00:00,0.015,-0.026,0.041
2016-12-07@15:00:00,0.001,-0.036,0.037
2016-12-07@14:30:00,-0.017,-0.045,0.028
2016-12-07@14:00:00,-0.032,-0.052,0.020
2016-12-07@13:30:00,-0.040,-0.057,0.017
2016-12-07@11:30:00,-0.050,-0.061,0.011
2016-12-07@11:00:00,-0.059,-0.064,0.005
2016-12-07@10:30:00,-0.062,-0.065,0.003
2016-12-07@10:00:00,-0.057,-0.066,0.009
2016-12-06@15:00:00,-0.051,-0.068,0.017
2016-12-06@14:30:00,-0.054,-0.073,0.019
2016-12-06@14:00:00,-0.061,-0.078,0.017
2016-12-06@13:30:00,-0.073,-0.082,0.008
2016-12-06@11:30:00,-0.080,-0.084,0.004
2016-12-06@11:00:00,-0.088,-0.085,-0.003
2016-12-06@10:30:00,-0.088,-0.084,-0.004
2016-12-06@10:00:00,-0.095,-0.083,-0.012
2016-12-05@15:00:00,-0.105,-0.080,-0.025
2016-12-05@14:30:00,-0.113,-0.074,-0.039
2016-12-05@14:00:00,-0.104,-0.064,-0.040
2016-12-05@13:30:00,-0.099,-0.054,-0.045
2016-12-05@11:30:00,-0.097,-0.043,-0.055
2016-12-05@11:00:00,-0.090,-0.029,-0.061
2016-12-05@10:30:00,-0.082,-0.014,-0.069
2016-12-05@10:00:00,-0.073,0.004,-0.077
2016-12-02@15:00:00,-0.052,0.023,-0.075
2016-12-02@14:30:00,-0.031,0.041,-0.073
2016-12-02@14:00:00,-0.005,0.060,-0.065
2016-12-02@13:30:00,0.014,0.076,-0.062
2016-12-02@11:30:00,0.036,0.092,-0.056
2016-12-02@11:00:00,0.061,0.105,-0.044
2016-12-02@10:30:00,0.082,0.116,-0.034
2016-12-02@10:00:00,0.101,0.125,-0.024
2016-12-01@15:00:00,0.112,0.131,-0.019
2016-12-01@14:30:00,0.110,0.136,-0.026
2016-12-01@14:00:00,0.122,0.142,-0.020
2016-12-01@13:30:00,0.136,0.147,-0.012
2016-12-01@11:30:00,0.149,0.150,-0.002
2016-12-01@11:00:00,0.155,0.151,0.004
2016-12-01@10:30:00,0.155,0.150,0.005
2016-12-01@10:00:00,0.158,0.148,0.009
2016-11-30@15:00:00,0.153,0.146,0.007
2016-11-30@14:30:00,0.156,0.144,0.012
2016-11-30@14:00:00,0.160,0.141,0.018
2016-11-30@13:30:00,0.159,0.137,0.023
2016-11-30@11:30:00,0.159,0.131,0.028
2016-11-30@11:00:00,0.159,0.124,0.035
2016-11-30@10:30:00,0.140,0.115,0.025
2016-11-30@10:00:00,0.113,0.109,0.004
2016-10-13@15:00:00,0.088,0.108,-0.020
2016-10-13@14:30:00,0.094,0.113,-0.020
2016-10-13@14:00:00,0.101,0.118,-0.017
2016-10-13@13:30:00,0.105,0.122,-0.017
2016-10-13@11:30:00,0.116,0.127,-0.011
2016-10-13@11:00:00,0.122,0.129,-0.007
2016-10-13@10:30:00,0.122,0.131,-0.009
2016-10-13@10:00:00,0.124,0.134,-0.009
2016-10-12@14:30:00,0.135,0.136,-0.001
2016-10-12@14:00:00,0.141,0.136,0.005
2016-10-12@13:30:00,0.150,0.135,0.015
2016-10-12@11:30:00,0.149,0.131,0.018
2016-10-12@11:00:00,0.141,0.127,0.014
2016-10-12@10:30:00,0.125,0.123,0.002
2016-10-12@10:00:00,0.134,0.123,0.011
2016-10-11@15:00:00,0.149,0.120,0.029
2016-10-11@14:30:00,0.150,0.113,0.037
2016-10-11@14:00:00,0.153,0.104,0.049
2016-10-11@13:30:00,0.152,0.091,0.061
2016-10-11@11:30:00,0.147,0.076,0.071
2016-10-11@11:00:00,0.128,0.058,0.070
2016-10-11@10:30:00,0.105,0.041,0.064
2016-10-11@10:00:00,0.078,0.025,0.053
2016-10-10@15:00:00,0.049,0.012,0.037
2016-10-10@14:30:00,0.041,0.002,0.039
2016-10-10@14:00:00,0.034,-0.007,0.042
2016-10-10@13:30:00,0.023,-0.018,0.041
2016-10-10@11:30:00,0.011,-0.028,0.039
2016-10-10@11:00:00,-0.004,-0.038,0.034
2016-10-10@10:30:00,-0.021,-0.046,0.025
2016-10-10@10:00:00,-0.034,-0.053,0.018
2016-09-30@15:00:00,-0.049,-0.057,0.008
2016-09-30@14:30:00,-0.055,-0.059,0.004
2016-09-30@14:00:00,-0.061,-0.060,-0.001
2016-09-30@13:30:00,-0.062,-0.060,-0.002
2016-09-30@11:30:00,-0.063,-0.060,-0.003
2016-09-30@11:00:00,-0.058,-0.059,0.001
2016-09-30@10:30:00,-0.054,-0.059,0.005
2016-09-30@10:00:00,-0.054,-0.060,0.007
2016-09-29@15:00:00,-0.056,-0.062,0.006
2016-09-29@14:30:00,-0.049,-0.063,0.014
2016-09-29@14:00:00,-0.048,-0.067,0.019
2016-09-29@13:30:00,-0.046,-0.072,0.025
2016-09-29@11:30:00,-0.045,-0.078,0.033
2016-09-29@11:00:00,-0.047,-0.086,0.039
2016-09-29@10:30:00,-0.053,-0.096,0.044
2016-09-29@10:00:00,-0.059,-0.107,0.048
2016-09-28@15:00:00,-0.062,-0.119,0.057
2016-09-28@14:30:00,-0.066,-0.133,0.067
2016-09-28@14:00:00,-0.077,-0.150,0.072
2016-09-28@13:30:00,-0.095,-0.168,0.073
2016-09-28@11:30:00,-0.116,-0.186,0.070
2016-09-28@11:00:00,-0.140,-0.204,0.064
2016-09-28@10:30:00,-0.164,-0.220,0.056
2016-09-28@10:00:00,-0.200,-0.234,0.034
2016-09-27@15:00:00,-0.228,-0.242,0.015
2016-09-27@14:30:00,-0.246,-0.246,0.000
2016-09-27@14:00:00,-0.260,-0.246,-0.014
2016-09-27@13:30:00,-0.266,-0.242,-0.024
2016-09-27@11:30:00,-0.270,-0.236,-0.034
2016-09-27@11:00:00,-0.265,-0.228,-0.037
2016-09-27@10:30:00,-0.265,-0.218,-0.047
2016-09-27@10:00:00,-0.260,-0.207,-0.053
2016-09-26@15:00:00,-0.252,-0.194,-0.058
2016-09-26@14:30:00,-0.231,-0.179,-0.052
2016-09-26@14:00:00,-0.217,-0.166,-0.051
2016-09-26@13:30:00,-0.204,-0.153,-0.051
2016-09-26@11:30:00,-0.191,-0.141,-0.051
2016-09-26@11:00:00,-0.174,-0.128,-0.046
2016-09-26@10:30:00,-0.159,-0.117,-0.043
2016-09-26@10:00:00,-0.120,-0.106,-0.014
2016-09-23@15:00:00,-0.086,-0.102,0.016
2016-09-23@14:30:00,-0.081,-0.107,0.026
2016-09-23@14:00:00,-0.078,-0.113,0.035
2016-09-23@13:30:00,-0.081,-0.122,0.041
2016-09-23@11:30:00,-0.077,-0.132,0.055
2016-09-23@11:00:00,-0.083,-0.146,0.063
2016-09-23@10:30:00,-0.085,-0.161,0.076
2016-09-23@10:00:00,-0.099,-0.180,0.082
2016-09-22@15:00:00,-0.117,-0.200,0.084
2016-09-22@14:30:00,-0.144,-0.221,0.078
2016-09-22@14:00:00,-0.166,-0.241,0.075
2016-09-22@13:30:00,-0.196,-0.260,0.063
2016-09-22@11:30:00,-0.209,-0.276,0.066
2016-09-22@11:00:00,-0.221,-0.292,0.071
2016-09-22@10:30:00,-0.238,-0.310,0.072
2016-09-22@10:00:00,-0.255,-0.328,0.073
2016-09-21@15:00:00,-0.267,-0.346,0.079
2016-09-21@14:30:00,-0.280,-0.366,0.085
2016-09-21@14:00:00,-0.299,-0.387,0.088
2016-09-21@13:30:00,-0.322,-0.409,0.087
2016-09-21@11:30:00,-0.350,-0.431,0.081
2016-09-21@11:00:00,-0.361,-0.451,0.090
2016-09-21@10:30:00,-0.376,-0.474,0.097
2016-09-21@10:00:00,-0.386,-0.498,0.112
2016-09-20@15:00:00,-0.397,-0.526,0.129
2016-09-20@14:30:00,-0.422,-0.558,0.136
2016-09-20@14:00:00,-0.443,-0.592,0.150
2016-09-20@13:30:00,-0.466,-0.630,0.164
2016-09-20@11:30:00,-0.496,-0.671,0.174
2016-09-20@11:00:00,-0.534,-0.715,0.181
2016-09-20@10:30:00,nan,nan,nan
2016-09-20@10:00:00,nan,nan,nan
2016-09-19@15:00:00,nan,nan,nan
2016-09-19@14:30:00,nan,nan,nan
2016-09-19@14:00:00,nan,nan,nan
2016-09-19@13:30:00,nan,nan,nan
2016-09-19@11:30:00,nan,nan,nan
2016-09-19@11:00:00,nan,nan,nan
2016-09-19@10:30:00,nan,nan,nan
2016-09-19@10:00:00,nan,nan,nan
2016-09-14@15:00:00,nan,nan,nan
2016-09-14@14:30:00,nan,nan,nan
2016-09-14@14:00:00,nan,nan,nan
2016-09-14@13:30:00,nan,nan,nan
2016-09-14@11:30:00,nan,nan,nan
2016-09-14@11:00:00,nan,nan,nan
2016-09-14@10:30:00,nan,nan,nan
2016-09-14@10:00:00,nan,nan,nan
2016-09-13@15:00:00,nan,nan,nan
2016-09-13@14:30:00,nan,nan,nan
2016-09-13@14:00:00,nan,nan,nan
2016-09-13@13:30:00,nan,nan,nan
2016-09-13@11:30:00,nan,nan,nan
2016-09-13@11:00:00,nan,nan,nan
2016-09-13@10:30:00,nan,nan,nan
2016-09-13@10:00:00,nan,nan,nan
2016-09-12@15:00:00,nan,nan,nan
2016-09-12@14:30:00,nan,nan,nan
2016-09-12@14:00:00,nan,nan,nan
2016-09-12@13:30:00,nan,nan,nan
2016-09-12@11:30:00,nan,nan,nan
2016-09-12@11:00:00,nan,nan,nan
2016-09-12@10:30:00,nan,nan,nan
