2017-03-17@15:00:00,21.492,20.538,19.584
2017-03-17@14:00:00,21.270,20.629,19.987
2017-03-17@11:30:00,21.230,20.655,20.079
2017-03-17@10:30:00,21.188,20.668,20.148
2017-03-16@15:00:00,21.193,20.666,20.138
2017-03-16@14:00:00,21.272,20.684,20.096
2017-03-16@11:30:00,21.317,20.700,20.082
2017-03-16@10:30:00,21.338,20.709,20.079
2017-03-15@15:00:00,21.413,20.731,20.048
2017-03-15@14:00:00,21.421,20.737,20.052
2017-03-15@11:30:00,21.415,20.733,20.051
2017-03-15@10:30:00,21.440,20.748,20.055
2017-03-14@15:00:00,21.459,20.713,19.966
2017-03-14@14:00:00,21.459,20.713,19.966
2017-03-14@11:30:00,21.463,20.715,19.967
2017-03-14@10:30:00,21.471,20.727,19.982
2017-03-13@15:00:00,21.461,20.719,19.976
2017-03-13@14:00:00,21.701,20.613,19.525
2017-03-13@11:30:00,21.863,20.517,19.171
2017-03-13@10:30:00,21.971,20.455,18.939
2017-03-10@15:00:00,22.090,20.378,18.666
2017-03-10@14:00:00,22.093,20.286,18.479
2017-03-10@11:30:00,22.089,20.216,18.342
2017-03-10@10:30:00,22.118,20.143,18.168
2017-03-09@15:00:00,22.158,20.056,17.953
2017-03-09@14:00:00,22.025,20.000,17.975
2017-03-09@11:30:00,21.894,19.938,17.982
2017-03-09@10:30:00,21.766,19.863,17.959
2017-03-08@15:00:00,21.553,19.769,17.984
2017-03-08@14:00:00,21.488,19.747,18.005
2017-03-08@11:30:00,21.361,19.692,18.022
2017-03-08@10:30:00,21.205,19.641,18.077
2017-03-07@15:00:00,21.217,19.646,18.075
2017-03-07@14:00:00,21.368,19.679,17.990
2017-03-07@11:30:00,21.318,19.664,18.010
2017-03-07@10:30:00,21.403,19.685,17.966
2017-03-06@15:00:00,21.357,19.670,17.982
2017-03-06@14:00:00,21.350,19.702,18.053
2017-03-06@11:30:00,21.335,19.723,18.110
2017-03-06@10:30:00,21.371,19.700,18.028
2017-03-03@15:00:00,21.544,19.637,17.729
2017-03-03@14:00:00,21.636,19.576,17.516
2017-03-03@11:30:00,21.980,19.426,16.871
2017-03-03@10:30:00,22.194,19.300,16.406
2017-03-02@15:00:00,22.445,19.160,15.874
2017-03-02@14:00:00,22.449,18.959,15.469
2017-03-02@11:30:00,22.472,18.755,15.037
2017-03-02@10:30:00,22.451,18.591,14.731
2017-03-01@15:00:00,22.438,18.403,14.368
2017-03-01@14:00:00,22.237,18.185,14.132
2017-03-01@11:30:00,22.123,17.972,13.820
2017-03-01@10:30:00,21.916,17.752,13.587
2017-02-28@15:00:00,21.631,17.518,13.404
2017-02-28@14:00:00,20.983,17.266,13.548
2017-02-28@11:30:00,20.484,17.047,13.609
2017-02-28@10:30:00,19.669,16.791,13.913
2017-02-27@15:00:00,18.940,16.568,14.196
2017-02-27@14:00:00,18.372,16.418,14.464
2017-02-27@11:30:00,17.756,16.279,14.802
2017-02-27@10:30:00,17.268,16.138,15.008
2017-02-24@15:00:00,17.049,16.060,15.071
2017-02-24@14:00:00,16.688,16.006,15.323
2017-02-24@11:30:00,16.703,16.013,15.323
2017-02-24@10:30:00,16.780,16.035,15.289
2017-02-23@15:00:00,16.887,16.091,15.295
2017-02-23@14:00:00,16.890,16.093,15.296
2017-02-23@11:30:00,16.902,16.114,15.326
2017-02-23@10:30:00,16.904,16.115,15.326
2017-02-22@15:00:00,16.897,16.125,15.353
2017-02-22@14:00:00,17.039,16.061,15.083
2017-02-22@11:30:00,17.132,16.025,14.918
2017-02-22@10:30:00,17.210,15.983,14.755
2017-02-21@15:00:00,17.282,15.940,14.598
2017-02-21@14:00:00,17.507,15.790,14.073
2017-02-21@11:30:00,17.652,15.655,13.658
2017-02-21@10:30:00,17.731,15.521,13.311
2017-02-20@15:00:00,17.782,15.393,13.003
2017-02-20@14:00:00,17.884,15.177,12.470
2017-02-20@11:30:00,17.901,14.965,12.029
2017-02-20@10:30:00,17.951,14.795,11.638
2017-02-17@15:00:00,17.929,14.614,11.299
2017-02-17@14:00:00,17.847,14.335,10.823
2017-02-17@11:30:00,17.745,14.077,10.408
2017-02-17@10:30:00,17.478,13.796,10.113
2017-02-16@15:00:00,17.101,13.510,9.918
2017-02-16@14:00:00,16.864,13.201,9.538
2017-02-16@11:30:00,16.520,12.894,9.267
2017-02-16@10:30:00,16.068,12.587,9.105
2017-02-15@15:00:00,15.586,12.297,9.008
2017-02-15@14:00:00,15.285,12.064,8.843
2017-02-15@11:30:00,14.917,11.827,8.737
2017-02-15@10:30:00,14.472,11.586,8.700
2017-02-14@15:00:00,13.955,11.343,8.730
2017-02-14@14:00:00,13.669,11.168,8.667
2017-02-14@11:30:00,13.327,10.992,8.657
2017-02-14@10:30:00,12.913,10.817,8.721
2017-02-13@15:00:00,12.412,10.649,8.885
2017-02-13@14:00:00,12.174,10.537,8.900
2017-02-13@11:30:00,11.894,10.421,8.947
2017-02-13@10:30:00,11.550,10.305,9.059
2017-02-10@15:00:00,11.097,10.187,9.277
2017-02-10@14:00:00,10.949,10.123,9.296
2017-02-10@11:30:00,10.769,10.059,9.349
2017-02-10@10:30:00,10.535,9.995,9.455
2017-02-09@15:00:00,10.147,9.933,9.719
2017-02-09@14:00:00,10.132,9.926,9.719
2017-02-09@11:30:00,10.110,9.917,9.723
2017-02-09@10:30:00,10.084,9.907,9.730
2017-02-08@15:00:00,10.046,9.896,9.746
2017-02-08@14:00:00,10.009,9.881,9.753
2017-02-08@11:30:00,9.989,9.871,9.752
2017-02-08@10:30:00,9.982,9.865,9.747
2017-02-07@15:00:00,9.983,9.864,9.745
2017-02-07@14:00:00,9.977,9.858,9.739
2017-02-07@11:30:00,9.974,9.854,9.734
2017-02-07@10:30:00,9.967,9.849,9.731
2017-02-06@15:00:00,9.938,9.842,9.745
2017-02-06@14:00:00,9.915,9.833,9.750
2017-02-06@11:30:00,9.914,9.828,9.742
2017-02-06@10:30:00,9.909,9.825,9.740
2017-02-03@15:00:00,9.908,9.823,9.738
2017-02-03@14:00:00,9.909,9.822,9.734
2017-02-03@11:30:00,9.910,9.820,9.730
2017-02-03@10:30:00,9.920,9.815,9.709
2017-01-26@15:00:00,9.934,9.805,9.675
2017-01-26@14:00:00,9.946,9.787,9.628
2017-01-26@11:30:00,9.947,9.771,9.594
2017-01-26@10:30:00,9.934,9.757,9.579
2017-01-25@15:00:00,9.934,9.738,9.541
2017-01-25@14:00:00,9.933,9.727,9.521
2017-01-25@11:30:00,9.926,9.719,9.512
2017-01-25@10:30:00,9.916,9.710,9.504
2017-01-24@15:00:00,9.907,9.703,9.499
2017-01-24@14:00:00,9.906,9.703,9.499
2017-01-24@11:30:00,9.899,9.700,9.501
2017-01-24@10:30:00,9.887,9.689,9.491
2017-01-23@15:00:00,9.863,9.677,9.490
2017-01-23@14:00:00,9.853,9.673,9.492
2017-01-23@11:30:00,9.890,9.681,9.471
2017-01-23@10:30:00,9.899,9.683,9.467
2017-01-20@15:00:00,9.935,9.691,9.447
2017-01-20@14:00:00,10.032,9.712,9.391
2017-01-20@11:30:00,10.117,9.733,9.348
2017-01-20@10:30:00,10.208,9.761,9.314
2017-01-19@15:00:00,10.269,9.789,9.308
2017-01-19@14:00:00,10.362,9.829,9.297
2017-01-19@11:30:00,10.456,9.873,9.291
2017-01-19@10:30:00,10.555,9.919,9.283
2017-01-18@15:00:00,10.619,9.967,9.316
2017-01-18@14:00:00,10.679,10.013,9.348
2017-01-18@11:30:00,10.746,10.060,9.375
2017-01-18@10:30:00,10.790,10.105,9.421
2017-01-17@15:00:00,10.839,10.153,9.468
2017-01-17@14:00:00,10.895,10.197,9.499
2017-01-17@11:30:00,10.944,10.244,9.544
2017-01-17@10:30:00,10.964,10.301,9.638
2017-01-16@15:00:00,10.960,10.357,9.754
2017-01-16@14:00:00,10.963,10.412,9.861
2017-01-16@11:30:00,10.980,10.454,9.928
2017-01-16@10:30:00,10.978,10.504,10.030
2017-01-13@15:00:00,10.961,10.543,10.126
2017-01-13@14:00:00,10.980,10.578,10.176
2017-01-13@11:30:00,10.997,10.613,10.228
2017-01-13@10:30:00,11.011,10.644,10.277
2017-01-12@15:00:00,11.000,10.680,10.360
2017-01-12@14:00:00,11.033,10.712,10.391
2017-01-12@11:30:00,11.070,10.742,10.413
2017-01-12@10:30:00,11.104,10.767,10.430
2017-01-11@15:00:00,11.132,10.796,10.461
2017-01-11@14:00:00,11.145,10.823,10.502
2017-01-11@11:30:00,11.161,10.846,10.532
2017-01-11@10:30:00,11.156,10.870,10.584
2017-01-10@15:00:00,11.151,10.888,10.626
2017-01-10@14:00:00,11.154,10.907,10.660
2017-01-10@11:30:00,11.151,10.921,10.691
2017-01-10@10:30:00,11.144,10.931,10.718
2017-01-09@15:00:00,11.135,10.945,10.754
2017-01-09@14:00:00,11.133,10.945,10.758
2017-01-09@11:30:00,11.125,10.949,10.774
2017-01-09@10:30:00,11.130,10.947,10.764
2017-01-06@15:00:00,11.124,10.949,10.774
2017-01-06@14:00:00,11.130,10.946,10.761
2017-01-06@11:30:00,11.132,10.943,10.754
2017-01-06@10:30:00,11.132,10.944,10.756
2017-01-05@15:00:00,11.135,10.940,10.744
2017-01-05@14:00:00,11.134,10.926,10.718
2017-01-05@11:30:00,11.123,10.914,10.704
2017-01-05@10:30:00,11.108,10.902,10.695
2017-01-04@15:00:00,11.082,10.891,10.699
2017-01-04@14:00:00,11.061,10.881,10.700
2017-01-04@11:30:00,11.037,10.873,10.708
2017-01-04@10:30:00,11.022,10.868,10.713
2017-01-03@15:00:00,11.007,10.862,10.716
2017-01-03@14:00:00,10.990,10.858,10.726
2017-01-03@11:30:00,10.971,10.851,10.731
2017-01-03@10:30:00,10.961,10.845,10.728
2016-12-30@15:00:00,10.955,10.827,10.699
2016-12-30@14:00:00,10.963,10.831,10.699
2016-12-30@11:30:00,10.980,10.837,10.693
2016-12-30@10:30:00,11.021,10.850,10.678
2016-12-29@15:00:00,11.064,10.864,10.664
2016-12-29@14:00:00,11.138,10.886,10.634
2016-12-29@11:30:00,11.195,10.905,10.615
2016-12-29@10:30:00,11.234,10.919,10.604
2016-12-28@15:00:00,11.270,10.938,10.605
2016-12-28@14:00:00,11.342,10.969,10.596
2016-12-28@11:30:00,11.400,10.998,10.596
2016-12-28@10:30:00,11.438,11.024,10.610
2016-12-27@15:00:00,11.486,11.051,10.616
2016-12-27@14:00:00,11.505,11.072,10.639
2016-12-27@11:30:00,11.530,11.094,10.658
2016-12-27@10:30:00,11.569,11.120,10.671
2016-12-26@15:00:00,11.609,11.151,10.693
2016-12-26@14:00:00,11.686,11.186,10.686
2016-12-26@11:30:00,11.759,11.231,10.703
2016-12-26@10:30:00,11.812,11.278,10.744
2016-12-23@15:00:00,11.826,11.335,10.844
2016-12-23@14:00:00,11.887,11.384,10.881
2016-12-23@11:30:00,11.924,11.427,10.930
2016-12-23@10:30:00,11.957,11.464,10.971
2016-12-22@15:00:00,11.985,11.501,11.016
2016-12-22@14:00:00,12.017,11.530,11.043
2016-12-22@11:30:00,12.046,11.562,11.077
2016-12-22@10:30:00,12.071,11.597,11.123
2016-12-21@15:00:00,12.085,11.633,11.180
2016-12-21@14:00:00,12.105,11.657,11.209
2016-12-21@11:30:00,12.144,11.690,11.235
2016-12-21@10:30:00,12.153,11.720,11.287
2016-12-20@15:00:00,12.150,11.743,11.335
2016-12-20@14:00:00,12.118,11.773,11.428
2016-12-20@11:30:00,12.077,11.800,11.523
2016-12-20@10:30:00,12.034,11.817,11.600
2016-12-19@15:00:00,11.991,11.837,11.683
2016-12-19@14:00:00,11.978,11.848,11.717
2016-12-19@11:30:00,12.060,11.870,11.680
2016-12-19@10:30:00,12.132,11.895,11.657
2016-12-16@15:00:00,12.311,11.935,11.558
2016-12-16@14:00:00,12.490,11.978,11.465
2016-12-16@11:30:00,12.658,12.029,11.399
2016-12-16@10:30:00,12.801,12.082,11.363
2016-12-15@15:00:00,12.910,12.133,11.355
2016-12-15@14:00:00,12.979,12.177,11.375
2016-12-15@11:30:00,13.054,12.224,11.394
2016-12-15@10:30:00,13.097,12.262,11.426
2016-12-14@15:00:00,13.136,12.300,11.464
2016-12-14@14:00:00,13.157,12.336,11.515
2016-12-14@11:30:00,13.173,12.362,11.550
2016-12-14@10:30:00,13.180,12.391,11.601
2016-12-13@15:00:00,13.171,12.423,11.675
2016-12-13@14:00:00,13.161,12.456,11.751
2016-12-13@11:30:00,13.142,12.492,11.841
2016-12-13@10:30:00,13.087,12.530,11.973
2016-12-12@15:00:00,13.034,12.563,12.092
2016-12-12@14:00:00,12.945,12.592,12.239
2016-12-12@11:30:00,12.925,12.599,12.273
2016-12-12@10:30:00,12.909,12.604,12.299
2016-12-09@15:00:00,12.917,12.593,12.268
2016-12-09@14:00:00,12.902,12.577,12.251
2016-12-09@11:30:00,12.863,12.560,12.256
2016-12-09@10:30:00,12.810,12.539,12.268
2016-12-08@15:00:00,12.758,12.522,12.286
2016-12-08@14:00:00,12.748,12.520,12.291
2016-12-08@11:30:00,12.704,12.509,12.314
2016-12-08@10:30:00,12.699,12.508,12.316
2016-12-07@15:00:00,12.706,12.509,12.312
2016-12-07@14:00:00,12.706,12.509,12.312
2016-12-07@11:30:00,12.714,12.513,12.312
2016-12-07@10:30:00,12.725,12.519,12.312
2016-12-06@15:00:00,12.742,12.527,12.312
2016-12-06@14:00:00,12.781,12.540,12.298
2016-12-06@11:30:00,12.839,12.555,12.271
2016-12-06@10:30:00,12.897,12.574,12.251
2016-12-05@15:00:00,12.946,12.593,12.239
2016-12-05@14:00:00,13.053,12.628,12.203
2016-12-05@11:30:00,13.115,12.667,12.218
2016-12-05@10:30:00,13.170,12.707,12.243
2016-12-02@15:00:00,13.228,12.749,12.269
2016-12-02@14:00:00,13.341,12.800,12.258
2016-12-02@11:30:00,13.361,12.827,12.293
2016-12-02@10:30:00,13.374,12.858,12.342
2016-12-01@15:00:00,13.400,12.893,12.386
2016-12-01@14:00:00,13.406,12.910,12.413
2016-12-01@11:30:00,13.399,12.926,12.452
2016-12-01@10:30:00,13.392,12.940,12.487
2016-11-30@15:00:00,13.398,12.935,12.472
2016-11-30@14:00:00,13.393,12.938,12.483
2016-11-30@11:30:00,13.386,12.943,12.500
2016-11-30@10:30:00,13.383,12.945,12.506
2016-10-13@15:00:00,13.375,12.953,12.531
2016-10-13@14:00:00,13.392,12.971,12.549
2016-10-13@11:30:00,13.417,12.987,12.556
2016-10-13@10:30:00,13.452,13.005,12.558
2016-10-12@15:00:00,13.491,13.026,12.560
2016-10-12@14:00:00,13.484,13.022,12.560
2016-10-12@11:30:00,13.484,13.022,12.560
2016-10-12@10:30:00,13.481,13.020,12.559
2016-10-11@15:00:00,13.479,13.020,12.560
2016-10-11@14:00:00,13.504,13.025,12.545
2016-10-11@11:30:00,13.524,13.035,12.545
2016-10-11@10:30:00,13.529,13.038,12.546
2016-10-10@15:00:00,13.566,13.050,12.533
2016-10-10@14:00:00,13.724,13.094,12.464
2016-10-10@11:30:00,13.938,13.158,12.378
2016-10-10@10:30:00,14.172,13.233,12.294
2016-09-30@15:00:00,14.352,13.324,12.296
2016-09-30@14:00:00,14.494,13.412,12.330
2016-09-30@11:30:00,14.655,13.507,12.358
2016-09-30@10:30:00,14.818,13.613,12.408
2016-09-29@15:00:00,14.988,13.717,12.445
2016-09-29@14:00:00,15.207,13.819,12.430
2016-09-29@11:30:00,15.416,13.922,12.428
2016-09-29@10:30:00,15.574,14.017,12.459
2016-09-28@15:00:00,15.815,14.135,12.454
2016-09-28@14:00:00,16.008,14.266,12.523
2016-09-28@11:30:00,16.189,14.403,12.617
2016-09-28@10:30:00,16.313,14.538,12.762
2016-09-27@15:00:00,16.446,14.678,12.910
2016-09-27@14:00:00,16.661,14.822,12.982
2016-09-27@11:30:00,16.823,14.986,13.149
2016-09-27@10:30:00,16.929,15.162,13.394
2016-09-26@15:00:00,17.085,15.339,13.592
2016-09-26@14:00:00,17.054,15.433,13.812
2016-09-26@11:30:00,17.033,15.513,13.992
2016-09-26@10:30:00,17.016,15.581,14.146
2016-09-23@15:00:00,16.983,15.648,14.313
2016-09-23@14:00:00,16.993,15.645,14.296
2016-09-23@11:30:00,17.024,15.631,14.239
2016-09-23@10:30:00,17.068,15.610,14.151
2016-09-22@15:00:00,17.113,15.582,14.050
2016-09-22@14:00:00,17.361,15.475,13.589
2016-09-22@11:30:00,17.528,15.364,13.199
2016-09-22@10:30:00,nan,nan,nan
2016-09-21@15:00:00,nan,nan,nan
2016-09-21@14:00:00,nan,nan,nan
2016-09-21@11:30:00,nan,nan,nan
2016-09-21@10:30:00,nan,nan,nan
2016-09-20@15:00:00,nan,nan,nan
2016-09-20@14:00:00,nan,nan,nan
2016-09-20@11:30:00,nan,nan,nan
2016-09-20@10:30:00,nan,nan,nan
2016-09-19@15:00:00,nan,nan,nan
2016-09-19@14:00:00,nan,nan,nan
2016-09-19@11:30:00,nan,nan,nan
2016-09-19@10:30:00,nan,nan,nan
2016-09-14@15:00:00,nan,nan,nan
2016-09-14@14:00:00,nan,nan,nan
2016-09-14@11:30:00,nan,nan,nan
2016-09-14@10:30:00,nan,nan,nan
2016-09-13@15:00:00,nan,nan,nan
2016-09-13@14:00:00,nan,nan,nan
