2017-06-30,12.706,12.826,12.702,12.782,16.051
2017-06-29,12.706,12.893,12.666,12.838,16.177
2017-06-28,12.736,12.931,12.612,12.942,16.299
2017-06-27,12.762,12.916,12.595,13.043,16.420
2017-06-26,12.822,12.895,12.644,13.127,16.521
2017-06-23,12.946,12.902,12.649,13.245,16.660
2017-06-22,13.080,12.899,12.675,13.361,16.797
2017-06-21,13.126,12.874,12.676,13.492,16.929
2017-06-20,13.070,12.862,12.681,13.588,17.061
2017-06-19,12.968,12.709,12.723,13.684,17.186
2017-06-16,12.858,12.578,12.760,13.842,17.320
2017-06-15,12.718,12.438,12.811,14.065,17.447
2017-06-14,12.622,12.292,12.948,14.274,17.575
2017-06-13,12.654,12.273,13.107,14.568,17.679
2017-06-12,12.450,12.392,13.243,14.932,17.781
2017-06-09,12.298,12.396,13.417,15.297,17.905
2017-06-08,12.158,12.450,13.592,15.614,18.030
2017-06-07,11.962,12.477,13.801,15.878,18.177
2017-06-06,11.892,12.499,13.951,16.189,18.288
2017-06-05,12.334,12.737,14.172,16.566,18.389
2017-06-02,12.494,12.941,14.474,16.880,18.460
2017-06-01,12.742,13.184,14.878,17.173,18.530
2017-05-31,12.992,13.604,15.265,17.442,18.610
2017-05-30,13.106,13.940,15.715,17.653,18.675
2017-05-26,13.140,14.094,16.202,17.813,18.723
2017-05-25,13.388,14.438,16.747,18.083,18.782
2017-05-24,13.626,14.734,17.196,18.358,18.811
2017-05-23,14.216,15.125,17.578,18.654,18.820
2017-05-22,14.774,15.402,18.035,18.900,18.805
2017-05-19,15.048,15.607,18.481,19.105,18.755
2017-05-18,15.488,16.006,18.850,19.320,18.691
2017-05-17,15.842,16.572,19.168,19.516,18.623
2017-05-16,16.034,16.926,19.362,19.655,18.524
2017-05-15,16.030,17.490,19.510,19.798,18.426
2017-05-12,16.166,18.310,19.673,19.916,18.332
2017-05-11,16.524,19.056,19.906,20.076,18.227
2017-05-10,17.302,19.657,20.170,20.232,18.125
2017-05-09,17.818,20.031,20.419,20.366,18.009
2017-05-08,18.950,20.667,20.650,20.535,17.909
2017-05-05,20.454,21.354,20.854,20.688,17.803
2017-05-04,21.588,21.693,20.978,20.798,17.667
2017-05-03,22.012,21.764,20.988,20.829,17.495
2017-05-02,22.244,21.797,21.020,20.877,17.332
2017-04-28,22.384,21.530,20.952,20.790,17.137
2017-04-27,22.254,21.036,20.719,20.629,16.905
2017-04-26,21.798,20.756,20.586,20.514,16.681
2017-04-25,21.516,20.682,20.520,20.447,16.487
2017-04-24,21.350,20.807,20.534,20.477,16.321
2017-04-11,20.676,20.632,20.469,20.387,16.128
2017-04-10,19.818,20.354,20.355,20.212,15.925
2017-04-07,19.714,20.262,20.351,20.040,15.751
2017-04-06,19.848,20.211,20.361,19.887,15.592
2017-04-05,20.264,20.243,20.416,19.777,15.448
2017-03-31,20.588,20.374,20.420,19.696,15.318
2017-03-30,20.890,20.402,20.426,19.632,15.186
2017-03-29,20.810,20.415,20.392,19.481,15.020
2017-03-28,20.574,20.358,20.329,19.264,14.845
2017-03-27,20.222,20.260,20.311,18.985,14.663
2017-03-24,20.160,20.305,20.264,18.710,14.505
2017-03-23,19.914,20.355,20.140,18.406,14.350
2017-03-22,20.020,20.439,19.929,18.063,14.198
2017-03-21,20.142,20.512,19.724,17.730,14.052
2017-03-20,20.298,20.590,19.544,17.393,13.907
2017-03-17,20.450,20.466,19.357,17.054,13.765
2017-03-16,20.796,20.450,19.247,16.748,13.647
2017-03-15,20.858,20.370,19.014,16.378,13.496
2017-03-14,20.882,20.301,18.717,16.019,13.349
2017-03-13,20.882,20.363,18.348,15.652,13.200
2017-03-10,20.482,20.223,17.913,15.282,13.050
2017-03-09,20.104,19.926,17.432,14.918,12.917
2017-03-08,19.882,19.419,16.875,14.537,12.775
2017-03-07,19.720,18.937,16.339,14.161,12.638
2017-03-06,19.844,18.499,15.795,13.788,12.501
2017-03-03,19.964,18.249,15.348,13.484,12.393
2017-03-02,19.748,18.045,14.897,13.180,12.287
2017-03-01,18.956,17.658,14.383,12.849,12.163
2017-02-28,18.154,17.132,13.878,12.528,12.039
2017-02-27,17.154,16.333,13.297,12.165,11.897
2017-02-24,16.534,15.602,12.812,11.870,11.795
2017-02-23,16.342,14.937,12.415,11.639,11.722
2017-02-22,16.360,14.330,12.096,11.463,11.673
2017-02-21,16.110,13.740,11.773,11.297,11.631
2017-02-20,15.512,13.090,11.432,11.118,11.582
2017-02-17,14.670,12.446,11.101,10.939,11.532
2017-02-16,13.532,11.749,10.748,10.741,11.475
2017-02-15,12.300,11.107,10.445,10.559,11.430
2017-02-14,11.370,10.623,10.226,10.426,11.412
2017-02-13,10.668,10.261,10.081,10.341,11.418
2017-02-10,10.222,10.022,10.004,10.300,11.447
2017-02-09,9.966,9.892,9.990,10.294,11.489
2017-02-08,9.914,9.861,10.029,10.333,11.541
2017-02-07,9.876,9.806,10.075,10.375,11.585
2017-02-06,9.854,9.774,10.132,10.421,11.635
2017-02-03,9.822,9.756,10.186,10.477,11.681
2017-02-02,9.818,9.746,10.237,10.546,11.729
2017-01-26,9.808,9.783,10.286,10.613,11.781
2017-01-25,9.736,9.829,10.328,10.679,11.831
2017-01-24,9.694,9.900,10.381,10.748,11.886
2017-01-23,9.690,9.986,10.440,10.817,11.934
2017-01-20,9.674,10.088,10.495,10.916,11.985
2017-01-19,9.758,10.197,10.569,11.014,12.041
2017-01-18,9.922,10.344,10.660,11.116,12.089
2017-01-17,10.106,10.490,10.745,11.214,12.133
2017-01-16,10.282,10.615,10.838,11.303,12.175
2017-01-13,10.502,10.727,10.947,11.394,12.220
2017-01-12,10.636,10.788,11.029,11.477,12.258
2017-01-11,10.766,10.826,11.104,11.551,12.293
2017-01-10,10.874,10.861,11.172,11.629,12.334
2017-01-09,10.948,10.893,11.233,11.720,12.369
2017-01-06,10.952,10.902,11.330,11.805,12.408
2017-01-05,10.940,10.941,11.423,11.884,12.451
2017-01-04,10.886,10.976,11.502,11.965,12.484
2017-01-03,10.848,10.999,11.576,12.046,12.510
2016-12-30,10.838,11.060,11.648,12.125,12.546
2016-12-29,10.852,11.166,11.728,12.209,12.583
2016-12-28,10.942,11.269,11.821,12.300,12.628
2016-12-27,11.066,11.381,11.913,12.399,12.680
2016-12-26,11.150,11.483,12.013,12.495,12.739
2016-12-23,11.282,11.572,12.133,12.595,12.809
2016-12-22,11.480,11.757,12.256,12.683,12.889
2016-12-21,11.596,11.904,12.356,12.750,12.975
2016-12-20,11.696,12.027,12.460,12.794,13.048
2016-12-19,11.816,12.152,12.570,12.850,13.099
2016-12-16,11.862,12.235,12.657,12.885,13.123
2016-12-15,12.034,12.289,12.730,12.913,13.122
2016-12-14,12.212,12.373,12.816,12.948,13.105
2016-12-13,12.358,12.445,12.908,12.983,13.070
2016-12-12,12.488,12.543,13.001,13.025,13.021
2016-12-09,12.608,12.694,13.106,13.052,12.958
2016-12-08,12.544,12.755,13.147,13.055,12.868
2016-12-07,12.534,12.807,13.173,13.068,12.767
2016-12-06,12.532,12.892,13.178,13.063,-1
2016-12-05,12.598,12.988,13.199,13.053,-1
2016-12-02,12.780,13.079,13.210,13.047,-1
2016-12-01,12.966,13.171,13.225,13.045,-1
2016-11-30,13.080,13.259,13.236,13.040,-1
2016-11-29,13.252,13.370,13.252,13.035,-1
2016-11-28,13.378,13.459,13.266,13.038,-1
2016-11-25,13.378,13.518,13.231,13.019,-1
2016-11-24,13.376,13.538,13.205,13.010,-1
2016-11-23,13.438,13.539,13.199,13.018,-1
2016-11-22,13.488,13.463,13.149,13.003,-1
2016-11-21,13.540,13.410,13.086,12.974,-1
2016-11-18,13.658,13.341,13.031,12.966,-1
2016-11-17,13.700,13.278,12.982,12.958,-1
2016-11-16,13.640,13.213,12.930,12.956,-1
2016-11-15,13.438,13.133,12.868,12.961,-1
2016-11-14,13.280,13.073,12.828,12.984,-1
2016-11-11,13.024,12.943,12.769,13.022,-1
2016-11-10,12.856,12.872,12.747,13.094,-1
2016-11-09,12.786,12.858,12.757,13.200,-1
2016-11-08,12.828,12.835,12.772,13.302,-1
2016-11-07,12.866,12.761,12.756,13.349,-1
2016-11-04,12.862,12.721,12.779,13.360,-1
2016-11-03,12.888,12.686,12.798,13.332,-1
2016-11-02,12.930,12.647,12.828,13.261,-1
2016-10-28,12.842,12.602,12.875,13.157,-1
2016-10-27,12.656,12.582,12.939,13.016,-1
2016-10-26,12.580,12.595,13.062,12.863,-1
2016-10-25,12.484,12.621,13.205,12.680,-1
2016-10-24,12.364,12.656,13.370,12.466,-1
2016-10-21,12.362,12.710,13.536,-1,-1
2016-10-20,12.508,12.752,13.642,-1,-1
2016-10-19,12.610,12.837,13.680,-1,-1
2016-10-18,12.758,12.910,13.654,-1,-1
2016-10-17,12.948,13.009,13.568,-1,-1
2016-10-14,13.058,13.149,13.435,-1,-1
2016-10-13,12.996,13.296,13.233,-1,-1
2016-10-12,13.064,13.529,12.997,-1,-1
2016-10-11,13.062,13.789,12.710,-1,-1
2016-10-10,13.070,14.085,12.372,-1,-1
2016-09-30,13.240,14.362,-1,-1,-1
2016-09-29,13.596,14.533,-1,-1,-1
2016-09-28,13.994,14.523,-1,-1,-1
2016-09-27,14.516,14.399,-1,-1,-1
2016-09-26,15.100,14.127,-1,-1,-1
2016-09-23,15.484,13.721,-1,-1,-1
2016-09-22,15.470,13.170,-1,-1,-1
2016-09-21,15.052,12.466,-1,-1,-1
2016-09-20,14.282,11.631,-1,-1,-1
2016-09-19,13.154,10.658,-1,-1,-1
2016-09-14,11.958,-1,-1,-1,-1
2016-09-13,10.870,-1,-1,-1,-1
2016-09-12,9.880,-1,-1,-1,-1
2016-09-09,8.980,-1,-1,-1,-1
2016-09-08,8.162,-1,-1,-1,-1
2016-09-07,-1,-1,-1,-1,-1
2016-09-06,-1,-1,-1,-1,-1
2016-09-05,-1,-1,-1,-1,-1
2016-09-02,-1,-1,-1,-1,-1
