Not
2017-06-30,-0.348,-0.232,-0.116
2017-06-29,-0.401,-0.203,-0.198
2017-06-28,-0.373,-0.153,-0.220
2017-06-27,-0.322,-0.098,-0.224
2017-06-26,-0.280,-0.042,-0.238
2017-06-23,-0.228,0.017,-0.246
2017-06-22,-0.157,0.079,-0.235
2017-06-21,-0.106,0.138,-0.244
2017-06-20,-0.089,0.199,-0.287
2017-06-19,-0.064,0.271,-0.334
2017-06-16,-0.030,0.354,-0.384
2017-06-15,0.011,0.450,-0.439
2017-06-14,0.045,0.560,-0.515
2017-06-13,0.136,0.689,-0.553
2017-06-12,0.230,0.827,-0.597
2017-06-09,0.377,0.976,-0.600
2017-06-08,0.455,1.126,-0.671
2017-06-07,0.555,1.294,-0.739
2017-06-06,nan,nan,nan
2017-06-05,nan,nan,nan
2017-06-02,nan,nan,nan
2017-06-01,nan,nan,nan
2017-05-31,nan,nan,nan
2017-05-26,nan,nan,nan
2017-05-25,nan,nan,nan
2017-05-24,nan,nan,nan
2017-05-23,nan,nan,nan
2017-05-22,nan,nan,nan
2017-05-19,nan,nan,nan
2017-05-18,nan,nan,nan
2017-05-17,nan,nan,nan
2017-05-16,nan,nan,nan
2017-05-15,nan,nan,nan
2017-05-12,nan,nan,nan
2017-05-11,nan,nan,nan
2017-05-10,nan,nan,nan
2017-05-09,nan,nan,nan
2017-05-08,nan,nan,nan
2017-05-05,nan,nan,nan
2017-05-04,nan,nan,nan
2017-05-03,nan,nan,nan
2017-05-02,nan,nan,nan
2017-04-28,nan,nan,nan
2017-04-27,nan,nan,nan
2017-04-26,nan,nan,nan
2017-04-25,nan,nan,nan
2017-04-24,nan,nan,nan
2017-04-21,nan,nan,nan
2017-04-20,nan,nan,nan
2017-04-19,nan,nan,nan
2017-04-18,nan,nan,nan
