2017-06-30,36.318,37.309,-1,-1,-1
2017-06-29,36.282,37.928,-1,-1,-1
2017-06-28,36.752,38.433,-1,-1,-1
2017-06-27,37.498,38.570,-1,-1,-1
2017-06-26,37.900,38.240,-1,-1,-1
2017-06-23,38.300,37.618,-1,-1,-1
2017-06-22,39.574,36.730,-1,-1,-1
2017-06-21,40.114,35.460,-1,-1,-1
2017-06-20,39.642,33.824,-1,-1,-1
2017-06-19,38.580,32.020,-1,-1,-1
2017-06-16,36.936,-1,-1,-1,-1
2017-06-15,33.886,-1,-1,-1,-1
2017-06-14,30.806,-1,-1,-1,-1
2017-06-13,28.006,-1,-1,-1,-1
2017-06-12,25.460,-1,-1,-1,-1
2017-06-09,-1,-1,-1,-1,-1
2017-06-08,-1,-1,-1,-1,-1
2017-06-07,-1,-1,-1,-1,-1
2017-06-06,-1,-1,-1,-1,-1
