2017-06-30,11.922,11.934,11.856,11.795,15.538
2017-06-29,11.916,11.931,11.848,11.804,15.802
2017-06-28,11.914,11.937,11.830,11.811,16.063
2017-06-27,11.934,11.904,11.806,11.810,16.321
2017-06-26,11.942,11.875,11.785,11.810,16.582
2017-06-23,11.946,11.846,11.766,11.811,16.856
2017-06-22,11.946,11.841,11.749,11.825,17.132
2017-06-21,11.960,11.834,11.726,11.848,17.402
2017-06-20,11.874,11.832,11.713,11.861,17.672
2017-06-19,11.808,11.804,11.720,11.878,17.937
2017-06-16,11.746,11.779,11.725,11.906,18.197
2017-06-15,11.736,11.765,11.741,11.942,18.448
2017-06-14,11.708,11.724,11.748,11.964,18.695
2017-06-13,11.790,11.709,11.763,12.007,18.942
2017-06-12,11.800,11.696,11.777,12.018,19.191
2017-06-09,11.812,11.687,11.794,12.035,19.440
2017-06-08,11.794,11.658,11.817,12.491,19.689
2017-06-07,11.740,11.619,11.854,12.939,19.943
2017-06-06,11.628,11.595,11.875,13.412,20.184
2017-06-05,11.592,11.636,11.914,13.895,20.436
2017-06-02,11.562,11.672,11.969,14.354,20.688
2017-06-01,11.522,11.717,12.031,14.821,20.935
2017-05-31,11.498,11.772,12.083,15.297,21.185
2017-05-26,11.562,11.818,12.155,15.790,21.440
2017-05-25,11.680,11.858,12.178,16.282,21.691
2017-05-24,11.782,11.901,12.208,16.769,21.945
2017-05-23,11.912,11.976,12.907,17.260,22.204
2017-05-22,12.046,12.090,13.599,17.740,22.467
2017-05-19,12.074,12.156,14.320,18.248,22.707
2017-05-18,12.036,12.193,15.024,18.760,22.941
2017-05-17,12.020,12.267,15.695,19.282,23.173
2017-05-16,12.040,12.345,16.372,19.800,23.404
2017-05-15,12.134,12.395,17.059,20.315,23.640
2017-05-12,12.238,12.493,17.776,20.831,23.875
2017-05-11,12.350,12.499,18.494,21.354,24.108
2017-05-10,12.514,12.516,19.202,21.901,24.343
2017-05-09,12.650,13.838,19.902,22.439,24.573
2017-05-08,12.656,15.109,20.564,22.957,24.799
2017-05-05,12.748,16.484,21.294,23.483,25.026
2017-05-04,12.648,17.855,22.043,23.997,25.248
2017-05-03,12.518,19.124,22.789,24.489,25.458
2017-05-02,15.026,20.400,23.527,24.955,25.662
2017-04-28,17.562,21.723,24.274,25.427,25.869
2017-04-27,20.220,23.060,25.000,25.878,26.071
2017-04-26,23.062,24.490,25.782,26.365,26.281
2017-04-25,25.730,25.889,26.593,26.846,26.503
2017-04-24,25.774,25.966,26.739,26.888,26.494
2017-04-21,25.884,26.020,26.880,26.947,26.482
2017-04-20,25.900,26.104,26.982,26.957,26.462
2017-04-19,25.918,26.232,27.068,26.978,26.449
2017-04-18,26.048,26.455,27.171,27.021,26.424
2017-04-17,26.158,26.654,27.232,27.050,26.419
2017-04-14,26.156,26.826,27.278,27.073,26.422
2017-04-13,26.308,26.940,27.287,27.090,26.419
2017-04-12,26.546,27.074,27.302,27.100,26.419
2017-04-11,26.862,27.298,27.324,27.121,26.425
2017-04-10,27.150,27.513,27.349,27.148,26.429
2017-04-07,27.496,27.741,27.411,27.194,26.444
2017-04-06,27.572,27.860,27.383,27.165,26.442
2017-04-05,27.602,27.905,27.351,27.121,26.430
2017-03-31,27.734,27.888,27.304,27.065,26.401
2017-03-30,27.876,27.810,27.248,27.008,26.373
2017-03-29,27.986,27.731,27.196,26.966,26.344
2017-03-28,28.148,27.635,27.164,26.920,26.321
2017-03-27,28.208,27.531,27.113,26.861,26.289
2017-03-24,28.042,27.351,27.032,26.785,26.246
2017-03-23,27.744,27.185,26.965,26.708,26.216
2017-03-22,27.476,27.081,26.920,26.641,26.192
2017-03-21,27.122,26.907,26.818,26.570,26.160
2017-03-20,26.854,26.798,26.729,26.499,26.142
2017-03-17,26.660,26.720,26.653,26.428,26.112
2017-03-16,26.626,26.686,26.606,26.370,26.090
2017-03-15,26.686,26.661,26.584,26.311,26.066
2017-03-14,26.692,26.694,26.562,26.264,26.057
2017-03-13,26.742,26.696,26.526,26.197,26.045
2017-03-10,26.780,26.714,26.502,26.161,26.063
2017-03-09,26.746,26.746,26.469,26.100,26.081
2017-03-08,26.636,26.759,26.420,26.016,26.100
2017-03-07,26.696,26.729,26.401,25.967,26.120
2017-03-06,26.650,26.661,26.349,25.919,26.132
2017-03-03,26.648,26.586,26.281,25.827,26.150
2017-03-02,26.746,26.527,26.211,25.789,26.182
2017-03-01,26.882,26.507,26.136,25.772,26.218
2017-02-28,26.762,26.430,26.048,25.749,26.246
2017-02-27,26.672,26.357,25.947,25.737,26.281
2017-02-24,26.524,26.290,25.884,25.730,26.321
2017-02-23,26.308,26.192,25.777,25.710,26.356
2017-02-22,26.132,26.082,25.644,25.694,26.398
2017-02-21,26.098,26.073,25.586,25.718,26.468
2017-02-20,26.042,26.037,25.548,25.739,26.527
2017-02-17,26.056,25.977,25.448,25.737,26.592
2017-02-16,26.076,25.896,25.420,25.738,26.657
2017-02-15,26.032,25.766,25.404,25.722,26.720
2017-02-14,26.048,25.667,25.408,25.723,26.805
2017-02-13,26.032,25.537,25.427,25.717,26.893
2017-02-10,25.898,25.478,25.450,25.707,26.998
2017-02-09,25.716,25.363,25.469,25.724,27.073
2017-02-08,25.500,25.207,25.499,25.743,27.101
2017-02-07,25.286,25.100,25.541,25.751,27.120
2017-02-06,25.042,25.060,25.590,25.785,27.137
2017-02-03,25.058,24.919,25.617,25.797,27.165
2017-01-26,25.010,24.944,25.659,25.811,27.197
2017-01-25,24.914,25.043,25.700,25.820,27.236
2017-01-24,24.914,25.149,25.751,25.850,27.278
2017-01-23,25.078,25.318,25.807,25.894,27.338
2017-01-20,24.780,25.422,25.822,25.965,27.376
2017-01-19,24.878,25.575,25.904,26.063,27.427
2017-01-18,25.172,25.792,26.011,26.184,27.481
2017-01-17,25.384,25.982,26.076,26.272,27.524
2017-01-16,25.558,26.121,26.147,26.346,27.564
2017-01-13,26.064,26.316,26.236,26.473,27.632
2017-01-12,26.272,26.374,26.244,26.575,27.679
2017-01-11,26.412,26.357,26.208,26.663,27.707
2017-01-10,26.580,26.353,26.200,26.744,27.732
2017-01-09,26.684,26.296,26.182,26.824,27.748
2017-01-06,26.568,26.222,26.236,26.912,27.765
2017-01-05,26.476,26.234,26.306,27.002,27.785
2017-01-04,26.302,26.231,26.380,27.103,27.802
2017-01-03,26.126,26.171,26.417,27.219,27.810
2016-12-30,25.908,26.173,26.458,27.315,27.815
2016-12-29,25.876,26.156,26.551,27.446,27.826
2016-12-28,25.992,26.114,26.675,27.575,27.838
2016-12-27,26.160,26.060,26.816,27.718,27.844
2016-12-26,26.216,26.048,26.939,27.887,27.860
2016-12-23,26.438,26.069,27.088,28.068,27.888
2016-12-22,26.436,26.250,27.257,28.288,27.912
2016-12-21,26.236,26.379,27.386,28.422,27.924
2016-12-20,25.960,26.530,27.539,28.460,27.938
2016-12-19,25.880,26.664,27.742,28.488,27.956
2016-12-16,25.700,26.743,27.885,28.489,27.964
2016-12-15,26.064,26.947,28.091,28.534,27.991
2016-12-14,26.522,27.237,28.306,28.584,28.034
2016-12-13,27.100,27.573,28.546,28.652,28.085
2016-12-12,27.448,27.831,28.807,28.707,28.127
2016-12-09,27.786,28.107,29.068,28.782,28.172
2016-12-08,27.830,28.264,29.307,28.788,28.185
2016-12-07,27.952,28.393,29.443,28.791,28.199
2016-12-06,28.046,28.549,29.424,28.777,28.202
2016-12-05,28.214,28.821,29.400,28.776,28.219
2016-12-02,28.428,29.028,29.362,28.783,28.247
2016-12-01,28.698,29.236,29.327,28.790,28.255
2016-11-30,28.834,29.375,29.258,28.784,28.258
2016-11-29,29.052,29.520,29.191,28.752,28.263
2016-11-28,29.428,29.783,29.144,28.721,28.263
2016-11-25,29.628,30.029,29.119,28.672,28.246
2016-11-24,29.774,30.351,29.050,28.618,28.215
2016-11-23,29.916,30.493,28.990,28.569,28.193
2016-11-22,29.988,30.300,28.891,28.501,28.158
2016-11-21,30.138,29.980,28.754,28.401,28.115
2016-11-18,30.430,29.697,28.660,28.315,28.089
2016-11-17,30.928,29.418,28.567,28.205,28.056
2016-11-16,31.070,29.141,28.488,28.100,27.998
2016-11-15,30.612,28.862,28.367,27.971,27.933
2016-11-14,29.822,28.506,28.189,27.833,27.860
2016-11-11,28.964,28.209,27.993,27.707,27.790
2016-11-10,27.908,27.750,27.751,27.537,27.693
2016-11-09,27.212,27.488,27.607,27.427,27.619
2016-11-08,27.112,27.482,27.602,27.417,27.599
2016-11-07,27.190,27.528,27.611,27.424,27.589
2016-11-04,27.454,27.623,27.623,27.439,27.586
2016-11-03,27.592,27.717,27.598,27.449,27.574
2016-11-02,27.764,27.835,27.580,27.485,27.559
2016-10-28,27.852,27.873,27.525,27.519,27.545
2016-10-27,27.866,27.873,27.496,27.547,27.527
2016-10-26,27.792,27.777,27.456,27.563,27.527
2016-10-25,27.842,27.752,27.430,27.583,27.523
2016-10-24,27.906,27.726,27.397,27.606,27.528
2016-10-21,27.894,27.722,27.384,27.628,27.547
2016-10-20,27.880,27.695,27.372,27.663,27.570
2016-10-19,27.762,27.624,27.346,27.711,27.585
2016-10-18,27.662,27.480,27.314,27.720,27.591
2016-10-17,27.546,27.325,27.309,27.733,27.605
2016-10-14,27.550,27.177,27.342,27.775,27.632
2016-10-13,27.510,27.120,27.384,27.805,27.656
2016-10-12,27.486,27.136,27.456,27.820,27.685
2016-10-11,27.298,27.108,27.498,27.812,27.712
2016-10-10,27.104,27.068,27.546,27.818,27.729
2016-09-30,26.804,27.047,27.581,27.815,27.753
2016-09-29,26.730,27.049,27.646,27.830,27.803
2016-09-28,26.786,27.069,27.755,27.863,27.811
2016-09-27,26.918,27.149,27.839,27.907,27.825
2016-09-26,27.032,27.294,27.937,27.896,27.831
2016-09-23,27.290,27.507,28.073,27.895,27.848
2016-09-22,27.368,27.649,28.148,27.888,27.865
2016-09-21,27.352,27.776,28.162,27.874,27.870
2016-09-20,27.380,27.888,28.163,27.850,27.878
2016-09-19,27.556,28.024,28.193,27.811,27.858
2016-09-14,27.724,28.115,28.198,27.781,27.846
2016-09-13,27.930,28.244,28.220,27.755,27.839
2016-09-12,28.200,28.441,28.259,27.734,27.819
2016-09-09,28.396,28.530,28.286,27.699,27.803
2016-09-08,28.492,28.581,28.197,27.633,27.776
2016-09-07,28.506,28.640,28.089,27.571,27.745
2016-09-06,28.558,28.647,28.007,27.508,27.683
2016-09-05,28.682,28.549,27.922,27.491,27.599
2016-09-02,28.664,28.439,27.830,27.463,27.517
2016-09-01,28.670,28.362,27.704,27.450,27.469
2016-08-31,28.774,28.282,27.614,27.466,27.432
2016-08-30,28.736,28.196,27.510,27.478,27.385
2016-08-29,28.416,28.078,27.381,27.459,27.336
2016-08-26,28.214,28.043,27.284,27.462,27.299
2016-08-25,28.054,27.814,27.159,27.477,27.254
2016-08-24,27.790,27.538,27.036,27.489,27.187
2016-08-23,27.656,27.368,26.938,27.506,27.110
2016-08-22,27.740,27.296,26.962,27.550,27.048
2016-08-19,27.872,27.222,26.975,27.612,26.998
2016-08-18,27.574,27.046,26.994,27.640,26.940
2016-08-17,27.286,26.946,27.058,27.691,26.883
2016-08-16,27.080,26.824,27.119,27.776,26.831
2016-08-15,26.852,26.684,27.150,27.759,26.759
2016-08-12,26.572,26.525,27.171,27.742,26.695
2016-08-11,26.518,26.504,27.308,27.765,26.671
2016-08-10,26.606,26.535,27.464,27.801,26.648
2016-08-09,26.568,26.508,27.575,27.842,27.076
2016-08-08,26.516,26.628,27.677,27.867,27.502
2016-08-05,26.478,26.728,27.806,27.907,27.920
2016-08-04,26.490,26.943,27.936,27.906,28.343
2016-08-03,26.464,27.171,28.063,27.911,28.744
2016-08-02,26.448,27.415,28.251,27.924,29.138
2016-08-01,26.740,27.616,28.296,27.903,29.568
2016-07-29,26.978,27.817,28.350,27.907,30.047
2016-07-28,27.396,28.112,28.395,27.918,30.525
2016-07-27,27.878,28.394,28.434,27.919,31.005
2016-07-26,28.382,28.642,28.509,27.857,31.461
2016-07-25,28.492,28.726,28.486,27.708,31.880
2016-07-22,28.656,28.885,28.496,27.570,32.316
2016-07-21,28.828,28.930,28.387,27.488,32.703
2016-07-20,28.910,28.955,28.281,27.398,33.071
2016-07-19,28.902,29.088,28.178,27.292,33.434
2016-07-18,28.960,28.977,28.046,27.213,33.792
2016-07-15,29.114,28.883,27.952,27.137,34.162
2016-07-14,29.032,28.679,27.821,27.032,34.577
2016-07-13,29.000,28.474,27.682,26.885,34.989
2016-07-12,29.274,28.376,27.465,26.715,35.418
2016-07-11,28.994,28.246,27.199,26.547,35.879
2016-07-08,28.652,28.107,26.913,26.385,36.316
2016-07-07,28.326,27.844,26.767,26.241,36.753
2016-07-06,27.948,27.608,26.619,26.076,37.206
2016-07-05,27.478,27.268,26.394,25.886,37.579
2016-07-04,27.498,27.115,26.331,25.760,37.981
2016-07-01,27.562,27.021,26.264,25.649,38.394
2016-06-30,27.362,26.963,26.208,25.576,38.780
2016-06-29,27.268,26.890,26.090,25.495,39.130
2016-06-28,27.058,26.554,25.884,26.311,39.476
2016-06-27,26.732,26.152,25.697,27.137,39.814
2016-06-24,26.480,25.719,25.523,27.934,40.122
2016-06-23,26.564,25.690,25.439,28.780,40.470
2016-06-22,26.512,25.630,25.310,29.576,40.840
2016-06-21,26.050,25.520,25.195,30.352,41.188
2016-06-20,25.572,25.547,25.082,31.233,41.550
2016-06-17,24.958,25.508,24.963,32.187,41.902
2016-06-16,24.816,25.454,24.883,33.133,42.268
2016-06-15,24.748,25.290,24.797,34.090,42.575
2016-06-14,24.990,25.215,26.189,35.064,42.882
2016-06-13,25.522,25.243,27.629,36.052,43.184
2016-06-08,26.058,25.328,29.041,37.062,43.497
2016-06-07,26.092,25.189,30.325,37.919,43.768
2016-06-06,25.832,24.991,31.549,38.743,44.008
2016-06-03,25.440,24.871,32.767,39.576,44.242
2016-06-02,24.964,24.617,34.076,40.371,44.472
2016-06-01,24.598,24.419,35.527,41.186,44.716
2016-05-31,24.286,24.312,36.972,42.121,44.962
2016-05-30,24.150,24.305,38.490,43.094,45.216
2016-05-27,24.302,27.163,39.988,44.121,45.524
2016-05-26,24.270,30.015,41.456,45.212,45.833
2016-05-25,24.240,32.754,42.928,46.248,46.110
2016-05-24,24.338,35.461,44.284,47.266,46.378
2016-05-23,24.460,38.107,45.619,48.336,46.726
2016-05-20,30.024,40.664,46.928,49.271,47.107
2016-05-19,35.760,43.535,48.248,50.203,47.476
2016-05-18,41.268,46.635,49.569,51.139,47.847
2016-05-17,46.584,49.632,51.026,51.983,48.225
2016-05-16,51.754,52.675,52.489,52.766,48.591
2016-05-13,51.304,52.814,52.599,52.640,48.490
2016-05-12,51.310,52.898,52.810,52.491,48.394
2016-05-11,52.002,53.103,52.995,52.311,48.310
2016-05-10,52.680,53.107,53.168,52.160,48.197
2016-05-09,53.596,53.132,53.450,52.104,48.107
2016-05-06,54.324,53.192,53.575,52.023,48.036
2016-05-05,54.486,52.962,53.537,51.867,47.911
2016-05-04,54.204,52.504,53.390,51.616,47.737
2016-05-03,53.534,52.420,53.159,51.403,47.542
2016-04-29,52.668,52.303,52.811,51.059,47.337
2016-04-28,52.060,52.385,52.553,50.700,47.115
2016-04-27,51.438,52.722,52.288,50.316,46.933
2016-04-26,50.804,52.888,51.915,49.931,46.732
2016-04-25,51.306,53.229,51.687,49.617,46.642
2016-04-22,51.938,53.769,51.590,49.272,46.555
2016-04-21,52.710,53.958,51.439,48.908,46.451
2016-04-20,54.006,54.113,51.319,48.572,46.390
2016-04-19,54.972,54.277,51.172,48.246,46.334
2016-04-18,55.152,53.898,50.895,47.802,46.192
2016-04-15,55.600,53.319,50.437,47.338,46.031
2016-04-14,55.206,52.722,49.857,46.927,45.863
2016-04-13,54.220,51.854,49.113,46.454,45.623
2016-04-12,53.582,50.943,48.453,45.971,45.435
2016-04-11,52.644,50.145,47.810,45.491,45.249
2016-04-08,51.038,49.411,47.023,45.116,45.123
2016-04-07,50.238,48.920,46.383,44.943,45.043
2016-04-06,49.488,48.525,45.801,44.749,45.069
2016-04-05,48.304,48.067,45.231,44.555,45.058
2016-04-01,47.646,47.892,44.754,44.466,45.105
2016-03-31,47.784,47.555,44.348,44.415,45.284
2016-03-30,47.602,46.993,44.029,44.339,45.510
2016-03-29,47.562,46.372,43.754,44.297,45.745
2016-03-28,47.830,45.963,43.484,44.309,45.973
2016-03-25,48.138,45.476,43.164,44.234,46.205
2016-03-24,47.326,44.635,42.968,44.110,46.389
2016-03-23,46.384,43.847,42.954,44.048,46.591
2016-03-22,45.182,43.078,42.861,43.954,46.788
2016-03-21,44.096,42.395,42.798,43.858,46.995
2016-03-18,42.814,41.617,42.753,43.681,47.183
2016-03-17,41.944,41.141,42.845,43.614,47.454
2016-03-16,41.310,41.065,43.011,43.529,47.720
2016-03-15,40.974,41.136,43.259,43.549,47.984
2016-03-14,40.694,41.006,43.482,43.532,48.233
2016-03-11,40.420,40.852,43.612,43.667,48.465
2016-03-10,40.338,41.302,43.847,43.839,48.762
2016-03-09,40.820,42.062,44.149,43.993,49.080
2016-03-08,41.298,42.645,44.392,44.208,49.413
2016-03-07,41.318,43.202,44.589,44.421,49.738
2016-03-04,41.284,43.890,44.713,44.582,50.059
2016-03-03,42.266,44.550,44.851,44.723,50.398
2016-03-02,43.304,44.958,44.761,44.799,50.689
2016-03-01,43.992,45.382,44.755,44.791,50.979
2016-02-29,45.086,45.958,44.795,44.898,51.350
2016-02-26,46.496,46.373,45.074,45.008,51.641
2016-02-25,46.834,46.393,45.107,45.129,51.943
2016-02-24,46.612,46.236,44.958,45.144,52.249
2016-02-23,46.772,46.140,44.989,45.388,52.600
2016-02-22,46.830,45.977,45.031,45.561,52.852
2016-02-19,46.250,45.536,44.927,45.744,53.095
2016-02-18,45.952,45.152,44.809,46.153,53.370
2016-02-17,45.860,44.564,44.719,46.681,53.607
2016-02-16,45.508,44.129,44.496,47.193,53.903
2016-02-15,45.124,43.632,44.368,47.638,54.270
2016-02-05,44.822,43.776,44.325,48.176,54.692
2016-02-04,44.352,43.821,44.497,48.668,54.999
2016-02-03,43.268,43.680,44.597,49.133,55.246
2016-02-02,42.750,43.838,45.012,49.621,55.476
2016-02-01,42.140,44.085,45.353,50.131,55.735
2016-01-29,42.730,44.319,45.848,50.684,55.975
2016-01-28,43.290,44.467,46.653,51.294,56.192
2016-01-27,44.092,44.874,47.739,51.910,56.474
2016-01-26,44.926,44.863,48.725,52.419,56.685
2016-01-25,46.030,45.105,49.640,52.934,56.889
2016-01-22,45.908,44.874,50.376,53.262,56.994
2016-01-21,45.644,45.174,51.091,53.685,57.101
2016-01-20,45.656,45.515,51.859,54.167,57.206
2016-01-19,44.800,46.187,52.513,54.619,57.335
2016-01-18,44.180,46.621,53.154,55.055,57.434
2016-01-15,43.840,47.378,53.866,55.537,57.647
2016-01-14,44.704,48.840,54.708,56.073,57.923
2016-01-13,45.374,50.604,55.428,56.580,58.103
2016-01-12,47.574,52.587,56.196,57.166,58.308
2016-01-11,49.062,54.176,56.848,57.801,58.440
2016-01-08,50.916,55.878,57.456,58.274,58.548
2016-01-07,52.976,57.008,57.941,58.757,58.558
2016-01-06,55.834,58.204,58.493,59.354,58.567
2016-01-05,57.600,58.839,58.835,59.812,58.423
2016-01-04,59.290,59.687,59.272,60.143,58.253
2015-12-31,60.840,60.355,59.617,60.446,58.032
2015-12-30,61.040,60.576,59.690,60.588,57.705
2015-12-29,60.574,60.252,59.568,60.533,57.295
2015-12-28,60.078,59.806,59.456,60.613,56.881
2015-12-25,60.084,59.521,59.614,60.901,56.504
2015-12-24,59.870,59.034,59.471,61.208,56.136
2015-12-23,60.112,58.874,59.632,61.330,55.737
2015-12-22,59.930,58.783,59.929,61.360,55.394
2015-12-21,59.534,58.831,60.298,61.331,55.018
2015-12-18,58.958,58.857,60.371,61.338,54.617
2015-12-17,58.198,58.879,60.491,61.265,54.202
2015-12-16,57.636,58.804,60.593,61.090,53.735
2015-12-15,57.636,58.884,60.674,61.038,53.302
2015-12-14,58.128,59.106,61.016,60.952,52.911
2015-12-11,58.756,59.707,61.591,60.844,52.483
2015-12-10,59.560,59.909,62.294,60.727,52.127
2015-12-09,59.972,60.390,62.558,60.517,51.795
2015-12-08,60.132,61.076,62.648,60.244,51.430
2015-12-07,60.084,61.765,62.581,60.050,51.071
2015-12-04,60.658,61.886,62.579,59.813,50.683
2015-12-03,60.258,62.104,62.458,59.757,50.254
2015-12-02,60.808,62.383,62.232,59.773,49.808
2015-12-01,62.020,62.464,62.115,59.626,49.434
2015-11-30,63.446,62.927,61.874,59.449,49.129
2015-11-27,63.114,63.476,61.413,59.079,48.839
2015-11-26,63.950,64.680,61.135,58.822,48.574
2015-11-25,63.958,64.726,60.581,58.359,48.214
2015-11-24,62.908,64.220,59.827,57.780,47.886
2015-11-23,62.408,63.398,59.192,57.033,47.625
2015-11-20,63.838,63.272,58.777,56.363,47.551
2015-11-19,65.410,62.812,58.583,55.617,47.513
2015-11-18,65.494,62.082,58.467,54.821,47.517
2015-11-17,65.532,61.767,58.207,54.056,47.507
2015-11-16,64.388,60.822,57.709,53.148,47.524
2015-11-13,62.706,59.350,56.880,52.107,47.512
2015-11-12,60.214,57.591,55.893,51.064,47.501
2015-11-11,58.670,56.436,55.175,50.143,47.490
2015-11-10,58.002,55.435,54.559,49.428,47.518
2015-11-09,57.256,54.987,53.851,48.705,47.528
2015-11-06,55.994,54.282,52.909,47.895,47.468
2015-11-05,54.968,54.354,52.020,47.138,47.413
2015-11-04,54.202,54.853,51.191,46.380,47.417
2015-11-03,52.868,54.647,50.200,45.565,47.415
2015-11-02,52.718,54.597,49.311,44.870,47.370
2015-10-30,52.570,54.411,48.486,44.122,47.441
2015-10-29,53.740,54.196,47.801,43.528,47.592
2015-10-28,55.504,53.914,46.996,43.072,47.816
2015-10-27,56.426,53.684,46.425,42.616,47.962
2015-10-26,56.476,52.715,45.564,42.092,48.050
2015-10-23,56.252,51.536,44.702,41.552,48.258
2015-10-22,54.652,49.686,43.530,40.752,48.471
2015-10-21,52.324,47.529,42.143,39.842,48.531
2015-10-20,50.942,45.753,41.024,39.242,48.586
2015-10-19,48.954,44.026,40.006,38.809,48.660
2015-10-16,46.820,42.561,38.978,38.599,48.802
2015-10-15,44.720,41.406,38.193,38.325,48.933
2015-10-14,42.734,40.079,37.651,38.068,49.155
2015-10-13,40.564,39.166,37.082,37.993,49.506
2015-10-12,39.098,38.413,36.780,38.217,49.934
2015-10-09,38.302,37.868,36.560,38.739,50.309
2015-10-08,38.092,37.375,36.284,39.409,50.614
2015-10-07,37.424,36.758,35.999,40.213,50.838
2015-09-30,37.768,36.295,35.987,40.958,51.189
2015-09-29,37.728,35.987,36.201,41.899,51.654
2015-09-28,37.434,35.395,36.618,42.917,52.147
2015-09-25,36.658,34.981,36.784,43.937,52.535
2015-09-24,36.092,35.223,37.063,44.837,52.967
2015-09-23,34.822,34.998,37.406,45.608,53.376
2015-09-22,34.246,35.148,38.119,46.350,53.782
2015-09-21,33.356,35.253,39.175,47.041,54.206
2015-09-18,33.304,35.194,40.426,47.687,54.644
2015-09-17,34.354,35.240,41.940,48.454,55.085
2015-09-16,35.174,35.679,43.289,49.264,55.577
2015-09-15,36.050,36.415,44.854,49.870,56.048
2015-09-14,37.150,37.841,46.678,50.759,56.588
2015-09-11,37.084,38.588,48.415,51.657,57.016
2015-09-10,36.126,38.903,49.644,52.559,57.288
2015-09-09,36.184,39.814,50.913,53.308,57.536
2015-09-08,36.780,41.091,51.951,54.008,57.787
2015-09-07,38.532,43.097,52.934,54.964,58.127
2015-09-02,40.092,45.658,53.933,56.189,58.437
2015-09-01,41.680,48.640,55.060,57.220,58.712
2015-08-31,43.444,50.900,56.057,57.930,58.897
2015-08-28,45.402,53.294,56.597,58.511,59.021
2015-08-27,47.662,55.516,57.218,59.006,59.054
2015-08-26,51.224,58.242,58.191,59.541,59.143
2015-08-25,55.600,60.386,59.387,60.241,59.251
2015-08-24,58.356,62.012,60.054,61.020,59.261
2015-08-21,61.186,62.811,60.466,61.651,59.114
2015-08-20,63.370,62.772,60.898,61.879,58.859
2015-08-19,65.260,62.209,61.455,61.819,58.549
2015-08-18,65.172,61.481,61.509,61.464,58.173
2015-08-17,65.668,61.214,61.444,61.420,57.834
2015-08-14,64.436,59.900,61.119,61.410,57.380
2015-08-13,62.174,58.920,60.750,61.377,56.906
2015-08-12,59.158,58.141,60.190,61.132,56.432
2015-08-11,57.790,58.389,60.169,61.097,56.063
2015-08-10,56.760,58.097,60.524,61.145,55.719
2015-08-07,55.364,58.122,61.071,61.214,55.669
2015-08-06,55.666,59.024,61.433,61.371,55.634
2015-08-05,57.124,60.701,61.624,61.600,55.674
2015-08-04,58.988,61.538,61.455,61.716,55.673
2015-08-03,59.434,61.675,61.522,61.889,55.660
2015-07-31,60.880,62.339,62.164,62.227,55.720
2015-07-30,62.382,62.581,62.605,62.417,55.659
2015-07-29,64.278,62.239,62.627,62.374,55.512
2015-07-28,64.088,61.949,62.451,62.017,55.335
2015-07-27,63.916,62.951,62.668,61.765,55.237
2015-07-24,63.798,64.021,62.759,61.567,55.146
2015-07-23,62.780,63.842,62.545,61.290,55.009
2015-07-22,60.200,62.548,62.049,60.685,54.782
2015-07-21,59.810,61.372,61.805,60.205,54.633
2015-07-20,61.986,61.370,61.995,59.863,54.568
2015-07-17,64.244,61.990,62.170,59.531,54.527
2015-07-16,64.904,62.630,62.335,59.102,54.500
2015-07-15,64.896,63.016,62.442,58.746,54.483
2015-07-14,62.934,62.954,62.050,58.261,54.391
2015-07-13,60.754,62.386,61.171,57.501,54.170
2015-07-10,59.736,61.498,60.339,56.576,53.914
2015-07-09,60.356,61.248,60.014,55.839,53.764
2015-07-08,61.136,61.551,59.753,55.279,53.710
2015-07-07,62.974,62.239,59.621,54.883,53.749
2015-06-18,64.018,62.621,59.110,54.248,53.741
2015-06-17,63.260,62.351,58.301,53.351,53.555
2015-06-16,62.140,62.040,57.338,52.434,53.354
2015-06-15,61.966,61.868,56.611,51.733,53.204
2015-06-12,61.504,61.147,55.914,51.029,53.043
2015-06-11,61.224,59.957,55.058,50.294,52.861
2015-06-10,61.442,59.181,54.115,50.124,52.693
2015-06-09,61.940,58.781,53.134,49.897,52.526
2015-06-08,61.770,57.955,52.142,49.747,52.346
2015-06-05,60.790,57.003,51.205,49.630,52.163
2015-06-04,58.690,55.599,50.061,49.432,51.927
2015-06-03,56.920,54.252,48.850,49.213,51.697
2015-06-02,55.622,52.636,47.631,48.902,51.450
2015-06-01,54.140,51.354,46.665,48.650,51.250
2015-05-29,53.216,50.681,45.969,48.653,51.174
2015-05-28,52.508,50.160,45.462,48.708,51.130
2015-05-27,51.584,49.049,45.596,48.725,51.065
2015-05-26,49.650,47.487,45.455,48.728,50.965
2015-05-25,48.568,46.330,45.643,48.879,50.917
2015-05-22,48.146,45.407,45.943,49.060,50.917
2015-05-21,47.812,44.523,46.348,49.273,50.946
2015-05-20,46.514,43.449,46.693,49.522,50.986
2015-05-19,45.324,42.626,47.034,49.899,51.048
2015-05-18,44.092,41.976,47.297,50.221,51.090
2015-05-15,42.668,41.258,47.639,50.522,51.115
2015-05-14,41.234,40.764,47.982,50.838,51.144
2015-05-13,40.384,42.143,48.563,51.251,51.241
2015-05-12,39.928,43.423,49.349,51.689,51.367
2015-05-11,39.860,44.957,50.153,52.141,51.486
2015-05-08,39.848,46.479,50.887,52.615,51.633
2015-05-07,40.294,48.174,51.648,53.233,51.854
2015-05-06,43.902,49.938,52.558,53.760,52.062
2015-05-05,46.918,51.443,53.535,54.273,52.220
2015-05-04,50.054,52.619,54.343,54.675,52.349
2015-04-30,53.110,54.021,55.154,55.057,52.503
2015-04-29,56.054,55.201,55.875,55.429,52.578
2015-04-28,55.974,54.983,55.805,55.261,52.420
2015-04-27,55.968,55.275,55.822,55.154,52.298
2015-04-24,55.184,55.350,55.733,54.944,52.147
2015-04-23,54.932,55.295,55.682,54.697,51.988
2015-04-22,54.348,55.122,55.763,54.422,51.849
2015-04-21,53.992,55.179,55.671,54.181,51.716
2015-04-20,54.582,55.627,55.688,53.997,51.609
2015-04-17,55.516,56.067,55.703,53.850,51.505
2015-04-16,55.658,56.287,55.575,53.695,51.354
2015-04-15,55.896,56.549,55.542,53.551,51.197
2015-04-14,56.366,56.627,55.400,53.405,51.028
2015-04-13,56.672,56.369,55.094,53.202,50.821
2015-04-10,56.618,56.116,54.741,52.955,50.584
2015-04-09,56.916,56.070,54.397,52.774,50.389
2015-04-08,57.202,56.404,54.071,52.618,50.219
2015-04-07,56.888,56.163,53.681,52.449,50.021
2015-04-03,56.066,55.750,53.182,52.197,49.796
2015-04-02,55.614,55.339,52.742,51.959,49.569
2015-04-01,55.224,54.863,52.398,51.708,49.350
2015-03-31,55.606,54.536,52.052,51.449,49.151
2015-03-30,55.438,54.173,51.794,51.231,48.970
2015-03-27,55.434,53.819,51.618,51.045,48.846
2015-03-26,55.064,53.366,51.374,50.830,48.739
2015-03-25,54.502,52.725,51.125,50.652,48.603
2015-03-24,53.466,51.739,50.725,50.474,48.344
2015-03-23,52.908,51.200,50.592,50.364,48.146
2015-03-20,52.204,50.615,50.420,50.167,47.979
2015-03-19,51.668,50.145,50.269,50.023,47.864
2015-03-18,50.948,49.934,50.130,49.948,47.764
2015-03-17,50.012,49.569,49.905,49.727,47.676
2015-03-16,49.492,49.416,49.760,49.578,47.634
2015-03-13,49.026,49.418,49.658,49.442,47.564
2015-03-12,48.622,49.382,49.562,49.349,47.505
2015-03-11,48.920,49.526,49.615,49.280,47.459
2015-03-10,49.126,49.711,49.842,49.275,47.405
2015-03-09,49.340,49.984,49.946,49.250,47.406
2015-03-06,49.810,50.225,49.943,49.221,47.400
2015-03-05,50.142,50.394,49.962,49.159,47.440
2015-03-04,50.132,50.327,49.955,49.014,47.448
2015-03-03,50.296,50.242,49.806,48.843,47.465
2015-03-02,50.628,50.105,49.659,48.651,47.464
2015-02-27,50.640,49.898,49.454,48.441,47.490
2015-02-26,50.646,49.742,49.332,48.214,47.528
2015-02-25,50.522,49.704,49.157,48.005,47.554
2015-02-24,50.188,49.973,49.057,47.820,47.601
2015-02-17,49.582,49.908,48.883,47.592,47.608
2015-02-16,49.156,49.661,48.718,47.395,47.614
2015-02-13,48.838,49.530,48.541,47.178,47.646
2015-02-12,48.886,49.583,48.357,46.992,47.707
2015-02-11,49.758,49.371,48.143,46.853,47.779
2015-02-10,50.234,49.214,47.924,46.709,47.867
2015-02-09,50.166,49.011,47.712,46.647,47.959
2015-02-06,50.222,48.923,47.450,46.649,48.169
2015-02-05,50.280,48.610,47.155,46.554,48.468
2015-02-04,48.984,48.142,46.744,46.214,48.671
2015-02-03,48.194,47.859,46.434,45.928,48.810
2015-02-02,47.856,47.776,46.262,45.790,48.920
2015-01-30,47.624,47.553,46.002,45.706,49.057
2015-01-29,46.940,47.131,45.696,45.580,49.133
2015-01-28,47.300,46.916,45.593,45.625,49.294
2015-01-27,47.524,46.635,45.456,45.689,49.461
2015-01-26,47.696,46.413,45.464,45.685,49.621
2015-01-23,47.482,45.977,45.511,45.661,49.783
2015-01-22,47.322,45.700,45.525,45.638,50.025
2015-01-21,46.532,45.346,45.250,45.535,50.149
2015-01-20,45.746,45.010,44.962,45.561,50.262
2015-01-19,45.130,44.749,44.797,45.579,50.373
2015-01-16,44.472,44.451,44.782,45.722,50.615
2015-01-15,44.078,44.261,44.805,45.882,50.842
2015-01-14,44.160,44.271,44.979,46.087,51.058
2015-01-13,44.274,44.277,45.216,46.277,51.191
2015-01-12,44.368,44.516,45.321,46.540,51.300
2015-01-09,44.430,45.046,45.503,46.842,51.362
2015-01-08,44.444,45.351,45.607,47.103,51.404
2015-01-07,44.382,45.155,45.630,47.382,51.435
2015-01-06,44.280,44.915,45.836,47.623,51.422
2015-01-05,44.664,44.846,45.995,47.832,51.326
2014-12-31,45.662,45.114,46.357,48.114,51.274
2014-12-30,46.258,45.349,46.692,48.422,51.217
2014-12-29,45.928,45.687,46.995,48.705,51.155
2014-12-26,45.550,46.155,47.276,49.026,51.096
2014-12-25,45.028,46.127,47.552,49.272,50.984
2014-12-24,44.566,45.961,47.739,49.689,50.824
2014-12-23,44.440,45.863,47.978,50.382,50.704
2014-12-22,45.446,46.105,48.495,51.128,50.638
2014-12-19,46.760,46.758,48.977,51.692,50.541
2014-12-18,47.226,47.143,49.325,52.051,50.409
2014-12-17,47.356,47.600,49.614,52.407,50.262
2014-12-16,47.286,48.036,49.958,52.686,50.079
2014-12-15,46.764,48.304,50.214,52.963,49.863
2014-12-12,46.756,48.398,50.461,53.233,49.652
2014-12-11,47.060,48.977,50.845,53.556,49.457
2014-12-10,47.844,49.518,51.553,53.905,49.264
2014-12-09,48.786,50.094,52.642,54.412,49.091
2014-12-08,49.844,50.886,53.639,54.762,48.930
2014-12-05,50.040,51.197,54.160,54.963,48.704
2014-12-04,50.894,51.507,54.504,55.168,48.475
2014-12-03,51.192,51.628,54.811,55.508,48.207
2014-12-02,51.402,51.880,55.011,55.802,47.932
2014-12-01,51.928,52.125,55.292,56.029,47.653
2014-11-28,52.354,52.524,55.650,56.106,47.394
2014-11-27,52.120,52.713,55.846,56.060,47.080
2014-11-26,52.064,53.589,56.099,55.883,46.793
2014-11-25,52.358,55.190,56.571,55.705,46.522
2014-11-24,52.322,56.392,56.700,55.488,46.227
2014-11-21,52.694,57.122,56.846,55.220,45.960
2014-11-20,53.306,57.502,56.998,54.819,45.675
2014-11-19,55.114,57.994,57.448,54.433,45.378
2014-11-18,58.022,58.143,57.763,54.012,45.060
2014-11-17,60.462,58.459,57.981,53.604,44.741
2014-11-14,61.550,58.776,57.897,53.166,44.410
2014-11-13,61.698,58.979,57.733,52.695,44.069
2014-11-12,60.874,58.609,57.030,51.958,43.632
2014-11-11,58.264,57.952,55.962,51.026,43.072
2014-11-10,56.456,57.009,55.036,50.148,42.544
2014-11-07,56.002,56.571,54.268,49.389,42.120
2014-11-06,56.260,56.494,53.478,48.768,41.755
2014-11-05,56.344,56.902,52.653,48.116,41.363
2014-11-04,57.640,57.383,51.946,47.471,41.008
2014-11-03,57.562,57.504,51.176,46.762,40.643
2014-10-31,57.140,57.019,50.360,46.072,40.265
2014-10-30,56.728,56.488,49.553,45.357,39.873
2014-10-29,57.460,55.451,48.633,44.623,39.471
2014-10-28,57.126,53.973,47.563,43.770,38.996
2014-10-27,57.446,53.063,46.717,43.098,38.636
2014-10-24,56.898,51.966,45.798,42.444,38.281
2014-10-23,56.248,50.462,44.905,41.782,37.943
2014-10-22,53.442,48.404,43.723,40.906,37.501
2014-10-21,50.820,46.509,42.514,40.062,37.093
2014-10-20,48.680,44.849,41.391,39.277,36.733
2014-10-17,47.034,43.702,40.598,38.682,36.447
2014-10-16,44.676,42.618,39.792,38.099,36.171
2014-10-15,43.366,41.815,39.209,37.703,35.967
2014-10-14,42.198,41.154,38.668,37.339,35.760
2014-10-13,41.018,40.372,38.116,36.967,35.543
2014-10-10,40.370,39.630,37.682,36.701,35.365
2014-10-09,40.560,39.348,37.442,36.531,35.277
2014-10-08,40.264,39.042,37.157,36.322,35.178
2014-09-30,40.110,38.520,36.838,36.109,35.085
2014-09-29,39.726,37.934,36.490,35.878,34.968
2014-09-26,38.890,37.495,36.172,35.654,34.851
2014-09-25,38.136,36.966,35.839,35.443,-1
2014-09-24,37.820,36.603,35.647,35.305,-1
2014-09-23,36.930,36.182,35.431,35.117,-1
2014-09-22,36.142,35.860,35.264,34.941,-1
2014-09-19,36.100,35.735,35.236,34.851,-1
2014-09-18,35.796,35.536,35.122,34.741,-1
2014-09-17,35.386,35.273,34.962,34.611,-1
2014-09-16,35.434,35.156,34.903,34.546,-1
2014-09-15,35.578,35.047,34.850,34.523,-1
2014-09-10,35.370,34.849,34.734,34.458,-1
2014-09-09,35.276,34.713,34.681,34.388,-1
2014-09-05,35.160,34.692,34.656,34.318,-1
2014-09-04,34.878,34.680,34.584,34.223,-1
2014-09-03,34.516,34.668,34.481,34.174,-1
2014-09-02,34.328,34.737,34.409,34.118,-1
2014-09-01,34.150,34.708,34.343,34.103,-1
2014-08-29,34.224,34.651,34.279,34.096,-1
2014-08-28,34.482,34.650,34.240,34.124,-1
2014-08-27,34.820,34.654,34.260,34.190,-1
2014-08-26,35.146,34.619,34.263,34.212,-1
2014-08-25,35.266,34.650,34.225,34.242,-1
2014-08-22,35.078,34.620,34.132,34.231,-1
2014-08-21,34.818,34.488,33.995,34.182,-1
2014-08-20,34.488,34.294,33.927,34.119,-1
2014-08-19,34.092,34.082,33.809,34.030,-1
2014-08-18,34.034,33.979,33.800,34.023,-1
2014-08-15,34.162,33.908,33.819,34.035,-1
2014-08-14,34.158,33.831,33.861,34.062,-1
2014-08-13,34.100,33.867,33.957,34.058,-1
2014-08-12,34.072,33.906,34.009,34.048,-1
2014-08-11,33.924,33.801,34.038,-1,-1
2014-08-08,33.654,33.643,34.036,-1,-1
2014-08-07,33.504,33.501,34.029,-1,-1
2014-08-06,33.634,33.560,34.032,-1,-1
2014-08-05,33.740,33.536,34.004,-1,-1
2014-08-04,33.678,33.622,34.045,-1,-1
2014-08-01,33.632,33.729,34.099,-1,-1
2014-07-31,33.498,33.891,34.178,-1,-1
2014-07-30,33.486,34.048,34.153,-1,-1
2014-07-29,33.332,34.112,34.120,-1,-1
2014-07-28,33.566,34.276,-1,-1,-1
2014-07-25,33.826,34.429,-1,-1,-1
2014-07-24,34.284,34.557,-1,-1,-1
2014-07-23,34.610,34.503,-1,-1,-1
2014-07-22,34.892,34.471,-1,-1,-1
2014-07-21,34.986,34.467,-1,-1,-1
2014-07-18,35.032,34.468,-1,-1,-1
2014-07-17,34.830,34.464,-1,-1,-1
2014-07-16,34.396,34.258,-1,-1,-1
2014-07-15,34.050,34.127,-1,-1,-1
2014-07-14,33.948,-1,-1,-1,-1
2014-07-11,33.904,-1,-1,-1,-1
2014-07-10,34.098,-1,-1,-1,-1
2014-07-09,34.120,-1,-1,-1,-1
2014-07-08,34.204,-1,-1,-1,-1
2014-07-07,-1,-1,-1,-1,-1
2014-07-04,-1,-1,-1,-1,-1
2014-07-03,-1,-1,-1,-1,-1
2014-07-02,-1,-1,-1,-1,-1
