2017-03-17@15:00:00,36.458,35.674,34.890
2017-03-17@14:00:00,36.465,35.636,34.807
2017-03-17@11:30:00,36.412,35.570,34.728
2017-03-17@10:30:00,36.339,35.508,34.676
2017-03-16@15:00:00,36.079,35.422,34.764
2017-03-16@14:00:00,36.034,35.374,34.713
2017-03-16@11:30:00,35.959,35.328,34.697
2017-03-16@10:30:00,35.901,35.290,34.678
2017-03-15@15:00:00,35.798,35.250,34.701
2017-03-15@14:00:00,35.759,35.239,34.718
2017-03-15@11:30:00,35.703,35.225,34.747
2017-03-15@10:30:00,35.724,35.230,34.736
2017-03-14@15:00:00,35.800,35.249,34.697
2017-03-14@14:00:00,35.964,35.283,34.602
2017-03-14@11:30:00,36.093,35.311,34.528
2017-03-14@10:30:00,36.175,35.348,34.521
2017-03-13@15:00:00,36.267,35.381,34.494
2017-03-13@14:00:00,36.331,35.416,34.500
2017-03-13@11:30:00,36.360,35.439,34.517
2017-03-13@10:30:00,36.407,35.476,34.544
2017-03-10@15:00:00,36.457,35.514,34.571
2017-03-10@14:00:00,36.469,35.548,34.627
2017-03-10@11:30:00,36.470,35.593,34.716
2017-03-10@10:30:00,36.477,35.642,34.806
2017-03-09@15:00:00,36.465,35.684,34.903
2017-03-09@14:00:00,36.417,35.719,35.021
2017-03-09@11:30:00,36.372,35.757,35.142
2017-03-09@10:30:00,36.307,35.800,35.292
2017-03-08@15:00:00,36.227,35.831,35.435
2017-03-08@14:00:00,36.285,35.873,35.461
2017-03-08@11:30:00,36.336,35.916,35.495
2017-03-08@10:30:00,36.372,35.945,35.518
2017-03-07@15:00:00,36.434,35.972,35.510
2017-03-07@14:00:00,36.610,36.007,35.403
2017-03-07@11:30:00,36.685,36.027,35.368
2017-03-07@10:30:00,36.788,36.066,35.343
2017-03-06@15:00:00,36.788,36.066,35.343
2017-03-06@14:00:00,36.805,36.044,35.282
2017-03-06@11:30:00,36.814,36.036,35.257
2017-03-06@10:30:00,36.814,36.031,35.248
2017-03-03@15:00:00,36.859,35.993,35.126
2017-03-03@14:00:00,36.859,35.997,35.134
2017-03-03@11:30:00,36.859,35.999,35.139
2017-03-03@10:30:00,36.857,35.993,35.129
2017-03-02@15:00:00,36.858,35.996,35.134
2017-03-02@14:00:00,36.880,36.029,35.178
2017-03-02@11:30:00,36.902,36.055,35.207
2017-03-02@10:30:00,37.511,35.909,34.307
2017-03-01@15:00:00,37.830,35.770,33.709
2017-03-01@14:00:00,37.978,35.603,33.227
2017-03-01@11:30:00,38.060,35.428,32.796
2017-03-01@10:30:00,38.085,35.259,32.433
2017-02-28@15:00:00,38.059,35.077,32.094
2017-02-28@14:00:00,37.892,34.873,31.853
2017-02-28@11:30:00,37.712,34.680,31.648
2017-02-28@10:30:00,37.467,34.486,31.505
2017-02-27@15:00:00,37.305,34.314,31.322
2017-02-27@14:00:00,37.198,34.168,31.137
2017-02-27@11:30:00,37.065,34.009,30.953
2017-02-27@10:30:00,36.858,33.837,30.815
2017-02-24@15:00:00,36.711,33.703,30.695
2017-02-24@14:00:00,36.434,33.528,30.621
2017-02-24@11:30:00,36.094,33.356,30.618
2017-02-24@10:30:00,35.709,33.200,30.690
2017-02-23@15:00:00,35.236,33.051,30.865
2017-02-23@14:00:00,34.494,32.883,31.272
2017-02-23@11:30:00,33.148,32.715,32.282
2017-02-23@10:30:00,33.150,32.716,32.281
2017-02-22@15:00:00,33.158,32.718,32.278
2017-02-22@14:00:00,33.148,32.715,32.281
2017-02-22@11:30:00,33.195,32.729,32.262
2017-02-22@10:30:00,33.247,32.744,32.241
2017-02-21@15:00:00,33.290,32.763,32.236
2017-02-21@14:00:00,33.318,32.776,32.234
2017-02-21@11:30:00,33.338,32.787,32.235
2017-02-21@10:30:00,33.365,32.799,32.232
2017-02-20@15:00:00,33.397,32.822,32.247
2017-02-20@14:00:00,33.456,32.858,32.259
2017-02-20@11:30:00,33.485,32.903,32.320
2017-02-20@10:30:00,33.479,32.944,32.408
2017-02-17@15:00:00,33.470,32.972,32.473
2017-02-17@14:00:00,33.395,33.006,32.617
2017-02-17@11:30:00,33.321,33.040,32.758
2017-02-17@10:30:00,33.283,33.056,32.829
2017-02-16@15:00:00,33.282,33.065,32.848
2017-02-16@14:00:00,33.282,33.075,32.868
2017-02-16@11:30:00,33.276,33.082,32.888
2017-02-16@10:30:00,33.272,33.088,32.904
2017-02-15@15:00:00,33.270,33.091,32.912
2017-02-15@14:00:00,33.257,33.100,32.943
2017-02-15@11:30:00,33.256,33.093,32.930
2017-02-15@10:30:00,33.262,33.078,32.893
2017-02-14@15:00:00,33.264,33.069,32.874
2017-02-14@14:00:00,33.306,33.082,32.858
2017-02-14@11:30:00,33.325,33.094,32.862
2017-02-14@10:30:00,33.361,33.107,32.852
2017-02-13@15:00:00,33.417,33.124,32.830
2017-02-13@14:00:00,33.424,33.126,32.827
2017-02-13@11:30:00,33.413,33.122,32.830
2017-02-13@10:30:00,33.426,33.127,32.828
2017-02-10@15:00:00,33.431,33.133,32.834
2017-02-10@14:00:00,33.429,33.138,32.846
2017-02-10@11:30:00,33.435,33.143,32.851
2017-02-10@10:30:00,33.435,33.150,32.865
2017-02-09@15:00:00,33.438,33.155,32.871
2017-02-09@14:00:00,33.444,33.160,32.875
2017-02-09@11:30:00,33.450,33.169,32.887
2017-02-09@10:30:00,33.452,33.174,32.896
2017-02-08@15:00:00,33.460,33.185,32.910
2017-02-08@14:00:00,33.460,33.189,32.917
2017-02-08@11:30:00,33.454,33.192,32.930
2017-02-08@10:30:00,33.431,33.200,32.969
2017-02-07@15:00:00,33.419,33.204,32.988
2017-02-07@14:00:00,33.405,33.195,32.985
2017-02-07@11:30:00,33.403,33.194,32.985
2017-02-07@10:30:00,33.401,33.194,32.986
2017-02-06@15:00:00,33.363,33.172,32.980
2017-02-06@14:00:00,33.346,33.167,32.987
2017-02-06@11:30:00,33.347,33.167,32.987
2017-02-06@10:30:00,33.357,33.170,32.982
2017-02-03@15:00:00,33.410,33.184,32.957
2017-02-03@14:00:00,33.409,33.185,32.961
2017-02-03@11:30:00,33.407,33.182,32.957
2017-02-03@10:30:00,33.410,33.177,32.943
2017-01-26@15:00:00,33.425,33.163,32.900
2017-01-26@14:00:00,33.446,33.142,32.837
2017-01-26@11:30:00,33.456,33.120,32.784
2017-01-26@10:30:00,33.450,33.110,32.769
2017-01-25@15:00:00,33.436,33.090,32.744
2017-01-25@14:00:00,33.443,33.071,32.699
2017-01-25@11:30:00,33.441,33.068,32.695
2017-01-25@10:30:00,33.443,33.070,32.697
2017-01-24@15:00:00,33.443,33.071,32.699
2017-01-24@14:00:00,33.442,33.054,32.665
2017-01-24@11:30:00,33.444,33.025,32.605
2017-01-24@10:30:00,33.454,32.978,32.502
2017-01-23@15:00:00,33.494,32.946,32.397
2017-01-23@14:00:00,33.476,32.908,32.340
2017-01-23@11:30:00,33.443,32.893,32.342
2017-01-23@10:30:00,33.388,32.874,32.359
2017-01-20@15:00:00,33.372,32.871,32.369
2017-01-20@14:00:00,33.518,32.901,32.284
2017-01-20@11:30:00,33.714,32.943,32.172
2017-01-20@10:30:00,33.918,32.997,32.075
2017-01-19@15:00:00,34.058,33.049,32.040
2017-01-19@14:00:00,34.238,33.119,32.000
2017-01-19@11:30:00,34.425,33.197,31.968
2017-01-19@10:30:00,34.587,33.266,31.944
2017-01-18@15:00:00,34.717,33.336,31.955
2017-01-18@14:00:00,34.817,33.409,32.001
2017-01-18@11:30:00,34.918,33.474,32.029
2017-01-18@10:30:00,34.982,33.525,32.068
2017-01-17@15:00:00,35.050,33.584,32.118
2017-01-17@14:00:00,35.079,33.647,32.214
2017-01-17@11:30:00,35.079,33.716,32.352
2017-01-17@10:30:00,35.024,33.797,32.570
2017-01-16@15:00:00,34.913,33.879,32.845
2017-01-16@14:00:00,34.765,33.955,33.144
2017-01-16@11:30:00,34.662,34.012,33.361
2017-01-16@10:30:00,34.504,34.072,33.640
2017-01-13@15:00:00,34.409,34.105,33.801
2017-01-13@14:00:00,34.385,34.132,33.878
2017-01-13@11:30:00,34.392,34.145,33.897
2017-01-13@10:30:00,34.394,34.148,33.901
2017-01-12@15:00:00,34.386,34.155,33.924
2017-01-12@14:00:00,34.395,34.159,33.923
2017-01-12@11:30:00,34.391,34.158,33.925
2017-01-12@10:30:00,34.381,34.156,33.930
2017-01-11@15:00:00,34.387,34.157,33.927
2017-01-11@14:00:00,34.392,34.159,33.926
2017-01-11@11:30:00,34.386,34.157,33.928
2017-01-11@10:30:00,34.394,34.164,33.934
2017-01-10@15:00:00,34.403,34.150,33.897
2017-01-10@14:00:00,34.410,34.145,33.879
2017-01-10@11:30:00,34.423,34.138,33.852
2017-01-10@10:30:00,34.429,34.132,33.835
2017-01-09@15:00:00,34.435,34.128,33.821
2017-01-09@14:00:00,34.469,34.114,33.758
2017-01-09@11:30:00,34.480,34.102,33.724
2017-01-09@10:30:00,34.497,34.078,33.659
2017-01-06@15:00:00,34.509,34.061,33.612
2017-01-06@14:00:00,34.495,34.036,33.576
2017-01-06@11:30:00,34.473,34.015,33.557
2017-01-06@10:30:00,34.460,34.008,33.555
2017-01-05@15:00:00,34.451,33.994,33.536
2017-01-05@14:00:00,34.414,33.975,33.535
2017-01-05@11:30:00,34.365,33.957,33.548
2017-01-05@10:30:00,34.314,33.938,33.561
2017-01-04@15:00:00,34.250,33.917,33.584
2017-01-04@14:00:00,34.225,33.912,33.598
2017-01-04@11:30:00,34.205,33.908,33.610
2017-01-04@10:30:00,34.170,33.900,33.630
2017-01-03@15:00:00,34.204,33.912,33.620
2017-01-03@14:00:00,34.219,33.919,33.618
2017-01-03@11:30:00,34.223,33.923,33.622
2017-01-03@10:30:00,34.226,33.913,33.599
2016-12-30@15:00:00,34.230,33.901,33.572
2016-12-30@14:00:00,34.225,33.908,33.591
2016-12-30@11:30:00,34.228,33.914,33.600
2016-12-30@10:30:00,34.222,33.927,33.632
2016-12-29@15:00:00,34.218,33.940,33.662
2016-12-29@14:00:00,34.255,33.964,33.673
2016-12-29@11:30:00,34.284,33.983,33.681
2016-12-29@10:30:00,34.306,33.992,33.677
2016-12-28@15:00:00,34.317,34.007,33.697
2016-12-28@14:00:00,34.356,34.027,33.697
2016-12-28@11:30:00,34.392,34.043,33.694
2016-12-28@10:30:00,34.413,34.059,33.705
2016-12-27@15:00:00,34.437,34.078,33.718
2016-12-27@14:00:00,34.429,34.071,33.713
2016-12-27@11:30:00,34.419,34.063,33.707
2016-12-27@10:30:00,34.429,34.069,33.708
2016-12-26@15:00:00,34.420,34.062,33.703
2016-12-26@14:00:00,34.439,34.071,33.702
2016-12-26@11:30:00,34.463,34.087,33.711
2016-12-26@10:30:00,34.449,34.111,33.772
2016-12-23@15:00:00,34.411,34.136,33.860
2016-12-23@14:00:00,34.418,34.162,33.905
2016-12-23@11:30:00,34.412,34.177,33.941
2016-12-23@10:30:00,34.399,34.183,33.966
2016-12-22@15:00:00,34.386,34.190,33.993
2016-12-22@14:00:00,34.417,34.170,33.923
2016-12-22@11:30:00,34.444,34.150,33.856
2016-12-22@10:30:00,34.448,34.136,33.824
2016-12-21@15:00:00,34.464,34.120,33.775
2016-12-21@14:00:00,34.487,34.085,33.683
2016-12-21@11:30:00,34.479,34.055,33.630
2016-12-21@10:30:00,34.466,34.029,33.593
2016-12-20@15:00:00,34.468,33.991,33.513
2016-12-20@14:00:00,34.465,33.977,33.488
2016-12-20@11:30:00,34.460,33.969,33.477
2016-12-20@10:30:00,34.439,33.941,33.443
2016-12-19@15:00:00,34.433,33.936,33.439
2016-12-19@14:00:00,34.398,33.922,33.447
2016-12-19@11:30:00,34.359,33.910,33.461
2016-12-19@10:30:00,34.450,33.929,33.408
2016-12-16@15:00:00,34.774,33.985,33.196
2016-12-16@14:00:00,35.234,34.066,32.898
2016-12-16@11:30:00,35.620,34.159,32.697
2016-12-16@10:30:00,35.937,34.259,32.580
2016-12-15@15:00:00,36.213,34.358,32.502
2016-12-15@14:00:00,36.436,34.466,32.495
2016-12-15@11:30:00,36.650,34.581,32.512
2016-12-15@10:30:00,36.874,34.701,32.527
2016-12-14@15:00:00,37.030,34.816,32.601
2016-12-14@14:00:00,37.119,34.931,32.742
2016-12-14@11:30:00,37.189,35.041,32.892
2016-12-14@10:30:00,37.227,35.142,33.058
2016-12-13@15:00:00,37.205,35.252,33.298
2016-12-13@14:00:00,37.184,35.349,33.513
2016-12-13@11:30:00,37.157,35.447,33.737
2016-12-13@10:30:00,37.057,35.555,34.052
2016-12-12@15:00:00,36.955,35.651,34.346
2016-12-12@14:00:00,36.800,35.744,34.687
2016-12-12@11:30:00,36.544,35.833,35.122
2016-12-12@10:30:00,36.314,35.902,35.489
2016-12-09@15:00:00,36.250,35.939,35.628
2016-12-09@14:00:00,36.245,35.934,35.622
2016-12-09@11:30:00,36.235,35.929,35.623
2016-12-09@10:30:00,36.222,35.922,35.622
2016-12-08@15:00:00,36.273,35.934,35.594
2016-12-08@14:00:00,36.401,35.962,35.523
2016-12-08@11:30:00,36.484,35.983,35.482
2016-12-08@10:30:00,36.503,35.988,35.473
2016-12-07@15:00:00,36.561,36.007,35.452
2016-12-07@14:00:00,36.595,36.027,35.459
2016-12-07@11:30:00,36.618,36.046,35.473
2016-12-07@10:30:00,36.641,36.072,35.502
2016-12-06@15:00:00,36.681,36.113,35.544
2016-12-06@14:00:00,37.156,36.223,35.289
2016-12-06@11:30:00,37.508,36.329,35.150
2016-12-06@10:30:00,37.781,36.436,35.091
2016-12-05@15:00:00,37.987,36.537,35.087
2016-12-05@14:00:00,38.115,36.627,35.139
2016-12-05@11:30:00,38.200,36.711,35.222
2016-12-05@10:30:00,38.264,36.787,35.309
2016-12-02@15:00:00,38.327,36.859,35.391
2016-12-02@14:00:00,38.360,36.941,35.521
2016-12-02@11:30:00,38.379,37.014,35.648
2016-12-02@10:30:00,38.377,37.093,35.808
2016-12-01@15:00:00,38.386,37.147,35.907
2016-12-01@14:00:00,38.421,37.197,35.973
2016-12-01@11:30:00,38.437,37.246,36.055
2016-12-01@10:30:00,38.438,37.305,36.172
2016-11-30@15:00:00,38.414,37.348,36.281
2016-11-30@14:00:00,38.353,37.381,36.409
2016-11-30@11:30:00,38.267,37.416,36.564
2016-11-30@10:30:00,38.183,37.440,36.697
2016-10-13@15:00:00,38.142,37.452,36.761
2016-10-13@14:00:00,38.124,37.392,36.660
2016-10-13@11:30:00,38.073,37.330,36.587
2016-10-13@10:30:00,37.995,37.273,36.551
2016-10-12@15:00:00,37.925,37.215,36.505
2016-10-12@14:00:00,37.906,37.158,36.409
2016-10-12@11:30:00,37.889,37.107,36.325
2016-10-12@10:30:00,37.877,37.055,36.232
2016-10-11@15:00:00,37.838,37.002,36.166
2016-10-11@14:00:00,37.788,36.948,36.108
2016-10-11@11:30:00,37.758,36.883,36.008
2016-10-11@10:30:00,37.691,36.819,35.947
2016-10-10@15:00:00,37.627,36.760,35.893
2016-10-10@14:00:00,37.504,36.691,35.878
2016-10-10@11:30:00,37.364,36.641,35.918
2016-10-10@10:30:00,37.177,36.596,36.014
2016-09-30@15:00:00,37.032,36.554,36.076
2016-09-30@14:00:00,36.985,36.541,36.097
2016-09-30@11:30:00,36.944,36.531,36.117
2016-09-30@10:30:00,36.924,36.524,36.123
2016-09-29@15:00:00,36.920,36.522,36.124
2016-09-29@14:00:00,36.948,36.530,36.112
2016-09-29@11:30:00,36.971,36.537,36.103
2016-09-29@10:30:00,37.001,36.545,36.088
2016-09-28@15:00:00,37.047,36.558,36.069
2016-09-28@14:00:00,37.057,36.567,36.077
2016-09-28@11:30:00,37.085,36.584,36.082
2016-09-28@10:30:00,37.092,36.597,36.101
2016-09-27@15:00:00,37.099,36.607,36.115
2016-09-27@14:00:00,37.100,36.616,36.132
2016-09-27@11:30:00,37.073,36.632,36.191
2016-09-27@10:30:00,37.049,36.648,36.246
2016-09-26@15:00:00,37.019,36.663,36.307
2016-09-26@14:00:00,36.977,36.691,36.404
2016-09-26@11:30:00,36.974,36.699,36.424
2016-09-26@10:30:00,36.977,36.702,36.427
2016-09-23@15:00:00,36.974,36.716,36.458
2016-09-23@14:00:00,36.997,36.699,36.400
2016-09-23@11:30:00,37.007,36.682,36.356
2016-09-23@10:30:00,37.016,36.669,36.322
2016-09-22@15:00:00,37.016,36.657,36.298
2016-09-22@14:00:00,36.998,36.633,36.268
2016-09-22@11:30:00,36.978,36.609,36.239
2016-09-22@10:30:00,nan,nan,nan
2016-09-21@15:00:00,nan,nan,nan
2016-09-21@14:00:00,nan,nan,nan
2016-09-21@11:30:00,nan,nan,nan
2016-09-21@10:30:00,nan,nan,nan
2016-09-20@15:00:00,nan,nan,nan
2016-09-20@14:00:00,nan,nan,nan
2016-09-20@11:30:00,nan,nan,nan
2016-09-20@10:30:00,nan,nan,nan
2016-09-19@15:00:00,nan,nan,nan
2016-09-19@14:00:00,nan,nan,nan
2016-09-19@11:30:00,nan,nan,nan
2016-09-19@10:30:00,nan,nan,nan
2016-09-14@15:00:00,nan,nan,nan
2016-09-14@14:00:00,nan,nan,nan
2016-09-14@11:30:00,nan,nan,nan
2016-09-14@10:30:00,nan,nan,nan
2016-09-13@15:00:00,nan,nan,nan
2016-09-13@14:00:00,nan,nan,nan
