2017-06-30,31.183,30.643,30.103
2017-06-29,31.182,30.612,30.042
2017-06-28,31.266,30.571,29.876
2017-06-27,31.267,30.586,29.905
2017-06-26,31.262,30.578,29.893
2017-06-23,31.257,30.563,29.868
2017-06-22,31.265,30.556,29.846
2017-06-21,31.291,30.525,29.758
2017-06-20,31.251,30.508,29.765
2017-06-19,31.328,30.529,29.729
2017-06-16,31.412,30.550,29.687
2017-06-15,31.467,30.570,29.674
2017-06-14,31.494,30.581,29.669
2017-06-13,31.495,30.584,29.672
2017-06-12,31.493,30.574,29.654
2017-06-09,31.484,30.584,29.684
2017-06-08,31.453,30.553,29.653
2017-06-07,31.484,30.563,29.642
2017-06-06,31.430,30.544,29.658
2017-06-05,31.459,30.558,29.657
2017-06-02,31.560,30.600,29.639
2017-06-01,31.740,30.678,29.616
2017-05-31,31.769,30.763,29.757
2017-05-26,31.948,30.830,29.712
2017-05-25,32.353,30.950,29.547
2017-05-24,32.532,31.049,29.566
2017-05-23,32.671,31.158,29.646
2017-05-22,32.773,31.284,29.796
2017-05-19,33.075,31.411,29.748
2017-05-18,33.372,31.515,29.658
2017-05-17,33.551,31.594,29.637
2017-05-16,33.648,31.663,29.679
2017-05-15,33.773,31.752,29.732
2017-05-12,33.932,31.895,29.859
2017-05-11,34.107,32.066,30.025
2017-05-10,34.259,32.248,30.236
2017-05-09,34.346,32.430,30.513
2017-05-08,34.469,32.562,30.656
2017-05-05,34.853,32.788,30.723
2017-05-04,35.203,33.015,30.827
2017-05-03,35.607,33.240,30.873
2017-05-02,35.849,33.419,30.989
2017-04-28,35.980,33.612,31.243
2017-04-27,36.220,33.806,31.391
2017-04-26,36.478,33.955,31.431
2017-04-25,36.781,34.162,31.543
2017-04-24,37.146,34.397,31.648
2017-04-21,37.435,34.626,31.816
2017-04-20,37.639,34.795,31.951
2017-04-19,37.847,34.967,32.086
2017-04-18,37.991,35.160,32.328
2017-04-17,37.917,35.337,32.756
2017-04-14,37.807,35.494,33.181
2017-04-13,37.698,35.613,33.528
2017-04-12,37.597,35.703,33.809
2017-04-11,37.489,35.771,34.053
2017-04-10,37.358,35.829,34.300
2017-04-07,37.175,35.885,34.595
2017-04-06,37.169,35.894,34.619
2017-04-05,37.195,35.931,34.666
2017-03-31,37.200,35.936,34.672
2017-03-30,37.193,35.955,34.717
2017-03-29,37.180,35.976,34.771
2017-03-28,37.210,36.001,34.792
2017-03-27,37.318,36.054,34.790
2017-03-24,37.281,36.008,34.734
2017-03-23,37.139,35.948,34.756
2017-03-22,37.018,35.912,34.806
2017-03-21,37.389,35.733,34.077
2017-03-20,37.570,35.534,33.497
2017-03-17,37.643,35.322,33.001
2017-03-16,37.772,35.134,32.496
2017-03-15,37.760,34.982,32.205
2017-03-14,37.744,34.842,31.940
2017-03-13,37.706,34.719,31.733
2017-03-10,37.660,34.621,31.583
2017-03-09,37.630,34.517,31.405
2017-03-08,37.593,34.428,31.264
2017-03-07,37.488,34.309,31.131
2017-03-06,37.250,34.165,31.081
2017-03-03,37.028,34.035,31.042
2017-03-02,36.820,33.903,30.987
2017-03-01,36.597,33.782,30.967
2017-02-28,36.201,33.624,31.048
2017-02-27,35.539,33.430,31.322
2017-02-24,35.199,33.316,31.434
2017-02-23,34.681,33.182,31.684
2017-02-22,33.507,33.011,32.515
2017-02-21,33.508,33.000,32.492
2017-02-20,33.507,33.002,32.496
2017-02-17,33.506,33.002,32.498
2017-02-16,33.604,33.080,32.555
2017-02-15,33.890,33.148,32.407
2017-02-14,34.088,33.217,32.346
2017-02-13,34.224,33.271,32.318
2017-02-10,34.311,33.307,32.302
2017-02-09,34.444,33.371,32.297
2017-02-08,34.568,33.428,32.289
2017-02-07,34.677,33.489,32.302
2017-02-06,34.721,33.521,32.321
2017-02-03,34.738,33.539,32.340
2017-01-26,34.756,33.572,32.389
2017-01-25,34.787,33.606,32.426
2017-01-24,34.843,33.657,32.472
2017-01-23,34.871,33.711,32.552
2017-01-20,34.882,33.743,32.605
2017-01-19,34.918,33.799,32.680
2017-01-18,34.921,33.872,32.824
2017-01-17,34.852,33.937,33.022
2017-01-16,34.765,34.009,33.254
2017-01-13,34.497,34.097,33.698
2017-01-12,34.498,34.097,33.696
2017-01-11,34.506,34.062,33.618
2017-01-10,34.492,34.037,33.582
2017-01-09,34.482,34.027,33.573
2017-01-06,35.086,34.126,33.166
2017-01-05,35.478,34.213,32.949
2017-01-04,35.757,34.294,32.831
2017-01-03,35.948,34.364,32.779
2016-12-30,36.154,34.459,32.763
2016-12-29,36.324,34.566,32.808
2016-12-28,36.628,34.708,32.787
2016-12-27,36.832,34.828,32.823
2016-12-26,37.031,34.939,32.847
2016-12-23,37.263,35.072,32.880
2016-12-22,37.431,35.211,32.991
2016-12-21,37.548,35.319,33.090
2016-12-20,37.737,35.451,33.165
2016-12-19,38.000,35.629,33.258
2016-12-16,38.170,35.782,33.394
2016-12-15,38.225,35.900,33.574
2016-12-14,38.174,36.036,33.897
2016-12-13,38.035,36.194,34.352
2016-12-12,37.781,36.321,34.861
2016-12-09,37.410,36.439,35.468
2016-12-08,37.405,36.451,35.498
2016-12-07,37.402,36.456,35.510
2016-12-06,37.419,36.446,35.473
2016-12-05,37.391,36.467,35.542
2016-12-02,37.373,36.482,35.591
2016-12-01,37.352,36.506,35.660
2016-11-30,37.342,36.490,35.639
2016-11-29,37.347,36.477,35.607
2016-11-28,37.379,36.441,35.502
2016-11-25,37.355,36.400,35.445
2016-11-24,37.341,36.356,35.372
2016-11-23,37.336,36.331,35.327
2016-11-22,37.261,36.275,35.290
2016-11-21,37.073,36.240,35.408
2016-11-18,37.134,36.250,35.366
2016-11-17,37.277,36.283,35.290
2016-11-16,37.452,36.330,35.209
2016-11-15,37.505,36.347,35.190
2016-11-14,37.677,36.409,35.142
2016-11-11,37.912,36.489,35.067
2016-11-10,38.064,36.561,35.058
2016-11-09,38.171,36.631,35.091
2016-11-08,38.256,36.725,35.194
2016-11-07,38.277,36.769,35.262
2016-11-04,38.278,36.797,35.316
2016-11-03,38.277,36.805,35.334
2016-11-02,38.275,36.815,35.355
2016-10-28,38.268,36.823,35.378
2016-10-27,38.221,36.873,35.525
2016-10-26,38.195,36.920,35.646
2016-10-25,38.136,36.965,35.794
2016-10-24,38.078,37.001,35.923
2016-10-21,37.990,37.048,36.106
2016-10-20,38.008,37.021,36.034
2016-10-19,37.964,36.966,35.969
2016-10-18,37.934,36.912,35.891
2016-10-17,37.953,36.918,35.883
2016-10-14,38.090,36.961,35.832
2016-10-13,38.116,36.969,35.822
2016-10-12,38.127,36.972,35.816
2016-10-11,38.086,36.958,35.829
2016-10-10,38.077,36.954,35.831
2016-09-30,38.061,36.949,35.837
2016-09-29,38.147,36.986,35.824
2016-09-28,38.283,37.050,35.817
2016-09-27,38.436,37.136,35.835
2016-09-26,38.513,37.209,35.904
2016-09-23,38.507,37.278,36.050
2016-09-22,38.541,37.331,36.121
2016-09-21,38.563,37.367,36.172
2016-09-20,38.570,37.415,36.259
2016-09-19,38.576,37.474,36.371
2016-09-14,39.071,37.623,36.176
2016-09-13,39.470,37.806,36.141
2016-09-12,39.878,38.003,36.128
2016-09-09,40.156,38.203,36.250
2016-09-08,40.297,38.294,36.291
2016-09-07,40.355,38.341,36.327
2016-09-06,40.494,38.434,36.375
2016-09-05,40.720,38.544,36.369
2016-09-02,40.788,38.648,36.509
2016-09-01,40.792,38.724,36.657
2016-08-31,40.915,38.853,36.791
2016-08-30,40.983,38.954,36.926
2016-08-29,41.139,39.073,37.007
2016-08-26,41.238,39.167,37.097
2016-08-25,41.709,39.373,37.038
2016-08-24,42.021,39.588,37.156
2016-08-23,42.185,39.777,37.369
2016-08-22,42.478,40.019,37.561
2016-08-19,42.541,40.229,37.917
2016-08-18,42.475,40.408,38.341
2016-08-17,42.615,40.501,38.388
2016-08-16,42.873,40.621,38.369
2016-08-15,43.065,40.714,38.363
2016-08-12,43.791,40.925,38.060
2016-08-11,44.486,41.204,37.922
2016-08-10,44.706,41.441,38.175
2016-08-09,44.864,41.625,38.386
2016-08-08,45.068,41.796,38.525
2016-08-05,45.053,41.805,38.557
2016-08-04,45.306,41.726,38.147
2016-08-03,45.538,41.609,37.680
2016-08-02,45.746,41.497,37.248
2016-08-01,45.939,41.349,36.759
2016-07-29,46.104,41.209,36.314
2016-07-28,46.144,40.967,35.791
2016-07-27,46.119,40.746,35.373
2016-07-26,46.178,40.489,34.799
2016-07-25,46.052,40.195,34.339
2016-07-22,46.043,39.873,33.703
2016-07-21,46.072,39.535,32.998
2016-07-20,45.946,39.204,32.462
2016-07-19,45.627,38.852,32.077
2016-07-18,45.288,38.485,31.681
2016-07-15,44.355,38.035,31.714
2016-07-14,43.122,37.522,31.921
2016-07-13,42.077,37.046,32.015
2016-07-12,40.874,36.599,32.324
2016-07-11,39.155,36.100,33.045
2016-07-08,38.572,35.804,33.035
2016-07-07,38.377,35.695,33.013
2016-07-06,38.112,35.593,33.074
2016-07-05,37.841,35.476,33.111
2016-07-04,37.572,35.378,33.183
2016-07-01,37.275,35.249,33.222
2016-06-30,36.949,35.118,33.286
2016-06-29,36.463,34.975,33.487
2016-06-28,36.343,34.823,33.303
2016-06-27,36.061,34.669,33.277
2016-06-24,36.014,34.580,33.145
2016-06-23,36.040,34.521,33.003
2016-06-22,35.987,34.465,32.944
2016-06-21,35.894,34.372,32.851
2016-06-20,35.868,34.294,32.720
2016-06-17,35.721,34.174,32.627
2016-06-16,35.690,34.088,32.486
2016-06-15,35.678,34.065,32.452
2016-06-14,35.652,34.040,32.429
2016-06-13,35.653,34.034,32.416
2016-06-08,35.653,34.032,32.411
2016-06-07,35.494,33.965,32.436
2016-06-06,35.184,33.854,32.525
2016-06-03,34.964,33.762,32.560
2016-06-02,34.636,33.694,32.752
2016-06-01,34.844,33.727,32.611
2016-05-31,35.043,33.766,32.490
2016-05-30,35.218,33.804,32.391
2016-05-27,35.297,33.867,32.437
2016-05-26,35.330,33.902,32.475
2016-05-25,35.376,33.943,32.510
2016-05-24,35.470,34.011,32.552
2016-05-23,35.467,34.004,32.542
2016-05-20,35.465,34.012,32.560
2016-05-19,35.456,34.027,32.598
2016-05-18,35.436,34.066,32.697
2016-05-17,35.912,34.244,32.576
2016-05-16,36.255,34.378,32.501
2016-05-13,36.677,34.530,32.383
2016-05-12,37.227,34.739,32.252
2016-05-11,37.700,34.945,32.190
2016-05-10,38.151,35.149,32.148
2016-05-09,38.433,35.357,32.281
2016-05-06,38.469,35.511,32.553
2016-05-05,38.555,35.637,32.720
2016-05-04,38.768,35.743,32.719
2016-05-03,38.809,35.784,32.759
2016-04-29,38.805,35.762,32.720
2016-04-28,38.799,35.796,32.794
2016-04-27,38.775,35.832,32.889
2016-04-26,38.822,35.798,32.774
2016-04-25,38.827,35.786,32.746
2016-04-22,38.774,35.838,32.903
2016-04-21,38.701,35.895,33.089
2016-04-20,38.597,35.977,33.357
2016-04-19,38.512,36.049,33.586
2016-04-18,38.458,35.979,33.501
2016-04-15,38.445,35.885,33.325
2016-04-14,38.487,35.695,32.903
2016-04-13,38.453,35.420,32.387
2016-04-12,38.238,35.161,32.084
2016-04-11,37.847,34.912,31.976
2016-04-08,37.586,34.620,31.655
2016-04-07,37.472,34.394,31.315
2016-04-06,37.239,34.162,31.084
2016-04-05,36.664,33.906,31.148
2016-04-01,36.350,33.709,31.068
2016-03-31,36.272,33.541,30.809
2016-03-30,36.061,33.440,30.818
2016-03-29,35.903,33.371,30.839
2016-03-28,35.867,33.309,30.751
2016-03-25,35.776,33.146,30.516
2016-03-24,35.627,33.093,30.559
2016-03-23,35.446,33.025,30.605
2016-03-22,35.775,33.087,30.399
2016-03-21,36.080,33.147,30.215
2016-03-18,36.508,33.238,29.968
2016-03-17,36.786,33.320,29.855
2016-03-16,37.087,33.458,29.829
2016-03-15,37.343,33.636,29.929
2016-03-14,37.567,33.791,30.016
2016-03-11,37.627,33.862,30.098
2016-03-10,37.684,34.019,30.355
2016-03-09,37.753,34.190,30.627
2016-03-08,37.744,34.327,30.910
2016-03-07,37.750,34.447,31.144
2016-03-04,37.687,34.525,31.363
2016-03-03,37.522,34.656,31.790
2016-03-02,37.527,34.651,31.776
2016-03-01,37.543,34.711,31.879
2016-02-29,37.514,34.863,32.213
2016-02-26,37.709,35.208,32.707
2016-02-25,38.160,35.431,32.702
2016-02-24,38.445,35.659,32.874
2016-02-23,38.972,35.797,32.623
2016-02-22,39.584,35.961,32.339
2016-02-19,39.865,36.053,32.242
2016-02-18,40.116,36.169,32.222
2016-02-17,40.516,36.343,32.171
2016-02-16,40.658,36.448,32.238
2016-02-15,40.856,36.582,32.308
2016-02-05,40.906,36.737,32.569
2016-02-04,41.307,36.992,32.678
2016-02-03,41.500,37.178,32.857
2016-02-02,42.431,37.591,32.751
2016-02-01,42.811,37.910,33.009
2016-01-29,43.393,38.376,33.358
2016-01-28,45.125,39.046,32.967
2016-01-27,46.522,39.809,33.097
2016-01-26,47.875,40.513,33.151
2016-01-25,48.910,41.160,33.410
2016-01-22,50.243,41.745,33.247
2016-01-21,51.450,42.348,33.246
2016-01-20,52.732,43.026,33.320
2016-01-19,53.546,43.562,33.578
2016-01-18,54.379,44.100,33.821
2016-01-15,55.045,44.690,34.335
2016-01-14,55.398,45.251,35.104
2016-01-13,55.519,45.686,35.854
2016-01-12,55.362,46.185,37.009
2016-01-11,55.117,46.657,38.197
2016-01-08,54.480,47.136,39.792
2016-01-07,54.085,47.507,40.930
2016-01-06,53.232,47.938,42.645
2016-01-05,53.026,48.241,43.456
2016-01-04,52.165,48.640,45.115
2015-12-31,51.372,48.923,46.475
2015-12-30,51.351,48.953,46.555
2015-12-29,51.414,48.886,46.358
2015-12-28,51.414,48.826,46.238
2015-12-25,51.411,48.813,46.215
2015-12-24,51.290,48.713,46.136
2015-12-23,51.680,48.799,45.919
2015-12-22,51.952,48.850,45.749
2015-12-21,52.357,48.962,45.567
2015-12-18,52.413,48.980,45.547
2015-12-17,52.464,48.996,45.529
2015-12-16,52.731,49.093,45.456
2015-12-15,52.859,49.213,45.567
2015-12-14,53.130,49.403,45.676
2015-12-11,53.707,49.682,45.657
2015-12-10,53.904,49.933,45.962
2015-12-09,54.173,50.196,46.220
2015-12-08,54.144,50.347,46.550
2015-12-07,54.148,50.339,46.531
2015-12-04,54.146,50.349,46.552
2015-12-03,54.171,50.321,46.472
2015-12-02,54.236,50.280,46.325
2015-12-01,54.125,50.345,46.566
2015-11-30,54.311,50.271,46.232
2015-11-27,54.443,50.194,45.946
2015-11-26,54.434,50.203,45.972
2015-11-25,54.255,49.999,45.744
2015-11-24,53.941,49.766,45.591
2015-11-23,53.773,49.705,45.637
2015-11-20,53.640,49.596,45.553
2015-11-19,53.521,49.525,45.530
2015-11-18,53.450,49.228,45.006
2015-11-17,53.832,48.857,43.883
2015-11-16,53.526,48.585,43.644
2015-11-13,52.795,48.185,43.576
2015-11-12,52.213,47.880,43.548
2015-11-11,51.452,47.459,43.467
2015-11-10,51.224,47.085,42.946
2015-11-09,51.052,46.882,42.713
2015-11-06,50.782,46.633,42.484
2015-11-05,50.777,46.354,41.931
2015-11-04,50.807,46.111,41.416
2015-11-03,50.758,45.766,40.775
2015-11-02,50.887,45.519,40.152
2015-10-30,50.885,45.258,39.631
2015-10-29,50.740,44.867,38.994
2015-10-28,50.666,44.409,38.153
2015-10-27,50.329,44.018,37.708
2015-10-26,49.211,43.436,37.661
2015-10-23,48.398,42.999,37.600
2015-10-22,47.140,42.537,37.934
2015-10-21,46.882,42.178,37.474
2015-10-20,46.931,41.938,36.945
2015-10-19,46.302,41.616,36.931
2015-10-16,46.030,41.171,36.313
2015-10-15,45.382,40.716,36.051
2015-10-14,44.886,40.519,36.152
2015-10-13,44.599,40.397,36.196
2015-10-12,44.039,40.261,36.484
2015-10-09,43.384,40.087,36.790
2015-10-08,43.033,39.869,36.706
2015-10-07,42.717,39.606,36.495
2015-09-30,42.500,39.432,36.364
2015-09-29,42.447,39.415,36.383
2015-09-28,43.016,39.533,36.050
2015-09-25,43.169,39.594,36.020
2015-09-24,43.214,39.655,36.096
2015-09-23,43.163,39.594,36.026
2015-09-22,43.684,39.790,35.896
2015-09-21,45.479,40.187,34.896
2015-09-18,48.473,40.816,33.160
2015-09-17,50.325,41.468,32.610
2015-09-16,50.910,41.896,32.883
2015-09-15,52.465,42.509,32.554
2015-09-14,53.094,43.142,33.191
2015-09-11,53.616,43.759,33.903
2015-09-10,54.082,44.160,34.239
2015-09-09,54.711,44.621,34.531
2015-09-08,55.307,45.020,34.734
2015-09-07,55.523,45.360,35.197
2015-09-02,55.387,45.752,36.118
2015-09-01,55.037,46.223,37.410
2015-08-31,54.689,46.715,38.741
2015-08-28,54.486,46.892,39.298
2015-08-27,54.494,47.033,39.573
2015-08-26,54.358,47.344,40.331
2015-08-25,54.027,47.823,41.620
2015-08-24,52.921,48.208,43.495
2015-08-21,52.580,48.464,44.349
2015-08-20,53.446,48.749,44.053
2015-08-19,54.234,48.895,43.557
2015-08-18,54.498,48.972,43.447
2015-08-17,55.068,49.307,43.547
2015-08-14,55.343,49.389,43.436
2015-08-13,56.032,49.662,43.293
2015-08-12,56.161,49.760,43.360
2015-08-11,56.168,49.786,43.405
2015-08-10,56.688,50.007,43.326
2015-08-07,57.398,50.284,43.170
2015-08-06,57.440,50.429,43.418
2015-08-05,57.455,50.419,43.383
2015-08-04,58.011,50.174,42.336
2015-08-03,58.089,50.065,42.040
2015-07-31,57.973,50.379,42.785
2015-07-30,57.928,50.514,43.100
2015-07-29,57.919,50.593,43.267
2015-07-28,57.909,50.539,43.170
2015-07-27,57.900,50.548,43.196
2015-07-24,58.362,50.256,42.150
2015-07-23,58.018,49.870,41.723
2015-07-22,57.345,49.635,41.926
2015-07-21,57.710,49.747,41.785
2015-07-20,57.716,49.749,41.783
2015-07-17,57.486,49.658,41.831
2015-07-16,57.873,49.756,41.640
2015-07-15,59.736,50.249,40.762
2015-07-14,60.699,50.692,40.686
2015-07-13,62.218,51.091,39.965
2015-07-10,64.839,51.691,38.544
2015-07-09,67.953,52.651,37.350
2015-07-08,95.500,57.064,18.628
2015-07-07,111.698,61.635,11.573
2015-07-06,123.149,65.797,8.445
2015-07-03,135.438,70.237,5.037
2015-07-02,147.060,75.022,2.984
2015-07-01,156.116,79.623,3.131
2015-06-30,163.399,84.148,4.897
2015-06-29,170.387,89.010,7.633
2015-06-26,175.397,93.941,12.485
2015-06-25,178.458,98.341,18.225
2015-06-24,181.841,102.806,23.772
2015-06-23,183.474,106.637,29.800
2015-06-19,183.630,110.337,37.043
2015-06-18,181.913,113.679,45.445
2015-06-17,179.484,116.451,53.418
2015-06-16,176.703,118.843,60.984
2015-06-15,172.345,121.440,70.536
2015-06-12,167.368,123.794,80.221
2015-06-11,162.014,125.694,89.374
2015-06-10,155.492,127.311,99.130
2015-06-09,155.556,125.791,96.026
2015-06-08,156.252,123.894,91.536
2015-06-05,156.808,122.202,87.595
2015-06-04,156.142,119.694,83.246
2015-06-03,154.199,116.687,79.175
2015-06-02,152.016,113.872,75.727
2015-06-01,149.419,111.198,72.976
2015-05-29,144.706,108.445,72.183
2015-05-28,139.677,105.920,72.163
2015-05-27,135.484,103.832,72.179
2015-05-26,128.681,101.266,73.850
2015-05-25,123.156,99.085,75.015
2015-05-22,117.769,97.108,76.447
2015-05-21,114.007,95.671,77.334
2015-05-20,111.464,94.701,77.937
2015-05-19,109.324,93.855,78.387
2015-05-18,106.588,92.870,79.153
2015-05-15,103.366,91.884,80.402
2015-05-14,100.710,91.079,81.449
2015-05-13,98.699,90.500,82.301
2015-05-12,95.494,89.920,84.346
2015-05-11,95.132,89.837,84.541
2015-05-08,94.312,89.576,84.839
2015-05-07,94.349,89.438,84.527
2015-05-06,94.994,89.263,83.533
2015-05-05,95.239,89.166,83.093
2015-05-04,96.010,88.891,81.771
2015-04-30,97.019,88.314,79.610
2015-04-29,97.543,87.637,77.732
2015-04-28,97.779,86.801,75.824
2015-04-27,97.901,86.202,74.504
2015-04-24,97.874,85.689,73.505
2015-04-23,97.910,85.101,72.293
2015-04-22,97.500,84.481,71.462
2015-04-21,96.990,83.450,69.910
2015-04-20,96.098,82.544,68.991
2015-04-17,95.451,81.665,67.878
2015-04-16,94.740,80.739,66.739
2015-04-15,93.720,79.889,66.058
2015-04-14,92.302,78.961,65.620
2015-04-13,90.383,77.781,65.180
2015-04-10,87.809,76.383,64.957
2015-04-09,85.922,75.116,64.310
2015-04-08,84.448,73.996,63.543
2015-04-07,83.731,73.190,62.649
2015-04-03,82.381,72.286,62.191
2015-04-02,81.468,71.526,61.584
2015-04-01,80.757,70.996,61.235
2015-03-31,80.032,70.424,60.815
2015-03-30,79.572,69.832,60.091
2015-03-27,78.575,69.235,59.895
2015-03-26,77.212,68.543,59.874
2015-03-25,76.052,67.944,59.835
2015-03-24,74.267,67.257,60.246
2015-03-23,73.631,66.913,60.194
2015-03-20,72.413,66.465,60.517
2015-03-19,71.407,66.095,60.783
2015-03-18,70.577,65.760,60.942
2015-03-17,69.118,65.289,61.459
2015-03-16,67.276,64.858,62.440
2015-03-13,66.953,64.450,61.946
2015-03-12,67.213,64.183,61.152
2015-03-11,67.442,63.975,60.509
2015-03-10,67.414,63.890,60.367
2015-03-09,67.266,63.784,60.302
2015-03-06,67.199,63.750,60.302
2015-03-05,67.094,63.622,60.150
2015-03-04,66.668,63.496,60.325
2015-03-03,66.520,63.450,60.379
2015-03-02,66.510,63.441,60.373
2015-02-27,66.313,63.348,60.384
2015-02-26,66.289,63.336,60.383
2015-02-25,66.217,63.291,60.365
2015-02-24,66.365,63.352,60.340
2015-02-17,66.347,63.347,60.347
2015-02-16,66.472,63.382,60.293
2015-02-13,66.321,63.197,60.074
2015-02-12,66.182,63.090,59.999
2015-02-11,66.169,63.027,59.885
2015-02-10,66.149,62.928,59.707
2015-02-09,66.154,62.926,59.698
2015-02-06,66.187,62.912,59.637
2015-02-05,66.096,63.048,60.000
2015-02-04,66.456,63.209,59.962
2015-02-03,66.665,63.311,59.956
2015-02-02,68.039,63.597,59.154
2015-01-30,68.066,63.667,59.268
2015-01-29,68.405,63.346,58.286
2015-01-28,69.587,62.741,55.895
2015-01-27,nan,nan,nan
2015-01-26,nan,nan,nan
2015-01-23,nan,nan,nan
2015-01-22,nan,nan,nan
2015-01-21,nan,nan,nan
2015-01-20,nan,nan,nan
2015-01-19,nan,nan,nan
2015-01-16,nan,nan,nan
2015-01-15,nan,nan,nan
2015-01-14,nan,nan,nan
2015-01-13,nan,nan,nan
2015-01-12,nan,nan,nan
2015-01-09,nan,nan,nan
2015-01-08,nan,nan,nan
2015-01-07,nan,nan,nan
2015-01-06,nan,nan,nan
2015-01-05,nan,nan,nan
2014-12-31,nan,nan,nan
2014-12-30,nan,nan,nan
