Not
2017-06-30,-0.131,-0.183,0.052
2017-06-29,-0.163,-0.196,0.034
2017-06-28,-0.172,-0.205,0.033
2017-06-27,-0.156,-0.213,0.057
2017-06-26,-0.167,-0.227,0.060
2017-06-23,-0.179,-0.242,0.064
2017-06-22,-0.155,-0.258,0.103
2017-06-21,-0.149,-0.284,0.135
2017-06-20,-0.184,-0.318,0.134
2017-06-19,-0.214,-0.352,0.137
2017-06-16,-0.261,-0.386,0.125
2017-06-15,-0.293,-0.417,0.124
2017-06-14,-0.339,-0.448,0.109
2017-06-13,-0.353,-0.475,0.123
2017-06-12,-0.373,-0.506,0.133
2017-06-09,-0.349,-0.539,0.190
2017-06-08,-0.397,-0.587,0.189
2017-06-07,-0.459,-0.634,0.175
2017-06-06,-0.553,-0.678,0.125
2017-06-05,-0.613,-0.709,0.096
2017-06-02,-0.667,-0.733,0.067
2017-06-01,-0.693,-0.750,0.058
2017-05-31,-0.667,-0.765,0.098
2017-05-26,-0.713,-0.789,0.076
2017-05-25,-0.748,-0.808,0.060
2017-05-24,-0.768,-0.823,0.055
2017-05-23,-0.763,-0.837,0.074
2017-05-22,-0.723,-0.855,0.132
2017-05-19,-0.735,-0.888,0.153
2017-05-18,-0.805,-0.926,0.122
2017-05-17,-0.894,-0.957,0.063
2017-05-16,-0.970,-0.973,0.003
2017-05-15,-1.042,-0.973,-0.069
2017-05-12,-1.061,-0.956,-0.105
2017-05-11,-1.054,-0.930,-0.124
2017-05-10,-1.026,-0.899,-0.127
2017-05-09,-0.975,-0.867,-0.108
2017-05-08,-0.984,-0.840,-0.144
2017-05-05,-0.946,-0.804,-0.141
2017-05-04,-0.898,-0.769,-0.129
2017-05-03,-0.865,-0.737,-0.129
2017-05-02,-0.854,-0.705,-0.150
2017-04-28,-0.792,-0.667,-0.125
2017-04-27,-0.753,-0.636,-0.117
2017-04-26,-0.787,-0.607,-0.180
2017-04-25,-0.761,-0.562,-0.199
2017-04-24,-0.720,-0.512,-0.208
2017-04-21,-0.668,-0.460,-0.207
2017-04-20,-0.668,-0.408,-0.259
2017-04-19,-0.675,-0.344,-0.331
2017-04-18,-0.636,-0.261,-0.375
2017-04-17,-0.533,-0.167,-0.366
2017-04-14,-0.423,-0.076,-0.347
2017-04-13,-0.328,0.011,-0.339
2017-04-12,-0.242,0.096,-0.338
2017-04-11,-0.148,0.181,-0.328
2017-04-10,-0.026,0.263,-0.289
2017-04-07,0.140,0.335,-0.194
2017-04-06,0.199,0.383,-0.184
2017-04-05,0.253,0.429,-0.176
2017-03-31,0.280,0.473,-0.193
2017-03-30,0.362,0.522,-0.160
2017-03-29,0.469,0.562,-0.093
2017-03-28,0.544,0.585,-0.041
2017-03-27,0.629,0.595,0.034
2017-03-24,0.666,0.587,0.079
2017-03-23,0.645,0.567,0.078
2017-03-22,0.611,0.547,0.064
2017-03-21,0.603,0.531,0.072
2017-03-20,0.564,0.513,0.051
2017-03-17,0.499,0.501,-0.001
2017-03-16,0.486,0.501,-0.015
2017-03-15,0.473,0.505,-0.032
2017-03-14,0.475,0.513,-0.037
2017-03-13,0.492,0.522,-0.030
2017-03-10,0.531,0.530,0.001
2017-03-09,0.592,0.530,0.062
2017-03-08,0.677,0.514,0.163
2017-03-07,0.719,0.473,0.246
2017-03-06,0.689,0.412,0.277
2017-03-03,0.665,0.343,0.322
2017-03-02,0.649,0.262,0.387
2017-03-01,0.624,0.165,0.458
2017-02-28,0.517,0.051,0.467
2017-02-27,0.315,-0.066,0.381
2017-02-24,0.193,-0.161,0.354
2017-02-23,0.003,-0.250,0.253
2017-02-22,-0.286,-0.313,0.026
2017-02-21,-0.316,-0.319,0.003
2017-02-20,-0.328,-0.320,-0.008
2017-02-17,-0.320,-0.318,-0.002
2017-02-16,-0.277,-0.318,0.041
2017-02-15,-0.280,-0.328,0.048
2017-02-14,-0.277,-0.340,0.063
2017-02-13,-0.286,-0.356,0.070
2017-02-10,-0.318,-0.373,0.056
2017-02-09,-0.322,-0.387,0.065
2017-02-08,-0.338,-0.403,0.066
2017-02-07,-0.348,-0.420,0.072
2017-02-06,-0.380,-0.438,0.058
2017-02-03,-0.417,-0.452,0.035
2017-01-26,-0.433,-0.461,0.028
2017-01-25,-0.462,-0.468,0.006
2017-01-24,-0.484,-0.469,-0.015
2017-01-23,-0.490,-0.466,-0.024
2017-01-20,-0.513,-0.460,-0.054
2017-01-19,-0.525,-0.446,-0.079
2017-01-18,-0.504,-0.427,-0.077
2017-01-17,-0.460,-0.407,-0.053
2017-01-16,-0.402,-0.394,-0.008
2017-01-13,-0.301,-0.392,0.091
2017-01-12,-0.297,-0.415,0.118
2017-01-11,-0.333,-0.444,0.111
2017-01-10,-0.369,-0.472,0.103
2017-01-09,-0.397,-0.498,0.101
2017-01-06,-0.414,-0.523,0.109
2017-01-05,-0.456,-0.551,0.094
2017-01-04,-0.507,-0.574,0.068
2017-01-03,-0.564,-0.591,0.027
2016-12-30,-0.593,-0.598,0.005
2016-12-29,-0.596,-0.599,0.003
2016-12-28,-0.597,-0.600,0.003
2016-12-27,-0.606,-0.600,-0.006
2016-12-26,-0.635,-0.599,-0.036
2016-12-23,-0.654,-0.590,-0.064
2016-12-22,-0.646,-0.574,-0.072
2016-12-21,-0.664,-0.556,-0.108
2016-12-20,-0.685,-0.529,-0.156
2016-12-19,-0.675,-0.490,-0.185
2016-12-16,-0.673,-0.443,-0.230
2016-12-15,-0.671,-0.386,-0.285
2016-12-14,-0.608,-0.315,-0.293
2016-12-13,-0.493,-0.241,-0.252
2016-12-12,-0.355,-0.178,-0.177
2016-12-09,-0.193,-0.134,-0.059
2016-12-08,-0.190,-0.119,-0.071
2016-12-07,-0.188,-0.101,-0.087
2016-12-06,-0.171,-0.080,-0.092
2016-12-05,-0.126,-0.057,-0.069
2016-12-02,-0.081,-0.039,-0.042
2016-12-01,-0.023,-0.029,0.006
2016-11-30,-0.024,-0.031,0.007
2016-11-29,0.003,-0.032,0.035
2016-11-28,0.028,-0.041,0.069
2016-11-25,0.026,-0.058,0.084
2016-11-24,0.031,-0.079,0.110
2016-11-23,0.063,-0.107,0.170
2016-11-22,0.047,-0.150,0.197
2016-11-21,-0.041,-0.199,0.158
2016-11-18,-0.122,-0.238,0.116
2016-11-17,-0.162,-0.267,0.105
2016-11-16,-0.198,-0.293,0.096
2016-11-15,-0.260,-0.317,0.057
2016-11-14,-0.289,-0.332,0.043
2016-11-11,-0.321,-0.342,0.021
2016-11-10,-0.350,-0.348,-0.003
2016-11-09,-0.370,-0.347,-0.023
2016-11-08,-0.349,-0.341,-0.008
2016-11-07,-0.358,-0.339,-0.019
2016-11-04,-0.369,-0.334,-0.034
2016-11-03,-0.395,-0.326,-0.069
2016-11-02,-0.417,-0.309,-0.109
2016-10-28,-0.417,-0.281,-0.135
2016-10-27,-0.372,-0.247,-0.124
2016-10-26,-0.335,-0.216,-0.118
2016-10-25,-0.268,-0.187,-0.082
2016-10-24,-0.191,-0.166,-0.024
2016-10-21,-0.083,-0.160,0.077
2016-10-20,-0.053,-0.180,0.127
2016-10-19,-0.074,-0.211,0.137
2016-10-18,-0.088,-0.245,0.158
2016-10-17,-0.117,-0.285,0.168
2016-10-14,-0.112,-0.327,0.214
2016-10-13,-0.149,-0.380,0.231
2016-10-12,-0.231,-0.438,0.207
2016-10-11,-0.306,-0.490,0.184
2016-10-10,-0.383,-0.536,0.153
2016-09-30,-0.483,-0.574,0.092
2016-09-29,-0.543,-0.597,0.054
2016-09-28,-0.583,-0.611,0.027
2016-09-27,-0.605,-0.617,0.013
2016-09-26,-0.620,-0.621,0.001
2016-09-23,-0.604,-0.621,0.017
2016-09-22,-0.622,-0.625,0.003
2016-09-21,-0.658,-0.626,-0.032
2016-09-20,-0.672,-0.618,-0.055
2016-09-19,-0.674,-0.604,-0.070
2016-09-14,-0.685,-0.587,-0.099
2016-09-13,-0.647,-0.562,-0.085
2016-09-12,-0.592,-0.540,-0.052
2016-09-09,-0.503,-0.528,0.025
2016-09-08,-0.516,-0.534,0.018
2016-09-07,-0.560,-0.538,-0.022
2016-09-06,-0.583,-0.533,-0.050
2016-09-05,-0.628,-0.520,-0.108
2016-09-02,-0.618,-0.493,-0.125
2016-09-01,-0.602,-0.462,-0.140
2016-08-31,-0.578,-0.427,-0.151
2016-08-30,-0.564,-0.389,-0.175
2016-08-29,-0.565,-0.345,-0.219
2016-08-26,-0.579,-0.290,-0.288
2016-08-25,-0.560,-0.218,-0.342
2016-08-24,-0.495,-0.133,-0.362
2016-08-23,-0.417,-0.042,-0.375
2016-08-22,-0.300,0.052,-0.352
2016-08-19,-0.147,0.139,-0.286
2016-08-18,0.033,0.211,-0.178
2016-08-17,0.059,0.255,-0.196
2016-08-16,0.069,0.304,-0.235
2016-08-15,0.046,0.363,-0.318
2016-08-12,0.021,0.443,-0.422
2016-08-11,0.076,0.548,-0.472
2016-08-10,0.199,0.666,-0.467
2016-08-09,0.286,0.783,-0.497
2016-08-08,0.333,0.907,-0.574
2016-08-05,0.459,1.051,-0.591
2016-08-04,0.665,1.199,-0.533
2016-08-03,0.806,1.332,-0.526
2016-08-02,1.005,1.463,-0.459
2016-08-01,1.182,1.578,-0.396
2016-07-29,1.418,1.677,-0.259
2016-07-28,1.500,1.742,-0.242
2016-07-27,1.597,1.803,-0.205
2016-07-26,1.740,1.854,-0.114
2016-07-25,1.799,1.882,-0.084
2016-07-22,1.914,1.903,0.011
2016-07-21,2.079,1.901,0.178
2016-07-20,2.229,1.856,0.373
2016-07-19,2.312,1.763,0.549
2016-07-18,2.404,1.626,0.778
2016-07-15,2.250,1.431,0.819
2016-07-14,1.973,1.226,0.746
2016-07-13,1.729,1.040,0.690
2016-07-12,1.431,0.867,0.564
2016-07-11,0.997,0.726,0.271
2016-07-08,0.832,0.658,0.174
2016-07-07,0.838,0.615,0.223
2016-07-06,0.799,0.559,0.240
2016-07-05,0.759,0.499,0.259
2016-07-04,0.707,0.434,0.272
2016-07-01,0.641,0.366,0.275
2016-06-30,0.556,0.298,0.259
2016-06-29,0.414,0.233,0.181
2016-06-28,0.340,0.188,0.153
2016-06-27,0.217,0.149,0.067
2016-06-24,0.182,0.133,0.049
2016-06-23,0.211,0.120,0.091
2016-06-22,0.202,0.098,0.104
2016-06-21,0.154,0.072,0.082
2016-06-20,0.141,0.051,0.090
2016-06-17,0.055,0.029,0.026
2016-06-16,0.023,0.022,0.001
2016-06-15,0.046,0.022,0.025
2016-06-14,0.054,0.016,0.039
2016-06-13,0.137,0.006,0.132
2016-06-08,0.232,-0.027,0.259
2016-06-07,0.195,-0.092,0.287
2016-06-06,0.099,-0.164,0.262
2016-06-03,0.024,-0.229,0.253
2016-06-02,-0.097,-0.292,0.195
2016-06-01,-0.178,-0.341,0.163
2016-05-31,-0.266,-0.382,0.116
2016-05-30,-0.378,-0.411,0.033
2016-05-27,-0.380,-0.419,0.039
2016-05-26,-0.399,-0.429,0.029
2016-05-25,-0.423,-0.436,0.013
2016-05-24,-0.435,-0.439,0.004
2016-05-23,-0.492,-0.441,-0.051
2016-05-20,-0.514,-0.428,-0.086
2016-05-19,-0.515,-0.406,-0.109
2016-05-18,-0.491,-0.379,-0.112
2016-05-17,-0.444,-0.351,-0.093
2016-05-16,-0.441,-0.328,-0.113
2016-05-13,-0.449,-0.300,-0.150
2016-05-12,-0.418,-0.262,-0.156
2016-05-11,-0.387,-0.223,-0.164
2016-05-10,-0.366,-0.182,-0.184
2016-05-09,-0.292,-0.136,-0.156
2016-05-06,-0.179,-0.097,-0.082
2016-05-05,-0.108,-0.077,-0.032
2016-05-04,-0.150,-0.069,-0.081
2016-05-03,-0.200,-0.048,-0.152
2016-04-29,-0.262,-0.010,-0.252
2016-04-28,-0.254,0.053,-0.306
2016-04-27,-0.205,0.129,-0.334
2016-04-26,-0.155,0.213,-0.368
2016-04-25,-0.133,0.305,-0.438
2016-04-22,0.001,0.414,-0.413
2016-04-21,0.185,0.517,-0.333
2016-04-20,0.424,0.600,-0.176
2016-04-19,0.690,0.645,0.045
2016-04-18,0.748,0.633,0.115
2016-04-15,0.835,0.604,0.231
2016-04-14,0.880,0.547,0.334
2016-04-13,0.844,0.463,0.381
2016-04-12,0.776,0.368,0.408
2016-04-11,0.658,0.266,0.392
2016-04-08,0.533,0.168,0.365
2016-04-07,0.489,0.077,0.412
2016-04-06,0.405,-0.026,0.431
2016-04-05,0.200,-0.134,0.334
2016-04-01,0.070,-0.218,0.288
2016-03-31,0.028,-0.290,0.318
2016-03-30,-0.054,-0.369,0.315
2016-03-29,-0.127,-0.448,0.321
2016-03-28,-0.093,-0.528,0.436
2016-03-25,-0.137,-0.637,0.500
2016-03-24,-0.217,-0.762,0.545
2016-03-23,-0.312,-0.898,0.586
2016-03-22,-0.474,-1.045,0.571
2016-03-21,-0.686,-1.188,0.502
2016-03-18,-0.930,-1.313,0.383
2016-03-17,-1.153,-1.409,0.255
2016-03-16,-1.281,-1.473,0.191
2016-03-15,-1.334,-1.521,0.186
2016-03-14,-1.423,-1.567,0.144
2016-03-11,-1.557,-1.603,0.046
2016-03-10,-1.584,-1.615,0.031
2016-03-09,-1.603,-1.622,0.019
2016-03-08,-1.614,-1.627,0.013
2016-03-07,-1.649,-1.630,-0.019
2016-03-04,-1.654,-1.626,-0.029
2016-03-03,-1.570,-1.618,0.049
2016-03-02,-1.605,-1.631,0.026
2016-03-01,-1.662,-1.637,-0.025
2016-02-29,-1.597,-1.631,0.034
2016-02-26,-1.376,-1.639,0.263
2016-02-25,-1.323,-1.705,0.382
2016-02-24,-1.202,-1.801,0.599
2016-02-23,-1.338,-1.951,0.613
2016-02-22,-1.503,-2.104,0.600
2016-02-19,-1.736,-2.254,0.518
2016-02-18,-1.917,-2.383,0.466
2016-02-17,-2.092,-2.500,0.407
2016-02-16,-2.276,-2.602,0.326
2016-02-15,-2.472,-2.683,0.211
2016-02-05,-2.556,-2.736,0.180
2016-02-04,-2.679,-2.781,0.102
2016-02-03,-2.832,-2.806,-0.026
2016-02-02,-2.929,-2.800,-0.129
2016-02-01,-3.019,-2.767,-0.252
2016-01-29,-2.990,-2.704,-0.286
2016-01-28,-2.950,-2.633,-0.317
2016-01-27,-2.745,-2.554,-0.191
2016-01-26,-2.610,-2.506,-0.104
2016-01-25,-2.477,-2.480,0.003
2016-01-22,-2.545,-2.481,-0.064
2016-01-21,-2.597,-2.465,-0.132
2016-01-20,-2.603,-2.432,-0.172
2016-01-19,-2.696,-2.389,-0.308
2016-01-18,-2.840,-2.312,-0.529
2016-01-15,-2.880,-2.180,-0.701
2016-01-14,-2.846,-2.004,-0.842
2016-01-13,-2.853,-1.794,-1.059
2016-01-12,-2.668,-1.529,-1.139
2016-01-11,-2.449,-1.244,-1.205
2016-01-08,-2.046,-0.943,-1.103
2016-01-07,-1.758,-0.667,-1.091
2016-01-06,-1.261,-0.395,-0.866
2016-01-05,-1.011,-0.178,-0.833
2016-01-04,-0.495,0.030,-0.525
2015-12-31,-0.028,0.161,-0.189
2015-12-30,0.111,0.209,-0.098
2015-12-29,0.207,0.233,-0.026
2015-12-28,0.283,0.240,0.044
2015-12-25,0.415,0.229,0.186
2015-12-24,0.428,0.182,0.246
2015-12-23,0.400,0.121,0.279
2015-12-22,0.228,0.051,0.178
2015-12-21,0.172,0.007,0.165
2015-12-18,0.029,-0.035,0.063
2015-12-17,-0.157,-0.051,-0.107
2015-12-16,-0.291,-0.024,-0.267
2015-12-15,-0.293,0.043,-0.336
2015-12-14,-0.269,0.127,-0.396
2015-12-11,-0.234,0.226,-0.459
2015-12-10,-0.113,0.340,-0.453
2015-12-09,0.006,0.454,-0.448
2015-12-08,0.141,0.566,-0.425
2015-12-07,0.169,0.672,-0.503
2015-12-04,0.188,0.798,-0.610
2015-12-03,0.246,0.950,-0.704
2015-12-02,0.376,1.126,-0.750
2015-12-01,0.654,1.313,-0.659
2015-11-30,0.942,1.478,-0.537
2015-11-27,1.237,1.612,-0.375
2015-11-26,1.625,1.706,-0.081
2015-11-25,1.679,1.726,-0.048
2015-11-24,1.664,1.738,-0.075
2015-11-23,1.664,1.757,-0.093
2015-11-20,1.762,1.780,-0.019
2015-11-19,1.861,1.785,0.076
2015-11-18,1.899,1.766,0.133
2015-11-17,2.037,1.733,0.304
2015-11-16,2.063,1.657,0.406
2015-11-13,1.886,1.555,0.331
2015-11-12,1.762,1.473,0.289
2015-11-11,1.515,1.400,0.114
2015-11-10,1.391,1.372,0.019
2015-11-09,1.393,1.367,0.026
2015-11-06,1.325,1.360,-0.035
2015-11-05,1.333,1.369,-0.036
2015-11-04,1.410,1.378,0.031
2015-11-03,1.388,1.371,0.018
2015-11-02,1.566,1.366,0.200
2015-10-30,1.719,1.316,0.402
2015-10-29,1.743,1.216,0.528
2015-10-28,1.763,1.084,0.679
2015-10-27,1.765,0.914,0.851
2015-10-26,1.433,0.701,0.732
2015-10-23,1.208,0.518,0.690
2015-10-22,0.827,0.346,0.481
2015-10-21,0.728,0.226,0.502
2015-10-20,0.857,0.100,0.757
2015-10-19,0.689,-0.089,0.778
2015-10-16,0.543,-0.284,0.826
2015-10-15,0.285,-0.490,0.775
2015-10-14,0.125,-0.684,0.809
2015-10-13,0.038,-0.886,0.924
2015-10-12,-0.243,-1.117,0.874
2015-10-09,-0.553,-1.336,0.782
2015-10-08,-0.768,-1.531,0.763
2015-10-07,-1.018,-1.722,0.704
2015-09-30,-1.213,-1.898,0.685
2015-09-29,-1.418,-2.069,0.651
2015-09-28,-1.681,-2.232,0.551
2015-09-25,-1.874,-2.370,0.496
2015-09-24,-1.944,-2.494,0.549
2015-09-23,-2.138,-2.631,0.493
2015-09-22,-2.273,-2.754,0.481
2015-09-21,-2.490,-2.874,0.384
2015-09-18,-2.756,-2.971,0.215
2015-09-17,-2.866,-3.024,0.159
2015-09-16,-2.940,-3.064,0.124
2015-09-15,-3.146,-3.095,-0.051
2015-09-14,-3.034,-3.082,0.049
2015-09-11,-2.889,-3.094,0.205
2015-09-10,-3.014,-3.146,0.132
2015-09-09,-3.165,-3.179,0.014
2015-09-08,-3.452,-3.182,-0.270
2015-09-07,-3.645,-3.115,-0.530
2015-09-02,-3.576,-2.982,-0.594
2015-09-01,-3.331,-2.834,-0.497
2015-08-31,-3.042,-2.709,-0.333
2015-08-28,-2.923,-2.626,-0.297
2015-08-27,-3.025,-2.552,-0.473
2015-08-26,-2.878,-2.433,-0.445
2015-08-25,-2.498,-2.322,-0.176
2015-08-24,-1.862,-2.278,0.416
2015-08-21,-1.464,-2.382,0.919
2015-08-20,-1.422,-2.612,1.189
2015-08-19,-1.846,-2.909,1.063
2015-08-18,-2.215,-3.175,0.960
2015-08-17,-2.178,-3.415,1.237
2015-08-14,-2.628,-3.724,1.097
2015-08-13,-2.875,-3.998,1.124
2015-08-12,-3.158,-4.279,1.121
2015-08-11,-3.385,-4.560,1.174
2015-08-10,-3.783,-4.853,1.070
2015-08-07,-4.252,-5.121,0.869
2015-08-06,-4.542,-5.338,0.796
2015-08-05,-4.694,-5.537,0.843
2015-08-04,-4.873,-5.748,0.875
2015-08-03,-5.145,-5.967,0.822
2015-07-31,-5.071,-6.172,1.101
2015-07-30,-5.127,-6.448,1.321
2015-07-29,-5.235,-6.778,1.543
2015-07-28,-5.489,-7.164,1.674
2015-07-27,-5.427,-7.582,2.155
2015-07-24,-5.448,-8.121,2.673
2015-07-23,-5.942,-8.789,2.847
2015-07-22,-6.700,-9.501,2.801
2015-07-21,-7.285,-10.201,2.916
2015-07-20,-7.975,-10.930,2.955
2015-07-17,-8.753,-11.669,2.915
2015-07-16,-9.720,-12.397,2.678
2015-07-15,-10.465,-13.067,2.602
2015-07-14,-11.029,-13.717,2.688
2015-07-13,-12.142,-14.389,2.247
2015-07-10,-13.517,-14.951,1.434
2015-07-09,-14.560,-15.310,0.750
2015-07-08,-15.211,-15.497,0.287
2015-07-07,-15.395,-15.569,0.174
2015-07-06,-15.798,-15.612,-0.186
2015-07-03,-16.599,-15.566,-1.033
2015-07-02,-17.238,-15.308,-1.930
2015-07-01,-17.801,-14.825,-2.976
2015-06-30,-18.183,-14.081,-4.102
2015-06-29,-18.225,-13.056,-5.170
2015-06-26,-17.581,-11.763,-5.818
2015-06-25,-16.860,-10.309,-6.551
2015-06-24,-16.215,-8.671,-7.544
2015-06-23,-15.577,-6.785,-8.791
2015-06-19,-14.360,-4.587,-9.773
2015-06-18,-12.424,-2.144,-10.280
2015-06-17,-10.256,0.426,-10.683
2015-06-16,-7.798,3.097,-10.895
2015-06-15,-4.211,5.820,-10.032
2015-06-12,-0.035,8.328,-8.363
2015-06-11,4.756,10.419,-5.663
2015-06-10,10.583,11.835,-1.252
2015-06-09,11.306,12.148,-0.842
2015-06-08,12.164,12.359,-0.194
2015-06-05,13.527,12.407,1.120
2015-06-04,13.985,12.127,1.857
2015-06-03,13.806,11.663,2.143
2015-06-02,13.753,11.127,2.626
2015-06-01,13.720,10.471,3.249
2015-05-29,12.971,9.658,3.312
2015-05-28,12.118,8.830,3.288
2015-05-27,11.578,8.008,3.570
2015-05-26,10.068,7.116,2.952
2015-05-25,8.865,6.378,2.488
2015-05-22,7.643,5.756,1.887
2015-05-21,6.874,5.284,1.590
2015-05-20,6.469,4.887,1.583
2015-05-19,6.175,4.491,1.684
2015-05-18,5.627,4.070,1.557
2015-05-15,4.879,3.681,1.198
2015-05-14,4.238,3.381,0.856
2015-05-13,3.715,3.167,0.548
2015-05-12,2.820,3.030,-0.210
2015-05-11,2.506,3.083,-0.577
2015-05-08,2.095,3.227,-1.132
2015-05-07,2.116,3.510,-1.394
2015-05-06,2.569,3.858,-1.289
2015-05-05,3.096,4.181,-1.085
2015-05-04,3.669,4.452,-0.782
2015-04-30,4.002,4.647,-0.645
2015-04-29,4.196,4.809,-0.613
2015-04-28,4.218,4.962,-0.744
2015-04-27,4.505,5.148,-0.643
2015-04-24,4.891,5.309,-0.417
2015-04-23,5.342,5.413,-0.071
2015-04-22,5.643,5.431,0.212
2015-04-21,5.669,5.378,0.292
2015-04-20,5.682,5.305,0.377
2015-04-17,5.818,5.211,0.608
2015-04-16,5.944,5.059,0.885
2015-04-15,6.032,4.837,1.195
2015-04-14,5.956,4.539,1.418
2015-04-13,5.599,4.184,1.415
2015-04-10,4.921,3.830,1.091
2015-04-09,4.371,3.558,0.814
2015-04-08,3.930,3.354,0.576
2015-04-07,3.844,3.210,0.633
2015-04-03,3.505,3.052,0.453
2015-04-02,3.331,2.939,0.392
2015-04-01,3.327,2.841,0.486
2015-03-31,3.306,2.719,0.586
2015-03-30,3.390,2.573,0.817
2015-03-27,3.287,2.368,0.918
2015-03-26,3.016,2.139,0.878
2015-03-25,2.810,1.919,0.890
2015-03-24,2.373,1.697,0.677
2015-03-23,2.343,1.527,0.816
2015-03-20,2.076,1.323,0.753
2015-03-19,1.857,1.135,0.722
2015-03-18,1.678,0.955,0.723
2015-03-17,1.286,0.774,0.512
2015-03-16,0.826,0.646,0.180
2015-03-13,0.565,0.601,-0.036
2015-03-12,0.527,0.610,-0.083
2015-03-11,0.593,0.631,-0.038
2015-03-10,0.693,0.640,0.052
2015-03-09,0.702,0.627,0.075
2015-03-06,0.733,0.608,0.124
2015-03-05,0.777,0.577,0.200
2015-03-04,0.621,0.527,0.093
2015-03-03,0.530,0.504,0.027
2015-03-02,0.607,0.497,0.110
2015-02-27,0.543,0.470,0.074
2015-02-26,0.558,0.451,0.107
2015-02-25,0.563,0.424,0.138
2015-02-24,0.607,0.390,0.217
2015-02-17,0.518,0.336,0.182
2015-02-16,nan,nan,nan
2015-02-13,nan,nan,nan
2015-02-12,nan,nan,nan
2015-02-11,nan,nan,nan
2015-02-10,nan,nan,nan
2015-02-09,nan,nan,nan
2015-02-06,nan,nan,nan
2015-02-05,nan,nan,nan
2015-02-04,nan,nan,nan
2015-02-03,nan,nan,nan
2015-02-02,nan,nan,nan
2015-01-30,nan,nan,nan
2015-01-29,nan,nan,nan
2015-01-28,nan,nan,nan
2015-01-27,nan,nan,nan
2015-01-26,nan,nan,nan
2015-01-23,nan,nan,nan
2015-01-22,nan,nan,nan
2015-01-21,nan,nan,nan
2015-01-20,nan,nan,nan
2015-01-19,nan,nan,nan
2015-01-16,nan,nan,nan
2015-01-15,nan,nan,nan
2015-01-14,nan,nan,nan
2015-01-13,nan,nan,nan
2015-01-12,nan,nan,nan
2015-01-09,nan,nan,nan
2015-01-08,nan,nan,nan
2015-01-07,nan,nan,nan
2015-01-06,nan,nan,nan
2015-01-05,nan,nan,nan
2014-12-31,nan,nan,nan
2014-12-30,nan,nan,nan
