date,open,high,close,low,volume,price_change,p_change,ma5,ma10,ma20,v_ma5,v_ma10,v_ma20,turnover
2017-03-17 15:00:00,21.45,21.48,21.19,21.08,57401.2,-0.26,-1.21,21.11,20.997,20.3395,52753.0,47422.4,45756.2,5.59
2017-03-17 14:00:00,21.3,21.67,21.43,21.3,49061.3,0.13,0.61,21.034,20.997,20.2095,47176.0,44663.0,43541.2,4.78
2017-03-17 11:30:00,20.7,21.38,21.3,20.68,74239.5,0.6,2.9,20.954,20.943,20.0765,42094.9,56341.1,41339.5,7.23
2017-03-17 10:30:00,20.8,20.86,20.69,20.53,39309.7,-0.11,-0.53,20.84,20.86,19.9535,41185.3,49648.8,37871.6,3.83
2017-03-16 15:00:00,20.81,20.98,20.94,20.7,43753.1,0.13,0.62,20.862,20.838,19.857,42245.9,51104.2,36444.2,4.26
2017-03-16 14:00:00,21.03,21.1,20.81,20.72,29516.5,-0.22,-1.05,20.884,20.756,19.748,42091.7,55473.8,34929.7,2.87
2017-03-16 11:30:00,20.73,21.03,21.03,20.71,23655.5,0.3,1.45,20.96,20.631,19.6485,42150.0,58063.4,33872.2,2.3
2017-03-16 10:30:00,20.73,20.99,20.73,20.48,69691.5,0.0,0.0,20.932,20.389,19.5425,70587.3,56632.8,33074.9,6.79
2017-03-15 15:00:00,21.05,21.05,20.8,20.64,44613.1,-0.25,-1.19,20.88,20.184,19.45,58112.3,50451.2,30644.5,4.35
2017-03-15 14:00:00,21.19,21.4,21.05,20.94,42982.1,-0.14,-0.66,20.814,19.95,19.373,59962.5,46802.8,28959.1,4.19
2017-03-15 11:30:00,20.9,21.19,21.19,20.7,29807.7,0.29,1.39,20.628,19.682,19.282,68855.9,44090.0,27144.7,2.9
2017-03-15 10:30:00,20.46,21.28,20.89,20.2,165842.0,0.43,2.1,20.302,19.422,19.1875,73976.9,42419.4,26010.3,16.15
2017-03-14 15:00:00,20.47,20.47,20.47,20.47,7316.6,0.0,0.0,19.846,19.21,19.111,42678.3,26337.9,18605.3,0.71
2017-03-14 14:00:00,20.16,20.47,20.47,20.02,53864.3,0.31,1.54,19.488,19.047,19.047,42790.1,26094.4,18814.0,5.25
2017-03-14 11:30:00,19.56,20.47,20.12,19.56,87448.7,0.56,2.86,19.086,18.876,18.9835,33643.1,21784.2,16595.3,8.52
2017-03-14 10:30:00,18.65,19.68,19.56,18.65,55413.0,0.91,4.88,18.736,18.74,18.9375,19324.1,14385.6,13209.0,5.4
2017-03-13 15:00:00,18.68,18.77,18.61,18.58,9349.0,-0.07,-0.37,18.542,18.666,18.934,10861.9,9680.91,11168.5,0.91
2017-03-13 14:00:00,18.46,18.79,18.68,18.43,7875.56,0.22,1.19,18.574,18.696,18.98,9997.47,9517.09,11350.3,0.77
2017-03-13 11:30:00,18.37,18.46,18.46,18.22,8129.0,0.09,0.49,18.606,18.716,19.02,9398.6,10837.8,11393.4,0.79
2017-03-13 10:30:00,18.53,18.56,18.37,18.06,15853.8,-0.16,-0.86,18.666,18.796,19.0765,9925.4,11115.4,11479.4,1.54
2017-03-10 15:00:00,18.79,18.79,18.59,18.59,13102.0,-0.2,-1.06,18.744,18.882,19.1325,9447.14,10199.4,12130.1,1.28
2017-03-10 14:00:00,18.84,18.87,18.77,18.76,5027.0,-0.07,-0.37,18.79,18.953,19.178,8499.94,9601.19,12995.2,0.49
2017-03-10 11:30:00,18.76,18.87,18.84,18.73,4881.2,0.08,0.43,18.818,19.012,19.2065,9036.72,10872.6,13357.5,0.48
2017-03-10 10:30:00,18.68,18.95,18.76,18.67,10763.0,0.08,0.43,18.826,19.047,19.234,12276.9,11533.7,14066.4,1.05
2017-03-09 15:00:00,18.83,18.88,18.76,18.65,13462.5,-0.07,-0.37,18.926,19.091,19.251,12305.4,11406.3,14716.0,1.31
2017-03-09 14:00:00,18.9,18.96,18.82,18.78,8366.0,-0.08,-0.42,19.02,19.135,19.2685,10951.7,12032.3,14995.3,0.81
2017-03-09 11:30:00,18.88,18.94,18.91,18.83,7710.88,0.03,0.16,19.116,19.202,19.283,10702.4,12656.2,14941.8,0.75
2017-03-09 10:30:00,19.24,19.24,18.88,18.82,21082.4,-0.36,-1.87,19.206,19.264,19.2935,12708.5,13183.4,15666.2,2.05
2017-03-08 15:00:00,19.23,19.28,19.26,19.13,10905.0,0.03,0.16,19.268,19.324,19.3005,10790.4,11949.1,16059.6,1.06
2017-03-08 14:00:00,19.3,19.36,19.23,19.14,6694.0,-0.07,-0.36,19.256,19.357,19.31,10507.3,11843.5,16417.2,0.65
2017-03-08 11:30:00,19.36,19.36,19.3,19.22,7119.91,-0.06,-0.31,19.25,19.383,19.3195,13113.0,14060.9,16741.8,0.69
2017-03-08 10:30:00,19.2,19.43,19.36,19.06,17741.3,0.16,0.83,19.288,19.403,19.322,14609.9,16389.1,17181.7,1.73
2017-03-07 15:00:00,19.2,19.32,19.19,19.18,11492.0,-0.01,-0.05,19.322,19.401,19.3225,13658.3,15842.4,18507.6,1.12
2017-03-07 14:00:00,19.2,19.25,19.2,19.12,9489.11,0.0,0.0,19.38,19.421,19.359,13107.7,16599.1,19211.5,0.92
2017-03-07 11:30:00,19.47,19.49,19.2,19.05,19722.6,-0.27,-1.39,19.458,19.411,19.4035,13179.7,18025.6,19616.3,1.92
2017-03-07 10:30:00,19.5,19.7,19.49,19.41,14604.6,-0.01,-0.05,19.516,19.402,19.435,15008.8,17958.2,19278.7,1.42
2017-03-06 15:00:00,19.48,19.55,19.53,19.44,12983.2,0.05,0.26,19.518,19.364,19.442,18168.3,17227.5,20825.9,1.26
2017-03-06 14:00:00,19.59,19.59,19.48,19.42,8739.13,-0.11,-0.56,19.48,19.323,19.475,18026.6,18149.0,21904.4,0.85
2017-03-06 11:30:00,19.49,19.65,19.59,19.41,9849.2,0.1,0.51,19.462,19.277,19.506,20090.4,20170.2,22490.3,0.96
2017-03-06 10:30:00,19.38,19.82,19.49,19.3,28867.7,0.11,0.57,19.364,19.263,19.5415,22871.6,20990.9,23119.7,2.81
2017-03-03 15:00:00,19.34,19.62,19.5,19.33,30402.4,0.16,0.83,19.288,19.256,19.5845,20907.7,19422.8,25650.4,2.96
2017-03-03 14:00:00,19.4,19.44,19.34,19.26,12274.4,-0.06,-0.31,19.21,19.241,19.593,16286.6,17974.2,26030.1,1.2
2017-03-03 11:30:00,19.1,19.45,19.39,19.09,19058.3,0.29,1.52,19.166,19.244,19.637,18271.5,21172.8,26870.0,1.86
2017-03-03 10:30:00,19.18,19.31,19.1,19.05,23755.0,-0.08,-0.42,19.092,19.297,19.6975,20249.9,21823.9,29709.0,2.31
2017-03-02 15:00:00,19.12,19.14,19.11,18.97,19048.2,-0.01,-0.05,19.162,19.396,19.7025,19110.2,21206.9,33353.9,1.86
2017-03-02 14:00:00,19.12,19.18,19.11,19.02,7297.2,-0.01,-0.05,19.224,19.468,19.714,17937.9,20599.2,32854.4,0.71
2017-03-02 11:30:00,19.02,19.19,19.12,18.88,22198.6,0.1,0.53,19.272,19.52,19.7255,19661.8,24424.3,36474.2,2.16
2017-03-02 10:30:00,19.35,19.35,19.02,19.02,28950.7,-0.33,-1.71,19.322,19.627,19.6955,24074.2,25659.7,37349.9,2.82
2017-03-01 15:00:00,19.42,19.53,19.45,19.35,18056.3,0.03,0.15,19.502,19.735,19.674,23397.9,24810.5,38454.4,1.76
2017-03-01 14:00:00,19.35,19.62,19.42,19.34,13186.6,0.07,0.36,19.63,19.82,19.5805,23303.6,25248.6,37936.1,1.28
2017-03-01 11:30:00,19.36,19.45,19.35,19.31,15916.6,-0.01,-0.05,19.712,19.913,19.4815,23260.5,31877.9,37677.9,1.55
2017-03-01 10:30:00,19.65,19.8,19.37,19.28,44261.0,-0.28,-1.42,19.768,19.945,19.391,29186.9,34086.0,37377.7,4.31
2017-02-28 15:00:00,20.09,20.1,19.92,19.73,25569.2,-0.17,-0.85,19.932,20.03,19.302,27245.2,32567.1,35618.5,2.49
2017-02-28 14:00:00,19.83,20.09,20.09,19.65,17584.4,0.26,1.31,19.968,20.098,19.19,26223.1,37594.2,34767.5,1.71
2017-02-28 11:30:00,19.63,19.89,19.83,19.63,12971.2,0.2,1.02,20.01,20.009,19.066,27193.6,45501.0,34236.1,1.26
2017-02-28 10:30:00,19.65,20.17,19.63,19.63,45548.6,-0.02,-0.1,20.114,19.96,18.9595,40495.4,45109.7,34084.8,4.44
2017-02-27 15:00:00,20.1,20.25,20.19,19.91,34552.7,0.09,0.45,20.122,19.931,18.859,38985.1,48524.1,32339.5,3.37
2017-02-27 14:00:00,20.3,20.37,20.1,20.05,20458.4,-0.2,-0.99,20.128,19.764,18.724,37889.0,49040.0,31013.8,1.99
2017-02-27 11:30:00,20.36,20.48,20.3,20.19,22437.2,-0.06,-0.29,20.228,19.613,18.585,48965.2,52098.3,30195.6,2.19
2017-02-27 10:30:00,19.49,20.67,20.35,19.46,79480.0,0.86,4.41,20.008,19.341,18.4365,63808.3,50623.5,29446.3,7.74
2017-02-24 15:00:00,20.22,20.29,19.67,19.67,37997.2,-0.55,-2.72,19.806,19.05,18.288,49724.0,43477.9,25870.8,3.7
2017-02-24 14:00:00,20.63,20.65,20.22,19.97,29072.3,-0.41,-1.99,19.74,18.837,18.177,58063.0,40669.3,24582.3,2.83
2017-02-24 11:30:00,19.2,20.88,20.6,19.15,75839.5,1.4,7.29,19.4,18.574,18.0445,60191.0,38669.8,23531.5,7.39
2017-02-24 10:30:00,19.13,19.6,19.2,19.02,96652.5,0.07,0.37,18.998,18.282,17.897,55231.3,31940.9,20293.7,9.41
2017-02-23 15:00:00,19.34,19.34,19.34,19.34,9058.46,0.0,0.0,18.674,18.123,17.8295,37438.8,22971.3,16084.7,0.88
2017-02-23 14:00:00,18.52,19.34,19.34,18.52,79692.5,0.82,4.43,18.294,17.959,17.7585,37231.9,23059.8,16053.0,7.76
2017-02-23 11:30:00,18.6,18.6,18.52,18.38,39712.1,-0.08,-0.43,17.934,17.787,17.6835,23275.6,16154.9,12362.1,3.87
2017-02-23 10:30:00,17.56,18.72,18.59,17.46,51041.1,1.03,5.87,17.748,17.684,17.6525,17148.6,12987.7,10732.1,4.97
2017-02-22 15:00:00,17.44,17.62,17.58,17.44,7689.6,0.14,0.8,17.566,17.557,17.611,8650.38,8292.96,8745.95,0.75
2017-02-22 14:00:00,17.53,17.57,17.44,17.4,8024.2,-0.09,-0.51,17.572,17.532,17.625,8503.86,8268.99,8968.98,0.78
2017-02-22 11:30:00,17.59,17.59,17.54,17.45,9911.0,-0.05,-0.28,17.624,17.526,17.653,8887.79,8263.6,8977.87,0.97
2017-02-22 10:30:00,17.68,17.78,17.59,17.57,9077.2,-0.09,-0.51,17.64,17.517,17.6815,9034.27,8495.32,8946.02,0.88
2017-02-21 15:00:00,17.62,17.7,17.68,17.58,8549.92,0.06,0.34,17.62,17.515,17.698,8826.69,8393.12,9343.62,0.83
2017-02-21 14:00:00,17.71,17.75,17.61,17.61,6957.0,-0.1,-0.56,17.548,17.512,17.703,7935.54,8646.49,9253.94,0.68
2017-02-21 11:30:00,17.62,17.79,17.7,17.6,9943.82,0.08,0.45,17.492,17.536,17.711,8034.12,9198.07,9182.93,0.97
2017-02-21 10:30:00,17.43,17.66,17.62,17.32,10643.4,0.19,1.09,17.428,17.558,17.7135,7639.42,9046.11,9342.64,1.04
2017-02-20 15:00:00,17.32,17.49,17.49,17.28,8039.3,0.17,0.98,17.394,17.58,17.7245,7956.37,8569.27,9397.19,0.78
2017-02-20 14:00:00,17.33,17.35,17.32,17.28,4094.17,-0.01,-0.06,17.41,17.621,17.751,7959.56,8476.54,9414.79,0.4
2017-02-20 11:30:00,17.38,17.39,17.33,17.25,7449.92,-0.05,-0.29,17.476,17.665,17.7865,9357.44,9198.95,9524.05,0.73
2017-02-20 10:30:00,17.25,17.43,17.38,17.25,7970.28,0.13,0.75,17.58,17.718,17.8225,10362.0,9668.96,9600.53,0.78
2017-02-17 15:00:00,17.57,17.65,17.45,17.41,12228.2,-0.12,-0.68,17.688,17.78,17.848,10452.8,9692.13,9853.45,1.19
2017-02-17 14:00:00,17.64,17.65,17.57,17.47,8055.21,-0.07,-0.4,17.766,17.846,17.8775,9182.17,9396.72,9906.65,0.78
2017-02-17 11:30:00,17.85,17.85,17.65,17.63,11083.6,-0.2,-1.12,17.832,17.881,17.9085,8993.53,10294.1,10153.7,1.08
2017-02-17 10:30:00,17.83,18.05,17.85,17.79,12472.8,0.02,0.11,17.854,17.894,17.936,9040.46,9861.4,10315.5,1.21
2017-02-16 15:00:00,17.84,17.95,17.92,17.73,8424.2,0.08,0.45,17.856,17.886,17.961,8975.91,9167.78,11095.7,0.82
2017-02-16 14:00:00,17.9,17.98,17.84,17.81,5875.06,-0.06,-0.34,17.872,17.869,17.9865,8931.46,9639.17,11675.3,0.57
2017-02-16 11:30:00,17.76,17.96,17.9,17.7,7112.0,0.14,0.79,17.926,17.869,18.0175,9611.27,10225.1,13124.1,0.69
2017-02-16 10:30:00,17.77,17.86,17.76,17.61,11318.2,-0.01,-0.06,17.93,17.881,18.0265,11594.7,10353.0,13559.8,1.1
2017-02-15 15:00:00,18.0,18.05,17.86,17.77,12150.1,-0.14,-0.78,17.934,17.908,18.035,10682.3,9849.16,14229.5,1.18
2017-02-15 14:00:00,18.11,18.11,18.0,17.98,8201.94,-0.11,-0.61,17.916,17.927,18.0295,9359.65,9532.1,14379.0,0.8
2017-02-15 11:30:00,17.92,18.12,18.11,17.89,9274.11,0.19,1.06,17.866,17.916,18.018,10346.9,10014.8,15507.6,0.9
2017-02-15 10:30:00,17.74,18.13,17.92,17.74,17029.2,0.18,1.01,17.812,17.909,17.974,10838.9,10416.6,15347.3,1.66
2017-02-14 15:00:00,17.76,17.87,17.78,17.75,6756.32,0.02,0.11,17.832,17.936,17.9405,9111.37,10013.3,15057.2,0.66
2017-02-14 14:00:00,17.74,17.82,17.77,17.74,5536.7,0.03,0.17,17.882,17.978,17.9195,9015.98,10769.7,15248.5,0.54
2017-02-14 11:30:00,17.84,17.91,17.75,17.69,13138.1,-0.09,-0.5,17.938,18.036,17.894,9704.53,13023.6,15380.4,1.28
2017-02-14 10:30:00,18.03,18.09,17.84,17.81,11734.3,-0.19,-1.05,17.966,18.104,17.8705,9682.66,13711.4,15327.6,1.14
2017-02-13 15:00:00,18.03,18.14,18.02,18.0,8391.45,-0.01,-0.06,18.006,18.166,17.8455,9994.22,16023.2,15380.9,0.82
2017-02-13 14:00:00,18.06,18.11,18.03,18.0,6279.35,-0.03,-0.17,18.04,18.172,17.811,10915.2,16766.6,15591.2,0.61
2017-02-13 11:30:00,17.89,18.16,18.05,17.88,8979.5,0.16,0.89,18.074,18.162,17.7685,12523.4,18609.8,15626.7,0.87
2017-02-13 10:30:00,17.86,18.08,17.89,17.86,13028.7,0.03,0.17,18.134,18.132,17.7255,16342.7,19225.8,15796.6,1.27
2017-02-10 15:00:00,18.19,18.2,18.04,18.03,13292.1,-0.15,-0.82,18.242,18.12,17.6795,17740.1,21000.4,15613.4,1.29
2017-02-10 14:00:00,18.2,18.22,18.19,18.09,12996.1,-0.01,-0.05,18.326,18.039,17.6255,22052.1,20278.1,15362.9,1.27
2017-02-10 11:30:00,18.35,18.39,18.2,18.11,14320.5,-0.15,-0.82,18.304,17.945,17.5685,22618.0,20101.2,14898.4,1.39
2017-02-10 10:30:00,18.35,18.73,18.35,18.27,28076.0,0.0,0.0,18.25,17.861,17.508,24696.2,19727.2,14514.9,2.73
2017-02-09 15:00:00,18.45,18.5,18.43,18.35,20016.0,-0.02,-0.11,18.13,17.752,17.4445,22109.0,17737.3,13595.7,1.95
2017-02-09 14:00:00,18.09,18.76,18.46,18.04,34852.0,0.37,2.05,17.998,17.637,17.375,24260.7,16943.8,12937.5,3.39
2017-02-09 11:30:00,17.93,18.19,18.08,17.91,15825.5,0.15,0.84,17.752,17.525,17.303,18504.1,14738.6,11329.4,1.54
2017-02-09 10:30:00,17.8,18.05,17.93,17.72,24711.5,0.13,0.73,17.586,17.45,17.248,17584.4,14415.9,10731.8,2.41
2017-02-08 15:00:00,17.79,17.84,17.75,17.7,15139.9,-0.04,-0.22,17.472,17.375,17.1995,14758.3,12643.5,10009.6,1.47
2017-02-08 14:00:00,17.26,18.15,17.77,17.23,30774.7,0.51,2.95,17.374,17.319,17.1605,13365.5,12367.4,9625.97,3.0
2017-02-08 11:30:00,17.25,17.27,17.23,17.17,6068.69,-0.02,-0.12,17.276,17.239,17.12,9626.79,10226.5,8255.13,0.59
2017-02-08 10:30:00,17.31,17.35,17.25,17.18,11227.0,-0.06,-0.35,17.298,17.212,17.11,10973.1,10447.7,8330.5,1.09
2017-02-07 15:00:00,17.25,17.37,17.36,17.24,10581.0,0.11,0.64,17.314,17.192,17.098,11247.4,9695.71,8201.31,1.03
2017-02-07 14:00:00,17.28,17.31,17.26,17.19,8176.24,-0.02,-0.12,17.278,17.155,17.0805,10528.8,9302.66,8290.01,0.8
2017-02-07 11:30:00,17.34,17.47,17.28,17.27,12081.0,-0.06,-0.35,17.264,17.137,17.073,11369.2,9454.1,8101.45,1.18
2017-02-07 10:30:00,17.23,17.38,17.34,17.19,12800.4,0.11,0.64,17.202,17.113,17.0665,10826.1,8931.32,7875.92,1.25
2017-02-06 15:00:00,17.17,17.35,17.33,17.11,12598.2,0.16,0.93,17.126,17.081,17.057,9922.28,7920.18,7721.38,1.23
2017-02-06 14:00:00,17.19,17.21,17.18,17.1,6988.0,-0.01,-0.06,17.07,17.046,17.057,8144.04,7047.66,7516.73,0.68
2017-02-06 11:30:00,16.97,17.24,17.19,16.95,12378.6,0.22,1.3,17.032,17.024,17.065,8076.54,7375.61,7383.53,1.21
2017-02-06 10:30:00,16.97,17.09,16.97,16.84,9365.5,0.0,0.0,17.01,17.002,17.0745,7538.96,6884.55,7252.33,0.91
2017-02-03 15:00:00,17.06,17.06,16.96,16.92,8281.11,-0.1,-0.59,17.024,17.001,17.102,7036.51,6283.8,7832.55,0.81
2017-02-03 14:00:00,16.99,17.07,17.05,16.93,3707.0,0.06,0.35,17.036,17.008,17.111,5918.08,6213.29,8102.11,0.36
2017-02-03 11:30:00,17.08,17.09,16.99,16.96,6650.5,-0.09,-0.53,17.022,17.004,17.121,5951.28,6706.91,8287.26,0.65
2017-02-03 10:30:00,17.0,17.15,17.08,16.93,9690.7,0.08,0.47,17.016,17.006,17.1365,6674.68,7277.37,8363.02,0.94
2017-01-26 15:00:00,17.02,17.07,17.04,16.95,6853.22,0.02,0.12,16.994,17.009,17.1425,6230.14,6748.79,8819.21,0.67
2017-01-26 14:00:00,17.0,17.02,17.02,16.95,2689.0,0.02,0.12,16.978,17.02,17.14,5531.09,6820.51,9073.02,0.26
2017-01-26 11:30:00,16.96,17.04,16.98,16.9,3872.96,0.02,0.12,16.98,17.033,17.1425,6508.49,7522.58,9272.71,0.38
2017-01-26 10:30:00,17.15,17.18,16.96,16.9,10267.5,-0.19,-1.11,16.986,17.068,17.1555,7462.54,7985.8,9693.65,1.0
2017-01-25 15:00:00,16.97,17.02,16.97,16.93,7468.0,0.0,0.0,16.996,17.106,17.17,7880.06,7391.45,10260.7,0.73
2017-01-25 14:00:00,17.04,17.05,16.96,16.95,3358.0,-0.08,-0.47,17.024,17.147,17.164,7267.45,7620.12,10703.0,0.33
2017-01-25 11:30:00,17.01,17.08,17.03,16.91,7576.0,0.02,0.12,17.062,17.203,17.1715,8109.93,9381.31,10932.8,0.74
2017-01-25 10:30:00,17.07,17.16,17.01,16.95,8643.2,-0.06,-0.35,17.086,17.214,17.173,8536.66,9990.94,10952.8,0.84
2017-01-24 15:00:00,17.11,17.11,17.01,16.95,12355.1,-0.1,-0.58,17.15,17.238,17.174,8509.07,9867.62,11694.6,1.2
2017-01-24 14:00:00,17.15,17.18,17.11,17.08,4404.93,-0.04,-0.23,17.216,17.267,17.1985,6902.84,9448.68,12285.2,0.43
2017-01-24 11:30:00,17.1,17.19,17.15,17.08,7570.43,0.05,0.29,17.27,17.276,17.2125,7972.79,10889.6,12984.1,0.74
2017-01-24 10:30:00,17.56,17.56,17.15,17.15,9709.63,-0.41,-2.33,17.344,17.26,17.195,10652.7,11325.5,13735.7,0.95
2017-01-23 15:00:00,17.34,17.37,17.33,17.28,8505.2,-0.01,-0.06,17.342,17.252,17.19,11445.2,11022.8,15469.5,0.83
2017-01-23 14:00:00,17.38,17.38,17.34,17.28,4324.0,-0.04,-0.23,17.326,17.243,17.238,11226.2,11401.5,15209.0,0.42
2017-01-23 11:30:00,17.52,17.54,17.38,17.32,9754.69,-0.14,-0.8,17.318,17.234,17.2855,11994.5,13129.9,16273.4,0.95
2017-01-23 10:30:00,17.29,17.65,17.52,17.18,20969.9,0.23,1.33,17.282,17.181,17.3335,13806.4,13785.8,17071.9,2.04
2017-01-20 15:00:00,17.25,17.27,17.14,17.12,13672.3,-0.11,-0.64,17.176,17.14,17.398,11998.4,12484.3,18639.4,1.33
2017-01-20 14:00:00,17.3,17.35,17.25,17.23,7410.0,-0.05,-0.29,17.162,17.132,17.557,10600.5,11914.8,18993.8,0.72
2017-01-20 11:30:00,17.2,17.32,17.3,17.18,8165.69,0.1,0.58,17.16,17.11,17.727,11576.8,13521.5,19050.2,0.8
2017-01-20 10:30:00,16.96,17.37,17.2,16.9,18814.4,0.24,1.42,17.15,17.13,17.901,14265.3,15121.7,19247.7,1.83
2017-01-19 15:00:00,17.07,17.2,16.99,16.98,11929.5,-0.08,-0.47,17.08,17.149,18.0725,13765.2,15078.6,20207.9,1.16
2017-01-19 14:00:00,17.25,17.27,17.07,17.05,6682.8,-0.18,-1.04,17.104,17.13,18.2665,12970.2,16145.8,21598.5,0.65
2017-01-19 11:30:00,17.25,17.36,17.24,17.17,12291.8,-0.01,-0.06,17.102,17.128,18.4545,13229.0,19916.2,24413.7,1.2
2017-01-19 10:30:00,16.94,17.27,17.25,16.71,21608.2,0.31,1.83,17.06,17.233,18.6175,15466.2,19016.4,24171.9,2.1
2017-01-18 15:00:00,17.14,17.14,16.85,16.83,16313.6,-0.29,-1.69,17.11,17.337,18.777,15978.1,19416.8,23656.7,1.59
2017-01-18 14:00:00,17.06,17.26,17.11,17.0,7954.4,0.05,0.29,17.218,17.486,18.957,16391.9,20358.0,23560.7,0.77
2017-01-18 11:30:00,17.03,17.17,17.06,16.96,7977.21,0.03,0.18,17.156,17.656,19.125,19321.4,24794.5,23513.9,0.78
2017-01-18 10:30:00,17.18,17.33,17.03,16.93,23477.4,-0.15,-0.87,17.154,17.982,19.297,26603.3,26072.8,23518.0,2.29
2017-01-17 15:00:00,17.4,17.8,17.5,17.12,24167.8,0.1,0.57,17.406,18.344,19.477,22566.6,24578.9,23365.7,2.35
2017-01-17 14:00:00,16.8,17.47,17.39,16.6,18382.8,0.59,3.51,17.564,18.672,19.618,22855.5,23373.7,23107.4,1.79
2017-01-17 11:30:00,17.14,17.18,16.8,16.67,22602.0,-0.34,-1.98,17.754,18.996,19.7725,24324.1,25337.2,22599.6,2.2
2017-01-17 10:30:00,17.46,17.49,17.05,16.55,44386.5,-0.41,-2.35,18.156,19.403,19.9595,30267.5,27051.2,21966.8,4.32
2017-01-16 15:00:00,18.29,18.29,18.29,18.29,3294.0,0.0,0.0,18.81,19.781,20.127,25542.4,28911.2,21529.2,0.32
2017-01-16 14:00:00,18.33,18.59,18.29,18.29,25612.0,-0.04,-0.22,19.282,20.002,20.2555,26591.2,29327.5,22177.8,2.49
2017-01-16 11:30:00,18.81,18.82,18.34,18.3,25726.0,-0.47,-2.5,19.78,20.217,20.3745,23891.9,27896.7,21279.6,2.51
2017-01-16 10:30:00,19.91,19.95,18.81,18.29,52319.0,-1.1,-5.52,20.238,20.428,20.4975,26350.3,26763.4,20542.3,5.1
2017-01-13 15:00:00,20.65,20.67,20.32,20.26,20761.0,-0.33,-1.6,20.65,20.594,20.5815,23835.0,22233.3,19084.0,2.02
2017-01-13 14:00:00,20.78,20.87,20.65,20.56,8538.0,-0.13,-0.63,20.752,20.612,20.6025,32279.9,20963.2,18837.0,0.83
2017-01-13 11:30:00,20.63,20.91,20.78,20.53,12115.5,0.15,0.73,20.722,20.61,20.615,32063.8,22152.4,19952.4,1.18
2017-01-13 10:30:00,20.67,21.18,20.63,20.5,38018.1,-0.04,-0.19,20.654,20.564,20.622,31901.5,22841.1,20058.1,3.7
2017-01-12 15:00:00,20.83,21.07,20.87,20.79,39742.2,0.04,0.19,20.618,20.549,20.6335,27176.4,19862.1,19951.3,3.87
2017-01-12 14:00:00,20.5,21.5,20.83,20.5,62985.7,0.33,1.61,20.538,20.516,20.6605,20631.7,16882.4,19043.8,6.13
2017-01-12 11:30:00,20.44,20.57,20.5,20.4,7457.4,0.06,0.29,20.472,20.473,20.695,9646.52,14147.2,16541.3,0.73
2017-01-12 10:30:00,20.41,20.6,20.44,20.4,11304.0,0.03,0.15,20.498,20.509,20.752,12241.1,15028.2,16889.0,1.1
2017-01-11 15:00:00,20.47,20.6,20.45,20.35,14392.8,-0.02,-0.1,20.474,20.532,20.7985,13780.7,14662.5,18286.7,1.4
2017-01-11 14:00:00,20.5,20.54,20.47,20.35,7018.4,-0.03,-0.15,20.48,20.567,20.8635,12547.7,14321.2,19206.9,0.68
2017-01-11 11:30:00,20.62,20.63,20.5,20.45,8060.0,-0.12,-0.58,20.494,20.569,20.9355,13133.0,15934.6,19999.7,0.79
2017-01-11 10:30:00,20.29,20.8,20.63,20.22,20430.4,0.34,1.68,20.474,20.593,21.0135,18647.9,16710.7,21193.0,1.99
2017-01-10 15:00:00,20.48,20.55,20.32,20.32,19002.0,-0.16,-0.78,20.52,20.62,21.101,17815.2,17752.3,24424.5,1.85
2017-01-10 14:00:00,20.55,20.56,20.48,20.4,8227.8,-0.07,-0.34,20.59,20.68,21.1715,15544.2,17275.2,24578.5,0.8
2017-01-10 11:30:00,20.41,20.58,20.54,20.36,9945.0,0.13,0.64,20.654,20.718,21.2315,16094.7,20040.5,26656.0,0.97
2017-01-10 10:30:00,20.88,20.88,20.4,20.2,35634.4,-0.48,-2.3,20.644,20.805,21.261,18736.2,21205.3,27548.5,3.47
2017-01-09 15:00:00,20.67,20.9,20.86,20.61,16267.0,0.19,0.92,20.712,20.917,21.277,14773.5,18935.5,26501.9,1.58
2017-01-09 14:00:00,20.8,20.82,20.67,20.63,7647.0,-0.13,-0.63,20.72,20.995,21.2595,17689.3,18749.8,26496.7,0.74
2017-01-09 11:30:00,20.49,20.85,20.8,20.48,10980.0,0.31,1.51,20.77,21.065,21.249,19006.1,21910.9,26335.0,1.07
2017-01-09 10:30:00,20.61,20.71,20.49,20.4,23152.4,-0.12,-0.58,20.782,21.16,21.2245,23986.3,24092.6,26180.3,2.25
2017-01-06 15:00:00,20.89,20.95,20.74,20.73,15821.0,-0.15,-0.72,20.966,21.302,21.2205,23674.5,24064.8,25790.4,1.54
2017-01-06 14:00:00,20.92,21.0,20.9,20.68,30846.3,-0.02,-0.1,21.122,21.434,21.2035,23097.5,25675.3,25639.1,3.0
2017-01-06 11:30:00,20.86,21.01,20.92,20.85,14230.6,0.06,0.29,21.27,21.582,21.1835,19810.3,31096.7,24403.0,1.39
2017-01-06 10:30:00,21.42,21.49,20.86,20.86,35881.0,-0.56,-2.61,21.36,21.663,21.17,24815.8,31881.9,24460.9,3.49
2017-01-05 15:00:00,21.52,21.52,21.41,21.3,21593.6,-0.11,-0.51,21.538,21.745,21.1375,24198.8,33271.6,23398.8,2.1
2017-01-05 14:00:00,21.66,21.69,21.52,21.48,12935.8,-0.14,-0.65,21.638,21.717,21.091,24455.1,33891.7,23010.2,1.26
2017-01-05 11:30:00,21.36,21.72,21.64,21.35,14410.6,0.28,1.31,21.746,21.637,21.045,28253.1,34068.3,22702.5,1.4
2017-01-05 10:30:00,21.43,21.74,21.37,21.12,39257.8,-0.06,-0.28,21.894,21.524,20.993,42383.0,34243.6,22383.3,3.82
2017-01-04 15:00:00,21.91,21.94,21.75,21.72,32796.4,-0.16,-0.73,21.966,21.433,20.9535,38948.1,30759.2,21296.3,3.19
2017-01-04 14:00:00,22.06,22.25,21.91,21.82,22875.0,-0.15,-0.68,21.952,21.289,20.911,42344.3,28268.1,20264.6,2.23
2017-01-04 11:30:00,22.4,22.43,22.06,21.92,31925.6,-0.34,-1.52,21.796,21.139,20.864,43328.4,27515.9,19463.8,3.11
2017-01-04 10:30:00,21.7,22.57,22.38,21.7,85060.4,0.68,3.13,21.528,20.973,20.807,39883.5,25602.9,18396.6,8.28
2017-01-03 15:00:00,21.68,21.76,21.73,21.6,22083.0,0.05,0.23,21.154,20.785,20.731,26104.2,17709.3,15006.2,2.15
2017-01-03 14:00:00,21.15,21.94,21.68,21.14,49777.4,0.53,2.51,20.9,20.677,20.6895,22570.2,17039.8,14889.2,4.85
2017-01-03 11:30:00,20.72,21.29,21.13,20.66,27795.4,0.41,1.98,20.626,20.53,20.6525,14192.0,13526.1,12813.5,2.71
2017-01-03 10:30:00,20.48,20.75,20.72,20.41,14701.4,0.24,1.17,20.482,20.465,20.631,11703.5,12128.7,11875.8,1.43
2016-12-30 15:00:00,20.47,20.59,20.51,20.19,16163.8,0.04,0.2,20.418,20.453,20.629,11322.3,11336.6,12045.0,1.57
2016-12-30 14:00:00,20.32,20.46,20.46,20.31,4413.2,0.14,0.69,20.416,20.462,20.645,9314.36,10523.0,12074.6,0.43
2016-12-30 11:30:00,20.41,20.41,20.31,20.24,7886.2,-0.1,-0.49,20.454,20.474,20.664,11509.4,11833.5,12583.4,0.77
2016-12-30 10:30:00,20.55,20.69,20.41,20.2,15352.8,-0.14,-0.68,20.434,20.533,20.696,12860.2,12261.1,12723.2,1.5
2016-12-29 15:00:00,20.5,20.63,20.4,20.4,12795.6,-0.1,-0.49,20.448,20.589,20.731,12553.8,11411.7,13296.6,1.25
2016-12-29 14:00:00,20.66,20.66,20.5,20.43,6124.0,-0.16,-0.77,20.488,20.641,20.79,11351.0,11190.4,13829.7,0.6
2016-12-29 11:30:00,20.21,20.69,20.65,20.12,15388.2,0.44,2.18,20.508,20.677,20.852,11731.6,12303.1,14123.0,1.5
2016-12-29 10:30:00,20.37,20.47,20.21,20.2,14640.4,-0.16,-0.79,20.494,20.702,20.904,12157.6,12738.6,14367.9,1.43
2016-12-28 15:00:00,20.6,20.62,20.48,20.45,13821.0,-0.12,-0.58,20.632,20.775,20.9885,11662.0,12100.8,16823.1,1.35
2016-12-28 14:00:00,20.6,20.69,20.6,20.55,6781.2,0.0,0.0,20.73,20.797,21.0615,10269.6,11623.0,19301.3,0.66
2016-12-28 11:30:00,20.58,20.7,20.6,20.54,8027.0,0.02,0.1,20.794,20.805,21.0935,11029.8,12753.4,21168.3,0.78
2016-12-28 10:30:00,20.89,20.89,20.58,20.51,17518.2,-0.31,-1.48,20.846,20.828,21.105,12874.6,13626.2,22705.2,1.71
2016-12-27 15:00:00,20.97,21.0,20.9,20.85,12162.4,-0.07,-0.33,20.91,20.854,21.1085,13319.6,13333.4,22824.8,1.18
2016-12-27 14:00:00,20.92,21.02,20.97,20.85,6859.0,0.05,0.24,20.918,20.859,21.0885,12539.7,13185.4,22896.1,0.67
2016-12-27 11:30:00,20.86,21.08,20.92,20.81,10582.2,0.06,0.29,20.864,20.873,21.065,12976.3,15181.6,23095.0,1.03
2016-12-27 10:30:00,20.9,21.11,20.86,20.7,17251.3,-0.04,-0.19,20.816,20.939,21.0495,14476.9,16469.0,23291.5,1.68
2016-12-26 15:00:00,20.94,21.08,20.9,20.89,19743.0,-0.04,-0.19,20.81,21.027,21.035,14377.7,15942.9,23457.7,1.92
2016-12-26 14:00:00,20.7,20.95,20.94,20.67,8262.81,0.24,1.16,20.798,21.106,21.021,13347.1,15997.1,24459.3,0.8
2016-12-26 11:30:00,20.68,20.73,20.7,20.46,9042.4,0.02,0.1,20.8,21.202,21.0085,13831.2,21545.4,24994.5,0.88
2016-12-26 10:30:00,20.66,21.0,20.68,20.53,18085.2,0.02,0.1,20.882,21.326,21.016,17386.8,26979.6,25229.3,1.76
2016-12-23 15:00:00,20.84,20.97,20.83,20.74,16755.2,-0.01,-0.05,21.062,21.382,21.0245,18461.1,29583.2,25900.5,1.63
2016-12-23 14:00:00,20.93,20.98,20.84,20.61,14590.0,-0.09,-0.43,21.244,21.382,21.038,17508.0,31784.3,27800.7,1.42
2016-12-23 11:30:00,21.16,21.22,20.95,20.95,10683.0,-0.21,-0.99,21.414,21.363,21.033,18647.2,32316.2,28189.8,1.04
2016-12-23 10:30:00,21.35,21.85,21.11,20.93,26820.4,-0.24,-1.12,21.604,21.318,21.0155,29259.6,32606.7,28712.7,2.61
2016-12-22 15:00:00,21.74,21.89,21.58,21.5,23457.0,-0.16,-0.74,21.77,21.257,20.984,36572.4,31008.4,30529.5,2.28
2016-12-22 14:00:00,21.7,22.0,21.74,21.69,11989.8,0.04,0.18,21.702,21.16,20.954,40705.2,30113.9,33270.0,1.17
2016-12-22 11:30:00,21.9,21.9,21.69,21.58,20285.6,-0.21,-0.96,21.52,21.043,20.9375,46060.6,30972.5,34539.8,1.98
2016-12-22 10:30:00,21.6,22.3,21.9,21.59,63745.4,0.3,1.39,21.312,20.936,20.944,45985.3,32921.5,34783.2,6.21
2016-12-21 15:00:00,21.24,22.29,21.94,21.07,63384.0,0.7,3.3,21.032,20.815,20.948,35953.8,28443.6,36372.5,6.17
2016-12-21 14:00:00,20.84,21.46,21.24,20.8,44121.4,0.4,1.92,20.744,20.706,21.017,25444.5,23479.0,34359.5,4.3
2016-12-21 11:30:00,20.65,20.96,20.83,20.53,38766.7,0.18,0.87,20.618,20.667,21.1175,19522.5,22217.8,37496.3,3.78
2016-12-21 10:30:00,20.7,20.77,20.65,20.46,19909.0,-0.05,-0.24,20.566,20.694,21.283,15884.4,23817.0,39737.4,1.94
2016-12-20 15:00:00,20.5,20.57,20.5,20.42,13588.0,0.0,0.0,20.56,20.703,21.4935,19857.7,24063.4,43564.4,1.32
2016-12-20 14:00:00,20.64,20.65,20.5,20.41,10837.4,-0.14,-0.68,20.598,20.713,21.7085,20933.5,24818.6,45126.7,1.06
2016-12-20 11:30:00,20.57,20.72,20.61,20.44,14511.4,0.04,0.19,20.668,20.711,21.914,21513.5,30050.6,45639.7,1.41
2016-12-20 10:30:00,20.74,20.85,20.57,20.42,20576.4,-0.17,-0.82,20.716,20.748,22.099,24913.0,36426.2,45315.0,2.0
2016-12-19 15:00:00,20.7,20.75,20.62,20.34,39775.4,-0.08,-0.39,20.822,20.832,22.269,31749.6,38107.0,45340.0,3.87
2016-12-19 14:00:00,20.84,20.84,20.69,20.52,18966.7,-0.15,-0.72,20.846,20.952,22.475,28269.1,36644.9,45604.2,1.85
2016-12-19 11:30:00,20.85,21.05,20.85,20.79,13737.8,0.0,0.0,20.828,21.081,22.654,28703.7,44301.4,45117.6,1.34
2016-12-19 10:30:00,21.11,21.11,20.85,20.8,31508.8,-0.26,-1.23,20.754,21.328,22.8335,38587.7,45239.9,45001.4,3.07
2016-12-16 15:00:00,20.74,21.33,21.1,20.65,54759.2,0.36,1.74,20.78,21.568,23.03,47939.3,52774.9,45002.3,5.33
2016-12-16 14:00:00,20.6,20.85,20.74,20.43,22373.0,0.14,0.68,20.842,21.872,23.212,44464.4,55657.7,45505.9,2.18
2016-12-16 11:30:00,20.47,20.77,20.6,20.47,21139.7,0.13,0.64,21.058,22.284,23.3875,45020.7,63065.4,44727.4,2.06
2016-12-16 10:30:00,20.49,20.77,20.48,20.1,63158.0,-0.01,-0.05,21.334,22.704,23.5735,59899.1,65434.9,44091.1,6.15
2016-12-15 15:00:00,21.41,21.41,20.98,20.98,78266.6,-0.43,-2.01,21.902,23.117,23.7675,51892.2,61228.8,41667.2,7.62
2016-12-15 14:00:00,21.82,21.87,21.41,21.23,37384.6,-0.41,-1.88,22.356,23.45,23.953,57610.4,54203.8,38982.5,3.64
2016-12-15 11:30:00,21.97,22.0,21.82,21.5,25154.4,-0.15,-0.68,22.902,23.706,24.123,66851.0,52573.0,37801.1,2.45
2016-12-15 10:30:00,22.6,22.97,21.98,21.17,95531.8,-0.62,-2.74,23.51,23.998,24.2825,81110.1,54563.4,38432.1,9.3
2016-12-14 15:00:00,23.29,24.06,23.32,23.15,23123.4,0.03,0.13,24.074,24.227,24.3975,70970.6,45933.9,34592.0,2.25
2016-12-14 14:00:00,24.14,24.14,23.25,23.0,106858.0,-0.89,-3.69,24.332,24.339,24.44,70565.4,44762.9,34408.2,10.41
2016-12-14 11:30:00,24.86,25.1,24.14,23.56,83587.4,-0.72,-2.9,24.544,24.492,24.494,50797.2,37229.7,29712.0,8.14
2016-12-14 10:30:00,24.61,25.5,24.86,24.61,96450.1,0.25,1.02,24.51,24.552,24.4785,38295.0,35354.1,26037.2,9.39
2016-12-13 15:00:00,24.55,25.29,24.8,24.55,44834.4,0.25,1.02,24.486,24.491,24.422,28016.7,26389.4,22269.3,4.37
2016-12-13 14:00:00,24.39,24.87,24.61,24.31,21096.9,0.22,0.9,24.38,24.443,24.407,20897.1,22747.4,21564.8,2.05
2016-12-13 11:30:00,24.0,24.46,24.31,23.88,8017.2,0.31,1.29,24.346,24.418,24.404,18960.4,22105.7,20752.4,0.78
2016-12-13 10:30:00,24.35,24.69,23.97,23.03,21076.4,-0.38,-1.56,24.44,24.456,24.4185,23662.2,23761.1,20769.1,2.05
2016-12-12 15:00:00,24.26,25.0,24.74,24.2,45058.6,0.48,1.98,24.594,24.54,24.4535,32413.3,23029.3,21594.1,4.39
2016-12-12 14:00:00,24.4,24.59,24.27,24.2,9236.2,-0.13,-0.53,24.496,24.567,24.4605,24762.2,22300.9,20990.2,0.9
2016-12-12 11:30:00,24.78,24.78,24.44,24.32,11413.4,-0.34,-1.37,24.506,24.568,24.4815,24597.7,23250.1,26073.5,1.11
2016-12-12 10:30:00,24.72,25.29,24.78,24.49,31526.4,0.06,0.24,24.49,24.541,24.4995,25251.1,24053.6,26509.0,3.07
2016-12-09 15:00:00,24.25,25.45,24.74,24.25,64831.7,0.49,2.02,24.472,24.496,24.5005,23860.1,22194.3,26989.4,6.31
2016-12-09 14:00:00,24.32,24.39,24.25,24.21,6803.2,-0.07,-0.29,24.486,24.405,24.5415,13645.3,16720.2,24990.5,0.66
2016-12-09 11:30:00,24.34,24.4,24.32,24.16,8413.94,-0.02,-0.08,24.638,24.353,24.603,19839.6,18149.2,25346.4,0.82
2016-12-09 10:30:00,24.67,24.68,24.36,24.3,14680.2,-0.31,-1.26,24.63,24.371,24.6565,21902.4,20382.2,25348.2,1.43
2016-12-08 15:00:00,24.81,24.91,24.69,24.65,24571.3,-0.12,-0.48,24.592,24.39,24.721,22856.0,19399.1,26166.2,2.39
2016-12-08 14:00:00,25.01,25.01,24.81,24.75,13757.8,-0.2,-0.8,24.52,24.381,24.761,20528.5,17777.1,26156.0,1.34
2016-12-08 11:30:00,24.29,25.21,25.01,24.28,37774.6,0.72,2.96,24.324,24.367,24.8265,19795.1,20159.0,26086.2,3.68
2016-12-08 10:30:00,24.41,24.41,24.28,24.13,18728.0,-0.13,-0.53,24.068,24.354,24.89,16458.9,19679.6,24740.1,1.82
2016-12-07 15:00:00,24.33,24.39,24.17,24.12,19448.4,-0.16,-0.66,24.112,24.395,24.996,18861.9,28897.0,27046.0,1.89
2016-12-07 14:00:00,23.86,24.42,24.33,23.8,12933.7,0.47,1.97,24.188,24.458,25.1815,15942.1,28964.5,26209.5,1.26
2016-12-07 11:30:00,23.73,23.9,23.83,23.65,10091.0,0.1,0.42,24.242,24.505,25.359,15025.7,31784.6,25845.9,0.98
2016-12-07 10:30:00,24.37,24.4,23.73,23.58,21093.5,-0.64,-2.63,24.41,24.678,25.5615,20522.8,33260.7,34225.1,2.05
2016-12-06 15:00:00,24.55,24.67,24.5,24.08,30743.0,-0.05,-0.2,24.64,24.853,25.8045,22900.2,32543.5,37303.8,2.99
2016-12-06 14:00:00,24.6,24.61,24.55,24.45,4849.44,-0.05,-0.2,24.678,24.942,25.692,38932.0,30314.3,36319.5,0.47
2016-12-06 11:30:00,24.67,24.67,24.6,24.35,8351.6,-0.07,-0.28,24.728,25.052,25.5775,41987.0,32933.4,36494.9,0.81
2016-12-06 10:30:00,24.7,25.24,24.67,24.12,37576.6,-0.03,-0.12,24.768,25.141,25.459,48543.5,34534.9,36531.3,3.66
2016-12-05 15:00:00,24.69,25.44,24.88,24.45,32980.6,0.19,0.77,24.946,25.286,25.34,45998.6,32013.5,35712.8,3.21
2016-12-05 14:00:00,24.8,24.8,24.69,24.31,110902.0,-0.11,-0.44,25.066,25.426,25.2085,42186.8,29800.7,35172.1,10.8
2016-12-05 11:30:00,24.8,24.8,24.8,24.75,20124.0,0.0,0.0,25.206,25.597,25.063,21696.5,25195.0,30050.0,1.96
2016-12-05 10:30:00,25.4,25.4,24.8,24.02,41134.2,-0.6,-2.36,25.376,25.905,24.9105,23879.8,23454.5,29751.5,4.01
2016-12-02 15:00:00,25.49,26.11,25.56,25.34,24852.4,0.07,0.27,25.514,26.213,24.76,20526.3,19907.2,29487.7,2.42
2016-12-02 14:00:00,25.39,25.5,25.48,24.78,13920.9,0.09,0.35,25.626,26.445,24.5735,18028.4,35189.6,29263.3,1.36
2016-12-02 11:30:00,25.67,25.67,25.39,25.3,8451.2,-0.28,-1.09,25.786,26.756,24.4125,17414.7,42064.2,29045.5,0.82
2016-12-02 10:30:00,25.68,26.15,25.65,25.3,31040.4,-0.03,-0.12,25.988,26.442,24.261,28693.5,42324.8,29198.6,3.02
2016-12-01 15:00:00,26.12,26.28,25.49,25.2,24366.8,-0.63,-2.41,26.434,26.103,24.101,23029.2,40056.4,29164.1,2.37
2016-12-01 14:00:00,26.26,26.32,26.12,25.8,12362.6,-0.14,-0.53,26.912,25.777,23.924,19288.1,38527.8,28828.9,1.2
2016-12-01 11:30:00,26.4,26.58,26.28,25.72,10852.4,-0.12,-0.45,27.264,25.394,23.713,52350.7,39412.1,29525.4,1.06
2016-12-01 10:30:00,25.11,26.67,26.4,25.11,64845.3,1.29,5.14,27.726,24.991,23.4895,66713.7,40543.5,29814.4,6.32
2016-11-30 15:00:00,27.88,27.88,27.88,27.88,2719.0,0.0,0.0,26.896,24.529,23.2525,55956.1,34905.0,28300.9,0.26
2016-11-30 14:00:00,27.88,27.88,27.88,27.88,5661.0,0.0,0.0,25.772,23.916,22.912,57083.6,36048.5,29263.3,0.55
2016-11-30 11:30:00,28.59,28.59,27.88,27.88,177676.0,-0.71,-2.48,24.642,23.307,22.561,57767.4,39068.2,29266.6,17.3
2016-11-30 10:30:00,29.62,30.98,28.59,28.54,82667.4,-1.03,-3.48,23.524,22.702,22.209,26473.5,23337.0,20888.0,8.05
2016-10-13 15:00:00,22.26,22.34,22.25,22.15,11057.0,-0.01,-0.04,22.256,22.069,21.8285,14373.2,16026.9,17594.9,1.08
2016-10-13 14:00:00,22.23,22.29,22.26,21.97,8356.75,0.03,0.13,22.162,22.08,21.738,13853.9,16072.3,17911.9,0.81
2016-10-13 11:30:00,22.29,22.4,22.23,22.15,9080.4,-0.06,-0.27,22.06,22.099,21.657,15013.4,18271.8,18185.8,0.88
2016-10-13 10:30:00,22.23,22.65,22.29,22.23,21206.1,0.06,0.27,21.972,22.071,21.5845,20369.0,19130.0,18172.8,2.07
2016-10-12 15:00:00,21.78,22.25,22.25,21.75,22165.6,0.47,2.16,21.88,22.032,21.5115,20200.4,19638.8,17949.2,2.16
2016-10-12 14:00:00,21.79,21.89,21.78,21.75,8460.7,-0.01,-0.05,21.882,21.988,21.442,17680.5,19085.4,17624.2,0.82
2016-10-12 11:30:00,21.79,21.83,21.75,21.6,14154.4,-0.04,-0.18,21.998,21.976,21.397,18290.8,21696.7,17955.1,1.38
2016-10-12 10:30:00,21.82,22.1,21.79,21.7,35858.0,-0.03,-0.14,22.138,21.908,21.359,21530.2,22478.0,18227.3,3.49
2016-10-11 15:00:00,22.26,22.26,21.83,21.81,20363.2,-0.43,-1.93,22.17,21.815,21.3175,17891.0,19465.0,17454.2,1.98
2016-10-11 14:00:00,22.36,22.38,22.26,22.23,9566.4,-0.1,-0.45,22.184,21.716,21.269,19077.1,18439.0,17843.9,0.93
2016-10-11 11:30:00,22.45,22.46,22.36,22.17,11511.8,-0.09,-0.4,22.094,21.588,21.191,20490.3,19163.0,17875.8,1.12
2016-10-11 10:30:00,22.05,22.47,22.45,21.75,30351.5,0.4,1.81,21.954,21.396,21.116,25102.7,19751.4,18453.7,2.96
2016-10-10 15:00:00,21.93,22.02,21.95,21.88,17661.9,0.02,0.09,21.678,21.215,21.0305,23425.9,18099.8,18010.2,1.72
2016-10-10 14:00:00,21.81,22.22,21.9,21.81,26294.1,0.09,0.41,21.46,21.098,20.989,21039.0,17215.7,18640.1,2.56
2016-10-10 11:30:00,21.66,21.89,21.81,21.64,16632.2,0.15,0.69,21.248,20.991,20.942,17800.8,16259.6,17852.7,1.62
2016-10-10 10:30:00,21.49,21.75,21.66,21.4,34573.8,0.17,0.79,21.082,20.896,20.8955,17835.7,16163.0,17687.9,3.37
2016-09-30 15:00:00,20.88,21.23,21.07,20.81,21967.4,0.19,0.91,20.838,20.818,20.8635,14400.1,14213.5,17804.5,2.14
2016-09-30 14:00:00,20.84,20.92,20.86,20.77,5727.4,0.02,0.1,20.752,20.81,20.864,12773.8,13976.6,20280.3,0.56
2016-09-30 11:30:00,20.98,21.04,20.84,20.83,10103.4,-0.14,-0.67,20.736,20.82,20.8785,13392.4,15443.5,21763.8,0.98
2016-09-30 10:30:00,20.5,21.04,20.98,20.5,16806.6,0.48,2.34,20.734,20.822,20.8905,14718.4,17248.9,23307.2,1.64
2016-09-29 15:00:00,20.64,20.7,20.44,20.4,17395.8,-0.2,-0.97,20.71,20.794,20.8915,14490.3,16588.6,25286.7,1.69
2016-09-29 14:00:00,20.77,20.84,20.64,20.53,13835.6,-0.13,-0.63,20.798,20.836,20.8895,14026.8,17155.9,27832.3,1.35
2016-09-29 11:30:00,20.83,20.88,20.78,20.73,8820.8,-0.05,-0.24,20.868,20.846,20.8405,15179.4,17920.6,27961.9,0.86
2016-09-29 10:30:00,20.75,20.84,20.83,20.61,16733.0,0.08,0.39,20.904,20.88,20.7815,17494.6,20064.6,28273.3,1.63
2016-09-28 15:00:00,20.88,20.96,20.86,20.8,15666.4,-0.02,-0.1,20.91,20.893,20.7195,19779.4,19445.8,29407.0,1.53
2016-09-28 14:00:00,21.0,21.08,20.88,20.82,15078.2,-0.12,-0.57,20.878,20.895,20.6525,18686.8,19212.9,30686.4,1.47
2016-09-28 11:30:00,20.96,21.08,20.99,20.89,19598.6,0.03,0.14,20.874,20.909,20.5885,20285.0,21395.6,31661.5,1.91
2016-09-28 10:30:00,20.65,21.01,20.96,20.65,20396.8,0.31,1.5,20.824,20.918,20.5135,20661.8,26583.9,31281.3,1.99
2016-09-27 15:00:00,20.7,20.88,20.86,20.27,28157.0,0.16,0.77,20.856,20.937,20.4405,22634.5,28084.1,31992.3,2.74
2016-09-27 14:00:00,20.87,20.87,20.7,20.62,10203.4,-0.17,-0.81,20.876,20.959,20.3715,19112.1,29365.5,32290.4,0.99
2016-09-27 11:30:00,20.74,21.0,20.86,20.66,23069.4,0.12,0.58,20.912,20.989,20.309,19738.9,33984.8,33060.4,2.25
2016-09-27 10:30:00,21.05,21.09,20.74,20.65,21482.2,-0.31,-1.47,20.944,20.943,20.241,22506.2,38508.7,32806.6,2.09
2016-09-26 15:00:00,20.96,21.22,21.12,20.71,30260.7,0.16,0.76,21.012,20.835,20.1715,32506.1,38003.3,33483.1,2.95
2016-09-26 14:00:00,20.88,21.06,20.96,20.71,10545.0,0.08,0.38,21.018,20.683,20.0745,33533.6,36482.1,32987.8,1.03
2016-09-26 11:30:00,21.02,21.15,20.88,20.81,13337.4,-0.14,-0.67,21.042,20.546,19.978,39619.0,39368.2,32896.7,1.3
2016-09-26 10:30:00,20.88,21.25,21.02,20.6,36905.6,0.14,0.67,21.066,20.41,19.8875,48230.7,42159.9,32827.6,3.59
2016-09-23 15:00:00,21.15,21.68,21.08,20.91,71481.9,-0.07,-0.33,20.942,20.268,19.79,54511.2,41927.3,32367.5,6.96
2016-09-23 14:00:00,21.1,21.22,21.15,21.05,35398.3,0.05,0.24,20.658,20.109,19.671,43500.4,35978.7,29995.6,3.45
2016-09-23 11:30:00,21.01,21.26,21.08,20.9,40971.5,0.07,0.33,20.348,19.944,19.5585,39430.6,35900.4,28549.5,3.99
2016-09-23 10:30:00,20.3,21.06,21.0,20.22,56396.4,0.7,3.45,20.05,19.784,19.4535,39117.5,35215.3,26853.2,5.49
2016-09-22 15:00:00,19.67,20.58,20.4,19.67,68307.9,0.73,3.71,19.754,19.629,19.354,36089.2,32136.0,24705.5,6.65
2016-09-22 14:00:00,19.6,19.74,19.66,19.59,16427.8,0.06,0.31,19.594,19.539,19.296,29343.5,27104.6,22338.7,1.6
2016-09-22 11:30:00,19.58,19.63,19.6,19.53,15049.3,0.02,0.1,19.56,19.508,19.258,28457.1,28963.0,22093.9,1.47
2016-09-22 10:30:00,19.66,19.79,19.59,19.51,39406.1,-0.07,-0.36,19.54,19.466,19.228,32370.3,29493.4,21904.2,3.84
2016-09-21 15:00:00,19.59,19.6,19.52,19.35,41254.7,-0.07,-0.36,19.518,19.41,19.188,31313.1,26425.1,21994.5,4.02
2016-09-21 14:00:00,19.49,19.7,19.6,19.48,34579.4,0.11,0.56,19.504,19.365,19.17,28182.8,23495.3,21512.4,3.37
2016-09-21 11:30:00,19.5,19.56,19.49,19.43,11995.8,-0.01,-0.05,19.484,19.312,19.1275,24865.8,22807.7,20655.8,1.17
2016-09-21 10:30:00,19.3,19.65,19.5,19.15,34615.6,0.2,1.04,19.456,19.233,19.099,29469.0,24012.4,21139.4,3.37
2016-09-20 15:00:00,19.47,19.68,19.48,19.35,34119.8,0.01,0.05,19.392,19.173,19.0835,26616.5,21198.6,21672.9,3.32
2016-09-20 14:00:00,19.52,19.59,19.45,19.34,25603.2,-0.07,-0.36,19.302,19.123,19.093,21537.1,18491.1,22233.7,2.49
2016-09-20 11:30:00,19.35,19.5,19.5,19.2,17994.4,0.15,0.78,19.226,19.079,19.0965,18807.9,17275.0,21682.1,1.75
2016-09-20 10:30:00,19.5,19.72,19.35,19.14,35011.9,-0.15,-0.77,19.14,19.053,19.107,20749.7,17572.8,21669.8,3.41
2016-09-19 15:00:00,19.03,19.24,19.18,18.84,20353.0,0.15,0.79,19.01,19.008,19.128,18555.8,15224.8,23724.7,1.98
2016-09-19 14:00:00,19.07,19.18,19.03,18.94,8723.0,-0.04,-0.21,18.954,18.99,19.13,15780.8,14315.0,24999.7,0.85
2016-09-19 11:30:00,19.06,19.15,19.07,18.9,11957.3,0.01,0.05,18.944,18.966,19.117,15445.1,17563.9,26193.3,1.16
2016-09-19 10:30:00,18.7,19.27,19.07,18.52,27703.2,0.37,1.98,18.932,18.975,19.0805,15742.2,19529.5,26399.7,2.7
2016-09-14 15:00:00,18.9,18.9,18.7,18.61,24042.7,-0.2,-1.06,18.966,18.943,19.038,14396.0,18503.8,26313.5,2.34
2016-09-14 14:00:00,18.98,19.01,18.9,18.8,6477.6,-0.08,-0.42,19.006,18.965,19.001,11893.9,18266.3,25957.2,0.63
2016-09-14 11:30:00,19.01,19.04,18.98,18.91,7044.8,-0.03,-0.16,19.026,18.994,18.966,12849.2,22147.1,26046.2,0.69
2016-09-14 10:30:00,19.24,19.24,19.01,18.8,13442.5,-0.23,-1.2,18.988,19.063,18.9225,19682.6,25976.2,26201.7,1.31
2016-09-13 15:00:00,18.9,19.28,19.24,18.82,20972.3,0.34,1.8,19.018,19.114,18.8815,23316.8,26089.1,27287.4,2.04
2016-09-13 14:00:00,19.0,19.25,18.9,18.9,11532.1,-0.1,-0.53,18.92,19.161,18.808,22611.7,25766.8,27258.7,1.12
