Not
2017-06-30,-0.895,-1.018,0.123
2017-06-23,-0.897,-1.049,0.152
2017-06-16,-1.011,-1.087,0.076
2017-06-09,-1.163,-1.106,-0.057
2017-06-02,-1.333,-1.092,-0.242
2017-05-26,-1.384,-1.031,-0.353
2017-05-19,-1.342,-0.943,-0.399
2017-05-12,-1.259,-0.843,-0.416
2017-05-05,-1.056,-0.739,-0.317
2017-04-28,-0.866,-0.660,-0.205
2017-04-21,-0.686,-0.609,-0.077
2017-04-14,-0.469,-0.589,0.120
2017-04-07,-0.404,-0.619,0.215
2017-03-31,-0.440,-0.673,0.233
2017-03-24,-0.460,-0.731,0.271
2017-03-17,-0.697,-0.799,0.102
2017-03-10,-0.923,-0.825,-0.098
2017-03-03,-0.933,-0.800,-0.133
2017-02-24,-1.027,-0.767,-0.260
2017-02-17,-1.152,-0.702,-0.450
2017-02-10,-1.065,-0.590,-0.476
2017-02-03,-0.997,-0.471,-0.526
2017-01-26,-0.788,-0.339,-0.449
2017-01-20,-0.518,-0.227,-0.291
2017-01-13,-0.175,-0.154,-0.021
2017-01-06,-0.059,-0.149,0.090
2016-12-30,0.048,-0.172,0.219
2016-12-23,0.207,-0.226,0.434
2016-12-16,0.376,-0.335,0.710
2016-12-09,0.555,-0.513,1.068
2016-12-02,0.414,-0.779,1.193
2016-11-25,0.143,-1.078,1.221
2016-11-18,-0.483,-1.383,0.900
2016-11-11,-0.755,-1.608,0.853
2016-11-04,-0.886,-1.821,0.935
2016-10-28,-1.020,-2.055,1.035
2016-10-21,-1.112,-2.314,1.202
2016-10-14,-1.403,-2.615,1.211
2016-09-30,-1.809,-2.917,1.108
2016-09-23,-2.136,-3.194,1.059
2016-09-14,-2.523,-3.459,0.936
2016-09-09,-2.739,-3.693,0.954
2016-09-02,-3.079,-3.931,0.852
2016-08-26,-3.475,-4.145,0.670
2016-08-19,-3.848,-4.312,0.464
2016-08-12,-4.197,-4.428,0.231
2016-08-05,-4.445,-4.486,0.041
2016-07-29,-4.648,-4.496,-0.152
2016-07-19,-4.714,-4.458,-0.256
2016-07-15,-4.921,-4.394,-0.527
2016-07-08,-5.116,-4.262,-0.854
2016-07-01,-5.255,-4.048,-1.207
2016-06-24,-5.329,-3.747,-1.582
2016-06-17,-5.241,-3.351,-1.890
2016-06-08,-5.074,-2.879,-2.196
2016-06-03,-4.892,-2.330,-2.562
2016-05-27,-4.601,-1.689,-2.911
2016-05-20,-4.003,-0.962,-3.041
2016-05-13,-3.214,-0.201,-3.013
2016-05-06,-2.254,0.552,-2.806
2016-04-29,-1.219,1.253,-2.472
2016-04-22,0.263,1.871,-1.608
2016-04-15,2.168,2.273,-0.105
2016-03-29,1.778,2.299,-0.522
2016-03-25,1.616,2.430,-0.813
2016-03-18,1.503,2.633,-1.130
2016-03-11,1.591,2.916,-1.325
2016-03-04,2.221,3.247,-1.026
2016-02-26,2.823,3.504,-0.681
2016-02-19,3.166,3.674,-0.508
2016-02-05,3.025,3.801,-0.775
2016-01-29,3.484,3.994,-0.511
2016-01-22,4.004,4.122,-0.118
2016-01-15,4.256,4.152,0.104
2016-01-08,5.059,4.126,0.934
2015-12-31,4.839,3.892,0.947
2015-12-25,4.147,3.656,0.491
2015-07-15,3.801,3.533,0.268
2015-07-02,4.400,3.466,0.934
2015-06-26,5.066,3.232,1.834
2015-06-19,4.897,2.774,2.123
2015-06-12,4.788,2.243,2.545
2015-06-05,4.035,1.607,2.428
2015-05-29,3.304,1.000,2.304
2015-05-22,nan,nan,nan
2015-05-15,nan,nan,nan
2015-05-04,nan,nan,nan
2015-04-30,nan,nan,nan
2015-04-24,nan,nan,nan
2015-04-17,nan,nan,nan
2015-04-10,nan,nan,nan
2015-04-03,nan,nan,nan
2015-03-27,nan,nan,nan
2015-03-20,nan,nan,nan
2015-03-13,nan,nan,nan
2015-03-06,nan,nan,nan
2015-02-27,nan,nan,nan
2015-02-17,nan,nan,nan
2015-02-13,nan,nan,nan
2015-02-06,nan,nan,nan
2015-01-30,nan,nan,nan
2015-01-23,nan,nan,nan
2015-01-16,nan,nan,nan
2015-01-09,nan,nan,nan
2014-12-31,nan,nan,nan
2014-12-26,nan,nan,nan
2014-12-19,nan,nan,nan
2014-12-12,nan,nan,nan
2014-12-05,nan,nan,nan
2014-11-28,nan,nan,nan
2014-11-21,nan,nan,nan
2014-11-14,nan,nan,nan
2014-11-07,nan,nan,nan
2014-10-31,nan,nan,nan
2014-10-24,nan,nan,nan
2014-10-17,nan,nan,nan
2014-10-10,nan,nan,nan
