date,open,high,close,low,volume,price_change,p_change,ma5,ma10,ma20,v_ma5,v_ma10,v_ma20,turnover
2017-06-30,9.76,10.38,5.23,5.08,1162297.38,-4.65,-47.06,9.35,10.515,14.02,1059028.7,1234026.53,1503267.76,21.15
2017-05-31,10.22,10.77,9.88,9.11,778596.19,-0.33,-3.23,10.48,11.151,14.939,980932.87,1222903.51,1545659.92,28.69
2017-04-28,10.41,10.92,10.21,9.92,649299.12,-0.18,-1.73,10.792,11.35,15.414,1278389.34,1411452.56,1646387.69,23.92
2017-03-31,11.0,12.4,10.39,10.2,2129101.0,-0.65,-5.89,11.34,11.542,15.961,1543011.56,1579579.92,1844683.0,78.44
2017-02-28,10.91,11.34,11.04,10.72,575849.81,0.16,1.47,11.638,11.716,16.954,1365683.79,1784220.8,1956351.25,21.22
2017-01-26,11.49,11.97,10.88,10.24,771818.25,-0.56,-4.89,11.68,11.877,16.895,1409024.36,1878397.73,1927581.76,28.44
2016-12-30,12.87,13.4,11.44,11.22,2265878.5,-1.51,-11.66,11.822,13.489,17.212,1464874.14,1970554.57,1988411.42,83.48
2016-11-30,12.23,13.46,12.95,12.01,1972410.25,1.07,9.01,11.908,14.122,17.532,1544515.79,1842244.79,1972996.59,72.67
2016-10-28,11.27,12.22,11.88,11.27,1242462.12,0.63,5.6,11.744,14.49,17.802,1616148.29,1740239.95,1973031.08,45.78
2016-09-30,11.52,11.82,11.25,11.15,792552.69,-0.34,-2.93,11.794,16.052,18.172,2202757.81,1827407.61,2018691.64,29.2
2016-08-31,11.8,11.97,11.59,11.28,1051067.12,-0.28,-2.36,12.074,17.524,18.633,2347771.1,1772509.0,2100434.23,38.72
2016-07-29,12.11,13.63,11.87,11.7,2664086.75,-0.26,-2.14,15.156,18.726,19.136,2476235.0,1868416.34,2175389.03,98.15
2016-06-30,12.15,13.6,12.13,11.14,2330572.75,0.0,0.0,16.336,19.478,19.695,2139973.8,1881322.81,2137796.89,85.86
2016-05-31,12.5,16.09,12.13,11.28,4175509.75,-0.52,-4.11,17.236,20.38,20.326,1864331.61,2109786.09,2121732.24,305.23
2016-04-29,26.66,29.96,12.65,12.47,1517619.12,-14.35,-53.15,20.31,22.192,21.071,1452057.41,2128481.71,1935025.19,110.94
2016-03-31,17.96,28.37,27.0,17.89,1693386.62,9.23,51.94,22.974,21.913,21.913,1197246.9,1976765.8,1976765.8,247.57
2016-02-29,16.68,22.97,17.77,16.08,982780.75,1.14,6.86,22.296,21.348,21.348,1260597.67,2008252.37,2008252.37,143.68
2016-01-29,27.2,27.42,16.63,15.1,952361.81,-10.87,-39.53,22.62,21.795,21.795,1622671.82,2136436.33,2136436.33,139.23
2015-12-31,28.57,31.43,27.5,25.44,2114138.75,1.53,5.89,23.524,22.533,22.533,2355240.56,2305589.83,2305589.83,309.08
2015-11-02,24.5,25.97,25.97,24.0,243566.55,2.36,10.0,24.074,21.705,21.705,2804906.01,2337498.34,2337498.34,35.61
2015-10-30,19.49,23.61,23.61,19.46,2010140.5,4.22,21.76,20.852,20.852,20.852,2756284.7,2756284.7,2756284.7,293.88
2015-09-30,20.0,22.2,19.39,17.15,2793151.5,-1.76,-8.32,20.163,20.163,20.163,2942820.75,2942820.75,2942820.75,408.36
2015-08-31,30.3,38.0,21.15,18.3,4615205.5,-9.1,-30.08,20.42,20.42,20.42,2992710.5,2992710.5,2992710.5,674.74
2015-07-31,10.85,30.25,30.25,10.85,4362466.0,20.39,206.79,20.055,20.055,20.055,2181463.01,2181463.01,2181463.01,637.79
2015-06-30,8.22,9.86,9.86,8.22,460.01,1.37,20.0,9.86,9.86,9.86,460.01,460.01,460.01,0.07
