Not
2017-03-17@15:00:00,-0.034,-0.021,-0.013
2017-03-17@14:00:00,-0.021,-0.017,-0.004
2017-03-17@11:30:00,-0.019,-0.016,-0.003
2017-03-17@10:30:00,-0.022,-0.016,-0.007
2017-03-16@15:00:00,-0.026,-0.014,-0.012
2017-03-16@14:00:00,-0.030,-0.011,-0.018
2017-03-16@11:30:00,-0.028,-0.007,-0.022
2017-03-16@10:30:00,-0.029,-0.001,-0.028
2017-03-15@15:00:00,-0.028,0.006,-0.034
2017-03-15@14:00:00,-0.021,0.015,-0.035
2017-03-15@11:30:00,-0.014,0.023,-0.038
2017-03-15@10:30:00,-0.007,0.033,-0.040
2017-03-14@15:00:00,0.010,0.043,-0.033
2017-03-14@14:00:00,0.022,0.051,-0.029
2017-03-14@11:30:00,0.029,0.058,-0.029
2017-03-14@10:30:00,0.033,0.066,-0.033
2017-03-13@15:00:00,0.031,0.074,-0.043
2017-03-13@14:00:00,0.036,0.085,-0.048
2017-03-13@11:30:00,0.046,0.097,-0.051
2017-03-13@10:30:00,0.062,0.109,-0.048
2017-03-10@15:00:00,0.084,0.121,-0.037
2017-03-10@14:00:00,0.094,0.131,-0.037
2017-03-10@11:30:00,0.107,0.140,-0.032
2017-03-10@10:30:00,0.127,0.148,-0.021
2017-03-09@15:00:00,0.151,0.153,-0.002
2017-03-09@14:00:00,0.160,0.154,0.007
2017-03-09@11:30:00,0.176,0.152,0.024
2017-03-09@10:30:00,0.188,0.146,0.042
2017-03-08@15:00:00,0.181,0.135,0.046
2017-03-08@14:00:00,0.188,0.124,0.064
2017-03-08@11:30:00,0.195,0.108,0.087
2017-03-08@10:30:00,0.208,0.086,0.122
2017-03-07@15:00:00,0.208,0.056,0.152
2017-03-07@14:00:00,0.147,0.018,0.129
2017-03-07@11:30:00,0.045,-0.015,0.060
2017-03-07@10:30:00,0.019,-0.030,0.048
2017-03-06@15:00:00,-0.001,-0.042,0.041
2017-03-06@14:00:00,-0.028,-0.052,0.024
2017-03-06@11:30:00,-0.056,-0.058,0.002
2017-03-06@10:30:00,-0.070,-0.058,-0.011
2017-03-03@15:00:00,-0.078,-0.055,-0.022
2017-03-03@14:00:00,-0.078,-0.050,-0.028
2017-03-03@11:30:00,-0.075,-0.043,-0.032
2017-03-03@10:30:00,-0.075,-0.035,-0.040
2017-03-02@15:00:00,-0.058,-0.025,-0.033
2017-03-02@14:00:00,-0.044,-0.017,-0.027
2017-03-02@11:30:00,-0.031,-0.010,-0.021
2017-03-02@10:30:00,-0.014,-0.005,-0.010
2017-03-01@15:00:00,-0.003,-0.002,-0.001
2017-03-01@14:00:00,-0.005,-0.002,-0.003
2017-03-01@11:30:00,-0.007,-0.001,-0.006
2017-03-01@10:30:00,-0.016,0.000,-0.016
2017-02-28@15:00:00,-0.016,0.004,-0.021
2017-02-28@14:00:00,-0.013,0.009,-0.022
2017-02-28@11:30:00,-0.008,0.015,-0.023
2017-02-28@10:30:00,-0.001,0.021,-0.021
2017-02-27@15:00:00,0.010,0.026,-0.016
2017-02-27@14:00:00,0.019,0.030,-0.011
2017-02-27@11:30:00,0.026,0.033,-0.007
2017-02-27@10:30:00,0.032,0.034,-0.002
2017-02-24@15:00:00,0.035,0.035,0.001
2017-02-24@14:00:00,0.036,0.035,0.001
2017-02-24@11:30:00,0.037,0.035,0.003
2017-02-24@10:30:00,0.037,0.034,0.003
2017-02-23@15:00:00,0.038,0.033,0.005
2017-02-23@14:00:00,0.040,0.032,0.008
2017-02-23@11:30:00,0.039,0.030,0.009
2017-02-23@10:30:00,0.041,0.028,0.014
2017-02-22@15:00:00,0.043,0.024,0.019
2017-02-22@14:00:00,0.039,0.020,0.019
2017-02-22@11:30:00,0.037,0.015,0.022
2017-02-22@10:30:00,0.033,0.009,0.024
2017-02-21@15:00:00,0.028,0.003,0.025
2017-02-21@14:00:00,0.021,-0.003,0.024
2017-02-21@11:30:00,0.015,-0.009,0.024
2017-02-21@10:30:00,0.004,-0.015,0.019
2017-02-20@15:00:00,-0.013,-0.020,0.007
2017-02-20@14:00:00,-0.035,-0.021,-0.013
2017-02-20@11:30:00,-0.037,-0.018,-0.019
2017-02-20@10:30:00,-0.040,-0.013,-0.027
2017-02-17@15:00:00,-0.040,-0.007,-0.033
2017-02-17@14:00:00,-0.032,0.002,-0.034
2017-02-17@11:30:00,-0.020,0.010,-0.030
2017-02-17@10:30:00,-0.007,0.018,-0.025
2017-02-16@15:00:00,-0.002,0.024,-0.026
2017-02-16@14:00:00,-0.001,0.030,-0.031
2017-02-16@11:30:00,0.006,0.038,-0.032
2017-02-16@10:30:00,0.020,0.046,-0.026
2017-02-15@15:00:00,0.037,0.053,-0.016
2017-02-15@14:00:00,0.050,0.057,-0.007
2017-02-15@11:30:00,0.055,0.059,-0.004
2017-02-15@10:30:00,0.059,0.059,-0.000
2017-02-14@15:00:00,0.064,0.060,0.004
2017-02-14@14:00:00,0.067,0.059,0.008
2017-02-14@11:30:00,0.070,0.056,0.013
2017-02-14@10:30:00,0.070,0.053,0.017
2017-02-13@15:00:00,0.068,0.049,0.019
2017-02-13@14:00:00,0.061,0.044,0.017
2017-02-13@11:30:00,0.054,0.040,0.014
2017-02-13@10:30:00,0.042,0.036,0.006
2017-02-10@15:00:00,0.040,0.035,0.005
2017-02-10@14:00:00,0.042,0.033,0.008
2017-02-10@11:30:00,0.042,0.031,0.011
2017-02-10@10:30:00,0.041,0.029,0.012
2017-02-09@15:00:00,0.038,0.025,0.012
2017-02-09@14:00:00,0.038,0.022,0.015
2017-02-09@11:30:00,0.034,0.019,0.015
2017-02-09@10:30:00,0.028,0.015,0.013
2017-02-08@15:00:00,0.018,0.012,0.006
2017-02-08@14:00:00,0.014,0.010,0.004
2017-02-08@11:30:00,0.011,0.009,0.002
2017-02-08@10:30:00,0.018,0.008,0.010
2017-02-07@15:00:00,0.023,0.006,0.017
2017-02-07@14:00:00,0.023,0.002,0.021
2017-02-07@11:30:00,0.022,-0.004,0.026
2017-02-07@10:30:00,0.023,-0.010,0.033
2017-02-06@15:00:00,0.013,-0.018,0.031
2017-02-06@14:00:00,0.003,-0.026,0.029
2017-02-06@11:30:00,-0.006,-0.033,0.028
2017-02-06@10:30:00,-0.017,-0.040,0.023
2017-02-03@15:00:00,-0.026,-0.046,0.020
2017-02-03@14:00:00,-0.031,-0.051,0.020
2017-02-03@11:30:00,-0.036,-0.056,0.019
2017-02-03@10:30:00,-0.038,-0.061,0.023
2017-01-26@15:00:00,-0.040,-0.066,0.026
2017-01-26@14:00:00,-0.047,-0.073,0.026
2017-01-26@11:30:00,-0.049,-0.079,0.030
2017-01-26@10:30:00,-0.059,-0.087,0.028
2017-01-25@15:00:00,-0.066,-0.094,0.028
2017-01-25@14:00:00,-0.072,-0.101,0.029
2017-01-25@11:30:00,-0.077,-0.108,0.031
2017-01-25@10:30:00,-0.088,-0.116,0.028
2017-01-24@15:00:00,-0.092,-0.123,0.030
2017-01-24@14:00:00,-0.092,-0.130,0.038
2017-01-24@11:30:00,-0.099,-0.140,0.041
2017-01-24@10:30:00,-0.106,-0.150,0.044
2017-01-23@15:00:00,-0.114,-0.161,0.047
2017-01-23@14:00:00,-0.126,-0.173,0.047
2017-01-23@11:30:00,-0.140,-0.184,0.045
2017-01-23@10:30:00,-0.156,-0.196,0.040
2017-01-20@15:00:00,-0.174,-0.206,0.031
2017-01-20@14:00:00,-0.187,-0.213,0.027
2017-01-20@11:30:00,-0.201,-0.220,0.019
2017-01-20@10:30:00,-0.214,-0.225,0.011
2017-01-19@15:00:00,-0.227,-0.228,0.001
2017-01-19@14:00:00,-0.225,-0.228,0.003
2017-01-19@11:30:00,-0.231,-0.229,-0.002
2017-01-19@10:30:00,-0.235,-0.228,-0.007
2017-01-18@15:00:00,-0.244,-0.226,-0.017
2017-01-18@14:00:00,-0.247,-0.222,-0.025
2017-01-18@11:30:00,-0.253,-0.216,-0.038
2017-01-18@10:30:00,-0.270,-0.206,-0.064
2017-01-17@15:00:00,-0.271,-0.190,-0.081
2017-01-17@14:00:00,-0.270,-0.170,-0.100
2017-01-17@11:30:00,-0.259,-0.145,-0.114
2017-01-17@10:30:00,-0.226,-0.116,-0.110
2017-01-16@15:00:00,-0.191,-0.089,-0.102
2017-01-16@14:00:00,-0.136,-0.063,-0.073
2017-01-16@11:30:00,-0.115,-0.045,-0.070
2017-01-16@10:30:00,-0.083,-0.028,-0.056
2017-01-13@15:00:00,-0.059,-0.014,-0.045
2017-01-13@14:00:00,-0.042,-0.002,-0.039
2017-01-13@11:30:00,-0.029,0.007,-0.037
2017-01-13@10:30:00,-0.017,0.017,-0.034
2017-01-12@15:00:00,0.003,0.025,-0.022
2017-01-12@14:00:00,0.016,0.030,-0.014
2017-01-12@11:30:00,0.025,0.034,-0.009
2017-01-12@10:30:00,0.030,0.036,-0.006
2017-01-11@15:00:00,0.036,0.038,-0.002
2017-01-11@14:00:00,0.044,0.038,0.005
2017-01-11@11:30:00,0.048,0.037,0.011
2017-01-11@10:30:00,0.050,0.034,0.016
2017-01-10@15:00:00,0.045,0.030,0.015
2017-01-10@14:00:00,0.046,0.027,0.019
2017-01-10@11:30:00,0.043,0.022,0.021
2017-01-10@10:30:00,0.034,0.017,0.017
2017-01-09@15:00:00,0.028,0.013,0.015
2017-01-09@14:00:00,0.017,0.009,0.009
2017-01-09@11:30:00,0.008,0.007,0.001
2017-01-09@10:30:00,0.000,0.006,-0.006
2017-01-06@15:00:00,-0.011,0.008,-0.019
2017-01-06@14:00:00,-0.001,0.013,-0.013
2017-01-06@11:30:00,0.018,0.016,0.002
2017-01-06@10:30:00,0.032,0.015,0.017
2017-01-05@15:00:00,0.047,0.011,0.036
2017-01-05@14:00:00,0.046,0.002,0.044
2017-01-05@11:30:00,0.036,-0.009,0.045
2017-01-05@10:30:00,0.023,-0.020,0.043
2017-01-04@15:00:00,0.006,-0.030,0.036
2017-01-04@14:00:00,-0.007,-0.039,0.032
2017-01-04@11:30:00,-0.021,-0.047,0.027
2017-01-04@10:30:00,-0.035,-0.054,0.019
2017-01-03@15:00:00,-0.041,-0.059,0.017
2017-01-03@14:00:00,-0.059,-0.063,0.004
2017-01-03@11:30:00,-0.065,-0.064,-0.000
2017-01-03@10:30:00,-0.072,-0.064,-0.008
2016-12-30@15:00:00,-0.076,-0.062,-0.014
2016-12-30@14:00:00,-0.073,-0.059,-0.015
2016-12-30@11:30:00,-0.073,-0.055,-0.018
2016-12-30@10:30:00,-0.062,-0.051,-0.011
2016-12-29@15:00:00,-0.054,-0.048,-0.006
2016-12-29@14:00:00,-0.045,-0.046,0.001
2016-12-29@11:30:00,-0.032,-0.047,0.014
2016-12-29@10:30:00,-0.025,-0.050,0.025
2016-12-28@15:00:00,-0.012,-0.057,0.045
2016-12-28@14:00:00,-0.016,-0.068,0.052
2016-12-28@11:30:00,-0.031,-0.081,0.050
2016-12-28@10:30:00,-0.041,-0.093,0.052
2016-12-27@15:00:00,-0.057,-0.106,0.050
2016-12-27@14:00:00,-0.072,-0.119,0.047
2016-12-27@11:30:00,-0.095,-0.130,0.035
2016-12-27@10:30:00,-0.126,-0.139,0.013
2016-12-26@15:00:00,-0.166,-0.143,-0.023
2016-12-26@14:00:00,-0.172,-0.137,-0.035
2016-12-26@11:30:00,-0.172,-0.128,-0.044
2016-12-26@10:30:00,-0.160,-0.117,-0.043
2016-12-23@15:00:00,-0.142,-0.106,-0.035
2016-12-23@14:00:00,-0.130,-0.098,-0.032
2016-12-23@11:30:00,-0.108,-0.090,-0.019
2016-12-23@10:30:00,-0.094,-0.085,-0.009
2016-12-22@15:00:00,-0.077,-0.083,0.006
2016-12-22@14:00:00,-0.075,-0.084,0.009
2016-12-22@11:30:00,-0.069,-0.086,0.018
2016-12-22@10:30:00,-0.061,-0.091,0.030
2016-12-21@15:00:00,-0.047,-0.098,0.051
2016-12-21@14:00:00,-0.055,-0.111,0.055
2016-12-21@11:30:00,-0.064,-0.125,0.061
2016-12-21@10:30:00,-0.081,-0.140,0.059
2016-12-20@15:00:00,-0.110,-0.154,0.045
2016-12-20@14:00:00,-0.125,-0.166,0.041
2016-12-20@11:30:00,-0.133,-0.176,0.043
2016-12-20@10:30:00,-0.146,-0.187,0.040
2016-12-19@15:00:00,-0.167,-0.197,0.029
2016-12-19@14:00:00,-0.187,-0.204,0.017
2016-12-19@11:30:00,-0.198,-0.208,0.010
2016-12-19@10:30:00,-0.211,-0.211,-0.000
2016-12-16@15:00:00,-0.227,-0.211,-0.016
2016-12-16@14:00:00,-0.234,-0.207,-0.028
2016-12-16@11:30:00,-0.244,-0.200,-0.045
2016-12-16@10:30:00,-0.254,-0.189,-0.065
2016-12-15@15:00:00,-0.253,-0.172,-0.081
2016-12-15@14:00:00,-0.244,-0.152,-0.092
2016-12-15@11:30:00,-0.223,-0.129,-0.094
2016-12-15@10:30:00,-0.208,-0.106,-0.103
2016-12-14@15:00:00,-0.186,-0.080,-0.106
2016-12-14@14:00:00,-0.155,-0.053,-0.102
2016-12-14@11:30:00,-0.126,-0.028,-0.098
2016-12-14@10:30:00,-0.094,-0.004,-0.090
2016-12-13@15:00:00,-0.072,0.019,-0.091
2016-12-13@14:00:00,-0.067,0.042,-0.108
2016-12-13@11:30:00,-0.052,0.069,-0.121
2016-12-13@10:30:00,-0.020,0.099,-0.119
2016-12-12@15:00:00,0.016,0.129,-0.113
2016-12-12@14:00:00,0.059,0.157,-0.098
2016-12-12@11:30:00,0.105,0.181,-0.077
2016-12-12@10:30:00,0.151,0.201,-0.049
2016-12-09@15:00:00,0.209,0.213,-0.004
2016-12-09@14:00:00,0.220,0.214,0.006
2016-12-09@11:30:00,0.220,0.212,0.008
2016-12-09@10:30:00,0.222,0.210,0.012
2016-12-08@15:00:00,0.225,0.207,0.017
2016-12-08@14:00:00,0.205,0.203,0.002
2016-12-08@11:30:00,0.198,0.203,-0.005
2016-12-08@10:30:00,0.185,0.204,-0.019
2016-12-07@15:00:00,0.172,0.209,-0.036
2016-12-07@14:00:00,0.180,0.218,-0.038
2016-12-07@11:30:00,0.192,0.227,-0.036
2016-12-07@10:30:00,0.209,0.236,-0.027
2016-12-06@15:00:00,0.228,0.243,-0.015
2016-12-06@14:00:00,0.232,0.247,-0.015
2016-12-06@11:30:00,0.225,0.250,-0.025
2016-12-06@10:30:00,0.203,0.257,-0.053
2016-12-05@15:00:00,0.209,0.270,-0.061
2016-12-05@14:00:00,0.227,0.285,-0.058
2016-12-05@11:30:00,0.240,0.300,-0.060
2016-12-05@10:30:00,0.263,0.315,-0.051
2016-12-02@15:00:00,0.305,0.328,-0.023
2016-12-02@14:00:00,0.345,0.333,0.012
2016-12-02@11:30:00,0.370,0.330,0.040
2016-12-02@10:30:00,0.392,0.320,0.072
2016-12-01@15:00:00,0.408,0.302,0.105
2016-12-01@14:00:00,0.397,0.276,0.121
2016-12-01@11:30:00,0.375,0.246,0.129
2016-12-01@10:30:00,0.353,0.214,0.139
2016-11-30@15:00:00,0.322,0.179,0.143
2016-11-30@14:00:00,0.262,0.143,0.119
2016-11-30@11:30:00,0.219,0.113,0.106
2016-11-30@10:30:00,0.175,0.087,0.088
2016-10-13@15:00:00,0.108,0.065,0.043
2016-10-13@14:00:00,0.084,0.054,0.030
2016-10-13@11:30:00,0.064,0.046,0.018
2016-10-13@10:30:00,0.045,0.042,0.003
2016-10-12@15:00:00,0.047,0.041,0.006
2016-10-12@14:00:00,0.046,0.040,0.007
2016-10-12@11:30:00,0.050,0.038,0.012
2016-10-12@10:30:00,0.052,0.035,0.017
2016-10-11@15:00:00,0.051,0.031,0.020
2016-10-11@14:00:00,0.047,0.026,0.021
2016-10-11@11:30:00,0.041,0.020,0.020
2016-10-11@10:30:00,0.036,0.015,0.021
2016-10-10@15:00:00,0.029,0.010,0.019
2016-10-10@14:00:00,0.022,0.005,0.017
2016-10-10@11:30:00,0.018,0.001,0.017
2016-10-10@10:30:00,0.003,-0.003,0.006
2016-09-30@15:00:00,-0.007,-0.004,-0.003
2016-09-30@14:00:00,-0.006,-0.004,-0.003
2016-09-30@11:30:00,-0.006,-0.003,-0.003
2016-09-30@10:30:00,-0.006,-0.002,-0.004
2016-09-29@15:00:00,-0.008,-0.001,-0.006
2016-09-29@14:00:00,-0.006,0.000,-0.006
2016-09-29@11:30:00,-0.004,0.002,-0.006
2016-09-29@10:30:00,-0.005,0.003,-0.009
2016-09-28@15:00:00,-0.006,0.006,-0.012
2016-09-28@14:00:00,-0.005,0.009,-0.013
2016-09-28@11:30:00,-0.003,0.012,-0.015
2016-09-28@10:30:00,0.003,0.016,-0.013
2016-09-27@15:00:00,0.005,0.019,-0.014
2016-09-27@14:00:00,nan,nan,nan
2016-09-27@11:30:00,nan,nan,nan
2016-09-27@10:30:00,nan,nan,nan
2016-09-26@15:00:00,nan,nan,nan
2016-09-26@14:00:00,nan,nan,nan
2016-09-26@11:30:00,nan,nan,nan
2016-09-26@10:30:00,nan,nan,nan
2016-09-23@15:00:00,nan,nan,nan
2016-09-23@14:00:00,nan,nan,nan
2016-09-23@11:30:00,nan,nan,nan
2016-09-23@10:30:00,nan,nan,nan
2016-09-22@15:00:00,nan,nan,nan
2016-09-22@14:00:00,nan,nan,nan
2016-09-22@11:30:00,nan,nan,nan
2016-09-22@10:30:00,nan,nan,nan
2016-09-21@15:00:00,nan,nan,nan
2016-09-21@14:00:00,nan,nan,nan
2016-09-21@11:30:00,nan,nan,nan
2016-09-21@10:30:00,nan,nan,nan
2016-09-20@15:00:00,nan,nan,nan
2016-09-20@14:00:00,nan,nan,nan
2016-09-20@11:30:00,nan,nan,nan
2016-09-20@10:30:00,nan,nan,nan
2016-09-19@15:00:00,nan,nan,nan
2016-09-19@14:00:00,nan,nan,nan
2016-09-19@11:30:00,nan,nan,nan
2016-09-19@10:30:00,nan,nan,nan
2016-09-14@15:00:00,nan,nan,nan
2016-09-14@14:00:00,nan,nan,nan
2016-09-14@11:30:00,nan,nan,nan
2016-09-14@10:30:00,nan,nan,nan
2016-09-13@15:00:00,nan,nan,nan
2016-09-13@14:00:00,nan,nan,nan
