date,open,high,close,low,volume,price_change,p_change,ma5,ma10,ma20,v_ma5,v_ma10,v_ma20,turnover
2017-03-17 15:00:00,28.23,28.64,28.15,28.0,69056.0,-0.08,-0.28,27.884,27.427,27.1725,40439.4,31057.1,27312.6,13.23
2017-03-17 14:00:00,27.8,28.3,28.1,27.8,20620.2,0.3,1.08,27.766,27.298,27.0725,33165.4,24793.8,24853.2,3.95
2017-03-17 11:30:00,28.1,28.3,27.8,27.63,33191.5,-0.3,-1.07,27.612,27.174,26.9685,32616.6,25095.1,24236.8,6.36
2017-03-17 10:30:00,27.16,28.2,28.08,27.15,50912.5,0.92,3.39,27.434,27.12,26.8735,30095.5,25248.3,23343.8,9.75
2017-03-16 15:00:00,27.56,27.6,27.29,27.29,28416.8,-0.27,-0.98,27.132,27.051,26.7535,24619.8,22849.3,22410.8,5.44
2017-03-16 14:00:00,27.33,27.85,27.56,27.26,32685.9,0.23,0.84,26.97,27.033,26.701,21674.8,21818.1,22558.7,6.26
2017-03-16 11:30:00,26.92,27.39,27.33,26.9,17876.2,0.41,1.52,26.83,26.986,26.648,16422.1,21029.6,21658.2,3.42
2017-03-16 10:30:00,26.5,27.16,26.91,26.5,20586.0,0.41,1.55,26.736,26.952,26.628,17573.5,22097.5,21786.6,3.94
2017-03-15 15:00:00,26.52,26.75,26.57,26.41,23534.1,0.05,0.19,26.806,26.956,26.6155,20401.1,22807.7,24176.5,4.51
2017-03-15 14:00:00,26.86,26.87,26.48,26.4,13691.6,-0.38,-1.41,26.97,26.947,26.673,21078.9,22080.6,25681.4,2.62
2017-03-15 11:30:00,26.86,27.09,26.86,26.75,6422.72,0.0,0.0,27.096,26.918,26.724,21961.4,23568.2,26113.4,1.23
2017-03-15 10:30:00,26.91,27.19,26.86,26.6,23633.3,-0.05,-0.19,27.142,26.847,26.7665,25637.2,24912.6,28240.5,4.53
2017-03-14 15:00:00,27.38,27.5,27.26,27.17,34723.7,-0.12,-0.44,27.168,26.763,26.777,26621.5,23378.5,31757.5,6.65
2017-03-14 14:00:00,27.2,27.47,27.39,27.1,26923.0,0.19,0.7,27.106,26.627,26.727,25214.4,21439.4,32772.6,5.16
2017-03-14 11:30:00,27.09,27.2,27.11,26.8,18104.5,0.02,0.07,26.924,26.456,26.633,23082.3,21972.4,32024.2,3.47
2017-03-14 10:30:00,26.85,27.24,27.09,26.6,24801.3,0.24,0.89,26.74,26.369,26.544,25175.0,23299.2,31786.2,4.75
2017-03-13 15:00:00,26.9,27.1,26.99,26.82,28554.8,0.09,0.33,26.552,26.31,26.4645,24188.1,22286.8,32048.3,5.47
2017-03-13 14:00:00,26.49,27.26,26.95,26.49,27688.2,0.46,1.74,26.358,26.304,26.382,20135.5,21475.8,31812.7,5.3
2017-03-13 11:30:00,26.19,26.6,26.48,26.1,16262.5,0.29,1.11,26.148,26.275,26.2905,17664.4,25545.3,30997.3,3.12
2017-03-13 10:30:00,26.1,26.28,26.19,25.2,28568.2,0.09,0.34,25.988,26.399,26.2205,20862.5,29282.2,30663.4,5.47
2017-03-10 15:00:00,26.04,26.24,26.15,25.81,19866.8,0.11,0.42,25.998,26.53,26.1535,21423.5,28658.6,30216.2,3.81
2017-03-10 14:00:00,25.9,26.15,26.02,25.84,8292.0,0.12,0.46,26.068,26.686,26.098,20385.5,31568.5,30195.5,1.59
2017-03-10 11:30:00,25.68,26.29,25.9,25.68,15332.7,0.22,0.86,26.25,26.791,26.0495,22816.0,40136.4,30371.0,2.94
2017-03-10 10:30:00,26.15,26.15,25.68,25.52,32252.6,-0.47,-1.8,26.402,26.827,26.012,33426.1,44105.8,30109.7,6.18
2017-03-09 15:00:00,26.5,26.66,26.24,26.22,31373.2,-0.26,-0.98,26.81,26.81,25.978,37702.0,42076.0,30231.9,6.01
2017-03-09 14:00:00,26.92,26.93,26.5,26.37,14677.0,-0.42,-1.56,27.062,26.719,25.9485,35893.8,40273.2,30718.2,2.81
2017-03-09 11:30:00,26.68,26.99,26.93,26.43,20444.6,0.25,0.94,27.304,26.619,25.902,42751.4,41809.8,30885.2,3.92
2017-03-09 10:30:00,27.1,27.35,26.66,26.18,68383.1,-0.44,-1.62,27.332,26.46,25.833,57456.9,42149.6,30843.0,13.1
2017-03-08 15:00:00,27.5,28.62,27.72,27.03,53632.0,0.22,0.8,27.252,26.306,25.77,54785.5,36449.3,30633.2,10.27
2017-03-08 14:00:00,27.71,27.78,27.5,27.09,22332.4,-0.21,-0.76,26.81,26.042,25.608,46450.1,32044.6,29582.0,4.28
2017-03-08 11:30:00,27.07,28.0,27.71,27.03,48965.0,0.64,2.36,26.376,25.777,25.4385,44652.6,31773.8,28991.9,9.38
2017-03-08 10:30:00,26.38,27.28,27.07,25.88,93971.8,0.69,2.62,25.934,25.51,25.2575,40868.2,28822.6,26906.8,18.0
2017-03-07 15:00:00,25.51,26.28,26.26,25.45,55026.1,0.75,2.94,25.588,25.308,25.108,26842.3,20605.5,23044.9,10.54
2017-03-07 14:00:00,25.33,25.58,25.51,25.31,11955.0,0.18,0.71,25.36,25.197,24.9995,18113.2,16113.5,20936.9,2.29
2017-03-07 11:30:00,25.5,25.58,25.33,25.2,13345.0,-0.17,-0.67,25.274,25.146,24.9175,17639.0,18387.8,20734.0,2.56
2017-03-07 10:30:00,25.36,25.87,25.5,25.35,30043.3,0.14,0.55,25.178,25.178,24.844,18895.1,21163.2,20454.5,5.76
2017-03-06 15:00:00,25.13,25.36,25.34,25.04,23842.2,0.21,0.84,25.086,25.185,24.757,16777.0,19960.5,20062.5,4.57
2017-03-06 14:00:00,25.08,25.27,25.12,25.0,11380.7,0.04,0.16,25.028,25.206,24.691,14368.7,19536.4,19657.5,2.18
2017-03-06 11:30:00,24.85,25.08,25.08,24.8,9583.98,0.23,0.93,25.034,25.234,24.6375,14113.9,24817.1,19519.7,1.84
2017-03-06 10:30:00,24.88,25.18,24.85,24.61,19625.4,-0.03,-0.12,25.018,25.174,24.604,19136.6,27119.5,19604.1,3.76
2017-03-03 15:00:00,25.05,25.21,25.04,24.95,19452.5,-0.01,-0.04,25.178,25.1,24.5815,23431.2,26210.0,19667.6,3.73
2017-03-03 14:00:00,25.15,25.2,25.05,24.83,11801.0,-0.1,-0.4,25.284,25.005,24.547,23144.0,24990.9,19648.6,2.26
2017-03-03 11:30:00,25.02,25.3,25.15,24.92,10106.4,0.13,0.52,25.384,24.908,24.5145,24704.1,25484.4,19540.2,1.94
2017-03-03 10:30:00,25.6,25.6,25.0,24.79,34697.8,-0.6,-2.34,25.434,24.802,24.478,35520.3,25760.3,19605.7,6.65
2017-03-02 15:00:00,25.6,25.7,25.65,25.42,41098.3,0.05,0.2,25.33,24.689,24.454,35102.4,23080.2,19325.5,7.87
2017-03-02 14:00:00,25.54,25.69,25.57,25.38,18016.7,0.03,0.12,25.022,24.51,24.3815,28988.9,19745.8,18450.9,3.45
2017-03-02 11:30:00,25.41,25.57,25.55,25.17,19601.5,0.14,0.55,24.726,24.329,24.314,26837.8,20164.4,18066.7,3.76
2017-03-02 10:30:00,24.36,25.75,25.4,24.36,64187.3,1.04,4.27,24.432,24.176,24.2515,26264.6,19778.5,17648.5,12.3
2017-03-01 15:00:00,24.11,24.5,24.48,24.1,32608.1,0.37,1.53,24.17,24.041,24.1925,16000.3,14222.2,16281.8,6.25
2017-03-01 14:00:00,24.09,24.24,24.11,24.07,10530.7,0.02,0.08,24.048,24.034,24.2065,11058.1,12088.7,16180.1,2.02
2017-03-01 11:30:00,24.08,24.13,24.09,23.98,7261.26,0.01,0.04,23.998,24.063,24.2655,10502.8,13125.1,16220.3,1.39
2017-03-01 10:30:00,24.15,24.22,24.08,23.9,16735.7,-0.07,-0.29,23.932,24.089,24.314,13491.0,14306.3,16743.1,3.21
2017-02-28 15:00:00,23.87,24.09,24.09,23.8,12865.8,0.22,0.92,23.92,24.121,24.336,13292.5,13596.0,18350.1,2.46
2017-02-28 14:00:00,23.86,24.12,23.87,23.83,7897.0,0.01,0.04,23.912,24.154,24.404,12444.1,13451.0,19769.9,1.51
2017-02-28 11:30:00,23.76,23.88,23.86,23.6,7754.28,0.1,0.42,24.02,24.219,24.496,13119.2,15570.7,20391.8,1.49
2017-02-28 10:30:00,23.86,24.16,23.76,23.58,22202.4,-0.1,-0.42,24.128,24.253,24.571,15747.3,17156.0,21617.9,4.25
2017-02-27 15:00:00,24.05,24.14,24.02,23.9,15742.9,-0.03,-0.12,24.246,24.299,24.6355,15121.6,15968.9,24114.7,3.02
2017-02-27 14:00:00,24.41,24.46,24.05,24.02,8624.14,-0.36,-1.47,24.322,24.327,24.6865,13899.5,15518.4,25732.5,1.65
2017-02-27 11:30:00,24.39,24.57,24.41,24.26,11272.5,0.02,0.08,24.396,24.344,24.7225,14457.8,18341.4,27240.7,2.16
2017-02-27 10:30:00,24.32,24.46,24.4,23.85,20894.8,0.08,0.33,24.418,24.379,24.7825,18022.1,20271.5,28252.6,4.0
2017-02-24 15:00:00,24.4,24.47,24.35,24.27,19073.5,-0.05,-0.2,24.378,24.468,24.852,18564.6,19315.5,32014.3,3.65
2017-02-24 14:00:00,24.44,24.53,24.4,24.3,9632.48,-0.04,-0.16,24.352,24.539,24.975,16816.3,19179.8,34598.8,1.85
2017-02-24 11:30:00,24.52,24.52,24.42,24.14,11415.9,-0.1,-0.41,24.332,24.551,25.073,17137.4,23104.2,35906.6,2.19
2017-02-24 10:30:00,24.23,24.8,24.52,23.89,29094.0,0.29,1.2,24.292,24.654,25.1665,22224.9,26088.8,37513.7,5.57
2017-02-23 15:00:00,24.22,24.23,24.2,23.96,23607.0,-0.02,-0.08,24.34,24.773,25.2185,22520.8,25212.9,41689.2,4.52
2017-02-23 14:00:00,24.3,24.58,24.22,24.2,10332.0,-0.08,-0.33,24.558,24.889,25.2265,20066.5,26079.9,43602.3,1.98
2017-02-23 11:30:00,24.22,24.44,24.3,23.96,11238.0,0.08,0.33,24.726,24.972,25.1815,21543.4,32260.5,44187.3,2.15
2017-02-23 10:30:00,24.5,24.72,24.22,23.81,36853.5,-0.28,-1.14,24.77,25.046,25.1565,29071.1,35946.5,45715.7,7.06
2017-02-22 15:00:00,25.28,25.28,24.76,24.63,30573.6,-0.52,-2.06,25.016,25.101,25.0675,29952.7,36140.0,45925.0,5.86
2017-02-22 14:00:00,25.06,25.36,25.29,24.88,11335.4,0.23,0.92,25.206,25.186,24.9945,27905.0,36233.8,46135.9,2.17
2017-02-22 11:30:00,24.51,25.25,25.06,24.51,17716.4,0.55,2.24,25.22,25.236,24.92,32093.4,44713.0,46916.3,3.39
2017-02-22 10:30:00,24.92,25.2,24.52,24.35,48876.5,-0.4,-1.61,25.218,25.411,24.849,42977.7,50017.7,46928.2,9.36
2017-02-21 15:00:00,25.71,25.82,25.45,25.14,41261.6,-0.26,-1.01,25.322,25.595,24.7965,42822.0,48709.0,48193.0,7.9
2017-02-21 14:00:00,25.35,25.98,25.71,25.32,20335.0,0.36,1.42,25.186,25.679,24.651,42327.3,48938.5,47338.8,3.9
2017-02-21 11:30:00,25.05,25.99,25.36,25.02,32277.3,0.31,1.24,25.166,25.664,24.5,44562.6,58165.6,47255.1,6.18
2017-02-21 10:30:00,24.65,25.28,25.05,23.64,72137.9,0.4,1.62,25.252,25.564,24.347,57332.6,61124.7,46266.7,13.82
2017-02-20 15:00:00,24.77,25.54,25.04,24.6,48098.2,0.27,1.09,25.604,25.391,24.2045,57057.7,56114.1,44021.6,9.21
2017-02-20 14:00:00,25.6,25.98,24.77,24.31,38788.2,-0.83,-3.24,25.868,25.267,24.0775,54596.0,55484.8,42597.5,7.43
2017-02-20 11:30:00,25.79,26.49,25.61,25.37,31511.1,-0.18,-0.7,26.172,25.034,23.971,55549.8,55709.9,42314.2,6.04
2017-02-20 10:30:00,27.25,27.25,25.79,25.12,96127.8,-1.46,-5.36,26.162,24.803,23.8025,71768.6,56038.0,41573.2,18.42
2017-02-17 15:00:00,26.35,26.81,26.81,26.18,70763.2,0.46,1.75,25.876,24.604,23.6195,64916.8,49119.7,38698.3,13.56
2017-02-17 14:00:00,26.32,26.62,26.36,25.83,35789.6,0.04,0.15,25.178,24.287,23.3405,55170.4,43838.7,35702.4,6.86
2017-02-17 11:30:00,25.56,26.32,26.29,25.03,43557.2,0.73,2.86,24.666,23.998,23.091,56373.6,47677.0,34155.4,8.34
2017-02-17 10:30:00,24.1,25.9,25.56,23.84,112605.0,1.46,6.06,23.896,23.623,22.841,55870.2,45739.1,32415.8,21.57
2017-02-16 15:00:00,23.38,24.4,24.36,23.1,61869.0,0.98,4.19,23.444,23.336,22.6365,40307.5,36344.7,27641.9,11.85
2017-02-16 14:00:00,23.82,23.85,23.32,23.3,22031.3,-0.5,-2.1,23.332,23.13,22.5055,33322.5,31408.7,25142.2,4.22
2017-02-16 11:30:00,22.44,23.9,23.8,22.25,41805.3,1.36,6.06,23.396,23.018,22.4255,32506.9,31929.2,24438.3,8.01
2017-02-16 10:30:00,22.56,22.98,22.44,22.21,41039.7,-0.12,-0.53,23.33,22.888,22.323,38980.5,29710.2,23002.7,7.86
2017-02-15 15:00:00,23.8,23.85,23.3,23.01,34792.2,-0.5,-2.1,23.35,22.908,22.2915,35608.0,28918.5,22127.0,6.67
2017-02-15 14:00:00,23.64,24.0,23.8,23.52,26944.0,0.16,0.68,23.228,22.802,22.2265,32381.8,27108.3,21447.2,5.16
2017-02-15 11:30:00,23.47,23.7,23.64,23.36,17953.4,0.17,0.72,22.928,22.635,22.141,29494.8,28277.0,20874.5,3.44
2017-02-15 10:30:00,22.34,23.88,23.47,22.26,74173.0,1.13,5.06,22.64,22.394,22.0375,31351.5,27566.2,20277.6,14.21
2017-02-14 15:00:00,22.67,22.71,22.54,22.41,24177.6,-0.13,-0.57,22.446,22.184,21.9435,20440.0,20633.7,17294.1,4.63
2017-02-14 14:00:00,22.3,22.8,22.69,22.3,18661.1,0.39,1.75,22.466,22.059,21.905,22229.0,19092.4,16922.6,3.57
2017-02-14 11:30:00,22.2,22.48,22.3,22.2,12509.1,0.1,0.45,22.376,21.937,21.862,21834.9,18939.1,16402.5,2.4
2017-02-14 10:30:00,22.4,22.4,22.2,21.98,27236.7,-0.2,-0.89,22.342,21.881,21.843,27059.2,18875.8,16666.1,5.22
2017-02-13 15:00:00,22.64,22.66,22.5,22.3,19615.4,-0.14,-0.62,22.148,21.833,21.8115,23780.8,16947.4,17009.5,3.76
2017-02-13 14:00:00,22.24,23.1,22.64,22.24,33122.5,0.4,1.8,21.922,21.758,21.8,20827.4,16295.1,17112.8,6.35
2017-02-13 11:30:00,22.13,22.29,22.24,22.08,16690.6,0.11,0.5,21.652,21.675,21.7835,15955.9,15335.4,16648.2,3.2
2017-02-13 10:30:00,21.16,22.35,22.13,21.11,38631.0,0.97,4.58,21.498,21.651,21.7705,16043.4,15786.1,16449.6,7.4
2017-02-10 15:00:00,21.37,21.38,21.23,21.2,10844.7,-0.14,-0.66,21.42,21.647,21.7535,10692.3,13472.0,17504.7,2.08
2017-02-10 14:00:00,21.28,21.43,21.37,21.26,4848.32,0.09,0.42,21.518,21.681,21.7555,10114.0,12989.0,18525.2,0.93
2017-02-10 11:30:00,21.47,21.48,21.29,21.24,8765.0,-0.18,-0.84,21.594,21.703,21.746,11762.9,13954.4,19951.0,1.68
2017-02-10 10:30:00,21.71,21.71,21.47,21.27,17128.0,-0.24,-1.11,21.698,21.751,21.6915,14714.9,14752.8,20235.6,3.28
2017-02-09 15:00:00,21.72,21.81,21.74,21.66,11875.4,0.02,0.09,21.804,21.787,21.614,15528.7,13865.8,20087.1,2.27
2017-02-09 14:00:00,21.77,21.89,21.72,21.71,7953.23,-0.05,-0.23,21.874,21.805,21.506,16251.8,14456.5,19886.4,1.52
2017-02-09 11:30:00,21.81,21.85,21.75,21.62,13092.7,-0.06,-0.28,21.844,21.79,21.4025,15864.0,17071.6,19711.9,2.51
2017-02-09 10:30:00,21.91,22.21,21.81,21.76,23525.3,-0.1,-0.46,21.812,21.842,21.2965,16145.9,17930.5,19280.8,4.51
2017-02-08 15:00:00,22.07,22.1,22.0,21.84,21196.9,-0.07,-0.32,21.804,21.892,21.1845,14790.7,17961.1,18449.6,4.06
2017-02-08 14:00:00,21.6,22.1,22.09,21.57,15490.9,0.49,2.27,21.77,21.89,21.0665,12202.9,17113.2,18013.0,2.97
2017-02-08 11:30:00,21.6,21.62,21.57,21.42,6014.0,-0.03,-0.14,21.736,21.86,20.94,12661.2,21537.3,17423.4,1.15
2017-02-08 10:30:00,21.51,21.69,21.59,21.39,14502.6,0.08,0.37,21.736,21.83,20.8415,18279.2,24061.5,17439.5,2.78
2017-02-07 15:00:00,21.82,21.85,21.77,21.51,16749.3,-0.05,-0.23,21.872,21.789,20.7355,19715.0,25947.6,17139.9,3.21
2017-02-07 14:00:00,21.92,21.93,21.83,21.7,8257.73,-0.09,-0.41,21.98,21.632,20.624,21131.4,25718.3,17071.9,1.58
2017-02-07 11:30:00,21.58,22.14,21.92,21.56,17782.4,0.34,1.58,22.01,21.441,20.5185,22023.5,26308.4,16861.2,3.41
2017-02-07 10:30:00,21.97,21.97,21.57,21.4,34104.0,-0.4,-1.82,21.984,21.207,20.4125,30413.4,25316.2,16437.0,6.53
2017-02-06 15:00:00,22.29,22.5,22.27,22.23,21681.8,-0.02,-0.09,21.924,21.015,20.3265,29843.7,22352.3,15244.1,4.15
2017-02-06 14:00:00,21.98,22.5,22.31,21.98,23831.0,0.33,1.5,21.706,20.751,20.2235,32180.2,20631.1,14564.8,4.57
2017-02-06 11:30:00,21.79,21.98,21.98,21.65,12718.3,0.19,0.87,21.284,20.477,20.1245,30305.2,18938.2,13563.4,2.44
2017-02-06 10:30:00,21.28,22.48,21.79,21.28,59732.0,0.51,2.4,20.872,20.243,20.035,30593.3,18912.9,13349.1,11.44
2017-02-03 15:00:00,21.17,21.5,21.27,20.93,31255.6,0.1,0.47,20.43,20.02,19.967,20219.1,13309.5,10959.3,5.99
2017-02-03 14:00:00,20.21,21.52,21.18,20.19,33364.0,0.97,4.8,20.106,19.853,19.9125,14860.9,10817.5,10079.5,6.39
2017-02-03 11:30:00,19.9,20.26,20.2,19.86,14456.0,0.3,1.51,19.796,19.682,19.871,9082.08,8332.14,8760.56,2.77
2017-02-03 10:30:00,19.5,20.12,19.92,19.5,14158.8,0.42,2.15,19.67,19.616,19.8755,7571.16,8425.48,8584.99,2.71
2017-01-26 15:00:00,19.65,19.66,19.58,19.53,7861.0,-0.07,-0.36,19.614,19.596,19.8905,7232.45,7414.06,8467.22,1.51
2017-01-26 14:00:00,19.63,19.71,19.65,19.58,4464.56,0.02,0.1,19.61,19.618,19.9095,6399.85,7557.76,8819.0,0.86
2017-01-26 11:30:00,19.57,19.63,19.63,19.52,4470.0,0.06,0.31,19.6,19.638,19.9315,6774.2,8135.91,8940.58,0.86
2017-01-26 10:30:00,19.75,19.75,19.57,19.55,6901.4,-0.18,-0.91,19.568,19.696,19.9785,7582.19,8498.4,9274.99,1.32
2017-01-25 15:00:00,19.56,19.8,19.64,19.55,12465.3,0.08,0.41,19.562,19.772,20.0085,9279.79,8188.66,10280.8,2.39
2017-01-25 14:00:00,19.59,19.62,19.56,19.5,3698.0,-0.03,-0.15,19.578,19.827,20.0615,7595.66,7785.28,11060.9,0.71
2017-01-25 11:30:00,19.47,19.68,19.6,19.46,6336.32,0.13,0.67,19.626,19.914,20.1555,8715.66,8609.14,11318.0,1.21
2017-01-25 10:30:00,19.4,19.59,19.47,19.23,8509.93,0.07,0.36,19.676,19.972,20.25,9497.61,9341.43,11416.3,1.63
2017-01-24 15:00:00,19.72,19.76,19.54,19.5,15389.4,-0.18,-0.91,19.824,20.06,20.3595,9414.63,9188.99,12185.7,2.95
2017-01-24 14:00:00,19.8,19.87,19.72,19.7,4044.64,-0.08,-0.4,19.982,20.135,20.4875,7097.54,8744.5,13481.5,0.77
2017-01-24 11:30:00,19.86,19.92,19.8,19.65,9298.0,-0.06,-0.3,20.076,20.185,20.6165,7974.91,9520.39,14374.1,1.78
2017-01-24 10:30:00,20.2,20.2,19.85,19.82,10246.1,-0.35,-1.73,20.202,20.201,20.7015,8502.62,10080.2,14353.6,1.96
2017-01-23 15:00:00,20.33,20.35,20.21,20.15,8094.96,-0.12,-0.59,20.268,20.225,20.793,9185.25,9745.25,15226.5,1.55
2017-01-23 14:00:00,20.21,20.38,20.33,20.16,3804.0,0.12,0.59,20.296,20.261,20.9025,8963.35,10051.6,16319.2,0.73
2017-01-23 11:30:00,20.44,20.47,20.19,20.17,8431.48,-0.25,-1.22,20.288,20.245,20.96,10391.5,12372.9,17474.7,1.62
2017-01-23 10:30:00,20.2,20.46,20.43,20.05,11936.6,0.23,1.14,20.294,20.296,21.09,11065.9,14336.6,18998.7,2.29
2017-01-20 15:00:00,20.35,20.35,20.18,20.1,13659.2,-0.17,-0.84,20.2,20.397,21.1125,11657.9,14027.0,19224.9,2.62
2017-01-20 14:00:00,20.3,20.41,20.35,20.21,6985.48,0.05,0.25,20.182,20.528,21.1505,10305.2,13491.2,19132.0,1.34
2017-01-20 11:30:00,20.22,20.48,20.29,20.2,10944.5,0.07,0.35,20.226,20.659,21.196,11139.8,15182.5,19320.1,2.1
2017-01-20 10:30:00,19.81,20.28,20.22,19.8,11803.6,0.41,2.07,20.202,20.84,21.2295,14354.4,18218.4,19572.3,2.26
2017-01-19 15:00:00,20.09,20.43,19.96,19.96,14896.5,-0.13,-0.65,20.298,21.048,21.244,17607.2,19227.7,20223.1,2.85
2017-01-19 14:00:00,20.57,20.6,20.09,19.9,6896.16,-0.48,-2.33,20.594,21.202,21.3185,16396.1,18627.0,20251.7,1.32
2017-01-19 11:30:00,20.2,20.82,20.57,20.11,11158.2,0.37,1.83,20.874,21.361,21.386,16677.1,20707.8,20461.3,2.14
2017-01-19 10:30:00,19.92,20.35,20.17,19.6,27017.3,0.25,1.26,21.092,21.544,21.45,19225.1,22586.8,20418.5,5.18
2017-01-18 15:00:00,21.44,21.44,20.7,20.65,28068.0,-0.74,-3.45,21.478,21.675,21.5255,22082.5,22576.6,19818.5,5.38
2017-01-18 14:00:00,21.47,21.58,21.44,21.26,8840.64,-0.03,-0.14,21.798,21.884,21.568,20848.2,23660.9,19020.4,1.69
2017-01-18 11:30:00,21.6,21.74,21.49,21.38,8301.43,-0.11,-0.51,21.81,21.828,21.586,20857.9,24422.8,18893.9,1.59
2017-01-18 10:30:00,21.78,22.38,21.66,21.5,23898.3,-0.12,-0.55,21.848,21.773,21.5995,24738.5,24772.8,19125.7,4.58
2017-01-17 15:00:00,22.2,22.8,22.1,21.87,41304.3,-0.1,-0.45,21.996,21.733,21.5965,25948.6,23457.8,19139.2,7.91
2017-01-17 14:00:00,21.5,22.43,22.3,20.91,21896.4,0.8,3.72,21.872,21.619,21.6085,23070.6,20926.1,17842.6,4.19
2017-01-17 11:30:00,21.68,21.8,21.5,21.35,8889.31,-0.18,-0.83,21.97,21.44,21.6145,26473.6,21218.5,17074.6,1.7
2017-01-17 10:30:00,21.81,22.46,21.68,21.35,27704.0,-0.13,-0.6,21.846,21.435,21.6685,27987.6,21876.4,17025.3,5.31
2017-01-16 15:00:00,21.49,22.49,22.4,20.2,29948.8,0.91,4.23,21.698,21.411,21.706,24807.2,20214.9,16669.2,5.74
2017-01-16 14:00:00,22.76,22.77,21.48,21.22,26914.7,-1.28,-5.62,21.47,21.356,21.707,20967.0,18250.2,16154.0,5.16
2017-01-16 11:30:00,20.88,22.79,22.79,20.88,38911.3,1.91,9.15,21.366,21.376,21.759,18781.6,17060.4,15174.1,7.45
2017-01-16 10:30:00,20.17,21.0,20.88,20.17,16459.2,0.71,3.52,20.91,21.252,21.7545,15963.3,14379.9,13836.6,3.15
2017-01-13 15:00:00,21.28,21.28,20.94,20.93,11802.0,-0.34,-1.6,21.024,21.344,21.8255,15765.2,13365.0,14789.3,2.26
2017-01-13 14:00:00,20.96,21.34,21.26,20.79,10748.0,0.3,1.43,21.124,21.426,21.954,15622.6,13478.5,16135.1,2.06
2017-01-13 11:30:00,20.51,21.0,20.96,20.37,15987.7,0.45,2.19,21.242,21.46,22.0785,15533.3,14820.6,16794.3,3.06
2017-01-13 10:30:00,21.45,21.46,20.51,20.2,24819.8,-0.94,-4.38,21.386,21.598,22.214,15339.2,14759.1,16840.5,4.75
2017-01-12 15:00:00,21.43,21.66,21.45,21.37,15468.6,0.02,0.09,21.594,21.789,22.3745,12796.4,12930.7,19588.1,2.96
2017-01-12 14:00:00,21.85,21.86,21.44,21.42,11088.8,-0.41,-1.88,21.664,21.902,22.5915,10964.7,12174.3,20263.0,2.12
2017-01-12 11:30:00,21.68,21.94,21.85,21.68,10301.6,0.17,0.78,21.728,22.001,22.84,11334.4,13123.4,20248.2,1.97
2017-01-12 10:30:00,21.56,21.84,21.68,21.53,15017.1,0.12,0.56,21.678,22.058,23.0695,14107.9,14057.7,21137.6,2.88
2017-01-11 15:00:00,21.78,21.91,21.55,21.53,12105.7,-0.23,-1.06,21.81,22.142,23.288,14179.0,13287.8,24513.2,2.32
2017-01-11 14:00:00,21.76,21.97,21.8,21.61,6310.48,0.04,0.18,21.984,22.257,23.471,13065.1,13293.4,25010.7,1.21
2017-01-11 11:30:00,21.6,21.99,21.76,21.5,12937.3,0.16,0.74,22.14,22.307,23.64,13383.8,16213.6,25341.6,2.48
2017-01-11 10:30:00,22.2,22.31,21.6,21.52,24168.9,-0.6,-2.7,22.274,22.482,23.808,14912.4,18791.6,25257.8,4.63
2017-01-10 15:00:00,22.42,22.49,22.34,22.1,15372.8,-0.08,-0.36,22.438,22.697,23.9855,14007.6,18767.9,25810.9,2.94
2017-01-10 14:00:00,22.58,22.68,22.42,22.4,6536.0,-0.16,-0.71,22.474,22.83,24.1445,12396.6,18921.8,26448.5,1.25
2017-01-10 11:30:00,22.44,22.67,22.58,22.43,7904.0,0.14,0.62,22.53,22.96,24.3165,13521.7,26245.5,26646.0,1.51
2017-01-10 10:30:00,22.38,22.75,22.43,22.12,20580.5,0.05,0.22,22.474,23.281,24.462,19043.3,28351.8,27103.7,3.94
2017-01-09 15:00:00,22.51,22.68,22.42,22.12,19644.6,-0.09,-0.4,22.69,23.679,24.602,22670.8,27373.0,27615.2,3.76
2017-01-09 14:00:00,22.68,22.77,22.52,22.4,7317.78,-0.16,-0.71,22.956,24.081,24.742,23528.2,28217.5,27726.1,1.4
2017-01-09 11:30:00,22.3,22.95,22.7,22.3,12161.6,0.4,1.79,23.186,24.434,24.9035,25447.1,35738.5,28191.5,2.33
2017-01-09 10:30:00,22.71,22.83,22.3,22.16,35512.1,-0.41,-1.81,23.39,24.685,25.0435,38969.2,36728.0,28460.7,6.8
2017-01-06 15:00:00,23.75,23.83,23.51,23.47,38717.8,-0.24,-1.01,24.088,24.973,25.2035,37660.3,34469.6,28050.4,7.42
2017-01-06 14:00:00,23.67,23.85,23.75,23.38,23931.9,0.08,0.34,24.668,25.134,25.296,32075.2,31723.9,27785.6,4.58
2017-01-06 11:30:00,23.71,23.95,23.67,23.59,16911.9,-0.04,-0.17,25.206,25.274,25.3775,32906.7,32854.0,27256.0,3.24
2017-01-06 10:30:00,24.85,24.85,23.72,23.56,79772.5,-1.13,-4.55,25.682,25.459,25.487,46030.0,33975.1,27034.8,15.28
2017-01-05 15:00:00,26.39,26.41,25.79,25.7,28967.4,-0.6,-2.27,25.98,25.673,25.564,34486.8,27046.5,25531.1,5.55
2017-01-05 14:00:00,26.44,26.56,26.41,26.23,10792.1,-0.03,-0.11,25.858,25.643,25.6025,31278.9,25855.6,25690.3,2.07
2017-01-05 11:30:00,26.05,26.93,26.44,25.91,28089.7,0.39,1.5,25.6,25.525,25.595,31372.7,27857.3,26234.9,5.38
2017-01-05 10:30:00,25.4,26.99,26.05,25.33,82528.3,0.65,2.56,25.342,25.403,25.6085,32801.2,27234.8,27142.3,15.81
2017-01-04 15:00:00,25.16,25.35,25.21,25.12,22056.3,0.05,0.2,25.236,25.373,25.663,21920.2,20644.5,27289.0,4.23
2017-01-04 14:00:00,25.15,25.39,25.18,25.0,12927.9,0.03,0.12,25.366,25.402,25.8275,19606.3,20193.5,31243.0,2.48
2017-01-04 11:30:00,25.17,25.18,25.12,24.95,11261.4,-0.05,-0.2,25.428,25.434,25.9355,20432.4,21631.1,32053.3,2.16
2017-01-04 10:30:00,25.02,25.3,25.15,24.81,35232.2,0.13,0.52,25.45,25.458,26.0295,24341.9,23847.3,32414.5,6.75
2017-01-03 15:00:00,25.88,25.95,25.52,25.41,28123.3,-0.36,-1.39,25.464,25.481,26.12,21668.3,21658.1,36234.4,5.39
2017-01-03 14:00:00,25.49,25.89,25.86,25.4,10486.7,0.37,1.45,25.51,25.515,26.174,19368.8,20094.5,36998.4,2.01
2017-01-03 11:30:00,25.23,25.68,25.49,25.22,17058.2,0.26,1.03,25.438,25.455,26.201,20780.7,24015.7,37472.3,3.27
2017-01-03 10:30:00,25.02,25.47,25.23,24.92,30809.3,0.21,0.84,25.44,25.562,26.2765,22829.9,25525.1,37596.8,5.9
2016-12-30 15:00:00,25.7,25.74,25.22,25.21,21864.2,-0.48,-1.87,25.466,25.665,26.3775,23352.7,24612.5,42355.8,4.19
2016-12-30 14:00:00,25.53,25.8,25.75,25.44,16625.6,0.22,0.86,25.498,25.814,26.5135,21647.9,27049.8,41349.5,3.18
2016-12-30 11:30:00,25.52,25.65,25.5,25.02,17546.0,-0.02,-0.08,25.52,25.953,26.623,20820.3,33933.6,40586.9,3.36
2016-12-30 10:30:00,25.25,25.84,25.5,25.25,27304.3,0.25,0.99,25.472,26.253,26.745,27250.8,42292.5,41980.3,5.23
2016-12-29 15:00:00,25.38,25.8,25.36,25.14,33423.2,-0.02,-0.08,25.684,26.437,26.9,28220.3,42475.5,46528.2,6.4
2016-12-29 14:00:00,25.85,26.0,25.38,25.38,13340.3,-0.47,-1.82,25.864,26.601,27.188,25872.3,40981.6,48455.4,2.56
2016-12-29 11:30:00,25.26,25.87,25.86,25.26,12487.5,0.6,2.38,26.13,26.759,27.462,32451.7,50810.7,49874.8,2.39
2016-12-29 10:30:00,26.3,26.3,25.26,25.18,49698.6,-1.04,-3.95,26.386,26.833,27.736,47046.9,53902.2,50967.3,9.52
2016-12-28 15:00:00,26.26,26.95,26.56,26.18,32151.7,0.3,1.14,27.034,26.947,28.057,57334.1,50928.9,57122.6,6.16
2016-12-28 14:00:00,26.74,26.85,26.26,26.19,21683.6,-0.48,-1.8,27.19,26.991,28.4435,56730.7,49668.6,55662.0,4.15
2016-12-28 11:30:00,27.13,27.14,26.71,26.4,46237.1,-0.42,-1.55,27.338,27.09,28.845,56090.9,60099.0,54992.0,8.86
2016-12-28 10:30:00,27.4,27.52,27.14,26.65,85463.3,-0.26,-0.95,27.388,27.213,29.224,69169.7,55649.2,54807.7,16.37
2016-12-27 15:00:00,27.34,29.29,28.5,27.34,101135.0,1.16,4.24,27.28,27.293,29.572,60757.6,47240.2,66908.4,19.37
2016-12-27 14:00:00,27.0,27.78,27.34,26.71,29134.4,0.34,1.26,26.86,27.237,29.7055,44523.8,41668.2,61870.1,5.58
2016-12-27 11:30:00,27.0,27.12,27.0,26.62,18484.6,0.0,0.0,26.792,27.363,29.897,42606.4,50581.0,60423.9,3.54
2016-12-27 10:30:00,26.1,27.99,26.96,26.1,111631.0,0.86,3.3,26.842,27.775,30.1055,64107.2,55929.1,59505.8,21.39
2016-12-26 15:00:00,26.4,26.95,26.6,26.18,43403.0,0.2,0.76,27.038,28.165,30.316,42128.7,48939.0,54221.5,8.31
2016-12-26 14:00:00,27.0,27.0,26.4,25.91,19965.8,-0.6,-2.22,27.306,28.639,30.403,33722.9,48032.3,52072.9,3.82
2016-12-26 11:30:00,27.08,27.48,27.0,26.41,19547.8,-0.08,-0.3,27.614,29.167,30.5,38812.5,63316.3,51082.0,3.74
2016-12-26 10:30:00,26.25,27.82,27.25,25.16,125988.0,1.0,3.81,27.934,29.896,30.567,58555.5,61655.5,50112.4,24.14
2016-12-23 15:00:00,27.94,27.94,27.94,27.94,1739.0,0.0,0.0,28.708,30.6,30.6215,47751.1,49884.9,44153.6,0.33
2016-12-23 14:00:00,27.94,27.94,27.94,27.94,1374.0,0.0,0.0,29.292,31.235,30.5125,55749.3,53966.2,44148.8,0.26
2016-12-23 11:30:00,28.58,28.59,27.94,27.94,45413.9,-0.64,-2.24,29.972,31.851,30.4035,62341.7,86576.6,44128.2,8.7
2016-12-23 10:30:00,29.9,30.0,28.6,28.0,118263.0,-1.3,-4.35,30.72,32.174,30.2945,87819.9,82071.9,41904.6,22.66
2016-12-22 15:00:00,30.86,31.8,31.12,30.86,71965.4,0.26,0.84,31.858,32.431,30.1525,64755.5,70266.8,37206.2,13.79
2016-12-22 14:00:00,31.28,31.48,30.86,30.86,41730.1,-0.42,-1.34,32.492,32.436,29.7675,52018.8,63082.4,33700.8,7.99
2016-12-22 11:30:00,31.68,32.28,31.34,30.92,34336.3,-0.34,-1.07,33.178,32.467,29.3955,52183.2,59503.9,31650.7,6.58
2016-12-22 10:30:00,33.5,34.0,31.68,30.86,172805.0,-1.82,-5.43,33.73,32.167,28.9995,110811.0,56113.5,29958.4,33.1
2016-12-21 15:00:00,34.29,34.29,34.29,34.29,2940.53,0.0,0.0,33.628,31.833,28.5865,76324.0,38847.7,21436.6,0.56
2016-12-21 14:00:00,34.29,34.29,34.29,34.27,8281.98,0.0,0.0,33.004,31.238,27.9365,75778.2,38569.4,21301.9,1.59
2016-12-21 11:30:00,34.07,34.29,34.29,33.75,42552.3,0.22,0.65,32.38,30.643,27.2865,74146.0,38422.2,20892.2,8.15
2016-12-21 10:30:00,33.0,34.29,34.1,32.0,327477.0,1.1,3.33,31.756,29.79,26.6365,66824.6,34331.4,18773.2,62.74
2016-12-15 15:00:00,31.17,31.17,31.17,31.17,367.96,0.0,0.0,30.604,28.956,25.996,1415.59,1679.89,2522.9,0.07
2016-12-15 14:00:00,31.17,31.17,31.17,31.17,211.8,0.0,0.0,30.038,28.415,25.405,1371.39,1737.2,2508.92,0.04
2016-12-15 11:30:00,31.17,31.17,31.17,31.17,121.0,0.0,0.0,29.472,27.874,24.814,1360.59,4145.46,2502.44,0.02
2016-12-15 10:30:00,31.17,31.17,31.17,31.17,5945.29,0.0,0.0,28.906,27.099,24.223,2698.41,4319.15,2505.79,1.14
2016-12-14 15:00:00,28.34,28.34,28.34,28.34,431.92,0.0,0.0,27.824,26.324,23.632,1838.27,3797.53,2299.07,0.08
2016-12-14 14:00:00,28.34,28.34,28.34,28.34,146.96,0.0,0.0,27.308,25.832,23.0945,1944.18,3803.27,2310.22,0.03
2016-12-14 11:30:00,28.34,28.34,28.34,28.34,157.8,0.0,0.0,26.792,25.34,22.557,2103.0,4025.58,2306.6,0.03
2016-12-14 10:30:00,28.34,28.34,28.34,28.34,6810.08,0.0,0.0,26.276,24.635,22.0195,6930.32,4034.37,2301.96,1.3
2016-12-13 15:00:00,25.76,25.76,25.76,25.76,1644.61,0.0,0.0,25.292,23.93,21.482,5939.9,3362.26,2039.65,0.32
2016-12-13 14:00:00,25.76,25.76,25.76,25.76,961.44,0.0,0.0,24.824,23.483,20.9935,5756.78,3215.0,1961.64,0.18
2016-12-13 11:30:00,25.76,25.76,25.76,25.76,941.08,0.0,0.0,24.356,23.036,20.505,5662.35,3365.91,1917.56,0.18
2016-12-13 10:30:00,25.76,25.76,25.76,25.76,24294.4,0.0,0.0,23.888,22.395,20.0165,5948.16,3280.64,1874.48,4.65
2016-12-12 15:00:00,23.42,23.42,23.42,23.42,1857.96,0.0,0.0,22.994,21.754,19.528,1138.41,859.43,726.35,0.36
2016-12-12 14:00:00,23.42,23.42,23.42,23.42,729.04,0.0,0.0,22.568,21.347,19.084,784.62,692.43,639.91,0.14
2016-12-12 11:30:00,23.42,23.42,23.42,23.42,489.29,0.0,0.0,22.142,20.94,18.64,673.21,800.6,606.28,0.09
2016-12-12 10:30:00,23.42,23.42,23.42,23.42,2370.12,0.0,0.0,21.716,20.357,18.196,1069.47,817.17,585.16,0.45
2016-12-09 15:00:00,21.29,21.29,21.29,21.29,245.64,0.0,0.0,20.902,19.774,17.752,613.11,587.61,558.64,0.05
2016-12-09 14:00:00,21.29,21.29,21.29,21.29,89.0,0.0,0.0,20.514,19.404,17.3485,580.44,569.55,555.71,0.02
2016-12-09 11:30:00,21.29,21.29,21.29,21.29,172.0,0.0,0.0,20.126,19.034,16.945,600.24,717.04,557.56,0.03
2016-12-09 10:30:00,21.29,21.29,21.29,21.29,2470.6,0.0,0.0,19.738,18.504,16.5415,928.0,708.27,554.92,0.47
2016-12-08 15:00:00,19.35,19.35,19.35,19.35,88.32,0.0,0.0,18.998,17.974,16.138,564.88,469.21,506.37,0.02
2016-12-08 14:00:00,19.35,19.35,19.35,19.35,82.28,0.0,0.0,18.646,17.638,15.7715,562.11,468.33,509.68,0.02
2016-12-08 11:30:00,19.35,19.35,19.35,19.35,188.0,0.0,0.0,18.294,17.302,15.405,558.65,593.27,508.91,0.04
2016-12-08 10:30:00,19.35,19.35,19.35,19.35,1810.78,0.0,0.0,17.942,16.821,15.0385,833.84,587.4,503.98,0.35
2016-12-07 15:00:00,17.59,17.59,17.59,17.59,655.0,0.0,0.0,17.27,16.34,14.672,488.55,411.95,471.61,0.13
2016-12-07 14:00:00,17.59,17.59,17.59,17.59,74.48,0.0,0.0,16.95,16.035,14.339,373.55,353.15,443.01,0.01
2016-12-07 11:30:00,17.59,17.59,17.59,17.59,65.0,0.0,0.0,16.63,15.73,14.006,374.56,529.68,442.8,0.01
2016-12-07 10:30:00,17.59,17.59,17.59,17.59,1563.96,0.0,0.0,16.31,15.293,13.673,627.88,541.88,442.0,0.3
2016-12-06 15:00:00,15.99,15.99,15.99,15.99,84.32,0.0,0.0,15.7,14.856,13.34,340.95,398.08,400.81,0.02
2016-12-06 14:00:00,15.99,15.99,15.99,15.99,80.0,0.0,0.0,15.41,14.579,13.2005,335.35,401.57,417.46,0.02
2016-12-06 11:30:00,15.99,15.99,15.99,15.99,79.51,0.0,0.0,15.12,14.302,13.0456,332.75,543.53,436.21,0.02
2016-12-06 10:30:00,15.99,15.99,15.99,15.99,1331.6,0.0,0.0,14.83,13.905,12.8724,684.8,551.02,457.19,0.26
2016-12-05 15:00:00,14.54,14.54,14.54,14.54,129.32,0.0,0.0,14.276,13.508,12.6775,455.88,424.56,402.54,0.02
2016-12-05 14:00:00,14.54,14.54,14.54,14.54,56.3,0.0,0.0,14.012,13.256,12.5533,455.21,420.56,420.76,0.01
2016-12-05 11:30:00,14.54,14.54,14.54,14.54,67.0,0.0,0.0,13.748,13.004,12.4114,467.79,531.26,446.79,0.01
2016-12-05 10:30:00,14.54,14.54,14.54,14.54,1839.76,0.0,0.0,13.484,12.643,12.2477,754.31,532.86,476.0,0.35
2016-12-02 15:00:00,13.22,13.22,13.22,13.22,187.0,0.0,0.0,12.98,12.282,12.0567,417.24,355.92,362.36,0.04
2016-12-02 14:00:00,13.22,13.22,13.22,13.22,126.0,0.0,0.0,12.74,12.053,11.9509,393.24,342.12,378.3,0.02
2016-12-02 11:30:00,13.22,13.22,13.22,13.22,119.19,0.0,0.0,12.5,11.824,11.824,385.91,403.53,403.53,0.02
2016-12-02 10:30:00,13.22,13.22,13.22,13.22,1499.58,0.0,0.0,12.26,11.6689,11.6689,594.73,435.12,435.12,0.29
2016-12-01 15:00:00,12.02,12.02,12.02,12.02,154.44,0.0,0.0,11.802,11.475,11.475,311.42,302.07,302.07,0.03
2016-12-01 14:00:00,12.02,12.02,12.02,12.02,67.0,0.0,0.0,11.584,11.3971,11.3971,294.59,323.15,323.15,0.01
2016-12-01 11:30:00,12.02,12.02,12.02,12.02,89.32,0.0,0.0,11.366,11.2933,11.2933,290.99,365.85,365.85,0.02
2016-12-01 10:30:00,12.02,12.02,12.02,12.02,1163.32,0.0,0.0,11.148,11.148,11.148,421.15,421.15,421.15,0.22
2016-11-30 15:00:00,10.93,10.93,10.93,10.93,83.0,0.0,0.0,10.93,10.93,10.93,235.61,235.61,235.61,0.02
2016-11-30 14:00:00,10.93,10.93,10.93,10.93,70.32,0.0,0.0,10.93,10.93,10.93,286.48,286.48,286.48,0.01
2016-11-30 11:30:00,10.93,10.93,10.93,10.93,49.0,0.0,0.0,10.93,10.93,10.93,394.56,394.56,394.56,0.01
2016-11-30 10:30:00,10.93,10.93,10.93,10.93,740.12,0.0,0.0,10.93,10.93,10.93,740.12,740.12,740.12,0.14
