date,open,high,close,low,volume,price_change,p_change,ma5,ma10,ma20,v_ma5,v_ma10,v_ma20,turnover
2017-06-30,6.34,6.99,6.95,6.25,1747653.25,0.6,9.45,6.86,6.717,6.358,2427609.4,3495511.05,3217266.24,14.71
2017-05-31,6.62,6.94,6.35,6.06,1791465.75,-0.21,-3.2,6.834,6.545,6.387,3028913.15,3487730.29,3305549.28,15.08
2017-04-28,7.28,7.35,6.56,6.29,2855040.0,-0.65,-9.02,7.022,6.422,6.39,3391395.6,3600012.39,3360145.38,24.03
2017-03-31,7.23,7.52,7.21,6.86,3213127.75,-0.02,-0.28,7.02,6.274,6.404,3822356.3,3616096.59,3507657.78,27.05
2017-02-28,6.84,7.36,7.23,6.82,2530760.25,0.41,6.01,6.836,6.044,6.435,4030701.55,3441707.25,3739791.66,21.3
2017-01-26,7.33,8.18,6.82,6.43,4754172.0,-0.47,-6.45,6.574,5.864,6.522,4563412.7,3446051.75,4117324.7,40.02
2016-12-30,6.58,7.32,7.29,6.01,3603878.0,0.74,11.3,6.256,5.872,6.669,3946547.42,3346353.23,4390980.1,30.34
2016-11-30,6.36,6.98,6.55,5.99,5009843.5,0.26,4.13,5.822,5.754,6.767,3808629.17,3249447.25,4732048.45,42.17
2016-10-31,6.01,6.88,6.29,5.97,4254854.0,0.37,6.25,5.528,5.66,7.103,3409836.87,3032039.2,4779166.45,35.82
2016-09-30,5.23,6.35,5.92,5.09,5194316.0,0.69,13.19,5.252,5.833,7.358,2852712.95,2980256.43,4731545.09,43.72
2016-08-31,5.07,5.25,5.23,4.99,1669845.62,0.11,2.15,5.154,5.998,7.582,2328690.8,2939021.43,4694000.46,14.06
2016-07-29,5.08,5.57,5.12,4.99,2914286.75,0.04,0.79,5.488,6.228,7.84,2746159.03,3123368.26,5020774.43,24.53
2016-06-30,4.93,5.55,5.08,4.63,3015882.0,0.17,3.46,5.686,6.357,8.063,2690265.33,3120278.36,5076693.87,25.39
2016-05-31,5.45,5.6,4.91,4.63,1469234.38,-0.52,-9.58,5.792,6.533,8.261,2654241.53,3399218.96,5109995.43,12.37
2016-04-29,6.9,7.35,5.43,5.38,2574205.25,-1.47,-21.3,6.414,6.825,8.47,3107799.9,4037876.08,5268480.81,21.67
2016-03-31,6.12,7.1,6.9,6.08,3757186.75,0.79,12.93,6.842,7.179,8.614,3549352.05,4788597.65,5414666.7,37.95
2016-02-29,5.71,6.74,6.11,5.67,2634818.25,0.5,8.91,6.968,7.465,8.678,3500577.5,5435606.98,5417885.0,26.61
2016-01-29,7.22,7.4,5.61,5.28,2835763.0,-2.41,-30.05,7.028,7.78,8.747,3550291.4,6214649.65,5365178.76,28.64
2015-12-30,7.58,8.45,8.02,7.48,3737026.25,0.45,5.95,7.274,8.545,8.835,4144196.4,6526293.7,5356592.19,37.75
2015-11-30,7.46,8.23,7.57,7.27,4781966.0,0.04,0.53,7.236,8.882,8.784,4967952.25,6482833.75,5243743.18,48.3
2015-10-30,6.63,7.93,7.53,6.6,3513314.0,1.12,17.47,7.516,9.166,8.752,6027843.25,6448979.5,5056063.95,35.49
2015-09-30,6.82,7.33,6.41,6.06,2883387.75,-0.43,-6.29,7.962,9.452,8.726,7370636.45,6918180.6,4927982.58,29.13
2015-08-31,7.69,9.47,6.84,6.19,5805288.0,-0.99,-12.64,8.532,9.768,8.759,8879007.9,7033109.38,4828181.23,58.64
2015-07-31,8.81,9.14,7.83,6.44,7855805.5,-1.14,-12.71,9.816,9.988,8.803,8908391.0,6820771.9,4642098.71,79.35
2015-06-30,9.76,12.28,8.97,7.66,10081421.0,-0.79,-8.09,10.528,10.114,8.785,7997715.25,6499085.55,4286746.57,101.83
2015-05-29,9.28,10.95,9.76,8.52,10227280.0,0.5,5.4,10.816,10.049,8.703,6870115.75,6040735.75,3845315.77,103.31
2015-04-30,13.27,16.2,9.26,8.99,10425245.0,-4.0,-30.17,10.942,9.891,8.595,6465724.75,5400163.03,3389038.34,105.31
2015-03-31,11.4,13.47,13.26,11.2,5952203.5,1.87,16.42,11.004,9.713,8.52,5187210.85,4515707.88,2967371.81,90.18
2015-02-27,10.31,11.73,11.39,9.95,3302426.75,0.98,9.41,10.16,9.125,8.207,4733152.8,4186890.68,2700547.29,50.04
2015-01-30,10.4,11.08,10.41,9.37,4443423.5,0.02,0.19,9.7,8.685,7.993,5000455.85,4004652.6,2561301.94,67.32
2014-12-31,9.55,11.0,10.39,9.1,8205325.0,0.82,8.57,9.282,8.338,7.935,5211355.75,3663148.4,2393303.24,124.32
2014-11-28,9.07,9.82,9.57,8.71,4032675.5,0.53,5.86,8.84,8.0,7.834,4334601.3,2937784.56,2004674.04,61.1
2014-10-31,9.11,9.52,9.04,8.51,3681913.25,-0.05,-0.55,8.422,7.749,7.791,3844204.9,2623253.09,1866710.74,55.79
2014-09-30,8.3,9.19,9.09,8.28,4638942.0,0.77,9.26,8.09,7.618,7.877,3640628.55,2463425.52,1733128.2,70.29
2014-08-29,8.16,8.98,8.32,8.02,5497923.0,0.14,1.71,7.67,7.456,7.99,3008849.35,2074407.59,1558992.6,83.3
2014-07-31,7.5,8.3,8.18,7.44,3821552.75,0.7,9.36,7.394,7.357,8.073,2114941.05,1649895.79,1306588.15,57.9
2014-06-30,7.44,7.65,7.48,7.14,1580693.5,0.1,1.35,7.16,7.299,8.101,1540967.81,1377913.66,1127829.79,23.95
2014-05-30,6.94,8.34,7.38,6.93,2664031.5,0.39,5.58,7.076,7.327,8.233,1402301.29,1419035.75,1067608.16,40.36
2014-04-30,6.95,7.75,6.99,6.84,1480046.0,0.05,0.72,7.146,7.288,8.404,1286222.49,1214203.91,959800.3,22.42
2014-03-31,7.0,7.33,6.94,6.7,1028381.5,-0.07,-1.0,7.242,7.301,8.563,1139965.84,1117951.29,932289.46,15.58
2014-02-28,7.04,7.69,7.01,6.78,951686.56,-0.05,-0.71,7.32,7.532,8.703,1184850.54,1123458.09,900809.5,14.42
2014-01-30,7.73,7.82,7.06,6.82,887360.88,-0.67,-8.67,7.438,7.668,8.885,1214859.5,1071563.53,872134.65,13.44
2013-12-31,7.38,8.2,7.73,7.05,2083637.5,0.26,3.48,7.578,7.832,9.123,1435770.2,1110168.4,867429.43,31.57
2013-11-29,7.25,7.55,7.47,6.97,748762.75,0.14,1.91,7.43,8.135,9.335,1142185.34,1002830.88,803292.56,11.34
2013-10-31,7.58,8.15,7.33,7.1,1252805.0,-0.27,-3.55,7.36,8.524,9.557,1095936.74,1043577.61,929345.51,18.98
2013-09-30,7.71,8.25,7.6,7.42,1101731.38,-0.16,-2.06,7.744,8.788,9.83,1062065.64,963280.5,927450.05,16.69
2013-08-30,7.03,8.45,7.76,6.97,1991914.38,0.77,11.02,7.898,8.903,10.068,928267.56,877745.93,909137.69,30.18
2013-07-31,7.03,7.49,6.99,6.66,615713.19,-0.13,-1.83,8.086,9.139,10.243,784566.59,716180.58,837402.97,9.33
2013-06-28,9.21,9.33,7.12,6.69,517519.75,-2.13,-23.03,8.84,9.519,10.553,863476.43,705396.69,883137.03,10.23
2013-05-31,8.37,9.4,9.25,8.31,1083449.5,0.88,10.51,9.688,9.824,10.951,991218.48,746627.62,901934.82,21.42
2013-04-26,8.74,8.93,8.37,8.21,432741.0,-0.33,-3.79,9.832,9.873,11.2,864495.36,678160.91,886242.64,8.55
2013-03-29,10.7,10.99,8.7,8.6,1273409.5,-2.06,-19.14,9.908,10.102,11.593,827224.3,672705.77,935581.39,25.17
2013-02-28,11.16,11.61,10.76,10.0,1010262.38,-0.6,-5.28,10.192,10.414,12.077,647794.58,624690.47,949319.06,19.97
2013-01-31,10.1,11.85,11.36,9.87,1156230.0,1.39,13.94,10.198,10.534,12.422,547316.95,603754.24,967319.32,53.9
2012-12-31,8.7,10.19,9.97,8.08,449833.94,1.22,13.94,9.96,10.589,12.697,502036.77,815113.41,989392.69,20.97
2012-11-30,10.11,10.47,8.75,8.53,246385.67,-1.37,-13.54,9.914,10.871,13.208,491826.45,891619.59,1060327.65,11.49
2012-10-31,10.78,11.1,10.12,9.94,376260.91,-0.67,-6.21,10.296,11.233,13.797,518187.24,940529.44,1272486.69,17.54
2012-09-28,10.15,11.25,10.79,9.72,507874.22,0.62,6.1,10.636,11.346,14.641,601586.36,958625.36,1344617.08,23.68
2012-08-31,9.7,11.88,10.17,9.59,929829.12,0.43,4.42,10.87,11.587,15.101,660191.53,1060877.36,1400416.92,43.35
2012-07-31,10.7,11.04,9.74,9.68,398782.34,-0.92,-8.63,11.218,12.078,15.543,1128190.05,1057242.01,1377581.24,18.59
2012-06-29,11.82,12.04,10.66,10.36,378189.62,-1.16,-9.81,11.828,12.526,16.068,1291412.74,1094324.37,1418714.37,17.63
2012-05-31,12.15,13.07,11.82,11.2,793256.5,-0.14,-1.17,12.17,13.084,16.59,1362871.64,1198457.01,1460835.6,36.98
2012-04-27,11.92,12.7,11.96,11.11,800900.06,0.05,0.42,12.056,13.74,16.906,1315664.36,1273947.65,1461640.77,37.34
2012-03-30,12.65,15.36,11.91,11.71,3269821.75,-0.88,-6.88,12.304,14.309,17.297,1461563.2,1330884.41,1485973.0,152.44
2012-02-28,12.37,13.32,12.79,12.25,1214895.75,0.42,3.4,12.938,14.805,17.627,986293.96,1163671.97,1386954.18,56.64
2012-01-31,11.6,12.73,12.37,10.33,735484.12,1.12,9.96,13.224,15.545,17.793,897236.01,1229035.71,1357183.55,34.29
2011-12-30,13.74,13.85,11.25,10.72,557220.12,-1.95,-14.77,13.998,16.361,18.035,1034042.39,1604443.94,1354148.36,25.98
2011-11-30,14.82,16.3,13.2,13.16,1530394.25,-1.88,-12.47,15.424,17.936,18.536,1232230.94,1730608.79,1393703.98,71.35
2011-10-31,14.23,15.38,15.08,13.0,893475.56,0.86,6.05,16.314,18.615,19.041,1200205.61,1739956.48,1425552.78,41.65
2011-09-30,16.37,16.43,14.22,13.92,769606.0,-2.02,-12.44,16.672,19.008,19.353,1341049.98,1697920.48,1458844.81,35.88
2011-08-31,18.28,19.2,16.24,16.06,1419516.0,-2.14,-11.64,17.866,19.61,19.623,1560835.4,1743104.37,1495120.54,66.18
2011-07-29,17.71,19.43,18.38,16.9,1548162.88,0.73,4.14,18.724,20.095,19.811,2174845.5,1723214.18,1499320.79,72.18
2011-06-30,16.88,18.1,17.65,14.45,1370267.62,0.78,4.62,20.448,20.072,19.895,2228986.65,1649333.9,1496447.73,63.88
2011-05-31,20.15,22.0,16.87,15.54,1597697.38,-3.32,-16.44,20.916,20.284,20.036,2279707.35,1641061.6,1504333.99,74.48
2011-04-29,20.09,24.24,20.19,19.38,1868533.12,-0.34,-1.66,21.344,20.448,20.247,2054790.98,1610236.39,1498109.76,87.11
2011-03-31,27.0,30.73,20.53,19.18,4489566.5,-6.47,-23.96,21.354,20.04,20.251,1925373.34,1485331.39,1471650.95,209.3
2011-02-28,20.0,27.6,27.0,19.52,1818868.62,7.01,35.07,21.466,19.708,20.229,1271582.86,1103852.77,1239503.6,127.19
2011-01-31,20.3,23.68,19.99,18.6,1623871.12,0.98,5.16,19.696,19.136,19.665,1069681.15,1056799.17,1191223.18,147.62
2010-12-31,20.48,20.68,19.01,18.36,473115.56,-1.23,-6.08,19.652,19.467,19.635,1002415.85,1111149.08,1151891.55,43.01
2010-11-30,21.15,23.69,20.24,19.31,1221444.88,-0.85,-4.03,19.552,19.698,19.698,1165681.79,1219769.15,1219769.15,111.04
2010-10-29,18.33,22.36,21.09,18.18,1220614.12,2.94,16.2,18.726,19.638,19.638,1045289.45,1219582.96,1219582.96,110.96
2010-09-30,19.66,20.39,18.15,17.82,809360.06,-1.62,-8.19,17.95,19.456,19.456,936122.67,1219454.06,1219454.06,73.58
2010-08-31,18.5,19.97,19.77,17.3,1287544.62,1.26,6.81,18.576,19.643,19.643,1043917.19,1278038.92,1278038.92,117.05
2010-07-30,16.06,18.59,18.51,14.95,1289445.25,2.4,14.9,19.282,19.622,19.622,1219882.31,1276454.64,1276454.64,117.22
2010-06-30,17.19,17.43,16.11,15.62,619483.19,-1.1,-6.39,19.844,19.844,19.844,1273856.51,1273856.51,1273856.51,56.32
2010-05-31,20.95,21.83,17.21,16.0,674780.25,-4.07,-19.13,20.778,20.778,20.778,1437449.84,1437449.84,1437449.84,61.34
2010-04-30,23.25,24.95,21.28,20.45,1348332.62,-2.02,-8.67,21.967,21.967,21.967,1691673.04,1691673.04,1691673.04,153.22
2010-03-31,21.15,23.54,23.3,20.23,2167370.25,1.98,9.29,22.31,22.31,22.31,1863343.25,1863343.25,1863343.25,246.29
2010-02-26,19.2,25.0,21.32,19.12,1559316.25,3.14,16.53,21.32,21.32,21.32,1559316.25,1559316.25,1559316.25,177.2
