2017-06-30,6.933,6.628,6.323
2017-06-29,6.887,6.598,6.310
2017-06-28,6.849,6.570,6.292
2017-06-27,6.817,6.547,6.277
2017-06-26,6.787,6.523,6.259
2017-06-23,6.754,6.500,6.246
2017-06-22,6.757,6.480,6.204
2017-06-21,6.773,6.462,6.151
2017-06-20,6.736,6.440,6.144
2017-06-19,6.694,6.420,6.147
2017-06-16,6.661,6.404,6.147
2017-06-15,6.634,6.392,6.151
2017-06-14,6.615,6.381,6.148
2017-06-13,6.603,6.367,6.131
2017-06-12,6.574,6.350,6.126
2017-06-09,6.552,6.337,6.122
2017-06-08,6.500,6.322,6.144
2017-06-07,6.500,6.322,6.144
2017-06-06,6.500,6.322,6.144
2017-06-05,6.569,6.336,6.103
2017-06-02,6.640,6.353,6.066
2017-06-01,6.725,6.375,6.026
2017-05-31,6.804,6.401,5.998
2017-05-26,6.819,6.411,6.004
2017-05-25,6.835,6.424,6.014
2017-05-24,6.857,6.440,6.024
2017-05-23,6.871,6.460,6.050
2017-05-22,6.860,6.474,6.088
2017-05-19,6.859,6.483,6.108
2017-05-18,6.860,6.492,6.124
2017-05-17,6.862,6.503,6.145
2017-05-16,6.915,6.528,6.142
2017-05-15,6.961,6.557,6.153
2017-05-12,6.989,6.590,6.192
2017-05-11,7.083,6.639,6.195
2017-05-10,7.176,6.690,6.204
2017-05-09,7.242,6.736,6.231
2017-05-08,7.309,6.770,6.232
2017-05-05,7.351,6.803,6.255
2017-05-04,7.401,6.830,6.259
2017-05-03,7.450,6.855,6.261
2017-05-02,7.489,6.875,6.262
2017-04-28,7.524,6.894,6.264
2017-04-27,7.572,6.933,6.294
2017-04-26,7.571,6.953,6.336
2017-04-25,7.568,6.969,6.370
2017-04-24,7.562,6.983,6.404
2017-04-21,7.528,7.008,6.489
2017-04-20,7.491,7.031,6.572
2017-04-19,7.444,7.056,6.669
2017-04-18,7.388,7.081,6.774
2017-04-17,7.382,7.090,6.799
2017-04-14,7.378,7.101,6.824
2017-04-13,7.370,7.109,6.849
2017-04-12,7.361,7.104,6.847
2017-04-11,7.346,7.098,6.851
2017-04-10,7.334,7.083,6.832
2017-04-07,7.321,7.068,6.815
2017-04-06,7.312,7.061,6.810
2017-04-05,7.298,7.055,6.813
2017-03-31,7.282,7.050,6.819
2017-03-30,7.270,7.046,6.823
2017-03-29,7.253,7.041,6.829
2017-03-28,7.223,7.036,6.849
2017-03-27,7.251,7.048,6.846
2017-03-24,7.274,7.063,6.852
2017-03-23,7.271,7.073,6.876
2017-03-22,7.274,7.084,6.895
2017-03-21,7.289,7.100,6.912
2017-03-20,7.298,7.111,6.925
2017-03-17,7.300,7.117,6.934
2017-03-16,7.300,7.117,6.935
2017-03-15,7.301,7.118,6.935
2017-03-14,7.301,7.119,6.937
2017-03-13,7.315,7.126,6.938
2017-03-10,7.330,7.132,6.934
2017-03-09,7.327,7.148,6.970
2017-03-08,7.312,7.164,7.016
2017-03-07,7.310,7.164,7.019
2017-03-06,7.320,7.159,6.999
2017-03-03,7.332,7.151,6.971
2017-03-02,7.363,7.137,6.911
2017-03-01,7.388,7.123,6.858
2017-02-28,7.393,7.101,6.810
2017-02-27,7.400,7.077,6.755
2017-02-24,7.397,7.054,6.711
2017-02-23,7.424,7.028,6.632
2017-02-22,7.447,6.996,6.545
2017-02-21,7.422,6.968,6.515
2017-02-20,7.393,6.947,6.501
2017-02-17,7.372,6.933,6.495
2017-02-16,7.493,6.961,6.430
2017-02-15,7.566,6.982,6.399
2017-02-14,7.624,7.002,6.381
2017-02-13,7.743,7.031,6.320
2017-02-10,7.861,7.062,6.264
2017-02-09,7.854,7.058,6.263
2017-02-08,7.910,7.078,6.247
2017-02-07,7.953,7.102,6.252
2017-02-06,7.994,7.127,6.261
2017-02-03,8.009,7.143,6.278
2017-01-26,8.013,7.158,6.303
2017-01-25,8.014,7.173,6.332
2017-01-24,8.014,7.190,6.366
2017-01-23,8.008,7.198,6.388
2017-01-20,8.002,7.205,6.408
2017-01-19,7.986,7.214,6.443
2017-01-18,7.956,7.230,6.504
2017-01-17,7.952,7.232,6.512
2017-01-16,7.967,7.224,6.481
2017-01-13,8.024,7.197,6.370
2017-01-12,8.023,7.129,6.235
2017-01-11,8.031,7.059,6.088
2017-01-10,8.017,6.994,5.972
2017-01-09,7.925,6.910,5.895
2017-01-06,7.764,6.840,5.917
2017-01-05,7.729,6.809,5.890
2017-01-04,7.600,6.759,5.919
2017-01-03,7.485,6.714,5.943
2016-12-30,7.350,6.668,5.986
2016-12-29,7.253,6.632,6.011
2016-12-28,7.200,6.616,6.032
2016-12-27,7.124,6.587,6.051
2016-12-26,7.036,6.563,6.091
2016-12-23,7.010,6.555,6.101
2016-12-22,6.964,6.538,6.112
2016-12-21,6.933,6.520,6.107
2016-12-20,6.903,6.510,6.117
2016-12-19,6.893,6.506,6.120
2016-12-16,6.904,6.511,6.118
2016-12-15,6.941,6.535,6.130
2016-12-14,6.970,6.563,6.157
2016-12-13,6.965,6.596,6.228
2016-12-12,6.947,6.625,6.304
2016-12-09,6.885,6.655,6.426
2016-12-08,6.898,6.671,6.444
2016-12-07,6.929,6.688,6.448
2016-12-06,6.958,6.702,6.446
2016-12-05,6.961,6.710,6.459
2016-12-02,6.989,6.699,6.409
2016-12-01,7.073,6.673,6.274
2016-11-30,7.087,6.643,6.199
2016-11-29,7.118,6.622,6.126
2016-11-28,7.116,6.605,6.094
2016-11-25,7.106,6.582,6.058
2016-11-24,7.105,6.574,6.044
2016-11-23,7.106,6.580,6.055
2016-11-22,7.107,6.581,6.055
2016-11-21,7.097,6.569,6.041
2016-11-18,7.083,6.553,6.024
2016-11-17,7.051,6.531,6.011
2016-11-16,7.014,6.509,6.004
2016-11-15,6.977,6.489,6.000
2016-11-14,6.944,6.466,5.988
2016-11-11,6.912,6.443,5.974
2016-11-10,6.876,6.432,5.988
2016-11-09,6.804,6.413,6.022
2016-11-08,6.713,6.391,6.068
2016-11-07,6.647,6.368,6.089
2016-11-04,6.647,6.362,6.077
2016-11-03,6.674,6.355,6.036
2016-11-02,6.698,6.344,5.989
2016-11-01,6.717,6.335,5.953
2016-10-31,6.727,6.319,5.910
2016-10-28,6.731,6.308,5.884
2016-10-27,6.760,6.275,5.790
2016-10-26,6.731,6.248,5.766
2016-10-25,6.692,6.208,5.723
2016-10-24,6.677,6.178,5.678
2016-10-21,6.661,6.149,5.636
2016-10-20,6.652,6.115,5.578
2016-10-19,6.653,6.071,5.489
2016-10-18,6.656,6.021,5.385
2016-10-17,6.662,5.970,5.279
2016-10-14,6.649,5.926,5.202
2016-10-13,6.567,5.861,5.154
2016-10-12,6.474,5.802,5.129
2016-10-11,6.382,5.744,5.105
2016-10-10,6.312,5.690,5.068
2016-09-30,6.249,5.634,5.019
2016-09-29,6.224,5.600,4.975
2016-09-28,6.186,5.560,4.934
2016-09-27,6.146,5.517,4.887
2016-09-26,6.083,5.473,4.862
2016-09-23,5.989,5.425,4.861
2016-09-22,5.949,5.396,4.843
2016-09-21,5.837,5.356,4.875
2016-09-20,5.763,5.325,4.886
2016-09-19,5.668,5.293,4.918
2016-09-14,5.549,5.262,4.974
2016-09-13,5.443,5.237,5.031
2016-09-12,5.386,5.221,5.055
2016-09-09,5.359,5.211,5.063
2016-09-08,5.348,5.201,5.054
2016-09-07,5.322,5.186,5.050
2016-09-06,5.308,5.177,5.046
2016-09-05,5.275,5.167,5.059
2016-09-02,5.254,5.157,5.061
2016-09-01,5.249,5.148,5.048
2016-08-31,5.251,5.146,5.042
2016-08-30,5.240,5.139,5.038
2016-08-29,5.237,5.133,5.030
2016-08-26,5.240,5.131,5.023
2016-08-25,5.240,5.131,5.023
2016-08-24,5.260,5.138,5.017
2016-08-23,5.259,5.132,5.006
2016-08-22,5.261,5.133,5.005
2016-08-19,5.256,5.130,5.004
2016-08-18,5.248,5.126,5.005
2016-08-17,5.248,5.126,5.005
2016-08-16,5.245,5.125,5.006
2016-08-15,5.246,5.126,5.006
2016-08-12,5.242,5.124,5.007
2016-08-11,5.257,5.130,5.004
2016-08-10,5.277,5.140,5.004
2016-08-09,5.331,5.155,4.979
2016-08-08,5.348,5.162,4.977
2016-08-05,5.349,5.165,4.981
2016-08-04,5.346,5.168,4.991
2016-08-03,5.345,5.171,4.997
2016-08-02,5.344,5.175,5.007
2016-08-01,5.342,5.181,5.020
2016-07-29,5.337,5.187,5.037
2016-07-28,5.339,5.185,5.032
2016-07-27,5.332,5.176,5.021
2016-07-26,5.328,5.179,5.030
2016-07-25,5.325,5.173,5.021
2016-07-22,5.325,5.172,5.019
2016-07-21,5.332,5.167,5.002
2016-07-20,5.330,5.161,4.992
2016-07-19,5.327,5.158,4.989
2016-07-18,5.324,5.155,4.986
2016-07-15,5.324,5.155,4.986
2016-07-14,5.317,5.151,4.986
2016-07-13,5.333,5.155,4.977
2016-07-12,5.280,5.142,5.004
2016-07-11,5.346,5.111,4.876
2016-07-08,5.385,5.088,4.791
2016-07-07,5.392,5.073,4.754
2016-07-06,5.390,5.060,4.730
2016-07-05,5.379,5.047,4.715
2016-07-04,5.364,5.035,4.706
2016-07-01,5.349,5.021,4.694
2016-06-30,5.343,5.010,4.678
2016-06-29,5.336,5.002,4.668
2016-06-28,5.336,4.982,4.629
2016-06-27,5.331,4.963,4.595
2016-06-24,5.320,4.945,4.570
2016-06-23,5.314,4.930,4.546
2016-06-22,5.300,4.913,4.527
2016-06-21,5.274,4.899,4.524
2016-06-20,5.244,4.883,4.522
2016-06-17,5.204,4.862,4.521
2016-06-16,5.158,4.843,4.529
2016-06-15,5.035,4.818,4.601
2016-06-14,4.965,4.804,4.643
2016-06-13,4.960,4.810,4.661
2016-06-08,4.958,4.818,4.679
2016-06-07,4.970,4.823,4.677
2016-06-06,4.981,4.827,4.673
2016-06-03,4.986,4.828,4.671
2016-06-02,5.075,4.843,4.611
2016-06-01,5.218,4.870,4.522
2016-05-31,5.339,4.900,4.462
2016-05-30,5.449,4.931,4.414
2016-05-27,5.517,4.967,4.418
2016-05-26,5.579,5.005,4.430
2016-05-25,5.636,5.041,4.446
2016-05-24,5.696,5.082,4.467
2016-05-23,5.734,5.118,4.502
2016-05-20,6.137,5.213,4.289
2016-05-19,6.419,5.308,4.197
2016-05-18,6.639,5.405,4.172
2016-05-17,6.934,5.524,4.113
2016-05-16,7.206,5.645,4.084
2016-05-13,7.432,5.765,4.098
2016-05-12,7.633,5.893,4.152
2016-05-11,7.759,6.007,4.255
2016-05-10,7.823,6.106,4.388
2016-05-09,7.875,6.207,4.538
2016-05-06,7.885,6.302,4.718
2016-05-05,7.912,6.386,4.861
2016-05-04,7.943,6.463,4.982
2016-05-03,7.966,6.539,5.112
2016-04-29,7.964,6.607,5.251
2016-04-28,7.929,6.681,5.433
2016-04-27,7.874,6.757,5.640
2016-04-26,7.767,6.815,5.863
2016-04-25,7.630,6.879,6.127
2016-04-22,7.335,6.952,6.568
2016-04-21,7.332,6.959,6.585
2016-04-20,7.328,6.973,6.617
2016-04-19,7.320,6.988,6.655
2016-04-18,7.314,6.985,6.656
2016-04-15,7.280,6.975,6.669
2016-04-14,7.234,6.954,6.674
2016-04-13,7.165,6.919,6.673
2016-04-12,7.132,6.901,6.670
2016-04-11,7.152,6.887,6.621
2016-04-08,7.191,6.860,6.528
2016-04-07,7.224,6.838,6.452
2016-04-06,7.231,6.815,6.398
2016-04-05,7.215,6.801,6.386
2016-04-01,7.193,6.790,6.387
2016-03-31,7.192,6.769,6.345
2016-03-30,7.179,6.752,6.325
2016-03-29,7.153,6.735,6.317
2016-03-28,7.165,6.723,6.281
2016-03-25,7.202,6.688,6.174
2016-03-24,7.179,6.660,6.141
2016-03-23,7.199,6.616,6.033
2016-03-22,7.153,6.597,6.040
2016-03-21,7.097,6.570,6.043
2016-03-18,7.014,6.544,6.073
2016-03-17,6.923,6.513,6.103
2016-03-16,6.874,6.494,6.114
2016-03-15,6.883,6.497,6.111
2016-03-14,6.860,6.464,6.068
2016-03-11,6.901,6.426,5.951
2016-03-10,6.928,6.400,5.871
2016-03-09,6.939,6.377,5.815
2016-03-08,6.956,6.345,5.734
2016-03-07,6.930,6.304,5.677
2016-03-04,6.875,6.253,5.630
2016-03-03,6.883,6.210,5.536
2016-03-02,6.889,6.151,5.413
2016-03-01,6.847,6.096,5.345
2016-02-29,6.829,6.054,5.278
2016-02-26,6.827,6.052,5.277
2016-02-25,6.799,6.038,5.276
2016-02-24,6.799,6.037,5.275
2016-02-23,6.730,6.012,5.294
2016-02-22,6.691,5.999,5.306
2016-02-19,6.613,5.971,5.328
2016-02-18,6.550,5.945,5.339
2016-02-17,6.496,5.930,5.363
2016-02-16,6.338,5.895,5.452
2016-02-15,6.349,5.899,5.448
2016-02-05,6.370,5.912,5.453
2016-02-04,6.500,5.948,5.396
2016-02-03,6.577,5.975,5.373
2016-02-02,6.850,6.045,5.240
2016-02-01,7.061,6.114,5.166
2016-01-29,7.472,6.226,4.979
2016-01-28,7.771,6.344,4.917
2016-01-27,7.986,6.471,4.955
2016-01-26,8.241,6.606,4.971
2016-01-25,8.430,6.738,5.045
2016-01-22,8.630,6.846,5.061
2016-01-21,8.823,6.960,5.096
2016-01-20,8.928,7.063,5.197
2016-01-19,9.010,7.157,5.304
2016-01-18,9.093,7.252,5.411
2016-01-15,9.118,7.349,5.579
2016-01-14,9.112,7.451,5.790
2016-01-13,9.094,7.535,5.975
2016-01-12,9.016,7.619,6.221
2016-01-11,8.925,7.691,6.457
2016-01-08,8.765,7.768,6.771
2016-01-07,8.670,7.822,6.973
2016-01-06,8.495,7.899,7.302
2016-01-05,8.440,7.926,7.412
2015-12-30,8.360,7.960,7.560
2015-12-29,8.354,7.950,7.545
2015-12-28,8.353,7.937,7.520
2015-12-25,8.364,7.919,7.473
2015-12-24,8.341,7.880,7.419
2015-12-23,8.330,7.877,7.423
2015-12-22,8.293,7.866,7.438
2015-12-21,8.212,7.846,7.480
2015-12-18,8.201,7.842,7.483
2015-12-17,8.210,7.845,7.480
2015-12-16,8.193,7.840,7.487
2015-12-15,8.190,7.838,7.486
2015-12-14,8.184,7.836,7.487
2015-12-11,8.193,7.841,7.489
2015-12-10,8.196,7.850,7.504
2015-12-09,8.222,7.873,7.524
2015-12-08,8.227,7.891,7.555
2015-12-07,8.230,7.906,7.581
2015-12-04,8.217,7.898,7.579
2015-12-03,8.228,7.911,7.593
2015-12-02,8.227,7.910,7.593
2015-12-01,8.247,7.924,7.601
2015-11-30,8.242,7.929,7.615
2015-11-27,8.244,7.928,7.612
2015-11-26,8.231,7.931,7.631
2015-11-25,8.239,7.903,7.566
2015-11-24,8.262,7.873,7.484
2015-11-23,8.259,7.854,7.449
2015-11-20,8.247,7.841,7.434
2015-11-19,8.223,7.821,7.418
2015-11-18,8.222,7.791,7.360
2015-11-17,8.259,7.756,7.252
2015-11-16,8.248,7.750,7.251
2015-11-13,8.228,7.738,7.247
2015-11-12,8.218,7.732,7.246
2015-11-11,8.185,7.722,7.259
2015-11-10,8.159,7.691,7.222
2015-11-09,8.133,7.658,7.182
2015-11-06,8.115,7.628,7.141
2015-11-05,8.136,7.568,7.000
2015-11-04,8.175,7.508,6.840
2015-11-03,8.192,7.424,6.655
2015-11-02,8.226,7.351,6.476
2015-10-30,8.237,7.300,6.363
2015-10-29,8.255,7.242,6.229
2015-10-28,8.236,7.196,6.156
2015-10-27,8.228,7.148,6.068
2015-10-26,8.182,7.101,6.020
2015-10-23,8.113,7.044,5.975
2015-10-22,8.047,6.982,5.917
2015-10-21,8.007,6.931,5.854
2015-10-20,7.981,6.901,5.821
2015-10-19,7.867,6.816,5.765
2015-10-16,7.733,6.747,5.760
2015-10-15,7.587,6.709,5.830
2015-10-14,7.375,6.666,5.956
2015-10-13,7.344,6.659,5.974
2015-10-12,7.288,6.646,6.003
2015-10-09,7.184,6.616,6.047
2015-10-08,7.188,6.617,6.046
2015-09-30,7.181,6.610,6.038
2015-09-29,7.203,6.631,6.059
2015-09-28,7.261,6.668,6.075
2015-09-25,7.267,6.677,6.087
2015-09-24,7.268,6.676,6.084
2015-09-23,7.271,6.664,6.057
2015-09-22,7.320,6.695,6.069
2015-09-21,7.560,6.755,5.950
2015-09-18,7.981,6.856,5.731
2015-09-17,8.302,6.966,5.629
2015-09-16,8.528,7.070,5.612
2015-09-15,8.971,7.211,5.451
2015-09-14,9.177,7.351,5.524
2015-09-11,9.325,7.471,5.616
2015-09-10,9.439,7.545,5.651
2015-09-09,9.581,7.631,5.681
2015-09-08,9.726,7.713,5.699
2015-09-07,9.809,7.788,5.767
2015-09-02,9.852,7.876,5.899
2015-09-01,9.898,7.960,6.022
2015-08-31,9.887,8.056,6.224
2015-08-28,9.862,8.117,6.372
2015-08-27,9.842,8.154,6.465
2015-08-26,9.774,8.215,6.655
2015-08-25,9.612,8.306,7.000
2015-08-24,9.373,8.376,7.378
2015-08-21,9.261,8.411,7.561
2015-08-20,9.267,8.451,7.634
2015-08-19,9.285,8.459,7.633
2015-08-18,9.276,8.453,7.630
2015-08-17,9.281,8.457,7.632
2015-08-14,9.107,8.409,7.710
2015-08-13,9.052,8.388,7.724
2015-08-12,9.024,8.348,7.671
2015-08-11,9.047,8.303,7.559
2015-08-10,9.008,8.289,7.569
2015-08-07,8.979,8.281,7.583
2015-08-06,8.951,8.250,7.548
2015-08-05,9.015,8.188,7.360
2015-08-04,9.163,8.088,7.013
2015-08-03,9.159,8.024,6.889
2015-07-31,9.153,8.019,6.884
2015-07-30,9.154,8.007,6.860
2015-07-29,9.156,8.010,6.864
2015-07-28,9.156,8.010,6.864
2015-07-27,9.283,8.071,6.858
2015-07-24,9.300,8.093,6.885
2015-07-23,9.344,8.106,6.868
2015-07-22,9.609,8.164,6.719
2015-07-21,9.995,8.259,6.523
2015-07-20,10.264,8.341,6.417
2015-07-17,10.466,8.416,6.366
2015-07-16,10.897,8.545,6.193
2015-07-15,11.386,8.725,6.064
2015-07-14,11.687,8.897,6.106
2015-07-13,12.067,9.052,6.037
2015-07-10,12.478,9.214,5.950
2015-07-09,12.824,9.414,6.003
2015-07-08,12.992,9.627,6.261
2015-07-07,13.002,9.869,6.735
2015-07-06,13.042,10.088,7.134
2015-07-03,13.122,10.270,7.417
2015-07-02,13.016,10.432,7.848
2015-07-01,12.925,10.585,8.244
2015-06-30,12.777,10.714,8.650
2015-06-29,12.696,10.785,8.874
2015-06-26,12.453,10.862,9.270
2015-06-25,12.316,10.907,9.497
2015-06-24,12.283,10.941,9.598
2015-06-23,12.280,10.955,9.629
2015-06-19,12.264,10.971,9.678
2015-06-18,12.252,10.978,9.703
2015-06-17,12.285,10.916,9.546
2015-06-16,12.301,10.810,9.318
2015-06-15,12.348,10.722,9.096
2015-06-12,12.335,10.592,8.849
2015-06-11,12.202,10.443,8.684
2015-06-10,12.005,10.309,8.613
2015-06-09,11.861,10.202,8.543
2015-06-08,11.708,10.096,8.484
2015-06-05,11.486,9.982,8.477
2015-06-04,11.234,9.844,8.453
2015-06-03,11.149,9.728,8.307
2015-06-02,10.960,9.612,8.263
2015-06-01,10.796,9.515,8.233
2015-05-29,10.677,9.460,8.242
2015-05-28,10.646,9.435,8.223
2015-05-27,10.612,9.414,8.215
2015-05-26,10.419,9.349,8.278
2015-05-25,10.218,9.305,8.392
2015-05-22,10.046,9.272,8.497
2015-05-21,10.006,9.264,8.521
2015-05-20,9.984,9.258,8.531
2015-05-19,9.985,9.258,8.531
2015-05-18,9.978,9.246,8.513
2015-05-15,10.017,9.278,8.538
2015-05-14,10.080,9.319,8.558
2015-05-13,10.187,9.361,8.534
2015-05-12,12.455,9.668,6.880
2015-05-11,13.846,9.994,6.142
2015-05-08,14.902,10.320,5.738
2015-05-07,15.566,10.625,5.683
2015-05-06,16.249,10.973,5.697
2015-05-05,16.803,11.305,5.807
2015-05-04,17.189,11.607,6.025
2015-04-30,17.398,11.837,6.276
2015-04-29,17.570,12.070,6.570
2015-04-28,17.645,12.263,6.881
2015-04-27,17.659,12.448,7.236
2015-04-24,17.666,12.598,7.530
2015-04-23,17.648,12.742,7.835
2015-04-22,17.613,12.879,8.145
2015-04-21,17.540,13.035,8.529
2015-04-20,17.396,13.209,9.021
2015-04-17,17.129,13.382,9.634
2015-04-16,16.884,13.530,10.175
2015-04-15,16.603,13.661,10.719
2015-04-14,16.299,13.775,11.251
2015-04-13,16.087,13.621,11.155
2015-04-10,15.773,13.436,11.098
2015-04-09,15.393,13.252,11.110
2015-04-08,15.170,13.105,11.039
2015-04-07,14.722,12.933,11.144
2015-04-03,14.252,12.740,11.228
2015-04-02,13.845,12.566,11.287
2015-04-01,13.650,12.446,11.242
2015-03-31,13.405,12.319,11.232
2015-03-30,13.287,12.228,11.169
2015-03-27,13.196,12.156,11.116
2015-03-26,13.133,12.085,11.038
2015-03-25,13.064,12.024,10.984
2015-03-24,13.035,11.936,10.837
2015-03-23,12.971,11.833,10.695
2015-03-20,12.832,11.735,10.638
2015-03-19,12.763,11.649,10.534
2015-03-18,12.686,11.543,10.399
2015-03-17,12.648,11.427,10.206
2015-03-16,12.584,11.316,10.048
2015-03-13,12.482,11.198,9.915
2015-03-12,12.408,11.095,9.782
2015-03-11,12.275,11.006,9.737
2015-03-10,12.142,10.924,9.706
2015-03-09,11.952,10.852,9.752
2015-03-06,11.871,10.807,9.743
2015-03-05,11.801,10.758,9.716
2015-03-04,11.700,10.702,9.704
2015-03-03,11.610,10.656,9.702
2015-03-02,11.490,10.605,9.720
2015-02-27,11.326,10.549,9.772
2015-02-26,11.180,10.485,9.791
2015-02-25,10.959,10.423,9.887
2015-02-17,10.885,10.381,9.878
2015-02-16,10.863,10.335,9.808
2015-02-13,10.834,10.265,9.697
2015-02-12,10.756,10.235,9.714
2015-02-11,10.731,10.220,9.709
2015-02-10,10.736,10.209,9.683
2015-02-09,10.736,10.204,9.672
2015-02-06,10.737,10.201,9.666
2015-02-05,10.759,10.222,9.685
2015-02-04,10.799,10.237,9.674
2015-02-03,10.896,10.265,9.633
2015-02-02,10.974,10.283,9.591
2015-01-30,10.992,10.289,9.585
2015-01-29,10.991,10.288,9.584
2015-01-28,11.004,10.295,9.585
2015-01-27,11.044,10.310,9.575
2015-01-26,11.081,10.325,9.569
2015-01-23,11.121,10.342,9.563
2015-01-22,11.125,10.335,9.544
2015-01-21,11.147,10.308,9.468
2015-01-20,11.161,10.290,9.419
2015-01-19,11.154,10.308,9.461
2015-01-16,11.115,10.329,9.542
2015-01-15,11.119,10.318,9.516
2015-01-14,11.120,10.320,9.520
2015-01-13,11.115,10.329,9.542
2015-01-12,11.113,10.334,9.554
2015-01-09,11.132,10.320,9.508
2015-01-08,11.159,10.273,9.387
2015-01-07,11.178,10.206,9.234
2015-01-06,11.102,10.135,9.168
2015-01-05,10.990,10.053,9.116
2014-12-31,10.898,10.007,9.116
2014-12-30,10.854,9.975,9.095
2014-12-29,10.786,9.931,9.076
2014-12-26,10.659,9.865,9.070
2014-12-25,10.501,9.806,9.111
2014-12-24,10.292,9.747,9.202
2014-12-23,10.274,9.718,9.162
2014-12-22,10.285,9.699,9.112
2014-12-19,10.294,9.673,9.051
2014-12-18,10.239,9.620,9.001
2014-12-17,10.222,9.576,8.930
2014-12-16,10.187,9.535,8.883
2014-12-15,10.080,9.479,8.878
2014-12-12,10.001,9.420,8.839
2014-12-11,9.896,9.356,8.815
2014-12-10,9.861,9.316,8.770
2014-12-09,9.847,9.291,8.734
2014-12-08,9.862,9.268,8.674
2014-12-05,9.839,9.250,8.661
2014-12-04,9.837,9.224,8.610
2014-12-03,9.744,9.184,8.623
2014-12-02,9.649,9.148,8.647
2014-12-01,9.569,9.122,8.674
2014-11-28,9.532,9.106,8.680
2014-11-27,9.449,9.080,8.710
2014-11-26,9.343,9.045,8.747
2014-11-25,9.278,9.023,8.768
2014-11-24,9.234,9.002,8.770
2014-11-21,9.226,8.975,8.723
2014-11-20,9.234,8.949,8.664
2014-11-19,9.242,8.927,8.611
2014-11-18,9.220,8.907,8.594
2014-11-17,9.197,8.894,8.592
2014-11-14,9.213,8.902,8.591
2014-11-13,9.223,8.910,8.598
2014-11-12,9.243,8.919,8.596
2014-11-11,9.279,8.931,8.583
2014-11-10,9.331,8.954,8.578
2014-11-07,9.390,8.969,8.548
2014-11-06,9.423,8.990,8.557
2014-11-05,9.450,9.002,8.555
2014-11-04,9.480,9.015,8.551
2014-11-03,9.478,9.014,8.551
2014-10-31,9.478,9.014,8.551
2014-10-30,9.480,9.015,8.551
2014-10-29,9.484,9.023,8.563
2014-10-28,9.486,9.026,8.566
2014-10-27,9.487,9.024,8.561
2014-10-24,9.484,9.025,8.567
2014-10-23,9.475,9.029,8.584
2014-10-22,9.464,9.034,8.604
2014-10-21,9.471,9.030,8.590
2014-10-20,9.492,9.018,8.544
2014-10-17,9.488,9.013,8.538
2014-10-16,9.486,9.005,8.524
2014-10-15,9.479,8.987,8.495
2014-10-14,9.455,8.961,8.468
2014-10-13,9.412,8.936,8.459
2014-10-10,9.331,8.905,8.478
2014-10-09,9.283,8.875,8.468
2014-10-08,9.226,8.845,8.465
2014-09-30,9.144,8.813,8.482
2014-09-29,9.103,8.791,8.479
2014-09-26,9.091,8.751,8.412
2014-09-25,9.047,8.738,8.429
2014-09-24,9.006,8.727,8.449
2014-09-23,8.963,8.714,8.465
2014-09-22,8.959,8.712,8.466
2014-09-19,8.974,8.720,8.466
2014-09-18,8.973,8.718,8.463
2014-09-17,8.973,8.713,8.453
2014-09-16,8.990,8.701,8.412
2014-09-15,8.996,8.696,8.396
2014-09-12,8.964,8.670,8.376
2014-09-11,8.988,8.637,8.287
2014-09-10,9.001,8.612,8.223
2014-09-09,8.997,8.593,8.190
2014-09-05,8.981,8.572,8.164
2014-09-04,8.975,8.540,8.106
2014-09-03,8.980,8.513,8.046
2014-09-02,8.967,8.495,8.023
2014-09-01,8.952,8.479,8.007
2014-08-29,8.935,8.459,7.984
2014-08-28,8.950,8.446,7.943
2014-08-27,8.906,8.416,7.926
2014-08-26,8.843,8.382,7.921
2014-08-25,8.794,8.357,7.920
2014-08-22,8.721,8.322,7.924
2014-08-21,8.616,8.283,7.950
2014-08-20,8.559,8.249,7.939
2014-08-19,8.506,8.217,7.929
2014-08-18,8.535,8.181,7.827
2014-08-15,8.525,8.141,7.757
2014-08-14,8.503,8.106,7.709
2014-08-13,8.507,8.084,7.661
2014-08-12,8.502,8.059,7.617
2014-08-11,8.470,8.032,7.594
2014-08-08,8.426,8.008,7.590
2014-08-07,8.412,7.992,7.572
2014-08-06,8.412,7.967,7.522
2014-08-05,8.387,7.929,7.471
2014-08-04,8.324,7.901,7.479
2014-08-01,8.274,7.873,7.473
2014-07-31,8.264,7.847,7.430
2014-07-30,8.220,7.817,7.414
2014-07-29,8.172,7.787,7.402
2014-07-28,nan,nan,nan
2014-07-25,nan,nan,nan
2014-07-24,nan,nan,nan
2014-07-23,nan,nan,nan
2014-07-22,nan,nan,nan
2014-07-21,nan,nan,nan
2014-07-18,nan,nan,nan
2014-07-17,nan,nan,nan
2014-07-16,nan,nan,nan
2014-07-15,nan,nan,nan
2014-07-14,nan,nan,nan
2014-07-11,nan,nan,nan
2014-07-10,nan,nan,nan
2014-07-09,nan,nan,nan
2014-07-08,nan,nan,nan
2014-07-07,nan,nan,nan
2014-07-04,nan,nan,nan
2014-07-03,nan,nan,nan
2014-07-02,nan,nan,nan
