Not
2017-01-06@15:00:00,-0.084,-0.028,-0.056
2017-01-06@14:30:00,-0.071,-0.014,-0.057
2017-01-06@14:00:00,-0.057,0.000,-0.057
2017-01-06@13:30:00,-0.043,0.015,-0.058
2017-01-06@11:30:00,-0.029,0.029,-0.058
2017-01-06@11:00:00,-0.012,0.044,-0.055
2017-01-06@10:30:00,0.009,0.058,-0.049
2017-01-06@10:00:00,0.034,0.070,-0.036
2017-01-05@15:00:00,0.051,0.079,-0.027
2017-01-05@14:30:00,0.064,0.085,-0.022
2017-01-05@14:00:00,0.070,0.091,-0.021
2017-01-05@13:30:00,0.073,0.096,-0.022
2017-01-05@11:30:00,0.081,0.102,-0.021
2017-01-05@11:00:00,0.093,0.107,-0.014
2017-01-05@10:30:00,0.102,0.110,-0.009
2017-01-05@10:00:00,0.111,0.112,-0.002
2017-01-04@15:00:00,0.117,0.113,0.004
2017-01-04@14:30:00,0.120,0.112,0.008
2017-01-04@14:00:00,0.120,0.110,0.010
2017-01-04@13:30:00,0.122,0.107,0.015
2017-01-04@11:30:00,0.121,0.104,0.017
2017-01-04@11:00:00,0.122,0.099,0.023
2017-01-04@10:30:00,0.127,0.094,0.034
2017-01-04@10:00:00,0.137,0.085,0.052
2017-01-03@15:00:00,0.141,0.072,0.069
2017-01-03@14:30:00,0.135,0.055,0.080
2017-01-03@14:00:00,0.118,0.035,0.083
2017-01-03@13:30:00,0.098,0.014,0.084
2017-01-03@11:30:00,0.064,-0.007,0.071
2017-01-03@11:00:00,0.010,-0.025,0.034
2017-01-03@10:30:00,0.003,-0.033,0.036
2017-01-03@10:00:00,-0.007,-0.042,0.035
2016-12-30@15:00:00,-0.022,-0.051,0.029
2016-12-30@14:30:00,-0.037,-0.058,0.021
2016-12-30@14:00:00,-0.052,-0.063,0.012
2016-12-30@13:30:00,-0.057,-0.066,0.010
2016-12-30@11:30:00,-0.057,-0.069,0.012
2016-12-30@11:00:00,-0.060,-0.072,0.012
2016-12-30@10:30:00,-0.079,-0.075,-0.004
2016-12-30@10:00:00,-0.077,-0.074,-0.003
2016-12-29@15:00:00,-0.075,-0.073,-0.002
2016-12-29@14:30:00,-0.066,-0.073,0.007
2016-12-29@14:00:00,-0.067,-0.074,0.007
2016-12-29@13:30:00,-0.071,-0.076,0.005
2016-12-29@11:30:00,-0.076,-0.077,0.001
2016-12-29@11:00:00,-0.084,-0.077,-0.007
2016-12-29@10:30:00,-0.083,-0.076,-0.007
2016-12-29@10:00:00,-0.078,-0.074,-0.004
2016-12-28@15:00:00,-0.083,-0.073,-0.010
2016-12-28@14:30:00,-0.072,-0.071,-0.001
2016-12-28@14:00:00,-0.076,-0.070,-0.005
2016-12-28@13:30:00,-0.076,-0.069,-0.007
2016-12-28@11:30:00,-0.072,-0.067,-0.005
2016-12-28@11:00:00,-0.069,-0.066,-0.003
2016-12-28@10:30:00,-0.066,-0.065,-0.001
2016-12-28@10:00:00,-0.061,-0.065,0.004
2016-12-27@15:00:00,-0.061,-0.066,0.006
2016-12-27@14:30:00,-0.060,-0.067,0.008
2016-12-27@14:00:00,-0.055,-0.069,0.014
2016-12-27@13:30:00,-0.056,-0.073,0.017
2016-12-27@11:30:00,-0.063,-0.077,0.014
2016-12-27@11:00:00,-0.066,-0.081,0.014
2016-12-27@10:30:00,-0.072,-0.084,0.013
2016-12-27@10:00:00,-0.080,-0.087,0.007
2016-12-26@15:00:00,-0.098,-0.089,-0.009
2016-12-26@14:30:00,-0.120,-0.087,-0.033
2016-12-26@14:00:00,-0.141,-0.079,-0.063
2016-12-26@13:30:00,-0.139,-0.063,-0.076
2016-12-26@11:30:00,-0.131,-0.044,-0.087
2016-12-26@11:00:00,-0.114,-0.022,-0.091
2016-12-26@10:30:00,-0.077,0.000,-0.078
2016-12-26@10:00:00,-0.037,0.020,-0.057
2016-12-23@15:00:00,0.013,0.034,-0.021
2016-12-23@14:30:00,0.022,0.039,-0.017
2016-12-23@14:00:00,0.030,0.044,-0.014
2016-12-23@13:30:00,0.039,0.047,-0.008
2016-12-23@11:30:00,0.050,0.049,0.001
2016-12-23@11:00:00,0.054,0.049,0.005
2016-12-23@10:30:00,0.053,0.048,0.006
2016-12-23@10:00:00,0.052,0.046,0.006
2016-12-22@15:00:00,0.050,0.045,0.005
2016-12-22@14:30:00,0.051,0.043,0.007
2016-12-22@14:00:00,0.044,0.042,0.002
2016-12-22@13:30:00,0.031,0.041,-0.010
2016-12-22@11:30:00,0.017,0.044,-0.027
2016-12-22@11:00:00,0.019,0.050,-0.032
2016-12-22@10:30:00,0.034,0.058,-0.025
2016-12-22@10:00:00,0.046,0.064,-0.018
2016-12-21@15:00:00,0.054,0.069,-0.014
2016-12-21@14:30:00,0.057,0.073,-0.015
2016-12-21@14:00:00,0.061,0.076,-0.015
2016-12-21@13:30:00,0.066,0.080,-0.014
2016-12-21@11:30:00,0.076,0.084,-0.008
2016-12-21@11:00:00,0.078,0.086,-0.008
2016-12-21@10:30:00,0.081,0.088,-0.006
2016-12-21@10:00:00,0.081,0.089,-0.008
2016-12-20@15:00:00,0.076,0.091,-0.015
2016-12-20@14:30:00,0.073,0.095,-0.021
2016-12-20@14:00:00,0.084,0.100,-0.016
2016-12-20@13:30:00,0.094,0.104,-0.010
2016-12-20@11:30:00,0.105,0.107,-0.002
2016-12-20@11:00:00,0.110,0.107,0.003
2016-12-20@10:30:00,0.120,0.107,0.013
2016-12-20@10:00:00,0.120,0.103,0.017
2016-12-19@15:00:00,0.126,0.099,0.027
2016-12-19@14:30:00,0.123,0.092,0.031
2016-12-19@14:00:00,0.095,0.084,0.010
2016-12-19@13:30:00,0.085,0.082,0.003
2016-12-19@11:30:00,0.095,0.081,0.014
2016-12-19@11:00:00,0.109,0.078,0.032
2016-12-19@10:30:00,0.124,0.070,0.054
2016-12-19@10:00:00,0.136,0.056,0.080
2016-12-16@15:00:00,0.138,0.036,0.102
2016-12-16@14:30:00,0.138,0.011,0.127
2016-12-16@14:00:00,0.128,-0.021,0.150
2016-12-16@13:30:00,0.105,-0.059,0.163
2016-12-16@11:30:00,0.072,-0.099,0.171
2016-12-16@11:00:00,0.030,-0.142,0.172
2016-12-16@10:30:00,-0.027,-0.185,0.158
2016-12-16@10:00:00,-0.121,-0.225,0.104
2016-12-15@15:00:00,-0.141,-0.251,0.110
2016-12-15@14:30:00,-0.161,-0.279,0.117
2016-12-15@14:00:00,-0.190,-0.308,0.118
2016-12-15@13:30:00,-0.208,-0.337,0.129
2016-12-15@11:30:00,-0.235,-0.370,0.135
2016-12-15@11:00:00,-0.276,-0.403,0.127
2016-12-15@10:30:00,-0.316,-0.435,0.119
2016-12-15@10:00:00,-0.353,-0.465,0.112
2016-12-14@15:00:00,-0.389,-0.493,0.104
2016-12-14@14:30:00,-0.425,-0.519,0.094
2016-12-14@14:00:00,-0.465,-0.542,0.077
2016-12-14@13:30:00,-0.503,-0.561,0.058
2016-12-14@11:30:00,-0.534,-0.576,0.042
2016-12-14@11:00:00,-0.565,-0.587,0.021
2016-12-14@10:30:00,-0.587,-0.592,0.005
2016-12-14@10:00:00,-0.599,-0.593,-0.006
2016-12-13@15:00:00,-0.621,-0.591,-0.029
2016-12-13@14:30:00,-0.637,-0.584,-0.053
2016-12-13@14:00:00,-0.662,-0.571,-0.091
2016-12-13@13:30:00,-0.679,-0.548,-0.131
2016-12-13@11:30:00,-0.683,-0.515,-0.167
2016-12-13@11:00:00,-0.658,-0.474,-0.184
2016-12-13@10:30:00,-0.624,-0.427,-0.197
2016-12-13@10:00:00,-0.573,-0.378,-0.194
2016-12-12@15:00:00,-0.514,-0.330,-0.184
2016-12-12@14:30:00,-0.464,-0.284,-0.180
2016-12-12@14:00:00,-0.403,-0.239,-0.164
2016-12-12@13:30:00,-0.320,-0.198,-0.122
2016-12-12@11:30:00,-0.276,-0.167,-0.109
2016-12-12@11:00:00,-0.237,-0.140,-0.097
2016-12-12@10:30:00,-0.201,-0.115,-0.085
2016-12-12@10:00:00,-0.162,-0.094,-0.068
2016-12-09@15:00:00,-0.127,-0.077,-0.050
2016-12-09@14:30:00,-0.112,-0.065,-0.048
2016-12-09@14:00:00,-0.095,-0.053,-0.042
2016-12-09@13:30:00,-0.082,-0.042,-0.040
2016-12-09@11:30:00,-0.073,-0.032,-0.041
2016-12-09@11:00:00,-0.064,-0.022,-0.042
2016-12-09@10:30:00,-0.047,-0.011,-0.035
2016-12-09@10:00:00,-0.028,-0.003,-0.026
2016-12-08@15:00:00,-0.008,0.004,-0.011
2016-12-08@14:30:00,0.012,0.007,0.005
2016-12-08@14:00:00,0.013,0.005,0.008
2016-12-08@13:30:00,0.012,0.003,0.008
2016-12-08@11:30:00,0.012,0.001,0.010
2016-12-08@11:00:00,0.006,-0.001,0.007
2016-12-08@10:30:00,0.002,-0.003,0.005
2016-12-08@10:00:00,0.002,-0.004,0.007
2016-12-07@15:00:00,-0.001,-0.006,0.005
2016-12-07@14:30:00,-0.005,-0.007,0.003
2016-12-07@14:00:00,-0.009,-0.008,-0.002
2016-12-07@13:30:00,-0.013,-0.007,-0.005
2016-12-07@11:30:00,-0.015,-0.006,-0.009
2016-12-07@11:00:00,-0.016,-0.004,-0.012
2016-12-07@10:30:00,-0.013,-0.001,-0.012
2016-12-07@10:00:00,-0.002,0.002,-0.004
2016-12-06@15:00:00,0.009,0.003,0.005
2016-12-06@14:30:00,0.013,0.002,0.011
2016-12-06@14:00:00,0.014,-0.001,0.015
2016-12-06@13:30:00,0.009,-0.005,0.013
2016-12-06@11:30:00,0.004,-0.008,0.012
2016-12-06@11:00:00,-0.000,-0.011,0.011
2016-12-06@10:30:00,-0.001,-0.014,0.013
2016-12-06@10:00:00,-0.008,-0.017,0.009
2016-12-05@15:00:00,-0.022,-0.019,-0.003
2016-12-05@14:30:00,-0.030,-0.018,-0.012
2016-12-05@14:00:00,-0.040,-0.016,-0.024
2016-12-05@13:30:00,-0.045,-0.009,-0.036
2016-12-05@11:30:00,-0.044,-0.000,-0.043
2016-12-05@11:00:00,-0.033,0.010,-0.043
2016-12-05@10:30:00,-0.027,0.021,-0.048
2016-12-05@10:00:00,-0.020,0.033,-0.053
2016-12-02@15:00:00,-0.002,0.046,-0.049
2016-12-02@14:30:00,0.009,0.059,-0.050
2016-12-02@14:00:00,0.023,0.071,-0.048
2016-12-02@13:30:00,0.037,0.083,-0.046
2016-12-02@11:30:00,0.053,0.095,-0.042
2016-12-02@11:00:00,0.078,0.105,-0.027
2016-12-02@10:30:00,0.094,0.112,-0.018
2016-12-02@10:00:00,0.109,0.117,-0.008
2016-12-01@15:00:00,0.118,0.119,-0.000
2016-12-01@14:30:00,0.109,0.119,-0.009
2016-12-01@14:00:00,0.119,0.121,-0.002
2016-12-01@13:30:00,0.126,0.122,0.005
2016-12-01@11:30:00,0.130,0.121,0.009
2016-12-01@11:00:00,0.126,0.118,0.008
2016-12-01@10:30:00,0.121,0.116,0.005
2016-12-01@10:00:00,0.112,0.115,-0.003
2016-11-30@15:00:00,0.123,0.116,0.007
2016-11-30@14:30:00,0.132,0.114,0.018
2016-11-30@14:00:00,0.142,0.109,0.032
2016-11-30@13:30:00,0.140,0.101,0.039
2016-11-30@11:30:00,0.132,0.092,0.040
2016-11-30@11:00:00,0.122,0.082,0.040
2016-11-30@10:30:00,0.100,0.072,0.028
2016-11-30@10:00:00,0.062,0.065,-0.002
2016-10-13@15:00:00,0.051,0.065,-0.014
2016-10-13@14:30:00,0.055,0.069,-0.013
2016-10-13@14:00:00,0.060,0.072,-0.012
2016-10-13@13:30:00,0.054,0.075,-0.021
2016-10-13@11:30:00,0.054,0.080,-0.027
2016-10-13@11:00:00,0.062,0.087,-0.025
2016-10-13@10:30:00,0.075,0.093,-0.018
2016-10-13@10:00:00,0.089,0.098,-0.009
2016-10-12@14:30:00,0.101,0.100,0.001
2016-10-12@14:00:00,0.108,0.100,0.008
2016-10-12@13:30:00,0.111,0.098,0.013
2016-10-12@11:30:00,0.111,0.095,0.017
2016-10-12@11:00:00,0.108,0.090,0.017
2016-10-12@10:30:00,0.095,0.086,0.009
2016-10-12@10:00:00,0.083,0.084,-0.000
2016-10-11@15:00:00,0.090,0.084,0.006
2016-10-11@14:30:00,0.090,0.082,0.007
2016-10-11@14:00:00,0.091,0.081,0.011
2016-10-11@13:30:00,0.095,0.078,0.017
2016-10-11@11:30:00,0.099,0.074,0.026
2016-10-11@11:00:00,0.100,0.067,0.033
2016-10-11@10:30:00,0.099,0.059,0.040
2016-10-11@10:00:00,0.093,0.049,0.044
2016-10-10@15:00:00,0.091,0.038,0.053
2016-10-10@14:30:00,0.083,0.024,0.058
2016-10-10@14:00:00,0.069,0.010,0.059
2016-10-10@13:30:00,0.054,-0.005,0.059
2016-10-10@11:30:00,0.035,-0.019,0.055
2016-10-10@11:00:00,0.005,-0.033,0.038
2016-10-10@10:30:00,-0.019,-0.042,0.024
2016-10-10@10:00:00,-0.031,-0.048,0.017
2016-09-30@15:00:00,-0.049,-0.053,0.004
2016-09-30@14:30:00,-0.053,-0.054,0.000
2016-09-30@14:00:00,-0.055,-0.054,-0.001
2016-09-30@13:30:00,-0.050,-0.053,0.003
2016-09-30@11:30:00,-0.051,-0.054,0.003
2016-09-30@11:00:00,-0.050,-0.055,0.005
2016-09-30@10:30:00,-0.046,-0.056,0.010
2016-09-30@10:00:00,-0.045,-0.059,0.014
2016-09-29@15:00:00,-0.045,-0.062,0.017
2016-09-29@14:30:00,-0.043,-0.067,0.024
2016-09-29@14:00:00,-0.047,-0.073,0.026
2016-09-29@13:30:00,-0.052,-0.079,0.027
2016-09-29@11:30:00,-0.055,-0.086,0.031
2016-09-29@11:00:00,-0.063,-0.094,0.031
2016-09-29@10:30:00,-0.073,-0.101,0.028
2016-09-29@10:00:00,-0.085,-0.109,0.024
2016-09-28@15:00:00,-0.088,-0.114,0.026
2016-09-28@14:30:00,-0.093,-0.121,0.028
2016-09-28@14:00:00,-0.100,-0.128,0.028
2016-09-28@13:30:00,-0.108,-0.135,0.027
2016-09-28@11:30:00,-0.117,-0.142,0.025
2016-09-28@11:00:00,-0.127,-0.148,0.021
2016-09-28@10:30:00,-0.136,-0.154,0.017
2016-09-28@10:00:00,-0.152,-0.158,0.006
2016-09-27@15:00:00,-0.158,-0.159,0.001
2016-09-27@14:30:00,-0.183,-0.160,-0.023
2016-09-27@14:00:00,-0.187,-0.154,-0.033
2016-09-27@13:30:00,-0.180,-0.146,-0.035
2016-09-27@11:30:00,-0.172,-0.137,-0.035
2016-09-27@11:00:00,-0.168,-0.128,-0.039
2016-09-27@10:30:00,-0.162,-0.118,-0.044
2016-09-27@10:00:00,-0.149,-0.107,-0.042
2016-09-26@15:00:00,-0.141,-0.097,-0.044
2016-09-26@14:30:00,-0.120,-0.086,-0.034
2016-09-26@14:00:00,-0.113,-0.077,-0.036
2016-09-26@13:30:00,-0.107,-0.068,-0.039
2016-09-26@11:30:00,-0.099,-0.059,-0.040
2016-09-26@11:00:00,-0.090,-0.049,-0.042
2016-09-26@10:30:00,-0.079,-0.038,-0.040
2016-09-26@10:00:00,-0.055,-0.028,-0.027
2016-09-23@15:00:00,-0.031,-0.022,-0.009
2016-09-23@14:30:00,-0.029,-0.019,-0.010
2016-09-23@14:00:00,-0.024,-0.017,-0.007
2016-09-23@13:30:00,-0.021,-0.015,-0.006
2016-09-23@11:30:00,-0.017,-0.013,-0.003
2016-09-23@11:00:00,-0.016,-0.013,-0.003
2016-09-23@10:30:00,-0.013,-0.012,-0.002
2016-09-23@10:00:00,-0.011,-0.012,0.000
2016-09-22@15:00:00,-0.008,-0.012,0.003
2016-09-22@14:30:00,-0.008,-0.012,0.005
2016-09-22@14:00:00,-0.000,-0.014,0.013
2016-09-22@13:30:00,0.003,-0.017,0.020
2016-09-22@11:30:00,0.006,-0.022,0.027
2016-09-22@11:00:00,0.003,-0.029,0.032
2016-09-22@10:30:00,-0.006,-0.037,0.030
2016-09-22@10:00:00,-0.020,-0.044,0.024
2016-09-21@15:00:00,-0.035,-0.050,0.015
2016-09-21@14:30:00,-0.038,-0.054,0.016
2016-09-21@14:00:00,-0.041,-0.058,0.016
2016-09-21@13:30:00,-0.048,-0.062,0.013
2016-09-21@11:30:00,-0.055,-0.065,0.010
2016-09-21@11:00:00,-0.059,-0.068,0.009
2016-09-21@10:30:00,-0.062,-0.070,0.008
2016-09-21@10:00:00,-0.062,-0.072,0.010
2016-09-20@15:00:00,-0.066,-0.074,0.009
2016-09-20@14:30:00,-0.065,-0.076,0.011
2016-09-20@14:00:00,-0.064,-0.079,0.015
2016-09-20@13:30:00,-0.063,-0.083,0.020
2016-09-20@11:30:00,-0.062,-0.088,0.026
2016-09-20@11:00:00,-0.069,-0.094,0.025
2016-09-20@10:30:00,nan,nan,nan
2016-09-20@10:00:00,nan,nan,nan
2016-09-19@15:00:00,nan,nan,nan
2016-09-19@14:30:00,nan,nan,nan
2016-09-19@14:00:00,nan,nan,nan
2016-09-19@13:30:00,nan,nan,nan
2016-09-19@11:30:00,nan,nan,nan
2016-09-19@11:00:00,nan,nan,nan
2016-09-19@10:30:00,nan,nan,nan
2016-09-19@10:00:00,nan,nan,nan
2016-09-14@15:00:00,nan,nan,nan
2016-09-14@14:30:00,nan,nan,nan
2016-09-14@14:00:00,nan,nan,nan
2016-09-14@13:30:00,nan,nan,nan
2016-09-14@11:30:00,nan,nan,nan
2016-09-14@11:00:00,nan,nan,nan
2016-09-14@10:30:00,nan,nan,nan
2016-09-14@10:00:00,nan,nan,nan
2016-09-13@15:00:00,nan,nan,nan
2016-09-13@14:30:00,nan,nan,nan
2016-09-13@14:00:00,nan,nan,nan
2016-09-13@13:30:00,nan,nan,nan
2016-09-13@11:30:00,nan,nan,nan
2016-09-13@11:00:00,nan,nan,nan
2016-09-13@10:30:00,nan,nan,nan
2016-09-13@10:00:00,nan,nan,nan
2016-09-12@15:00:00,nan,nan,nan
2016-09-12@14:30:00,nan,nan,nan
2016-09-12@14:00:00,nan,nan,nan
2016-09-12@13:30:00,nan,nan,nan
2016-09-12@11:30:00,nan,nan,nan
2016-09-12@11:00:00,nan,nan,nan
2016-09-12@10:30:00,nan,nan,nan
