date,open,high,close,low,volume,price_change,p_change,ma5,ma10,ma20,v_ma5,v_ma10,v_ma20,turnover
2016-12-28 15:00:00,26.04,26.05,25.8,25.7,5581.0,-0.24,-0.92,25.998,26.116,26.443,2435.7,3429.04,3742.79,0.83
2016-12-28 14:30:00,26.08,26.15,26.04,25.95,2030.0,-0.04,-0.15,26.038,26.188,26.515,1991.02,3084.94,3721.53,0.3
2016-12-28 14:00:00,26.02,26.12,26.08,25.86,1622.0,0.06,0.23,26.028,26.253,26.565,2504.9,3050.34,4106.15,0.24
2016-12-28 13:30:00,26.0,26.08,26.02,25.95,1101.0,0.02,0.08,26.046,26.318,26.6155,3279.61,3045.39,4954.5,0.16
2016-12-28 11:30:00,26.0,26.17,26.05,25.97,1844.48,0.05,0.19,26.138,26.377,26.632,4099.24,3241.99,6025.35,0.28
2016-12-28 11:00:00,25.99,26.0,26.0,25.81,3357.64,0.01,0.04,26.234,26.423,26.638,4422.38,3612.01,6833.42,0.5
2016-12-28 10:30:00,26.17,26.17,25.99,25.86,4599.36,-0.18,-0.69,26.338,26.457,26.6065,4178.85,4389.78,7048.84,0.69
2016-12-28 10:00:00,26.4,26.4,26.17,26.07,5495.56,-0.23,-0.87,26.478,26.57,26.553,3595.78,4631.92,6902.54,0.82
2016-12-27 15:00:00,26.53,26.7,26.48,26.4,5199.15,-0.05,-0.19,26.59,26.668,26.49,2811.18,4303.52,6751.81,0.78
2016-12-27 14:30:00,26.52,26.54,26.53,26.3,3460.19,0.01,0.04,26.616,26.715,26.4115,2384.75,4127.16,6632.65,0.52
2016-12-27 14:00:00,26.69,26.69,26.52,26.43,2140.0,-0.17,-0.64,26.612,26.77,26.336,2801.65,4056.54,6801.34,0.32
2016-12-27 13:30:00,26.73,26.74,26.69,26.61,1684.0,-0.04,-0.15,26.576,26.842,26.2235,4600.71,4358.12,6867.12,0.25
2016-12-27 11:30:00,26.61,26.76,26.73,26.6,1572.56,0.12,0.45,26.662,26.877,26.093,5668.06,5161.97,6911.37,0.23
2016-12-27 11:00:00,26.51,26.87,26.61,26.46,3067.0,0.1,0.38,26.746,26.913,25.983,5795.85,6863.61,6928.1,0.46
2016-12-27 10:30:00,26.35,26.51,26.51,26.19,5544.67,0.16,0.61,26.814,26.887,25.8855,5869.56,8808.7,6810.85,0.83
2016-12-27 10:00:00,26.64,26.66,26.34,26.29,11135.3,-0.3,-1.13,26.928,26.853,25.793,5311.43,10054.8,6576.51,1.66
2016-12-26 15:00:00,27.15,27.2,27.12,27.1,7020.76,-0.03,-0.11,27.108,26.756,25.707,4115.54,9707.89,6073.7,1.05
2016-12-26 14:30:00,26.95,27.17,27.15,26.92,2211.53,0.2,0.74,27.092,26.536,25.579,4655.88,9173.16,5777.96,0.33
2016-12-26 14:00:00,27.08,27.08,26.95,26.84,3435.54,-0.13,-0.48,27.08,26.312,25.451,7931.38,9200.11,5744.98,0.51
2016-12-26 13:30:00,27.24,27.26,27.08,26.98,2754.0,-0.16,-0.59,26.96,26.108,25.337,11747.8,9138.15,5658.66,0.41
2016-12-26 11:30:00,27.04,27.27,27.24,27.04,5155.88,0.2,0.74,26.778,25.902,25.2215,14798.2,9546.13,5592.11,0.77
2016-12-26 11:00:00,27.05,27.29,27.04,26.86,9722.46,-0.01,-0.04,26.404,25.605,25.11,15300.2,9376.12,5421.36,1.45
2016-12-26 10:30:00,26.35,27.4,27.09,26.28,18589.0,0.74,2.81,25.98,25.309,25.0005,13690.4,8660.77,5016.6,2.77
2016-12-26 10:00:00,26.0,26.48,26.35,25.71,22517.9,0.35,1.35,25.544,25.053,24.893,10468.8,6992.57,4129.56,3.36
2016-12-23 15:00:00,25.39,26.5,26.17,25.2,18005.8,0.78,3.07,25.256,24.884,24.8205,6528.45,4812.98,3025.41,2.69
2016-12-23 14:30:00,24.92,25.37,25.37,24.91,7666.04,0.45,1.81,25.026,24.733,24.7545,4294.06,3098.21,2187.67,1.14
2016-12-23 14:00:00,24.91,25.0,24.92,24.91,1673.45,0.01,0.04,24.806,24.658,24.7285,3452.01,2439.5,1876.37,0.25
2016-12-23 13:30:00,24.89,25.02,24.91,24.82,2481.0,0.02,0.08,24.638,24.622,24.729,3631.12,2382.76,1864.6,0.37
2016-12-23 11:30:00,25.0,25.04,24.91,24.88,2816.0,-0.09,-0.36,24.562,24.59,24.737,3516.32,2289.86,1837.85,0.42
2016-12-23 11:00:00,24.27,25.19,25.02,24.27,6833.81,0.75,3.09,24.512,24.566,24.738,3097.52,2179.16,1933.68,1.02
2016-12-23 10:30:00,24.08,24.39,24.27,24.05,3455.78,0.19,0.79,24.44,24.541,24.725,1902.36,1638.08,1654.79,0.52
2016-12-23 10:00:00,24.39,24.4,24.08,24.07,2569.0,-0.31,-1.27,24.51,24.615,24.751,1427.0,1466.6,1523.3,0.38
2016-12-22 15:00:00,24.66,24.66,24.53,24.48,1907.0,-0.13,-0.53,24.606,24.692,24.79,1134.4,1372.44,1421.1,0.28
2016-12-22 14:30:00,24.66,24.75,24.66,24.62,722.0,0.0,0.0,24.618,24.733,24.808,1063.4,1266.54,1342.49,0.11
2016-12-22 14:00:00,24.64,24.8,24.66,24.6,858.0,0.02,0.08,24.62,24.757,24.817,1260.8,1237.84,1347.64,0.13
2016-12-22 13:30:00,24.5,24.74,24.62,24.48,1079.0,0.12,0.49,24.642,24.776,24.828,1373.8,1277.14,1438.44,0.16
2016-12-22 11:30:00,24.59,24.62,24.56,24.5,1106.0,-0.03,-0.12,24.72,24.799,24.8335,1506.2,1313.24,1451.84,0.17
2016-12-22 11:00:00,24.63,24.7,24.59,24.55,1552.0,-0.04,-0.16,24.778,24.836,24.842,1610.47,1346.44,1454.64,0.23
2016-12-22 10:30:00,24.77,24.84,24.67,24.63,1709.0,-0.1,-0.4,24.848,24.884,24.8475,1469.67,1385.84,1441.39,0.25
2016-12-22 10:00:00,25.04,25.04,24.77,24.75,1423.0,-0.27,-1.08,24.894,24.91,24.857,1214.87,1688.2,1387.59,0.21
2016-12-21 15:00:00,24.85,25.07,25.01,24.85,1741.0,0.16,0.64,24.91,24.909,24.8685,1180.47,1671.5,1337.99,0.26
2016-12-21 14:30:00,24.94,24.94,24.85,24.79,1627.36,-0.09,-0.36,24.878,24.887,24.8625,1120.27,1580.0,1258.64,0.24
2016-12-21 14:00:00,24.9,24.98,24.94,24.89,848.0,0.04,0.16,24.894,24.888,24.862,1082.4,1469.76,1203.37,0.13
2016-12-21 13:30:00,24.94,24.94,24.9,24.83,435.0,-0.04,-0.16,24.92,24.883,24.859,1302.0,1418.45,446.4,0.06
2016-12-21 11:30:00,24.85,24.97,24.85,24.75,1251.0,0.0,0.0,24.926,24.877,24.864,2161.52,1457.45,1247.92,0.19
2016-12-21 11:00:00,24.93,24.98,24.85,24.85,1440.0,-0.08,-0.32,24.908,24.88,24.8715,2162.52,1599.75,1345.87,0.21
2016-12-21 10:30:00,25.07,25.07,24.93,24.87,1438.0,-0.14,-0.56,24.896,24.868,24.8725,2039.72,1590.45,1313.72,0.21
2016-12-21 10:00:00,25.02,25.24,25.07,24.96,1946.0,0.05,0.2,24.882,24.848,24.871,1857.12,1562.85,1396.14,0.29
2016-12-20 15:00:00,24.76,24.95,24.93,24.75,4732.59,0.17,0.69,24.846,24.811,24.8535,1534.89,1496.94,1363.84,0.71
2016-12-20 14:30:00,24.79,24.91,24.76,24.71,1256.0,-0.03,-0.12,24.828,24.804,24.844,753.37,1086.98,1233.11,0.19
2016-12-20 14:00:00,24.86,24.89,24.79,24.72,826.0,-0.07,-0.28,24.852,24.828,24.8375,1036.97,1004.48,1237.16,0.12
2016-12-20 13:30:00,24.9,24.91,24.86,24.81,525.0,-0.04,-0.16,24.84,24.838,24.826,1141.17,937.28,1332.31,0.08
2016-12-20 11:30:00,24.84,24.89,24.89,24.77,334.87,0.05,0.2,24.814,24.836,24.805,1268.57,936.99,1384.26,0.05
2016-12-20 11:00:00,24.88,24.88,24.84,24.73,825.0,-0.04,-0.16,24.776,24.835,24.7745,1458.99,-525.64,1527.11,0.12
2016-12-20 10:30:00,24.73,24.91,24.88,24.71,2674.0,0.15,0.61,24.78,24.851,24.742,1420.59,1038.4,1649.56,0.4
2016-12-20 10:00:00,24.95,24.95,24.73,24.67,1347.0,-0.22,-0.88,24.804,24.863,24.7145,971.99,1091.99,1584.31,0.2
2016-12-19 15:00:00,24.7,24.9,24.73,24.7,1162.0,0.03,0.12,24.836,24.877,24.6865,733.39,1036.99,1570.06,0.17
2016-12-19 14:30:00,24.86,24.86,24.7,24.61,1286.97,-0.16,-0.64,24.858,24.894,24.665,605.4,1229.42,1568.11,0.19
2016-12-19 14:00:00,25.0,25.0,24.86,24.8,633.0,-0.14,-0.56,24.894,24.896,24.6445,-2510.27,1230.73,1593.56,0.09
2016-12-19 13:30:00,24.89,25.0,25.0,24.89,431.0,0.11,0.44,24.922,24.884,24.62,656.21,1379.23,1632.57,0.06
2016-12-19 11:30:00,24.84,24.91,24.89,24.84,154.0,0.05,0.2,24.922,24.847,24.5785,1211.98,1469.83,1697.07,0.02
2016-12-19 11:00:00,24.88,24.98,24.84,24.84,522.05,-0.04,-0.16,24.918,24.814,24.5265,1340.58,1727.33,1798.07,0.08
2016-12-19 10:30:00,25.0,25.0,24.88,24.78,-14291.4,-0.12,-0.48,24.93,24.774,24.487,1853.44,1831.52,1846.32,-2.13
2016-12-19 10:00:00,25.0,25.0,25.0,25.0,16465.4,0.0,0.0,24.898,24.714,24.4595,4971.72,3579.86,2615.49,2.46
2016-12-16 15:00:00,24.87,25.0,25.0,24.83,3209.87,0.13,0.52,24.846,24.633,24.4245,2102.24,2260.72,1816.12,0.48
2016-12-16 14:30:00,24.9,24.9,24.87,24.79,797.0,-0.03,-0.12,24.772,24.566,24.3975,1727.67,2076.64,1757.83,0.12
2016-12-16 14:00:00,24.72,24.97,24.9,24.68,3086.35,0.18,0.73,24.71,24.496,24.3635,2114.07,2103.14,1818.06,0.46
2016-12-16 13:30:00,24.74,24.75,24.72,24.67,1300.0,-0.02,-0.08,24.618,24.436,24.32,1809.6,1906.8,1760.14,0.19
2016-12-16 11:30:00,24.63,24.75,24.74,24.56,2118.0,0.11,0.45,24.53,24.393,24.2925,2188.0,1956.4,1778.89,0.32
2016-12-16 11:00:00,24.56,24.67,24.63,24.51,1337.0,0.07,0.29,24.42,24.356,24.2575,2419.2,1885.92,1710.54,0.2
2016-12-16 10:30:00,24.44,24.75,24.56,24.44,2729.01,0.12,0.49,24.36,24.31,24.231,2425.6,1924.32,1698.14,0.41
2016-12-16 10:00:00,24.4,24.47,24.44,24.19,1564.0,0.04,0.16,24.282,24.239,24.2095,2092.2,1868.82,1665.24,0.23
2016-12-15 15:00:00,24.19,24.31,24.28,24.01,3192.0,0.09,0.37,24.254,24.2,24.1925,2004.0,1861.12,1671.69,0.48
2016-12-15 14:30:00,24.33,24.4,24.19,24.17,3274.0,-0.14,-0.58,24.256,24.205,24.174,1724.79,1651.12,1563.64,0.49
2016-12-15 14:00:00,24.17,24.33,24.33,24.16,1369.0,0.16,0.66,24.292,24.216,24.156,1352.63,1371.52,1473.64,0.2
2016-12-15 13:30:00,24.3,24.33,24.17,24.13,1062.0,-0.13,-0.53,24.26,24.229,24.122,1423.03,1439.02,1490.37,0.16
2016-12-15 11:30:00,24.29,24.37,24.3,24.26,1123.0,0.01,0.04,24.196,24.231,24.0945,1645.43,1532.98,1728.37,0.17
2016-12-15 11:00:00,24.37,24.4,24.29,24.25,1795.97,-0.08,-0.33,24.146,24.204,24.0655,1718.23,1613.48,1935.97,0.27
2016-12-15 10:30:00,24.17,24.43,24.37,24.16,1413.2,0.2,0.83,24.154,24.192,24.0475,1577.44,1601.38,2032.82,0.21
2016-12-15 10:00:00,24.28,24.37,24.17,24.08,1721.0,-0.11,-0.45,24.14,24.159,24.0425,1390.4,1535.16,2043.71,0.26
2016-12-14 15:00:00,24.05,24.1,23.85,23.74,2174.0,-0.2,-0.83,24.198,24.152,24.059,1455.0,1471.96,2096.86,0.32
2016-12-14 14:30:00,24.32,24.35,24.05,24.05,1487.0,-0.27,-1.11,24.266,24.18,24.0845,1420.52,1461.66,2104.41,0.22
2016-12-14 14:00:00,24.27,24.4,24.33,24.22,1092.0,0.06,0.25,24.262,24.185,24.1115,1508.72,1482.26,2215.46,0.16
2016-12-14 13:30:00,24.46,24.47,24.3,24.29,478.0,-0.16,-0.65,24.23,24.143,24.1325,1625.32,1476.16,2379.81,0.07
2016-12-14 11:30:00,24.18,24.5,24.46,24.17,2044.0,0.28,1.16,24.178,24.096,24.1675,1679.92,1575.76,2454.76,0.3
2016-12-14 11:00:00,23.94,24.22,24.19,23.92,2001.59,0.25,1.04,24.106,24.015,24.2235,1488.92,1541.73,2555.38,0.3
2016-12-14 10:30:00,24.17,24.18,24.03,23.93,1928.0,-0.14,-0.58,24.094,23.958,24.306,1502.8,1923.77,2540.95,0.29
2016-12-14 10:00:00,24.01,24.24,24.17,23.8,1675.0,0.16,0.67,24.108,23.927,24.4015,1455.8,2258.47,2493.1,0.25
2016-12-13 15:00:00,24.1,24.16,24.04,24.02,751.0,-0.06,-0.25,24.056,23.903,24.4945,1327.0,2464.27,2515.75,0.11
2016-12-13 14:30:00,24.13,24.26,24.1,24.1,1089.0,-0.03,-0.12,24.014,23.926,24.5855,1471.6,2552.27,2558.35,0.16
2016-12-13 14:00:00,24.1,24.3,24.13,24.1,2071.0,0.03,0.12,23.924,23.966,24.6715,1594.53,2721.77,2579.1,0.31
2016-12-13 13:30:00,23.92,24.2,24.1,23.82,1693.0,0.18,0.75,23.822,23.989,24.7555,2344.73,2747.17,2571.73,0.25
2016-12-13 11:30:00,23.83,23.94,23.91,23.68,1031.0,0.08,0.34,23.746,24.038,24.83,3061.13,2948.66,2591.68,0.15
2016-12-13 11:00:00,23.65,23.97,23.83,23.65,1474.0,0.18,0.76,23.75,24.122,24.9225,3601.53,3283.46,2681.13,0.22
2016-12-13 10:30:00,23.62,23.74,23.65,23.52,1703.67,0.03,0.13,23.838,24.239,25.028,3632.93,3333.76,3093.68,0.25
2016-12-13 10:00:00,23.69,23.87,23.62,23.11,5822.0,-0.07,-0.3,24.008,24.432,25.1135,3849.0,3569.03,3052.4,0.87
2016-12-12 15:00:00,23.93,24.15,23.72,23.71,5275.0,-0.21,-0.88,24.156,24.654,25.1935,3149.6,3158.13,2802.41,0.79
2016-12-12 14:30:00,24.25,24.27,23.93,23.91,3733.0,-0.32,-1.32,24.33,24.876,25.267,2836.18,2727.73,2611.71,0.56
2016-12-12 14:00:00,24.55,24.55,24.27,24.27,1631.0,-0.28,-1.14,24.494,25.086,25.3315,2965.38,2567.23,2519.76,0.24
2016-12-12 13:30:00,24.32,24.55,24.5,24.26,2784.0,0.18,0.74,24.64,25.245,25.3845,3034.58,2564.43,2522.16,0.42
2016-12-12 11:30:00,24.59,24.59,24.36,24.35,2325.0,-0.23,-0.94,24.856,25.377,25.433,3289.06,2436.43,2522.45,0.35
2016-12-12 11:00:00,24.75,24.75,24.59,24.35,3707.92,-0.16,-0.65,25.152,25.522,25.488,3166.66,2396.29,2498.34,0.55
2016-12-12 10:30:00,25.0,25.18,24.75,24.7,4379.0,-0.25,-1.0,25.422,25.622,25.5325,2619.27,2234.7,2375.95,0.65
2016-12-12 10:00:00,25.6,25.79,25.0,24.99,1977.0,-0.6,-2.34,25.678,25.723,25.568,2169.07,2078.8,2211.5,0.29
2016-12-09 15:00:00,25.84,25.84,25.58,25.51,4056.36,-0.26,-1.01,25.85,25.817,25.594,2094.27,2853.6,2168.99,0.61
2016-12-09 14:30:00,25.95,26.0,25.84,25.84,1713.0,-0.11,-0.42,25.898,25.795,25.595,1583.8,2535.76,2070.12,0.26
2016-12-09 14:00:00,26.03,26.03,25.94,25.91,971.0,-0.09,-0.35,25.892,25.733,25.5665,1625.93,2446.69,2011.72,0.14
2016-12-09 13:30:00,25.81,26.04,26.03,25.81,2128.0,0.22,0.85,25.822,25.658,25.529,1850.13,2495.69,2003.17,0.32
2016-12-09 11:30:00,25.82,25.93,25.86,25.78,1603.0,0.04,0.15,25.768,25.577,25.484,1988.53,2472.29,1971.6,0.24
2016-12-09 11:00:00,25.81,25.98,25.82,25.8,1504.0,0.01,0.04,25.784,25.524,25.4465,3612.93,2479.89,1948.55,0.22
2016-12-09 10:30:00,25.59,25.9,25.81,25.59,1923.64,0.22,0.86,25.692,25.489,25.4155,3487.73,2608.47,1957.6,0.29
2016-12-09 10:00:00,25.59,25.77,25.59,25.49,2092.0,0.0,0.0,25.574,25.454,25.389,3267.45,2600.38,1929.22,0.31
2016-12-08 15:00:00,25.92,25.92,25.76,25.72,2820.0,-0.16,-0.62,25.494,25.443,25.3705,3141.25,2517.21,1844.27,0.42
2016-12-08 14:30:00,25.4,26.15,25.94,25.31,9725.0,0.54,2.13,25.386,25.413,25.3375,2956.05,2344.21,1739.02,1.45
2016-12-08 14:00:00,25.22,25.36,25.36,25.16,878.0,0.14,0.56,25.264,25.371,25.296,1346.85,1484.39,1344.57,0.13
2016-12-08 13:30:00,25.19,25.37,25.22,25.19,822.24,0.03,0.12,25.286,25.395,25.287,1729.22,1604.47,1352.02,0.12
2016-12-08 11:30:00,25.22,25.26,25.19,25.12,1461.0,-0.03,-0.12,25.334,25.4,25.2885,1933.32,1576.75,1376.9,0.22
2016-12-08 11:00:00,25.33,25.33,25.22,25.17,1894.0,-0.11,-0.43,25.392,25.4,25.29,1893.17,1510.66,1405.94,0.28
2016-12-08 10:30:00,25.47,25.47,25.33,25.33,1679.0,-0.14,-0.55,25.44,25.391,25.285,1732.37,1470.92,1380.69,0.25
2016-12-08 10:00:00,25.58,25.67,25.47,25.35,2789.86,-0.11,-0.43,25.478,25.369,25.2715,1621.93,1417.21,1344.34,0.42
2016-12-07 15:00:00,25.48,25.55,25.46,25.45,1842.75,-0.02,-0.08,25.504,25.342,25.254,1479.73,1306.72,1237.6,0.27
2016-12-07 14:30:00,25.46,25.5,25.48,25.39,1260.24,0.02,0.08,25.466,25.324,25.2405,1220.18,1258.05,1252.82,0.19
2016-12-07 14:00:00,25.52,25.55,25.46,25.46,1090.0,-0.06,-0.24,25.408,25.298,25.226,1128.15,1171.32,1267.54,0.16
2016-12-07 13:30:00,25.6,25.6,25.52,25.48,1126.78,-0.08,-0.31,25.342,25.262,25.2045,1209.47,1133.82,1340.94,0.17
2016-12-07 11:30:00,25.27,25.6,25.6,25.24,2078.86,0.33,1.31,25.26,25.221,25.1665,1212.49,1204.74,1484.21,0.31
2016-12-07 11:00:00,25.19,25.29,25.27,25.19,545.0,0.08,0.32,25.18,25.179,25.1305,1133.72,1099.56,1538.6,0.08
2016-12-07 10:30:00,25.13,25.25,25.19,25.1,800.1,0.06,0.24,25.182,25.177,25.119,1295.92,1177.06,1603.58,0.12
2016-12-07 10:00:00,25.12,25.3,25.13,25.05,1496.6,0.01,0.04,25.188,25.18,25.122,1214.5,1301.23,1640.34,0.22
2016-12-06 15:00:00,25.2,25.28,25.11,25.1,1141.88,-0.09,-0.36,25.182,25.179,25.1245,1058.18,1290.46,1738.98,0.17
2016-12-06 14:30:00,25.28,25.4,25.2,25.2,1685.0,-0.08,-0.32,25.182,25.174,25.1245,1197.0,1271.48,1831.83,0.25
2016-12-06 14:00:00,25.22,25.28,25.28,25.13,1356.0,0.06,0.24,25.178,25.166,25.1345,1065.4,1168.48,1910.43,0.2
2016-12-06 13:30:00,25.15,25.3,25.22,25.13,393.0,0.07,0.28,25.172,25.157,25.154,1058.2,1247.58,1981.58,0.06
2016-12-06 11:30:00,25.11,25.11,25.1,25.0,715.0,-0.01,-0.04,25.172,25.154,25.1855,1387.96,1363.76,2093.33,0.11
2016-12-06 11:00:00,25.18,25.18,25.11,25.0,1836.0,-0.07,-0.28,25.176,25.147,25.237,1522.75,1548.07,2254.09,0.27
2016-12-06 10:30:00,25.26,25.34,25.18,25.15,1027.0,-0.08,-0.32,25.166,25.112,25.2895,1345.95,1763.67,2415.53,0.15
2016-12-06 10:00:00,25.39,25.39,25.25,25.14,1320.0,-0.14,-0.55,25.154,25.082,25.317,1271.55,1977.64,2406.78,0.2
2016-12-05 15:00:00,25.12,25.22,25.22,25.04,2041.8,0.1,0.4,25.142,25.061,25.3405,1436.97,2030.11,2366.13,0.3
2016-12-05 14:30:00,25.06,25.15,25.12,25.06,1388.95,0.06,0.24,25.136,25.064,25.366,1339.56,1979.44,2299.74,0.21
2016-12-05 14:00:00,25.12,25.15,25.06,25.05,952.0,-0.06,-0.24,25.118,25.07,25.395,1573.38,2187.49,2267.99,0.14
2016-12-05 13:30:00,25.19,25.19,25.12,25.1,655.0,-0.07,-0.28,25.058,25.075,25.423,2181.38,2392.19,2290.39,0.1
2016-12-05 11:30:00,25.19,25.23,25.19,25.04,2147.1,0.0,0.0,25.01,25.103,25.455,2683.73,2652.39,2356.58,0.32
2016-12-05 11:00:00,25.03,25.27,25.19,25.02,1554.75,0.16,0.64,24.98,25.151,25.4775,2623.24,2715.58,2419.82,0.23
2016-12-05 10:30:00,24.76,25.14,25.03,24.73,2558.07,0.27,1.09,24.992,25.217,25.4975,2619.33,2822.91,2421.18,0.38
2016-12-05 10:00:00,24.8,24.8,24.76,24.28,3992.0,-0.04,-0.16,25.022,25.327,25.5255,2801.6,2960.1,2367.28,0.6
2016-12-02 15:00:00,25.04,25.11,24.88,24.86,3166.73,-0.16,-0.64,25.092,25.467,25.573,2603.0,3067.4,2218.53,0.47
2016-12-02 14:30:00,25.25,25.27,25.04,25.03,1844.66,-0.21,-0.83,25.196,25.552,25.609,2621.05,2835.92,2149.8,0.28
2016-12-02 14:00:00,25.19,25.25,25.25,25.01,1535.19,0.06,0.24,25.322,25.62,25.64,2807.92,2702.16,2136.66,0.23
2016-12-02 13:30:00,25.12,25.26,25.18,24.98,3469.42,0.06,0.24,25.442,25.668,25.6625,3026.48,2620.04,2168.54,0.52
2016-12-02 11:30:00,25.35,25.55,25.11,25.11,2999.0,-0.24,-0.95,25.632,25.72,25.6875,3118.61,2348.5,2195.82,0.45
2016-12-02 11:00:00,25.67,25.67,25.4,25.4,3257.0,-0.27,-1.05,25.842,25.771,25.601,3531.8,2188.6,2214.5,0.49
2016-12-02 10:30:00,25.85,25.9,25.67,25.56,2779.0,-0.18,-0.7,25.908,25.807,25.4995,3050.79,2060.77,2204.9,0.41
2016-12-02 10:00:00,26.13,26.13,25.85,25.81,2628.0,-0.28,-1.07,25.918,25.804,25.39,2596.39,2124.05,2238.65,0.39
2016-12-01 15:00:00,26.17,26.3,26.13,26.13,3930.05,-0.04,-0.15,25.894,25.778,25.266,2213.59,2019.45,2173.85,0.59
2016-12-01 14:30:00,25.73,26.18,26.16,25.73,5064.95,0.43,1.67,25.808,25.724,25.127,1578.38,1774.46,2029.48,0.76
2016-12-01 14:00:00,25.72,25.78,25.73,25.71,851.97,0.01,0.04,25.7,25.679,24.9835,845.39,1369.66,1854.46,0.13
2016-12-01 13:30:00,25.73,25.78,25.72,25.72,507.0,-0.01,-0.04,25.706,25.666,24.86,1070.74,1463.67,1957.01,0.08
2016-12-01 11:30:00,25.7,25.78,25.73,25.65,713.99,0.03,0.12,25.69,25.66,24.7435,1651.7,1571.17,2260.36,0.11
2016-12-01 11:00:00,25.62,25.71,25.7,25.59,754.0,0.08,0.31,25.662,25.657,24.574,1825.3,1717.04,2299.56,0.11
2016-12-01 10:30:00,25.76,25.76,25.62,25.55,1400.0,-0.14,-0.54,25.64,25.655,24.405,1970.54,2043.14,2297.96,0.21
2016-12-01 10:00:00,25.84,25.87,25.76,25.5,1978.73,-0.08,-0.31,25.658,25.431,24.241,1893.94,2240.41,2271.13,0.3
2016-11-30 15:00:00,25.59,25.76,25.64,25.59,3411.79,0.05,0.2,25.626,25.192,24.0675,1856.59,2349.04,2254.34,0.51
2016-11-30 14:30:00,25.59,25.71,25.59,25.59,1581.99,0.0,0.0,25.63,24.976,23.906,1490.63,2353.24,2147.85,0.24
2016-11-30 14:00:00,25.7,25.72,25.59,25.59,1480.17,-0.11,-0.43,25.652,24.754,23.7485,1608.78,2328.24,2183.8,0.22
2016-11-30 13:30:00,25.61,25.72,25.71,25.6,1017.0,0.1,0.39,25.67,24.53,23.5885,2115.75,2284.5,2253.74,0.15
2016-11-30 11:30:00,25.66,25.67,25.6,25.59,1792.0,-0.06,-0.23,25.204,24.288,23.42,2586.89,2339.26,2316.31,0.27
2016-11-30 11:00:00,25.71,25.71,25.66,25.61,1582.0,-0.05,-0.19,24.758,24.054,23.253,2841.49,2450.36,2296.76,0.24
2016-11-30 10:30:00,25.68,25.78,25.7,25.68,2172.73,0.02,0.08,24.322,23.827,23.084,3215.85,2949.55,2275.81,0.32
2016-11-30 10:00:00,25.39,25.68,25.68,25.28,4015.0,0.29,1.14,23.856,23.491,22.9145,3047.71,2882.08,2209.08,0.6
2016-10-13 15:00:00,23.38,23.38,23.38,23.28,3372.72,0.0,0.0,23.39,23.155,22.743,2453.26,2552.78,2071.88,0.5
2016-10-13 14:30:00,23.49,23.51,23.37,23.35,3065.0,-0.12,-0.51,23.372,23.051,22.683,2091.63,2301.84,1969.09,0.46
2016-10-13 14:00:00,23.36,23.6,23.48,23.35,3453.82,0.12,0.51,23.35,22.943,22.623,2059.23,2159.64,1918.54,0.52
2016-10-13 13:30:00,23.34,23.44,23.37,23.33,1332.0,0.03,0.13,23.332,22.836,22.56,2683.25,1942.46,1864.15,0.2
2016-10-13 11:30:00,23.29,23.37,23.35,23.26,1042.75,0.06,0.26,23.126,22.743,22.5055,2716.45,2039.36,1913.7,0.16
2016-10-13 11:00:00,23.26,23.36,23.29,23.23,1564.6,0.03,0.13,22.92,22.647,22.453,2652.3,2222.98,1917.66,0.23
2016-10-13 10:30:00,23.39,23.4,23.26,23.2,2903.0,-0.13,-0.56,22.73,22.552,22.404,2512.05,2293.36,1943.98,0.43
2016-10-13 10:00:00,23.36,23.54,23.39,23.22,6573.89,0.03,0.13,22.536,22.452,22.353,2260.05,2143.16,1854.28,0.98
2016-10-12 14:30:00,22.32,22.35,22.34,22.27,1498.0,0.02,0.09,22.34,22.341,22.299,1201.67,1602.08,1574.24,0.22
2016-10-12 14:00:00,22.34,22.39,22.32,22.31,722.0,-0.02,-0.09,22.36,22.338,22.294,1362.27,1536.08,1651.69,0.11
2016-10-12 13:30:00,22.29,22.34,22.34,22.29,863.35,0.05,0.22,22.374,22.331,22.284,1793.67,1590.98,1694.44,0.13
2016-10-12 11:30:00,22.41,22.41,22.29,22.24,1643.0,-0.12,-0.54,22.374,22.315,22.271,2074.68,1636.34,1833.9,0.25
2016-10-12 11:00:00,22.44,22.45,22.41,22.37,1282.0,-0.03,-0.13,22.368,22.303,22.2425,2026.28,1677.44,1853.64,0.19
2016-10-12 10:30:00,22.39,22.48,22.44,22.36,2301.0,0.05,0.22,22.342,22.284,22.214,2002.48,1785.84,1839.94,0.34
2016-10-12 10:00:00,22.28,22.49,22.39,22.2,2879.0,0.11,0.49,22.316,22.268,22.184,1709.88,1788.04,1759.89,0.43
2016-10-11 15:00:00,22.26,22.38,22.34,22.26,2268.41,0.08,0.36,22.288,22.259,22.158,1388.28,1612.34,1675.82,0.34
2016-10-11 14:30:00,22.28,22.32,22.26,22.23,1401.0,-0.02,-0.09,22.256,22.256,22.131,1198.0,1594.6,1647.94,0.21
2016-10-11 14:00:00,22.31,22.33,22.28,22.23,1163.0,-0.03,-0.13,22.238,22.254,22.1055,1328.6,1565.4,1624.84,0.17
2016-10-11 13:30:00,22.25,22.36,22.31,22.24,838.0,0.06,0.27,22.226,22.257,22.0785,1569.2,1546.4,1609.6,0.13
2016-10-11 11:30:00,22.18,22.28,22.25,22.15,1271.0,0.07,0.32,22.22,22.25,22.0525,1866.2,1767.3,1660.94,0.19
2016-10-11 11:00:00,22.17,22.2,22.18,22.15,1317.0,0.01,0.05,22.23,22.237,22.0215,1836.4,1797.9,1818.73,0.2
2016-10-11 10:30:00,22.21,22.23,22.17,22.13,2054.0,-0.04,-0.18,22.256,22.227,22.0025,1991.2,2031.45,1832.0,0.31
2016-10-11 10:00:00,22.35,22.38,22.22,22.16,2366.0,-0.13,-0.58,22.27,22.182,21.986,1802.2,2029.84,1773.14,0.35
2016-10-10 15:00:00,22.3,22.38,22.28,22.27,2323.0,-0.02,-0.09,22.288,22.144,21.968,1523.6,1894.04,1700.24,0.35
2016-10-10 14:30:00,22.31,22.31,22.3,22.22,1122.0,-0.01,-0.04,22.28,22.1,21.9515,1668.4,1731.74,1603.44,0.17
2016-10-10 14:00:00,22.23,22.39,22.31,22.16,2091.02,0.08,0.36,22.244,22.057,21.9315,1759.4,1739.29,1609.88,0.31
2016-10-10 13:30:00,22.3,22.34,22.24,22.24,1109.0,-0.06,-0.27,22.198,22.006,21.91,2071.7,1701.29,1557.48,0.17
2016-10-10 11:30:00,22.24,22.31,22.31,22.22,973.0,0.07,0.31,22.094,21.957,21.888,2257.47,1684.29,1577.4,0.15
2016-10-10 11:00:00,22.12,22.35,22.24,22.12,3047.0,0.12,0.54,22.0,21.9,21.863,2264.47,1672.79,1620.86,0.45
2016-10-10 10:30:00,22.08,22.19,22.12,22.08,1577.0,0.04,0.18,21.92,21.855,21.8495,1795.07,1554.59,1507.14,0.24
2016-10-10 10:00:00,21.89,22.16,22.08,21.89,3652.52,0.19,0.87,21.87,21.806,21.8385,1719.18,1839.56,1446.54,0.54
2016-09-30 15:00:00,21.82,21.82,21.72,21.66,2037.84,-0.1,-0.46,21.814,21.778,21.833,1330.87,1632.54,1285.05,0.3
2016-09-30 14:30:00,21.7,21.86,21.84,21.7,1008.0,0.14,0.65,21.82,21.79,21.848,1111.1,1516.45,1235.96,0.15
2016-09-30 14:00:00,21.87,21.91,21.84,21.78,700.0,-0.03,-0.14,21.8,21.792,21.845,1081.1,1506.45,1249.86,0.1
2016-09-30 13:30:00,21.8,21.92,21.87,21.8,1197.52,0.07,0.32,21.79,21.803,21.8425,1314.1,1475.15,1289.23,0.18
2016-09-30 11:30:00,21.72,21.89,21.8,21.72,1711.0,0.08,0.37,21.742,21.806,21.838,1959.94,1480.47,1362.16,0.26
2016-09-30 11:00:00,21.72,21.76,21.75,21.63,939.0,0.03,0.14,21.742,21.814,21.849,1934.2,1413.67,1445.98,0.14
2016-09-30 10:30:00,21.79,21.79,21.74,21.71,858.0,-0.05,-0.23,21.76,21.819,21.8495,1921.8,1470.52,1482.58,0.13
2016-09-30 10:00:00,21.6,21.81,21.79,21.6,1865.0,0.19,0.88,21.784,21.826,21.8465,1931.8,1568.94,1498.46,0.28
2016-09-29 15:00:00,21.8,21.84,21.63,21.61,4426.7,-0.17,-0.78,21.816,21.844,21.843,1636.2,1459.69,1461.31,0.66
2016-09-29 14:30:00,21.84,21.86,21.8,21.79,1582.3,-0.04,-0.18,21.87,21.871,21.8415,1001.0,1053.52,1287.03,0.24
2016-09-29 14:00:00,21.86,21.93,21.84,21.83,877.0,-0.02,-0.09,21.886,21.888,21.8375,893.14,937.56,1261.21,0.13
2016-09-29 13:30:00,21.95,21.96,21.86,21.82,908.0,-0.09,-0.41,21.878,21.906,21.8255,1019.23,955.48,1313.01,0.14
2016-09-29 11:30:00,21.9,21.97,21.95,21.9,387.0,0.05,0.23,21.868,21.898,21.817,1206.08,993.28,1469.08,0.06
2016-09-29 11:00:00,21.88,22.02,21.9,21.88,1250.72,0.02,0.09,21.872,21.882,21.803,1283.19,1103.31,1777.23,0.19
2016-09-29 10:30:00,21.78,21.89,21.88,21.78,1043.0,0.1,0.46,21.872,21.87,21.8045,1106.04,1243.84,1999.4,0.16
2016-09-29 10:00:00,21.83,21.93,21.8,21.77,1507.43,-0.03,-0.14,21.89,21.884,21.823,981.97,1478.28,2025.9,0.22
2016-09-28 15:00:00,21.97,21.98,21.81,21.77,1842.26,-0.16,-0.73,21.934,21.88,21.847,891.73,1494.64,2018.92,0.27
2016-09-28 14:30:00,21.9,21.98,21.97,21.88,772.53,0.07,0.32,21.928,21.867,21.8705,780.47,1427.98,2016.23,0.12
2016-09-28 14:00:00,21.97,22.0,21.9,21.9,365.0,-0.07,-0.32,21.892,21.842,21.8905,923.43,1462.93,2061.44,0.05
2016-09-28 13:30:00,22.0,22.02,21.97,21.86,422.62,-0.03,-0.14,21.868,21.812,21.906,1381.64,1520.53,2229.36,0.06
2016-09-28 11:30:00,21.78,22.06,22.02,21.75,1056.22,0.24,1.1,21.878,21.787,21.9205,1974.59,1584.87,2887.01,0.16
2016-09-28 11:00:00,21.79,21.82,21.78,21.76,1286.0,-0.01,-0.05,21.826,21.745,21.9835,2097.55,1670.55,3096.25,0.19
2016-09-28 10:30:00,21.78,21.85,21.79,21.75,1487.32,0.01,0.05,21.806,21.736,22.065,2075.5,1944.89,3117.21,0.22
2016-09-28 10:00:00,22.01,22.14,21.78,21.72,2656.06,-0.23,-1.04,21.792,21.724,22.1485,2002.43,2451.15,3115.19,0.4
2016-09-27 15:00:00,21.76,22.1,22.02,21.76,3387.35,0.26,1.19,21.756,21.739,22.23,1659.42,2754.95,3034.58,0.51
2016-09-27 14:30:00,21.68,21.76,21.76,21.6,1671.0,0.08,0.37,21.696,21.762,22.301,1195.15,2573.51,2939.41,0.25
2016-09-27 14:00:00,21.72,21.73,21.68,21.64,1175.75,-0.04,-0.18,21.664,21.814,22.3835,1243.55,2543.21,2982.97,0.18
2016-09-27 13:30:00,21.6,21.74,21.72,21.59,1122.0,0.12,0.56,21.666,21.874,22.473,1814.29,2604.48,3079.48,0.17
2016-09-27 11:30:00,21.72,21.77,21.6,21.6,941.0,-0.12,-0.55,21.656,21.939,22.5645,2899.87,2659.94,3209.25,0.14
2016-09-27 11:00:00,21.6,21.75,21.72,21.6,1066.0,0.12,0.56,21.722,22.0,22.673,3850.47,2938.19,3304.25,0.16
2016-09-27 10:30:00,21.7,21.83,21.6,21.52,1913.0,-0.1,-0.46,21.828,22.054,22.7745,3951.87,4189.15,3398.02,0.29
2016-09-27 10:00:00,21.48,21.86,21.69,21.48,4029.43,0.21,0.98,21.964,22.222,22.888,3842.87,4521.96,3373.67,0.6
2016-09-26 15:00:00,21.92,22.15,21.67,21.66,6549.93,-0.25,-1.14,22.082,22.394,22.9965,3394.68,4289.52,3242.2,0.98
2016-09-26 14:30:00,22.25,22.28,21.93,21.93,5694.0,-0.32,-1.44,22.222,22.573,23.106,2420.01,3779.22,3015.95,0.85
2016-09-26 14:00:00,22.28,22.3,22.25,22.23,1573.0,-0.03,-0.13,22.278,22.721,23.208,2025.91,3314.22,2824.35,0.23
2016-09-26 13:30:00,22.28,22.5,22.28,22.25,1368.0,0.0,0.0,22.28,22.84,23.2935,4426.43,3305.32,2841.19,0.2
2016-09-26 11:30:00,22.37,22.37,22.28,22.24,1788.45,-0.09,-0.4,22.48,22.953,23.3775,5201.05,3422.73,3024.95,0.27
2016-09-26 11:00:00,22.22,22.39,22.37,22.22,1676.62,0.15,0.68,22.706,23.072,23.462,5184.37,3554.48,3101.23,0.25
2016-09-26 10:30:00,22.26,22.31,22.21,22.17,3723.5,-0.05,-0.22,22.924,23.19,23.536,5138.43,3758.55,3118.79,0.56
2016-09-26 10:00:00,23.0,23.05,22.26,22.13,13575.6,-0.74,-3.22,23.164,23.346,23.6185,4602.51,3670.3,3022.28,2.03
2016-09-23 15:00:00,23.41,23.44,23.28,23.27,5241.07,-0.13,-0.56,23.4,23.495,23.6915,2184.2,2606.89,2388.51,0.78
2016-09-23 14:30:00,23.45,23.5,23.41,23.37,1705.05,-0.04,-0.17,23.426,23.554,23.7125,1644.41,2225.38,2171.25,0.25
2016-09-23 14:00:00,23.41,23.5,23.46,23.37,1446.95,0.05,0.21,23.438,23.599,23.726,1924.6,2194.88,2160.36,0.22
2016-09-23 13:30:00,23.44,23.5,23.41,23.4,1043.93,-0.03,-0.13,23.456,23.639,23.7415,2378.67,2252.68,2166.86,0.16
2016-09-23 11:30:00,23.41,23.47,23.44,23.38,1484.0,0.03,0.13,23.528,23.695,23.7615,2738.08,2334.49,2247.26,0.22
2016-09-23 11:00:00,23.47,23.54,23.41,23.35,2542.12,-0.06,-0.26,23.59,23.747,23.782,3029.58,2377.07,2310.96,0.38
2016-09-23 10:30:00,23.55,23.6,23.47,23.42,3106.0,-0.08,-0.34,23.682,23.802,23.8,2806.36,2627.17,2264.81,0.46
2016-09-23 10:00:00,23.76,23.88,23.55,23.51,3717.29,-0.21,-0.88,23.76,23.852,23.815,2465.16,2647.97,2204.21,0.55
2016-09-22 15:00:00,23.76,23.86,23.77,23.72,2841.0,0.01,0.04,23.822,23.882,23.833,2126.7,2479.02,2080.04,0.42
2016-09-22 14:30:00,23.86,23.87,23.75,23.71,2941.5,-0.11,-0.46,23.862,23.891,23.841,1930.9,2374.27,2006.26,0.44
2016-09-22 14:00:00,23.86,23.96,23.87,23.85,1426.0,0.01,0.04,23.904,23.888,23.848,1724.56,2170.12,1953.28,0.21
2016-09-22 13:30:00,23.86,23.93,23.86,23.86,1400.0,0.0,0.0,23.922,23.871,23.8485,2447.98,2117.12,2039.78,0.21
2016-09-22 11:30:00,23.97,24.0,23.86,23.83,2025.0,-0.11,-0.46,23.944,23.853,23.8565,2830.78,2125.83,2216.43,0.3
2016-09-22 11:00:00,23.97,24.03,23.97,23.93,1862.0,0.0,0.0,23.942,23.844,23.846,2831.34,2081.03,2259.28,0.28
2016-09-22 10:30:00,23.96,23.99,23.96,23.89,1909.8,0.0,0.0,23.92,23.828,23.828,2817.64,2160.03,2252.56,0.28
2016-09-22 10:00:00,24.04,24.2,23.96,23.93,5043.12,-0.08,-0.33,23.872,23.817,23.8135,2615.68,2244.85,2220.32,0.75
2016-09-21 15:00:00,23.85,23.99,23.97,23.76,3314.0,0.12,0.5,23.82,23.798,23.808,1786.26,1902.44,2065.21,0.49
2016-09-21 14:30:00,23.86,23.88,23.85,23.72,2027.79,-0.01,-0.04,23.762,23.778,23.7995,1420.88,1760.44,1982.95,0.3
2016-09-21 14:00:00,23.72,23.88,23.86,23.71,1793.5,0.14,0.59,23.746,23.784,23.7885,1330.72,1681.06,1933.11,0.27
2016-09-21 13:30:00,23.7,23.75,23.72,23.68,900.0,0.02,0.08,23.736,23.791,23.7755,1502.42,1638.25,1951.04,0.13
2016-09-21 11:30:00,23.68,23.75,23.7,23.67,896.0,0.02,0.08,23.762,23.808,23.7695,1874.02,1736.45,2082.54,0.13
2016-09-21 11:00:00,23.77,23.78,23.68,23.66,1487.12,-0.09,-0.38,23.776,23.826,23.7535,2018.62,1962.45,2270.38,0.22
2016-09-21 10:30:00,23.82,23.83,23.77,23.66,1577.0,-0.05,-0.21,23.794,23.86,23.745,2100.0,2307.04,2287.07,0.24
2016-09-21 10:00:00,23.9,23.98,23.81,23.63,2652.0,-0.09,-0.38,23.822,23.848,23.7365,2031.4,2437.54,2279.82,0.4
2016-09-20 15:00:00,23.77,23.86,23.85,23.72,2758.0,0.08,0.34,23.846,23.828,23.73,1774.07,2345.09,2205.62,0.41
2016-09-20 14:30:00,23.77,23.88,23.77,23.76,1619.0,0.0,0.0,23.854,23.81,23.7125,1598.87,2195.79,2150.85,0.24
2016-09-20 14:00:00,23.91,23.95,23.77,23.77,1894.0,-0.14,-0.59,23.876,23.818,23.702,1906.27,2227.99,2170.45,0.28
2016-09-20 13:30:00,23.93,23.98,23.91,23.91,1234.0,-0.02,-0.08,23.926,23.821,23.6995,2514.07,2205.46,2196.5,0.18
2016-09-20 11:30:00,23.89,23.98,23.93,23.85,1365.36,0.04,0.17,23.874,23.793,23.687,2843.67,2185.16,2376.67,0.2
2016-09-20 11:00:00,23.88,23.96,23.89,23.82,1882.0,0.01,0.04,23.81,23.76,23.6875,2916.1,2263.82,2708.18,0.28
2016-09-20 10:30:00,24.02,24.06,23.88,23.88,3156.0,-0.14,-0.58,23.766,23.731,23.6665,2792.7,2428.62,2707.83,0.47
2016-09-20 10:00:00,23.7,24.2,24.02,23.57,4933.0,0.32,1.35,23.76,23.681,23.6505,2549.7,2578.3,2694.03,0.74
2016-09-19 15:00:00,23.61,23.78,23.65,23.59,2882.0,0.04,0.17,23.716,23.63,23.618,1896.85,2267.1,2550.31,0.43
2016-09-19 14:30:00,23.67,23.68,23.61,23.59,1727.52,-0.06,-0.25,23.712,23.625,23.6015,1526.65,2122.1,2467.31,0.26
2016-09-19 14:00:00,23.85,23.85,23.67,23.64,1265.0,-0.18,-0.75,23.71,23.632,23.5885,1611.54,2066.15,2434.23,0.19
2016-09-19 13:30:00,23.81,23.99,23.85,23.81,1941.0,0.04,0.17,23.696,23.615,23.5735,2064.54,2105.91,2469.47,0.29
2016-09-19 11:30:00,23.63,23.81,23.8,23.61,1668.72,0.17,0.72,23.602,23.586,23.548,2606.9,2112.91,2511.27,0.25
2016-09-19 11:00:00,23.61,23.66,23.63,23.61,1031.0,0.02,0.08,23.544,23.578,23.519,2637.36,2187.53,2577.03,0.15
2016-09-19 10:30:00,23.6,23.7,23.6,23.53,2152.0,0.0,0.0,23.538,23.581,23.509,2717.56,2568.18,2635.43,0.32
2016-09-19 10:00:00,23.4,23.73,23.6,23.4,3530.0,0.2,0.85,23.554,23.615,23.497,2520.76,3152.53,2652.43,0.53
2016-09-14 15:00:00,23.51,23.53,23.38,23.25,4652.8,-0.13,-0.55,23.534,23.602,23.4985,2147.27,2987.03,2577.38,0.69
2016-09-14 14:30:00,23.6,23.6,23.51,23.43,1821.0,-0.09,-0.38,23.57,23.62,23.512,1618.91,2809.75,2490.19,0.27
2016-09-14 14:00:00,23.62,23.69,23.6,23.47,1432.0,-0.02,-0.08,23.612,23.606,23.534,1737.7,2833.51,2559.88,0.21
2016-09-14 13:30:00,23.47,23.73,23.68,23.47,1168.0,0.21,0.89,23.624,23.578,23.5465,2418.8,2812.51,2728.78,0.17
2016-09-14 11:30:00,23.53,23.62,23.5,23.46,1662.57,-0.03,-0.13,23.676,23.545,23.5365,3784.3,2802.31,3019.28,0.25
2016-09-14 11:00:00,23.72,23.76,23.56,23.55,2011.0,-0.16,-0.67,23.67,23.532,23.555,3826.79,2833.03,3179.25,0.3
2016-09-14 10:30:00,23.66,23.72,23.72,23.51,2414.93,0.06,0.25,23.67,23.51,23.5775,4000.59,2909.63,3229.21,0.36
2016-09-14 10:00:00,23.74,23.74,23.66,23.4,4837.5,-0.08,-0.34,23.6,23.46,23.5915,3929.33,2966.53,3207.61,0.72
2016-09-13 15:00:00,23.48,23.99,23.94,23.47,7995.52,0.46,1.96,23.532,23.437,23.611,3206.23,2702.68,3004.68,1.19
2016-09-13 14:30:00,23.56,23.59,23.47,23.45,1875.0,-0.09,-0.38,23.414,23.379,23.62,1820.31,2152.33,2689.76,0.28
2016-09-13 14:00:00,23.37,23.61,23.56,23.37,2880.0,0.19,0.81,23.394,23.395,23.6465,1839.26,2167.73,2830.29,0.43
2016-09-13 13:30:00,23.32,23.5,23.37,23.32,2058.62,0.05,0.21,23.35,23.404,23.6735,1818.66,2170.63,2899.04,0.31
2016-09-13 11:30:00,23.35,23.4,23.32,23.22,1222.0,-0.03,-0.13,23.32,23.462,23.712,2003.74,2286.24,2952.41,0.18
2016-09-13 11:00:00,23.37,23.44,23.35,23.31,1065.93,-0.02,-0.09,23.342,23.515,23.7615,2199.13,2645.04,3344.25,0.16
2016-09-13 10:30:00,23.34,23.39,23.37,23.28,1969.76,0.03,0.13,23.344,23.528,23.799,2484.34,3236.26,3428.86,0.29
2016-09-13 10:00:00,23.36,23.53,23.34,23.26,2777.0,-0.02,-0.09,23.396,23.578,23.8375,2496.19,3525.48,3426.34,0.41
2016-09-12 15:00:00,23.43,23.44,23.22,23.22,2984.0,-0.21,-0.9,23.458,23.645,23.8855,2522.59,3548.8,3344.34,0.45
2016-09-12 14:30:00,23.33,23.57,23.43,23.33,2198.95,0.1,0.43,23.604,23.723,23.9355,2568.74,3448.68,3289.74,0.33
2016-09-12 14:00:00,23.63,23.64,23.36,23.3,2492.0,-0.27,-1.14,23.688,23.785,23.978,3090.95,3306.68,3500.63,0.37
2016-09-12 13:30:00,23.64,23.72,23.63,23.45,2029.0,-0.01,-0.04,23.712,23.861,24.0265,3988.17,3227.18,3594.92,0.3
2016-09-12 11:30:00,23.95,24.0,23.65,23.56,2909.0,-0.3,-1.25,23.76,23.898,24.0575,4554.77,3492.85,3767.78,0.43
2016-09-12 11:00:00,23.85,23.99,23.95,23.75,3214.75,0.1,0.42,23.832,23.943,24.068,4575.01,3627.45,3913.37,0.48
2016-09-12 10:30:00,23.48,24.0,23.85,23.4,4810.0,0.37,1.58,23.842,23.962,24.073,4328.62,3618.58,4046.2,0.72
2016-09-12 10:00:00,23.26,23.66,23.48,23.08,6978.09,0.22,0.95,23.882,24.008,24.0845,3522.42,4043.46,3906.55,1.04
2016-09-09 15:00:00,24.01,24.03,23.87,23.81,4862.0,-0.14,-0.58,24.01,24.07,24.1145,2466.2,3621.46,3618.59,0.73
2016-09-09 14:30:00,24.0,24.13,24.01,23.91,3010.19,0.01,0.04,24.036,24.097,24.1255,2430.94,3327.21,3458.94,0.45
2016-09-09 14:00:00,24.05,24.1,24.0,24.0,1982.81,-0.05,-0.21,24.054,24.126,24.131,2679.9,3139.89,3416.48,0.3
2016-09-09 13:30:00,24.13,24.13,24.05,24.03,779.0,-0.08,-0.33,24.082,24.148,24.1385,2908.54,3130.81,3488.94,0.12
2016-09-09 11:30:00,24.0,24.23,24.12,23.99,1697.0,0.12,0.5,24.134,24.171,24.14,4564.51,3694.58,3769.09,0.25
2016-09-09 11:00:00,24.1,24.11,24.0,23.9,4685.69,-0.1,-0.41,24.13,24.192,24.1475,4776.71,3962.65,4554.11,0.7
2016-09-09 10:30:00,24.14,24.17,24.1,24.02,4255.0,-0.04,-0.17,24.158,24.217,24.148,4223.47,4042.7,4729.8,0.63
2016-09-09 10:00:00,24.3,24.3,24.14,24.11,3126.0,-0.16,-0.66,24.198,24.193,24.1465,3599.87,4199.28,4699.13,0.47
2016-09-08 15:00:00,24.1,24.47,24.31,24.04,9058.87,0.21,0.87,24.214,24.184,24.139,3353.07,4473.83,4660.36,1.35
2016-09-08 14:30:00,24.14,24.16,24.1,24.01,2758.0,-0.04,-0.17,24.208,24.161,24.1185,2824.65,3769.64,4277.07,0.41
2016-09-08 14:00:00,24.3,24.35,24.14,24.12,1919.5,-0.16,-0.66,24.254,24.159,24.103,3148.59,3615.72,4237.82,0.29
2016-09-08 13:30:00,24.22,24.34,24.3,24.2,1137.0,0.08,0.33,24.276,24.154,24.084,3861.93,3590.67,4339.6,0.17
2016-09-08 11:30:00,24.28,24.3,24.22,24.15,1892.0,-0.06,-0.25,24.188,24.136,24.0505,4798.7,3693.07,4677.31,0.28
2016-09-08 11:00:00,24.34,24.58,24.28,24.27,6416.76,-0.06,-0.25,24.154,24.129,24.043,5594.58,3847.07,5333.5,0.96
2016-09-08 10:30:00,24.25,24.33,24.33,24.06,4377.71,0.08,0.33,24.114,24.109,24.0225,4714.63,3843.6,5816.76,0.65
2016-09-08 10:00:00,23.85,24.32,24.25,23.85,5486.19,0.4,1.68,24.064,24.103,23.984,4082.84,5145.58,5714.32,0.82
2016-09-07 15:00:00,24.05,24.05,23.86,23.83,5820.82,-0.19,-0.79,24.032,24.079,23.9515,3319.4,5416.89,5593.31,0.87
2016-09-07 14:30:00,24.07,24.11,24.05,23.98,5871.44,-0.02,-0.08,24.084,24.1,23.933,2587.45,5198.98,5454.77,0.88
2016-09-07 14:00:00,24.08,24.11,24.08,24.06,2017.0,0.0,0.0,24.104,24.094,23.9045,2099.56,4846.9,5341.14,0.3
2016-09-07 13:30:00,24.1,24.13,24.08,24.06,1218.75,-0.02,-0.08,24.104,24.076,23.873,2972.56,4784.5,5509.89,0.18
2016-09-07 11:30:00,24.12,24.15,24.09,24.05,1669.0,-0.03,-0.12,24.142,24.047,23.833,6208.31,4859.92,5613.7,0.25
2016-09-07 11:00:00,24.15,24.17,24.12,24.05,2161.06,-0.03,-0.12,24.126,24.014,23.79,7514.37,5088.52,5799.5,0.32
2016-09-07 10:30:00,24.08,24.25,24.15,24.01,3432.0,0.07,0.29,24.116,23.965,23.7405,7810.52,5661.54,5823.45,0.51
2016-09-07 10:00:00,24.16,24.33,24.08,24.01,6382.0,-0.08,-0.33,24.084,23.957,23.689,7594.24,6819.92,5801.77,0.95
2016-09-06 15:00:00,24.01,24.4,24.27,23.93,17397.5,0.26,1.08,24.048,23.936,23.6365,6596.43,7789.92,5614.07,2.6
2016-09-06 14:30:00,24.09,24.25,24.01,24.0,8199.3,-0.08,-0.33,23.952,23.865,23.573,3511.54,6283.07,5007.42,1.22
2016-09-06 14:00:00,24.0,24.08,24.07,23.92,3641.79,0.07,0.29,23.902,23.824,23.53,2662.68,5769.74,4714.28,0.54
2016-09-06 13:30:00,23.9,24.02,23.99,23.84,2350.6,0.09,0.38,23.814,23.766,23.484,3512.56,5710.56,4625.56,0.35
2016-09-06 11:30:00,23.79,23.9,23.9,23.73,1393.0,0.11,0.46,23.83,23.715,23.443,6045.6,5835.38,4554.48,0.21
2016-09-06 11:00:00,23.76,23.85,23.79,23.69,1973.0,0.03,0.13,23.824,23.67,23.4095,8983.4,6235.28,4599.01,0.29
2016-09-06 10:30:00,23.64,23.78,23.76,23.63,3955.0,0.12,0.51,23.778,23.619,23.38,9054.6,6367.48,4719.16,0.59
2016-09-06 10:00:00,23.86,24.18,23.63,23.62,7891.19,-0.23,-0.96,23.746,23.566,23.3485,8876.8,6510.48,4628.31,1.18
2016-09-05 15:00:00,23.87,24.07,24.07,23.83,15015.8,0.2,0.84,23.718,23.516,23.325,7908.55,5985.35,4422.65,2.24
2016-09-05 14:30:00,23.56,24.24,23.87,23.49,16082.0,0.31,1.32,23.6,23.421,23.2735,5625.16,4783.63,3871.71,2.4
2016-09-05 14:00:00,23.6,23.61,23.56,23.54,2329.0,-0.04,-0.17,23.516,23.337,23.238,3487.16,3438.23,3170.16,0.35
2016-09-05 13:30:00,23.49,23.64,23.6,23.49,3066.0,0.11,0.47,23.46,23.281,23.2095,3680.36,3731.77,3143.16,0.46
2016-09-05 11:30:00,23.48,23.59,23.49,23.47,3050.0,0.01,0.04,23.386,23.236,23.1815,4144.16,3658.83,3071.21,0.46
2016-09-05 11:00:00,23.45,23.59,23.48,23.45,3598.79,0.03,0.13,23.314,23.202,23.1595,4062.16,3540.57,2993.86,0.54
2016-09-05 10:30:00,23.29,23.49,23.45,23.28,5392.0,0.16,0.69,23.242,23.171,23.13,3942.1,3273.59,2943.82,0.8
2016-09-05 10:00:00,23.2,23.35,23.28,23.13,3295.0,0.08,0.34,23.158,23.149,23.1,3389.3,2962.75,3087.35,0.49
2016-09-02 15:00:00,23.13,23.27,23.23,23.1,5385.0,0.1,0.43,23.102,23.141,23.091,3783.17,3070.85,3168.17,0.8
2016-09-02 14:30:00,23.12,23.14,23.13,23.04,2640.0,0.01,0.04,23.086,23.131,23.089,3173.5,2746.15,3177.82,0.39
2016-09-02 14:00:00,23.03,23.15,23.12,23.01,2998.48,0.09,0.39,23.09,23.134,23.101,3018.98,2859.95,3156.22,0.45
2016-09-02 13:30:00,23.02,23.18,23.03,23.02,2628.0,0.01,0.04,23.1,23.126,23.1145,2605.08,2959.8,3172.7,0.39
2016-09-01 15:00:00,23.15,23.17,23.0,23.0,5264.39,-0.15,-0.65,23.14,23.139,23.139,2536.2,2902.1,3109.0,0.79
2016-09-01 14:30:00,23.15,23.19,23.15,23.11,2336.61,0.0,0.0,23.18,23.138,23.159,2358.52,2554.56,2948.73,0.35
2016-09-01 14:00:00,23.2,23.2,23.15,23.11,1867.4,-0.05,-0.22,23.176,23.127,23.1725,2318.8,2483.6,2899.4,0.28
