Not
2016-12-28@15:00:00,0.328,0.415,-0.087
2016-12-28@14:00:00,0.387,0.437,-0.050
2016-12-28@11:30:00,0.428,0.449,-0.022
2016-12-28@10:30:00,0.477,0.455,0.022
2016-12-27@15:00:00,0.539,0.449,0.090
2016-12-27@14:00:00,0.561,0.427,0.134
2016-12-27@11:30:00,0.576,0.393,0.183
2016-12-27@10:30:00,0.566,0.347,0.219
2016-12-26@15:00:00,0.567,0.293,0.275
2016-12-26@14:00:00,0.498,0.224,0.274
2016-12-26@11:30:00,0.420,0.155,0.265
2016-12-26@10:30:00,0.285,0.089,0.196
2016-12-23@15:00:00,0.124,0.040,0.084
2016-12-23@14:00:00,0.010,0.019,-0.009
2016-12-23@11:30:00,-0.008,0.021,-0.029
2016-12-23@10:30:00,-0.030,0.029,-0.058
2016-12-22@15:00:00,0.007,0.043,-0.036
2016-12-22@14:00:00,0.029,0.052,-0.023
2016-12-22@11:30:00,0.042,0.058,-0.016
2016-12-22@10:30:00,0.069,0.062,0.007
2016-12-21@15:00:00,0.090,0.060,0.030
2016-12-21@14:00:00,0.082,0.053,0.029
2016-12-21@11:30:00,0.077,0.045,0.032
2016-12-21@10:30:00,0.080,0.037,0.042
2016-12-20@15:00:00,0.073,0.027,0.047
2016-12-20@14:00:00,0.064,0.015,0.049
2016-12-20@11:30:00,0.065,0.003,0.062
2016-12-20@10:30:00,0.056,-0.013,0.069
2016-12-19@15:00:00,0.044,-0.030,0.074
2016-12-19@14:00:00,0.044,-0.049,0.093
2016-12-19@11:30:00,0.030,-0.072,0.102
2016-12-19@10:30:00,0.008,-0.097,0.106
2016-12-16@15:00:00,-0.018,-0.124,0.105
2016-12-16@14:00:00,-0.064,-0.150,0.086
2016-12-16@11:30:00,-0.112,-0.171,0.060
2016-12-16@10:30:00,-0.155,-0.186,0.032
2016-12-15@15:00:00,-0.189,-0.194,0.005
2016-12-15@14:00:00,-0.201,-0.195,-0.006
2016-12-15@11:30:00,-0.219,-0.194,-0.025
2016-12-15@10:30:00,-0.235,-0.188,-0.047
2016-12-14@15:00:00,-0.260,-0.176,-0.084
2016-12-14@14:00:00,-0.235,-0.155,-0.080
2016-12-14@11:30:00,-0.248,-0.135,-0.113
2016-12-14@10:30:00,-0.275,-0.107,-0.168
2016-12-13@15:00:00,-0.261,-0.065,-0.196
2016-12-13@14:00:00,-0.241,-0.016,-0.225
2016-12-13@11:30:00,-0.221,0.041,-0.261
2016-12-13@10:30:00,-0.169,0.106,-0.275
2016-12-12@15:00:00,-0.075,0.175,-0.249
2016-12-12@14:00:00,0.040,0.237,-0.197
2016-12-12@11:30:00,0.130,0.286,-0.157
2016-12-12@10:30:00,0.233,0.326,-0.092
2016-12-09@15:00:00,0.323,0.349,-0.026
2016-12-09@14:00:00,0.347,0.355,-0.008
2016-12-09@11:30:00,0.337,0.357,-0.020
2016-12-09@10:30:00,0.327,0.362,-0.035
2016-12-08@15:00:00,0.314,0.371,-0.057
2016-12-08@14:00:00,0.299,0.385,-0.086
2016-12-08@11:30:00,0.316,0.407,-0.091
2016-12-08@10:30:00,0.350,0.430,-0.080
2016-12-07@15:00:00,0.374,0.450,-0.076
2016-12-07@14:00:00,0.386,0.469,-0.083
2016-12-07@11:30:00,0.396,0.489,-0.093
2016-12-07@10:30:00,0.388,0.513,-0.124
2016-12-06@15:00:00,0.415,0.544,-0.128
2016-12-06@14:00:00,0.451,0.576,-0.124
2016-12-06@11:30:00,0.474,0.607,-0.133
2016-12-06@10:30:00,0.514,0.640,-0.126
2016-12-05@15:00:00,0.549,0.672,-0.123
2016-12-05@14:00:00,0.582,0.702,-0.120
2016-12-05@11:30:00,0.632,0.733,-0.100
2016-12-05@10:30:00,0.673,0.758,-0.084
2016-12-02@15:00:00,0.733,0.779,-0.046
2016-12-02@14:00:00,0.813,0.790,0.023
2016-12-02@11:30:00,0.866,0.784,0.082
2016-12-02@10:30:00,0.936,0.764,0.172
2016-12-01@15:00:00,0.954,0.721,0.233
2016-12-01@14:00:00,0.916,0.663,0.253
2016-12-01@11:30:00,0.895,0.599,0.296
2016-12-01@10:30:00,0.856,0.526,0.330
2016-11-30@15:00:00,0.804,0.443,0.361
2016-11-30@14:00:00,0.724,0.353,0.371
2016-11-30@11:30:00,0.617,0.260,0.357
2016-11-30@10:30:00,0.470,0.171,0.299
2016-10-13@15:00:00,0.265,0.096,0.169
2016-10-13@14:00:00,0.237,0.054,0.182
2016-10-13@11:30:00,0.186,0.009,0.178
2016-10-13@10:30:00,0.133,-0.036,0.168
2016-10-12@15:00:00,0.071,-0.078,0.149
2016-10-12@14:00:00,-0.030,-0.115,0.085
2016-10-12@11:30:00,-0.041,-0.137,0.095
2016-10-12@10:30:00,-0.052,-0.160,0.109
2016-10-11@15:00:00,-0.080,-0.188,0.108
2016-10-11@14:00:00,-0.104,-0.214,0.110
2016-10-11@11:30:00,-0.128,-0.242,0.115
2016-10-11@10:30:00,-0.153,-0.271,0.118
2016-10-10@15:00:00,-0.174,-0.300,0.126
2016-10-10@14:00:00,-0.210,-0.332,0.122
2016-10-10@11:30:00,-0.256,-0.362,0.106
2016-10-10@10:30:00,-0.312,-0.389,0.077
2016-09-30@15:00:00,-0.358,-0.408,0.050
2016-09-30@14:00:00,-0.372,-0.420,0.049
2016-09-30@11:30:00,-0.396,-0.432,0.037
2016-09-30@10:30:00,-0.416,-0.442,0.025
2016-09-29@15:00:00,-0.431,-0.448,0.017
2016-09-29@14:00:00,-0.432,-0.452,0.021
2016-09-29@11:30:00,-0.448,-0.457,0.009
2016-09-29@10:30:00,-0.473,-0.460,-0.014
2016-09-28@15:00:00,-0.492,-0.456,-0.036
2016-09-28@14:00:00,-0.501,-0.448,-0.054
2016-09-28@11:30:00,-0.515,-0.434,-0.081
2016-09-28@10:30:00,-0.537,-0.414,-0.123
2016-09-27@15:00:00,-0.535,-0.383,-0.151
2016-09-27@14:00:00,-0.547,-0.345,-0.201
2016-09-27@11:30:00,-0.519,-0.295,-0.225
2016-09-27@10:30:00,-0.469,-0.239,-0.230
2016-09-26@15:00:00,-0.398,-0.181,-0.217
2016-09-26@14:00:00,-0.309,-0.127,-0.182
2016-09-26@11:30:00,-0.249,-0.081,-0.168
2016-09-26@10:30:00,-0.172,-0.040,-0.133
2016-09-23@15:00:00,-0.065,-0.006,-0.059
2016-09-23@14:00:00,-0.036,0.008,-0.044
2016-09-23@11:30:00,-0.017,0.019,-0.036
2016-09-23@10:30:00,0.010,0.028,-0.018
2016-09-22@15:00:00,0.041,0.033,0.008
2016-09-22@14:00:00,0.050,0.031,0.019
2016-09-22@11:30:00,0.050,0.026,0.024
2016-09-22@10:30:00,0.050,0.020,0.030
2016-09-21@15:00:00,0.040,0.013,0.027
2016-09-21@14:00:00,0.025,0.006,0.019
2016-09-21@11:30:00,0.017,0.001,0.015
2016-09-21@10:30:00,0.022,-0.003,0.025
2016-09-20@15:00:00,0.022,-0.009,0.030
2016-09-20@14:00:00,0.013,-0.016,0.029
2016-09-20@11:30:00,0.009,-0.024,0.032
2016-09-20@10:30:00,-0.012,-0.032,0.020
2016-09-19@15:00:00,-0.033,-0.037,0.003
2016-09-19@14:00:00,-0.037,-0.037,0.000
2016-09-19@11:30:00,-0.043,-0.037,-0.006
2016-09-19@10:30:00,-0.063,-0.036,-0.027
2016-09-14@15:00:00,-0.068,-0.029,-0.039
2016-09-14@14:00:00,-0.050,-0.019,-0.031
2016-09-14@11:30:00,-0.050,-0.012,-0.038
2016-09-14@10:30:00,-0.038,-0.002,-0.035
2016-09-13@15:00:00,-0.045,0.007,-0.051
2016-09-13@14:00:00,-0.075,0.019,-0.094
2016-09-13@11:30:00,-0.074,0.043,-0.117
2016-09-13@10:30:00,-0.047,0.072,-0.119
2016-09-12@15:00:00,-0.017,0.102,-0.119
2016-09-12@14:00:00,0.036,0.132,-0.096
2016-09-12@11:30:00,0.090,0.156,-0.066
2016-09-12@10:30:00,0.127,0.172,-0.045
2016-09-09@15:00:00,0.153,0.183,-0.031
2016-09-09@14:00:00,0.181,0.191,-0.010
2016-09-09@11:30:00,0.202,0.194,0.008
2016-09-09@10:30:00,0.213,0.192,0.021
2016-09-08@15:00:00,0.226,0.186,0.040
2016-09-08@14:00:00,0.218,0.176,0.041
2016-09-08@11:30:00,0.221,0.166,0.056
2016-09-08@10:30:00,0.215,0.152,0.063
2016-09-07@15:00:00,0.192,0.136,0.056
2016-09-07@14:00:00,0.208,0.122,0.086
2016-09-07@11:30:00,0.204,0.101,0.103
2016-09-07@10:30:00,0.194,0.075,0.118
2016-09-06@15:00:00,0.172,0.046,0.126
2016-09-06@14:00:00,0.129,0.014,0.115
2016-09-06@11:30:00,0.093,-0.015,0.108
2016-09-06@10:30:00,0.064,-0.042,0.105
2016-09-05@15:00:00,0.039,-0.068,0.107
2016-09-05@14:00:00,-0.025,-0.095,0.070
2016-09-05@11:30:00,-0.054,-0.112,0.058
2016-09-05@10:30:00,-0.083,-0.127,0.044
2016-09-02@15:00:00,-0.115,-0.138,0.023
2016-09-02@14:00:00,-0.131,-0.144,0.012
2016-09-01@15:00:00,-0.140,-0.147,0.007
2016-09-01@14:00:00,-0.136,-0.149,0.013
2016-09-01@11:30:00,-0.144,-0.152,0.008
2016-09-01@10:30:00,-0.161,-0.154,-0.007
2016-08-31@15:00:00,-0.169,-0.152,-0.017
2016-08-31@14:00:00,-0.169,-0.148,-0.021
2016-08-31@11:30:00,-0.160,-0.143,-0.018
2016-08-31@10:30:00,-0.154,-0.138,-0.016
2016-08-30@15:00:00,-0.123,-0.134,0.012
2016-08-30@14:00:00,-0.116,-0.137,0.022
2016-08-30@11:30:00,-0.125,-0.143,0.017
2016-08-30@10:30:00,-0.137,-0.147,0.010
2016-08-29@15:00:00,-0.153,-0.149,-0.004
2016-08-29@14:00:00,-0.176,-0.148,-0.028
2016-08-29@11:30:00,-0.176,-0.141,-0.035
2016-08-29@10:30:00,-0.184,-0.133,-0.052
2016-08-26@15:00:00,-0.186,-0.120,-0.066
2016-08-26@14:00:00,-0.174,-0.103,-0.071
2016-08-26@11:30:00,-0.161,-0.085,-0.075
2016-08-26@10:30:00,-0.178,-0.067,-0.111
2016-08-25@15:00:00,-0.184,-0.039,-0.145
2016-08-25@14:00:00,-0.159,-0.002,-0.156
2016-08-25@11:30:00,-0.140,0.037,-0.177
2016-08-25@10:30:00,-0.095,0.081,-0.176
2016-08-24@15:00:00,-0.026,0.125,-0.151
2016-08-24@14:00:00,-0.004,0.163,-0.166
2016-08-24@11:30:00,0.009,0.204,-0.196
2016-08-24@10:30:00,0.036,0.253,-0.217
2016-08-23@15:00:00,0.094,0.307,-0.214
2016-08-23@14:00:00,0.156,0.361,-0.205
2016-08-23@11:30:00,0.228,0.412,-0.185
2016-08-23@10:30:00,0.296,0.458,-0.162
2016-08-22@15:00:00,0.361,0.499,-0.138
2016-08-22@14:00:00,0.419,0.533,-0.114
2016-08-22@11:30:00,0.464,0.562,-0.098
2016-08-22@10:30:00,0.530,0.586,-0.056
2016-08-19@15:00:00,0.610,0.600,0.010
2016-08-19@14:00:00,0.617,0.598,0.019
2016-08-19@11:30:00,0.622,0.593,0.029
2016-08-19@10:30:00,0.649,0.585,0.064
2016-08-18@15:00:00,0.681,0.570,0.111
2016-08-18@14:00:00,0.707,0.542,0.165
2016-08-18@11:30:00,0.693,0.500,0.193
2016-08-18@10:30:00,0.707,0.452,0.255
2016-08-17@15:00:00,0.711,0.389,0.323
2016-08-17@14:00:00,0.631,0.308,0.323
2016-08-17@11:30:00,0.520,0.227,0.293
2016-08-17@10:30:00,0.370,0.154,0.216
2016-08-16@15:00:00,0.174,0.100,0.074
2016-08-16@14:00:00,0.156,0.081,0.074
2016-08-16@11:30:00,0.134,0.063,0.072
2016-08-16@10:30:00,0.134,0.045,0.089
2016-08-15@15:00:00,0.112,0.023,0.089
2016-08-15@14:00:00,0.076,0.000,0.076
2016-08-15@11:30:00,0.042,-0.019,0.061
2016-08-15@10:30:00,0.006,-0.034,0.040
2016-08-12@15:00:00,-0.011,-0.044,0.033
2016-08-12@14:00:00,-0.032,-0.052,0.020
2016-08-12@11:30:00,-0.035,-0.057,0.022
2016-08-12@10:30:00,-0.039,-0.063,0.024
2016-08-11@15:00:00,-0.040,-0.069,0.029
2016-08-11@14:00:00,-0.043,-0.076,0.033
2016-08-11@11:30:00,-0.069,-0.084,0.016
2016-08-11@10:30:00,-0.067,-0.088,0.021
2016-08-10@15:00:00,-0.051,-0.093,0.042
2016-08-10@14:00:00,-0.059,-0.104,0.045
2016-08-10@11:30:00,-0.062,-0.115,0.053
2016-08-10@10:30:00,-0.071,-0.129,0.057
2016-08-09@15:00:00,-0.088,-0.143,0.055
2016-08-09@14:00:00,-0.117,-0.157,0.040
2016-08-09@11:30:00,-0.138,-0.167,0.028
2016-08-09@10:30:00,-0.178,-0.174,-0.004
2016-08-08@15:00:00,-0.212,-0.173,-0.040
2016-08-08@14:00:00,-0.218,-0.163,-0.055
2016-08-08@11:30:00,-0.207,-0.149,-0.058
2016-08-08@10:30:00,-0.173,-0.134,-0.039
2016-08-05@15:00:00,-0.120,-0.125,0.005
2016-08-05@14:00:00,-0.109,-0.126,0.017
2016-08-05@11:30:00,-0.102,-0.130,0.028
2016-08-05@10:30:00,-0.087,-0.137,0.051
2016-08-04@15:00:00,-0.082,-0.150,0.068
2016-08-04@14:00:00,-0.084,-0.167,0.082
2016-08-04@11:30:00,-0.095,-0.187,0.092
2016-08-04@10:30:00,-0.113,-0.210,0.097
2016-08-03@15:00:00,-0.126,-0.235,0.108
2016-08-03@14:00:00,-0.159,-0.262,0.103
2016-08-03@11:30:00,-0.211,-0.287,0.076
2016-08-03@10:30:00,-0.245,-0.306,0.061
2016-08-02@15:00:00,-0.273,-0.322,0.049
2016-08-02@14:00:00,-0.329,-0.334,0.005
2016-08-02@11:30:00,-0.373,-0.335,-0.037
2016-08-01@15:00:00,-0.423,-0.326,-0.097
2016-08-01@14:00:00,-0.401,-0.302,-0.100
2016-08-01@11:30:00,-0.382,-0.277,-0.106
2016-08-01@10:30:00,-0.338,-0.250,-0.088
2016-07-29@15:00:00,-0.279,-0.228,-0.051
2016-07-29@14:00:00,-0.308,-0.215,-0.092
2016-07-29@11:30:00,-0.331,-0.192,-0.139
2016-07-29@10:30:00,-0.322,-0.158,-0.165
2016-07-28@15:00:00,-0.337,-0.116,-0.221
2016-07-28@14:00:00,-0.365,-0.061,-0.304
2016-07-28@11:30:00,-0.279,0.015,-0.294
2016-07-28@10:30:00,-0.142,0.088,-0.230
2016-07-27@15:00:00,-0.065,0.145,-0.210
2016-07-27@14:00:00,0.033,0.198,-0.165
2016-07-27@11:30:00,0.134,0.239,-0.105
2016-07-27@10:30:00,0.242,0.266,-0.024
2016-07-26@15:00:00,0.294,0.272,0.023
2016-07-26@14:00:00,0.311,0.266,0.045
2016-07-26@11:30:00,0.320,0.255,0.065
2016-07-26@10:30:00,0.323,0.239,0.084
2016-07-25@15:00:00,0.321,0.217,0.104
2016-07-25@14:00:00,0.280,0.191,0.089
2016-07-25@11:30:00,0.273,0.169,0.104
2016-07-25@10:30:00,0.242,0.143,0.099
2016-07-22@15:00:00,0.225,0.119,0.106
2016-07-22@14:00:00,0.223,0.092,0.131
2016-07-22@11:30:00,0.184,0.059,0.124
2016-07-22@10:30:00,0.134,0.028,0.105
2016-07-21@15:00:00,0.082,0.002,0.080
2016-07-21@14:00:00,0.045,-0.018,0.063
2016-07-21@11:30:00,-0.015,-0.034,0.019
2016-07-21@10:30:00,-0.037,-0.039,0.001
2016-07-20@15:00:00,-0.025,-0.039,0.014
2016-07-20@14:00:00,-0.023,-0.042,0.019
2016-07-20@11:30:00,-0.034,-0.047,0.013
2016-07-20@10:30:00,-0.052,-0.051,-0.002
2016-07-19@15:00:00,-0.074,-0.050,-0.024
2016-07-19@14:00:00,-0.084,-0.044,-0.040
2016-07-19@11:30:00,-0.082,-0.034,-0.048
2016-07-19@10:30:00,-0.071,-0.022,-0.049
2016-07-18@15:00:00,-0.059,-0.010,-0.048
2016-07-18@14:00:00,-0.077,0.002,-0.079
2016-07-18@11:30:00,-0.104,0.021,-0.125
2016-07-18@10:30:00,-0.098,0.053,-0.151
2016-07-15@15:00:00,-0.044,0.091,-0.134
2016-07-15@14:00:00,-0.017,0.124,-0.142
2016-07-15@11:30:00,0.027,0.160,-0.133
2016-07-15@10:30:00,0.062,0.193,-0.131
2016-07-14@15:00:00,0.093,0.225,-0.132
2016-07-14@14:00:00,0.126,0.259,-0.132
2016-07-14@11:30:00,0.155,0.292,-0.137
2016-07-14@10:30:00,0.170,0.326,-0.156
2016-07-13@15:00:00,nan,nan,nan
2016-07-13@14:00:00,nan,nan,nan
2016-07-13@11:30:00,nan,nan,nan
2016-07-13@10:30:00,nan,nan,nan
2016-07-12@15:00:00,nan,nan,nan
2016-07-12@14:00:00,nan,nan,nan
2016-07-12@11:30:00,nan,nan,nan
2016-07-12@10:30:00,nan,nan,nan
2016-07-11@15:00:00,nan,nan,nan
2016-07-11@14:00:00,nan,nan,nan
2016-07-11@11:30:00,nan,nan,nan
2016-07-11@10:30:00,nan,nan,nan
2016-07-08@15:00:00,nan,nan,nan
2016-07-08@14:00:00,nan,nan,nan
2016-07-08@11:30:00,nan,nan,nan
2016-07-08@10:30:00,nan,nan,nan
2016-07-07@15:00:00,nan,nan,nan
2016-07-07@14:00:00,nan,nan,nan
2016-07-07@11:30:00,nan,nan,nan
2016-07-07@10:30:00,nan,nan,nan
2016-07-06@15:00:00,nan,nan,nan
2016-07-06@11:30:00,nan,nan,nan
2016-07-06@10:30:00,nan,nan,nan
2016-07-05@15:00:00,nan,nan,nan
2016-07-05@14:00:00,nan,nan,nan
2016-07-05@11:30:00,nan,nan,nan
2016-07-05@10:30:00,nan,nan,nan
2016-07-04@15:00:00,nan,nan,nan
2016-07-04@14:00:00,nan,nan,nan
2016-07-04@11:30:00,nan,nan,nan
2016-07-04@10:30:00,nan,nan,nan
2016-07-01@15:00:00,nan,nan,nan
2016-07-01@14:00:00,nan,nan,nan
