2017-06-30,77.196,71.380,65.564
2017-06-29,77.308,70.885,64.463
2017-06-28,77.878,70.379,62.880
2017-06-27,77.800,70.117,62.435
2017-06-26,77.357,69.781,62.206
2017-06-23,77.011,69.376,61.742
2017-06-22,76.782,69.011,61.240
2017-06-21,76.730,68.683,60.637
2017-06-20,76.060,68.356,60.652
2017-06-19,75.883,68.306,60.729
2017-06-16,75.584,68.235,60.886
2017-06-15,75.495,68.215,60.936
2017-06-14,75.550,68.228,60.907
2017-06-13,75.473,68.205,60.937
2017-06-12,75.873,68.325,60.777
2017-06-09,76.843,68.739,60.635
2017-06-08,77.597,69.031,60.466
2017-06-07,78.958,69.516,60.075
2017-06-06,80.275,70.028,59.782
2017-06-05,81.447,70.683,59.920
2017-06-02,82.467,71.366,60.265
2017-06-01,83.757,72.247,60.737
2017-05-31,84.448,73.247,62.046
2017-05-26,85.596,74.087,62.579
2017-05-25,86.726,74.921,63.117
2017-05-24,86.872,75.694,64.516
2017-05-23,86.698,76.496,66.295
2017-05-22,85.905,77.343,68.782
2017-05-19,85.080,77.863,70.647
2017-05-18,84.982,78.161,71.341
2017-05-17,85.014,78.487,71.961
2017-05-16,84.923,78.630,72.338
2017-05-15,84.818,78.866,72.914
2017-05-12,85.911,79.643,73.376
2017-05-11,87.854,80.492,73.130
2017-05-10,89.673,81.299,72.924
2017-05-09,93.698,82.532,71.367
2017-05-08,97.623,83.736,69.848
2017-05-05,104.300,85.478,66.656
2017-05-04,113.446,87.840,62.235
2017-05-03,124.849,90.893,56.938
2017-05-02,130.379,93.172,55.966
2017-04-28,132.962,94.875,56.788
2017-04-27,133.937,95.989,58.040
2017-04-26,134.126,96.585,59.043
2017-04-25,134.005,96.904,59.803
2017-04-24,134.074,96.819,59.564
2017-04-21,134.580,96.375,58.170
2017-04-20,135.510,95.761,56.013
2017-04-19,137.005,94.802,52.600
2017-04-18,138.919,93.502,48.085
2017-04-17,141.041,92.091,43.141
2017-04-14,143.287,90.380,37.474
2017-04-13,nan,nan,nan
2017-04-12,nan,nan,nan
2017-04-11,nan,nan,nan
2017-04-10,nan,nan,nan
2017-04-07,nan,nan,nan
2017-04-06,nan,nan,nan
2017-03-28,nan,nan,nan
2017-03-27,nan,nan,nan
2017-03-24,nan,nan,nan
2017-03-23,nan,nan,nan
2017-03-22,nan,nan,nan
2017-03-21,nan,nan,nan
2017-03-20,nan,nan,nan
2017-03-17,nan,nan,nan
2017-03-16,nan,nan,nan
2017-03-15,nan,nan,nan
2017-03-14,nan,nan,nan
2017-03-13,nan,nan,nan
2017-03-10,nan,nan,nan
