2017-06-30,73.000,73.012,71.380,69.827,77.880
2017-06-29,72.586,73.082,70.885,69.838,78.768
2017-06-28,72.278,73.274,70.379,69.910,79.500
2017-06-27,72.742,73.378,70.117,69.929,80.065
2017-06-26,72.698,73.124,69.781,69.925,80.429
2017-06-23,73.024,72.491,69.376,69.990,80.658
2017-06-22,73.578,72.203,69.011,70.089,80.776
2017-06-21,74.270,72.006,68.683,70.346,80.801
2017-06-20,74.014,71.473,68.356,70.510,80.660
2017-06-19,73.550,70.691,68.306,70.686,80.423
2017-06-16,71.958,69.748,68.235,70.827,80.075
2017-06-15,70.828,68.689,68.215,71.061,79.646
2017-06-14,69.742,67.484,68.228,71.326,79.158
2017-06-13,68.932,66.857,68.205,71.677,-1
2017-06-12,67.832,66.439,68.325,72.094,-1
2017-06-09,67.538,66.262,68.739,72.550,-1
2017-06-08,66.550,65.819,69.031,72.937,-1
2017-06-07,65.226,65.361,69.516,73.349,-1
2017-06-06,64.782,65.239,70.028,73.655,-1
2017-06-05,65.046,65.921,70.683,74.081,-1
2017-06-02,64.986,66.722,71.366,74.566,-1
2017-06-01,65.088,67.742,72.247,75.001,-1
2017-05-31,65.496,68.973,73.247,75.568,-1
2017-05-26,65.696,69.553,74.087,76.280,-1
2017-05-25,66.796,70.211,74.921,77.065,-1
2017-05-24,68.458,71.216,75.694,77.938,-1
2017-05-23,70.396,72.244,76.496,79.103,-1
2017-05-22,72.450,73.672,77.343,80.381,-1
2017-05-19,73.410,74.818,77.863,81.925,-1
2017-05-18,73.626,75.446,78.161,83.709,-1
2017-05-17,73.974,76.010,78.487,85.932,-1
2017-05-16,74.092,76.752,78.630,87.699,-1
2017-05-15,74.894,77.521,78.866,89.090,-1
2017-05-12,76.226,78.622,79.643,90.200,-1
2017-05-11,77.266,79.632,80.492,90.934,-1
2017-05-10,78.046,80.172,81.299,91.327,-1
2017-05-09,79.412,80.749,82.532,91.462,-1
2017-05-08,80.148,81.015,83.736,91.255,-1
2017-05-05,81.018,80.909,85.478,90.811,-1
2017-05-04,81.998,80.877,87.840,90.161,-1
2017-05-03,82.298,80.965,90.893,89.323,-1
2017-05-02,82.086,80.509,93.172,88.230,-1
2017-04-28,81.882,80.211,94.875,86.991,-1
2017-04-27,80.800,80.665,95.989,-1,-1
2017-04-26,79.756,81.352,96.585,-1,-1
2017-04-25,79.632,82.425,96.904,-1,-1
2017-04-24,78.932,84.316,96.819,-1,-1
2017-04-21,78.540,86.456,96.375,-1,-1
2017-04-20,80.530,90.047,95.761,-1,-1
2017-04-19,82.948,94.804,94.802,-1,-1
2017-04-18,85.218,100.822,93.502,-1,-1
2017-04-17,89.700,105.836,92.091,-1,-1
2017-04-14,94.372,109.539,90.380,-1,-1
2017-04-13,99.564,111.312,-1,-1,-1
2017-04-12,106.660,111.817,-1,-1,-1
2017-04-11,116.426,111.383,-1,-1,-1
2017-04-10,121.972,109.322,-1,-1,-1
2017-04-07,124.706,106.294,-1,-1,-1
2017-04-06,123.060,101.476,-1,-1,-1
2017-03-28,116.974,94.801,-1,-1,-1
2017-03-27,106.340,86.182,-1,-1,-1
2017-03-24,96.672,78.346,-1,-1,-1
2017-03-23,87.882,71.222,-1,-1,-1
2017-03-22,79.892,-1,-1,-1,-1
2017-03-21,72.628,-1,-1,-1,-1
2017-03-20,66.024,-1,-1,-1,-1
2017-03-17,60.020,-1,-1,-1,-1
2017-03-16,54.562,-1,-1,-1,-1
2017-03-15,-1,-1,-1,-1,-1
2017-03-14,-1,-1,-1,-1,-1
2017-03-13,-1,-1,-1,-1,-1
2017-03-10,-1,-1,-1,-1,-1
