date,open,high,close,low,volume,price_change,p_change,ma5,ma10,ma20,v_ma5,v_ma10,v_ma20,turnover
2017-03-17 15:00:00,50.19,50.19,50.19,50.19,9428.1,0.0,0.0,49.024,47.109,45.9935,33010.7,23068.5,17171.4,3.14
2017-03-17 14:00:00,50.19,50.19,50.19,50.19,4723.42,0.0,0.0,48.17,46.563,45.7595,32871.3,22912.3,17713.4,1.57
2017-03-17 11:30:00,48.99,50.19,50.19,48.5,59907.6,1.2,2.45,47.286,46.014,45.56,33220.0,23635.1,17942.7,19.97
2017-03-17 10:30:00,45.31,49.8,48.92,45.04,76501.7,3.61,7.97,46.392,45.55,45.363,27855.3,18814.1,15483.8,25.5
2017-03-16 15:00:00,45.9,46.09,45.63,45.63,14492.6,-0.27,-0.59,45.486,45.203,45.2555,14256.7,11779.1,12380.1,4.83
2017-03-16 14:00:00,45.77,46.23,45.92,45.77,8730.97,0.15,0.33,45.194,45.162,45.3075,13126.4,11073.8,12403.3,2.91
2017-03-16 11:30:00,45.74,46.19,45.77,45.61,6467.17,0.03,0.07,44.956,45.141,45.35,12953.4,11799.9,12408.9,2.16
2017-03-16 10:30:00,44.65,46.8,45.72,44.58,33084.0,1.07,2.4,44.742,45.064,45.3965,14050.2,12227.9,12990.5,11.03
2017-03-15 15:00:00,44.18,44.74,44.39,44.13,8508.75,0.21,0.48,44.708,44.939,45.4785,9772.85,9549.13,13093.9,2.84
2017-03-15 14:00:00,44.73,44.73,44.17,44.03,8840.89,-0.56,-1.25,44.92,44.919,45.709,9301.56,9407.82,13696.1,2.95
2017-03-15 11:30:00,44.68,44.96,44.73,44.35,7866.0,0.05,0.11,45.13,44.878,45.944,9021.26,11274.3,14656.8,2.62
2017-03-15 10:30:00,45.55,45.55,44.7,44.65,11951.4,-0.85,-1.87,45.326,44.956,46.133,10646.5,12514.4,16303.2,3.98
2017-03-14 15:00:00,45.45,45.67,45.55,45.05,11697.2,0.1,0.22,45.386,45.106,46.2525,10405.6,12250.3,17308.8,3.9
2017-03-14 14:00:00,45.25,45.69,45.45,45.25,6152.31,0.2,0.44,45.17,45.176,46.27,9325.42,12153.6,17273.1,2.05
2017-03-14 11:30:00,45.75,45.8,45.22,45.05,7439.38,-0.53,-1.16,44.918,45.308,46.2865,9514.08,12981.1,17224.1,2.48
2017-03-14 10:30:00,45.0,45.85,45.71,44.7,15992.1,0.71,1.58,44.626,45.453,46.3155,13527.3,13732.7,17460.6,5.33
2017-03-13 15:00:00,44.47,45.05,45.0,44.29,10747.0,0.53,1.19,44.586,45.559,46.319,14382.4,13017.9,17663.1,3.58
2017-03-13 14:00:00,44.19,44.49,44.47,43.99,6296.31,0.28,0.63,44.826,45.729,46.3785,14095.0,13753.1,17974.8,2.1
2017-03-13 11:30:00,43.77,44.26,44.19,43.77,7095.62,0.42,0.96,45.182,46.018,46.471,14981.8,16638.8,18550.9,2.37
2017-03-13 10:30:00,45.01,45.01,43.76,43.01,27505.7,-1.25,-2.78,45.698,46.499,46.5365,16448.1,17984.4,18550.2,9.17
2017-03-10 15:00:00,46.19,46.21,45.51,45.51,20267.4,-0.68,-1.47,46.28,47.01,46.6025,13938.1,18039.2,18085.8,6.76
2017-03-10 14:00:00,46.25,46.5,46.2,46.01,9309.95,-0.05,-0.11,46.532,47.31,46.6085,11653.4,20091.9,17938.1,3.1
2017-03-10 11:30:00,46.76,47.1,46.25,46.2,10730.3,-0.51,-1.09,46.632,47.399,46.5535,13411.1,22367.4,17783.7,3.58
2017-03-10 10:30:00,46.16,47.55,46.77,46.1,14427.3,0.61,1.32,46.854,47.364,46.5045,18295.7,22392.5,17494.4,4.81
2017-03-09 15:00:00,46.77,46.98,46.67,46.4,14955.7,-0.1,-0.21,47.3,47.265,46.4325,19520.6,21467.1,17930.8,4.99
2017-03-09 14:00:00,46.7,47.29,46.77,46.6,8843.93,0.07,0.15,47.74,47.178,46.3655,22140.4,21188.4,17922.1,2.95
2017-03-09 11:30:00,47.26,47.29,46.7,46.16,18098.4,-0.56,-1.18,48.088,47.079,46.307,28530.4,22308.3,18017.4,6.03
2017-03-09 10:30:00,48.11,48.38,47.36,47.04,35153.3,-0.75,-1.56,48.166,47.028,46.275,31323.6,22196.5,17886.5,11.72
2017-03-08 15:00:00,48.87,49.6,49.0,48.3,20551.6,0.13,0.27,47.874,46.924,46.188,26489.3,20463.1,17338.5,6.85
2017-03-08 14:00:00,48.5,49.99,48.87,48.5,28054.6,0.37,0.76,47.23,46.574,46.0265,23413.7,19116.0,17336.2,9.35
2017-03-08 11:30:00,47.07,48.78,48.51,47.01,40794.2,1.44,3.06,46.616,46.195,45.8965,20236.4,18132.3,16387.9,13.6
2017-03-08 10:30:00,45.9,47.27,47.09,45.7,32064.4,1.19,2.59,46.07,45.907,45.7715,16086.2,15784.2,15795.8,10.69
2017-03-07 15:00:00,45.78,45.9,45.9,45.51,10981.6,0.12,0.26,45.89,45.708,45.735,13069.3,13200.1,16283.0,3.66
2017-03-07 14:00:00,45.8,45.94,45.78,45.61,5173.51,-0.02,-0.04,45.974,45.645,45.8425,14436.8,12596.3,16840.3,1.72
2017-03-07 11:30:00,45.78,45.96,45.8,45.5,12168.4,0.02,0.04,45.918,45.6,45.969,14818.4,14394.4,17493.4,4.06
2017-03-07 10:30:00,46.58,46.58,45.78,45.75,20043.0,-0.8,-1.72,45.774,45.553,46.095,16028.2,14655.8,17931.7,6.68
2017-03-06 15:00:00,46.32,46.33,46.19,45.95,16979.9,-0.13,-0.28,45.744,45.535,46.1835,15482.2,13726.4,18382.3,5.66
2017-03-06 14:00:00,45.5,46.4,46.32,45.22,17819.4,0.82,1.8,45.526,45.522,46.2195,13330.9,13576.5,18692.5,5.94
2017-03-06 11:30:00,45.08,45.76,45.5,45.02,7081.07,0.42,0.93,45.316,45.452,46.2835,10755.8,14213.9,18557.4,2.36
2017-03-06 10:30:00,45.3,45.85,45.08,45.0,18217.8,-0.22,-0.49,45.282,45.479,46.4005,13970.5,15556.4,18729.3,6.07
2017-03-03 15:00:00,45.1,45.92,45.63,44.88,17312.9,0.53,1.18,45.332,45.598,46.514,13283.3,14643.4,20569.5,5.77
2017-03-03 14:00:00,45.27,45.55,45.1,45.03,6223.46,-0.17,-0.38,45.326,45.636,46.7335,11970.6,15807.4,20763.9,2.07
2017-03-03 11:30:00,45.3,45.7,45.27,45.19,4944.02,-0.03,-0.07,45.518,45.762,47.1135,13822.1,19365.9,22588.8,1.65
2017-03-03 10:30:00,44.78,46.24,45.33,44.65,23154.1,0.55,1.23,45.588,46.04,47.328,17672.0,21084.3,23764.2,7.72
2017-03-02 15:00:00,45.59,45.78,45.33,45.16,14782.0,-0.26,-0.57,45.676,46.338,47.561,17142.4,20592.5,25283.6,4.93
2017-03-02 14:00:00,46.06,46.2,45.6,45.2,10749.5,-0.46,-1.0,45.864,46.637,47.9345,16003.5,21207.6,26656.6,3.58
2017-03-02 11:30:00,45.62,46.24,46.06,45.22,15481.1,0.44,0.96,45.946,46.832,48.2265,19644.3,23038.2,27656.8,5.16
2017-03-02 10:30:00,45.07,45.62,45.62,44.63,24193.1,0.55,1.22,46.006,46.917,48.4655,24909.7,23808.4,29590.2,8.06
2017-03-01 15:00:00,46.29,46.44,45.77,45.64,20506.3,-0.52,-1.12,46.492,47.115,48.5945,24496.6,22900.8,31336.3,6.84
2017-03-01 14:00:00,46.1,46.58,46.27,46.01,9087.31,0.17,0.37,47.0,47.322,48.7045,24042.6,21902.1,31278.7,3.03
2017-03-01 11:30:00,46.36,46.4,46.01,45.65,28953.6,-0.35,-0.75,47.41,47.43,48.7905,26411.8,26495.6,32651.9,9.65
2017-03-01 10:30:00,47.7,47.7,46.36,46.22,41808.0,-1.34,-2.81,47.718,47.831,48.831,26432.1,25720.3,32127.6,13.94
2017-02-28 15:00:00,48.31,48.35,48.05,48.0,22127.8,-0.26,-0.54,47.828,48.465,48.851,22707.2,25811.8,32049.4,7.38
2017-02-28 14:00:00,48.35,48.88,48.31,47.65,18236.2,-0.04,-0.08,47.738,48.616,48.848,21305.1,26444.1,32104.9,6.08
2017-02-28 11:30:00,47.55,48.6,48.32,47.24,20933.3,0.77,1.62,47.644,48.784,48.8325,19761.6,29974.6,32689.7,6.98
2017-02-28 10:30:00,46.95,47.97,47.55,46.27,29055.1,0.6,1.28,47.45,49.232,48.7625,26579.5,32105.5,32199.7,9.69
2017-02-27 15:00:00,47.74,48.65,46.91,46.9,23183.4,-0.83,-1.74,47.944,49.621,48.723,25008.5,32275.4,33549.9,7.73
2017-02-27 14:00:00,47.84,48.76,47.6,47.01,15117.5,-0.24,-0.5,49.102,50.014,48.7115,28916.4,35371.9,33913.0,5.04
2017-02-27 11:30:00,47.34,48.44,47.84,47.01,10518.8,0.5,1.06,49.494,50.074,48.723,31583.0,39771.8,33730.3,3.51
2017-02-27 10:30:00,49.86,49.86,47.35,46.8,55022.8,-2.51,-5.03,49.924,50.087,48.731,40187.6,40655.3,33762.8,18.34
2017-02-24 15:00:00,52.71,52.8,50.02,50.0,21200.2,-2.69,-5.1,51.014,50.151,48.8385,37631.5,38808.2,34275.0,7.07
2017-02-24 14:00:00,49.7,54.0,52.7,49.01,42722.6,3.0,6.04,51.298,49.831,48.83,39542.2,38534.9,33271.6,14.24
2017-02-24 11:30:00,50.0,50.4,49.56,48.31,28450.8,-0.44,-0.88,50.926,49.237,48.6875,41827.5,38287.1,31346.9,9.48
2017-02-24 10:30:00,50.88,51.4,49.99,48.98,53541.6,-0.89,-1.75,50.654,49.08,48.702,47960.6,37765.7,30909.0,17.85
2017-02-23 15:00:00,51.4,52.8,52.8,50.86,42242.4,1.4,2.72,50.25,48.881,48.695,41123.0,35404.8,32232.0,14.08
2017-02-23 14:00:00,50.85,52.41,51.44,50.77,30753.6,0.59,1.16,49.288,48.293,48.8245,39984.9,32293.9,31272.0,10.25
2017-02-23 11:30:00,48.2,51.51,50.84,48.2,54148.9,2.64,5.48,48.364,47.825,48.951,37527.6,34824.4,32286.4,18.05
2017-02-23 10:30:00,48.99,49.86,48.2,47.26,59116.6,-0.79,-1.61,47.548,47.409,49.286,34746.7,32454.2,33410.2,19.71
2017-02-22 15:00:00,47.99,48.41,47.97,47.31,19353.6,-0.02,-0.04,47.506,47.372,49.5865,27570.8,27688.9,34239.0,6.45
2017-02-22 14:00:00,46.82,48.94,47.99,46.8,36552.0,1.17,2.5,47.512,47.375,50.2175,29686.6,26870.4,35109.2,12.18
2017-02-22 11:30:00,46.76,47.39,46.82,46.5,18466.7,0.06,0.13,47.298,47.526,50.7095,24602.8,29741.7,34497.3,6.16
2017-02-22 10:30:00,46.31,47.3,46.76,45.88,40244.7,0.45,0.97,47.286,47.829,51.2745,32121.3,28008.4,34104.4,13.41
2017-02-21 15:00:00,48.0,48.29,47.99,47.22,23237.0,-0.01,-0.02,47.27,48.138,51.8565,30161.6,24406.8,35017.6,7.75
2017-02-21 14:00:00,46.94,48.33,48.0,46.9,29932.4,1.06,2.26,47.238,48.324,52.3365,27806.9,24052.3,35038.7,9.98
2017-02-21 11:30:00,46.76,47.33,46.92,46.25,11133.3,0.16,0.34,47.238,48.509,52.816,24054.2,29059.3,34391.2,3.71
2017-02-21 10:30:00,46.59,47.47,46.76,45.59,56059.0,0.17,0.36,47.754,49.356,53.3495,34880.5,30250.1,34886.7,18.69
2017-02-20 15:00:00,47.83,47.9,46.68,46.13,30446.5,-1.15,-2.4,48.372,50.077,53.891,23895.5,29748.5,35431.4,10.15
2017-02-20 14:00:00,48.0,48.99,47.83,47.83,11463.4,-0.17,-0.35,49.006,51.163,54.1745,18652.0,34366.2,33941.6,3.82
2017-02-20 11:30:00,49.5,49.86,48.0,47.79,11168.6,-1.5,-3.03,49.41,51.801,54.4005,20297.8,40789.1,34600.4,3.72
2017-02-20 10:30:00,47.88,51.78,49.5,47.08,65265.1,1.62,3.38,49.78,53.06,54.607,34064.4,43348.1,36346.6,21.76
2017-02-17 15:00:00,49.85,49.85,49.85,49.85,1134.0,0.0,0.0,50.958,53.893,54.7495,25619.7,39252.9,40785.3,0.38
2017-02-17 14:00:00,49.86,50.0,49.85,49.85,4228.64,-0.01,-0.02,51.782,54.72,54.6365,35601.4,40200.4,40743.3,1.41
2017-02-17 11:30:00,49.85,50.92,49.85,49.85,19692.5,0.0,0.0,53.32,55.575,54.5235,50080.4,45628.5,40548.5,6.56
2017-02-17 10:30:00,52.39,52.7,49.85,49.85,80001.6,-2.54,-4.85,54.192,56.349,54.4105,61280.5,46025.1,39590.6,26.67
2017-02-16 15:00:00,54.01,55.39,55.39,53.89,23041.7,1.38,2.56,56.34,57.123,54.2975,52631.9,39723.2,38495.0,7.68
2017-02-16 14:00:00,57.71,58.1,53.97,53.89,51042.7,-3.74,-6.48,56.828,57.343,53.691,52886.2,39523.4,37457.1,17.01
2017-02-16 11:30:00,54.2,58.19,57.54,53.89,76623.3,3.34,6.16,57.658,57.705,53.1555,44799.5,41114.4,34928.1,25.54
2017-02-16 10:30:00,56.8,56.98,54.21,53.89,75693.0,-2.59,-4.56,57.83,57.186,52.4415,41176.7,33517.1,31122.5,25.23
2017-02-15 15:00:00,57.83,60.6,60.59,56.9,36758.8,2.76,4.77,58.506,57.0,51.894,30769.7,28411.7,27869.3,12.25
2017-02-15 14:00:00,58.26,60.26,57.83,57.42,24313.1,-0.43,-0.74,57.906,56.154,50.831,26814.4,29345.0,26047.5,8.1
2017-02-15 11:30:00,58.19,59.24,58.12,57.34,10609.1,-0.07,-0.12,57.858,55.606,49.906,26160.5,42317.7,24854.8,3.54
2017-02-15 10:30:00,57.98,59.7,58.4,55.0,58509.3,0.42,0.72,57.752,54.553,48.9665,37429.4,41286.1,24356.2,19.5
2017-02-14 15:00:00,57.59,57.59,57.59,57.55,23658.1,0.0,0.0,56.542,53.472,48.013,25857.5,35468.4,26017.8,7.89
2017-02-14 14:00:00,57.59,57.59,57.59,57.55,16982.6,0.0,0.0,55.494,52.472,46.921,26053.7,33156.1,29320.0,5.66
2017-02-14 11:30:00,57.59,57.59,57.59,57.54,21043.5,0.0,0.0,54.402,51.472,45.667,31875.6,37266.9,29755.0,7.01
2017-02-14 10:30:00,53.0,57.59,57.59,53.0,66953.4,4.59,8.66,53.354,50.039,44.383,58474.9,35390.8,29564.7,22.32
2017-02-13 15:00:00,52.35,52.35,52.35,52.35,649.72,0.0,0.0,51.354,48.606,43.1285,45142.8,28741.8,27942.1,0.22
2017-02-13 14:00:00,52.14,52.35,52.35,51.87,24639.5,0.21,0.4,50.402,47.697,42.133,45079.4,28727.9,29004.4,8.21
2017-02-13 11:30:00,52.34,52.35,52.13,52.1,46091.9,-0.21,-0.4,49.45,46.788,41.1235,40258.4,27326.9,28765.2,15.36
2017-02-13 10:30:00,52.35,52.35,52.35,46.66,154040.0,0.0,0.0,48.542,45.508,40.108,42658.1,22749.9,27388.1,51.35
2017-02-10 15:00:00,47.59,47.59,47.59,47.59,293.0,0.0,0.0,46.724,44.206,39.048,12306.7,7391.96,21914.9,0.1
2017-02-10 14:00:00,47.59,47.59,47.59,47.59,332.62,0.0,0.0,45.858,43.38,38.2035,12340.8,7426.28,22669.8,0.11
2017-02-10 11:30:00,47.59,47.59,47.59,47.59,534.31,0.0,0.0,44.992,42.554,37.3625,12376.3,16567.1,23128.9,0.18
2017-02-10 10:30:00,47.59,47.59,47.59,47.59,58090.6,0.0,0.0,44.126,41.37,36.52,14395.5,25483.9,23792.4,19.36
2017-02-09 15:00:00,43.26,43.26,43.26,43.26,2282.95,0.0,0.0,42.474,39.862,35.6545,2841.7,22243.1,24030.3,0.76
2017-02-09 14:00:00,43.26,43.26,43.26,43.26,463.31,0.0,0.0,41.688,38.727,35.107,2477.23,23738.5,24523.4,0.15
2017-02-09 11:30:00,43.26,43.26,43.26,43.26,510.53,0.0,0.0,40.902,37.651,34.544,2511.79,27142.3,25967.6,0.17
2017-02-09 10:30:00,43.26,43.26,43.26,43.26,10630.1,0.0,0.0,40.116,36.569,33.923,20757.9,29280.8,27630.3,3.54
2017-02-08 15:00:00,39.33,39.33,39.33,39.33,321.61,0.0,0.0,38.614,35.459,33.2105,36572.4,30203.5,29153.5,0.11
2017-02-08 14:00:00,39.33,39.33,39.33,39.33,460.62,0.0,0.0,37.25,34.708,32.7115,41644.4,32026.2,30815.9,0.15
2017-02-08 11:30:00,39.33,39.33,39.33,39.33,636.11,0.0,0.0,35.766,33.89,32.2065,44999.8,36437.8,31803.6,0.21
2017-02-08 10:30:00,34.9,39.33,39.33,34.8,91741.1,4.43,12.69,34.4,33.027,31.6845,51772.9,37913.3,32980.7,30.58
2017-02-07 15:00:00,32.59,35.75,35.75,32.4,89702.4,3.16,9.7,33.022,32.171,31.1545,37803.8,29690.7,30687.2,29.9
2017-02-07 14:00:00,31.9,32.77,32.51,31.5,25681.8,0.61,1.91,32.304,31.67,30.7925,23834.7,22100.9,27484.5,8.56
2017-02-07 11:30:00,32.5,32.56,31.91,31.81,17237.7,-0.59,-1.82,32.166,31.447,30.6155,22408.0,25817.6,27040.9,5.75
2017-02-07 10:30:00,32.35,32.89,32.5,31.72,34501.5,0.15,0.46,32.014,31.487,30.468,27875.8,25308.3,27328.3,11.5
2017-02-06 15:00:00,32.11,32.69,32.44,31.88,21895.4,0.33,1.03,31.654,31.437,30.2865,24053.6,24792.8,30657.9,7.3
2017-02-06 14:00:00,31.9,32.82,32.16,31.87,19856.9,0.26,0.82,31.32,31.277,30.0395,21577.6,25979.8,29564.0,6.62
2017-02-06 11:30:00,31.15,31.95,31.82,31.1,18548.6,0.67,2.15,31.036,30.962,29.8065,20367.1,28103.5,28572.1,6.18
2017-02-06 10:30:00,31.2,31.6,31.15,30.69,44576.5,-0.05,-0.16,30.728,30.715,29.5905,29227.3,29605.6,27645.4,14.86
2017-02-03 15:00:00,30.77,30.84,30.7,30.28,15390.8,-0.07,-0.23,30.96,30.523,29.408,22740.8,27169.4,25435.1,5.13
2017-02-03 14:00:00,30.7,31.29,30.77,30.59,9515.08,0.07,0.23,31.22,30.342,29.123,25532.0,28048.2,24670.5,3.17
2017-02-03 11:30:00,30.28,30.97,30.74,30.0,13804.5,0.46,1.52,31.234,30.138,28.8345,30382.0,31683.8,24196.3,4.6
2017-02-03 10:30:00,32.0,32.0,30.28,29.96,62849.4,-1.72,-5.38,30.888,29.915,28.5475,35839.9,32868.2,23508.3,20.95
2017-01-26 15:00:00,32.1,32.31,32.31,32.1,12144.0,0.21,0.65,30.702,29.784,28.2835,29983.9,28264.1,20392.3,4.05
2017-01-26 14:00:00,30.95,32.31,32.0,30.87,29346.8,1.05,3.39,30.086,29.449,27.8045,31598.1,29348.4,19790.4,9.78
2017-01-26 11:30:00,29.01,30.84,30.84,29.01,33765.4,1.83,6.31,29.464,29.136,27.341,30564.4,36523.0,18328.3,11.26
2017-01-26 10:30:00,29.1,29.8,29.01,28.97,41094.1,-0.09,-0.31,29.042,28.802,26.9355,32985.6,33148.3,16643.0,13.7
2017-01-25 15:00:00,29.24,30.16,29.35,29.11,33569.3,0.11,0.38,28.942,28.651,26.6215,29896.4,29040.6,14601.2,11.19
2017-01-25 14:00:00,28.9,29.46,29.23,28.86,20215.0,0.33,1.14,28.866,28.466,26.187,26544.2,25685.3,12923.0,6.74
2017-01-25 11:30:00,28.73,29.17,28.89,28.67,24178.3,0.16,0.56,28.812,28.293,25.7585,27098.7,23700.8,11912.5,8.06
2017-01-25 10:30:00,27.91,29.13,28.73,27.51,45871.2,0.82,2.94,28.808,27.904,25.347,42481.6,21292.8,10704.3,15.29
2017-01-24 15:00:00,28.98,29.07,28.51,28.33,25648.2,-0.47,-1.62,28.562,27.531,24.9435,33311.0,16708.8,8414.63,8.55
2017-01-24 14:00:00,28.94,29.2,28.97,28.78,16808.5,0.03,0.1,28.36,27.18,24.457,28184.9,14148.5,7133.74,5.6
2017-01-24 11:30:00,28.87,29.05,28.96,28.7,22987.2,0.09,0.31,28.066,26.783,23.9475,24826.4,12520.5,6293.53,7.66
2017-01-24 10:30:00,30.25,30.25,28.87,28.53,101093.0,-1.38,-4.56,27.774,26.16,23.4385,20302.9,10232.3,5144.87,33.7
2017-01-23 15:00:00,27.5,27.5,27.5,27.5,18.0,0.0,0.0,27.0,25.546,22.934,103.91,133.64,94.34,0.01
2017-01-23 14:00:00,27.5,27.5,27.5,27.5,17.62,0.0,0.0,26.5,25.069,22.4125,106.58,137.74,94.41,0.01
2017-01-23 11:30:00,27.5,27.5,27.5,27.5,16.0,0.0,0.0,26.0,24.592,21.891,112.05,161.79,93.73,0.01
2017-01-23 10:30:00,27.5,27.5,27.5,27.5,370.4,0.0,0.0,25.5,23.908,21.3695,214.58,160.62,93.94,0.12
2017-01-20 15:00:00,25.0,25.0,25.0,25.0,97.55,0.0,0.0,24.546,23.224,20.848,161.76,124.08,79.22,0.03
2017-01-20 14:00:00,25.0,25.0,25.0,25.0,31.31,0.0,0.0,24.092,22.79,20.374,163.37,115.91,74.34,0.01
2017-01-20 11:30:00,25.0,25.0,25.0,25.0,45.0,0.0,0.0,23.638,22.356,19.9,168.91,120.49,72.98,0.02
2017-01-20 10:30:00,25.0,25.0,25.0,25.0,528.62,0.0,0.0,23.184,21.734,19.426,211.52,119.03,70.73,0.18
2017-01-19 15:00:00,22.73,22.73,22.73,22.73,106.31,0.0,0.0,22.316,21.112,18.952,106.66,66.6,46.31,0.04
2017-01-19 14:00:00,22.73,22.73,22.73,22.73,105.62,0.0,0.0,21.902,20.717,18.521,86.39,57.4,42.25,0.04
2017-01-19 11:30:00,22.73,22.73,22.73,22.73,59.0,0.0,0.0,21.488,20.322,18.09,68.45,55.04,38.32,0.02
2017-01-19 10:30:00,22.73,22.73,22.73,22.73,258.04,0.0,0.0,21.074,19.756,17.659,72.07,51.07,36.48,0.09
2017-01-18 15:00:00,20.66,20.66,20.66,20.66,4.31,0.0,0.0,20.284,19.19,17.228,26.55,25.67,27.35,0.0
2017-01-18 14:00:00,20.66,20.66,20.66,20.66,5.0,0.0,0.0,19.908,18.831,17.0474,26.55,27.27,28.56,0.0
2017-01-18 11:30:00,20.66,20.66,20.66,20.66,15.89,0.0,0.0,19.532,18.472,16.8467,28.41,34.37,29.87,0.01
2017-01-18 10:30:00,20.66,20.66,20.66,20.66,77.11,0.0,0.0,19.156,17.958,16.6224,41.63,32.78,30.69,0.03
2017-01-17 15:00:00,18.78,18.78,18.78,18.78,30.42,0.0,0.0,18.438,17.444,16.37,30.07,25.47,27.79,0.01
2017-01-17 14:00:00,18.78,18.78,18.78,18.78,4.31,0.0,0.0,18.096,17.118,16.2093,24.79,22.42,27.61,0.0
2017-01-17 11:30:00,18.78,18.78,18.78,18.78,14.31,0.0,0.0,17.754,16.792,16.0257,27.99,26.02,29.28,0.0
2017-01-17 10:30:00,18.78,18.78,18.78,18.78,82.0,0.0,0.0,17.412,16.325,15.8138,40.32,27.09,30.43,0.03
2017-01-16 15:00:00,17.07,17.07,17.07,17.07,19.31,0.0,0.0,16.76,15.858,15.5667,23.92,21.59,26.13,0.01
2017-01-16 14:00:00,17.07,17.07,17.07,17.07,4.0,0.0,0.0,16.45,15.562,15.43,20.86,21.89,26.75,0.0
2017-01-16 11:30:00,17.07,17.07,17.07,17.07,20.31,0.0,0.0,16.14,15.266,15.266,20.06,29.02,29.02,0.01
2017-01-16 10:30:00,17.07,17.07,17.07,17.07,76.0,0.0,0.0,15.83,15.0656,15.0656,24.06,29.99,29.99,0.03
2017-01-13 15:00:00,15.52,15.52,15.52,15.52,0.0,0.0,0.0,15.238,14.815,14.815,13.86,24.24,24.24,0.0
2017-01-13 14:00:00,15.52,15.52,15.52,15.52,4.0,0.0,0.0,14.956,14.7143,14.7143,19.26,27.7,27.7,0.0
2017-01-13 11:30:00,15.52,15.52,15.52,15.52,0.0,0.0,0.0,14.674,14.58,14.58,22.92,31.66,31.66,0.0
2017-01-13 10:30:00,15.52,15.52,15.52,15.52,40.31,0.0,0.0,14.392,14.392,14.392,37.99,37.99,37.99,0.01
2017-01-12 15:00:00,14.11,14.11,14.11,14.11,25.0,0.0,0.0,14.11,14.11,14.11,37.41,37.41,37.41,0.01
2017-01-12 14:00:00,14.11,14.11,14.11,14.11,27.0,0.0,0.0,14.11,14.11,14.11,41.54,41.54,41.54,0.01
2017-01-12 11:30:00,14.11,14.11,14.11,14.11,22.31,0.0,0.0,14.11,14.11,14.11,48.81,48.81,48.81,0.01
2017-01-12 10:30:00,12.76,14.11,14.11,12.76,75.31,1.35,10.58,14.11,14.11,14.11,75.31,75.31,75.31,0.03
