date,open,high,close,low,volume,price_change,p_change,ma5,ma10,ma20,v_ma5,v_ma10,v_ma20,turnover
2017-06-30,22.07,26.94,24.8,21.8,558918.56,2.51,11.26,26.304,30.089,37.479,285236.09,207387.92,300610.8,124.2
2017-06-23,23.62,24.86,22.29,21.6,324186.06,-1.22,-5.19,27.162,30.949,38.619,195674.37,163621.48,294776.52,72.04
2017-06-16,32.06,36.75,23.51,22.8,326705.72,-9.13,-27.97,29.47,32.508,39.039,156564.32,148778.31,283763.93,72.6
2017-06-09,29.01,34.57,32.64,28.21,160636.89,4.36,15.42,31.612,34.431,39.479,118947.59,126409.8,288083.73,53.55
2017-06-02,30.1,30.75,28.28,26.55,55733.24,-0.81,-2.78,32.364,35.418,39.097,113152.07,138030.21,280132.36,18.58
2017-05-26,33.52,33.88,29.09,27.2,111109.96,-4.74,-14.01,33.874,37.643,38.459,129539.74,191843.08,277355.39,37.04
2017-05-19,34.32,35.88,33.83,32.8,128635.8,-0.39,-1.14,34.736,39.753,38.952,131568.59,215539.8,286105.15,42.88
2017-05-12,35.58,36.28,34.22,32.5,138622.06,-2.18,-5.99,35.546,40.921,39.237,140992.29,239761.42,294853.45,46.21
2017-05-05,35.62,38.49,36.4,34.7,131659.27,0.57,1.59,37.25,42.069,39.532,133872.02,267951.19,304043.53,43.89
2017-04-28,32.86,36.91,35.83,31.8,137671.59,2.43,7.28,38.472,43.467,39.728,162908.36,324407.61,314817.55,45.89
2017-04-21,35.02,36.0,33.4,32.16,121254.21,-4.48,-11.83,41.412,44.869,39.987,254146.41,393833.69,326627.28,40.42
2017-04-14,42.39,42.39,37.88,36.8,175754.31,-4.86,-11.37,44.77,46.288,40.458,299511.02,425931.57,341296.78,58.58
2017-04-07,41.96,44.23,42.74,40.0,103020.7,0.23,0.54,46.296,45.57,40.656,338530.55,418749.55,354030.82,34.34
2017-03-31,50.29,50.35,42.51,41.4,276840.97,-8.02,-15.87,46.888,44.527,40.483,402030.36,449757.66,374948.33,92.28
2017-03-24,49.0,55.88,50.53,48.65,593861.88,0.34,0.68,48.462,42.776,40.298,485906.87,422234.5,383867.18,197.95
2017-03-17,45.05,50.19,50.19,43.01,348077.22,4.68,10.28,48.326,39.275,39.275,533520.97,362867.71,362867.71,116.03
2017-03-10,45.25,50.0,45.51,44.99,370852.0,-0.19,-0.42,47.806,38.062,38.062,552352.11,364511.1,364511.1,123.62
2017-03-03,49.95,49.95,45.7,44.63,420519.75,-4.68,-9.29,44.844,37.131,37.131,498968.54,363718.48,363718.48,140.17
2017-02-24,47.5,54.44,50.38,45.59,696223.5,0.53,1.06,42.166,35.907,35.907,497484.95,355604.02,355604.02,232.07
2017-02-17,52.35,60.7,49.85,46.1,831932.38,2.26,4.75,37.09,33.495,33.495,358562.14,298834.1,298834.1,277.31
2017-02-10,31.0,47.59,47.59,30.62,442232.94,16.89,55.02,30.224,30.224,30.224,192214.45,192214.45,192214.45,147.41
2017-02-03,32.1,32.19,30.7,29.88,103934.11,-1.61,-4.98,25.883,25.883,25.883,129709.83,129709.83,129709.83,34.64
2017-01-26,27.5,32.31,32.31,27.5,413101.84,7.31,29.24,24.277,24.277,24.277,138301.73,138301.73,138301.73,137.7
2017-01-20,17.07,25.0,25.0,17.07,1609.42,9.48,61.08,20.26,20.26,20.26,901.68,901.68,901.68,0.54
2017-01-13,11.76,15.52,15.52,11.76,193.93,1.96,20.0,15.52,15.52,15.52,193.93,193.93,193.93,0.06
